0 0 -1
0 1 1
1 1 -1
1 2 1
2 2 -1
2 3 1
3 3 -1
3 4 1
4 4 -1
4 5 1
5 5 -1
5 6 1
6 6 -1
6 7 1
7 8 -1
7 9 1
8 9 -1
8 10 1
9 10 -1
9 11 1
10 11 -1
10 12 1
11 12 -1
11 13 1
12 13 -1
12 14 1
13 14 -1
13 15 1
14 16 -1
14 17 1
15 17 -1
15 18 1
16 18 -1
16 19 1
17 19 -1
17 20 1
18 20 -1
18 21 1
19 21 -1
19 22 1
20 22 -1
20 23 1
21 24 -1
21 25 1
22 25 -1
22 26 1
23 26 -1
23 27 1
24 27 -1
24 28 1
25 28 -1
25 29 1
26 29 -1
26 30 1
27 30 -1
27 31 1
28 32 -1
28 33 1
29 33 -1
29 34 1
30 34 -1
30 35 1
31 35 -1
31 36 1
32 36 -1
32 37 1
33 37 -1
33 38 1
34 38 -1
34 39 1
35 40 -1
35 41 1
36 41 -1
36 42 1
37 42 -1
37 43 1
38 43 -1
38 44 1
39 44 -1
39 45 1
40 45 -1
40 46 1
41 46 -1
41 47 1
42 48 -1
42 49 1
43 49 -1
43 50 1
44 50 -1
44 51 1
45 51 -1
45 52 1
46 52 -1
46 53 1
47 53 -1
47 54 1
48 54 -1
48 55 1
49 56 -1
49 57 1
50 57 -1
50 58 1
51 58 -1
51 59 1
52 59 -1
52 60 1
53 60 -1
53 61 1
54 61 -1
54 62 1
55 62 -1
55 63 1
56 64 -1
56 65 1
57 65 -1
57 66 1
58 66 -1
58 67 1
59 67 -1
59 68 1
60 68 -1
60 69 1
61 69 -1
61 70 1
62 70 -1
62 71 1
63 72 -1
63 73 1
64 73 -1
64 74 1
65 74 -1
65 75 1
66 75 -1
66 76 1
67 76 -1
67 77 1
68 77 -1
68 78 1
69 78 -1
69 79 1
70 80 -1
70 81 1
71 81 -1
71 82 1
72 82 -1
72 83 1
73 83 -1
73 84 1
74 84 -1
74 85 1
75 85 -1
75 86 1
76 86 -1
76 87 1
77 88 -1
77 89 1
78 89 -1
78 90 1
79 90 -1
79 91 1
80 91 -1
80 92 1
81 92 -1
81 93 1
82 93 -1
82 94 1
83 94 -1
83 95 1
84 96 -1
84 97 1
85 97 -1
85 98 1
86 98 -1
86 99 1
87 99 -1
87 100 1
88 100 -1
88 101 1
89 101 -1
89 102 1
90 102 -1
90 103 1
91 104 -1
91 105 1
92 105 -1
92 106 1
93 106 -1
93 107 1
94 107 -1
94 108 1
95 108 -1
95 109 1
96 109 -1
96 110 1
97 110 -1
97 111 1
98 112 -1
98 113 1
99 113 -1
99 114 1
100 114 -1
100 115 1
101 115 -1
101 116 1
102 116 -1
102 117 1
103 117 -1
103 118 1
104 118 -1
104 119 1
105 120 -1
105 121 1
106 121 -1
106 122 1
107 122 -1
107 123 1
108 123 -1
108 124 1
109 124 -1
109 125 1
110 125 -1
110 126 1
111 126 -1
111 127 1
112 128 -1
112 129 1
113 129 -1
113 130 1
114 130 -1
114 131 1
115 131 -1
115 132 1
116 132 -1
116 133 1
117 133 -1
117 134 1
118 134 -1
118 135 1
119 136 -1
119 137 1
120 137 -1
120 138 1
121 138 -1
121 139 1
122 139 -1
122 140 1
123 140 -1
123 141 1
124 141 -1
124 142 1
125 142 -1
125 143 1
126 144 -1
126 145 1
127 145 -1
127 146 1
128 146 -1
128 147 1
129 147 -1
129 148 1
130 148 -1
130 149 1
131 149 -1
131 150 1
132 150 -1
132 151 1
133 152 -1
133 153 1
134 153 -1
134 154 1
135 154 -1
135 155 1
136 155 -1
136 156 1
137 156 -1
137 157 1
138 157 -1
138 158 1
139 158 -1
139 159 1
140 160 -1
140 161 1
141 161 -1
141 162 1
142 162 -1
142 163 1
143 163 -1
143 164 1
144 164 -1
144 165 1
145 165 -1
145 166 1
146 166 -1
146 167 1
147 168 -1
147 169 1
148 169 -1
148 170 1
149 170 -1
149 171 1
150 171 -1
150 172 1
151 172 -1
151 173 1
152 173 -1
152 174 1
153 174 -1
153 175 1
154 176 -1
154 177 1
155 177 -1
155 178 1
156 178 -1
156 179 1
157 179 -1
157 180 1
158 180 -1
158 181 1
159 181 -1
159 182 1
160 182 -1
160 183 1
161 184 -1
161 185 1
162 185 -1
162 186 1
163 186 -1
163 187 1
164 187 -1
164 188 1
165 188 -1
165 189 1
166 189 -1
166 190 1
167 190 -1
167 191 1
168 192 -1
168 193 1
169 193 -1
169 194 1
170 194 -1
170 195 1
171 195 -1
171 196 1
172 196 -1
172 197 1
173 197 -1
173 198 1
174 198 -1
174 199 1
175 200 -1
175 201 1
176 201 -1
176 202 1
177 202 -1
177 203 1
178 203 -1
178 204 1
179 204 -1
179 205 1
180 205 -1
180 206 1
181 206 -1
181 207 1
182 208 -1
182 209 1
183 209 -1
183 210 1
184 210 -1
184 211 1
185 211 -1
185 212 1
186 212 -1
186 213 1
187 213 -1
187 214 1
188 214 -1
188 215 1
189 216 -1
189 217 1
190 217 -1
190 218 1
191 218 -1
191 219 1
192 219 -1
192 220 1
193 220 -1
193 221 1
194 221 -1
194 222 1
195 222 -1
195 223 1
196 224 -1
196 225 1
197 225 -1
197 226 1
198 226 -1
198 227 1
199 227 -1
199 228 1
200 228 -1
200 229 1
201 229 -1
201 230 1
202 230 -1
202 231 1
203 232 -1
203 233 1
204 233 -1
204 234 1
205 234 -1
205 235 1
206 235 -1
206 236 1
207 236 -1
207 237 1
208 237 -1
208 238 1
209 238 -1
209 239 1
210 240 -1
210 241 1
211 241 -1
211 242 1
212 242 -1
212 243 1
213 243 -1
213 244 1
214 244 -1
214 245 1
215 245 -1
215 246 1
216 246 -1
216 247 1
217 248 -1
217 249 1
218 249 -1
218 250 1
219 250 -1
219 251 1
220 251 -1
220 252 1
221 252 -1
221 253 1
222 253 -1
222 254 1
223 254 -1
223 255 1
224 256 -1
224 257 1
225 257 -1
225 258 1
226 258 -1
226 259 1
227 259 -1
227 260 1
228 260 -1
228 261 1
229 261 -1
229 262 1
230 262 -1
230 263 1
231 264 -1
231 265 1
232 265 -1
232 266 1
233 266 -1
233 267 1
234 267 -1
234 268 1
235 268 -1
235 269 1
236 269 -1
236 270 1
237 270 -1
237 271 1
238 272 -1
238 273 1
239 273 -1
239 274 1
240 274 -1
240 275 1
241 275 -1
241 276 1
242 276 -1
242 277 1
243 277 -1
243 278 1
244 278 -1
244 279 1
245 280 -1
245 281 1
246 281 -1
246 282 1
247 282 -1
247 283 1
248 283 -1
248 284 1
249 284 -1
249 285 1
250 285 -1
250 286 1
251 286 -1
251 287 1
252 288 -1
252 289 1
253 289 -1
253 290 1
254 290 -1
254 291 1
255 291 -1
255 292 1
256 292 -1
256 293 1
257 293 -1
257 294 1
258 294 -1
258 295 1
259 296 -1
259 297 1
260 297 -1
260 298 1
261 298 -1
261 299 1
262 299 -1
262 300 1
263 300 -1
263 301 1
264 301 -1
264 302 1
265 302 -1
265 303 1
266 304 -1
266 305 1
267 305 -1
267 306 1
268 306 -1
268 307 1
269 307 -1
269 308 1
270 308 -1
270 309 1
271 309 -1
271 310 1
272 310 -1
272 311 1
273 312 -1
273 313 1
274 313 -1
274 314 1
275 314 -1
275 315 1
276 315 -1
276 316 1
277 316 -1
277 317 1
278 317 -1
278 318 1
279 318 -1
279 319 1
280 320 -1
280 321 1
281 321 -1
281 322 1
282 322 -1
282 323 1
283 323 -1
283 324 1
284 324 -1
284 325 1
285 325 -1
285 326 1
286 326 -1
286 327 1
287 328 -1
287 329 1
288 329 -1
288 330 1
289 330 -1
289 331 1
290 331 -1
290 332 1
291 332 -1
291 333 1
292 333 -1
292 334 1
293 334 -1
293 335 1
294 336 -1
294 337 1
295 337 -1
295 338 1
296 338 -1
296 339 1
297 339 -1
297 340 1
298 340 -1
298 341 1
299 341 -1
299 342 1
300 342 -1
300 343 1
301 344 -1
301 345 1
302 345 -1
302 346 1
303 346 -1
303 347 1
304 347 -1
304 348 1
305 348 -1
305 349 1
306 349 -1
306 350 1
307 350 -1
307 351 1
308 352 -1
308 353 1
309 353 -1
309 354 1
310 354 -1
310 355 1
311 355 -1
311 356 1
312 356 -1
312 357 1
313 357 -1
313 358 1
314 358 -1
314 359 1
315 360 -1
315 361 1
316 361 -1
316 362 1
317 362 -1
317 363 1
318 363 -1
318 364 1
319 364 -1
319 365 1
320 365 -1
320 366 1
321 366 -1
321 367 1
322 368 -1
322 369 1
323 369 -1
323 370 1
324 370 -1
324 371 1
325 371 -1
325 372 1
326 372 -1
326 373 1
327 373 -1
327 374 1
328 374 -1
328 375 1
329 376 -1
329 377 1
330 377 -1
330 378 1
331 378 -1
331 379 1
332 379 -1
332 380 1
333 380 -1
333 381 1
334 381 -1
334 382 1
335 382 -1
335 383 1
336 384 -1
336 385 1
337 385 -1
337 386 1
338 386 -1
338 387 1
339 387 -1
339 388 1
340 388 -1
340 389 1
341 389 -1
341 390 1
342 390 -1
342 391 1
0 392 -1
1 393 -1
2 394 -1
3 395 -1
4 396 -1
5 397 -1
6 398 -1
0 399 1
7 399 -1
1 400 1
8 400 -1
2 401 1
9 401 -1
3 402 1
10 402 -1
4 403 1
11 403 -1
5 404 1
12 404 -1
6 405 1
13 405 -1
7 406 1
14 406 -1
8 407 1
15 407 -1
9 408 1
16 408 -1
10 409 1
17 409 -1
11 410 1
18 410 -1
12 411 1
19 411 -1
13 412 1
20 412 -1
14 413 1
21 413 -1
15 414 1
22 414 -1
16 415 1
23 415 -1
17 416 1
24 416 -1
18 417 1
25 417 -1
19 418 1
26 418 -1
20 419 1
27 419 -1
21 420 1
28 420 -1
22 421 1
29 421 -1
23 422 1
30 422 -1
24 423 1
31 423 -1
25 424 1
32 424 -1
26 425 1
33 425 -1
27 426 1
34 426 -1
28 427 1
35 427 -1
29 428 1
36 428 -1
30 429 1
37 429 -1
31 430 1
38 430 -1
32 431 1
39 431 -1
33 432 1
40 432 -1
34 433 1
41 433 -1
35 434 1
42 434 -1
36 435 1
43 435 -1
37 436 1
44 436 -1
38 437 1
45 437 -1
39 438 1
46 438 -1
40 439 1
47 439 -1
41 440 1
48 440 -1
42 441 1
43 442 1
44 443 1
45 444 1
46 445 1
47 446 1
48 447 1
49 448 -1
50 449 -1
51 450 -1
52 451 -1
53 452 -1
54 453 -1
55 454 -1
49 455 1
56 455 -1
50 456 1
57 456 -1
51 457 1
58 457 -1
52 458 1
59 458 -1
53 459 1
60 459 -1
54 460 1
61 460 -1
55 461 1
62 461 -1
56 462 1
63 462 -1
57 463 1
64 463 -1
58 464 1
65 464 -1
59 465 1
66 465 -1
60 466 1
67 466 -1
61 467 1
68 467 -1
62 468 1
69 468 -1
63 469 1
70 469 -1
64 470 1
71 470 -1
65 471 1
72 471 -1
66 472 1
73 472 -1
67 473 1
74 473 -1
68 474 1
75 474 -1
69 475 1
76 475 -1
70 476 1
77 476 -1
71 477 1
78 477 -1
72 478 1
79 478 -1
73 479 1
80 479 -1
74 480 1
81 480 -1
75 481 1
82 481 -1
76 482 1
83 482 -1
77 483 1
84 483 -1
78 484 1
85 484 -1
79 485 1
86 485 -1
80 486 1
87 486 -1
81 487 1
88 487 -1
82 488 1
89 488 -1
83 489 1
90 489 -1
84 490 1
91 490 -1
85 491 1
92 491 -1
86 492 1
93 492 -1
87 493 1
94 493 -1
88 494 1
95 494 -1
89 495 1
96 495 -1
90 496 1
97 496 -1
91 497 1
92 498 1
93 499 1
94 500 1
95 501 1
96 502 1
97 503 1
98 504 -1
99 505 -1
100 506 -1
101 507 -1
102 508 -1
103 509 -1
104 510 -1
98 511 1
105 511 -1
99 512 1
106 512 -1
100 513 1
107 513 -1
101 514 1
108 514 -1
102 515 1
109 515 -1
103 516 1
110 516 -1
104 517 1
111 517 -1
105 518 1
112 518 -1
106 519 1
113 519 -1
107 520 1
114 520 -1
108 521 1
115 521 -1
109 522 1
116 522 -1
110 523 1
117 523 -1
111 524 1
118 524 -1
112 525 1
119 525 -1
113 526 1
120 526 -1
114 527 1
121 527 -1
115 528 1
122 528 -1
116 529 1
123 529 -1
117 530 1
124 530 -1
118 531 1
125 531 -1
119 532 1
126 532 -1
120 533 1
127 533 -1
121 534 1
128 534 -1
122 535 1
129 535 -1
123 536 1
130 536 -1
124 537 1
131 537 -1
125 538 1
132 538 -1
126 539 1
133 539 -1
127 540 1
134 540 -1
128 541 1
135 541 -1
129 542 1
136 542 -1
130 543 1
137 543 -1
131 544 1
138 544 -1
132 545 1
139 545 -1
133 546 1
140 546 -1
134 547 1
141 547 -1
135 548 1
142 548 -1
136 549 1
143 549 -1
137 550 1
144 550 -1
138 551 1
145 551 -1
139 552 1
146 552 -1
140 553 1
141 554 1
142 555 1
143 556 1
144 557 1
145 558 1
146 559 1
147 560 -1
148 561 -1
149 562 -1
150 563 -1
151 564 -1
152 565 -1
153 566 -1
147 567 1
154 567 -1
148 568 1
155 568 -1
149 569 1
156 569 -1
150 570 1
157 570 -1
151 571 1
158 571 -1
152 572 1
159 572 -1
153 573 1
160 573 -1
154 574 1
161 574 -1
155 575 1
162 575 -1
156 576 1
163 576 -1
157 577 1
164 577 -1
158 578 1
165 578 -1
159 579 1
166 579 -1
160 580 1
167 580 -1
161 581 1
168 581 -1
162 582 1
169 582 -1
163 583 1
170 583 -1
164 584 1
171 584 -1
165 585 1
172 585 -1
166 586 1
173 586 -1
167 587 1
174 587 -1
168 588 1
175 588 -1
169 589 1
176 589 -1
170 590 1
177 590 -1
171 591 1
178 591 -1
172 592 1
179 592 -1
173 593 1
180 593 -1
174 594 1
181 594 -1
175 595 1
182 595 -1
176 596 1
183 596 -1
177 597 1
184 597 -1
178 598 1
185 598 -1
179 599 1
186 599 -1
180 600 1
187 600 -1
181 601 1
188 601 -1
182 602 1
189 602 -1
183 603 1
190 603 -1
184 604 1
191 604 -1
185 605 1
192 605 -1
186 606 1
193 606 -1
187 607 1
194 607 -1
188 608 1
195 608 -1
189 609 1
190 610 1
191 611 1
192 612 1
193 613 1
194 614 1
195 615 1
196 616 -1
197 617 -1
198 618 -1
199 619 -1
200 620 -1
201 621 -1
202 622 -1
196 623 1
203 623 -1
197 624 1
204 624 -1
198 625 1
205 625 -1
199 626 1
206 626 -1
200 627 1
207 627 -1
201 628 1
208 628 -1
202 629 1
209 629 -1
203 630 1
210 630 -1
204 631 1
211 631 -1
205 632 1
212 632 -1
206 633 1
213 633 -1
207 634 1
214 634 -1
208 635 1
215 635 -1
209 636 1
216 636 -1
210 637 1
217 637 -1
211 638 1
218 638 -1
212 639 1
219 639 -1
213 640 1
220 640 -1
214 641 1
221 641 -1
215 642 1
222 642 -1
216 643 1
223 643 -1
217 644 1
224 644 -1
218 645 1
225 645 -1
219 646 1
226 646 -1
220 647 1
227 647 -1
221 648 1
228 648 -1
222 649 1
229 649 -1
223 650 1
230 650 -1
224 651 1
231 651 -1
225 652 1
232 652 -1
226 653 1
233 653 -1
227 654 1
234 654 -1
228 655 1
235 655 -1
229 656 1
236 656 -1
230 657 1
237 657 -1
231 658 1
238 658 -1
232 659 1
239 659 -1
233 660 1
240 660 -1
234 661 1
241 661 -1
235 662 1
242 662 -1
236 663 1
243 663 -1
237 664 1
244 664 -1
238 665 1
239 666 1
240 667 1
241 668 1
242 669 1
243 670 1
244 671 1
245 672 -1
246 673 -1
247 674 -1
248 675 -1
249 676 -1
250 677 -1
251 678 -1
245 679 1
252 679 -1
246 680 1
253 680 -1
247 681 1
254 681 -1
248 682 1
255 682 -1
249 683 1
256 683 -1
250 684 1
257 684 -1
251 685 1
258 685 -1
252 686 1
259 686 -1
253 687 1
260 687 -1
254 688 1
261 688 -1
255 689 1
262 689 -1
256 690 1
263 690 -1
257 691 1
264 691 -1
258 692 1
265 692 -1
259 693 1
266 693 -1
260 694 1
267 694 -1
261 695 1
268 695 -1
262 696 1
269 696 -1
263 697 1
270 697 -1
264 698 1
271 698 -1
265 699 1
272 699 -1
266 700 1
273 700 -1
267 701 1
274 701 -1
268 702 1
275 702 -1
269 703 1
276 703 -1
270 704 1
277 704 -1
271 705 1
278 705 -1
272 706 1
279 706 -1
273 707 1
280 707 -1
274 708 1
281 708 -1
275 709 1
282 709 -1
276 710 1
283 710 -1
277 711 1
284 711 -1
278 712 1
285 712 -1
279 713 1
286 713 -1
280 714 1
287 714 -1
281 715 1
288 715 -1
282 716 1
289 716 -1
283 717 1
290 717 -1
284 718 1
291 718 -1
285 719 1
292 719 -1
286 720 1
293 720 -1
287 721 1
288 722 1
289 723 1
290 724 1
291 725 1
292 726 1
293 727 1
294 728 -1
295 729 -1
296 730 -1
297 731 -1
298 732 -1
299 733 -1
300 734 -1
294 735 1
301 735 -1
295 736 1
302 736 -1
296 737 1
303 737 -1
297 738 1
304 738 -1
298 739 1
305 739 -1
299 740 1
306 740 -1
300 741 1
307 741 -1
301 742 1
308 742 -1
302 743 1
309 743 -1
303 744 1
310 744 -1
304 745 1
311 745 -1
305 746 1
312 746 -1
306 747 1
313 747 -1
307 748 1
314 748 -1
308 749 1
315 749 -1
309 750 1
316 750 -1
310 751 1
317 751 -1
311 752 1
318 752 -1
312 753 1
319 753 -1
313 754 1
320 754 -1
314 755 1
321 755 -1
315 756 1
322 756 -1
316 757 1
323 757 -1
317 758 1
324 758 -1
318 759 1
325 759 -1
319 760 1
326 760 -1
320 761 1
327 761 -1
321 762 1
328 762 -1
322 763 1
329 763 -1
323 764 1
330 764 -1
324 765 1
331 765 -1
325 766 1
332 766 -1
326 767 1
333 767 -1
327 768 1
334 768 -1
328 769 1
335 769 -1
329 770 1
336 770 -1
330 771 1
337 771 -1
331 772 1
338 772 -1
332 773 1
339 773 -1
333 774 1
340 774 -1
334 775 1
341 775 -1
335 776 1
342 776 -1
336 777 1
337 778 1
338 779 1
339 780 1
340 781 1
341 782 1
342 783 1
0 784 -1
1 785 -1
2 786 -1
3 787 -1
4 788 -1
5 789 -1
6 790 -1
7 791 -1
8 792 -1
9 793 -1
10 794 -1
11 795 -1
12 796 -1
13 797 -1
14 798 -1
15 799 -1
16 800 -1
17 801 -1
18 802 -1
19 803 -1
20 804 -1
21 805 -1
22 806 -1
23 807 -1
24 808 -1
25 809 -1
26 810 -1
27 811 -1
28 812 -1
29 813 -1
30 814 -1
31 815 -1
32 816 -1
33 817 -1
34 818 -1
35 819 -1
36 820 -1
37 821 -1
38 822 -1
39 823 -1
40 824 -1
41 825 -1
42 826 -1
43 827 -1
44 828 -1
45 829 -1
46 830 -1
47 831 -1
48 832 -1
0 833 1
49 833 -1
1 834 1
50 834 -1
2 835 1
51 835 -1
3 836 1
52 836 -1
4 837 1
53 837 -1
5 838 1
54 838 -1
6 839 1
55 839 -1
7 840 1
56 840 -1
8 841 1
57 841 -1
9 842 1
58 842 -1
10 843 1
59 843 -1
11 844 1
60 844 -1
12 845 1
61 845 -1
13 846 1
62 846 -1
14 847 1
63 847 -1
15 848 1
64 848 -1
16 849 1
65 849 -1
17 850 1
66 850 -1
18 851 1
67 851 -1
19 852 1
68 852 -1
20 853 1
69 853 -1
21 854 1
70 854 -1
22 855 1
71 855 -1
23 856 1
72 856 -1
24 857 1
73 857 -1
25 858 1
74 858 -1
26 859 1
75 859 -1
27 860 1
76 860 -1
28 861 1
77 861 -1
29 862 1
78 862 -1
30 863 1
79 863 -1
31 864 1
80 864 -1
32 865 1
81 865 -1
33 866 1
82 866 -1
34 867 1
83 867 -1
35 868 1
84 868 -1
36 869 1
85 869 -1
37 870 1
86 870 -1
38 871 1
87 871 -1
39 872 1
88 872 -1
40 873 1
89 873 -1
41 874 1
90 874 -1
42 875 1
91 875 -1
43 876 1
92 876 -1
44 877 1
93 877 -1
45 878 1
94 878 -1
46 879 1
95 879 -1
47 880 1
96 880 -1
48 881 1
97 881 -1
49 882 1
98 882 -1
50 883 1
99 883 -1
51 884 1
100 884 -1
52 885 1
101 885 -1
53 886 1
102 886 -1
54 887 1
103 887 -1
55 888 1
104 888 -1
56 889 1
105 889 -1
57 890 1
106 890 -1
58 891 1
107 891 -1
59 892 1
108 892 -1
60 893 1
109 893 -1
61 894 1
110 894 -1
62 895 1
111 895 -1
63 896 1
112 896 -1
64 897 1
113 897 -1
65 898 1
114 898 -1
66 899 1
115 899 -1
67 900 1
116 900 -1
68 901 1
117 901 -1
69 902 1
118 902 -1
70 903 1
119 903 -1
71 904 1
120 904 -1
72 905 1
121 905 -1
73 906 1
122 906 -1
74 907 1
123 907 -1
75 908 1
124 908 -1
76 909 1
125 909 -1
77 910 1
126 910 -1
78 911 1
127 911 -1
79 912 1
128 912 -1
80 913 1
129 913 -1
81 914 1
130 914 -1
82 915 1
131 915 -1
83 916 1
132 916 -1
84 917 1
133 917 -1
85 918 1
134 918 -1
86 919 1
135 919 -1
87 920 1
136 920 -1
88 921 1
137 921 -1
89 922 1
138 922 -1
90 923 1
139 923 -1
91 924 1
140 924 -1
92 925 1
141 925 -1
93 926 1
142 926 -1
94 927 1
143 927 -1
95 928 1
144 928 -1
96 929 1
145 929 -1
97 930 1
146 930 -1
98 931 1
147 931 -1
99 932 1
148 932 -1
100 933 1
149 933 -1
101 934 1
150 934 -1
102 935 1
151 935 -1
103 936 1
152 936 -1
104 937 1
153 937 -1
105 938 1
154 938 -1
106 939 1
155 939 -1
107 940 1
156 940 -1
108 941 1
157 941 -1
109 942 1
158 942 -1
110 943 1
159 943 -1
111 944 1
160 944 -1
112 945 1
161 945 -1
113 946 1
162 946 -1
114 947 1
163 947 -1
115 948 1
164 948 -1
116 949 1
165 949 -1
117 950 1
166 950 -1
118 951 1
167 951 -1
119 952 1
168 952 -1
120 953 1
169 953 -1
121 954 1
170 954 -1
122 955 1
171 955 -1
123 956 1
172 956 -1
124 957 1
173 957 -1
125 958 1
174 958 -1
126 959 1
175 959 -1
127 960 1
176 960 -1
128 961 1
177 961 -1
129 962 1
178 962 -1
130 963 1
179 963 -1
131 964 1
180 964 -1
132 965 1
181 965 -1
133 966 1
182 966 -1
134 967 1
183 967 -1
135 968 1
184 968 -1
136 969 1
185 969 -1
137 970 1
186 970 -1
138 971 1
187 971 -1
139 972 1
188 972 -1
140 973 1
189 973 -1
141 974 1
190 974 -1
142 975 1
191 975 -1
143 976 1
192 976 -1
144 977 1
193 977 -1
145 978 1
194 978 -1
146 979 1
195 979 -1
147 980 1
196 980 -1
148 981 1
197 981 -1
149 982 1
198 982 -1
150 983 1
199 983 -1
151 984 1
200 984 -1
152 985 1
201 985 -1
153 986 1
202 986 -1
154 987 1
203 987 -1
155 988 1
204 988 -1
156 989 1
205 989 -1
157 990 1
206 990 -1
158 991 1
207 991 -1
159 992 1
208 992 -1
160 993 1
209 993 -1
161 994 1
210 994 -1
162 995 1
211 995 -1
163 996 1
212 996 -1
164 997 1
213 997 -1
165 998 1
214 998 -1
166 999 1
215 999 -1
167 1000 1
216 1000 -1
168 1001 1
217 1001 -1
169 1002 1
218 1002 -1
170 1003 1
219 1003 -1
171 1004 1
220 1004 -1
172 1005 1
221 1005 -1
173 1006 1
222 1006 -1
174 1007 1
223 1007 -1
175 1008 1
224 1008 -1
176 1009 1
225 1009 -1
177 1010 1
226 1010 -1
178 1011 1
227 1011 -1
179 1012 1
228 1012 -1
180 1013 1
229 1013 -1
181 1014 1
230 1014 -1
182 1015 1
231 1015 -1
183 1016 1
232 1016 -1
184 1017 1
233 1017 -1
185 1018 1
234 1018 -1
186 1019 1
235 1019 -1
187 1020 1
236 1020 -1
188 1021 1
237 1021 -1
189 1022 1
238 1022 -1
190 1023 1
239 1023 -1
191 1024 1
240 1024 -1
192 1025 1
241 1025 -1
193 1026 1
242 1026 -1
194 1027 1
243 1027 -1
195 1028 1
244 1028 -1
196 1029 1
245 1029 -1
197 1030 1
246 1030 -1
198 1031 1
247 1031 -1
199 1032 1
248 1032 -1
200 1033 1
249 1033 -1
201 1034 1
250 1034 -1
202 1035 1
251 1035 -1
203 1036 1
252 1036 -1
204 1037 1
253 1037 -1
205 1038 1
254 1038 -1
206 1039 1
255 1039 -1
207 1040 1
256 1040 -1
208 1041 1
257 1041 -1
209 1042 1
258 1042 -1
210 1043 1
259 1043 -1
211 1044 1
260 1044 -1
212 1045 1
261 1045 -1
213 1046 1
262 1046 -1
214 1047 1
263 1047 -1
215 1048 1
264 1048 -1
216 1049 1
265 1049 -1
217 1050 1
266 1050 -1
218 1051 1
267 1051 -1
219 1052 1
268 1052 -1
220 1053 1
269 1053 -1
221 1054 1
270 1054 -1
222 1055 1
271 1055 -1
223 1056 1
272 1056 -1
224 1057 1
273 1057 -1
225 1058 1
274 1058 -1
226 1059 1
275 1059 -1
227 1060 1
276 1060 -1
228 1061 1
277 1061 -1
229 1062 1
278 1062 -1
230 1063 1
279 1063 -1
231 1064 1
280 1064 -1
232 1065 1
281 1065 -1
233 1066 1
282 1066 -1
234 1067 1
283 1067 -1
235 1068 1
284 1068 -1
236 1069 1
285 1069 -1
237 1070 1
286 1070 -1
238 1071 1
287 1071 -1
239 1072 1
288 1072 -1
240 1073 1
289 1073 -1
241 1074 1
290 1074 -1
242 1075 1
291 1075 -1
243 1076 1
292 1076 -1
244 1077 1
293 1077 -1
245 1078 1
294 1078 -1
246 1079 1
295 1079 -1
247 1080 1
296 1080 -1
248 1081 1
297 1081 -1
249 1082 1
298 1082 -1
250 1083 1
299 1083 -1
251 1084 1
300 1084 -1
252 1085 1
301 1085 -1
253 1086 1
302 1086 -1
254 1087 1
303 1087 -1
255 1088 1
304 1088 -1
256 1089 1
305 1089 -1
257 1090 1
306 1090 -1
258 1091 1
307 1091 -1
259 1092 1
308 1092 -1
260 1093 1
309 1093 -1
261 1094 1
310 1094 -1
262 1095 1
311 1095 -1
263 1096 1
312 1096 -1
264 1097 1
313 1097 -1
265 1098 1
314 1098 -1
266 1099 1
315 1099 -1
267 1100 1
316 1100 -1
268 1101 1
317 1101 -1
269 1102 1
318 1102 -1
270 1103 1
319 1103 -1
271 1104 1
320 1104 -1
272 1105 1
321 1105 -1
273 1106 1
322 1106 -1
274 1107 1
323 1107 -1
275 1108 1
324 1108 -1
276 1109 1
325 1109 -1
277 1110 1
326 1110 -1
278 1111 1
327 1111 -1
279 1112 1
328 1112 -1
280 1113 1
329 1113 -1
281 1114 1
330 1114 -1
282 1115 1
331 1115 -1
283 1116 1
332 1116 -1
284 1117 1
333 1117 -1
285 1118 1
334 1118 -1
286 1119 1
335 1119 -1
287 1120 1
336 1120 -1
288 1121 1
337 1121 -1
289 1122 1
338 1122 -1
290 1123 1
339 1123 -1
291 1124 1
340 1124 -1
292 1125 1
341 1125 -1
293 1126 1
342 1126 -1
294 1127 1
295 1128 1
296 1129 1
297 1130 1
298 1131 1
299 1132 1
300 1133 1
301 1134 1
302 1135 1
303 1136 1
304 1137 1
305 1138 1
306 1139 1
307 1140 1
308 1141 1
309 1142 1
310 1143 1
311 1144 1
312 1145 1
313 1146 1
314 1147 1
315 1148 1
316 1149 1
317 1150 1
318 1151 1
319 1152 1
320 1153 1
321 1154 1
322 1155 1
323 1156 1
324 1157 1
325 1158 1
326 1159 1
327 1160 1
328 1161 1
329 1162 1
330 1163 1
331 1164 1
332 1165 1
333 1166 1
334 1167 1
335 1168 1
336 1169 1
337 1170 1
338 1171 1
339 1172 1
340 1173 1
341 1174 1
342 1175 1
