0 0 -1
448 0 -1
896 0 -1
0 1 1
1 1 -1
449 1 -1
897 1 -1
1 2 1
2 2 -1
450 2 -1
898 2 -1
2 3 1
3 3 -1
451 3 -1
899 3 -1
3 4 1
4 4 -1
452 4 -1
900 4 -1
4 5 1
5 5 -1
453 5 -1
901 5 -1
5 6 1
6 6 -1
454 6 -1
902 6 -1
6 7 1
455 7 -1
903 7 -1
7 8 -1
448 8 1
456 8 -1
904 8 -1
7 9 1
8 9 -1
449 9 1
457 9 -1
905 9 -1
8 10 1
9 10 -1
450 10 1
458 10 -1
906 10 -1
9 11 1
10 11 -1
451 11 1
459 11 -1
907 11 -1
10 12 1
11 12 -1
452 12 1
460 12 -1
908 12 -1
11 13 1
12 13 -1
453 13 1
461 13 -1
909 13 -1
12 14 1
13 14 -1
454 14 1
462 14 -1
910 14 -1
13 15 1
455 15 1
463 15 -1
911 15 -1
14 16 -1
456 16 1
464 16 -1
912 16 -1
14 17 1
15 17 -1
457 17 1
465 17 -1
913 17 -1
15 18 1
16 18 -1
458 18 1
466 18 -1
914 18 -1
16 19 1
17 19 -1
459 19 1
467 19 -1
915 19 -1
17 20 1
18 20 -1
460 20 1
468 20 -1
916 20 -1
18 21 1
19 21 -1
461 21 1
469 21 -1
917 21 -1
19 22 1
20 22 -1
462 22 1
470 22 -1
918 22 -1
20 23 1
463 23 1
471 23 -1
919 23 -1
21 24 -1
464 24 1
472 24 -1
920 24 -1
21 25 1
22 25 -1
465 25 1
473 25 -1
921 25 -1
22 26 1
23 26 -1
466 26 1
474 26 -1
922 26 -1
23 27 1
24 27 -1
467 27 1
475 27 -1
923 27 -1
24 28 1
25 28 -1
468 28 1
476 28 -1
924 28 -1
25 29 1
26 29 -1
469 29 1
477 29 -1
925 29 -1
26 30 1
27 30 -1
470 30 1
478 30 -1
926 30 -1
27 31 1
471 31 1
479 31 -1
927 31 -1
28 32 -1
472 32 1
480 32 -1
928 32 -1
28 33 1
29 33 -1
473 33 1
481 33 -1
929 33 -1
29 34 1
30 34 -1
474 34 1
482 34 -1
930 34 -1
30 35 1
31 35 -1
475 35 1
483 35 -1
931 35 -1
31 36 1
32 36 -1
476 36 1
484 36 -1
932 36 -1
32 37 1
33 37 -1
477 37 1
485 37 -1
933 37 -1
33 38 1
34 38 -1
478 38 1
486 38 -1
934 38 -1
34 39 1
479 39 1
487 39 -1
935 39 -1
35 40 -1
480 40 1
488 40 -1
936 40 -1
35 41 1
36 41 -1
481 41 1
489 41 -1
937 41 -1
36 42 1
37 42 -1
482 42 1
490 42 -1
938 42 -1
37 43 1
38 43 -1
483 43 1
491 43 -1
939 43 -1
38 44 1
39 44 -1
484 44 1
492 44 -1
940 44 -1
39 45 1
40 45 -1
485 45 1
493 45 -1
941 45 -1
40 46 1
41 46 -1
486 46 1
494 46 -1
942 46 -1
41 47 1
487 47 1
495 47 -1
943 47 -1
42 48 -1
488 48 1
496 48 -1
944 48 -1
42 49 1
43 49 -1
489 49 1
497 49 -1
945 49 -1
43 50 1
44 50 -1
490 50 1
498 50 -1
946 50 -1
44 51 1
45 51 -1
491 51 1
499 51 -1
947 51 -1
45 52 1
46 52 -1
492 52 1
500 52 -1
948 52 -1
46 53 1
47 53 -1
493 53 1
501 53 -1
949 53 -1
47 54 1
48 54 -1
494 54 1
502 54 -1
950 54 -1
48 55 1
495 55 1
503 55 -1
951 55 -1
49 56 -1
496 56 1
952 56 -1
49 57 1
50 57 -1
497 57 1
953 57 -1
50 58 1
51 58 -1
498 58 1
954 58 -1
51 59 1
52 59 -1
499 59 1
955 59 -1
52 60 1
53 60 -1
500 60 1
956 60 -1
53 61 1
54 61 -1
501 61 1
957 61 -1
54 62 1
55 62 -1
502 62 1
958 62 -1
55 63 1
503 63 1
959 63 -1
56 64 -1
504 64 -1
896 64 1
960 64 -1
56 65 1
57 65 -1
505 65 -1
897 65 1
961 65 -1
57 66 1
58 66 -1
506 66 -1
898 66 1
962 66 -1
58 67 1
59 67 -1
507 67 -1
899 67 1
963 67 -1
59 68 1
60 68 -1
508 68 -1
900 68 1
964 68 -1
60 69 1
61 69 -1
509 69 -1
901 69 1
965 69 -1
61 70 1
62 70 -1
510 70 -1
902 70 1
966 70 -1
62 71 1
511 71 -1
903 71 1
967 71 -1
63 72 -1
504 72 1
512 72 -1
904 72 1
968 72 -1
63 73 1
64 73 -1
505 73 1
513 73 -1
905 73 1
969 73 -1
64 74 1
65 74 -1
506 74 1
514 74 -1
906 74 1
970 74 -1
65 75 1
66 75 -1
507 75 1
515 75 -1
907 75 1
971 75 -1
66 76 1
67 76 -1
508 76 1
516 76 -1
908 76 1
972 76 -1
67 77 1
68 77 -1
509 77 1
517 77 -1
909 77 1
973 77 -1
68 78 1
69 78 -1
510 78 1
518 78 -1
910 78 1
974 78 -1
69 79 1
511 79 1
519 79 -1
911 79 1
975 79 -1
70 80 -1
512 80 1
520 80 -1
912 80 1
976 80 -1
70 81 1
71 81 -1
513 81 1
521 81 -1
913 81 1
977 81 -1
71 82 1
72 82 -1
514 82 1
522 82 -1
914 82 1
978 82 -1
72 83 1
73 83 -1
515 83 1
523 83 -1
915 83 1
979 83 -1
73 84 1
74 84 -1
516 84 1
524 84 -1
916 84 1
980 84 -1
74 85 1
75 85 -1
517 85 1
525 85 -1
917 85 1
981 85 -1
75 86 1
76 86 -1
518 86 1
526 86 -1
918 86 1
982 86 -1
76 87 1
519 87 1
527 87 -1
919 87 1
983 87 -1
77 88 -1
520 88 1
528 88 -1
920 88 1
984 88 -1
77 89 1
78 89 -1
521 89 1
529 89 -1
921 89 1
985 89 -1
78 90 1
79 90 -1
522 90 1
530 90 -1
922 90 1
986 90 -1
79 91 1
80 91 -1
523 91 1
531 91 -1
923 91 1
987 91 -1
80 92 1
81 92 -1
524 92 1
532 92 -1
924 92 1
988 92 -1
81 93 1
82 93 -1
525 93 1
533 93 -1
925 93 1
989 93 -1
82 94 1
83 94 -1
526 94 1
534 94 -1
926 94 1
990 94 -1
83 95 1
527 95 1
535 95 -1
927 95 1
991 95 -1
84 96 -1
528 96 1
536 96 -1
928 96 1
992 96 -1
84 97 1
85 97 -1
529 97 1
537 97 -1
929 97 1
993 97 -1
85 98 1
86 98 -1
530 98 1
538 98 -1
930 98 1
994 98 -1
86 99 1
87 99 -1
531 99 1
539 99 -1
931 99 1
995 99 -1
87 100 1
88 100 -1
532 100 1
540 100 -1
932 100 1
996 100 -1
88 101 1
89 101 -1
533 101 1
541 101 -1
933 101 1
997 101 -1
89 102 1
90 102 -1
534 102 1
542 102 -1
934 102 1
998 102 -1
90 103 1
535 103 1
543 103 -1
935 103 1
999 103 -1
91 104 -1
536 104 1
544 104 -1
936 104 1
1000 104 -1
91 105 1
92 105 -1
537 105 1
545 105 -1
937 105 1
1001 105 -1
92 106 1
93 106 -1
538 106 1
546 106 -1
938 106 1
1002 106 -1
93 107 1
94 107 -1
539 107 1
547 107 -1
939 107 1
1003 107 -1
94 108 1
95 108 -1
540 108 1
548 108 -1
940 108 1
1004 108 -1
95 109 1
96 109 -1
541 109 1
549 109 -1
941 109 1
1005 109 -1
96 110 1
97 110 -1
542 110 1
550 110 -1
942 110 1
1006 110 -1
97 111 1
543 111 1
551 111 -1
943 111 1
1007 111 -1
98 112 -1
544 112 1
552 112 -1
944 112 1
1008 112 -1
98 113 1
99 113 -1
545 113 1
553 113 -1
945 113 1
1009 113 -1
99 114 1
100 114 -1
546 114 1
554 114 -1
946 114 1
1010 114 -1
100 115 1
101 115 -1
547 115 1
555 115 -1
947 115 1
1011 115 -1
101 116 1
102 116 -1
548 116 1
556 116 -1
948 116 1
1012 116 -1
102 117 1
103 117 -1
549 117 1
557 117 -1
949 117 1
1013 117 -1
103 118 1
104 118 -1
550 118 1
558 118 -1
950 118 1
1014 118 -1
104 119 1
551 119 1
559 119 -1
951 119 1
1015 119 -1
105 120 -1
552 120 1
952 120 1
1016 120 -1
105 121 1
106 121 -1
553 121 1
953 121 1
1017 121 -1
106 122 1
107 122 -1
554 122 1
954 122 1
1018 122 -1
107 123 1
108 123 -1
555 123 1
955 123 1
1019 123 -1
108 124 1
109 124 -1
556 124 1
956 124 1
1020 124 -1
109 125 1
110 125 -1
557 125 1
957 125 1
1021 125 -1
110 126 1
111 126 -1
558 126 1
958 126 1
1022 126 -1
111 127 1
559 127 1
959 127 1
1023 127 -1
112 128 -1
560 128 -1
960 128 1
1024 128 -1
112 129 1
113 129 -1
561 129 -1
961 129 1
1025 129 -1
113 130 1
114 130 -1
562 130 -1
962 130 1
1026 130 -1
114 131 1
115 131 -1
563 131 -1
963 131 1
1027 131 -1
115 132 1
116 132 -1
564 132 -1
964 132 1
1028 132 -1
116 133 1
117 133 -1
565 133 -1
965 133 1
1029 133 -1
117 134 1
118 134 -1
566 134 -1
966 134 1
1030 134 -1
118 135 1
567 135 -1
967 135 1
1031 135 -1
119 136 -1
560 136 1
568 136 -1
968 136 1
1032 136 -1
119 137 1
120 137 -1
561 137 1
569 137 -1
969 137 1
1033 137 -1
120 138 1
121 138 -1
562 138 1
570 138 -1
970 138 1
1034 138 -1
121 139 1
122 139 -1
563 139 1
571 139 -1
971 139 1
1035 139 -1
122 140 1
123 140 -1
564 140 1
572 140 -1
972 140 1
1036 140 -1
123 141 1
124 141 -1
565 141 1
573 141 -1
973 141 1
1037 141 -1
124 142 1
125 142 -1
566 142 1
574 142 -1
974 142 1
1038 142 -1
125 143 1
567 143 1
575 143 -1
975 143 1
1039 143 -1
126 144 -1
568 144 1
576 144 -1
976 144 1
1040 144 -1
126 145 1
127 145 -1
569 145 1
577 145 -1
977 145 1
1041 145 -1
127 146 1
128 146 -1
570 146 1
578 146 -1
978 146 1
1042 146 -1
128 147 1
129 147 -1
571 147 1
579 147 -1
979 147 1
1043 147 -1
129 148 1
130 148 -1
572 148 1
580 148 -1
980 148 1
1044 148 -1
130 149 1
131 149 -1
573 149 1
581 149 -1
981 149 1
1045 149 -1
131 150 1
132 150 -1
574 150 1
582 150 -1
982 150 1
1046 150 -1
132 151 1
575 151 1
583 151 -1
983 151 1
1047 151 -1
133 152 -1
576 152 1
584 152 -1
984 152 1
1048 152 -1
133 153 1
134 153 -1
577 153 1
585 153 -1
985 153 1
1049 153 -1
134 154 1
135 154 -1
578 154 1
586 154 -1
986 154 1
1050 154 -1
135 155 1
136 155 -1
579 155 1
587 155 -1
987 155 1
1051 155 -1
136 156 1
137 156 -1
580 156 1
588 156 -1
988 156 1
1052 156 -1
137 157 1
138 157 -1
581 157 1
589 157 -1
989 157 1
1053 157 -1
138 158 1
139 158 -1
582 158 1
590 158 -1
990 158 1
1054 158 -1
139 159 1
583 159 1
591 159 -1
991 159 1
1055 159 -1
140 160 -1
584 160 1
592 160 -1
992 160 1
1056 160 -1
140 161 1
141 161 -1
585 161 1
593 161 -1
993 161 1
1057 161 -1
141 162 1
142 162 -1
586 162 1
594 162 -1
994 162 1
1058 162 -1
142 163 1
143 163 -1
587 163 1
595 163 -1
995 163 1
1059 163 -1
143 164 1
144 164 -1
588 164 1
596 164 -1
996 164 1
1060 164 -1
144 165 1
145 165 -1
589 165 1
597 165 -1
997 165 1
1061 165 -1
145 166 1
146 166 -1
590 166 1
598 166 -1
998 166 1
1062 166 -1
146 167 1
591 167 1
599 167 -1
999 167 1
1063 167 -1
147 168 -1
592 168 1
600 168 -1
1000 168 1
1064 168 -1
147 169 1
148 169 -1
593 169 1
601 169 -1
1001 169 1
1065 169 -1
148 170 1
149 170 -1
594 170 1
602 170 -1
1002 170 1
1066 170 -1
149 171 1
150 171 -1
595 171 1
603 171 -1
1003 171 1
1067 171 -1
150 172 1
151 172 -1
596 172 1
604 172 -1
1004 172 1
1068 172 -1
151 173 1
152 173 -1
597 173 1
605 173 -1
1005 173 1
1069 173 -1
152 174 1
153 174 -1
598 174 1
606 174 -1
1006 174 1
1070 174 -1
153 175 1
599 175 1
607 175 -1
1007 175 1
1071 175 -1
154 176 -1
600 176 1
608 176 -1
1008 176 1
1072 176 -1
154 177 1
155 177 -1
601 177 1
609 177 -1
1009 177 1
1073 177 -1
155 178 1
156 178 -1
602 178 1
610 178 -1
1010 178 1
1074 178 -1
156 179 1
157 179 -1
603 179 1
611 179 -1
1011 179 1
1075 179 -1
157 180 1
158 180 -1
604 180 1
612 180 -1
1012 180 1
1076 180 -1
158 181 1
159 181 -1
605 181 1
613 181 -1
1013 181 1
1077 181 -1
159 182 1
160 182 -1
606 182 1
614 182 -1
1014 182 1
1078 182 -1
160 183 1
607 183 1
615 183 -1
1015 183 1
1079 183 -1
161 184 -1
608 184 1
1016 184 1
1080 184 -1
161 185 1
162 185 -1
609 185 1
1017 185 1
1081 185 -1
162 186 1
163 186 -1
610 186 1
1018 186 1
1082 186 -1
163 187 1
164 187 -1
611 187 1
1019 187 1
1083 187 -1
164 188 1
165 188 -1
612 188 1
1020 188 1
1084 188 -1
165 189 1
166 189 -1
613 189 1
1021 189 1
1085 189 -1
166 190 1
167 190 -1
614 190 1
1022 190 1
1086 190 -1
167 191 1
615 191 1
1023 191 1
1087 191 -1
168 192 -1
616 192 -1
1024 192 1
1088 192 -1
168 193 1
169 193 -1
617 193 -1
1025 193 1
1089 193 -1
169 194 1
170 194 -1
618 194 -1
1026 194 1
1090 194 -1
170 195 1
171 195 -1
619 195 -1
1027 195 1
1091 195 -1
171 196 1
172 196 -1
620 196 -1
1028 196 1
1092 196 -1
172 197 1
173 197 -1
621 197 -1
1029 197 1
1093 197 -1
173 198 1
174 198 -1
622 198 -1
1030 198 1
1094 198 -1
174 199 1
623 199 -1
1031 199 1
1095 199 -1
175 200 -1
616 200 1
624 200 -1
1032 200 1
1096 200 -1
175 201 1
176 201 -1
617 201 1
625 201 -1
1033 201 1
1097 201 -1
176 202 1
177 202 -1
618 202 1
626 202 -1
1034 202 1
1098 202 -1
177 203 1
178 203 -1
619 203 1
627 203 -1
1035 203 1
1099 203 -1
178 204 1
179 204 -1
620 204 1
628 204 -1
1036 204 1
1100 204 -1
179 205 1
180 205 -1
621 205 1
629 205 -1
1037 205 1
1101 205 -1
180 206 1
181 206 -1
622 206 1
630 206 -1
1038 206 1
1102 206 -1
181 207 1
623 207 1
631 207 -1
1039 207 1
1103 207 -1
182 208 -1
624 208 1
632 208 -1
1040 208 1
1104 208 -1
182 209 1
183 209 -1
625 209 1
633 209 -1
1041 209 1
1105 209 -1
183 210 1
184 210 -1
626 210 1
634 210 -1
1042 210 1
1106 210 -1
184 211 1
185 211 -1
627 211 1
635 211 -1
1043 211 1
1107 211 -1
185 212 1
186 212 -1
628 212 1
636 212 -1
1044 212 1
1108 212 -1
186 213 1
187 213 -1
629 213 1
637 213 -1
1045 213 1
1109 213 -1
187 214 1
188 214 -1
630 214 1
638 214 -1
1046 214 1
1110 214 -1
188 215 1
631 215 1
639 215 -1
1047 215 1
1111 215 -1
189 216 -1
632 216 1
640 216 -1
1048 216 1
1112 216 -1
189 217 1
190 217 -1
633 217 1
641 217 -1
1049 217 1
1113 217 -1
190 218 1
191 218 -1
634 218 1
642 218 -1
1050 218 1
1114 218 -1
191 219 1
192 219 -1
635 219 1
643 219 -1
1051 219 1
1115 219 -1
192 220 1
193 220 -1
636 220 1
644 220 -1
1052 220 1
1116 220 -1
193 221 1
194 221 -1
637 221 1
645 221 -1
1053 221 1
1117 221 -1
194 222 1
195 222 -1
638 222 1
646 222 -1
1054 222 1
1118 222 -1
195 223 1
639 223 1
647 223 -1
1055 223 1
1119 223 -1
196 224 -1
640 224 1
648 224 -1
1056 224 1
1120 224 -1
196 225 1
197 225 -1
641 225 1
649 225 -1
1057 225 1
1121 225 -1
197 226 1
198 226 -1
642 226 1
650 226 -1
1058 226 1
1122 226 -1
198 227 1
199 227 -1
643 227 1
651 227 -1
1059 227 1
1123 227 -1
199 228 1
200 228 -1
644 228 1
652 228 -1
1060 228 1
1124 228 -1
200 229 1
201 229 -1
645 229 1
653 229 -1
1061 229 1
1125 229 -1
201 230 1
202 230 -1
646 230 1
654 230 -1
1062 230 1
1126 230 -1
202 231 1
647 231 1
655 231 -1
1063 231 1
1127 231 -1
203 232 -1
648 232 1
656 232 -1
1064 232 1
1128 232 -1
203 233 1
204 233 -1
649 233 1
657 233 -1
1065 233 1
1129 233 -1
204 234 1
205 234 -1
650 234 1
658 234 -1
1066 234 1
1130 234 -1
205 235 1
206 235 -1
651 235 1
659 235 -1
1067 235 1
1131 235 -1
206 236 1
207 236 -1
652 236 1
660 236 -1
1068 236 1
1132 236 -1
207 237 1
208 237 -1
653 237 1
661 237 -1
1069 237 1
1133 237 -1
208 238 1
209 238 -1
654 238 1
662 238 -1
1070 238 1
1134 238 -1
209 239 1
655 239 1
663 239 -1
1071 239 1
1135 239 -1
210 240 -1
656 240 1
664 240 -1
1072 240 1
1136 240 -1
210 241 1
211 241 -1
657 241 1
665 241 -1
1073 241 1
1137 241 -1
211 242 1
212 242 -1
658 242 1
666 242 -1
1074 242 1
1138 242 -1
212 243 1
213 243 -1
659 243 1
667 243 -1
1075 243 1
1139 243 -1
213 244 1
214 244 -1
660 244 1
668 244 -1
1076 244 1
1140 244 -1
214 245 1
215 245 -1
661 245 1
669 245 -1
1077 245 1
1141 245 -1
215 246 1
216 246 -1
662 246 1
670 246 -1
1078 246 1
1142 246 -1
216 247 1
663 247 1
671 247 -1
1079 247 1
1143 247 -1
217 248 -1
664 248 1
1080 248 1
1144 248 -1
217 249 1
218 249 -1
665 249 1
1081 249 1
1145 249 -1
218 250 1
219 250 -1
666 250 1
1082 250 1
1146 250 -1
219 251 1
220 251 -1
667 251 1
1083 251 1
1147 251 -1
220 252 1
221 252 -1
668 252 1
1084 252 1
1148 252 -1
221 253 1
222 253 -1
669 253 1
1085 253 1
1149 253 -1
222 254 1
223 254 -1
670 254 1
1086 254 1
1150 254 -1
223 255 1
671 255 1
1087 255 1
1151 255 -1
224 256 -1
672 256 -1
1088 256 1
1152 256 -1
224 257 1
225 257 -1
673 257 -1
1089 257 1
1153 257 -1
225 258 1
226 258 -1
674 258 -1
1090 258 1
1154 258 -1
226 259 1
227 259 -1
675 259 -1
1091 259 1
1155 259 -1
227 260 1
228 260 -1
676 260 -1
1092 260 1
1156 260 -1
228 261 1
229 261 -1
677 261 -1
1093 261 1
1157 261 -1
229 262 1
230 262 -1
678 262 -1
1094 262 1
1158 262 -1
230 263 1
679 263 -1
1095 263 1
1159 263 -1
231 264 -1
672 264 1
680 264 -1
1096 264 1
1160 264 -1
231 265 1
232 265 -1
673 265 1
681 265 -1
1097 265 1
1161 265 -1
232 266 1
233 266 -1
674 266 1
682 266 -1
1098 266 1
1162 266 -1
233 267 1
234 267 -1
675 267 1
683 267 -1
1099 267 1
1163 267 -1
234 268 1
235 268 -1
676 268 1
684 268 -1
1100 268 1
1164 268 -1
235 269 1
236 269 -1
677 269 1
685 269 -1
1101 269 1
1165 269 -1
236 270 1
237 270 -1
678 270 1
686 270 -1
1102 270 1
1166 270 -1
237 271 1
679 271 1
687 271 -1
1103 271 1
1167 271 -1
238 272 -1
680 272 1
688 272 -1
1104 272 1
1168 272 -1
238 273 1
239 273 -1
681 273 1
689 273 -1
1105 273 1
1169 273 -1
239 274 1
240 274 -1
682 274 1
690 274 -1
1106 274 1
1170 274 -1
240 275 1
241 275 -1
683 275 1
691 275 -1
1107 275 1
1171 275 -1
241 276 1
242 276 -1
684 276 1
692 276 -1
1108 276 1
1172 276 -1
242 277 1
243 277 -1
685 277 1
693 277 -1
1109 277 1
1173 277 -1
243 278 1
244 278 -1
686 278 1
694 278 -1
1110 278 1
1174 278 -1
244 279 1
687 279 1
695 279 -1
1111 279 1
1175 279 -1
245 280 -1
688 280 1
696 280 -1
1112 280 1
1176 280 -1
245 281 1
246 281 -1
689 281 1
697 281 -1
1113 281 1
1177 281 -1
246 282 1
247 282 -1
690 282 1
698 282 -1
1114 282 1
1178 282 -1
247 283 1
248 283 -1
691 283 1
699 283 -1
1115 283 1
1179 283 -1
248 284 1
249 284 -1
692 284 1
700 284 -1
1116 284 1
1180 284 -1
249 285 1
250 285 -1
693 285 1
701 285 -1
1117 285 1
1181 285 -1
250 286 1
251 286 -1
694 286 1
702 286 -1
1118 286 1
1182 286 -1
251 287 1
695 287 1
703 287 -1
1119 287 1
1183 287 -1
252 288 -1
696 288 1
704 288 -1
1120 288 1
1184 288 -1
252 289 1
253 289 -1
697 289 1
705 289 -1
1121 289 1
1185 289 -1
253 290 1
254 290 -1
698 290 1
706 290 -1
1122 290 1
1186 290 -1
254 291 1
255 291 -1
699 291 1
707 291 -1
1123 291 1
1187 291 -1
255 292 1
256 292 -1
700 292 1
708 292 -1
1124 292 1
1188 292 -1
256 293 1
257 293 -1
701 293 1
709 293 -1
1125 293 1
1189 293 -1
257 294 1
258 294 -1
702 294 1
710 294 -1
1126 294 1
1190 294 -1
258 295 1
703 295 1
711 295 -1
1127 295 1
1191 295 -1
259 296 -1
704 296 1
712 296 -1
1128 296 1
1192 296 -1
259 297 1
260 297 -1
705 297 1
713 297 -1
1129 297 1
1193 297 -1
260 298 1
261 298 -1
706 298 1
714 298 -1
1130 298 1
1194 298 -1
261 299 1
262 299 -1
707 299 1
715 299 -1
1131 299 1
1195 299 -1
262 300 1
263 300 -1
708 300 1
716 300 -1
1132 300 1
1196 300 -1
263 301 1
264 301 -1
709 301 1
717 301 -1
1133 301 1
1197 301 -1
264 302 1
265 302 -1
710 302 1
718 302 -1
1134 302 1
1198 302 -1
265 303 1
711 303 1
719 303 -1
1135 303 1
1199 303 -1
266 304 -1
712 304 1
720 304 -1
1136 304 1
1200 304 -1
266 305 1
267 305 -1
713 305 1
721 305 -1
1137 305 1
1201 305 -1
267 306 1
268 306 -1
714 306 1
722 306 -1
1138 306 1
1202 306 -1
268 307 1
269 307 -1
715 307 1
723 307 -1
1139 307 1
1203 307 -1
269 308 1
270 308 -1
716 308 1
724 308 -1
1140 308 1
1204 308 -1
270 309 1
271 309 -1
717 309 1
725 309 -1
1141 309 1
1205 309 -1
271 310 1
272 310 -1
718 310 1
726 310 -1
1142 310 1
1206 310 -1
272 311 1
719 311 1
727 311 -1
1143 311 1
1207 311 -1
273 312 -1
720 312 1
1144 312 1
1208 312 -1
273 313 1
274 313 -1
721 313 1
1145 313 1
1209 313 -1
274 314 1
275 314 -1
722 314 1
1146 314 1
1210 314 -1
275 315 1
276 315 -1
723 315 1
1147 315 1
1211 315 -1
276 316 1
277 316 -1
724 316 1
1148 316 1
1212 316 -1
277 317 1
278 317 -1
725 317 1
1149 317 1
1213 317 -1
278 318 1
279 318 -1
726 318 1
1150 318 1
1214 318 -1
279 319 1
727 319 1
1151 319 1
1215 319 -1
280 320 -1
728 320 -1
1152 320 1
1216 320 -1
280 321 1
281 321 -1
729 321 -1
1153 321 1
1217 321 -1
281 322 1
282 322 -1
730 322 -1
1154 322 1
1218 322 -1
282 323 1
283 323 -1
731 323 -1
1155 323 1
1219 323 -1
283 324 1
284 324 -1
732 324 -1
1156 324 1
1220 324 -1
284 325 1
285 325 -1
733 325 -1
1157 325 1
1221 325 -1
285 326 1
286 326 -1
734 326 -1
1158 326 1
1222 326 -1
286 327 1
735 327 -1
1159 327 1
1223 327 -1
287 328 -1
728 328 1
736 328 -1
1160 328 1
1224 328 -1
287 329 1
288 329 -1
729 329 1
737 329 -1
1161 329 1
1225 329 -1
288 330 1
289 330 -1
730 330 1
738 330 -1
1162 330 1
1226 330 -1
289 331 1
290 331 -1
731 331 1
739 331 -1
1163 331 1
1227 331 -1
290 332 1
291 332 -1
732 332 1
740 332 -1
1164 332 1
1228 332 -1
291 333 1
292 333 -1
733 333 1
741 333 -1
1165 333 1
1229 333 -1
292 334 1
293 334 -1
734 334 1
742 334 -1
1166 334 1
1230 334 -1
293 335 1
735 335 1
743 335 -1
1167 335 1
1231 335 -1
294 336 -1
736 336 1
744 336 -1
1168 336 1
1232 336 -1
294 337 1
295 337 -1
737 337 1
745 337 -1
1169 337 1
1233 337 -1
295 338 1
296 338 -1
738 338 1
746 338 -1
1170 338 1
1234 338 -1
296 339 1
297 339 -1
739 339 1
747 339 -1
1171 339 1
1235 339 -1
297 340 1
298 340 -1
740 340 1
748 340 -1
1172 340 1
1236 340 -1
298 341 1
299 341 -1
741 341 1
749 341 -1
1173 341 1
1237 341 -1
299 342 1
300 342 -1
742 342 1
750 342 -1
1174 342 1
1238 342 -1
300 343 1
743 343 1
751 343 -1
1175 343 1
1239 343 -1
301 344 -1
744 344 1
752 344 -1
1176 344 1
1240 344 -1
301 345 1
302 345 -1
745 345 1
753 345 -1
1177 345 1
1241 345 -1
302 346 1
303 346 -1
746 346 1
754 346 -1
1178 346 1
1242 346 -1
303 347 1
304 347 -1
747 347 1
755 347 -1
1179 347 1
1243 347 -1
304 348 1
305 348 -1
748 348 1
756 348 -1
1180 348 1
1244 348 -1
305 349 1
306 349 -1
749 349 1
757 349 -1
1181 349 1
1245 349 -1
306 350 1
307 350 -1
750 350 1
758 350 -1
1182 350 1
1246 350 -1
307 351 1
751 351 1
759 351 -1
1183 351 1
1247 351 -1
308 352 -1
752 352 1
760 352 -1
1184 352 1
1248 352 -1
308 353 1
309 353 -1
753 353 1
761 353 -1
1185 353 1
1249 353 -1
309 354 1
310 354 -1
754 354 1
762 354 -1
1186 354 1
1250 354 -1
310 355 1
311 355 -1
755 355 1
763 355 -1
1187 355 1
1251 355 -1
311 356 1
312 356 -1
756 356 1
764 356 -1
1188 356 1
1252 356 -1
312 357 1
313 357 -1
757 357 1
765 357 -1
1189 357 1
1253 357 -1
313 358 1
314 358 -1
758 358 1
766 358 -1
1190 358 1
1254 358 -1
314 359 1
759 359 1
767 359 -1
1191 359 1
1255 359 -1
315 360 -1
760 360 1
768 360 -1
1192 360 1
1256 360 -1
315 361 1
316 361 -1
761 361 1
769 361 -1
1193 361 1
1257 361 -1
316 362 1
317 362 -1
762 362 1
770 362 -1
1194 362 1
1258 362 -1
317 363 1
318 363 -1
763 363 1
771 363 -1
1195 363 1
1259 363 -1
318 364 1
319 364 -1
764 364 1
772 364 -1
1196 364 1
1260 364 -1
319 365 1
320 365 -1
765 365 1
773 365 -1
1197 365 1
1261 365 -1
320 366 1
321 366 -1
766 366 1
774 366 -1
1198 366 1
1262 366 -1
321 367 1
767 367 1
775 367 -1
1199 367 1
1263 367 -1
322 368 -1
768 368 1
776 368 -1
1200 368 1
1264 368 -1
322 369 1
323 369 -1
769 369 1
777 369 -1
1201 369 1
1265 369 -1
323 370 1
324 370 -1
770 370 1
778 370 -1
1202 370 1
1266 370 -1
324 371 1
325 371 -1
771 371 1
779 371 -1
1203 371 1
1267 371 -1
325 372 1
326 372 -1
772 372 1
780 372 -1
1204 372 1
1268 372 -1
326 373 1
327 373 -1
773 373 1
781 373 -1
1205 373 1
1269 373 -1
327 374 1
328 374 -1
774 374 1
782 374 -1
1206 374 1
1270 374 -1
328 375 1
775 375 1
783 375 -1
1207 375 1
1271 375 -1
329 376 -1
776 376 1
1208 376 1
1272 376 -1
329 377 1
330 377 -1
777 377 1
1209 377 1
1273 377 -1
330 378 1
331 378 -1
778 378 1
1210 378 1
1274 378 -1
331 379 1
332 379 -1
779 379 1
1211 379 1
1275 379 -1
332 380 1
333 380 -1
780 380 1
1212 380 1
1276 380 -1
333 381 1
334 381 -1
781 381 1
1213 381 1
1277 381 -1
334 382 1
335 382 -1
782 382 1
1214 382 1
1278 382 -1
335 383 1
783 383 1
1215 383 1
1279 383 -1
336 384 -1
784 384 -1
1216 384 1
1280 384 -1
336 385 1
337 385 -1
785 385 -1
1217 385 1
1281 385 -1
337 386 1
338 386 -1
786 386 -1
1218 386 1
1282 386 -1
338 387 1
339 387 -1
787 387 -1
1219 387 1
1283 387 -1
339 388 1
340 388 -1
788 388 -1
1220 388 1
1284 388 -1
340 389 1
341 389 -1
789 389 -1
1221 389 1
1285 389 -1
341 390 1
342 390 -1
790 390 -1
1222 390 1
1286 390 -1
342 391 1
791 391 -1
1223 391 1
1287 391 -1
343 392 -1
784 392 1
792 392 -1
1224 392 1
1288 392 -1
343 393 1
344 393 -1
785 393 1
793 393 -1
1225 393 1
1289 393 -1
344 394 1
345 394 -1
786 394 1
794 394 -1
1226 394 1
1290 394 -1
345 395 1
346 395 -1
787 395 1
795 395 -1
1227 395 1
1291 395 -1
346 396 1
347 396 -1
788 396 1
796 396 -1
1228 396 1
1292 396 -1
347 397 1
348 397 -1
789 397 1
797 397 -1
1229 397 1
1293 397 -1
348 398 1
349 398 -1
790 398 1
798 398 -1
1230 398 1
1294 398 -1
349 399 1
791 399 1
799 399 -1
1231 399 1
1295 399 -1
350 400 -1
792 400 1
800 400 -1
1232 400 1
1296 400 -1
350 401 1
351 401 -1
793 401 1
801 401 -1
1233 401 1
1297 401 -1
351 402 1
352 402 -1
794 402 1
802 402 -1
1234 402 1
1298 402 -1
352 403 1
353 403 -1
795 403 1
803 403 -1
1235 403 1
1299 403 -1
353 404 1
354 404 -1
796 404 1
804 404 -1
1236 404 1
1300 404 -1
354 405 1
355 405 -1
797 405 1
805 405 -1
1237 405 1
1301 405 -1
355 406 1
356 406 -1
798 406 1
806 406 -1
1238 406 1
1302 406 -1
356 407 1
799 407 1
807 407 -1
1239 407 1
1303 407 -1
357 408 -1
800 408 1
808 408 -1
1240 408 1
1304 408 -1
357 409 1
358 409 -1
801 409 1
809 409 -1
1241 409 1
1305 409 -1
358 410 1
359 410 -1
802 410 1
810 410 -1
1242 410 1
1306 410 -1
359 411 1
360 411 -1
803 411 1
811 411 -1
1243 411 1
1307 411 -1
360 412 1
361 412 -1
804 412 1
812 412 -1
1244 412 1
1308 412 -1
361 413 1
362 413 -1
805 413 1
813 413 -1
1245 413 1
1309 413 -1
362 414 1
363 414 -1
806 414 1
814 414 -1
1246 414 1
1310 414 -1
363 415 1
807 415 1
815 415 -1
1247 415 1
1311 415 -1
364 416 -1
808 416 1
816 416 -1
1248 416 1
1312 416 -1
364 417 1
365 417 -1
809 417 1
817 417 -1
1249 417 1
1313 417 -1
365 418 1
366 418 -1
810 418 1
818 418 -1
1250 418 1
1314 418 -1
366 419 1
367 419 -1
811 419 1
819 419 -1
1251 419 1
1315 419 -1
367 420 1
368 420 -1
812 420 1
820 420 -1
1252 420 1
1316 420 -1
368 421 1
369 421 -1
813 421 1
821 421 -1
1253 421 1
1317 421 -1
369 422 1
370 422 -1
814 422 1
822 422 -1
1254 422 1
1318 422 -1
370 423 1
815 423 1
823 423 -1
1255 423 1
1319 423 -1
371 424 -1
816 424 1
824 424 -1
1256 424 1
1320 424 -1
371 425 1
372 425 -1
817 425 1
825 425 -1
1257 425 1
1321 425 -1
372 426 1
373 426 -1
818 426 1
826 426 -1
1258 426 1
1322 426 -1
373 427 1
374 427 -1
819 427 1
827 427 -1
1259 427 1
1323 427 -1
374 428 1
375 428 -1
820 428 1
828 428 -1
1260 428 1
1324 428 -1
375 429 1
376 429 -1
821 429 1
829 429 -1
1261 429 1
1325 429 -1
376 430 1
377 430 -1
822 430 1
830 430 -1
1262 430 1
1326 430 -1
377 431 1
823 431 1
831 431 -1
1263 431 1
1327 431 -1
378 432 -1
824 432 1
832 432 -1
1264 432 1
1328 432 -1
378 433 1
379 433 -1
825 433 1
833 433 -1
1265 433 1
1329 433 -1
379 434 1
380 434 -1
826 434 1
834 434 -1
1266 434 1
1330 434 -1
380 435 1
381 435 -1
827 435 1
835 435 -1
1267 435 1
1331 435 -1
381 436 1
382 436 -1
828 436 1
836 436 -1
1268 436 1
1332 436 -1
382 437 1
383 437 -1
829 437 1
837 437 -1
1269 437 1
1333 437 -1
383 438 1
384 438 -1
830 438 1
838 438 -1
1270 438 1
1334 438 -1
384 439 1
831 439 1
839 439 -1
1271 439 1
1335 439 -1
385 440 -1
832 440 1
1272 440 1
1336 440 -1
385 441 1
386 441 -1
833 441 1
1273 441 1
1337 441 -1
386 442 1
387 442 -1
834 442 1
1274 442 1
1338 442 -1
387 443 1
388 443 -1
835 443 1
1275 443 1
1339 443 -1
388 444 1
389 444 -1
836 444 1
1276 444 1
1340 444 -1
389 445 1
390 445 -1
837 445 1
1277 445 1
1341 445 -1
390 446 1
391 446 -1
838 446 1
1278 446 1
1342 446 -1
391 447 1
839 447 1
1279 447 1
1343 447 -1
392 448 -1
840 448 -1
1280 448 1
392 449 1
393 449 -1
841 449 -1
1281 449 1
393 450 1
394 450 -1
842 450 -1
1282 450 1
394 451 1
395 451 -1
843 451 -1
1283 451 1
395 452 1
396 452 -1
844 452 -1
1284 452 1
396 453 1
397 453 -1
845 453 -1
1285 453 1
397 454 1
398 454 -1
846 454 -1
1286 454 1
398 455 1
847 455 -1
1287 455 1
399 456 -1
840 456 1
848 456 -1
1288 456 1
399 457 1
400 457 -1
841 457 1
849 457 -1
1289 457 1
400 458 1
401 458 -1
842 458 1
850 458 -1
1290 458 1
401 459 1
402 459 -1
843 459 1
851 459 -1
1291 459 1
402 460 1
403 460 -1
844 460 1
852 460 -1
1292 460 1
403 461 1
404 461 -1
845 461 1
853 461 -1
1293 461 1
404 462 1
405 462 -1
846 462 1
854 462 -1
1294 462 1
405 463 1
847 463 1
855 463 -1
1295 463 1
406 464 -1
848 464 1
856 464 -1
1296 464 1
406 465 1
407 465 -1
849 465 1
857 465 -1
1297 465 1
407 466 1
408 466 -1
850 466 1
858 466 -1
1298 466 1
408 467 1
409 467 -1
851 467 1
859 467 -1
1299 467 1
409 468 1
410 468 -1
852 468 1
860 468 -1
1300 468 1
410 469 1
411 469 -1
853 469 1
861 469 -1
1301 469 1
411 470 1
412 470 -1
854 470 1
862 470 -1
1302 470 1
412 471 1
855 471 1
863 471 -1
1303 471 1
413 472 -1
856 472 1
864 472 -1
1304 472 1
413 473 1
414 473 -1
857 473 1
865 473 -1
1305 473 1
414 474 1
415 474 -1
858 474 1
866 474 -1
1306 474 1
415 475 1
416 475 -1
859 475 1
867 475 -1
1307 475 1
416 476 1
417 476 -1
860 476 1
868 476 -1
1308 476 1
417 477 1
418 477 -1
861 477 1
869 477 -1
1309 477 1
418 478 1
419 478 -1
862 478 1
870 478 -1
1310 478 1
419 479 1
863 479 1
871 479 -1
1311 479 1
420 480 -1
864 480 1
872 480 -1
1312 480 1
420 481 1
421 481 -1
865 481 1
873 481 -1
1313 481 1
421 482 1
422 482 -1
866 482 1
874 482 -1
1314 482 1
422 483 1
423 483 -1
867 483 1
875 483 -1
1315 483 1
423 484 1
424 484 -1
868 484 1
876 484 -1
1316 484 1
424 485 1
425 485 -1
869 485 1
877 485 -1
1317 485 1
425 486 1
426 486 -1
870 486 1
878 486 -1
1318 486 1
426 487 1
871 487 1
879 487 -1
1319 487 1
427 488 -1
872 488 1
880 488 -1
1320 488 1
427 489 1
428 489 -1
873 489 1
881 489 -1
1321 489 1
428 490 1
429 490 -1
874 490 1
882 490 -1
1322 490 1
429 491 1
430 491 -1
875 491 1
883 491 -1
1323 491 1
430 492 1
431 492 -1
876 492 1
884 492 -1
1324 492 1
431 493 1
432 493 -1
877 493 1
885 493 -1
1325 493 1
432 494 1
433 494 -1
878 494 1
886 494 -1
1326 494 1
433 495 1
879 495 1
887 495 -1
1327 495 1
434 496 -1
880 496 1
888 496 -1
1328 496 1
434 497 1
435 497 -1
881 497 1
889 497 -1
1329 497 1
435 498 1
436 498 -1
882 498 1
890 498 -1
1330 498 1
436 499 1
437 499 -1
883 499 1
891 499 -1
1331 499 1
437 500 1
438 500 -1
884 500 1
892 500 -1
1332 500 1
438 501 1
439 501 -1
885 501 1
893 501 -1
1333 501 1
439 502 1
440 502 -1
886 502 1
894 502 -1
1334 502 1
440 503 1
887 503 1
895 503 -1
1335 503 1
441 504 -1
888 504 1
1336 504 1
441 505 1
442 505 -1
889 505 1
1337 505 1
442 506 1
443 506 -1
890 506 1
1338 506 1
443 507 1
444 507 -1
891 507 1
1339 507 1
444 508 1
445 508 -1
892 508 1
1340 508 1
445 509 1
446 509 -1
893 509 1
1341 509 1
446 510 1
447 510 -1
894 510 1
1342 510 1
447 511 1
895 511 1
1343 511 1
