0.000000000000 0.000000000000 0.000000000000
0.142857142857 0.000000000000 0.000000000000
0.285714285714 0.000000000000 0.000000000000
0.428571428571 0.000000000000 0.000000000000
0.571428571429 0.000000000000 0.000000000000
0.714285714286 0.000000000000 0.000000000000
0.857142857143 0.000000000000 0.000000000000
1.000000000000 0.000000000000 0.000000000000
0.000000000000 0.142857142857 0.000000000000
0.142857142857 0.142857142857 0.000000000000
0.285714285714 0.142857142857 0.000000000000
0.428571428571 0.142857142857 0.000000000000
0.571428571429 0.142857142857 0.000000000000
0.714285714286 0.142857142857 0.000000000000
0.857142857143 0.142857142857 0.000000000000
1.000000000000 0.142857142857 0.000000000000
0.000000000000 0.285714285714 0.000000000000
0.142857142857 0.285714285714 0.000000000000
0.285714285714 0.285714285714 0.000000000000
0.428571428571 0.285714285714 0.000000000000
0.571428571429 0.285714285714 0.000000000000
0.714285714286 0.285714285714 0.000000000000
0.857142857143 0.285714285714 0.000000000000
1.000000000000 0.285714285714 0.000000000000
0.000000000000 0.428571428571 0.000000000000
0.142857142857 0.428571428571 0.000000000000
0.285714285714 0.428571428571 0.000000000000
0.428571428571 0.428571428571 0.000000000000
0.571428571429 0.428571428571 0.000000000000
0.714285714286 0.428571428571 0.000000000000
0.857142857143 0.428571428571 0.000000000000
1.000000000000 0.428571428571 0.000000000000
0.000000000000 0.571428571429 0.000000000000
0.142857142857 0.571428571429 0.000000000000
0.285714285714 0.571428571429 0.000000000000
0.428571428571 0.571428571429 0.000000000000
0.571428571429 0.571428571429 0.000000000000
0.714285714286 0.571428571429 0.000000000000
0.857142857143 0.571428571429 0.000000000000
1.000000000000 0.571428571429 0.000000000000
0.000000000000 0.714285714286 0.000000000000
0.142857142857 0.714285714286 0.000000000000
0.285714285714 0.714285714286 0.000000000000
0.428571428571 0.714285714286 0.000000000000
0.571428571429 0.714285714286 0.000000000000
0.714285714286 0.714285714286 0.000000000000
0.857142857143 0.714285714286 0.000000000000
1.000000000000 0.714285714286 0.000000000000
0.000000000000 0.857142857143 0.000000000000
0.142857142857 0.857142857143 0.000000000000
0.285714285714 0.857142857143 0.000000000000
0.428571428571 0.857142857143 0.000000000000
0.571428571429 0.857142857143 0.000000000000
0.714285714286 0.857142857143 0.000000000000
0.857142857143 0.857142857143 0.000000000000
1.000000000000 0.857142857143 0.000000000000
0.000000000000 1.000000000000 0.000000000000
0.142857142857 1.000000000000 0.000000000000
0.285714285714 1.000000000000 0.000000000000
0.428571428571 1.000000000000 0.000000000000
0.571428571429 1.000000000000 0.000000000000
0.714285714286 1.000000000000 0.000000000000
0.857142857143 1.000000000000 0.000000000000
1.000000000000 1.000000000000 0.000000000000
0.000000000000 0.000000000000 0.142857142857
0.142857142857 0.000000000000 0.142857142857
0.285714285714 0.000000000000 0.142857142857
0.428571428571 0.000000000000 0.142857142857
0.571428571429 0.000000000000 0.142857142857
0.714285714286 0.000000000000 0.142857142857
0.857142857143 0.000000000000 0.142857142857
1.000000000000 0.000000000000 0.142857142857
0.000000000000 0.142857142857 0.142857142857
0.142857142857 0.142857142857 0.142857142857
0.285714285714 0.142857142857 0.142857142857
0.428571428571 0.142857142857 0.142857142857
0.571428571429 0.142857142857 0.142857142857
0.714285714286 0.142857142857 0.142857142857
0.857142857143 0.142857142857 0.142857142857
1.000000000000 0.142857142857 0.142857142857
0.000000000000 0.285714285714 0.142857142857
0.142857142857 0.285714285714 0.142857142857
0.285714285714 0.285714285714 0.142857142857
0.428571428571 0.285714285714 0.142857142857
0.571428571429 0.285714285714 0.142857142857
0.714285714286 0.285714285714 0.142857142857
0.857142857143 0.285714285714 0.142857142857
1.000000000000 0.285714285714 0.142857142857
0.000000000000 0.428571428571 0.142857142857
0.142857142857 0.428571428571 0.142857142857
0.285714285714 0.428571428571 0.142857142857
0.428571428571 0.428571428571 0.142857142857
0.571428571429 0.428571428571 0.142857142857
0.714285714286 0.428571428571 0.142857142857
0.857142857143 0.428571428571 0.142857142857
1.000000000000 0.428571428571 0.142857142857
0.000000000000 0.571428571429 0.142857142857
0.142857142857 0.571428571429 0.142857142857
0.285714285714 0.571428571429 0.142857142857
0.428571428571 0.571428571429 0.142857142857
0.571428571429 0.571428571429 0.142857142857
0.714285714286 0.571428571429 0.142857142857
0.857142857143 0.571428571429 0.142857142857
1.000000000000 0.571428571429 0.142857142857
0.000000000000 0.714285714286 0.142857142857
0.142857142857 0.714285714286 0.142857142857
0.285714285714 0.714285714286 0.142857142857
0.428571428571 0.714285714286 0.142857142857
0.571428571429 0.714285714286 0.142857142857
0.714285714286 0.714285714286 0.142857142857
0.857142857143 0.714285714286 0.142857142857
1.000000000000 0.714285714286 0.142857142857
0.000000000000 0.857142857143 0.142857142857
0.142857142857 0.857142857143 0.142857142857
0.285714285714 0.857142857143 0.142857142857
0.428571428571 0.857142857143 0.142857142857
0.571428571429 0.857142857143 0.142857142857
0.714285714286 0.857142857143 0.142857142857
0.857142857143 0.857142857143 0.142857142857
1.000000000000 0.857142857143 0.142857142857
0.000000000000 1.000000000000 0.142857142857
0.142857142857 1.000000000000 0.142857142857
0.285714285714 1.000000000000 0.142857142857
0.428571428571 1.000000000000 0.142857142857
0.571428571429 1.000000000000 0.142857142857
0.714285714286 1.000000000000 0.142857142857
0.857142857143 1.000000000000 0.142857142857
1.000000000000 1.000000000000 0.142857142857
0.000000000000 0.000000000000 0.285714285714
0.142857142857 0.000000000000 0.285714285714
0.285714285714 0.000000000000 0.285714285714
0.428571428571 0.000000000000 0.285714285714
0.571428571429 0.000000000000 0.285714285714
0.714285714286 0.000000000000 0.285714285714
0.857142857143 0.000000000000 0.285714285714
1.000000000000 0.000000000000 0.285714285714
0.000000000000 0.142857142857 0.285714285714
0.142857142857 0.142857142857 0.285714285714
0.285714285714 0.142857142857 0.285714285714
0.428571428571 0.142857142857 0.285714285714
0.571428571429 0.142857142857 0.285714285714
0.714285714286 0.142857142857 0.285714285714
0.857142857143 0.142857142857 0.285714285714
1.000000000000 0.142857142857 0.285714285714
0.000000000000 0.285714285714 0.285714285714
0.142857142857 0.285714285714 0.285714285714
0.285714285714 0.285714285714 0.285714285714
0.428571428571 0.285714285714 0.285714285714
0.571428571429 0.285714285714 0.285714285714
0.714285714286 0.285714285714 0.285714285714
0.857142857143 0.285714285714 0.285714285714
1.000000000000 0.285714285714 0.285714285714
0.000000000000 0.428571428571 0.285714285714
0.142857142857 0.428571428571 0.285714285714
0.285714285714 0.428571428571 0.285714285714
0.428571428571 0.428571428571 0.285714285714
0.571428571429 0.428571428571 0.285714285714
0.714285714286 0.428571428571 0.285714285714
0.857142857143 0.428571428571 0.285714285714
1.000000000000 0.428571428571 0.285714285714
0.000000000000 0.571428571429 0.285714285714
0.142857142857 0.571428571429 0.285714285714
0.285714285714 0.571428571429 0.285714285714
0.428571428571 0.571428571429 0.285714285714
0.571428571429 0.571428571429 0.285714285714
0.714285714286 0.571428571429 0.285714285714
0.857142857143 0.571428571429 0.285714285714
1.000000000000 0.571428571429 0.285714285714
0.000000000000 0.714285714286 0.285714285714
0.142857142857 0.714285714286 0.285714285714
0.285714285714 0.714285714286 0.285714285714
0.428571428571 0.714285714286 0.285714285714
0.571428571429 0.714285714286 0.285714285714
0.714285714286 0.714285714286 0.285714285714
0.857142857143 0.714285714286 0.285714285714
1.000000000000 0.714285714286 0.285714285714
0.000000000000 0.857142857143 0.285714285714
0.142857142857 0.857142857143 0.285714285714
0.285714285714 0.857142857143 0.285714285714
0.428571428571 0.857142857143 0.285714285714
0.571428571429 0.857142857143 0.285714285714
0.714285714286 0.857142857143 0.285714285714
0.857142857143 0.857142857143 0.285714285714
1.000000000000 0.857142857143 0.285714285714
0.000000000000 1.000000000000 0.285714285714
0.142857142857 1.000000000000 0.285714285714
0.285714285714 1.000000000000 0.285714285714
0.428571428571 1.000000000000 0.285714285714
0.571428571429 1.000000000000 0.285714285714
0.714285714286 1.000000000000 0.285714285714
0.857142857143 1.000000000000 0.285714285714
1.000000000000 1.000000000000 0.285714285714
0.000000000000 0.000000000000 0.428571428571
0.142857142857 0.000000000000 0.428571428571
0.285714285714 0.000000000000 0.428571428571
0.428571428571 0.000000000000 0.428571428571
0.571428571429 0.000000000000 0.428571428571
0.714285714286 0.000000000000 0.428571428571
0.857142857143 0.000000000000 0.428571428571
1.000000000000 0.000000000000 0.428571428571
0.000000000000 0.142857142857 0.428571428571
0.142857142857 0.142857142857 0.428571428571
0.285714285714 0.142857142857 0.428571428571
0.428571428571 0.142857142857 0.428571428571
0.571428571429 0.142857142857 0.428571428571
0.714285714286 0.142857142857 0.428571428571
0.857142857143 0.142857142857 0.428571428571
1.000000000000 0.142857142857 0.428571428571
0.000000000000 0.285714285714 0.428571428571
0.142857142857 0.285714285714 0.428571428571
0.285714285714 0.285714285714 0.428571428571
0.428571428571 0.285714285714 0.428571428571
0.571428571429 0.285714285714 0.428571428571
0.714285714286 0.285714285714 0.428571428571
0.857142857143 0.285714285714 0.428571428571
1.000000000000 0.285714285714 0.428571428571
0.000000000000 0.428571428571 0.428571428571
0.142857142857 0.428571428571 0.428571428571
0.285714285714 0.428571428571 0.428571428571
0.428571428571 0.428571428571 0.428571428571
0.571428571429 0.428571428571 0.428571428571
0.714285714286 0.428571428571 0.428571428571
0.857142857143 0.428571428571 0.428571428571
1.000000000000 0.428571428571 0.428571428571
0.000000000000 0.571428571429 0.428571428571
0.142857142857 0.571428571429 0.428571428571
0.285714285714 0.571428571429 0.428571428571
0.428571428571 0.571428571429 0.428571428571
0.571428571429 0.571428571429 0.428571428571
0.714285714286 0.571428571429 0.428571428571
0.857142857143 0.571428571429 0.428571428571
1.000000000000 0.571428571429 0.428571428571
0.000000000000 0.714285714286 0.428571428571
0.142857142857 0.714285714286 0.428571428571
0.285714285714 0.714285714286 0.428571428571
0.428571428571 0.714285714286 0.428571428571
0.571428571429 0.714285714286 0.428571428571
0.714285714286 0.714285714286 0.428571428571
0.857142857143 0.714285714286 0.428571428571
1.000000000000 0.714285714286 0.428571428571
0.000000000000 0.857142857143 0.428571428571
0.142857142857 0.857142857143 0.428571428571
0.285714285714 0.857142857143 0.428571428571
0.428571428571 0.857142857143 0.428571428571
0.571428571429 0.857142857143 0.428571428571
0.714285714286 0.857142857143 0.428571428571
0.857142857143 0.857142857143 0.428571428571
1.000000000000 0.857142857143 0.428571428571
0.000000000000 1.000000000000 0.428571428571
0.142857142857 1.000000000000 0.428571428571
0.285714285714 1.000000000000 0.428571428571
0.428571428571 1.000000000000 0.428571428571
0.571428571429 1.000000000000 0.428571428571
0.714285714286 1.000000000000 0.428571428571
0.857142857143 1.000000000000 0.428571428571
1.000000000000 1.000000000000 0.428571428571
0.000000000000 0.000000000000 0.571428571429
0.142857142857 0.000000000000 0.571428571429
0.285714285714 0.000000000000 0.571428571429
0.428571428571 0.000000000000 0.571428571429
0.571428571429 0.000000000000 0.571428571429
0.714285714286 0.000000000000 0.571428571429
0.857142857143 0.000000000000 0.571428571429
1.000000000000 0.000000000000 0.571428571429
0.000000000000 0.142857142857 0.571428571429
0.142857142857 0.142857142857 0.571428571429
0.285714285714 0.142857142857 0.571428571429
0.428571428571 0.142857142857 0.571428571429
0.571428571429 0.142857142857 0.571428571429
0.714285714286 0.142857142857 0.571428571429
0.857142857143 0.142857142857 0.571428571429
1.000000000000 0.142857142857 0.571428571429
0.000000000000 0.285714285714 0.571428571429
0.142857142857 0.285714285714 0.571428571429
0.285714285714 0.285714285714 0.571428571429
0.428571428571 0.285714285714 0.571428571429
0.571428571429 0.285714285714 0.571428571429
0.714285714286 0.285714285714 0.571428571429
0.857142857143 0.285714285714 0.571428571429
1.000000000000 0.285714285714 0.571428571429
0.000000000000 0.428571428571 0.571428571429
0.142857142857 0.428571428571 0.571428571429
0.285714285714 0.428571428571 0.571428571429
0.428571428571 0.428571428571 0.571428571429
0.571428571429 0.428571428571 0.571428571429
0.714285714286 0.428571428571 0.571428571429
0.857142857143 0.428571428571 0.571428571429
1.000000000000 0.428571428571 0.571428571429
0.000000000000 0.571428571429 0.571428571429
0.142857142857 0.571428571429 0.571428571429
0.285714285714 0.571428571429 0.571428571429
0.428571428571 0.571428571429 0.571428571429
0.571428571429 0.571428571429 0.571428571429
0.714285714286 0.571428571429 0.571428571429
0.857142857143 0.571428571429 0.571428571429
1.000000000000 0.571428571429 0.571428571429
0.000000000000 0.714285714286 0.571428571429
0.142857142857 0.714285714286 0.571428571429
0.285714285714 0.714285714286 0.571428571429
0.428571428571 0.714285714286 0.571428571429
0.571428571429 0.714285714286 0.571428571429
0.714285714286 0.714285714286 0.571428571429
0.857142857143 0.714285714286 0.571428571429
1.000000000000 0.714285714286 0.571428571429
0.000000000000 0.857142857143 0.571428571429
0.142857142857 0.857142857143 0.571428571429
0.285714285714 0.857142857143 0.571428571429
0.428571428571 0.857142857143 0.571428571429
0.571428571429 0.857142857143 0.571428571429
0.714285714286 0.857142857143 0.571428571429
0.857142857143 0.857142857143 0.571428571429
1.000000000000 0.857142857143 0.571428571429
0.000000000000 1.000000000000 0.571428571429
0.142857142857 1.000000000000 0.571428571429
0.285714285714 1.000000000000 0.571428571429
0.428571428571 1.000000000000 0.571428571429
0.571428571429 1.000000000000 0.571428571429
0.714285714286 1.000000000000 0.571428571429
0.857142857143 1.000000000000 0.571428571429
1.000000000000 1.000000000000 0.571428571429
0.000000000000 0.000000000000 0.714285714286
0.142857142857 0.000000000000 0.714285714286
0.285714285714 0.000000000000 0.714285714286
0.428571428571 0.000000000000 0.714285714286
0.571428571429 0.000000000000 0.714285714286
0.714285714286 0.000000000000 0.714285714286
0.857142857143 0.000000000000 0.714285714286
1.000000000000 0.000000000000 0.714285714286
0.000000000000 0.142857142857 0.714285714286
0.142857142857 0.142857142857 0.714285714286
0.285714285714 0.142857142857 0.714285714286
0.428571428571 0.142857142857 0.714285714286
0.571428571429 0.142857142857 0.714285714286
0.714285714286 0.142857142857 0.714285714286
0.857142857143 0.142857142857 0.714285714286
1.000000000000 0.142857142857 0.714285714286
0.000000000000 0.285714285714 0.714285714286
0.142857142857 0.285714285714 0.714285714286
0.285714285714 0.285714285714 0.714285714286
0.428571428571 0.285714285714 0.714285714286
0.571428571429 0.285714285714 0.714285714286
0.714285714286 0.285714285714 0.714285714286
0.857142857143 0.285714285714 0.714285714286
1.000000000000 0.285714285714 0.714285714286
0.000000000000 0.428571428571 0.714285714286
0.142857142857 0.428571428571 0.714285714286
0.285714285714 0.428571428571 0.714285714286
0.428571428571 0.428571428571 0.714285714286
0.571428571429 0.428571428571 0.714285714286
0.714285714286 0.428571428571 0.714285714286
0.857142857143 0.428571428571 0.714285714286
1.000000000000 0.428571428571 0.714285714286
0.000000000000 0.571428571429 0.714285714286
0.142857142857 0.571428571429 0.714285714286
0.285714285714 0.571428571429 0.714285714286
0.428571428571 0.571428571429 0.714285714286
0.571428571429 0.571428571429 0.714285714286
0.714285714286 0.571428571429 0.714285714286
0.857142857143 0.571428571429 0.714285714286
1.000000000000 0.571428571429 0.714285714286
0.000000000000 0.714285714286 0.714285714286
0.142857142857 0.714285714286 0.714285714286
0.285714285714 0.714285714286 0.714285714286
0.428571428571 0.714285714286 0.714285714286
0.571428571429 0.714285714286 0.714285714286
0.714285714286 0.714285714286 0.714285714286
0.857142857143 0.714285714286 0.714285714286
1.000000000000 0.714285714286 0.714285714286
0.000000000000 0.857142857143 0.714285714286
0.142857142857 0.857142857143 0.714285714286
0.285714285714 0.857142857143 0.714285714286
0.428571428571 0.857142857143 0.714285714286
0.571428571429 0.857142857143 0.714285714286
0.714285714286 0.857142857143 0.714285714286
0.857142857143 0.857142857143 0.714285714286
1.000000000000 0.857142857143 0.714285714286
0.000000000000 1.000000000000 0.714285714286
0.142857142857 1.000000000000 0.714285714286
0.285714285714 1.000000000000 0.714285714286
0.428571428571 1.000000000000 0.714285714286
0.571428571429 1.000000000000 0.714285714286
0.714285714286 1.000000000000 0.714285714286
0.857142857143 1.000000000000 0.714285714286
1.000000000000 1.000000000000 0.714285714286
0.000000000000 0.000000000000 0.857142857143
0.142857142857 0.000000000000 0.857142857143
0.285714285714 0.000000000000 0.857142857143
0.428571428571 0.000000000000 0.857142857143
0.571428571429 0.000000000000 0.857142857143
0.714285714286 0.000000000000 0.857142857143
0.857142857143 0.000000000000 0.857142857143
1.000000000000 0.000000000000 0.857142857143
0.000000000000 0.142857142857 0.857142857143
0.142857142857 0.142857142857 0.857142857143
0.285714285714 0.142857142857 0.857142857143
0.428571428571 0.142857142857 0.857142857143
0.571428571429 0.142857142857 0.857142857143
0.714285714286 0.142857142857 0.857142857143
0.857142857143 0.142857142857 0.857142857143
1.000000000000 0.142857142857 0.857142857143
0.000000000000 0.285714285714 0.857142857143
0.142857142857 0.285714285714 0.857142857143
0.285714285714 0.285714285714 0.857142857143
0.428571428571 0.285714285714 0.857142857143
0.571428571429 0.285714285714 0.857142857143
0.714285714286 0.285714285714 0.857142857143
0.857142857143 0.285714285714 0.857142857143
1.000000000000 0.285714285714 0.857142857143
0.000000000000 0.428571428571 0.857142857143
0.142857142857 0.428571428571 0.857142857143
0.285714285714 0.428571428571 0.857142857143
0.428571428571 0.428571428571 0.857142857143
0.571428571429 0.428571428571 0.857142857143
0.714285714286 0.428571428571 0.857142857143
0.857142857143 0.428571428571 0.857142857143
1.000000000000 0.428571428571 0.857142857143
0.000000000000 0.571428571429 0.857142857143
0.142857142857 0.571428571429 0.857142857143
0.285714285714 0.571428571429 0.857142857143
0.428571428571 0.571428571429 0.857142857143
0.571428571429 0.571428571429 0.857142857143
0.714285714286 0.571428571429 0.857142857143
0.857142857143 0.571428571429 0.857142857143
1.000000000000 0.571428571429 0.857142857143
0.000000000000 0.714285714286 0.857142857143
0.142857142857 0.714285714286 0.857142857143
0.285714285714 0.714285714286 0.857142857143
0.428571428571 0.714285714286 0.857142857143
0.571428571429 0.714285714286 0.857142857143
0.714285714286 0.714285714286 0.857142857143
0.857142857143 0.714285714286 0.857142857143
1.000000000000 0.714285714286 0.857142857143
0.000000000000 0.857142857143 0.857142857143
0.142857142857 0.857142857143 0.857142857143
0.285714285714 0.857142857143 0.857142857143
0.428571428571 0.857142857143 0.857142857143
0.571428571429 0.857142857143 0.857142857143
0.714285714286 0.857142857143 0.857142857143
0.857142857143 0.857142857143 0.857142857143
1.000000000000 0.857142857143 0.857142857143
0.000000000000 1.000000000000 0.857142857143
0.142857142857 1.000000000000 0.857142857143
0.285714285714 1.000000000000 0.857142857143
0.428571428571 1.000000000000 0.857142857143
0.571428571429 1.000000000000 0.857142857143
0.714285714286 1.000000000000 0.857142857143
0.857142857143 1.000000000000 0.857142857143
1.000000000000 1.000000000000 0.857142857143
0.000000000000 0.000000000000 1.000000000000
0.142857142857 0.000000000000 1.000000000000
0.285714285714 0.000000000000 1.000000000000
0.428571428571 0.000000000000 1.000000000000
0.571428571429 0.000000000000 1.000000000000
0.714285714286 0.000000000000 1.000000000000
0.857142857143 0.000000000000 1.000000000000
1.000000000000 0.000000000000 1.000000000000
0.000000000000 0.142857142857 1.000000000000
0.142857142857 0.142857142857 1.000000000000
0.285714285714 0.142857142857 1.000000000000
0.428571428571 0.142857142857 1.000000000000
0.571428571429 0.142857142857 1.000000000000
0.714285714286 0.142857142857 1.000000000000
0.857142857143 0.142857142857 1.000000000000
1.000000000000 0.142857142857 1.000000000000
0.000000000000 0.285714285714 1.000000000000
0.142857142857 0.285714285714 1.000000000000
0.285714285714 0.285714285714 1.000000000000
0.428571428571 0.285714285714 1.000000000000
0.571428571429 0.285714285714 1.000000000000
0.714285714286 0.285714285714 1.000000000000
0.857142857143 0.285714285714 1.000000000000
1.000000000000 0.285714285714 1.000000000000
0.000000000000 0.428571428571 1.000000000000
0.142857142857 0.428571428571 1.000000000000
0.285714285714 0.428571428571 1.000000000000
0.428571428571 0.428571428571 1.000000000000
0.571428571429 0.428571428571 1.000000000000
0.714285714286 0.428571428571 1.000000000000
0.857142857143 0.428571428571 1.000000000000
1.000000000000 0.428571428571 1.000000000000
0.000000000000 0.571428571429 1.000000000000
0.142857142857 0.571428571429 1.000000000000
0.285714285714 0.571428571429 1.000000000000
0.428571428571 0.571428571429 1.000000000000
0.571428571429 0.571428571429 1.000000000000
0.714285714286 0.571428571429 1.000000000000
0.857142857143 0.571428571429 1.000000000000
1.000000000000 0.571428571429 1.000000000000
0.000000000000 0.714285714286 1.000000000000
0.142857142857 0.714285714286 1.000000000000
0.285714285714 0.714285714286 1.000000000000
0.428571428571 0.714285714286 1.000000000000
0.571428571429 0.714285714286 1.000000000000
0.714285714286 0.714285714286 1.000000000000
0.857142857143 0.714285714286 1.000000000000
1.000000000000 0.714285714286 1.000000000000
0.000000000000 0.857142857143 1.000000000000
0.142857142857 0.857142857143 1.000000000000
0.285714285714 0.857142857143 1.000000000000
0.428571428571 0.857142857143 1.000000000000
0.571428571429 0.857142857143 1.000000000000
0.714285714286 0.857142857143 1.000000000000
0.857142857143 0.857142857143 1.000000000000
1.000000000000 0.857142857143 1.000000000000
0.000000000000 1.000000000000 1.000000000000
0.142857142857 1.000000000000 1.000000000000
0.285714285714 1.000000000000 1.000000000000
0.428571428571 1.000000000000 1.000000000000
0.571428571429 1.000000000000 1.000000000000
0.714285714286 1.000000000000 1.000000000000
0.857142857143 1.000000000000 1.000000000000
1.000000000000 1.000000000000 1.000000000000
