2 0 -1
3 0 1
9 0 -1
1028 0 1
8 1 -1
9 1 1
15 1 -1
1034 1 1
14 2 -1
15 2 1
19 2 1
333 2 1
1 3 -1
2 3 1
19 3 -1
322 3 -1
3 4 -1
4 4 1
10 4 1
1031 4 -1
8 5 1
12 5 -1
16 5 1
1033 5 -1
10 6 -1
11 6 1
22 6 -1
1045 6 1
11 7 -1
12 7 1
29 7 -1
1046 7 -1
0 8 -1
1 8 1
20 8 1
323 8 1
0 9 1
7 9 -1
31 9 -1
2478 9 -1
26 10 -1
27 10 1
31 10 1
2484 10 1
20 11 -1
21 11 1
32 11 1
344 11 1
13 12 -1
14 12 1
21 12 -1
338 12 1
13 13 1
18 13 -1
32 13 -1
3034 13 -1
16 14 -1
17 14 1
25 14 1
2511 14 -1
17 15 -1
18 15 1
33 15 1
2991 15 -1
25 16 -1
26 16 1
33 16 -1
2512 16 1
22 17 1
24 17 -1
30 17 -1
1167 17 -1
27 18 -1
28 18 1
34 18 1
1173 18 1
28 19 -1
29 19 1
30 19 1
1168 19 1
4 20 -1
5 20 1
23 20 1
2088 20 -1
34 21 -1
35 21 1
37 21 -1
1164 21 -1
23 22 -1
24 22 1
37 22 1
1161 22 1
5 23 -1
6 23 1
38 23 1
3051 23 -1
6 24 -1
7 24 1
36 24 -1
2479 24 1
35 25 -1
36 25 1
38 25 -1
2490 25 -1
39 26 1
44 26 -1
45 26 1
2387 26 1
39 27 -1
40 27 1
49 27 -1
2386 27 -1
45 28 -1
46 28 1
49 28 1
2402 28 -1
46 29 -1
47 29 1
51 29 -1
3113 29 1
40 30 -1
41 30 1
50 30 1
3105 30 -1
41 31 -1
42 31 1
52 31 1
3417 31 -1
50 32 -1
51 32 1
52 32 -1
3106 32 1
42 33 -1
43 33 1
53 33 -1
3372 33 1
43 34 -1
44 34 1
48 34 -1
3371 34 -1
47 35 -1
48 35 1
53 35 1
3384 35 1
60 36 -1
61 36 1
67 36 -1
3075 36 -1
66 37 -1
67 37 1
70 37 1
2529 37 1
66 38 1
69 38 -1
73 38 1
2239 38 1
61 39 -1
62 39 1
68 39 1
3526 39 -1
62 40 -1
63 40 1
75 40 -1
2227 40 1
68 41 -1
69 41 1
75 41 1
2226 41 -1
54 42 -1
55 42 1
59 42 1
2636 42 -1
54 43 1
58 43 -1
72 43 1
2522 43 -1
70 44 -1
71 44 1
72 44 -1
2530 44 1
59 45 -1
60 45 1
71 45 -1
2640 45 1
63 46 -1
64 46 1
76 46 1
2240 46 -1
55 47 -1
56 47 1
65 47 -1
2649 47 1
76 48 -1
77 48 1
79 48 -1
2241 48 1
64 49 -1
65 49 1
79 49 1
2652 49 1
57 50 -1
58 50 1
74 50 -1
2523 50 1
56 51 -1
57 51 1
80 51 1
2648 51 -1
77 52 -1
78 52 1
80 52 -1
2236 52 -1
73 53 -1
74 53 1
78 53 -1
2237 53 1
81 54 -1
82 54 1
89 54 -1
1946 54 1
81 55 1
86 55 -1
96 55 1
2019 55 1
87 56 1
91 56 -1
92 56 -1
1918 56 1
96 57 -1
97 57 1
99 57 1
1927 57 1
87 58 -1
88 58 1
103 58 1
1467 58 1
88 59 -1
89 59 1
98 59 -1
1462 59 1
97 60 -1
98 60 1
103 60 -1
1461 60 -1
82 61 -1
83 61 1
90 61 1
1948 61 -1
90 62 -1
91 62 1
93 62 1
1950 62 -1
99 63 -1
100 63 1
104 63 1
1914 63 1
92 64 1
95 64 -1
105 64 -1
1917 64 -1
104 65 -1
105 65 1
107 65 -1
1913 65 -1
100 66 -1
101 66 1
107 66 1
1938 66 1
83 67 -1
84 67 1
106 67 -1
2025 67 1
93 68 -1
94 68 1
106 68 1
2051 68 1
94 69 -1
95 69 1
109 69 -1
2034 69 1
84 70 -1
85 70 1
110 70 -1
1654 70 1
85 71 -1
86 71 1
102 71 -1
1653 71 -1
101 72 -1
102 72 1
108 72 1
1685 72 1
108 73 -1
109 73 1
110 73 1
1675 73 1
112 74 -1
113 74 1
119 74 -1
902 74 1
113 75 -1
114 75 1
124 75 1
492 75 -1
124 76 -1
125 76 1
127 76 -1
489 76 1
118 77 -1
119 77 1
125 77 -1
892 77 -1
117 78 -1
118 78 1
132 78 1
2071 78 1
111 79 -1
112 79 1
120 79 1
1567 79 1
111 80 1
116 80 -1
146 80 1
1571 80 1
126 81 -1
127 81 1
133 81 -1
501 81 -1
137 82 -1
138 82 1
148 82 -1
2085 82 -1
132 83 -1
133 83 1
148 83 1
2075 83 -1
136 84 -1
137 84 1
149 84 1
2078 84 1
117 85 1
123 85 -1
150 85 -1
241 85 1
149 86 -1
150 86 1
156 86 1
240 86 -1
114 87 -1
115 87 1
128 87 1
306 87 -1
115 88 -1
116 88 1
145 88 -1
298 88 1
128 89 -1
129 89 1
145 89 1
304 89 -1
120 90 -1
121 90 1
151 90 1
2894 90 1
134 91 -1
135 91 1
152 91 -1
1044 91 -1
135 92 -1
136 92 1
157 92 -1
1043 92 1
156 93 -1
157 93 1
158 93 -1
252 93 1
122 94 -1
123 94 1
158 94 1
253 94 -1
121 95 -1
122 95 1
159 95 -1
1036 95 1
151 96 -1
152 96 1
159 96 1
1035 96 -1
126 97 1
131 97 -1
155 97 1
503 97 1
138 98 -1
139 98 1
155 98 -1
1009 98 1
134 99 1
143 99 -1
153 99 1
3293 99 1
140 100 -1
141 100 1
144 100 1
1207 100 -1
129 101 -1
130 101 1
144 101 -1
502 101 -1
130 102 -1
131 102 1
160 102 1
504 102 -1
139 103 -1
140 103 1
160 103 -1
1006 103 1
141 104 -1
142 104 1
147 104 -1
2634 104 -1
146 105 -1
147 105 1
154 105 -1
2633 105 -1
153 106 -1
154 106 1
161 106 -1
3155 106 -1
142 107 -1
143 107 1
161 107 1
3156 107 1
171 108 -1
172 108 1
177 108 1
1568 108 -1
165 109 -1
166 109 1
184 109 1
1792 109 1
164 110 -1
165 110 1
187 110 -1
1796 110 -1
184 111 -1
185 111 1
188 111 1
1791 111 -1
185 112 -1
186 112 1
193 112 1
1924 112 1
166 113 -1
167 113 1
186 113 -1
1923 113 -1
162 114 -1
163 114 1
170 114 1
900 114 1
170 115 -1
171 115 1
181 115 1
902 115 -1
181 116 -1
182 116 1
191 116 -1
883 116 1
163 117 -1
164 117 1
191 117 1
882 117 -1
176 118 1
180 118 -1
194 118 -1
2756 118 1
172 119 -1
173 119 1
176 119 -1
1570 119 -1
173 120 -1
174 120 1
196 120 1
1576 120 1
193 121 -1
194 121 1
196 121 -1
1929 121 1
174 122 -1
175 122 1
198 122 -1
1575 122 -1
162 123 1
169 123 -1
175 123 -1
1573 123 1
182 124 -1
183 124 1
192 124 1
2900 124 -1
177 125 -1
178 125 1
183 125 -1
2891 125 -1
187 126 1
190 126 -1
192 126 -1
1811 126 1
179 127 -1
180 127 1
195 127 1
2206 127 -1
178 128 -1
179 128 1
200 128 1
2207 128 -1
189 129 -1
190 129 1
200 129 -1
1786 129 1
188 130 -1
189 130 1
195 130 -1
1785 130 -1
167 131 -1
168 131 1
197 131 1
1911 131 1
168 132 -1
169 132 1
199 132 1
1939 132 1
197 133 -1
198 133 1
199 133 -1
1910 133 -1
201 134 1
205 134 -1
208 134 -1
2719 134 -1
207 135 -1
208 135 1
215 135 -1
2720 135 1
206 136 -1
207 136 1
211 136 1
2722 136 -1
206 137 1
210 137 -1
219 137 1
2724 137 -1
211 138 -1
212 138 1
218 138 -1
3048 138 -1
201 139 -1
202 139 1
216 139 1
3253 139 -1
202 140 -1
203 140 1
227 140 -1
1593 140 1
212 141 -1
213 141 1
228 141 1
3493 141 1
219 142 -1
220 142 1
224 142 -1
924 142 1
203 143 -1
204 143 1
225 143 1
914 143 1
204 144 -1
205 144 1
209 144 1
916 144 -1
209 145 -1
210 145 1
224 145 1
926 145 1
226 146 -1
227 146 1
231 146 1
1457 146 1
225 147 -1
226 147 1
234 147 -1
918 147 -1
220 148 -1
221 148 1
234 148 1
921 148 -1
213 149 -1
214 149 1
230 149 1
3324 149 1
214 150 -1
215 150 1
217 150 -1
3256 150 -1
216 151 -1
217 151 1
230 151 -1
3259 151 1
218 152 1
223 152 -1
229 152 -1
2871 152 -1
228 153 -1
229 153 1
233 153 -1
2872 153 1
221 154 -1
222 154 1
235 154 1
1448 154 1
222 155 -1
223 155 1
236 155 -1
2329 155 1
232 156 -1
233 156 1
236 156 1
2332 156 -1
231 157 -1
232 157 1
235 157 -1
1447 157 -1
242 158 1
245 158 -1
247 158 1
2092 158 1
237 159 -1
238 159 1
246 159 1
2068 159 1
238 160 -1
239 160 1
243 160 -1
2067 160 -1
242 161 -1
243 161 1
246 161 -1
2960 161 1
244 162 -1
245 162 1
250 162 1
2094 162 -1
239 163 -1
240 163 1
244 163 1
2077 163 -1
247 164 -1
248 164 1
251 164 -1
1045 164 -1
250 165 -1
251 165 1
252 165 -1
1042 165 -1
237 166 1
241 166 -1
249 166 -1
2084 166 -1
248 167 -1
249 167 1
253 167 1
1047 167 1
255 168 -1
256 168 1
262 168 1
2769 168 1
262 169 -1
263 169 1
266 169 1
2774 169 1
263 170 -1
264 170 1
271 170 -1
1218 170 1
264 171 -1
265 171 1
269 171 1
1212 171 1
256 172 -1
257 172 1
265 172 -1
2451 172 1
257 173 -1
258 173 1
269 173 -1
1208 173 1
254 174 -1
255 174 1
268 174 -1
2847 174 1
254 175 1
261 175 -1
278 175 1
2993 175 1
270 176 -1
271 176 1
272 176 1
555 176 1
258 177 -1
259 177 1
270 177 1
539 177 1
272 178 -1
273 178 1
275 178 1
550 178 -1
278 179 -1
279 179 1
280 179 1
2995 179 1
267 180 -1
268 180 1
279 180 -1
2853 180 -1
266 181 -1
267 181 1
274 181 -1
2861 181 -1
273 182 -1
274 182 1
277 182 -1
3244 182 -1
275 183 -1
276 183 1
284 183 -1
551 183 1
276 184 -1
277 184 1
285 184 1
3159 184 -1
280 185 -1
281 185 1
285 185 -1
3160 185 1
281 186 -1
282 186 1
286 186 1
2365 186 1
260 187 -1
261 187 1
282 187 -1
2355 187 -1
259 188 -1
260 188 1
283 188 1
543 188 -1
283 189 -1
284 189 1
286 189 -1
557 189 1
287 190 1
294 190 -1
308 190 -1
486 190 -1
287 191 -1
288 191 1
295 191 -1
1894 191 -1
295 192 1
297 192 -1
309 192 1
1895 192 1
288 193 -1
289 193 1
296 193 1
1527 193 -1
301 194 -1
302 194 1
311 194 -1
1519 194 -1
296 195 -1
297 195 1
311 195 1
1520 195 1
289 196 -1
290 196 1
313 196 1
1518 196 -1
290 197 -1
291 197 1
300 197 1
1940 197 -1
300 198 -1
301 198 1
313 198 -1
1515 198 1
291 199 -1
292 199 1
299 199 -1
2631 199 -1
292 200 -1
293 200 1
314 200 1
901 200 1
293 201 -1
294 201 1
305 201 1
491 201 -1
298 202 -1
299 202 1
315 202 -1
1573 202 -1
314 203 -1
315 203 1
316 203 -1
900 203 -1
305 204 -1
306 204 1
316 204 1
492 204 1
302 205 -1
303 205 1
312 205 1
1198 205 -1
303 206 -1
304 206 1
307 206 1
502 206 1
307 207 -1
308 207 1
310 207 -1
487 207 1
309 208 -1
310 208 1
312 208 -1
1199 208 1
327 209 -1
328 209 1
337 209 -1
2657 209 1
326 210 -1
327 210 1
333 210 -1
2797 210 1
328 211 -1
329 211 1
334 211 1
2654 211 1
320 212 -1
321 212 1
325 212 1
2884 212 -1
325 213 -1
326 213 1
332 213 1
2799 213 1
321 214 -1
322 214 1
332 214 -1
2796 214 1
329 215 -1
330 215 1
339 215 1
1966 215 -1
330 216 -1
331 216 1
341 216 1
992 216 -1
319 217 -1
320 217 1
331 217 -1
970 217 -1
318 218 -1
319 218 1
341 218 -1
971 218 1
334 219 -1
335 219 1
340 219 -1
1500 219 -1
339 220 -1
340 220 1
342 220 -1
1503 220 1
317 221 -1
318 221 1
342 221 1
1497 221 -1
335 222 -1
336 222 1
343 222 -1
1501 222 1
336 223 -1
337 223 1
338 223 -1
2665 223 1
317 224 1
324 224 -1
343 224 1
1498 224 1
323 225 -1
324 225 1
344 225 -1
3029 225 1
351 226 1
356 226 -1
358 226 1
645 226 -1
346 227 -1
347 227 1
357 227 1
2974 227 -1
351 228 -1
352 228 1
357 228 -1
2972 228 -1
347 229 -1
348 229 1
359 229 -1
2971 229 1
358 230 -1
359 230 1
361 230 -1
641 230 1
345 231 -1
346 231 1
362 231 -1
3431 231 1
352 232 -1
353 232 1
362 232 1
3430 232 -1
345 233 1
350 233 -1
364 233 -1
2997 233 1
353 234 -1
354 234 1
364 234 1
2998 234 -1
355 235 -1
356 235 1
360 235 1
654 235 -1
354 236 -1
355 236 1
365 236 -1
1885 236 -1
349 237 -1
350 237 1
365 237 1
1886 237 1
348 238 -1
349 238 1
363 238 -1
1893 238 -1
360 239 -1
361 239 1
363 239 1
648 239 1
367 240 -1
368 240 1
375 240 1
996 240 1
377 241 -1
378 241 1
384 241 -1
636 241 -1
370 242 -1
371 242 1
385 242 1
1972 242 -1
383 243 -1
384 243 1
385 243 -1
631 243 -1
376 244 -1
377 244 1
383 244 1
632 244 1
375 245 -1
376 245 1
380 245 1
998 245 -1
368 246 -1
369 246 1
379 246 -1
997 246 -1
369 247 -1
370 247 1
386 247 -1
1973 247 1
378 248 -1
379 248 1
386 248 1
1008 248 1
366 249 -1
367 249 1
382 249 -1
2809 249 1
366 250 1
374 250 -1
390 250 1
3495 250 -1
381 251 -1
382 251 1
390 251 -1
2820 251 -1
380 252 -1
381 252 1
387 252 1
2216 252 1
371 253 -1
372 253 1
389 253 -1
2210 253 -1
387 254 -1
388 254 1
391 254 1
2221 254 -1
388 255 -1
389 255 1
394 255 -1
2213 255 1
372 256 -1
373 256 1
393 256 1
533 256 1
373 257 -1
374 257 1
392 257 -1
532 257 -1
391 258 -1
392 258 1
395 258 -1
553 258 -1
393 259 -1
394 259 1
395 259 1
554 259 1
400 260 -1
401 260 1
405 260 1
601 260 -1
400 261 1
404 261 -1
411 261 1
596 261 1
401 262 -1
402 262 1
407 262 -1
602 262 1
405 263 -1
406 263 1
410 263 -1
2092 263 -1
406 264 -1
407 264 1
416 264 1
2961 264 -1
396 265 -1
397 265 1
408 265 1
2088 265 1
416 266 -1
417 266 1
420 266 1
2680 266 1
417 267 -1
418 267 1
423 267 -1
2675 267 1
408 268 -1
409 268 1
422 268 1
1161 268 -1
409 269 -1
410 269 1
421 269 -1
1167 269 1
420 270 -1
421 270 1
426 270 -1
1153 270 -1
422 271 -1
423 271 1
426 271 1
1154 271 1
403 272 -1
404 272 1
413 272 -1
600 272 -1
402 273 -1
403 273 1
419 273 -1
605 273 -1
418 274 -1
419 274 1
424 274 1
3053 274 -1
396 275 1
399 275 -1
425 275 -1
3052 275 1
424 276 -1
425 276 1
427 276 1
3054 276 1
413 277 1
415 277 -1
427 277 -1
3398 277 -1
411 278 -1
412 278 1
414 278 1
2096 278 1
397 279 -1
398 279 1
412 279 -1
2091 279 -1
398 280 -1
399 280 1
428 280 -1
3173 280 -1
414 281 -1
415 281 1
428 281 1
3177 281 -1
438 282 -1
439 282 1
443 282 -1
1992 282 1
439 283 -1
440 283 1
447 283 1
1996 283 -1
431 284 -1
432 284 1
447 284 -1
2002 284 -1
438 285 1
442 285 -1
444 285 1
3402 285 1
429 286 -1
430 286 1
461 286 -1
1636 286 1
430 287 -1
431 287 1
451 287 1
2233 287 1
440 288 -1
441 288 1
452 288 -1
2225 288 -1
441 289 -1
442 289 1
456 289 -1
3080 289 1
451 290 -1
452 290 1
462 290 1
2229 290 1
460 291 -1
461 291 1
464 291 -1
1635 291 -1
429 292 1
437 292 -1
460 292 1
1639 292 1
453 293 -1
454 293 1
470 293 -1
485 293 -1
454 294 -1
455 294 1
471 294 1
1901 294 1
455 295 -1
456 295 1
469 295 1
2214 295 -1
462 296 -1
463 296 1
469 296 -1
2211 296 1
463 297 -1
464 297 1
471 297 -1
1903 297 -1
432 298 -1
433 298 1
448 298 1
525 298 1
433 299 -1
434 299 1
465 299 1
516 299 -1
465 300 -1
466 300 1
475 300 -1
517 300 1
448 301 -1
449 301 1
475 301 1
523 301 1
434 302 -1
435 302 1
468 302 -1
2694 302 -1
453 303 1
459 303 -1
474 303 -1
493 303 -1
470 304 1
473 304 -1
474 304 1
486 304 1
443 305 1
446 305 -1
450 305 -1
1995 305 -1
467 306 -1
468 306 1
477 306 1
2697 306 -1
466 307 -1
467 307 1
476 307 -1
1851 307 1
449 308 -1
450 308 1
476 308 1
1848 308 1
444 309 -1
445 309 1
457 309 1
3403 309 -1
445 310 -1
446 310 1
481 310 1
3510 310 -1
477 311 -1
478 311 1
481 311 -1
3022 311 1
478 312 -1
479 312 1
482 312 1
2374 312 -1
458 313 -1
459 313 1
479 313 -1
2385 313 1
457 314 -1
458 314 1
482 314 -1
2375 314 1
436 315 -1
437 315 1
472 315 1
1900 315 -1
435 316 -1
436 316 1
480 316 -1
2594 316 1
472 317 -1
473 317 1
480 317 1
1894 317 1
483 318 -1
484 318 1
496 318 -1
630 318 1
484 319 -1
485 319 1
497 319 1
1901 319 -1
490 320 -1
491 320 1
493 320 1
899 320 -1
489 321 -1
490 321 1
500 321 -1
889 321 1
497 322 -1
498 322 1
500 322 1
2219 322 -1
483 323 1
488 323 -1
494 323 1
637 323 1
498 324 -1
499 324 1
501 324 1
2223 324 -1
495 325 -1
496 325 1
499 325 -1
633 325 -1
494 326 -1
495 326 1
503 326 -1
640 326 1
487 327 -1
488 327 1
504 327 1
1005 327 -1
508 328 -1
509 328 1
521 328 1
1240 328 -1
513 329 1
517 329 -1
521 329 -1
1247 329 -1
515 330 -1
516 330 1
518 330 1
2689 330 -1
505 331 1
512 331 -1
518 331 -1
2791 331 -1
513 332 -1
514 332 1
522 332 1
1253 332 -1
507 333 -1
508 333 1
522 333 -1
1241 333 1
514 334 -1
515 334 1
520 334 -1
2690 334 1
505 335 -1
506 335 1
519 335 1
3342 335 1
506 336 -1
507 336 1
528 336 1
3341 336 -1
519 337 -1
520 337 1
528 337 -1
3347 337 1
509 338 -1
510 338 1
524 338 -1
1716 338 1
523 339 -1
524 339 1
529 339 -1
1725 339 -1
525 340 -1
526 340 1
529 340 1
1731 340 -1
510 341 -1
511 341 1
530 341 1
1721 341 -1
511 342 -1
512 342 1
527 342 -1
2528 342 -1
526 343 -1
527 343 1
530 343 -1
1737 343 -1
544 344 1
551 344 -1
552 344 -1
2295 344 -1
534 345 -1
535 345 1
542 345 1
2650 345 -1
549 346 -1
550 346 1
555 346 -1
1217 346 -1
544 347 -1
545 347 1
553 347 1
2296 347 1
548 348 -1
549 348 1
561 348 -1
1211 348 -1
539 349 -1
540 349 1
561 349 1
1208 349 -1
533 350 -1
534 350 1
559 350 1
2647 350 1
552 351 1
554 351 -1
556 351 -1
2304 351 -1
556 352 1
558 352 -1
559 352 -1
2651 352 1
531 353 -1
532 353 1
562 353 1
1601 353 -1
545 354 -1
546 354 1
562 354 -1
1617 354 -1
531 355 1
538 355 -1
565 355 -1
1602 355 1
546 356 -1
547 356 1
565 356 1
1620 356 1
547 357 -1
548 357 1
564 357 -1
2460 357 1
535 358 -1
536 358 1
541 358 -1
3295 358 1
566 359 -1
567 359 1
569 359 1
2618 359 -1
563 360 -1
564 360 1
566 360 1
2459 360 -1
540 361 -1
541 361 1
563 361 1
2454 361 -1
557 362 -1
558 362 1
560 362 1
2367 362 1
542 363 -1
543 363 1
560 363 -1
2356 363 1
537 364 -1
538 364 1
568 364 -1
3357 364 -1
536 365 -1
537 365 1
571 365 1
3294 365 -1
569 366 -1
570 366 1
571 366 -1
2619 366 1
567 367 -1
568 367 1
570 367 -1
2623 367 1
572 368 -1
573 368 1
577 368 1
3051 368 1
573 369 -1
574 369 1
585 369 -1
2469 369 1
577 370 -1
578 370 1
586 370 -1
3013 370 -1
578 371 -1
579 371 1
590 371 -1
3008 371 -1
572 372 1
576 372 -1
579 372 -1
3409 372 -1
574 373 -1
575 373 1
580 373 1
2468 373 -1
575 374 -1
576 374 1
592 374 1
3408 374 1
589 375 -1
590 375 1
592 375 -1
3009 375 1
580 376 -1
581 376 1
589 376 1
2475 376 1
581 377 -1
582 377 1
591 377 -1
1119 377 -1
586 378 1
588 378 -1
591 378 1
1120 378 1
582 379 -1
583 379 1
593 379 1
1102 379 1
583 380 -1
584 380 1
594 380 -1
2472 380 1
593 381 -1
594 381 1
595 381 -1
1105 381 -1
587 382 -1
588 382 1
595 382 1
1125 382 1
584 383 -1
585 383 1
587 383 1
2474 383 -1
596 384 -1
597 384 1
601 384 1
2093 384 1
597 385 -1
598 385 1
603 385 -1
3237 385 -1
598 386 -1
599 386 1
604 386 1
3235 386 1
602 387 -1
603 387 1
604 387 -1
3234 387 -1
599 388 -1
600 388 1
605 388 1
3427 388 -1
607 389 -1
608 389 1
614 389 1
2993 389 -1
614 390 -1
615 390 1
617 390 1
1879 390 -1
608 391 -1
609 391 1
616 391 -1
2355 391 1
609 392 -1
610 392 1
621 392 1
1870 392 1
615 393 -1
616 393 1
621 393 -1
1877 393 1
610 394 -1
611 394 1
623 394 -1
1130 394 1
617 395 -1
618 395 1
622 395 1
733 395 -1
622 396 -1
623 396 1
625 396 -1
732 396 1
606 397 -1
607 397 1
620 397 -1
2994 397 1
606 398 1
613 398 -1
628 398 -1
2928 398 -1
619 399 -1
620 399 1
628 399 1
2935 399 1
618 400 -1
619 400 1
627 400 -1
719 400 1
611 401 -1
612 401 1
624 401 1
1134 401 -1
612 402 -1
613 402 1
629 402 -1
2058 402 -1
626 403 -1
627 403 1
629 403 1
718 403 -1
624 404 -1
625 404 1
626 404 1
725 404 -1
630 405 -1
631 405 1
634 405 1
1902 405 1
634 406 -1
635 406 1
638 406 -1
1204 406 1
635 407 -1
636 407 1
639 407 1
1004 407 -1
637 408 -1
638 408 1
639 408 -1
1005 408 1
632 409 -1
633 409 1
640 409 -1
1007 409 1
641 410 -1
642 410 1
647 410 -1
2964 410 1
646 411 -1
647 411 1
655 411 1
3301 411 1
642 412 -1
643 412 1
656 412 -1
2967 412 -1
657 413 -1
658 413 1
663 413 1
1850 413 1
655 414 -1
656 414 1
663 414 -1
3510 414 1
657 415 1
662 415 -1
664 415 -1
1847 415 -1
646 416 1
649 416 -1
664 416 1
1994 416 -1
644 417 -1
645 417 1
650 417 1
2877 417 -1
643 418 -1
644 418 1
665 418 1
2874 418 1
658 419 -1
659 419 1
665 419 -1
1849 419 -1
659 420 -1
660 420 1
668 420 1
1853 420 -1
651 421 -1
652 421 1
660 421 -1
1852 421 1
650 422 -1
651 422 1
668 422 -1
2870 422 1
652 423 -1
653 423 1
661 423 1
1724 423 -1
661 424 -1
662 424 1
667 424 -1
1725 424 1
653 425 -1
654 425 1
669 425 -1
1736 425 -1
666 426 -1
667 426 1
669 426 1
1728 426 1
648 427 -1
649 427 1
666 427 1
1892 427 -1
676 428 -1
677 428 1
684 428 -1
2953 428 1
683 429 -1
684 429 1
686 429 -1
2664 429 1
682 430 -1
683 430 1
687 430 1
2656 430 -1
671 431 -1
672 431 1
680 431 -1
1496 431 -1
687 432 -1
688 432 1
693 432 -1
1500 432 1
670 433 1
674 433 -1
681 433 1
1959 433 1
670 434 -1
671 434 1
694 434 1
1493 434 1
692 435 -1
693 435 1
694 435 -1
1503 435 -1
681 436 -1
682 436 1
692 436 1
1963 436 -1
677 437 -1
678 437 1
691 437 1
2952 437 -1
686 438 1
690 438 -1
691 438 -1
2667 438 -1
672 439 -1
673 439 1
675 439 1
1056 439 1
675 440 -1
676 440 1
685 440 1
1070 440 1
673 441 -1
674 441 1
685 441 -1
1055 441 -1
678 442 -1
679 442 1
696 442 -1
2718 442 -1
679 443 -1
680 443 1
695 443 -1
1504 443 -1
688 444 -1
689 444 1
695 444 1
1502 444 -1
689 445 -1
690 445 1
696 445 1
2668 445 1
704 446 -1
705 446 1
709 446 -1
3506 446 1
708 447 -1
709 447 1
715 447 -1
2933 447 1
703 448 -1
704 448 1
714 448 1
3531 448 -1
714 449 -1
715 449 1
716 449 1
2930 449 -1
702 450 -1
703 450 1
721 450 1
3254 450 1
697 451 1
699 451 -1
700 451 1
2059 451 1
716 452 -1
717 452 1
722 452 -1
2723 452 1
717 453 -1
718 453 1
724 453 1
2063 453 -1
700 454 -1
701 454 1
724 454 -1
2064 454 1
701 455 -1
702 455 1
723 455 1
2721 455 1
721 456 -1
722 456 1
723 456 -1
2720 456 -1
705 457 -1
706 457 1
710 457 1
1726 457 1
708 458 1
713 458 -1
720 458 -1
2934 458 1
726 459 1
728 459 -1
731 459 -1
1735 459 -1
710 460 -1
711 460 1
726 460 -1
1736 460 1
730 461 -1
731 461 1
732 461 -1
1143 461 -1
727 462 -1
728 462 1
730 462 1
1144 462 1
706 463 -1
707 463 1
727 463 1
1149 463 1
698 464 -1
699 464 1
707 464 -1
1139 464 -1
697 465 -1
698 465 1
725 465 1
1140 465 1
719 466 -1
720 466 1
729 466 -1
2935 466 -1
712 467 -1
713 467 1
729 467 1
2998 467 1
711 468 -1
712 468 1
733 468 1
1885 468 1
734 469 -1
735 469 1
738 469 -1
734 470 1
737 470 -1
739 470 1
2913 470 -1
738 471 1
741 471 -1
742 471 1
3529 471 -1
735 472 -1
736 472 1
744 472 -1
3260 472 1
736 473 -1
737 473 1
746 473 -1
2914 473 1
745 474 1
748 474 -1
749 474 1
1429 474 -1
745 475 -1
746 475 1
751 475 1
1430 475 1
743 476 -1
744 476 1
751 476 -1
1420 476 -1
742 477 -1
743 477 1
749 477 -1
1417 477 1
739 478 -1
740 478 1
747 478 1
1272 478 1
740 479 -1
741 479 1
750 479 1
1271 479 -1
747 480 -1
748 480 1
750 480 -1
1284 480 -1
759 481 -1
760 481 1
776 481 -1
1696 481 1
771 482 -1
772 482 1
776 482 1
1699 482 -1
758 483 -1
759 483 1
777 483 1
3405 483 -1
753 484 -1
754 484 1
758 484 1
2744 484 -1
754 485 -1
755 485 1
764 485 1
2743 485 1
764 486 -1
765 486 1
777 486 -1
3338 486 1
752 487 -1
753 487 1
761 487 -1
2747 487 -1
760 488 -1
761 488 1
780 488 -1
1694 488 -1
770 489 -1
771 489 1
780 489 1
1695 489 1
769 490 -1
770 490 1
781 490 -1
2838 490 -1
752 491 1
757 491 -1
781 491 1
2748 491 1
755 492 -1
756 492 1
763 492 -1
2198 492 -1
756 493 -1
757 493 1
782 493 -1
2201 493 -1
769 494 1
775 494 -1
782 494 1
2202 494 1
772 495 -1
773 495 1
779 495 -1
2281 495 1
762 496 1
768 496 -1
784 496 1
2271 496 1
762 497 -1
763 497 1
783 497 -1
2191 497 1
774 498 -1
775 498 1
783 498 1
2196 498 -1
773 499 -1
774 499 1
784 499 -1
2270 499 -1
765 500 -1
766 500 1
778 500 1
2158 500 1
778 501 -1
779 501 1
785 501 1
2161 501 -1
766 502 -1
767 502 1
787 502 1
2156 502 -1
767 503 -1
768 503 1
786 503 -1
2259 503 1
785 504 -1
786 504 1
787 504 -1
2157 504 1
788 505 1
793 505 -1
794 505 1
856 505 1
794 506 -1
795 506 1
802 506 -1
2748 506 -1
790 507 -1
791 507 1
797 507 1
862 507 -1
788 508 -1
789 508 1
803 508 1
873 508 -1
789 509 -1
790 509 1
813 509 -1
874 509 1
803 510 -1
804 510 1
813 510 1
1803 510 -1
804 511 -1
805 511 1
816 511 -1
2742 511 -1
792 512 -1
793 512 1
796 512 -1
861 512 -1
795 513 -1
796 513 1
809 513 -1
2339 513 1
791 514 -1
792 514 1
801 514 -1
863 514 1
797 515 -1
798 515 1
814 515 1
1250 515 1
798 516 -1
799 516 1
820 516 1
1252 516 1
799 517 -1
800 517 1
825 517 -1
2882 517 1
800 518 -1
801 518 1
819 518 -1
2332 518 1
802 519 1
807 519 -1
810 519 1
2749 519 -1
815 520 -1
816 520 1
817 520 1
3516 520 1
814 521 -1
815 521 1
821 521 -1
1249 521 -1
820 522 -1
821 522 1
822 522 1
1251 522 -1
822 523 -1
823 523 1
828 523 -1
3220 523 -1
806 524 -1
807 524 1
828 524 1
2750 524 -1
805 525 -1
806 525 1
817 525 -1
2736 525 1
808 526 1
812 526 -1
826 526 -1
2842 526 -1
808 527 -1
809 527 1
818 527 1
2340 527 -1
818 528 -1
819 528 1
826 528 1
2341 528 1
811 529 -1
812 529 1
827 529 1
853 529 -1
810 530 -1
811 530 1
829 530 -1
850 530 1
823 531 -1
824 531 1
829 531 1
849 531 -1
824 532 -1
825 532 1
827 532 -1
854 532 1
830 533 1
834 533 -1
839 533 -1
3446 533 1
830 534 -1
831 534 1
840 534 1
2776 534 1
831 535 -1
832 535 1
843 535 -1
2775 535 -1
843 536 1
846 536 -1
847 536 1
2783 536 -1
840 537 -1
841 537 1
847 537 -1
2779 537 1
832 538 -1
833 538 1
844 538 1
2284 538 1
833 539 -1
834 539 1
835 539 1
2287 539 -1
835 540 -1
836 540 1
851 540 1
2288 540 -1
851 541 -1
852 541 1
853 541 1
2290 541 1
844 542 -1
845 542 1
852 542 -1
2289 542 -1
845 543 -1
846 543 1
850 543 -1
2837 543 -1
836 544 -1
837 544 1
854 544 -1
3323 544 1
841 545 -1
842 545 1
848 545 1
3204 545 -1
838 546 -1
839 546 1
842 546 -1
3447 546 1
837 547 -1
838 547 1
855 547 -1
3322 547 -1
848 548 -1
849 548 1
855 548 1
3220 548 1
868 549 -1
869 549 1
872 549 1
1787 549 -1
857 550 -1
858 550 1
872 550 -1
1780 550 1
862 551 1
864 551 -1
871 551 -1
2867 551 -1
856 552 -1
857 552 1
873 552 1
1801 552 1
863 553 -1
864 553 1
865 553 1
2328 553 -1
867 554 -1
868 554 1
876 554 -1
1316 554 1
858 555 -1
859 555 1
876 555 1
1321 555 1
865 556 -1
866 556 1
878 556 -1
2310 556 1
866 557 -1
867 557 1
879 557 1
1307 557 1
859 558 -1
860 558 1
879 558 -1
1306 558 -1
860 559 -1
861 559 1
878 559 1
2316 559 -1
869 560 -1
870 560 1
875 560 -1
1810 560 -1
870 561 -1
871 561 1
877 561 1
2927 561 -1
874 562 -1
875 562 1
877 562 -1
1809 562 1
885 563 1
888 563 -1
893 563 -1
1823 563 -1
880 564 1
884 564 -1
885 564 -1
2992 564 -1
890 565 -1
891 565 1
893 565 1
1816 565 1
880 566 -1
881 566 1
886 566 1
2376 566 -1
887 567 -1
888 567 1
894 567 1
1820 567 1
886 568 -1
887 568 1
896 568 1
2381 568 -1
889 569 -1
890 569 1
894 569 -1
1815 569 -1
881 570 -1
882 570 1
898 570 -1
2377 570 1
891 571 -1
892 571 1
895 571 -1
2901 571 -1
883 572 -1
884 572 1
895 572 1
2900 572 1
896 573 -1
897 573 1
899 573 1
2385 573 -1
897 574 -1
898 574 1
901 574 -1
2383 574 1
903 575 1
908 575 -1
911 575 -1
903 576 -1
904 576 1
914 576 -1
1590 576 1
904 577 -1
905 577 1
917 577 1
1589 577 -1
905 578 -1
906 578 1
919 578 -1
1436 578 1
917 579 -1
918 579 1
919 579 1
1441 579 -1
910 580 -1
911 580 1
915 580 1
2056 580 -1
915 581 -1
916 581 1
927 581 -1
2061 581 -1
926 582 -1
927 582 1
929 582 -1
2063 582 1
909 583 -1
910 583 1
930 583 -1
2057 583 1
928 584 -1
929 584 1
930 584 1
2062 584 -1
924 585 -1
925 585 1
928 585 1
2911 585 -1
920 586 -1
921 586 1
925 586 -1
1453 586 1
909 587 1
913 587 -1
931 587 -1
2904 587 1
920 588 1
923 588 -1
931 588 1
1458 588 1
906 589 -1
907 589 1
922 589 1
1439 589 -1
907 590 -1
908 590 1
912 590 1
3374 590 -1
912 591 -1
913 591 1
932 591 -1
3376 591 -1
922 592 -1
923 592 1
932 592 1
1455 592 1
934 593 -1
935 593 1
942 593 -1
2709 593 1
933 594 -1
934 594 1
940 594 1
3064 594 1
935 595 -1
936 595 1
943 595 1
2711 595 1
933 596 1
939 596 -1
949 596 -1
3067 596 -1
949 597 1
951 597 -1
954 597 -1
1079 597 -1
943 598 -1
944 598 1
952 598 -1
2712 598 1
936 599 -1
937 599 1
952 599 1
3039 599 -1
956 600 -1
957 600 1
961 600 1
3038 600 1
938 601 -1
939 601 1
957 601 -1
3416 601 1
937 602 -1
938 602 1
961 602 -1
3037 602 -1
941 603 -1
942 603 1
948 603 -1
1757 603 1
940 604 -1
941 604 1
950 604 1
1756 604 1
950 605 -1
951 605 1
953 605 1
1080 605 -1
953 606 -1
954 606 1
958 606 1
1076 606 1
944 607 -1
945 607 1
962 607 1
2714 607 -1
955 608 -1
956 608 1
962 608 -1
2984 608 1
955 609 1
960 609 -1
964 609 -1
2978 609 -1
945 610 -1
946 610 1
964 610 1
2716 610 1
958 611 -1
959 611 1
963 611 1
1754 611 -1
959 612 -1
960 612 1
965 612 -1
3415 612 -1
946 613 -1
947 613 1
965 613 1
2717 613 -1
947 614 -1
948 614 1
963 614 -1
1759 614 -1
973 615 -1
974 615 1
981 615 -1
3163 615 1
968 616 -1
969 616 1
983 616 1
3132 616 1
969 617 -1
970 617 1
982 617 -1
2884 617 1
978 618 -1
979 618 1
982 618 1
2885 618 1
972 619 1
976 619 -1
994 619 1
1965 619 -1
972 620 -1
973 620 1
977 620 1
3162 620 -1
977 621 -1
978 621 1
991 621 1
2887 621 -1
991 622 -1
992 622 1
994 622 -1
1966 622 1
979 623 -1
980 623 1
984 623 -1
3103 623 1
983 624 -1
984 624 1
989 624 1
3092 624 1
985 625 -1
986 625 1
989 625 -1
3091 625 -1
980 626 -1
981 626 1
986 626 -1
3095 626 -1
967 627 -1
968 627 1
990 627 -1
3541 627 1
985 628 1
988 628 -1
990 628 1
3503 628 -1
974 629 -1
975 629 1
987 629 1
3144 629 1
975 630 -1
976 630 1
993 630 -1
1967 630 -1
966 631 1
971 631 -1
993 631 1
1961 631 -1
966 632 -1
967 632 1
995 632 -1
3142 632 -1
987 633 -1
988 633 1
995 633 1
3143 633 1
996 634 -1
997 634 1
999 634 1
2811 634 -1
1003 635 -1
1004 635 1
1008 635 -1
1185 635 1
999 636 -1
1000 636 1
1003 636 1
1184 636 -1
998 637 1
1002 637 -1
1007 637 -1
2217 637 -1
1000 638 -1
1001 638 1
1006 638 -1
1195 638 1
1001 639 -1
1002 639 1
1009 639 -1
2817 639 1
1019 640 1
1022 640 -1
1024 640 1
3089 640 -1
1015 641 1
1018 641 -1
1019 641 -1
3085 641 -1
1010 642 1
1014 642 -1
1016 642 -1
3542 642 1
1015 643 -1
1016 643 1
1020 643 1
3541 643 -1
1010 644 -1
1011 644 1
1027 644 1
3501 644 1
1011 645 -1
1012 645 1
1023 645 1
3199 645 1
1021 646 -1
1022 646 1
1023 646 -1
3202 646 1
1020 647 -1
1021 647 1
1027 647 -1
3503 647 1
1012 648 -1
1013 648 1
1025 648 -1
3201 648 -1
1013 649 -1
1014 649 1
1017 649 1
3505 649 -1
1017 650 -1
1018 650 1
1026 650 1
3086 650 1
1024 651 -1
1025 651 1
1026 651 -1
3090 651 1
1034 652 -1
1035 652 1
1040 652 -1
2798 652 -1
1028 653 -1
1029 653 1
1037 653 1
2796 653 -1
1029 654 -1
1030 654 1
1041 654 -1
3133 654 -1
1037 655 -1
1038 655 1
1041 655 1
2804 655 -1
1030 656 -1
1031 656 1
1042 656 1
2089 656 1
1032 657 -1
1033 657 1
1046 657 1
2498 657 1
1038 658 -1
1039 658 1
1043 658 -1
2808 658 1
1039 659 -1
1040 659 1
1044 659 1
2807 659 -1
1032 660 1
1036 660 -1
1047 660 -1
2898 660 1
1048 661 1
1051 661 -1
1052 661 -1
3451 661 1
1048 662 -1
1049 662 1
1057 662 1
3452 662 -1
1057 663 -1
1058 663 1
1064 663 1
1180 663 -1
1058 664 -1
1059 664 1
1061 664 -1
1187 664 1
1061 665 1
1063 665 -1
1067 665 1
1191 665 -1
1064 666 -1
1065 666 1
1067 666 -1
1181 666 1
1050 667 -1
1051 667 1
1053 667 1
3139 667 -1
1065 668 -1
1066 668 1
1068 668 1
3147 668 -1
1049 669 -1
1050 669 1
1066 669 -1
3140 669 1
1053 670 -1
1054 670 1
1071 670 1
1960 670 1
1054 671 -1
1055 671 1
1069 671 -1
1959 671 -1
1068 672 -1
1069 672 1
1071 672 -1
1964 672 1
1059 673 -1
1060 673 1
1062 673 1
1268 673 1
1052 674 1
1056 674 -1
1060 674 -1
3453 674 1
1062 675 -1
1063 675 1
1070 675 -1
1266 675 -1
1072 676 1
1075 676 -1
1084 676 1
1554 676 -1
1072 677 -1
1073 677 1
1076 677 -1
1745 677 1
1080 678 1
1083 678 -1
1084 678 -1
1557 678 1
1073 679 -1
1074 679 1
1077 679 1
3221 679 -1
1074 680 -1
1075 680 1
1087 680 -1
1555 680 1
1077 681 -1
1078 681 1
1089 681 -1
3222 681 1
1078 682 -1
1079 682 1
1081 682 1
3071 682 -1
1082 683 -1
1083 683 1
1085 683 1
1559 683 -1
1081 684 -1
1082 684 1
1090 684 1
1776 684 -1
1090 685 -1
1091 685 1
1092 685 1
1778 685 -1
1088 686 -1
1089 686 1
1091 686 -1
3225 686 1
1086 687 -1
1087 687 1
1088 687 1
1562 687 1
1085 688 -1
1086 688 1
1092 688 -1
1565 688 -1
1094 689 -1
1095 689 1
1099 689 1
3519 689 -1
1095 690 -1
1096 690 1
1109 690 -1
3509 690 1
1099 691 -1
1100 691 1
1111 691 -1
3521 691 -1
1100 692 -1
1101 692 1
1113 692 -1
3486 692 -1
1093 693 -1
1094 693 1
1101 693 -1
3485 693 -1
1093 694 1
1098 694 -1
1104 694 1
3317 694 -1
1096 695 -1
1097 695 1
1106 695 1
3508 695 -1
1097 696 -1
1098 696 1
1103 696 -1
3313 696 1
1106 697 -1
1107 697 1
1118 697 1
3014 697 1
1102 698 -1
1103 698 1
1123 698 1
2471 698 -1
1118 699 -1
1119 699 1
1123 699 -1
2475 699 -1
1108 700 -1
1109 700 1
1110 700 1
2190 700 -1
1107 701 -1
1108 701 1
1122 701 -1
2184 701 -1
1112 702 -1
1113 702 1
1114 702 -1
2187 702 -1
1110 703 -1
1111 703 1
1112 703 1
2189 703 -1
1104 704 -1
1105 704 1
1115 704 1
3320 704 -1
1114 705 1
1117 705 -1
1124 705 -1
2182 705 1
1125 706 -1
1126 706 1
1128 706 -1
2676 706 -1
1120 707 -1
1121 707 1
1128 707 1
2677 707 1
1121 708 -1
1122 708 1
1124 708 1
2181 708 -1
1115 709 -1
1116 709 1
1127 709 -1
3489 709 1
1116 710 -1
1117 710 1
1129 710 1
2682 710 -1
1126 711 -1
1127 711 1
1129 711 -1
2681 711 1
1136 712 -1
1137 712 1
1141 712 1
3072 712 -1
1130 713 -1
1131 713 1
1147 713 1
1870 713 -1
1142 714 -1
1143 714 1
1147 714 -1
1873 714 -1
1141 715 -1
1142 715 1
1146 715 -1
2358 715 -1
1131 716 -1
1132 716 1
1148 716 -1
2354 716 -1
1132 717 -1
1133 717 1
1135 717 1
2638 717 -1
1135 718 -1
1136 718 1
1145 718 1
2639 718 -1
1145 719 -1
1146 719 1
1148 719 1
2359 719 1
1137 720 -1
1138 720 1
1144 720 -1
1719 720 1
1138 721 -1
1139 721 1
1149 721 -1
1718 721 -1
1133 722 -1
1134 722 1
1140 722 -1
2056 722 1
1151 723 -1
1152 723 1
1157 723 1
2674 723 1
1152 724 -1
1153 724 1
1165 724 1
2678 724 -1
1157 725 -1
1158 725 1
1166 725 -1
2494 725 1
1165 726 -1
1166 726 1
1168 726 -1
2493 726 -1
1150 727 -1
1151 727 1
1156 727 -1
2673 727 -1
1150 728 1
1154 728 -1
1162 728 1
2677 728 -1
1162 729 -1
1163 729 1
1169 729 1
3013 729 1
1169 730 -1
1170 730 1
1175 730 1
3008 730 1
1155 731 1
1160 731 -1
1176 731 1
3411 731 -1
1155 732 -1
1156 732 1
1175 732 -1
3007 732 -1
1158 733 -1
1159 733 1
1174 733 -1
2504 733 1
1159 734 -1
1160 734 1
1177 734 -1
2547 734 -1
1176 735 -1
1177 735 1
1178 735 -1
2548 735 1
1170 736 -1
1171 736 1
1178 736 1
2550 736 1
1173 737 -1
1174 737 1
1179 737 -1
2488 737 1
1171 738 -1
1172 738 1
1179 738 1
2489 738 -1
1163 739 -1
1164 739 1
1172 739 -1
2490 739 1
1183 740 -1
1184 740 1
1194 740 -1
2821 740 1
1182 741 -1
1183 741 1
1192 741 1
3166 741 -1
1181 742 -1
1182 742 1
1201 742 -1
3152 742 1
1187 743 -1
1188 743 1
1197 743 -1
1257 743 -1
1180 744 1
1186 744 -1
1203 744 1
2606 744 1
1196 745 -1
1197 745 1
1203 745 -1
2593 745 -1
1196 746 1
1199 746 -1
1205 746 -1
1895 746 -1
1185 747 -1
1186 747 1
1206 747 -1
1984 747 1
1204 748 -1
1205 748 1
1206 748 1
1896 748 1
1188 749 -1
1189 749 1
1198 749 1
1254 749 1
1189 750 -1
1190 750 1
1207 750 1
1263 750 -1
1190 751 -1
1191 751 1
1202 751 -1
1267 751 1
1200 752 -1
1201 752 1
1202 752 1
3154 752 -1
1192 753 -1
1193 753 1
1200 753 1
3165 753 1
1193 754 -1
1194 754 1
1195 754 -1
2822 754 -1
1209 755 -1
1210 755 1
1216 755 -1
1332 755 -1
1210 756 -1
1211 756 1
1217 756 1
2461 756 -1
1209 757 1
1214 757 -1
1222 757 -1
1345 757 -1
1213 758 -1
1214 758 1
1226 758 -1
2462 758 1
1212 759 -1
1213 759 1
1227 759 -1
2467 759 -1
1227 760 1
1229 760 -1
1231 760 -1
2773 760 1
1218 761 -1
1219 761 1
1228 761 1
2774 761 -1
1230 762 -1
1231 762 1
1234 762 1
2851 762 1
1228 763 -1
1229 763 1
1230 763 1
2772 763 -1
1222 764 1
1224 764 -1
1225 764 1
1340 764 1
1225 765 -1
1226 765 1
1233 765 -1
3240 765 -1
1215 766 1
1221 766 -1
1232 766 1
3444 766 -1
1215 767 -1
1216 767 1
1223 767 1
1333 767 1
1223 768 -1
1224 768 1
1237 768 -1
1359 768 1
1232 769 -1
1233 769 1
1237 769 1
3236 769 -1
1219 770 -1
1220 770 1
1236 770 1
2857 770 -1
1220 771 -1
1221 771 1
1235 771 -1
3443 771 1
1234 772 -1
1235 772 1
1236 772 -1
2858 772 1
1239 773 -1
1240 773 1
1242 773 1
1841 773 1
1238 774 -1
1239 774 1
1244 774 -1
2008 774 1
1238 775 1
1241 775 -1
1251 775 1
3322 775 1
1243 776 -1
1244 776 1
1252 776 -1
2017 776 1
1242 777 -1
1243 777 1
1245 777 1
1844 777 -1
1245 778 -1
1246 778 1
1250 778 -1
1849 778 1
1248 779 -1
1249 779 1
1253 779 1
2698 779 1
1246 780 -1
1247 780 1
1248 780 1
1851 780 -1
1254 781 -1
1255 781 1
1258 781 -1
2625 781 1
1255 782 -1
1256 782 1
1259 782 1
2955 782 1
1258 783 1
1261 783 -1
1262 783 1
2629 783 -1
1256 784 -1
1257 784 1
1264 784 1
3333 784 -1
1259 785 -1
1260 785 1
1265 785 -1
2954 785 1
1260 786 -1
1261 786 1
1266 786 1
2953 786 -1
1264 787 -1
1265 787 1
1268 787 -1
3334 787 1
1262 788 -1
1263 788 1
1267 788 -1
2634 788 1
1274 789 -1
1275 789 1
1279 789 -1
3003 789 1
1269 790 1
1272 790 -1
1273 790 1
2917 790 -1
1273 791 -1
1274 791 1
1277 791 1
2920 791 -1
1277 792 -1
1278 792 1
1283 792 1
1434 792 -1
1278 793 -1
1279 793 1
1280 793 1
1427 793 -1
1269 794 -1
1270 794 1
1276 794 -1
1652 794 1
1275 795 -1
1276 795 1
1282 795 -1
1658 795 1
1270 796 -1
1271 796 1
1286 796 1
1651 796 -1
1281 797 -1
1282 797 1
1286 797 -1
1657 797 -1
1280 798 -1
1281 798 1
1285 798 1
1428 798 1
1283 799 -1
1284 799 1
1285 799 -1
1429 799 1
1289 800 -1
1290 800 1
1304 800 -1
2392 800 1
1298 801 -1
1299 801 1
1304 801 1
2405 801 -1
1288 802 -1
1289 802 1
1305 802 1
1410 802 -1
1290 803 -1
1291 803 1
1308 803 -1
2395 803 -1
1291 804 -1
1292 804 1
1310 804 1
1378 804 -1
1297 805 1
1302 805 -1
1310 805 -1
1370 805 1
1297 806 -1
1298 806 1
1308 806 1
2400 806 1
1303 807 1
1307 807 -1
1315 807 -1
2310 807 -1
1299 808 -1
1300 808 1
1303 808 -1
2311 808 1
1287 809 -1
1288 809 1
1319 809 1
1406 809 -1
1305 810 -1
1306 810 1
1319 810 -1
1407 810 1
1301 811 -1
1302 811 1
1311 811 1
1375 811 -1
1315 812 1
1318 812 -1
1320 812 1
2319 812 1
1300 813 -1
1301 813 1
1320 813 -1
2318 813 -1
1287 814 1
1296 814 -1
1321 814 -1
2203 814 -1
1311 815 -1
1312 815 1
1322 815 1
1393 815 1
1317 816 -1
1318 816 1
1322 816 -1
2925 816 -1
1316 817 -1
1317 817 1
1323 817 1
2208 817 -1
1292 818 -1
1293 818 1
1309 818 -1
1383 818 1
1293 819 -1
1294 819 1
1328 819 1
3116 819 -1
1309 820 1
1314 820 -1
1328 820 -1
1385 820 -1
1295 821 -1
1296 821 1
1324 821 -1
2204 821 1
1294 822 -1
1295 822 1
1329 822 -1
3117 822 1
1325 823 -1
1326 823 1
1329 823 1
3118 823 -1
1323 824 -1
1324 824 1
1325 824 1
2207 824 1
1312 825 -1
1313 825 1
1327 825 -1
1395 825 1
1313 826 -1
1314 826 1
1330 826 1
1392 826 1
1326 827 -1
1327 827 1
1330 827 -1
3119 827 -1
1331 828 1
1335 828 -1
1336 828 1
2293 828 1
1336 829 -1
1337 829 1
1346 829 1
2296 829 -1
1341 830 -1
1342 830 1
1354 830 1
1813 830 -1
1342 831 -1
1343 831 1
1351 831 1
3429 831 -1
1346 832 -1
1347 832 1
1351 832 -1
2306 832 -1
1347 833 -1
1348 833 1
1354 833 -1
1814 833 1
1331 834 -1
1332 834 1
1339 834 -1
2461 834 1
1340 835 -1
1341 835 1
1353 835 -1
1835 835 -1
1337 836 -1
1338 836 1
1352 836 1
3426 836 1
1338 837 -1
1339 837 1
1358 837 -1
2460 837 -1
1344 838 -1
1345 838 1
1358 838 1
2455 838 1
1343 839 -1
1344 839 1
1352 839 -1
3424 839 -1
1353 840 1
1357 840 -1
1359 840 -1
1836 840 1
1348 841 -1
1349 841 1
1355 841 1
1831 841 1
1333 842 -1
1334 842 1
1360 842 1
3445 842 1
1334 843 -1
1335 843 1
1350 843 -1
2303 843 -1
1349 844 -1
1350 844 1
1361 844 -1
2309 844 1
1355 845 -1
1356 845 1
1361 845 1
1833 845 -1
1356 846 -1
1357 846 1
1360 846 -1
1840 846 1
1370 847 -1
1371 847 1
1376 847 1
3107 847 -1
1364 848 -1
1365 848 1
1379 848 -1
2172 848 -1
1376 849 -1
1377 849 1
1379 849 1
3108 849 1
1365 850 -1
1366 850 1
1382 850 -1
2169 850 1
1377 851 -1
1378 851 1
1381 851 1
3111 851 -1
1381 852 -1
1382 852 1
1383 852 -1
3401 852 -1
1363 853 -1
1364 853 1
1380 853 1
2177 853 1
1371 854 -1
1372 854 1
1380 854 -1
3418 854 -1
1366 855 -1
1367 855 1
1384 855 1
2175 855 -1
1362 856 1
1369 856 -1
1389 856 -1
2187 856 1
1362 857 -1
1363 857 1
1386 857 -1
2185 857 1
1372 858 -1
1373 858 1
1386 858 1
3469 858 -1
1373 859 -1
1374 859 1
1389 859 1
3487 859 1
1384 860 -1
1385 860 1
1387 860 1
2674 860 -1
1374 861 -1
1375 861 1
1391 861 -1
3436 861 1
1390 862 -1
1391 862 1
1394 862 -1
3442 862 1
1368 863 -1
1369 863 1
1390 863 1
2188 863 -1
1367 864 -1
1368 864 1
1388 864 -1
2183 864 -1
1387 865 -1
1388 865 1
1392 865 -1
2679 865 1
1393 866 -1
1394 866 1
1395 866 -1
3363 866 1
1402 867 1
1404 867 -1
1409 867 1
2393 867 1
1397 868 -1
1398 868 1
1402 868 -1
2397 868 1
1409 869 -1
1410 869 1
1413 869 -1
2392 869 -1
1396 870 1
1401 870 -1
1405 870 1
2202 870 -1
1405 871 -1
1406 871 1
1411 871 1
2203 871 1
1403 872 -1
1404 872 1
1411 872 -1
2199 872 -1
1396 873 -1
1397 873 1
1403 873 1
2200 873 1
1398 874 -1
1399 874 1
1412 874 1
2406 874 -1
1412 875 -1
1413 875 1
1415 875 -1
2404 875 1
1407 876 -1
1408 876 1
1414 876 1
2839 876 -1
1400 877 -1
1401 877 1
1408 877 -1
2838 877 1
1399 878 -1
1400 878 1
1416 878 1
2841 878 -1
1414 879 -1
1415 879 1
1416 879 -1
2845 879 1
1417 880 -1
1418 880 1
1421 880 1
3530 880 -1
1421 881 -1
1422 881 1
1428 881 -1
3514 881 1
1426 882 -1
1427 882 1
1431 882 -1
3250 882 -1
1425 883 -1
1426 883 1
1432 883 1
3262 883 1
1422 884 -1
1423 884 1
1425 884 1
3507 884 -1
1430 885 -1
1431 885 1
1434 885 1
2918 885 1
1418 886 -1
1419 886 1
1424 886 -1
3479 886 1
1419 887 -1
1420 887 1
1433 887 -1
3261 887 1
1432 888 -1
1433 888 1
1435 888 -1
3263 888 1
1423 889 -1
1424 889 1
1435 889 1
3481 889 -1
1436 890 -1
1437 890 1
1440 890 1
2368 890 -1
1440 891 -1
1441 891 1
1442 891 1
1597 891 1
1448 892 -1
1449 892 1
1454 892 -1
2327 892 -1
1449 893 -1
1450 893 1
1455 893 -1
2323 893 1
1453 894 -1
1454 894 1
1458 894 -1
2909 894 1
1444 895 -1
1445 895 1
1452 895 -1
2314 895 1
1442 896 -1
1443 896 1
1457 896 -1
1596 896 -1
1443 897 -1
1444 897 1
1447 897 1
2341 897 -1
1437 898 -1
1438 898 1
1446 898 -1
3540 898 -1
1438 899 -1
1439 899 1
1456 899 -1
3371 899 1
1450 900 -1
1451 900 1
1456 900 1
2334 900 1
1451 901 -1
1452 901 1
1459 901 -1
2313 901 -1
1445 902 -1
1446 902 1
1459 902 1
3058 902 1
1462 903 -1
1463 903 1
1469 903 -1
1953 903 1
1463 904 -1
1464 904 1
1471 904 -1
1749 904 1
1460 905 -1
1461 905 1
1477 905 -1
1927 905 -1
1476 906 -1
1477 906 1
1486 906 1
1914 906 -1
1474 907 1
1479 907 -1
1480 907 1
1929 907 -1
1460 908 1
1466 908 -1
1487 908 -1
2022 908 -1
1486 909 -1
1487 909 1
1488 909 1
1937 909 -1
1475 910 -1
1476 910 1
1488 910 -1
1915 910 1
1474 911 -1
1475 911 1
1483 911 -1
1930 911 1
1470 912 -1
1471 912 1
1484 912 1
1752 912 1
1470 913 1
1473 913 -1
1481 913 -1
1755 913 1
1480 914 -1
1481 914 1
1490 914 -1
2758 914 -1
1467 915 -1
1468 915 1
1478 915 1
1926 915 -1
1468 916 -1
1469 916 1
1485 916 -1
1956 916 -1
1484 917 -1
1485 917 1
1492 917 -1
3127 917 -1
1489 918 -1
1490 918 1
1492 918 1
2763 918 -1
1478 919 -1
1479 919 1
1489 919 1
1933 919 1
1464 920 -1
1465 920 1
1472 920 1
1750 920 -1
1465 921 -1
1466 921 1
1491 921 -1
2023 921 1
1482 922 -1
1483 922 1
1491 922 1
2952 922 1
1472 923 -1
1473 923 1
1482 923 1
1758 923 1
1493 924 -1
1494 924 1
1497 924 1
1958 924 -1
1494 925 -1
1495 925 1
1499 925 -1
2703 925 1
1495 926 -1
1496 926 1
1504 926 1
2706 926 -1
1501 927 -1
1502 927 1
1505 927 1
2671 927 1
1498 928 -1
1499 928 1
1505 928 -1
2708 928 1
1510 929 -1
1511 929 1
1516 929 1
1936 929 -1
1506 930 1
1508 930 -1
1511 930 -1
2553 930 1
1509 931 1
1514 931 -1
1519 931 1
2630 931 1
1509 932 -1
1510 932 1
1515 932 -1
1934 932 1
1507 933 -1
1508 933 1
1512 933 1
3002 933 -1
1520 934 -1
1521 934 1
1525 934 1
2592 934 1
1506 935 -1
1507 935 1
1523 935 1
2555 935 -1
1512 936 -1
1513 936 1
1529 936 1
3004 936 -1
1513 937 -1
1514 937 1
1522 937 -1
3333 937 1
1521 938 -1
1522 938 1
1529 938 -1
3005 938 1
1516 939 -1
1517 939 1
1524 939 -1
1684 939 -1
1517 940 -1
1518 940 1
1528 940 -1
1682 940 1
1526 941 -1
1527 941 1
1528 941 1
1680 941 1
1525 942 -1
1526 942 1
1530 942 1
1671 942 1
1523 943 -1
1524 943 1
1530 943 -1
1672 943 -1
1534 944 -1
1535 944 1
1540 944 1
3198 944 -1
1546 945 -1
1547 945 1
1550 945 -1
2643 945 1
1540 946 -1
1541 946 1
1550 946 1
2641 946 1
1547 947 -1
1548 947 1
1553 947 -1
2644 947 1
1532 948 -1
1533 948 1
1545 948 1
2344 948 1
1533 949 -1
1534 949 1
1551 949 -1
2343 949 -1
1545 950 -1
1546 950 1
1551 950 1
2348 950 -1
1531 951 -1
1532 951 1
1549 951 -1
2261 951 -1
1548 952 -1
1549 952 1
1556 952 -1
2273 952 -1
1552 953 -1
1553 953 1
1554 953 1
1748 953 -1
1541 954 -1
1542 954 1
1552 954 1
1740 954 1
1542 955 -1
1543 955 1
1557 955 -1
1739 955 -1
1555 956 -1
1556 956 1
1561 956 -1
2276 956 1
1535 957 -1
1536 957 1
1544 957 -1
3285 957 1
1543 958 -1
1544 958 1
1558 958 1
3062 958 -1
1558 959 -1
1559 959 1
1564 959 -1
1772 959 -1
1536 960 -1
1537 960 1
1564 960 1
1761 960 1
1531 961 1
1539 961 -1
1560 961 1
2262 961 1
1560 962 -1
1561 962 1
1563 962 -1
2279 962 -1
1537 963 -1
1538 963 1
1565 963 1
1764 963 -1
1538 964 -1
1539 964 1
1566 964 1
3279 964 -1
1562 965 -1
1563 965 1
1566 965 -1
3223 965 1
1567 966 -1
1568 966 1
1569 966 1
2892 966 1
1571 967 -1
1572 967 1
1574 967 1
2632 967 1
1569 968 -1
1570 968 1
1572 968 -1
3289 968 1
1574 969 -1
1575 969 1
1576 969 -1
1931 969 -1
1577 970 1
1580 970 -1
1581 970 1
2101 970 -1
1577 971 -1
1578 971 1
1586 971 -1
2413 971 -1
1581 972 -1
1582 972 1
1585 972 1
2040 972 -1
1582 973 -1
1583 973 1
1587 973 -1
2029 973 1
1585 974 -1
1586 974 1
1587 974 1
2028 974 -1
1578 975 -1
1579 975 1
1588 975 -1
3480 975 1
1579 976 -1
1580 976 1
1584 976 -1
2102 976 1
1583 977 -1
1584 977 1
1588 977 1
2106 977 -1
1589 978 1
1592 978 -1
1597 978 -1
2368 978 1
1593 979 -1
1594 979 1
1595 979 1
2288 979 1
1595 980 -1
1596 980 1
1598 980 1
2292 980 -1
1591 981 -1
1592 981 1
1598 981 -1
2286 981 -1
1590 982 -1
1591 982 1
1594 982 -1
2287 982 1
1599 983 -1
1600 983 1
1605 983 1
3504 983 -1
1605 984 -1
1606 984 1
1611 984 1
2828 984 -1
1600 985 -1
1601 985 1
1613 985 -1
3495 985 1
1606 986 -1
1607 986 1
1614 986 1
2118 986 1
1612 987 -1
1613 987 1
1615 987 1
2121 987 1
1611 988 -1
1612 988 1
1614 988 -1
2117 988 -1
1615 989 -1
1616 989 1
1618 989 -1
2128 989 1
1607 990 -1
1608 990 1
1618 990 1
2132 990 -1
1599 991 1
1604 991 -1
1610 991 -1
1856 991 -1
1616 992 -1
1617 992 1
1620 992 -1
3426 992 -1
1602 993 -1
1603 993 1
1619 993 -1
3357 993 1
1603 994 -1
1604 994 1
1623 994 1
1854 994 1
1619 995 1
1622 995 -1
1623 995 -1
1865 995 -1
1608 996 -1
1609 996 1
1621 996 1
3180 996 1
1609 997 -1
1610 997 1
1624 997 -1
1869 997 -1
1621 998 -1
1622 998 1
1624 998 1
1868 998 -1
1625 999 1
1629 999 -1
1633 999 1
2950 999 1
1636 1000 -1
1637 1000 1
1642 1000 -1
2233 1000 -1
1626 1001 -1
1627 1001 1
1630 1001 1
3260 1001 -1
1630 1002 -1
1631 1002 1
1640 1002 -1
2790 1002 1
1625 1003 -1
1626 1003 1
1643 1003 1
2949 1003 -1
1633 1004 -1
1634 1004 1
1645 1004 -1
1978 1004 -1
1639 1005 -1
1640 1005 1
1647 1005 1
1906 1005 1
1634 1006 -1
1635 1006 1
1648 1006 1
1904 1006 1
1644 1007 -1
1645 1007 1
1648 1007 -1
1905 1007 -1
1643 1008 -1
1644 1008 1
1647 1008 -1
1908 1008 -1
1627 1009 -1
1628 1009 1
1632 1009 -1
2521 1009 1
1631 1010 -1
1632 1010 1
1641 1010 1
2528 1010 1
1641 1011 -1
1642 1011 1
1646 1011 1
2238 1011 1
1637 1012 -1
1638 1012 1
1646 1012 -1
2234 1012 1
1628 1013 -1
1629 1013 1
1638 1013 -1
2524 1013 -1
1655 1014 -1
1656 1014 1
1662 1014 1
3507 1014 1
1656 1015 -1
1657 1015 1
1665 1015 -1
3514 1015 -1
1666 1016 1
1669 1016 -1
1673 1016 1
2042 1016 -1
1662 1017 -1
1663 1017 1
1666 1017 -1
2108 1017 -1
1655 1018 1
1661 1018 -1
1667 1018 1
2684 1018 1
1658 1019 -1
1659 1019 1
1671 1019 -1
2597 1019 1
1650 1020 -1
1651 1020 1
1670 1020 -1
3025 1020 -1
1664 1021 -1
1665 1021 1
1670 1021 1
3028 1021 1
1663 1022 -1
1664 1022 1
1676 1022 1
2105 1022 1
1660 1023 -1
1661 1023 1
1679 1023 -1
2696 1023 1
1659 1024 -1
1660 1024 1
1680 1024 -1
2596 1024 -1
1652 1025 -1
1653 1025 1
1672 1025 1
2555 1025 1
1667 1026 -1
1668 1026 1
1678 1026 1
2683 1026 -1
1668 1027 -1
1669 1027 1
1675 1027 -1
2039 1027 -1
1684 1028 1
1685 1028 -1
1686 1028 1
1938 1028 -1
1682 1029 -1
1683 1029 1
1686 1029 -1
1944 1029 1
1678 1030 -1
1679 1030 1
1683 1030 -1
2700 1030 1
1649 1031 1
1654 1031 -1
1674 1031 -1
2024 1031 -1
1649 1032 -1
1650 1032 1
1681 1032 -1
2412 1032 -1
1676 1033 -1
1677 1033 1
1681 1033 1
2104 1033 -1
1673 1034 -1
1674 1034 1
1677 1034 -1
2040 1034 1
1687 1035 1
1691 1035 -1
1692 1035 1
2833 1035 -1
1687 1036 -1
1688 1036 1
1700 1036 1
2775 1036 1
1688 1037 -1
1689 1037 1
1698 1037 -1
2778 1037 -1
1696 1038 -1
1697 1038 1
1698 1038 1
2787 1038 -1
1693 1039 -1
1694 1039 1
1697 1039 -1
2788 1039 1
1692 1040 -1
1693 1040 1
1700 1040 -1
2785 1040 -1
1690 1041 -1
1691 1041 1
1695 1041 -1
2834 1041 1
1689 1042 -1
1690 1042 1
1699 1042 1
3404 1042 -1
1701 1043 -1
1702 1043 1
1705 1043 1
3513 1043 -1
1701 1044 1
1704 1044 -1
1709 1044 -1
3313 1044 -1
1708 1045 -1
1709 1045 1
1712 1045 1
2471 1045 1
1705 1046 -1
1706 1046 1
1712 1046 -1
2468 1046 1
1708 1047 1
1711 1047 -1
1714 1047 -1
2472 1047 -1
1702 1048 -1
1703 1048 1
1707 1048 -1
3394 1048 1
1703 1049 -1
1704 1049 1
1710 1049 1
3314 1049 1
1710 1050 -1
1711 1050 1
1715 1050 -1
3318 1050 1
1713 1051 -1
1714 1051 1
1715 1051 1
2476 1051 -1
1706 1052 -1
1707 1052 1
1713 1052 1
2470 1052 -1
1716 1053 -1
1717 1053 1
1722 1053 1
1841 1053 -1
1717 1054 -1
1718 1054 1
1727 1054 -1
2010 1054 -1
1722 1055 -1
1723 1055 1
1727 1055 1
1842 1055 1
1719 1056 -1
1720 1056 1
1732 1056 1
3538 1056 -1
1723 1057 -1
1724 1057 1
1726 1057 -1
1846 1057 -1
1732 1058 -1
1733 1058 1
1735 1058 1
1871 1058 1
1728 1059 -1
1729 1059 1
1733 1059 -1
1888 1059 1
1720 1060 -1
1721 1060 1
1734 1060 -1
2525 1060 1
1730 1061 -1
1731 1061 1
1737 1061 1
2004 1061 -1
1729 1062 -1
1730 1062 1
1734 1062 1
2006 1062 1
1741 1063 -1
1742 1063 1
1749 1063 -1
2018 1063 1
1740 1064 -1
1741 1064 1
1751 1064 -1
2642 1064 -1
1747 1065 -1
1748 1065 1
1751 1065 1
2646 1065 -1
1745 1066 -1
1746 1066 1
1753 1066 1
3122 1066 1
1746 1067 -1
1747 1067 1
1752 1067 -1
3125 1067 -1
1738 1068 -1
1739 1068 1
1756 1068 -1
3063 1068 1
1753 1069 -1
1754 1069 1
1755 1069 -1
3130 1069 1
1738 1070 1
1744 1070 -1
1757 1070 -1
2705 1070 -1
1742 1071 -1
1743 1071 1
1750 1071 1
2020 1071 -1
1743 1072 -1
1744 1072 1
1760 1072 1
2706 1072 1
1758 1073 -1
1759 1073 1
1760 1073 -1
2718 1073 1
1762 1074 -1
1763 1074 1
1767 1074 -1
1761 1075 -1
1762 1075 1
1765 1075 1
3285 1075 -1
1765 1076 -1
1766 1076 1
1771 1076 1
3229 1076 1
1766 1077 -1
1767 1077 1
1768 1077 1
3228 1077 -1
1771 1078 -1
1772 1078 1
1773 1078 -1
3069 1078 -1
1773 1079 1
1775 1079 -1
1776 1079 1
3070 1079 1
1774 1080 -1
1775 1080 1
1777 1080 1
3233 1080 -1
1768 1081 -1
1769 1081 1
1774 1081 1
3230 1081 -1
1763 1082 -1
1764 1082 1
1770 1082 -1
3277 1082 1
1777 1083 -1
1778 1083 1
1779 1083 -1
3284 1083 1
1769 1084 -1
1770 1084 1
1779 1084 1
3281 1084 1
1782 1085 -1
1783 1085 1
1789 1085 -1
2197 1085 1
1783 1086 -1
1784 1086 1
1790 1086 1
2192 1086 -1
1781 1087 -1
1782 1087 1
1799 1087 1
2198 1087 1
1788 1088 -1
1789 1088 1
1799 1088 -1
2745 1088 1
1780 1089 -1
1781 1089 1
1801 1089 -1
2201 1089 1
1790 1090 -1
1791 1090 1
1800 1090 1
2764 1090 1
1784 1091 -1
1785 1091 1
1800 1091 -1
2193 1091 1
1788 1092 1
1794 1092 -1
1802 1092 1
2741 1092 -1
1795 1093 1
1798 1093 -1
1804 1093 -1
2373 1093 1
1795 1094 -1
1796 1094 1
1805 1094 1
2377 1094 -1
1792 1095 -1
1793 1095 1
1797 1095 1
2938 1095 -1
1797 1096 -1
1798 1096 1
1809 1096 -1
3528 1096 1
1802 1097 -1
1803 1097 1
1808 1097 -1
2742 1097 1
1793 1098 -1
1794 1098 1
1808 1098 1
2948 1098 -1
1804 1099 1
1807 1099 -1
1810 1099 1
2372 1099 -1
1805 1100 -1
1806 1100 1
1811 1100 -1
2378 1100 1
1806 1101 -1
1807 1101 1
1812 1101 1
2382 1101 1
1786 1102 -1
1787 1102 1
1812 1102 -1
2208 1102 1
1820 1103 -1
1821 1103 1
1832 1103 -1
3304 1103 -1
1813 1104 1
1819 1104 -1
1824 1104 -1
2073 1104 1
1824 1105 1
1826 1105 -1
1835 1105 1
2069 1105 1
1814 1106 -1
1815 1106 1
1834 1106 -1
2308 1106 -1
1831 1107 -1
1832 1107 1
1834 1107 1
2307 1107 1
1816 1108 -1
1817 1108 1
1827 1108 1
2901 1108 1
1817 1109 -1
1818 1109 1
1838 1109 1
2897 1109 1
1818 1110 -1
1819 1110 1
1825 1110 1
2072 1110 -1
1825 1111 -1
1826 1111 1
1837 1111 -1
2068 1111 -1
1836 1112 -1
1837 1112 1
1839 1112 -1
2962 1112 1
1828 1113 -1
1829 1113 1
1839 1113 1
2963 1113 -1
1827 1114 -1
1828 1114 1
1838 1114 -1
2896 1114 -1
1821 1115 -1
1822 1115 1
1833 1115 1
3306 1115 -1
1822 1116 -1
1823 1116 1
1830 1116 -1
3360 1116 -1
1829 1117 -1
1830 1117 1
1840 1117 -1
3361 1117 1
1842 1118 -1
1843 1118 1
1845 1118 1
2011 1118 1
1845 1119 -1
1846 1119 1
1852 1119 -1
3506 1119 -1
1843 1120 -1
1844 1120 1
1853 1120 1
2015 1120 -1
1847 1121 1
1848 1121 -1
1850 1121 -1
1995 1121 1
1854 1122 -1
1855 1122 1
1857 1122 1
3356 1122 -1
1857 1123 -1
1858 1123 1
1863 1123 -1
2727 1123 1
1862 1124 -1
1863 1124 1
1864 1124 1
2620 1124 -1
1858 1125 -1
1859 1125 1
1862 1125 1
2613 1125 1
1864 1126 -1
1865 1126 1
1867 1126 -1
2623 1126 -1
1859 1127 -1
1860 1127 1
1866 1127 1
2616 1127 -1
1866 1128 -1
1867 1128 1
1868 1128 1
2624 1128 -1
1855 1129 -1
1856 1129 1
1861 1129 -1
3505 1129 1
1860 1130 -1
1861 1130 1
1869 1130 1
3174 1130 -1
1872 1131 -1
1873 1131 1
1874 1131 -1
2358 1131 1
1874 1132 1
1876 1132 -1
1880 1132 -1
2357 1132 -1
1875 1133 -1
1876 1133 1
1881 1133 1
3075 1133 1
1871 1134 -1
1872 1134 1
1875 1134 1
3074 1134 -1
1880 1135 1
1883 1135 -1
1884 1135 1
2361 1135 1
1878 1136 -1
1879 1136 1
1887 1136 -1
2995 1136 -1
1877 1137 -1
1878 1137 1
1884 1137 -1
2364 1137 -1
1881 1138 -1
1882 1138 1
1888 1138 -1
2005 1138 -1
1882 1139 -1
1883 1139 1
1889 1139 1
2007 1139 1
1889 1140 -1
1890 1140 1
1892 1140 1
2003 1140 -1
1886 1141 -1
1887 1141 1
1891 1141 -1
2996 1141 -1
1890 1142 -1
1891 1142 1
1893 1142 1
3248 1142 1
1902 1143 -1
1903 1143 1
1904 1143 -1
1976 1143 1
1896 1144 -1
1897 1144 1
1905 1144 1
1979 1144 1
1897 1145 -1
1898 1145 1
1907 1145 1
2602 1145 1
1898 1146 -1
1899 1146 1
1909 1146 -1
2601 1146 -1
1899 1147 -1
1900 1147 1
1906 1147 -1
2607 1147 -1
1907 1148 -1
1908 1148 1
1909 1148 1
2951 1148 1
1911 1149 -1
1912 1149 1
1928 1149 -1
1943 1149 1
1922 1150 -1
1923 1150 1
1928 1150 1
2936 1150 1
1910 1151 1
1916 1151 -1
1931 1151 1
1942 1151 -1
1917 1152 1
1920 1152 -1
1921 1152 1
2939 1152 -1
1912 1153 -1
1913 1153 1
1932 1153 1
1944 1153 -1
1921 1154 -1
1922 1154 1
1932 1154 -1
2943 1154 1
1915 1155 -1
1916 1155 1
1930 1155 -1
1945 1155 -1
1918 1156 -1
1919 1156 1
1926 1156 1
1951 1156 1
1919 1157 -1
1920 1157 1
1925 1157 -1
2940 1157 1
1924 1158 -1
1925 1158 1
1933 1158 -1
2764 1158 -1
1935 1159 -1
1936 1159 1
1937 1159 1
2557 1159 -1
1934 1160 -1
1935 1160 1
1941 1160 1
2626 1160 -1
1939 1161 -1
1940 1161 1
1943 1161 -1
2631 1161 1
1941 1162 -1
1942 1162 1
1945 1162 1
2627 1162 1
1946 1163 -1
1947 1163 1
1953 1163 -1
2018 1163 -1
1947 1164 -1
1948 1164 1
1954 1164 1
2582 1164 1
1949 1165 -1
1950 1165 1
1954 1165 -1
2586 1165 1
1949 1166 1
1952 1166 -1
1955 1166 1
3169 1166 1
1955 1167 -1
1956 1167 1
1957 1167 1
3339 1167 1
1951 1168 -1
1952 1168 1
1957 1168 -1
3171 1168 1
1962 1169 -1
1963 1169 1
1965 1169 1
3149 1169 -1
1962 1170 1
1964 1170 -1
1967 1170 1
3148 1170 1
1958 1171 1
1960 1171 -1
1961 1171 1
3141 1171 -1
1971 1172 -1
1972 1172 1
1977 1172 -1
2209 1172 1
1976 1173 -1
1977 1173 1
1982 1173 1
2215 1173 -1
1970 1174 -1
1971 1174 1
1982 1174 -1
3121 1174 1
1969 1175 -1
1970 1175 1
1978 1175 1
2950 1175 -1
1979 1176 -1
1980 1176 1
1983 1176 -1
2602 1176 -1
1968 1177 -1
1969 1177 1
1981 1177 -1
2915 1177 -1
1980 1178 -1
1981 1178 1
1989 1178 -1
2919 1178 -1
1983 1179 1
1986 1179 -1
1988 1179 1
2598 1179 -1
1988 1180 -1
1989 1180 1
1990 1180 1
2920 1180 1
1968 1181 1
1975 1181 -1
1990 1181 -1
2916 1181 1
1984 1182 -1
1985 1182 1
1987 1182 -1
2606 1182 -1
1985 1183 -1
1986 1183 1
1991 1183 -1
2599 1183 1
1974 1184 -1
1975 1184 1
1991 1184 1
3000 1184 1
1973 1185 -1
1974 1185 1
1987 1185 1
3452 1185 1
1996 1186 1
1999 1186 -1
2000 1186 1
2226 1186 1
1992 1187 -1
1993 1187 1
1997 1187 1
3243 1187 1
1993 1188 -1
1994 1188 1
2003 1188 1
3247 1188 1
1998 1189 -1
1999 1189 1
2005 1189 1
3526 1189 1
1997 1190 -1
1998 1190 1
2007 1190 -1
3242 1190 -1
2001 1191 -1
2002 1191 1
2004 1191 1
2238 1191 -1
2000 1192 -1
2001 1192 1
2006 1192 -1
2239 1192 -1
2011 1193 -1
2012 1193 1
2013 1193 1
3257 1193 1
2009 1194 -1
2010 1194 1
2012 1194 -1
3251 1194 -1
2008 1195 -1
2009 1195 1
2016 1195 -1
3252 1195 1
2013 1196 -1
2014 1196 1
2016 1196 1
3258 1196 -1
2014 1197 -1
2015 1197 1
2017 1197 -1
2873 1197 -1
2021 1198 -1
2022 1198 1
2023 1198 -1
2558 1198 -1
2019 1199 -1
2020 1199 1
2021 1199 1
2554 1199 -1
2024 1200 1
2027 1200 -1
2028 1200 1
2410 1200 1
2031 1201 -1
2032 1201 1
2044 1201 -1
3348 1201 1
2035 1202 -1
2036 1202 1
2044 1202 1
3353 1202 -1
2034 1203 -1
2035 1203 1
2043 1203 -1
3168 1203 -1
2036 1204 -1
2037 1204 1
2048 1204 1
3344 1204 1
2029 1205 -1
2030 1205 1
2041 1205 1
2106 1205 1
2030 1206 -1
2031 1206 1
2047 1206 -1
3350 1206 -1
2047 1207 1
2050 1207 -1
2052 1207 -1
3354 1207 -1
2041 1208 -1
2042 1208 1
2052 1208 1
2109 1208 1
2037 1209 -1
2038 1209 1
2054 1209 1
2701 1209 -1
2038 1210 -1
2039 1210 1
2053 1210 -1
2683 1210 1
2049 1211 -1
2050 1211 1
2053 1211 1
2688 1211 -1
2048 1212 -1
2049 1212 1
2054 1212 -1
2702 1212 1
2043 1213 1
2046 1213 -1
2051 1213 -1
2589 1213 1
2026 1214 -1
2027 1214 1
2033 1214 -1
3269 1214 -1
2025 1215 -1
2026 1215 1
2055 1215 1
2584 1215 -1
2045 1216 -1
2046 1216 1
2055 1216 -1
2591 1216 1
2032 1217 -1
2033 1217 1
2045 1217 1
3276 1217 -1
2060 1218 -1
2061 1218 1
2065 1218 -1
2719 1218 1
2057 1219 -1
2058 1219 1
2062 1219 1
2903 1219 -1
2064 1220 -1
2065 1220 1
2066 1220 1
2721 1220 -1
2059 1221 -1
2060 1221 1
2066 1221 -1
3251 1221 1
2067 1222 1
2070 1222 -1
2082 1222 -1
3237 1222 1
2076 1223 -1
2077 1223 1
2082 1223 1
3286 1223 1
2069 1224 -1
2070 1224 1
2083 1224 -1
3239 1224 -1
2076 1225 1
2081 1225 -1
2083 1225 1
3329 1225 -1
2078 1226 -1
2079 1226 1
2085 1226 1
3327 1226 -1
2071 1227 -1
2072 1227 1
2084 1227 1
2897 1227 -1
2079 1228 -1
2080 1228 1
2086 1228 -1
3328 1228 -1
2080 1229 -1
2081 1229 1
2087 1229 1
3330 1229 1
2073 1230 -1
2074 1230 1
2087 1230 -1
3429 1230 1
2074 1231 -1
2075 1231 1
2086 1231 1
3450 1231 1
2093 1232 -1
2094 1232 1
2095 1232 -1
3286 1232 -1
2089 1233 -1
2090 1233 1
2098 1233 -1
2110 1233 1
2095 1234 1
2097 1234 -1
2098 1234 1
2140 1234 -1
2090 1235 -1
2091 1235 1
2099 1235 1
2113 1235 -1
2096 1236 -1
2097 1236 1
2099 1236 -1
2144 1236 -1
2100 1237 -1
2101 1237 1
2104 1237 1
2414 1237 1
2100 1238 1
2103 1238 -1
2105 1238 -1
3026 1238 1
2102 1239 -1
2103 1239 1
2107 1239 1
3479 1239 -1
2107 1240 -1
2108 1240 1
2109 1240 -1
3481 1240 1
2119 1241 1
2121 1241 -1
2124 1241 1
3449 1241 -1
2111 1242 -1
2112 1242 1
2130 1242 -1
3086 1242 -1
2114 1243 1
2118 1243 -1
2130 1243 1
2830 1243 -1
2122 1244 1
2126 1244 -1
2135 1244 1
3097 1244 1
2116 1245 -1
2117 1245 1
2120 1245 -1
2827 1245 1
2122 1246 -1
2123 1246 1
2134 1246 -1
3101 1246 -1
2119 1247 -1
2120 1247 1
2123 1247 -1
3367 1247 1
2114 1248 -1
2115 1248 1
2133 1248 1
2832 1248 1
2115 1249 -1
2116 1249 1
2138 1249 1
2831 1249 1
2133 1250 -1
2134 1250 1
2138 1250 -1
3087 1250 1
2110 1251 -1
2111 1251 1
2136 1251 -1
3083 1251 1
2135 1252 -1
2136 1252 1
2137 1252 -1
3096 1252 -1
2125 1253 -1
2126 1253 1
2137 1253 1
3327 1253 1
2124 1254 -1
2125 1254 1
2127 1254 -1
3328 1254 1
2127 1255 1
2129 1255 -1
2139 1255 1
3330 1255 -1
2139 1256 -1
2140 1256 1
2142 1256 -1
3329 1256 1
2141 1257 -1
2142 1257 1
2143 1257 1
3423 1257 -1
2128 1258 -1
2129 1258 1
2141 1258 1
3424 1258 1
2112 1259 -1
2113 1259 1
2131 1259 1
3174 1259 1
2143 1260 -1
2144 1260 1
2145 1260 -1
3179 1260 1
2131 1261 -1
2132 1261 1
2145 1261 1
3180 1261 -1
2147 1262 -1
2148 1262 1
2151 1262 -1
2242 1262 1
2151 1263 1
2153 1263 -1
2154 1263 1
2246 1263 1
2154 1264 -1
2155 1264 1
2162 1264 -1
2257 1264 -1
2162 1265 1
2165 1265 -1
2166 1265 -1
2587 1265 -1
2155 1266 -1
2156 1266 1
2166 1266 1
2258 1266 -1
2146 1267 1
2150 1267 -1
2160 1267 -1
3267 1267 1
2146 1268 -1
2147 1268 1
2152 1268 1
3266 1268 -1
2152 1269 -1
2153 1269 1
2163 1269 1
2584 1269 1
2164 1270 -1
2165 1270 1
2167 1270 -1
2590 1270 1
2163 1271 -1
2164 1271 1
2168 1271 1
2591 1271 -1
2159 1272 -1
2160 1272 1
2168 1272 -1
3274 1272 -1
2158 1273 -1
2159 1273 1
2167 1273 1
3338 1273 -1
2148 1274 -1
2149 1274 1
2157 1274 -1
2244 1274 -1
2149 1275 -1
2150 1275 1
2161 1275 1
2265 1275 -1
2169 1276 -1
2170 1276 1
2173 1276 1
3524 1276 -1
2170 1277 -1
2171 1277 1
2180 1277 1
3017 1277 1
2171 1278 -1
2172 1278 1
2176 1278 -1
3018 1278 -1
2174 1279 -1
2175 1279 1
2181 1279 1
2673 1279 1
2173 1280 -1
2174 1280 1
2180 1280 -1
3016 1280 -1
2176 1281 1
2179 1281 -1
2184 1281 1
3015 1281 -1
2185 1282 -1
2186 1282 1
2189 1282 1
3465 1282 1
2177 1283 -1
2178 1283 1
2186 1283 -1
3419 1283 1
2178 1284 -1
2179 1284 1
2190 1284 1
3420 1284 -1
2182 1285 -1
2183 1285 1
2188 1285 1
2682 1285 1
2191 1286 -1
2192 1286 1
2197 1286 -1
2946 1286 -1
2194 1287 -1
2195 1287 1
2199 1287 1
2730 1287 1
2193 1288 -1
2194 1288 1
2205 1288 -1
2766 1288 -1
2195 1289 -1
2196 1289 1
2200 1289 -1
2733 1289 1
2204 1290 -1
2205 1290 1
2206 1290 1
2759 1290 1
2209 1291 -1
2210 1291 1
2212 1291 -1
3076 1291 1
2211 1292 -1
2212 1292 1
2215 1292 1
3077 1292 -1
2213 1293 -1
2214 1293 1
2218 1293 1
2305 1293 -1
2216 1294 -1
2217 1294 1
2222 1294 1
2819 1294 -1
2218 1295 -1
2219 1295 1
2220 1295 1
2308 1295 1
2222 1296 -1
2223 1296 1
2224 1296 -1
3450 1296 -1
2220 1297 -1
2221 1297 1
2224 1297 1
2306 1297 1
2229 1298 -1
2230 1298 1
2235 1298 -1
3077 1298 1
2225 1299 1
2228 1299 -1
2232 1299 -1
3079 1299 -1
2227 1300 -1
2228 1300 1
2240 1300 1
3161 1300 -1
2230 1301 -1
2231 1301 1
2236 1301 1
2653 1301 1
2231 1302 -1
2232 1302 1
2241 1302 -1
2651 1302 -1
2234 1303 -1
2235 1303 1
2237 1303 -1
2531 1303 1
2242 1304 -1
2243 1304 1
2245 1304 -1
2342 1304 1
2245 1305 1
2247 1305 -1
2248 1305 1
2345 1305 1
2248 1306 -1
2249 1306 1
2251 1306 1
2347 1306 1
2246 1307 -1
2247 1307 1
2255 1307 1
2583 1307 -1
2255 1308 -1
2256 1308 1
2257 1308 1
2585 1308 1
2251 1309 -1
2252 1309 1
2256 1309 -1
2645 1309 -1
2243 1310 -1
2244 1310 1
2250 1310 -1
2260 1310 1
2249 1311 -1
2250 1311 1
2254 1311 -1
2274 1311 -1
2252 1312 -1
2253 1312 1
2258 1312 1
3045 1312 1
2253 1313 -1
2254 1313 1
2259 1313 -1
2275 1313 1
2267 1314 -1
2268 1314 1
2277 1314 -1
3126 1314 -1
2266 1315 1
2272 1315 -1
2273 1315 1
3044 1315 -1
2266 1316 -1
2267 1316 1
2282 1316 -1
3124 1316 1
2276 1317 -1
2277 1317 1
2282 1317 1
3123 1317 -1
2263 1318 -1
2264 1318 1
2280 1318 1
2728 1318 -1
2269 1319 -1
2270 1319 1
2280 1319 -1
2733 1319 -1
2268 1320 -1
2269 1320 1
2278 1320 1
2734 1320 -1
2260 1321 -1
2261 1321 1
2274 1321 1
2344 1321 -1
2262 1322 -1
2263 1322 1
2283 1322 -1
2729 1322 1
2278 1323 -1
2279 1323 1
2283 1323 1
2735 1323 1
2271 1324 -1
2272 1324 1
2275 1324 -1
3047 1324 -1
2264 1325 -1
2265 1325 1
2281 1325 -1
3404 1325 1
2284 1326 -1
2285 1326 1
2289 1326 1
2833 1326 1
2285 1327 -1
2286 1327 1
2291 1327 -1
2836 1327 -1
2290 1328 -1
2291 1328 1
2292 1328 1
2842 1328 1
2293 1329 -1
2294 1329 1
2300 1329 1
3244 1329 1
2294 1330 -1
2295 1330 1
2299 1330 -1
3159 1330 1
2298 1331 -1
2299 1331 1
2304 1331 1
3081 1331 1
2297 1332 -1
2298 1332 1
2305 1332 1
3082 1332 -1
2297 1333 1
2302 1333 -1
2307 1333 -1
3245 1333 1
2300 1334 -1
2301 1334 1
2303 1334 1
3249 1334 1
2301 1335 -1
2302 1335 1
2309 1335 -1
3248 1335 -1
2319 1336 -1
2320 1336 1
2328 1336 1
2868 1336 1
2311 1337 -1
2312 1337 1
2333 1337 1
3060 1337 1
2323 1338 -1
2324 1338 1
2333 1338 -1
3377 1338 1
2317 1339 -1
2318 1339 1
2324 1339 -1
3438 1339 -1
2312 1340 -1
2313 1340 1
2334 1340 -1
3057 1340 -1
2317 1341 1
2322 1341 -1
2325 1341 1
3433 1341 -1
2329 1342 -1
2330 1342 1
2335 1342 1
2883 1342 1
2325 1343 -1
2326 1343 1
2337 1343 1
2907 1343 -1
2326 1344 -1
2327 1344 1
2336 1344 -1
2909 1344 -1
2335 1345 -1
2336 1345 1
2337 1345 -1
2908 1345 1
2314 1346 -1
2315 1346 1
2340 1346 1
2843 1346 1
2315 1347 -1
2316 1347 1
2339 1347 -1
2839 1347 1
2320 1348 -1
2321 1348 1
2331 1348 -1
2879 1348 1
2321 1349 -1
2322 1349 1
2338 1349 -1
3430 1349 1
2330 1350 -1
2331 1350 1
2338 1350 1
2881 1350 -1
2342 1351 -1
2343 1351 1
2346 1351 -1
3198 1351 1
2345 1352 -1
2346 1352 1
2349 1352 -1
2641 1352 -1
2347 1353 -1
2348 1353 1
2349 1353 1
2643 1353 -1
2350 1354 -1
2351 1354 1
2354 1354 1
2635 1354 -1
2350 1355 1
2353 1355 -1
2360 1355 1
2636 1355 1
2357 1356 1
2359 1356 -1
2360 1356 -1
2640 1356 -1
2361 1357 -1
2362 1357 1
2366 1357 -1
3157 1357 1
2364 1358 1
2365 1358 -1
2366 1358 1
3160 1358 -1
2351 1359 -1
2352 1359 1
2356 1359 -1
2650 1359 1
2352 1360 -1
2353 1360 1
2363 1360 -1
2649 1360 -1
2362 1361 -1
2363 1361 1
2367 1361 -1
2652 1361 -1
2370 1362 -1
2371 1362 1
2379 1362 -1
3359 1362 1
2376 1363 1
2378 1363 -1
2379 1363 1
2992 1363 1
2371 1364 -1
2372 1364 1
2382 1364 -1
2926 1364 -1
2369 1365 -1
2370 1365 1
2380 1365 1
3305 1365 1
2380 1366 -1
2381 1366 1
2384 1366 -1
3304 1366 1
2369 1367 1
2375 1367 -1
2384 1367 1
3303 1367 -1
2373 1368 -1
2374 1368 1
2383 1368 -1
3021 1368 -1
2401 1369 -1
2402 1369 1
2404 1369 -1
3055 1369 1
2400 1370 -1
2401 1370 1
2405 1370 1
3059 1370 -1
2388 1371 -1
2389 1371 1
2397 1371 -1
2728 1371 1
2387 1372 -1
2388 1372 1
2406 1372 1
3543 1372 1
2393 1373 -1
2394 1373 1
2396 1373 -1
2732 1373 -1
2394 1374 -1
2395 1374 1
2403 1374 -1
3114 1374 -1
2386 1375 1
2391 1375 -1
2403 1375 1
3104 1375 1
2396 1376 1
2399 1376 -1
2408 1376 -1
2425 1376 1
2389 1377 -1
2390 1377 1
2398 1377 1
2729 1377 -1
2398 1378 -1
2399 1378 1
2409 1378 -1
2421 1378 1
2407 1379 -1
2408 1379 1
2409 1379 1
2420 1379 -1
2390 1380 -1
2391 1380 1
2407 1380 1
3537 1380 -1
2410 1381 -1
2411 1381 1
2413 1381 1
3532 1381 -1
2411 1382 -1
2412 1382 1
2414 1382 -1
3024 1382 1
2415 1383 -1
2416 1383 1
2420 1383 1
3537 1383 1
2415 1384 1
2418 1384 -1
2424 1384 -1
3388 1384 -1
2416 1385 -1
2417 1385 1
2419 1385 -1
3279 1385 1
2417 1386 -1
2418 1386 1
2429 1386 1
3278 1386 -1
2419 1387 1
2422 1387 -1
2433 1387 -1
3223 1387 -1
2423 1388 -1
2424 1388 1
2431 1388 -1
2542 1388 -1
2423 1389 1
2428 1389 -1
2441 1389 -1
2546 1389 -1
2421 1390 -1
2422 1390 1
2435 1390 -1
2735 1390 -1
2425 1391 -1
2426 1391 1
2446 1391 -1
2732 1391 1
2434 1392 -1
2435 1392 1
2446 1392 1
2731 1392 -1
2429 1393 -1
2430 1393 1
2432 1393 1
3282 1393 1
2430 1394 -1
2431 1394 1
2442 1394 -1
2543 1394 1
2432 1395 -1
2433 1395 1
2436 1395 1
3225 1395 -1
2436 1396 -1
2437 1396 1
2448 1396 -1
2987 1396 -1
2442 1397 1
2445 1397 -1
2448 1397 1
2552 1397 1
2427 1398 -1
2428 1398 1
2440 1398 1
3525 1398 -1
2426 1399 -1
2427 1399 1
2447 1399 -1
3399 1399 1
2434 1400 1
2439 1400 -1
2447 1400 1
3226 1400 1
2440 1401 -1
2441 1401 1
2443 1401 1
2547 1401 1
2437 1402 -1
2438 1402 1
2449 1402 -1
2515 1402 1
2438 1403 -1
2439 1403 1
2450 1403 1
2505 1403 1
2443 1404 -1
2444 1404 1
2450 1404 -1
2504 1404 -1
2444 1405 -1
2445 1405 1
2449 1405 1
2514 1405 -1
2458 1406 -1
2459 1406 1
2463 1406 1
3300 1406 -1
2453 1407 -1
2454 1407 1
2463 1407 -1
3296 1407 1
2455 1408 -1
2456 1408 1
2462 1408 -1
3422 1408 1
2452 1409 -1
2453 1409 1
2464 1409 1
3308 1409 1
2456 1410 -1
2457 1410 1
2466 1410 1
3396 1410 1
2457 1411 -1
2458 1411 1
2465 1411 -1
3311 1411 -1
2464 1412 -1
2465 1412 1
2466 1412 -1
3312 1412 1
2451 1413 -1
2452 1413 1
2467 1413 1
2771 1413 -1
2469 1414 -1
2470 1414 1
2473 1414 1
3052 1414 -1
2473 1415 -1
2474 1415 1
2476 1415 1
3054 1415 -1
2477 1416 -1
2478 1416 1
2481 1416 -1
3392 1416 1
2481 1417 1
2483 1417 -1
2485 1417 -1
3393 1417 -1
2482 1418 -1
2483 1418 1
2486 1418 1
2551 1418 1
2477 1419 1
2480 1419 -1
2482 1419 1
2537 1419 -1
2484 1420 -1
2485 1420 1
2487 1420 -1
2518 1420 -1
2486 1421 -1
2487 1421 1
2488 1421 -1
2519 1421 1
2479 1422 -1
2480 1422 1
2489 1422 1
2538 1422 1
2491 1423 -1
2492 1423 1
2500 1423 1
2890 1423 1
2492 1424 -1
2493 1424 1
2499 1424 -1
2895 1424 1
2507 1425 -1
2508 1425 1
2511 1425 1
2980 1425 -1
2501 1426 -1
2502 1426 1
2507 1426 1
3421 1426 1
2500 1427 -1
2501 1427 1
2506 1427 1
2893 1427 -1
2498 1428 -1
2499 1428 1
2506 1428 -1
2898 1428 -1
2491 1429 1
2497 1429 -1
2503 1429 -1
2760 1429 -1
2502 1430 -1
2503 1430 1
2510 1430 -1
2754 1430 -1
2494 1431 -1
2495 1431 1
2505 1431 -1
3115 1431 1
2509 1432 -1
2510 1432 1
2516 1432 1
2755 1432 1
2508 1433 -1
2509 1433 1
2515 1433 -1
2976 1433 1
2512 1434 -1
2513 1434 1
2518 1434 1
2985 1434 1
2513 1435 -1
2514 1435 1
2519 1435 -1
2552 1435 -1
2495 1436 -1
2496 1436 1
2520 1436 1
3120 1436 -1
2496 1437 -1
2497 1437 1
2517 1437 -1
2768 1437 1
2516 1438 -1
2517 1438 1
2520 1438 -1
2767 1438 1
2525 1439 -1
2526 1439 1
2529 1439 -1
3073 1439 1
2521 1440 -1
2522 1440 1
2527 1440 -1
2637 1440 1
2526 1441 -1
2527 1441 1
2530 1441 -1
2639 1441 1
2523 1442 -1
2524 1442 1
2531 1442 -1
3121 1442 -1
2532 1443 1
2535 1443 -1
2536 1443 1
3387 1443 -1
2532 1444 -1
2533 1444 1
2539 1444 -1
3406 1444 1
2536 1445 -1
2537 1445 1
2544 1445 -1
3389 1445 -1
2541 1446 -1
2542 1446 1
2546 1446 1
3390 1446 1
2534 1447 -1
2535 1447 1
2540 1447 1
2562 1447 -1
2533 1448 -1
2534 1448 1
2549 1448 1
2563 1448 1
2545 1449 1
2548 1449 -1
2549 1449 -1
2575 1449 1
2540 1450 -1
2541 1450 1
2545 1450 -1
2574 1450 -1
2538 1451 -1
2539 1451 1
2550 1451 -1
3409 1451 1
2543 1452 -1
2544 1452 1
2551 1452 -1
3391 1452 1
2553 1453 -1
2554 1453 1
2556 1453 1
3331 1453 -1
2556 1454 -1
2557 1454 1
2558 1454 1
2954 1454 -1
2566 1455 1
2569 1455 -1
2571 1455 1
3523 1455 1
2559 1456 -1
2560 1456 1
2576 1456 -1
3105 1456 1
2560 1457 -1
2561 1457 1
2567 1457 -1
3104 1457 -1
2566 1458 -1
2567 1458 1
2570 1458 -1
3112 1458 1
2570 1459 1
2573 1459 -1
2576 1459 1
3108 1459 -1
2559 1460 1
2565 1460 -1
2577 1460 1
3417 1460 1
2572 1461 -1
2573 1461 1
2579 1461 -1
3412 1461 -1
2571 1462 -1
2572 1462 1
2575 1462 -1
3410 1462 1
2561 1463 -1
2562 1463 1
2568 1463 1
3388 1463 1
2568 1464 -1
2569 1464 1
2574 1464 1
3390 1464 -1
2563 1465 -1
2564 1465 1
2581 1465 1
3185 1465 1
2564 1466 -1
2565 1466 1
2580 1466 -1
3184 1466 -1
2577 1467 -1
2578 1467 1
2580 1467 1
3195 1467 -1
2578 1468 -1
2579 1468 1
2581 1468 -1
3197 1468 1
2582 1469 -1
2583 1469 1
2585 1469 -1
2642 1469 1
2586 1470 -1
2587 1470 1
2588 1470 -1
3169 1470 -1
2588 1471 1
2589 1471 -1
2590 1471 -1
3170 1471 -1
2597 1472 -1
2598 1472 1
2600 1472 1
3003 1472 -1
2592 1473 -1
2593 1473 1
2599 1473 -1
3005 1473 -1
2600 1474 -1
2601 1474 1
2603 1474 -1
3250 1474 1
2603 1475 1
2605 1475 -1
2607 1475 1
2794 1475 -1
2595 1476 -1
2596 1476 1
2604 1476 1
2696 1476 -1
2594 1477 -1
2595 1477 1
2608 1477 -1
2694 1477 1
2604 1478 -1
2605 1478 1
2608 1478 1
2693 1478 -1
2609 1479 1
2612 1479 -1
2614 1479 1
3297 1479 -1
2609 1480 -1
2610 1480 1
2613 1480 -1
2726 1480 1
2614 1481 -1
2615 1481 1
2617 1481 1
3299 1481 -1
2610 1482 -1
2611 1482 1
2620 1482 1
2725 1482 -1
2611 1483 -1
2612 1483 1
2619 1483 -1
3298 1483 1
2617 1484 -1
2618 1484 1
2622 1484 -1
3300 1484 1
2615 1485 -1
2616 1485 1
2621 1485 1
3172 1485 1
2621 1486 -1
2622 1486 1
2624 1486 1
3178 1486 1
2625 1487 -1
2626 1487 1
2630 1487 -1
2955 1487 -1
2627 1488 -1
2628 1488 1
2632 1488 -1
2957 1488 -1
2628 1489 -1
2629 1489 1
2633 1489 1
2956 1489 1
2635 1490 1
2637 1490 -1
2638 1490 1
2644 1491 -1
2645 1491 1
2646 1491 1
3043 1491 1
2647 1492 -1
2648 1492 1
2653 1492 -1
3076 1492 -1
2654 1493 -1
2655 1493 1
2658 1493 -1
2888 1493 -1
2655 1494 -1
2656 1494 1
2659 1494 1
3150 1494 1
2657 1495 -1
2658 1495 1
2663 1495 -1
2889 1495 -1
2659 1496 -1
2660 1496 1
2664 1496 -1
2956 1496 -1
2660 1497 -1
2661 1497 1
2667 1497 1
2957 1497 1
2668 1498 -1
2669 1498 1
2671 1498 -1
2715 1498 1
2661 1499 -1
2662 1499 1
2670 1499 -1
3290 1499 -1
2662 1500 -1
2663 1500 1
2666 1500 -1
3287 1500 1
2665 1501 -1
2666 1501 1
2672 1501 -1
3041 1501 1
2669 1502 -1
2670 1502 1
2672 1502 1
3042 1502 -1
2678 1503 1
2679 1503 -1
2680 1503 -1
2958 1503 1
2675 1504 -1
2676 1504 1
2681 1504 -1
3053 1504 1
2686 1505 -1
2687 1505 1
2689 1505 1
2795 1505 -1
2685 1506 -1
2686 1506 1
2692 1506 1
2793 1506 -1
2684 1507 -1
2685 1507 1
2695 1507 -1
3262 1507 -1
2692 1508 -1
2693 1508 1
2695 1508 1
2794 1508 1
2697 1509 1
2699 1509 -1
2700 1509 -1
3023 1509 -1
2698 1510 -1
2699 1510 1
2701 1510 1
3500 1510 -1
2690 1511 -1
2691 1511 1
2702 1511 -1
3347 1511 -1
2687 1512 -1
2688 1512 1
2691 1512 -1
3354 1512 1
2703 1513 -1
2704 1513 1
2707 1513 -1
3228 1513 1
2704 1514 -1
2705 1514 1
2710 1514 -1
3227 1514 -1
2709 1515 -1
2710 1515 1
2711 1515 -1
3231 1515 -1
2707 1516 1
2708 1516 -1
2712 1516 -1
3031 1516 -1
2713 1517 -1
2714 1517 1
2716 1517 -1
2979 1517 1
2713 1518 1
2715 1518 -1
2717 1518 1
3042 1518 1
2722 1519 1
2723 1519 -1
2724 1519 1
2929 1519 1
2725 1520 1
2726 1520 -1
2727 1520 -1
3358 1520 1
2730 1521 -1
2731 1521 1
2734 1521 1
3224 1521 -1
2739 1522 -1
2740 1522 1
2743 1522 -1
3335 1522 1
2738 1523 -1
2739 1523 1
2744 1523 1
3515 1523 -1
2740 1524 -1
2741 1524 1
2745 1524 -1
2947 1524 1
2746 1525 -1
2747 1525 1
2749 1525 1
2840 1525 -1
2737 1526 -1
2738 1526 1
2746 1526 1
3208 1526 1
2736 1527 -1
2737 1527 1
2750 1527 1
3214 1527 1
2753 1528 -1
2754 1528 1
2756 1528 -1
3462 1528 -1
2751 1529 -1
2752 1529 1
2761 1529 -1
3128 1529 1
2752 1530 -1
2753 1530 1
2757 1530 1
3415 1530 1
2757 1531 -1
2758 1531 1
2761 1531 1
3130 1531 -1
2751 1532 1
2755 1532 -1
2762 1532 1
3131 1532 1
2762 1533 -1
2763 1533 1
2765 1533 1
3126 1533 1
2765 1534 -1
2766 1534 1
2767 1534 -1
3224 1534 1
2759 1535 -1
2760 1535 1
2768 1535 -1
3117 1535 -1
2769 1536 -1
2770 1536 1
2772 1536 1
2846 1536 -1
2770 1537 -1
2771 1537 1
2773 1537 -1
3477 1537 -1
2776 1538 -1
2777 1538 1
2784 1538 1
3264 1538 1
2777 1539 -1
2778 1539 1
2789 1539 -1
3267 1539 -1
2786 1540 -1
2787 1540 1
2789 1540 1
3273 1540 1
2780 1541 -1
2781 1541 1
2786 1541 1
3210 1541 -1
2779 1542 -1
2780 1542 1
2784 1542 -1
3205 1542 1
2782 1543 -1
2783 1543 1
2785 1543 1
2837 1543 1
2781 1544 -1
2782 1544 1
2788 1544 -1
2840 1544 1
2790 1545 -1
2791 1545 1
2792 1545 1
3261 1545 -1
2792 1546 -1
2793 1546 1
2795 1546 1
3263 1546 -1
2799 1547 -1
2800 1547 1
2802 1547 1
2885 1547 -1
2797 1548 -1
2798 1548 1
2801 1548 -1
2889 1548 1
2800 1549 -1
2801 1549 1
2806 1549 -1
2886 1549 1
2805 1550 -1
2806 1550 1
2807 1550 1
3293 1550 -1
2802 1551 -1
2803 1551 1
2805 1551 1
3134 1551 -1
2803 1552 -1
2804 1552 1
2808 1552 -1
3135 1552 1
2809 1553 -1
2810 1553 1
2813 1553 1
3364 1553 1
2813 1554 -1
2814 1554 1
2818 1554 1
3367 1554 -1
2810 1555 -1
2811 1555 1
2812 1555 -1
3366 1555 -1
2812 1556 1
2816 1556 -1
2821 1556 -1
3369 1556 1
2814 1557 -1
2815 1557 1
2817 1557 -1
3370 1557 1
2815 1558 -1
2816 1558 1
2822 1558 1
3368 1558 -1
2818 1559 -1
2819 1559 1
2820 1559 1
3449 1559 1
2823 1560 -1
2824 1560 1
2828 1560 1
3504 1560 1
2823 1561 1
2826 1561 -1
2827 1561 -1
3364 1561 -1
2824 1562 -1
2825 1562 1
2829 1562 1
3201 1562 1
2825 1563 -1
2826 1563 1
2831 1563 -1
3200 1563 -1
2829 1564 -1
2830 1564 1
2832 1564 -1
3090 1564 -1
2834 1565 -1
2835 1565 1
2841 1565 1
3543 1565 -1
2835 1566 -1
2836 1566 1
2844 1566 -1
3540 1566 1
2843 1567 -1
2844 1567 1
2845 1567 -1
3058 1567 -1
2846 1568 1
2850 1568 -1
2852 1568 -1
3476 1568 1
2851 1569 -1
2852 1569 1
2862 1569 1
3478 1569 1
2858 1570 -1
2859 1570 1
2862 1570 -1
3490 1570 -1
2853 1571 1
2855 1571 -1
2856 1571 1
2996 1571 1
2856 1572 -1
2857 1572 1
2861 1572 1
3249 1572 -1
2847 1573 -1
2848 1573 1
2854 1573 1
2994 1573 -1
2859 1574 -1
2860 1574 1
2863 1574 1
3475 1574 -1
2854 1575 -1
2855 1575 1
2860 1575 -1
2997 1575 -1
2848 1576 -1
2849 1576 1
2865 1576 1
3473 1576 -1
2849 1577 -1
2850 1577 1
2864 1577 -1
3483 1577 1
2863 1578 -1
2864 1578 1
2865 1578 -1
3474 1578 1
2866 1579 1
2869 1579 -1
2875 1579 -1
2923 1579 1
2866 1580 -1
2867 1580 1
2878 1580 1
2927 1580 1
2874 1581 -1
2875 1581 1
2878 1581 -1
2967 1581 1
2868 1582 -1
2869 1582 1
2876 1582 1
2922 1582 -1
2876 1583 -1
2877 1583 1
2879 1583 -1
2972 1583 1
2870 1584 -1
2871 1584 1
2880 1584 1
3050 1584 1
2872 1585 -1
2873 1585 1
2882 1585 -1
3325 1585 -1
2880 1586 -1
2881 1586 1
2883 1586 -1
3049 1586 -1
2886 1587 -1
2887 1587 1
2888 1587 1
3292 1587 -1
2890 1588 -1
2891 1588 1
2899 1588 -1
3118 1588 1
2895 1589 -1
2896 1589 1
2899 1589 1
2959 1589 -1
2892 1590 -1
2893 1590 1
2894 1590 -1
3288 1590 -1
2902 1591 -1
2903 1591 1
2906 1591 -1
2928 1591 1
2902 1592 1
2904 1592 -1
2907 1592 1
3455 1592 -1
2905 1593 1
2908 1593 -1
2910 1593 1
3049 1593 1
2910 1594 -1
2911 1594 1
2912 1594 1
2932 1594 -1
2905 1595 -1
2906 1595 1
2912 1595 -1
2934 1595 -1
2914 1596 -1
2915 1596 1
2921 1596 1
2949 1596 1
2918 1597 -1
2919 1597 1
2921 1597 -1
2951 1597 -1
2913 1598 1
2916 1598 -1
2917 1598 1
2999 1598 -1
2922 1599 1
2924 1599 -1
2925 1599 1
2975 1599 -1
2923 1600 -1
2924 1600 1
2926 1600 1
2966 1600 -1
2929 1601 -1
2930 1601 1
2931 1601 1
3048 1601 1
2931 1602 -1
2932 1602 1
2933 1602 -1
3050 1602 -1
2939 1603 1
2941 1603 -1
2942 1603 -1
3167 1603 1
2942 1604 1
2945 1604 -1
2947 1604 -1
3336 1604 -1
2936 1605 -1
2937 1605 1
2943 1605 -1
3019 1605 1
2940 1606 -1
2941 1606 1
2946 1606 1
3171 1606 -1
2944 1607 -1
2945 1607 1
2948 1607 1
3498 1607 -1
2937 1608 -1
2938 1608 1
2944 1608 1
3499 1608 1
2960 1609 -1
2961 1609 1
2962 1609 -1
3234 1609 1
2958 1610 -1
2959 1610 1
2963 1610 1
3119 1610 1
2964 1611 -1
2965 1611 1
2968 1611 1
3305 1611 -1
2968 1612 -1
2969 1612 1
2971 1612 -1
3306 1612 1
2965 1613 -1
2966 1613 1
2970 1613 -1
3359 1613 -1
2969 1614 -1
2970 1614 1
2973 1614 1
3360 1614 1
2973 1615 -1
2974 1615 1
2975 1615 1
3362 1615 -1
2977 1616 -1
2978 1616 1
2983 1616 -1
3128 1616 -1
2981 1617 -1
2982 1617 1
2987 1617 1
3222 1617 -1
2982 1618 -1
2983 1618 1
2988 1618 -1
3129 1618 1
2976 1619 -1
2977 1619 1
2988 1619 1
3131 1619 -1
2981 1620 1
2984 1620 -1
2986 1620 -1
3038 1620 -1
2985 1621 -1
2986 1621 1
2989 1621 1
3033 1621 -1
2989 1622 -1
2990 1622 1
2991 1622 1
3034 1622 1
2979 1623 -1
2980 1623 1
2990 1623 -1
3041 1623 -1
2999 1624 1
3000 1624 -1
3001 1624 1
3451 1624 -1
3001 1625 -1
3002 1625 1
3004 1625 1
3332 1625 1
3009 1626 -1
3010 1626 1
3014 1626 -1
3413 1626 1
3006 1627 -1
3007 1627 1
3016 1627 1
3411 1627 1
3006 1628 1
3012 1628 -1
3017 1628 -1
3410 1628 -1
3010 1629 -1
3011 1629 1
3015 1629 1
3414 1629 -1
3011 1630 -1
3012 1630 1
3018 1630 1
3412 1630 1
3019 1631 -1
3020 1631 1
3023 1631 1
3499 1631 -1
3020 1632 -1
3021 1632 1
3022 1632 -1
3528 1632 -1
3024 1633 -1
3025 1633 1
3027 1633 -1
3529 1633 1
3026 1634 -1
3027 1634 1
3028 1634 -1
3530 1634 1
3029 1635 -1
3030 1635 1
3032 1635 1
3392 1635 -1
3032 1636 -1
3033 1636 1
3035 1636 1
3393 1636 1
3030 1637 -1
3031 1637 1
3040 1637 1
3230 1637 1
3035 1638 -1
3036 1638 1
3040 1638 -1
3233 1638 1
3036 1639 -1
3037 1639 1
3039 1639 1
3232 1639 1
3043 1640 -1
3044 1640 1
3046 1640 -1
3492 1640 -1
3045 1641 -1
3046 1641 1
3047 1641 1
3339 1641 -1
3055 1642 -1
3056 1642 1
3059 1642 1
3110 1642 -1
3056 1643 -1
3057 1643 1
3060 1643 -1
3385 1643 -1
3064 1644 -1
3065 1644 1
3068 1644 -1
3231 1644 1
3061 1645 1
3063 1645 -1
3068 1645 1
3227 1645 1
3061 1646 -1
3062 1646 1
3069 1646 1
3229 1646 -1
3065 1647 -1
3066 1647 1
3070 1647 -1
3232 1647 -1
3066 1648 -1
3067 1648 1
3071 1648 1
3416 1648 -1
3072 1649 1
3073 1649 -1
3074 1649 1
3538 1649 1
3078 1650 1
3080 1650 -1
3082 1650 1
3241 1650 -1
3078 1651 -1
3079 1651 1
3081 1651 -1
3158 1651 -1
3088 1652 -1
3089 1652 1
3091 1652 1
3202 1652 -1
3087 1653 -1
3088 1653 1
3093 1653 1
3203 1653 -1
3093 1654 -1
3094 1654 1
3098 1654 -1
3368 1654 1
3097 1655 -1
3098 1655 1
3101 1655 1
3370 1655 -1
3084 1656 -1
3085 1656 1
3092 1656 -1
3132 1656 -1
3083 1657 -1
3084 1657 1
3102 1657 -1
3133 1657 1
3096 1658 1
3100 1658 -1
3102 1658 1
3135 1658 -1
3094 1659 -1
3095 1659 1
3099 1659 1
3482 1659 1
3099 1660 -1
3100 1660 1
3103 1660 -1
3134 1660 1
3106 1661 -1
3107 1661 1
3109 1661 1
3418 1661 1
3109 1662 -1
3110 1662 1
3113 1662 -1
3468 1662 1
3111 1663 1
3112 1663 -1
3114 1663 1
3400 1663 -1
3115 1664 -1
3116 1664 1
3120 1664 1
3226 1664 -1
3122 1665 -1
3123 1665 1
3129 1665 -1
3221 1665 1
3124 1666 -1
3125 1666 1
3127 1666 1
3492 1666 1
3138 1667 -1
3139 1667 1
3141 1667 1
3137 1668 -1
3138 1668 1
3142 1668 1
3542 1668 -1
3136 1669 -1
3137 1669 1
3143 1669 -1
3501 1669 -1
3136 1670 1
3140 1670 -1
3145 1670 -1
3502 1670 1
3144 1671 -1
3145 1671 1
3146 1671 1
3166 1671 1
3146 1672 -1
3147 1672 1
3148 1672 -1
3152 1672 -1
3149 1673 1
3151 1673 -1
3153 1673 1
3162 1673 1
3150 1674 -1
3151 1674 1
3155 1674 1
3292 1674 1
3153 1675 -1
3154 1675 1
3156 1675 -1
3164 1675 -1
3157 1676 -1
3158 1676 1
3161 1676 1
3242 1676 1
3163 1677 -1
3164 1677 1
3165 1677 -1
3482 1677 -1
3167 1678 -1
3168 1678 1
3170 1678 1
3337 1678 1
3172 1679 -1
3173 1679 1
3175 1679 1
3310 1679 -1
3175 1680 -1
3176 1680 1
3178 1680 -1
3311 1680 1
3176 1681 -1
3177 1681 1
3179 1681 -1
3397 1681 -1
3182 1682 -1
3183 1682 1
3186 1682 -1
3536 1682 1
3186 1683 1
3188 1683 -1
3189 1683 -1
3509 1683 -1
3183 1684 -1
3184 1684 1
3193 1684 1
3463 1684 1
3181 1685 -1
3182 1685 1
3187 1685 1
3512 1685 -1
3187 1686 -1
3188 1686 1
3190 1686 1
3508 1686 1
3189 1687 1
3192 1687 -1
3194 1687 -1
3420 1687 1
3193 1688 -1
3194 1688 1
3195 1688 1
3419 1688 -1
3181 1689 1
3185 1689 -1
3196 1689 -1
3407 1689 -1
3191 1690 -1
3192 1690 1
3197 1690 -1
3414 1690 1
3190 1691 -1
3191 1691 1
3196 1691 1
3413 1691 -1
3199 1692 -1
3200 1692 1
3203 1692 1
3365 1692 1
3208 1693 -1
3209 1693 1
3213 1693 -1
3515 1693 1
3209 1694 -1
3210 1694 1
3212 1694 -1
3275 1694 -1
3213 1695 1
3215 1695 -1
3217 1695 -1
3351 1695 1
3204 1696 1
3207 1696 -1
3218 1696 -1
3346 1696 1
3214 1697 -1
3215 1697 1
3218 1697 1
3345 1697 -1
3205 1698 -1
3206 1698 1
3211 1698 1
3272 1698 -1
3206 1699 -1
3207 1699 1
3219 1699 1
3349 1699 1
3216 1700 -1
3217 1700 1
3219 1700 -1
3348 1700 -1
3211 1701 -1
3212 1701 1
3216 1701 1
3276 1701 1
3235 1702 -1
3236 1702 1
3238 1702 1
3427 1702 1
3238 1703 -1
3239 1703 1
3240 1703 1
3428 1703 -1
3241 1704 1
3243 1704 -1
3246 1704 -1
3402 1704 -1
3245 1705 -1
3246 1705 1
3247 1705 -1
3302 1705 -1
3254 1706 -1
3255 1706 1
3257 1706 -1
3531 1706 1
3252 1707 -1
3253 1707 1
3259 1707 -1
3323 1707 -1
3255 1708 -1
3256 1708 1
3258 1708 1
3326 1708 -1
3265 1709 -1
3266 1709 1
3268 1709 1
3264 1710 -1
3265 1710 1
3270 1710 1
3446 1710 -1
3273 1711 -1
3274 1711 1
3275 1711 1
3405 1711 1
3270 1712 -1
3271 1712 1
3272 1712 1
3448 1712 -1
3268 1713 -1
3269 1713 1
3271 1713 -1
3532 1713 1
3277 1714 -1
3278 1714 1
3280 1714 -1
3387 1714 1
3280 1715 1
3281 1715 -1
3283 1715 -1
3389 1715 1
3282 1716 -1
3283 1716 1
3284 1716 -1
3391 1716 -1
3287 1717 -1
3288 1717 1
3291 1717 -1
3421 1717 -1
3289 1718 -1
3290 1718 1
3291 1718 1
3462 1718 1
3296 1719 -1
3297 1719 1
3299 1719 1
3307 1719 -1
3294 1720 1
3295 1720 -1
3298 1720 -1
3355 1720 1
3301 1721 -1
3302 1721 1
3303 1721 1
3403 1721 1
3307 1722 1
3309 1722 -1
3310 1722 1
3394 1722 -1
3308 1723 -1
3309 1723 1
3312 1723 -1
3395 1723 1
3314 1724 -1
3315 1724 1
3318 1724 -1
3395 1724 -1
3315 1725 -1
3316 1725 1
3319 1725 1
3477 1725 1
3316 1726 -1
3317 1726 1
3321 1726 -1
3476 1726 -1
3319 1727 -1
3320 1727 1
3321 1727 1
3478 1727 -1
3324 1728 -1
3325 1728 1
3326 1728 1
3493 1728 -1
3331 1729 1
3332 1729 -1
3334 1729 -1
3453 1729 -1
3335 1730 -1
3336 1730 1
3337 1730 -1
3496 1730 -1
3340 1731 1
3343 1731 -1
3349 1731 -1
3448 1731 1
3340 1732 -1
3341 1732 1
3346 1732 -1
3447 1732 -1
3344 1733 -1
3345 1733 1
3352 1733 -1
3497 1733 1
3351 1734 -1
3352 1734 1
3353 1734 1
3496 1734 1
3342 1735 -1
3343 1735 1
3350 1735 1
3480 1735 -1
3355 1736 -1
3356 1736 1
3358 1736 -1
3361 1737 -1
3362 1737 1
3363 1737 -1
3434 1737 1
3365 1738 -1
3366 1738 1
3369 1738 -1
3502 1738 -1
3373 1739 -1
3374 1739 1
3375 1739 1
3533 1739 -1
3375 1740 -1
3376 1740 1
3379 1740 -1
3454 1740 1
3378 1741 -1
3379 1741 1
3380 1741 1
3458 1741 -1
3377 1742 -1
3378 1742 1
3382 1742 1
3461 1742 1
3372 1743 -1
3373 1743 1
3381 1743 -1
3464 1743 -1
3384 1744 -1
3385 1744 1
3386 1744 1
3468 1744 -1
3382 1745 -1
3383 1745 1
3386 1745 -1
3469 1745 1
3380 1746 -1
3381 1746 1
3383 1746 -1
3471 1746 -1
3396 1747 -1
3397 1747 1
3398 1747 1
3425 1747 1
3399 1748 -1
3400 1748 1
3401 1748 1
3539 1748 -1
3406 1749 -1
3407 1749 1
3408 1749 -1
3511 1749 1
3422 1750 -1
3423 1750 1
3425 1750 -1
3428 1750 1
3431 1751 -1
3432 1751 1
3435 1751 -1
3475 1751 1
3432 1752 -1
3433 1752 1
3439 1752 1
3459 1752 -1
3439 1753 -1
3440 1753 1
3441 1753 1
3460 1753 1
3437 1754 -1
3438 1754 1
3440 1754 -1
3461 1754 -1
3436 1755 -1
3437 1755 1
3441 1755 -1
3487 1755 -1
3434 1756 -1
3435 1756 1
3442 1756 -1
3491 1756 1
3443 1757 -1
3444 1757 1
3445 1757 -1
3494 1757 -1
3454 1758 -1
3455 1758 1
3456 1758 1
3473 1758 1
3456 1759 -1
3457 1759 1
3459 1759 1
3474 1759 -1
3457 1760 -1
3458 1760 1
3460 1760 -1
3488 1760 1
3465 1761 -1
3466 1761 1
3470 1761 1
3521 1761 1
3463 1762 -1
3464 1762 1
3467 1762 -1
3534 1762 1
3470 1763 -1
3471 1763 1
3472 1763 -1
3520 1763 -1
3466 1764 -1
3467 1764 1
3472 1764 1
3522 1764 1
3484 1765 -1
3485 1765 1
3486 1765 1
3517 1765 1
3483 1766 -1
3484 1766 1
3488 1766 -1
3527 1766 1
3489 1767 -1
3490 1767 1
3491 1767 -1
3494 1767 1
3497 1768 -1
3498 1768 1
3500 1768 1
3516 1768 -1
3511 1769 -1
3512 1769 1
3513 1769 1
3517 1770 -1
3518 1770 1
3520 1770 1
3527 1770 -1
3518 1771 -1
3519 1771 1
3522 1771 -1
3535 1771 -1
3523 1772 -1
3524 1772 1
3525 1772 1
3539 1772 1
3533 1773 1
3534 1773 -1
3535 1773 1
3536 1773 -1
