0 7 1
0 1 1
0 49 1
1 0 1
1 2 1
1 8 1
1 50 1
2 1 1
2 9 1
2 3 1
2 51 1
3 10 1
3 52 1
3 2 1
3 4 1
4 53 1
4 3 1
4 11 1
4 5 1
5 12 1
5 54 1
5 4 1
5 6 1
6 55 1
6 5 1
6 13 1
7 8 1
7 56 1
7 0 1
7 14 1
8 1 1
8 7 1
8 9 1
8 15 1
8 57 1
9 2 1
9 8 1
9 10 1
9 16 1
9 58 1
10 3 1
10 9 1
10 11 1
10 17 1
10 59 1
11 4 1
11 10 1
11 12 1
11 18 1
11 60 1
12 5 1
12 11 1
12 13 1
12 19 1
12 61 1
13 20 1
13 62 1
13 12 1
13 6 1
14 15 1
14 7 1
14 63 1
14 21 1
15 64 1
15 8 1
15 14 1
15 16 1
15 22 1
16 65 1
16 9 1
16 15 1
16 17 1
16 23 1
17 66 1
17 10 1
17 16 1
17 18 1
17 24 1
18 67 1
18 11 1
18 17 1
18 19 1
18 25 1
19 68 1
19 12 1
19 18 1
19 20 1
19 26 1
20 69 1
20 19 1
20 27 1
20 13 1
21 22 1
21 28 1
21 70 1
21 14 1
22 71 1
22 15 1
22 21 1
22 23 1
22 29 1
23 72 1
23 16 1
23 22 1
23 24 1
23 30 1
24 31 1
24 73 1
24 17 1
24 23 1
24 25 1
25 32 1
25 74 1
25 18 1
25 24 1
25 26 1
26 33 1
26 75 1
26 19 1
26 25 1
26 27 1
27 34 1
27 26 1
27 76 1
27 20 1
28 77 1
28 35 1
28 29 1
28 21 1
29 36 1
29 78 1
29 22 1
29 28 1
29 30 1
30 31 1
30 37 1
30 79 1
30 23 1
30 29 1
31 32 1
31 38 1
31 80 1
31 24 1
31 30 1
32 31 1
32 33 1
32 39 1
32 81 1
32 25 1
33 32 1
33 34 1
33 40 1
33 82 1
33 26 1
34 33 1
34 27 1
34 41 1
34 83 1
35 36 1
35 42 1
35 84 1
35 28 1
36 35 1
36 37 1
36 43 1
36 85 1
36 29 1
37 36 1
37 38 1
37 44 1
37 86 1
37 30 1
38 31 1
38 37 1
38 39 1
38 45 1
38 87 1
39 32 1
39 38 1
39 40 1
39 46 1
39 88 1
40 33 1
40 39 1
40 41 1
40 47 1
40 89 1
41 40 1
41 90 1
41 34 1
41 48 1
42 43 1
42 35 1
42 91 1
43 44 1
43 42 1
43 92 1
43 36 1
44 45 1
44 93 1
44 43 1
44 37 1
45 46 1
45 44 1
45 94 1
45 38 1
46 47 1
46 39 1
46 95 1
46 45 1
47 48 1
47 46 1
47 96 1
47 40 1
48 47 1
48 41 1
48 97 1
49 98 1
49 56 1
49 50 1
49 0 1
50 1 1
50 99 1
50 49 1
50 51 1
50 57 1
51 2 1
51 100 1
51 50 1
51 52 1
51 58 1
52 3 1
52 101 1
52 51 1
52 53 1
52 59 1
53 4 1
53 102 1
53 52 1
53 54 1
53 60 1
54 5 1
54 103 1
54 53 1
54 55 1
54 61 1
55 104 1
55 62 1
55 54 1
55 6 1
56 63 1
56 7 1
56 105 1
56 49 1
56 57 1
57 64 1
57 8 1
57 106 1
57 50 1
57 56 1
57 58 1
58 65 1
58 9 1
58 107 1
58 51 1
58 57 1
58 59 1
59 66 1
59 10 1
59 108 1
59 52 1
59 58 1
59 60 1
60 67 1
60 11 1
60 109 1
60 53 1
60 59 1
60 61 1
61 68 1
61 12 1
61 110 1
61 54 1
61 60 1
61 62 1
62 69 1
62 13 1
62 111 1
62 55 1
62 61 1
63 64 1
63 70 1
63 14 1
63 112 1
63 56 1
64 63 1
64 65 1
64 71 1
64 15 1
64 113 1
64 57 1
65 64 1
65 66 1
65 72 1
65 16 1
65 114 1
65 58 1
66 65 1
66 67 1
66 73 1
66 17 1
66 115 1
66 59 1
67 66 1
67 68 1
67 74 1
67 18 1
67 116 1
67 60 1
68 67 1
68 69 1
68 75 1
68 19 1
68 117 1
68 61 1
69 68 1
69 76 1
69 20 1
69 118 1
69 62 1
70 63 1
70 71 1
70 77 1
70 21 1
70 119 1
71 64 1
71 70 1
71 72 1
71 78 1
71 22 1
71 120 1
72 65 1
72 71 1
72 73 1
72 79 1
72 23 1
72 121 1
73 66 1
73 72 1
73 74 1
73 80 1
73 24 1
73 122 1
74 67 1
74 73 1
74 75 1
74 81 1
74 25 1
74 123 1
75 68 1
75 74 1
75 76 1
75 82 1
75 26 1
75 124 1
76 69 1
76 75 1
76 83 1
76 27 1
76 125 1
77 70 1
77 78 1
77 84 1
77 28 1
77 126 1
78 127 1
78 71 1
78 77 1
78 79 1
78 85 1
78 29 1
79 128 1
79 72 1
79 78 1
79 80 1
79 86 1
79 30 1
80 31 1
80 129 1
80 73 1
80 79 1
80 81 1
80 87 1
81 32 1
81 130 1
81 74 1
81 80 1
81 82 1
81 88 1
82 33 1
82 131 1
82 75 1
82 81 1
82 83 1
82 89 1
83 34 1
83 132 1
83 76 1
83 82 1
83 90 1
84 35 1
84 133 1
84 77 1
84 85 1
84 91 1
85 36 1
85 134 1
85 78 1
85 84 1
85 86 1
85 92 1
86 37 1
86 135 1
86 79 1
86 85 1
86 87 1
86 93 1
87 38 1
87 136 1
87 80 1
87 86 1
87 88 1
87 94 1
88 95 1
88 39 1
88 137 1
88 81 1
88 87 1
88 89 1
89 96 1
89 40 1
89 138 1
89 82 1
89 88 1
89 90 1
90 97 1
90 41 1
90 139 1
90 83 1
90 89 1
91 42 1
91 92 1
91 84 1
91 140 1
92 43 1
92 141 1
92 85 1
92 91 1
92 93 1
93 44 1
93 142 1
93 86 1
93 92 1
93 94 1
94 95 1
94 45 1
94 143 1
94 87 1
94 93 1
95 96 1
95 46 1
95 144 1
95 88 1
95 94 1
96 95 1
96 97 1
96 47 1
96 145 1
96 89 1
97 96 1
97 90 1
97 146 1
97 48 1
98 147 1
98 105 1
98 99 1
98 49 1
99 98 1
99 100 1
99 106 1
99 50 1
99 148 1
100 99 1
100 101 1
100 107 1
100 51 1
100 149 1
101 100 1
101 102 1
101 108 1
101 52 1
101 150 1
102 101 1
102 103 1
102 109 1
102 53 1
102 151 1
103 102 1
103 104 1
103 110 1
103 54 1
103 152 1
104 103 1
104 55 1
104 111 1
104 153 1
105 98 1
105 106 1
105 112 1
105 56 1
105 154 1
106 99 1
106 105 1
106 107 1
106 113 1
106 57 1
106 155 1
107 100 1
107 106 1
107 108 1
107 114 1
107 58 1
107 156 1
108 101 1
108 107 1
108 109 1
108 115 1
108 59 1
108 157 1
109 102 1
109 108 1
109 110 1
109 116 1
109 60 1
109 158 1
110 159 1
110 103 1
110 109 1
110 111 1
110 117 1
110 61 1
111 160 1
111 104 1
111 110 1
111 118 1
111 62 1
112 63 1
112 161 1
112 105 1
112 113 1
112 119 1
113 64 1
113 162 1
113 106 1
113 112 1
113 114 1
113 120 1
114 65 1
114 163 1
114 107 1
114 113 1
114 115 1
114 121 1
115 66 1
115 164 1
115 108 1
115 114 1
115 116 1
115 122 1
116 67 1
116 165 1
116 109 1
116 115 1
116 117 1
116 123 1
117 68 1
117 166 1
117 110 1
117 116 1
117 118 1
117 124 1
118 69 1
118 167 1
118 111 1
118 117 1
118 125 1
119 70 1
119 168 1
119 112 1
119 120 1
119 126 1
120 127 1
120 71 1
120 169 1
120 113 1
120 119 1
120 121 1
121 128 1
121 72 1
121 170 1
121 114 1
121 120 1
121 122 1
122 129 1
122 73 1
122 171 1
122 115 1
122 121 1
122 123 1
123 130 1
123 74 1
123 172 1
123 116 1
123 122 1
123 124 1
124 131 1
124 75 1
124 173 1
124 117 1
124 123 1
124 125 1
125 132 1
125 76 1
125 174 1
125 118 1
125 124 1
126 127 1
126 133 1
126 77 1
126 175 1
126 119 1
127 128 1
127 134 1
127 78 1
127 176 1
127 120 1
127 126 1
128 127 1
128 129 1
128 135 1
128 79 1
128 177 1
128 121 1
129 128 1
129 130 1
129 136 1
129 80 1
129 178 1
129 122 1
130 129 1
130 131 1
130 137 1
130 81 1
130 179 1
130 123 1
131 130 1
131 132 1
131 138 1
131 82 1
131 180 1
131 124 1
132 131 1
132 139 1
132 83 1
132 181 1
132 125 1
133 134 1
133 140 1
133 84 1
133 182 1
133 126 1
134 127 1
134 133 1
134 135 1
134 141 1
134 85 1
134 183 1
135 128 1
135 134 1
135 136 1
135 142 1
135 86 1
135 184 1
136 129 1
136 135 1
136 137 1
136 143 1
136 87 1
136 185 1
137 130 1
137 136 1
137 138 1
137 144 1
137 88 1
137 186 1
138 131 1
138 137 1
138 139 1
138 145 1
138 89 1
138 187 1
139 132 1
139 138 1
139 146 1
139 90 1
139 188 1
140 141 1
140 91 1
140 189 1
140 133 1
141 134 1
141 140 1
141 142 1
141 92 1
141 190 1
142 191 1
142 135 1
142 141 1
142 143 1
142 93 1
143 192 1
143 136 1
143 142 1
143 144 1
143 94 1
144 95 1
144 193 1
144 137 1
144 143 1
144 145 1
145 96 1
145 194 1
145 138 1
145 144 1
145 146 1
146 145 1
146 195 1
146 139 1
146 97 1
147 196 1
147 98 1
147 154 1
147 148 1
148 99 1
148 197 1
148 147 1
148 149 1
148 155 1
149 100 1
149 198 1
149 148 1
149 150 1
149 156 1
150 101 1
150 199 1
150 149 1
150 151 1
150 157 1
151 102 1
151 200 1
151 150 1
151 152 1
151 158 1
152 159 1
152 103 1
152 201 1
152 151 1
152 153 1
153 152 1
153 160 1
153 104 1
153 202 1
154 161 1
154 105 1
154 203 1
154 147 1
154 155 1
155 162 1
155 106 1
155 204 1
155 148 1
155 154 1
155 156 1
156 163 1
156 107 1
156 205 1
156 149 1
156 155 1
156 157 1
157 164 1
157 108 1
157 206 1
157 150 1
157 156 1
157 158 1
158 159 1
158 165 1
158 109 1
158 207 1
158 151 1
158 157 1
159 160 1
159 166 1
159 110 1
159 208 1
159 152 1
159 158 1
160 159 1
160 167 1
160 111 1
160 209 1
160 153 1
161 162 1
161 168 1
161 112 1
161 210 1
161 154 1
162 161 1
162 163 1
162 169 1
162 113 1
162 211 1
162 155 1
163 162 1
163 164 1
163 170 1
163 114 1
163 212 1
163 156 1
164 163 1
164 165 1
164 171 1
164 115 1
164 213 1
164 157 1
165 164 1
165 166 1
165 172 1
165 116 1
165 214 1
165 158 1
166 159 1
166 165 1
166 167 1
166 173 1
166 117 1
166 215 1
167 160 1
167 166 1
167 174 1
167 118 1
167 216 1
168 161 1
168 169 1
168 175 1
168 119 1
168 217 1
169 162 1
169 168 1
169 170 1
169 176 1
169 120 1
169 218 1
170 163 1
170 169 1
170 171 1
170 177 1
170 121 1
170 219 1
171 164 1
171 170 1
171 172 1
171 178 1
171 122 1
171 220 1
172 165 1
172 171 1
172 173 1
172 179 1
172 123 1
172 221 1
173 166 1
173 172 1
173 174 1
173 180 1
173 124 1
173 222 1
174 223 1
174 167 1
174 173 1
174 181 1
174 125 1
175 224 1
175 168 1
175 176 1
175 182 1
175 126 1
176 127 1
176 225 1
176 169 1
176 175 1
176 177 1
176 183 1
177 128 1
177 226 1
177 170 1
177 176 1
177 178 1
177 184 1
178 129 1
178 227 1
178 171 1
178 177 1
178 179 1
178 185 1
179 130 1
179 228 1
179 172 1
179 178 1
179 180 1
179 186 1
180 131 1
180 229 1
180 173 1
180 179 1
180 181 1
180 187 1
181 132 1
181 230 1
181 174 1
181 180 1
181 188 1
182 133 1
182 231 1
182 175 1
182 183 1
182 189 1
183 134 1
183 232 1
183 176 1
183 182 1
183 184 1
183 190 1
184 191 1
184 135 1
184 233 1
184 177 1
184 183 1
184 185 1
185 192 1
185 136 1
185 234 1
185 178 1
185 184 1
185 186 1
186 193 1
186 137 1
186 235 1
186 179 1
186 185 1
186 187 1
187 194 1
187 138 1
187 236 1
187 180 1
187 186 1
187 188 1
188 195 1
188 139 1
188 237 1
188 181 1
188 187 1
189 190 1
189 238 1
189 140 1
189 182 1
190 191 1
190 141 1
190 239 1
190 183 1
190 189 1
191 192 1
191 142 1
191 240 1
191 184 1
191 190 1
192 191 1
192 193 1
192 143 1
192 241 1
192 185 1
193 192 1
193 194 1
193 144 1
193 242 1
193 186 1
194 193 1
194 195 1
194 145 1
194 243 1
194 187 1
195 244 1
195 194 1
195 146 1
195 188 1
196 203 1
196 147 1
196 197 1
196 245 1
197 196 1
197 198 1
197 204 1
197 148 1
197 246 1
198 197 1
198 199 1
198 205 1
198 149 1
198 247 1
199 198 1
199 200 1
199 206 1
199 150 1
199 248 1
200 199 1
200 201 1
200 207 1
200 151 1
200 249 1
201 200 1
201 202 1
201 208 1
201 152 1
201 250 1
202 209 1
202 201 1
202 251 1
202 153 1
203 196 1
203 204 1
203 210 1
203 154 1
203 252 1
204 197 1
204 203 1
204 205 1
204 211 1
204 155 1
204 253 1
205 198 1
205 204 1
205 206 1
205 212 1
205 156 1
205 254 1
206 255 1
206 199 1
206 205 1
206 207 1
206 213 1
206 157 1
207 256 1
207 200 1
207 206 1
207 208 1
207 214 1
207 158 1
208 159 1
208 257 1
208 201 1
208 207 1
208 209 1
208 215 1
209 160 1
209 258 1
209 202 1
209 208 1
209 216 1
210 161 1
210 259 1
210 203 1
210 211 1
210 217 1
211 162 1
211 260 1
211 204 1
211 210 1
211 212 1
211 218 1
212 163 1
212 261 1
212 205 1
212 211 1
212 213 1
212 219 1
213 164 1
213 262 1
213 206 1
213 212 1
213 214 1
213 220 1
214 165 1
214 263 1
214 207 1
214 213 1
214 215 1
214 221 1
215 166 1
215 264 1
215 208 1
215 214 1
215 216 1
215 222 1
216 223 1
216 167 1
216 265 1
216 209 1
216 215 1
217 224 1
217 168 1
217 266 1
217 210 1
217 218 1
218 225 1
218 169 1
218 267 1
218 211 1
218 217 1
218 219 1
219 226 1
219 170 1
219 268 1
219 212 1
219 218 1
219 220 1
220 227 1
220 171 1
220 269 1
220 213 1
220 219 1
220 221 1
221 228 1
221 172 1
221 270 1
221 214 1
221 220 1
221 222 1
222 223 1
222 229 1
222 173 1
222 271 1
222 215 1
222 221 1
223 230 1
223 174 1
223 272 1
223 216 1
223 222 1
224 225 1
224 231 1
224 175 1
224 273 1
224 217 1
225 224 1
225 226 1
225 232 1
225 176 1
225 274 1
225 218 1
226 225 1
226 227 1
226 233 1
226 177 1
226 275 1
226 219 1
227 226 1
227 228 1
227 234 1
227 178 1
227 276 1
227 220 1
228 227 1
228 229 1
228 235 1
228 179 1
228 277 1
228 221 1
229 228 1
229 230 1
229 236 1
229 180 1
229 278 1
229 222 1
230 223 1
230 229 1
230 237 1
230 181 1
230 279 1
231 224 1
231 232 1
231 238 1
231 182 1
231 280 1
232 225 1
232 231 1
232 233 1
232 239 1
232 183 1
232 281 1
233 226 1
233 232 1
233 234 1
233 240 1
233 184 1
233 282 1
234 227 1
234 233 1
234 235 1
234 241 1
234 185 1
234 283 1
235 228 1
235 234 1
235 236 1
235 242 1
235 186 1
235 284 1
236 229 1
236 235 1
236 237 1
236 243 1
236 187 1
236 285 1
237 230 1
237 236 1
237 244 1
237 188 1
237 286 1
238 239 1
238 231 1
238 287 1
238 189 1
239 288 1
239 232 1
239 238 1
239 240 1
239 190 1
240 191 1
240 289 1
240 233 1
240 239 1
240 241 1
241 192 1
241 290 1
241 234 1
241 240 1
241 242 1
242 193 1
242 291 1
242 235 1
242 241 1
242 243 1
243 194 1
243 292 1
243 236 1
243 242 1
243 244 1
244 293 1
244 195 1
244 243 1
244 237 1
245 252 1
245 294 1
245 196 1
245 246 1
246 197 1
246 295 1
246 245 1
246 247 1
246 253 1
247 198 1
247 296 1
247 246 1
247 248 1
247 254 1
248 255 1
248 199 1
248 297 1
248 247 1
248 249 1
249 256 1
249 200 1
249 298 1
249 248 1
249 250 1
250 257 1
250 201 1
250 299 1
250 249 1
250 251 1
251 258 1
251 300 1
251 202 1
251 250 1
252 259 1
252 203 1
252 301 1
252 245 1
252 253 1
253 260 1
253 204 1
253 302 1
253 246 1
253 252 1
253 254 1
254 255 1
254 261 1
254 205 1
254 303 1
254 247 1
254 253 1
255 256 1
255 262 1
255 206 1
255 304 1
255 248 1
255 254 1
256 255 1
256 257 1
256 263 1
256 207 1
256 305 1
256 249 1
257 256 1
257 258 1
257 264 1
257 208 1
257 306 1
257 250 1
258 257 1
258 265 1
258 209 1
258 307 1
258 251 1
259 260 1
259 266 1
259 210 1
259 308 1
259 252 1
260 259 1
260 261 1
260 267 1
260 211 1
260 309 1
260 253 1
261 260 1
261 262 1
261 268 1
261 212 1
261 310 1
261 254 1
262 255 1
262 261 1
262 263 1
262 269 1
262 213 1
262 311 1
263 256 1
263 262 1
263 264 1
263 270 1
263 214 1
263 312 1
264 257 1
264 263 1
264 265 1
264 271 1
264 215 1
264 313 1
265 258 1
265 264 1
265 272 1
265 216 1
265 314 1
266 259 1
266 267 1
266 273 1
266 217 1
266 315 1
267 260 1
267 266 1
267 268 1
267 274 1
267 218 1
267 316 1
268 261 1
268 267 1
268 269 1
268 275 1
268 219 1
268 317 1
269 262 1
269 268 1
269 270 1
269 276 1
269 220 1
269 318 1
270 319 1
270 263 1
270 269 1
270 271 1
270 277 1
270 221 1
271 320 1
271 264 1
271 270 1
271 272 1
271 278 1
271 222 1
272 223 1
272 321 1
272 265 1
272 271 1
272 279 1
273 224 1
273 322 1
273 266 1
273 274 1
273 280 1
274 225 1
274 323 1
274 267 1
274 273 1
274 275 1
274 281 1
275 226 1
275 324 1
275 268 1
275 274 1
275 276 1
275 282 1
276 227 1
276 325 1
276 269 1
276 275 1
276 277 1
276 283 1
277 228 1
277 326 1
277 270 1
277 276 1
277 278 1
277 284 1
278 229 1
278 327 1
278 271 1
278 277 1
278 279 1
278 285 1
279 230 1
279 328 1
279 272 1
279 278 1
279 286 1
280 287 1
280 231 1
280 329 1
280 273 1
280 281 1
281 288 1
281 232 1
281 330 1
281 274 1
281 280 1
281 282 1
282 289 1
282 233 1
282 331 1
282 275 1
282 281 1
282 283 1
283 290 1
283 234 1
283 332 1
283 276 1
283 282 1
283 284 1
284 291 1
284 235 1
284 333 1
284 277 1
284 283 1
284 285 1
285 292 1
285 236 1
285 334 1
285 278 1
285 284 1
285 286 1
286 293 1
286 237 1
286 335 1
286 279 1
286 285 1
287 336 1
287 288 1
287 280 1
287 238 1
288 287 1
288 289 1
288 239 1
288 337 1
288 281 1
289 288 1
289 290 1
289 240 1
289 338 1
289 282 1
290 289 1
290 291 1
290 241 1
290 339 1
290 283 1
291 290 1
291 292 1
291 242 1
291 340 1
291 284 1
292 291 1
292 293 1
292 243 1
292 341 1
292 285 1
293 292 1
293 244 1
293 342 1
293 286 1
294 295 1
294 301 1
294 245 1
295 296 1
295 302 1
295 294 1
295 246 1
296 295 1
296 247 1
296 297 1
296 303 1
297 296 1
297 298 1
297 248 1
297 304 1
298 297 1
298 249 1
298 299 1
298 305 1
299 306 1
299 298 1
299 300 1
299 250 1
300 299 1
300 251 1
300 307 1
301 302 1
301 308 1
301 252 1
301 294 1
302 295 1
302 301 1
302 303 1
302 309 1
302 253 1
303 296 1
303 302 1
303 304 1
303 310 1
303 254 1
304 255 1
304 297 1
304 303 1
304 305 1
304 311 1
305 256 1
305 298 1
305 304 1
305 306 1
305 312 1
306 257 1
306 299 1
306 305 1
306 307 1
306 313 1
307 306 1
307 258 1
307 300 1
307 314 1
308 309 1
308 315 1
308 259 1
308 301 1
309 260 1
309 302 1
309 308 1
309 310 1
309 316 1
310 261 1
310 303 1
310 309 1
310 311 1
310 317 1
311 262 1
311 304 1
311 310 1
311 312 1
311 318 1
312 319 1
312 263 1
312 305 1
312 311 1
312 313 1
313 320 1
313 264 1
313 306 1
313 312 1
313 314 1
314 313 1
314 265 1
314 307 1
314 321 1
315 316 1
315 322 1
315 266 1
315 308 1
316 323 1
316 267 1
316 309 1
316 315 1
316 317 1
317 324 1
317 268 1
317 310 1
317 316 1
317 318 1
318 319 1
318 325 1
318 269 1
318 311 1
318 317 1
319 320 1
319 326 1
319 270 1
319 312 1
319 318 1
320 319 1
320 321 1
320 327 1
320 271 1
320 313 1
321 328 1
321 320 1
321 314 1
321 272 1
322 329 1
322 273 1
322 323 1
322 315 1
323 322 1
323 324 1
323 330 1
323 274 1
323 316 1
324 323 1
324 325 1
324 331 1
324 275 1
324 317 1
325 324 1
325 326 1
325 332 1
325 276 1
325 318 1
326 319 1
326 325 1
326 327 1
326 333 1
326 277 1
327 320 1
327 326 1
327 328 1
327 334 1
327 278 1
328 327 1
328 279 1
328 321 1
328 335 1
329 336 1
329 330 1
329 322 1
329 280 1
330 323 1
330 329 1
330 331 1
330 337 1
330 281 1
331 324 1
331 330 1
331 332 1
331 338 1
331 282 1
332 325 1
332 331 1
332 333 1
332 339 1
332 283 1
333 326 1
333 332 1
333 334 1
333 340 1
333 284 1
334 327 1
334 333 1
334 335 1
334 341 1
334 285 1
335 328 1
335 342 1
335 334 1
335 286 1
336 287 1
336 337 1
336 329 1
337 336 1
337 338 1
337 330 1
337 288 1
338 337 1
338 339 1
338 289 1
338 331 1
339 338 1
339 290 1
339 340 1
339 332 1
340 341 1
340 339 1
340 333 1
340 291 1
341 340 1
341 292 1
341 342 1
341 334 1
342 335 1
342 341 1
342 293 1
