0 392 1
0 784 -1
1 393 1
1 785 -1
2 394 1
2 786 -1
3 395 1
3 787 -1
4 396 1
4 788 -1
5 397 1
5 789 -1
6 398 1
6 790 -1
7 399 1
7 784 1
7 791 -1
8 400 1
8 785 1
8 792 -1
9 401 1
9 786 1
9 793 -1
10 402 1
10 787 1
10 794 -1
11 403 1
11 788 1
11 795 -1
12 404 1
12 789 1
12 796 -1
13 405 1
13 790 1
13 797 -1
14 406 1
14 791 1
14 798 -1
15 407 1
15 792 1
15 799 -1
16 408 1
16 793 1
16 800 -1
17 409 1
17 794 1
17 801 -1
18 410 1
18 795 1
18 802 -1
19 411 1
19 796 1
19 803 -1
20 412 1
20 797 1
20 804 -1
21 413 1
21 798 1
21 805 -1
22 414 1
22 799 1
22 806 -1
23 415 1
23 800 1
23 807 -1
24 416 1
24 801 1
24 808 -1
25 417 1
25 802 1
25 809 -1
26 418 1
26 803 1
26 810 -1
27 419 1
27 804 1
27 811 -1
28 420 1
28 805 1
28 812 -1
29 421 1
29 806 1
29 813 -1
30 422 1
30 807 1
30 814 -1
31 423 1
31 808 1
31 815 -1
32 424 1
32 809 1
32 816 -1
33 425 1
33 810 1
33 817 -1
34 426 1
34 811 1
34 818 -1
35 427 1
35 812 1
35 819 -1
36 428 1
36 813 1
36 820 -1
37 429 1
37 814 1
37 821 -1
38 430 1
38 815 1
38 822 -1
39 431 1
39 816 1
39 823 -1
40 432 1
40 817 1
40 824 -1
41 433 1
41 818 1
41 825 -1
42 434 1
42 819 1
42 826 -1
43 435 1
43 820 1
43 827 -1
44 436 1
44 821 1
44 828 -1
45 437 1
45 822 1
45 829 -1
46 438 1
46 823 1
46 830 -1
47 439 1
47 824 1
47 831 -1
48 440 1
48 825 1
48 832 -1
49 441 1
49 826 1
50 442 1
50 827 1
51 443 1
51 828 1
52 444 1
52 829 1
53 445 1
53 830 1
54 446 1
54 831 1
55 447 1
55 832 1
56 392 -1
56 448 1
56 833 -1
57 393 -1
57 449 1
57 834 -1
58 394 -1
58 450 1
58 835 -1
59 395 -1
59 451 1
59 836 -1
60 396 -1
60 452 1
60 837 -1
61 397 -1
61 453 1
61 838 -1
62 398 -1
62 454 1
62 839 -1
63 399 -1
63 455 1
63 833 1
63 840 -1
64 400 -1
64 456 1
64 834 1
64 841 -1
65 401 -1
65 457 1
65 835 1
65 842 -1
66 402 -1
66 458 1
66 836 1
66 843 -1
67 403 -1
67 459 1
67 837 1
67 844 -1
68 404 -1
68 460 1
68 838 1
68 845 -1
69 405 -1
69 461 1
69 839 1
69 846 -1
70 406 -1
70 462 1
70 840 1
70 847 -1
71 407 -1
71 463 1
71 841 1
71 848 -1
72 408 -1
72 464 1
72 842 1
72 849 -1
73 409 -1
73 465 1
73 843 1
73 850 -1
74 410 -1
74 466 1
74 844 1
74 851 -1
75 411 -1
75 467 1
75 845 1
75 852 -1
76 412 -1
76 468 1
76 846 1
76 853 -1
77 413 -1
77 469 1
77 847 1
77 854 -1
78 414 -1
78 470 1
78 848 1
78 855 -1
79 415 -1
79 471 1
79 849 1
79 856 -1
80 416 -1
80 472 1
80 850 1
80 857 -1
81 417 -1
81 473 1
81 851 1
81 858 -1
82 418 -1
82 474 1
82 852 1
82 859 -1
83 419 -1
83 475 1
83 853 1
83 860 -1
84 420 -1
84 476 1
84 854 1
84 861 -1
85 421 -1
85 477 1
85 855 1
85 862 -1
86 422 -1
86 478 1
86 856 1
86 863 -1
87 423 -1
87 479 1
87 857 1
87 864 -1
88 424 -1
88 480 1
88 858 1
88 865 -1
89 425 -1
89 481 1
89 859 1
89 866 -1
90 426 -1
90 482 1
90 860 1
90 867 -1
91 427 -1
91 483 1
91 861 1
91 868 -1
92 428 -1
92 484 1
92 862 1
92 869 -1
93 429 -1
93 485 1
93 863 1
93 870 -1
94 430 -1
94 486 1
94 864 1
94 871 -1
95 431 -1
95 487 1
95 865 1
95 872 -1
96 432 -1
96 488 1
96 866 1
96 873 -1
97 433 -1
97 489 1
97 867 1
97 874 -1
98 434 -1
98 490 1
98 868 1
98 875 -1
99 435 -1
99 491 1
99 869 1
99 876 -1
100 436 -1
100 492 1
100 870 1
100 877 -1
101 437 -1
101 493 1
101 871 1
101 878 -1
102 438 -1
102 494 1
102 872 1
102 879 -1
103 439 -1
103 495 1
103 873 1
103 880 -1
104 440 -1
104 496 1
104 874 1
104 881 -1
105 441 -1
105 497 1
105 875 1
106 442 -1
106 498 1
106 876 1
107 443 -1
107 499 1
107 877 1
108 444 -1
108 500 1
108 878 1
109 445 -1
109 501 1
109 879 1
110 446 -1
110 502 1
110 880 1
111 447 -1
111 503 1
111 881 1
112 448 -1
112 504 1
112 882 -1
113 449 -1
113 505 1
113 883 -1
114 450 -1
114 506 1
114 884 -1
115 451 -1
115 507 1
115 885 -1
116 452 -1
116 508 1
116 886 -1
117 453 -1
117 509 1
117 887 -1
118 454 -1
118 510 1
118 888 -1
119 455 -1
119 511 1
119 882 1
119 889 -1
120 456 -1
120 512 1
120 883 1
120 890 -1
121 457 -1
121 513 1
121 884 1
121 891 -1
122 458 -1
122 514 1
122 885 1
122 892 -1
123 459 -1
123 515 1
123 886 1
123 893 -1
124 460 -1
124 516 1
124 887 1
124 894 -1
125 461 -1
125 517 1
125 888 1
125 895 -1
126 462 -1
126 518 1
126 889 1
126 896 -1
127 463 -1
127 519 1
127 890 1
127 897 -1
128 464 -1
128 520 1
128 891 1
128 898 -1
129 465 -1
129 521 1
129 892 1
129 899 -1
130 466 -1
130 522 1
130 893 1
130 900 -1
131 467 -1
131 523 1
131 894 1
131 901 -1
132 468 -1
132 524 1
132 895 1
132 902 -1
133 469 -1
133 525 1
133 896 1
133 903 -1
134 470 -1
134 526 1
134 897 1
134 904 -1
135 471 -1
135 527 1
135 898 1
135 905 -1
136 472 -1
136 528 1
136 899 1
136 906 -1
137 473 -1
137 529 1
137 900 1
137 907 -1
138 474 -1
138 530 1
138 901 1
138 908 -1
139 475 -1
139 531 1
139 902 1
139 909 -1
140 476 -1
140 532 1
140 903 1
140 910 -1
141 477 -1
141 533 1
141 904 1
141 911 -1
142 478 -1
142 534 1
142 905 1
142 912 -1
143 479 -1
143 535 1
143 906 1
143 913 -1
144 480 -1
144 536 1
144 907 1
144 914 -1
145 481 -1
145 537 1
145 908 1
145 915 -1
146 482 -1
146 538 1
146 909 1
146 916 -1
147 483 -1
147 539 1
147 910 1
147 917 -1
148 484 -1
148 540 1
148 911 1
148 918 -1
149 485 -1
149 541 1
149 912 1
149 919 -1
150 486 -1
150 542 1
150 913 1
150 920 -1
151 487 -1
151 543 1
151 914 1
151 921 -1
152 488 -1
152 544 1
152 915 1
152 922 -1
153 489 -1
153 545 1
153 916 1
153 923 -1
154 490 -1
154 546 1
154 917 1
154 924 -1
155 491 -1
155 547 1
155 918 1
155 925 -1
156 492 -1
156 548 1
156 919 1
156 926 -1
157 493 -1
157 549 1
157 920 1
157 927 -1
158 494 -1
158 550 1
158 921 1
158 928 -1
159 495 -1
159 551 1
159 922 1
159 929 -1
160 496 -1
160 552 1
160 923 1
160 930 -1
161 497 -1
161 553 1
161 924 1
162 498 -1
162 554 1
162 925 1
163 499 -1
163 555 1
163 926 1
164 500 -1
164 556 1
164 927 1
165 501 -1
165 557 1
165 928 1
166 502 -1
166 558 1
166 929 1
167 503 -1
167 559 1
167 930 1
168 504 -1
168 560 1
168 931 -1
169 505 -1
169 561 1
169 932 -1
170 506 -1
170 562 1
170 933 -1
171 507 -1
171 563 1
171 934 -1
172 508 -1
172 564 1
172 935 -1
173 509 -1
173 565 1
173 936 -1
174 510 -1
174 566 1
174 937 -1
175 511 -1
175 567 1
175 931 1
175 938 -1
176 512 -1
176 568 1
176 932 1
176 939 -1
177 513 -1
177 569 1
177 933 1
177 940 -1
178 514 -1
178 570 1
178 934 1
178 941 -1
179 515 -1
179 571 1
179 935 1
179 942 -1
180 516 -1
180 572 1
180 936 1
180 943 -1
181 517 -1
181 573 1
181 937 1
181 944 -1
182 518 -1
182 574 1
182 938 1
182 945 -1
183 519 -1
183 575 1
183 939 1
183 946 -1
184 520 -1
184 576 1
184 940 1
184 947 -1
185 521 -1
185 577 1
185 941 1
185 948 -1
186 522 -1
186 578 1
186 942 1
186 949 -1
187 523 -1
187 579 1
187 943 1
187 950 -1
188 524 -1
188 580 1
188 944 1
188 951 -1
189 525 -1
189 581 1
189 945 1
189 952 -1
190 526 -1
190 582 1
190 946 1
190 953 -1
191 527 -1
191 583 1
191 947 1
191 954 -1
192 528 -1
192 584 1
192 948 1
192 955 -1
193 529 -1
193 585 1
193 949 1
193 956 -1
194 530 -1
194 586 1
194 950 1
194 957 -1
195 531 -1
195 587 1
195 951 1
195 958 -1
196 532 -1
196 588 1
196 952 1
196 959 -1
197 533 -1
197 589 1
197 953 1
197 960 -1
198 534 -1
198 590 1
198 954 1
198 961 -1
199 535 -1
199 591 1
199 955 1
199 962 -1
200 536 -1
200 592 1
200 956 1
200 963 -1
201 537 -1
201 593 1
201 957 1
201 964 -1
202 538 -1
202 594 1
202 958 1
202 965 -1
203 539 -1
203 595 1
203 959 1
203 966 -1
204 540 -1
204 596 1
204 960 1
204 967 -1
205 541 -1
205 597 1
205 961 1
205 968 -1
206 542 -1
206 598 1
206 962 1
206 969 -1
207 543 -1
207 599 1
207 963 1
207 970 -1
208 544 -1
208 600 1
208 964 1
208 971 -1
209 545 -1
209 601 1
209 965 1
209 972 -1
210 546 -1
210 602 1
210 966 1
210 973 -1
211 547 -1
211 603 1
211 967 1
211 974 -1
212 548 -1
212 604 1
212 968 1
212 975 -1
213 549 -1
213 605 1
213 969 1
213 976 -1
214 550 -1
214 606 1
214 970 1
214 977 -1
215 551 -1
215 607 1
215 971 1
215 978 -1
216 552 -1
216 608 1
216 972 1
216 979 -1
217 553 -1
217 609 1
217 973 1
218 554 -1
218 610 1
218 974 1
219 555 -1
219 611 1
219 975 1
220 556 -1
220 612 1
220 976 1
221 557 -1
221 613 1
221 977 1
222 558 -1
222 614 1
222 978 1
223 559 -1
223 615 1
223 979 1
224 560 -1
224 616 1
224 980 -1
225 561 -1
225 617 1
225 981 -1
226 562 -1
226 618 1
226 982 -1
227 563 -1
227 619 1
227 983 -1
228 564 -1
228 620 1
228 984 -1
229 565 -1
229 621 1
229 985 -1
230 566 -1
230 622 1
230 986 -1
231 567 -1
231 623 1
231 980 1
231 987 -1
232 568 -1
232 624 1
232 981 1
232 988 -1
233 569 -1
233 625 1
233 982 1
233 989 -1
234 570 -1
234 626 1
234 983 1
234 990 -1
235 571 -1
235 627 1
235 984 1
235 991 -1
236 572 -1
236 628 1
236 985 1
236 992 -1
237 573 -1
237 629 1
237 986 1
237 993 -1
238 574 -1
238 630 1
238 987 1
238 994 -1
239 575 -1
239 631 1
239 988 1
239 995 -1
240 576 -1
240 632 1
240 989 1
240 996 -1
241 577 -1
241 633 1
241 990 1
241 997 -1
242 578 -1
242 634 1
242 991 1
242 998 -1
243 579 -1
243 635 1
243 992 1
243 999 -1
244 580 -1
244 636 1
244 993 1
244 1000 -1
245 581 -1
245 637 1
245 994 1
245 1001 -1
246 582 -1
246 638 1
246 995 1
246 1002 -1
247 583 -1
247 639 1
247 996 1
247 1003 -1
248 584 -1
248 640 1
248 997 1
248 1004 -1
249 585 -1
249 641 1
249 998 1
249 1005 -1
250 586 -1
250 642 1
250 999 1
250 1006 -1
251 587 -1
251 643 1
251 1000 1
251 1007 -1
252 588 -1
252 644 1
252 1001 1
252 1008 -1
253 589 -1
253 645 1
253 1002 1
253 1009 -1
254 590 -1
254 646 1
254 1003 1
254 1010 -1
255 591 -1
255 647 1
255 1004 1
255 1011 -1
256 592 -1
256 648 1
256 1005 1
256 1012 -1
257 593 -1
257 649 1
257 1006 1
257 1013 -1
258 594 -1
258 650 1
258 1007 1
258 1014 -1
259 595 -1
259 651 1
259 1008 1
259 1015 -1
260 596 -1
260 652 1
260 1009 1
260 1016 -1
261 597 -1
261 653 1
261 1010 1
261 1017 -1
262 598 -1
262 654 1
262 1011 1
262 1018 -1
263 599 -1
263 655 1
263 1012 1
263 1019 -1
264 600 -1
264 656 1
264 1013 1
264 1020 -1
265 601 -1
265 657 1
265 1014 1
265 1021 -1
266 602 -1
266 658 1
266 1015 1
266 1022 -1
267 603 -1
267 659 1
267 1016 1
267 1023 -1
268 604 -1
268 660 1
268 1017 1
268 1024 -1
269 605 -1
269 661 1
269 1018 1
269 1025 -1
270 606 -1
270 662 1
270 1019 1
270 1026 -1
271 607 -1
271 663 1
271 1020 1
271 1027 -1
272 608 -1
272 664 1
272 1021 1
272 1028 -1
273 609 -1
273 665 1
273 1022 1
274 610 -1
274 666 1
274 1023 1
275 611 -1
275 667 1
275 1024 1
276 612 -1
276 668 1
276 1025 1
277 613 -1
277 669 1
277 1026 1
278 614 -1
278 670 1
278 1027 1
279 615 -1
279 671 1
279 1028 1
280 616 -1
280 672 1
280 1029 -1
281 617 -1
281 673 1
281 1030 -1
282 618 -1
282 674 1
282 1031 -1
283 619 -1
283 675 1
283 1032 -1
284 620 -1
284 676 1
284 1033 -1
285 621 -1
285 677 1
285 1034 -1
286 622 -1
286 678 1
286 1035 -1
287 623 -1
287 679 1
287 1029 1
287 1036 -1
288 624 -1
288 680 1
288 1030 1
288 1037 -1
289 625 -1
289 681 1
289 1031 1
289 1038 -1
290 626 -1
290 682 1
290 1032 1
290 1039 -1
291 627 -1
291 683 1
291 1033 1
291 1040 -1
292 628 -1
292 684 1
292 1034 1
292 1041 -1
293 629 -1
293 685 1
293 1035 1
293 1042 -1
294 630 -1
294 686 1
294 1036 1
294 1043 -1
295 631 -1
295 687 1
295 1037 1
295 1044 -1
296 632 -1
296 688 1
296 1038 1
296 1045 -1
297 633 -1
297 689 1
297 1039 1
297 1046 -1
298 634 -1
298 690 1
298 1040 1
298 1047 -1
299 635 -1
299 691 1
299 1041 1
299 1048 -1
300 636 -1
300 692 1
300 1042 1
300 1049 -1
301 637 -1
301 693 1
301 1043 1
301 1050 -1
302 638 -1
302 694 1
302 1044 1
302 1051 -1
303 639 -1
303 695 1
303 1045 1
303 1052 -1
304 640 -1
304 696 1
304 1046 1
304 1053 -1
305 641 -1
305 697 1
305 1047 1
305 1054 -1
306 642 -1
306 698 1
306 1048 1
306 1055 -1
307 643 -1
307 699 1
307 1049 1
307 1056 -1
308 644 -1
308 700 1
308 1050 1
308 1057 -1
309 645 -1
309 701 1
309 1051 1
309 1058 -1
310 646 -1
310 702 1
310 1052 1
310 1059 -1
311 647 -1
311 703 1
311 1053 1
311 1060 -1
312 648 -1
312 704 1
312 1054 1
312 1061 -1
313 649 -1
313 705 1
313 1055 1
313 1062 -1
314 650 -1
314 706 1
314 1056 1
314 1063 -1
315 651 -1
315 707 1
315 1057 1
315 1064 -1
316 652 -1
316 708 1
316 1058 1
316 1065 -1
317 653 -1
317 709 1
317 1059 1
317 1066 -1
318 654 -1
318 710 1
318 1060 1
318 1067 -1
319 655 -1
319 711 1
319 1061 1
319 1068 -1
320 656 -1
320 712 1
320 1062 1
320 1069 -1
321 657 -1
321 713 1
321 1063 1
321 1070 -1
322 658 -1
322 714 1
322 1064 1
322 1071 -1
323 659 -1
323 715 1
323 1065 1
323 1072 -1
324 660 -1
324 716 1
324 1066 1
324 1073 -1
325 661 -1
325 717 1
325 1067 1
325 1074 -1
326 662 -1
326 718 1
326 1068 1
326 1075 -1
327 663 -1
327 719 1
327 1069 1
327 1076 -1
328 664 -1
328 720 1
328 1070 1
328 1077 -1
329 665 -1
329 721 1
329 1071 1
330 666 -1
330 722 1
330 1072 1
331 667 -1
331 723 1
331 1073 1
332 668 -1
332 724 1
332 1074 1
333 669 -1
333 725 1
333 1075 1
334 670 -1
334 726 1
334 1076 1
335 671 -1
335 727 1
335 1077 1
336 672 -1
336 728 1
336 1078 -1
337 673 -1
337 729 1
337 1079 -1
338 674 -1
338 730 1
338 1080 -1
339 675 -1
339 731 1
339 1081 -1
340 676 -1
340 732 1
340 1082 -1
341 677 -1
341 733 1
341 1083 -1
342 678 -1
342 734 1
342 1084 -1
343 679 -1
343 735 1
343 1078 1
343 1085 -1
344 680 -1
344 736 1
344 1079 1
344 1086 -1
345 681 -1
345 737 1
345 1080 1
345 1087 -1
346 682 -1
346 738 1
346 1081 1
346 1088 -1
347 683 -1
347 739 1
347 1082 1
347 1089 -1
348 684 -1
348 740 1
348 1083 1
348 1090 -1
349 685 -1
349 741 1
349 1084 1
349 1091 -1
350 686 -1
350 742 1
350 1085 1
350 1092 -1
351 687 -1
351 743 1
351 1086 1
351 1093 -1
352 688 -1
352 744 1
352 1087 1
352 1094 -1
353 689 -1
353 745 1
353 1088 1
353 1095 -1
354 690 -1
354 746 1
354 1089 1
354 1096 -1
355 691 -1
355 747 1
355 1090 1
355 1097 -1
356 692 -1
356 748 1
356 1091 1
356 1098 -1
357 693 -1
357 749 1
357 1092 1
357 1099 -1
358 694 -1
358 750 1
358 1093 1
358 1100 -1
359 695 -1
359 751 1
359 1094 1
359 1101 -1
360 696 -1
360 752 1
360 1095 1
360 1102 -1
361 697 -1
361 753 1
361 1096 1
361 1103 -1
362 698 -1
362 754 1
362 1097 1
362 1104 -1
363 699 -1
363 755 1
363 1098 1
363 1105 -1
364 700 -1
364 756 1
364 1099 1
364 1106 -1
365 701 -1
365 757 1
365 1100 1
365 1107 -1
366 702 -1
366 758 1
366 1101 1
366 1108 -1
367 703 -1
367 759 1
367 1102 1
367 1109 -1
368 704 -1
368 760 1
368 1103 1
368 1110 -1
369 705 -1
369 761 1
369 1104 1
369 1111 -1
370 706 -1
370 762 1
370 1105 1
370 1112 -1
371 707 -1
371 763 1
371 1106 1
371 1113 -1
372 708 -1
372 764 1
372 1107 1
372 1114 -1
373 709 -1
373 765 1
373 1108 1
373 1115 -1
374 710 -1
374 766 1
374 1109 1
374 1116 -1
375 711 -1
375 767 1
375 1110 1
375 1117 -1
376 712 -1
376 768 1
376 1111 1
376 1118 -1
377 713 -1
377 769 1
377 1112 1
377 1119 -1
378 714 -1
378 770 1
378 1113 1
378 1120 -1
379 715 -1
379 771 1
379 1114 1
379 1121 -1
380 716 -1
380 772 1
380 1115 1
380 1122 -1
381 717 -1
381 773 1
381 1116 1
381 1123 -1
382 718 -1
382 774 1
382 1117 1
382 1124 -1
383 719 -1
383 775 1
383 1118 1
383 1125 -1
384 720 -1
384 776 1
384 1119 1
384 1126 -1
385 721 -1
385 777 1
385 1120 1
386 722 -1
386 778 1
386 1121 1
387 723 -1
387 779 1
387 1122 1
388 724 -1
388 780 1
388 1123 1
389 725 -1
389 781 1
389 1124 1
390 726 -1
390 782 1
390 1125 1
391 727 -1
391 783 1
391 1126 1
392 728 -1
392 1127 -1
393 729 -1
393 1128 -1
394 730 -1
394 1129 -1
395 731 -1
395 1130 -1
396 732 -1
396 1131 -1
397 733 -1
397 1132 -1
398 734 -1
398 1133 -1
399 735 -1
399 1127 1
399 1134 -1
400 736 -1
400 1128 1
400 1135 -1
401 737 -1
401 1129 1
401 1136 -1
402 738 -1
402 1130 1
402 1137 -1
403 739 -1
403 1131 1
403 1138 -1
404 740 -1
404 1132 1
404 1139 -1
405 741 -1
405 1133 1
405 1140 -1
406 742 -1
406 1134 1
406 1141 -1
407 743 -1
407 1135 1
407 1142 -1
408 744 -1
408 1136 1
408 1143 -1
409 745 -1
409 1137 1
409 1144 -1
410 746 -1
410 1138 1
410 1145 -1
411 747 -1
411 1139 1
411 1146 -1
412 748 -1
412 1140 1
412 1147 -1
413 749 -1
413 1141 1
413 1148 -1
414 750 -1
414 1142 1
414 1149 -1
415 751 -1
415 1143 1
415 1150 -1
416 752 -1
416 1144 1
416 1151 -1
417 753 -1
417 1145 1
417 1152 -1
418 754 -1
418 1146 1
418 1153 -1
419 755 -1
419 1147 1
419 1154 -1
420 756 -1
420 1148 1
420 1155 -1
421 757 -1
421 1149 1
421 1156 -1
422 758 -1
422 1150 1
422 1157 -1
423 759 -1
423 1151 1
423 1158 -1
424 760 -1
424 1152 1
424 1159 -1
425 761 -1
425 1153 1
425 1160 -1
426 762 -1
426 1154 1
426 1161 -1
427 763 -1
427 1155 1
427 1162 -1
428 764 -1
428 1156 1
428 1163 -1
429 765 -1
429 1157 1
429 1164 -1
430 766 -1
430 1158 1
430 1165 -1
431 767 -1
431 1159 1
431 1166 -1
432 768 -1
432 1160 1
432 1167 -1
433 769 -1
433 1161 1
433 1168 -1
434 770 -1
434 1162 1
434 1169 -1
435 771 -1
435 1163 1
435 1170 -1
436 772 -1
436 1164 1
436 1171 -1
437 773 -1
437 1165 1
437 1172 -1
438 774 -1
438 1166 1
438 1173 -1
439 775 -1
439 1167 1
439 1174 -1
440 776 -1
440 1168 1
440 1175 -1
441 777 -1
441 1169 1
442 778 -1
442 1170 1
443 779 -1
443 1171 1
444 780 -1
444 1172 1
445 781 -1
445 1173 1
446 782 -1
446 1174 1
447 783 -1
447 1175 1
448 0 -1
448 784 1
449 1 -1
449 784 -1
449 785 1
450 2 -1
450 785 -1
450 786 1
451 3 -1
451 786 -1
451 787 1
452 4 -1
452 787 -1
452 788 1
453 5 -1
453 788 -1
453 789 1
454 6 -1
454 789 -1
454 790 1
455 7 -1
455 790 -1
456 8 -1
456 791 1
457 9 -1
457 791 -1
457 792 1
458 10 -1
458 792 -1
458 793 1
459 11 -1
459 793 -1
459 794 1
460 12 -1
460 794 -1
460 795 1
461 13 -1
461 795 -1
461 796 1
462 14 -1
462 796 -1
462 797 1
463 15 -1
463 797 -1
464 16 -1
464 798 1
465 17 -1
465 798 -1
465 799 1
466 18 -1
466 799 -1
466 800 1
467 19 -1
467 800 -1
467 801 1
468 20 -1
468 801 -1
468 802 1
469 21 -1
469 802 -1
469 803 1
470 22 -1
470 803 -1
470 804 1
471 23 -1
471 804 -1
472 24 -1
472 805 1
473 25 -1
473 805 -1
473 806 1
474 26 -1
474 806 -1
474 807 1
475 27 -1
475 807 -1
475 808 1
476 28 -1
476 808 -1
476 809 1
477 29 -1
477 809 -1
477 810 1
478 30 -1
478 810 -1
478 811 1
479 31 -1
479 811 -1
480 32 -1
480 812 1
481 33 -1
481 812 -1
481 813 1
482 34 -1
482 813 -1
482 814 1
483 35 -1
483 814 -1
483 815 1
484 36 -1
484 815 -1
484 816 1
485 37 -1
485 816 -1
485 817 1
486 38 -1
486 817 -1
486 818 1
487 39 -1
487 818 -1
488 40 -1
488 819 1
489 41 -1
489 819 -1
489 820 1
490 42 -1
490 820 -1
490 821 1
491 43 -1
491 821 -1
491 822 1
492 44 -1
492 822 -1
492 823 1
493 45 -1
493 823 -1
493 824 1
494 46 -1
494 824 -1
494 825 1
495 47 -1
495 825 -1
496 48 -1
496 826 1
497 49 -1
497 826 -1
497 827 1
498 50 -1
498 827 -1
498 828 1
499 51 -1
499 828 -1
499 829 1
500 52 -1
500 829 -1
500 830 1
501 53 -1
501 830 -1
501 831 1
502 54 -1
502 831 -1
502 832 1
503 55 -1
503 832 -1
504 0 1
504 56 -1
504 833 1
505 1 1
505 57 -1
505 833 -1
505 834 1
506 2 1
506 58 -1
506 834 -1
506 835 1
507 3 1
507 59 -1
507 835 -1
507 836 1
508 4 1
508 60 -1
508 836 -1
508 837 1
509 5 1
509 61 -1
509 837 -1
509 838 1
510 6 1
510 62 -1
510 838 -1
510 839 1
511 7 1
511 63 -1
511 839 -1
512 8 1
512 64 -1
512 840 1
513 9 1
513 65 -1
513 840 -1
513 841 1
514 10 1
514 66 -1
514 841 -1
514 842 1
515 11 1
515 67 -1
515 842 -1
515 843 1
516 12 1
516 68 -1
516 843 -1
516 844 1
517 13 1
517 69 -1
517 844 -1
517 845 1
518 14 1
518 70 -1
518 845 -1
518 846 1
519 15 1
519 71 -1
519 846 -1
520 16 1
520 72 -1
520 847 1
521 17 1
521 73 -1
521 847 -1
521 848 1
522 18 1
522 74 -1
522 848 -1
522 849 1
523 19 1
523 75 -1
523 849 -1
523 850 1
524 20 1
524 76 -1
524 850 -1
524 851 1
525 21 1
525 77 -1
525 851 -1
525 852 1
526 22 1
526 78 -1
526 852 -1
526 853 1
527 23 1
527 79 -1
527 853 -1
528 24 1
528 80 -1
528 854 1
529 25 1
529 81 -1
529 854 -1
529 855 1
530 26 1
530 82 -1
530 855 -1
530 856 1
531 27 1
531 83 -1
531 856 -1
531 857 1
532 28 1
532 84 -1
532 857 -1
532 858 1
533 29 1
533 85 -1
533 858 -1
533 859 1
534 30 1
534 86 -1
534 859 -1
534 860 1
535 31 1
535 87 -1
535 860 -1
536 32 1
536 88 -1
536 861 1
537 33 1
537 89 -1
537 861 -1
537 862 1
538 34 1
538 90 -1
538 862 -1
538 863 1
539 35 1
539 91 -1
539 863 -1
539 864 1
540 36 1
540 92 -1
540 864 -1
540 865 1
541 37 1
541 93 -1
541 865 -1
541 866 1
542 38 1
542 94 -1
542 866 -1
542 867 1
543 39 1
543 95 -1
543 867 -1
544 40 1
544 96 -1
544 868 1
545 41 1
545 97 -1
545 868 -1
545 869 1
546 42 1
546 98 -1
546 869 -1
546 870 1
547 43 1
547 99 -1
547 870 -1
547 871 1
548 44 1
548 100 -1
548 871 -1
548 872 1
549 45 1
549 101 -1
549 872 -1
549 873 1
550 46 1
550 102 -1
550 873 -1
550 874 1
551 47 1
551 103 -1
551 874 -1
552 48 1
552 104 -1
552 875 1
553 49 1
553 105 -1
553 875 -1
553 876 1
554 50 1
554 106 -1
554 876 -1
554 877 1
555 51 1
555 107 -1
555 877 -1
555 878 1
556 52 1
556 108 -1
556 878 -1
556 879 1
557 53 1
557 109 -1
557 879 -1
557 880 1
558 54 1
558 110 -1
558 880 -1
558 881 1
559 55 1
559 111 -1
559 881 -1
560 56 1
560 112 -1
560 882 1
561 57 1
561 113 -1
561 882 -1
561 883 1
562 58 1
562 114 -1
562 883 -1
562 884 1
563 59 1
563 115 -1
563 884 -1
563 885 1
564 60 1
564 116 -1
564 885 -1
564 886 1
565 61 1
565 117 -1
565 886 -1
565 887 1
566 62 1
566 118 -1
566 887 -1
566 888 1
567 63 1
567 119 -1
567 888 -1
568 64 1
568 120 -1
568 889 1
569 65 1
569 121 -1
569 889 -1
569 890 1
570 66 1
570 122 -1
570 890 -1
570 891 1
571 67 1
571 123 -1
571 891 -1
571 892 1
572 68 1
572 124 -1
572 892 -1
572 893 1
573 69 1
573 125 -1
573 893 -1
573 894 1
574 70 1
574 126 -1
574 894 -1
574 895 1
575 71 1
575 127 -1
575 895 -1
576 72 1
576 128 -1
576 896 1
577 73 1
577 129 -1
577 896 -1
577 897 1
578 74 1
578 130 -1
578 897 -1
578 898 1
579 75 1
579 131 -1
579 898 -1
579 899 1
580 76 1
580 132 -1
580 899 -1
580 900 1
581 77 1
581 133 -1
581 900 -1
581 901 1
582 78 1
582 134 -1
582 901 -1
582 902 1
583 79 1
583 135 -1
583 902 -1
584 80 1
584 136 -1
584 903 1
585 81 1
585 137 -1
585 903 -1
585 904 1
586 82 1
586 138 -1
586 904 -1
586 905 1
587 83 1
587 139 -1
587 905 -1
587 906 1
588 84 1
588 140 -1
588 906 -1
588 907 1
589 85 1
589 141 -1
589 907 -1
589 908 1
590 86 1
590 142 -1
590 908 -1
590 909 1
591 87 1
591 143 -1
591 909 -1
592 88 1
592 144 -1
592 910 1
593 89 1
593 145 -1
593 910 -1
593 911 1
594 90 1
594 146 -1
594 911 -1
594 912 1
595 91 1
595 147 -1
595 912 -1
595 913 1
596 92 1
596 148 -1
596 913 -1
596 914 1
597 93 1
597 149 -1
597 914 -1
597 915 1
598 94 1
598 150 -1
598 915 -1
598 916 1
599 95 1
599 151 -1
599 916 -1
600 96 1
600 152 -1
600 917 1
601 97 1
601 153 -1
601 917 -1
601 918 1
602 98 1
602 154 -1
602 918 -1
602 919 1
603 99 1
603 155 -1
603 919 -1
603 920 1
604 100 1
604 156 -1
604 920 -1
604 921 1
605 101 1
605 157 -1
605 921 -1
605 922 1
606 102 1
606 158 -1
606 922 -1
606 923 1
607 103 1
607 159 -1
607 923 -1
608 104 1
608 160 -1
608 924 1
609 105 1
609 161 -1
609 924 -1
609 925 1
610 106 1
610 162 -1
610 925 -1
610 926 1
611 107 1
611 163 -1
611 926 -1
611 927 1
612 108 1
612 164 -1
612 927 -1
612 928 1
613 109 1
613 165 -1
613 928 -1
613 929 1
614 110 1
614 166 -1
614 929 -1
614 930 1
615 111 1
615 167 -1
615 930 -1
616 112 1
616 168 -1
616 931 1
617 113 1
617 169 -1
617 931 -1
617 932 1
618 114 1
618 170 -1
618 932 -1
618 933 1
619 115 1
619 171 -1
619 933 -1
619 934 1
620 116 1
620 172 -1
620 934 -1
620 935 1
621 117 1
621 173 -1
621 935 -1
621 936 1
622 118 1
622 174 -1
622 936 -1
622 937 1
623 119 1
623 175 -1
623 937 -1
624 120 1
624 176 -1
624 938 1
625 121 1
625 177 -1
625 938 -1
625 939 1
626 122 1
626 178 -1
626 939 -1
626 940 1
627 123 1
627 179 -1
627 940 -1
627 941 1
628 124 1
628 180 -1
628 941 -1
628 942 1
629 125 1
629 181 -1
629 942 -1
629 943 1
630 126 1
630 182 -1
630 943 -1
630 944 1
631 127 1
631 183 -1
631 944 -1
632 128 1
632 184 -1
632 945 1
633 129 1
633 185 -1
633 945 -1
633 946 1
634 130 1
634 186 -1
634 946 -1
634 947 1
635 131 1
635 187 -1
635 947 -1
635 948 1
636 132 1
636 188 -1
636 948 -1
636 949 1
637 133 1
637 189 -1
637 949 -1
637 950 1
638 134 1
638 190 -1
638 950 -1
638 951 1
639 135 1
639 191 -1
639 951 -1
640 136 1
640 192 -1
640 952 1
641 137 1
641 193 -1
641 952 -1
641 953 1
642 138 1
642 194 -1
642 953 -1
642 954 1
643 139 1
643 195 -1
643 954 -1
643 955 1
644 140 1
644 196 -1
644 955 -1
644 956 1
645 141 1
645 197 -1
645 956 -1
645 957 1
646 142 1
646 198 -1
646 957 -1
646 958 1
647 143 1
647 199 -1
647 958 -1
648 144 1
648 200 -1
648 959 1
649 145 1
649 201 -1
649 959 -1
649 960 1
650 146 1
650 202 -1
650 960 -1
650 961 1
651 147 1
651 203 -1
651 961 -1
651 962 1
652 148 1
652 204 -1
652 962 -1
652 963 1
653 149 1
653 205 -1
653 963 -1
653 964 1
654 150 1
654 206 -1
654 964 -1
654 965 1
655 151 1
655 207 -1
655 965 -1
656 152 1
656 208 -1
656 966 1
657 153 1
657 209 -1
657 966 -1
657 967 1
658 154 1
658 210 -1
658 967 -1
658 968 1
659 155 1
659 211 -1
659 968 -1
659 969 1
660 156 1
660 212 -1
660 969 -1
660 970 1
661 157 1
661 213 -1
661 970 -1
661 971 1
662 158 1
662 214 -1
662 971 -1
662 972 1
663 159 1
663 215 -1
663 972 -1
664 160 1
664 216 -1
664 973 1
665 161 1
665 217 -1
665 973 -1
665 974 1
666 162 1
666 218 -1
666 974 -1
666 975 1
667 163 1
667 219 -1
667 975 -1
667 976 1
668 164 1
668 220 -1
668 976 -1
668 977 1
669 165 1
669 221 -1
669 977 -1
669 978 1
670 166 1
670 222 -1
670 978 -1
670 979 1
671 167 1
671 223 -1
671 979 -1
672 168 1
672 224 -1
672 980 1
673 169 1
673 225 -1
673 980 -1
673 981 1
674 170 1
674 226 -1
674 981 -1
674 982 1
675 171 1
675 227 -1
675 982 -1
675 983 1
676 172 1
676 228 -1
676 983 -1
676 984 1
677 173 1
677 229 -1
677 984 -1
677 985 1
678 174 1
678 230 -1
678 985 -1
678 986 1
679 175 1
679 231 -1
679 986 -1
680 176 1
680 232 -1
680 987 1
681 177 1
681 233 -1
681 987 -1
681 988 1
682 178 1
682 234 -1
682 988 -1
682 989 1
683 179 1
683 235 -1
683 989 -1
683 990 1
684 180 1
684 236 -1
684 990 -1
684 991 1
685 181 1
685 237 -1
685 991 -1
685 992 1
686 182 1
686 238 -1
686 992 -1
686 993 1
687 183 1
687 239 -1
687 993 -1
688 184 1
688 240 -1
688 994 1
689 185 1
689 241 -1
689 994 -1
689 995 1
690 186 1
690 242 -1
690 995 -1
690 996 1
691 187 1
691 243 -1
691 996 -1
691 997 1
692 188 1
692 244 -1
692 997 -1
692 998 1
693 189 1
693 245 -1
693 998 -1
693 999 1
694 190 1
694 246 -1
694 999 -1
694 1000 1
695 191 1
695 247 -1
695 1000 -1
696 192 1
696 248 -1
696 1001 1
697 193 1
697 249 -1
697 1001 -1
697 1002 1
698 194 1
698 250 -1
698 1002 -1
698 1003 1
699 195 1
699 251 -1
699 1003 -1
699 1004 1
700 196 1
700 252 -1
700 1004 -1
700 1005 1
701 197 1
701 253 -1
701 1005 -1
701 1006 1
702 198 1
702 254 -1
702 1006 -1
702 1007 1
703 199 1
703 255 -1
703 1007 -1
704 200 1
704 256 -1
704 1008 1
705 201 1
705 257 -1
705 1008 -1
705 1009 1
706 202 1
706 258 -1
706 1009 -1
706 1010 1
707 203 1
707 259 -1
707 1010 -1
707 1011 1
708 204 1
708 260 -1
708 1011 -1
708 1012 1
709 205 1
709 261 -1
709 1012 -1
709 1013 1
710 206 1
710 262 -1
710 1013 -1
710 1014 1
711 207 1
711 263 -1
711 1014 -1
712 208 1
712 264 -1
712 1015 1
713 209 1
713 265 -1
713 1015 -1
713 1016 1
714 210 1
714 266 -1
714 1016 -1
714 1017 1
715 211 1
715 267 -1
715 1017 -1
715 1018 1
716 212 1
716 268 -1
716 1018 -1
716 1019 1
717 213 1
717 269 -1
717 1019 -1
717 1020 1
718 214 1
718 270 -1
718 1020 -1
718 1021 1
719 215 1
719 271 -1
719 1021 -1
720 216 1
720 272 -1
720 1022 1
721 217 1
721 273 -1
721 1022 -1
721 1023 1
722 218 1
722 274 -1
722 1023 -1
722 1024 1
723 219 1
723 275 -1
723 1024 -1
723 1025 1
724 220 1
724 276 -1
724 1025 -1
724 1026 1
725 221 1
725 277 -1
725 1026 -1
725 1027 1
726 222 1
726 278 -1
726 1027 -1
726 1028 1
727 223 1
727 279 -1
727 1028 -1
728 224 1
728 280 -1
728 1029 1
729 225 1
729 281 -1
729 1029 -1
729 1030 1
730 226 1
730 282 -1
730 1030 -1
730 1031 1
731 227 1
731 283 -1
731 1031 -1
731 1032 1
732 228 1
732 284 -1
732 1032 -1
732 1033 1
733 229 1
733 285 -1
733 1033 -1
733 1034 1
734 230 1
734 286 -1
734 1034 -1
734 1035 1
735 231 1
735 287 -1
735 1035 -1
736 232 1
736 288 -1
736 1036 1
737 233 1
737 289 -1
737 1036 -1
737 1037 1
738 234 1
738 290 -1
738 1037 -1
738 1038 1
739 235 1
739 291 -1
739 1038 -1
739 1039 1
740 236 1
740 292 -1
740 1039 -1
740 1040 1
741 237 1
741 293 -1
741 1040 -1
741 1041 1
742 238 1
742 294 -1
742 1041 -1
742 1042 1
743 239 1
743 295 -1
743 1042 -1
744 240 1
744 296 -1
744 1043 1
745 241 1
745 297 -1
745 1043 -1
745 1044 1
746 242 1
746 298 -1
746 1044 -1
746 1045 1
747 243 1
747 299 -1
747 1045 -1
747 1046 1
748 244 1
748 300 -1
748 1046 -1
748 1047 1
749 245 1
749 301 -1
749 1047 -1
749 1048 1
750 246 1
750 302 -1
750 1048 -1
750 1049 1
751 247 1
751 303 -1
751 1049 -1
752 248 1
752 304 -1
752 1050 1
753 249 1
753 305 -1
753 1050 -1
753 1051 1
754 250 1
754 306 -1
754 1051 -1
754 1052 1
755 251 1
755 307 -1
755 1052 -1
755 1053 1
756 252 1
756 308 -1
756 1053 -1
756 1054 1
757 253 1
757 309 -1
757 1054 -1
757 1055 1
758 254 1
758 310 -1
758 1055 -1
758 1056 1
759 255 1
759 311 -1
759 1056 -1
760 256 1
760 312 -1
760 1057 1
761 257 1
761 313 -1
761 1057 -1
761 1058 1
762 258 1
762 314 -1
762 1058 -1
762 1059 1
763 259 1
763 315 -1
763 1059 -1
763 1060 1
764 260 1
764 316 -1
764 1060 -1
764 1061 1
765 261 1
765 317 -1
765 1061 -1
765 1062 1
766 262 1
766 318 -1
766 1062 -1
766 1063 1
767 263 1
767 319 -1
767 1063 -1
768 264 1
768 320 -1
768 1064 1
769 265 1
769 321 -1
769 1064 -1
769 1065 1
770 266 1
770 322 -1
770 1065 -1
770 1066 1
771 267 1
771 323 -1
771 1066 -1
771 1067 1
772 268 1
772 324 -1
772 1067 -1
772 1068 1
773 269 1
773 325 -1
773 1068 -1
773 1069 1
774 270 1
774 326 -1
774 1069 -1
774 1070 1
775 271 1
775 327 -1
775 1070 -1
776 272 1
776 328 -1
776 1071 1
777 273 1
777 329 -1
777 1071 -1
777 1072 1
778 274 1
778 330 -1
778 1072 -1
778 1073 1
779 275 1
779 331 -1
779 1073 -1
779 1074 1
780 276 1
780 332 -1
780 1074 -1
780 1075 1
781 277 1
781 333 -1
781 1075 -1
781 1076 1
782 278 1
782 334 -1
782 1076 -1
782 1077 1
783 279 1
783 335 -1
783 1077 -1
784 280 1
784 336 -1
784 1078 1
785 281 1
785 337 -1
785 1078 -1
785 1079 1
786 282 1
786 338 -1
786 1079 -1
786 1080 1
787 283 1
787 339 -1
787 1080 -1
787 1081 1
788 284 1
788 340 -1
788 1081 -1
788 1082 1
789 285 1
789 341 -1
789 1082 -1
789 1083 1
790 286 1
790 342 -1
790 1083 -1
790 1084 1
791 287 1
791 343 -1
791 1084 -1
792 288 1
792 344 -1
792 1085 1
793 289 1
793 345 -1
793 1085 -1
793 1086 1
794 290 1
794 346 -1
794 1086 -1
794 1087 1
795 291 1
795 347 -1
795 1087 -1
795 1088 1
796 292 1
796 348 -1
796 1088 -1
796 1089 1
797 293 1
797 349 -1
797 1089 -1
797 1090 1
798 294 1
798 350 -1
798 1090 -1
798 1091 1
799 295 1
799 351 -1
799 1091 -1
800 296 1
800 352 -1
800 1092 1
801 297 1
801 353 -1
801 1092 -1
801 1093 1
802 298 1
802 354 -1
802 1093 -1
802 1094 1
803 299 1
803 355 -1
803 1094 -1
803 1095 1
804 300 1
804 356 -1
804 1095 -1
804 1096 1
805 301 1
805 357 -1
805 1096 -1
805 1097 1
806 302 1
806 358 -1
806 1097 -1
806 1098 1
807 303 1
807 359 -1
807 1098 -1
808 304 1
808 360 -1
808 1099 1
809 305 1
809 361 -1
809 1099 -1
809 1100 1
810 306 1
810 362 -1
810 1100 -1
810 1101 1
811 307 1
811 363 -1
811 1101 -1
811 1102 1
812 308 1
812 364 -1
812 1102 -1
812 1103 1
813 309 1
813 365 -1
813 1103 -1
813 1104 1
814 310 1
814 366 -1
814 1104 -1
814 1105 1
815 311 1
815 367 -1
815 1105 -1
816 312 1
816 368 -1
816 1106 1
817 313 1
817 369 -1
817 1106 -1
817 1107 1
818 314 1
818 370 -1
818 1107 -1
818 1108 1
819 315 1
819 371 -1
819 1108 -1
819 1109 1
820 316 1
820 372 -1
820 1109 -1
820 1110 1
821 317 1
821 373 -1
821 1110 -1
821 1111 1
822 318 1
822 374 -1
822 1111 -1
822 1112 1
823 319 1
823 375 -1
823 1112 -1
824 320 1
824 376 -1
824 1113 1
825 321 1
825 377 -1
825 1113 -1
825 1114 1
826 322 1
826 378 -1
826 1114 -1
826 1115 1
827 323 1
827 379 -1
827 1115 -1
827 1116 1
828 324 1
828 380 -1
828 1116 -1
828 1117 1
829 325 1
829 381 -1
829 1117 -1
829 1118 1
830 326 1
830 382 -1
830 1118 -1
830 1119 1
831 327 1
831 383 -1
831 1119 -1
832 328 1
832 384 -1
832 1120 1
833 329 1
833 385 -1
833 1120 -1
833 1121 1
834 330 1
834 386 -1
834 1121 -1
834 1122 1
835 331 1
835 387 -1
835 1122 -1
835 1123 1
836 332 1
836 388 -1
836 1123 -1
836 1124 1
837 333 1
837 389 -1
837 1124 -1
837 1125 1
838 334 1
838 390 -1
838 1125 -1
838 1126 1
839 335 1
839 391 -1
839 1126 -1
840 336 1
840 1127 1
841 337 1
841 1127 -1
841 1128 1
842 338 1
842 1128 -1
842 1129 1
843 339 1
843 1129 -1
843 1130 1
844 340 1
844 1130 -1
844 1131 1
845 341 1
845 1131 -1
845 1132 1
846 342 1
846 1132 -1
846 1133 1
847 343 1
847 1133 -1
848 344 1
848 1134 1
849 345 1
849 1134 -1
849 1135 1
850 346 1
850 1135 -1
850 1136 1
851 347 1
851 1136 -1
851 1137 1
852 348 1
852 1137 -1
852 1138 1
853 349 1
853 1138 -1
853 1139 1
854 350 1
854 1139 -1
854 1140 1
855 351 1
855 1140 -1
856 352 1
856 1141 1
857 353 1
857 1141 -1
857 1142 1
858 354 1
858 1142 -1
858 1143 1
859 355 1
859 1143 -1
859 1144 1
860 356 1
860 1144 -1
860 1145 1
861 357 1
861 1145 -1
861 1146 1
862 358 1
862 1146 -1
862 1147 1
863 359 1
863 1147 -1
864 360 1
864 1148 1
865 361 1
865 1148 -1
865 1149 1
866 362 1
866 1149 -1
866 1150 1
867 363 1
867 1150 -1
867 1151 1
868 364 1
868 1151 -1
868 1152 1
869 365 1
869 1152 -1
869 1153 1
870 366 1
870 1153 -1
870 1154 1
871 367 1
871 1154 -1
872 368 1
872 1155 1
873 369 1
873 1155 -1
873 1156 1
874 370 1
874 1156 -1
874 1157 1
875 371 1
875 1157 -1
875 1158 1
876 372 1
876 1158 -1
876 1159 1
877 373 1
877 1159 -1
877 1160 1
878 374 1
878 1160 -1
878 1161 1
879 375 1
879 1161 -1
880 376 1
880 1162 1
881 377 1
881 1162 -1
881 1163 1
882 378 1
882 1163 -1
882 1164 1
883 379 1
883 1164 -1
883 1165 1
884 380 1
884 1165 -1
884 1166 1
885 381 1
885 1166 -1
885 1167 1
886 382 1
886 1167 -1
886 1168 1
887 383 1
887 1168 -1
888 384 1
888 1169 1
889 385 1
889 1169 -1
889 1170 1
890 386 1
890 1170 -1
890 1171 1
891 387 1
891 1171 -1
891 1172 1
892 388 1
892 1172 -1
892 1173 1
893 389 1
893 1173 -1
893 1174 1
894 390 1
894 1174 -1
894 1175 1
895 391 1
895 1175 -1
896 0 1
896 392 -1
897 1 1
897 392 1
897 393 -1
898 2 1
898 393 1
898 394 -1
899 3 1
899 394 1
899 395 -1
900 4 1
900 395 1
900 396 -1
901 5 1
901 396 1
901 397 -1
902 6 1
902 397 1
902 398 -1
903 7 1
903 398 1
904 0 -1
904 8 1
904 399 -1
905 1 -1
905 9 1
905 399 1
905 400 -1
906 2 -1
906 10 1
906 400 1
906 401 -1
907 3 -1
907 11 1
907 401 1
907 402 -1
908 4 -1
908 12 1
908 402 1
908 403 -1
909 5 -1
909 13 1
909 403 1
909 404 -1
910 6 -1
910 14 1
910 404 1
910 405 -1
911 7 -1
911 15 1
911 405 1
912 8 -1
912 16 1
912 406 -1
913 9 -1
913 17 1
913 406 1
913 407 -1
914 10 -1
914 18 1
914 407 1
914 408 -1
915 11 -1
915 19 1
915 408 1
915 409 -1
916 12 -1
916 20 1
916 409 1
916 410 -1
917 13 -1
917 21 1
917 410 1
917 411 -1
918 14 -1
918 22 1
918 411 1
918 412 -1
919 15 -1
919 23 1
919 412 1
920 16 -1
920 24 1
920 413 -1
921 17 -1
921 25 1
921 413 1
921 414 -1
922 18 -1
922 26 1
922 414 1
922 415 -1
923 19 -1
923 27 1
923 415 1
923 416 -1
924 20 -1
924 28 1
924 416 1
924 417 -1
925 21 -1
925 29 1
925 417 1
925 418 -1
926 22 -1
926 30 1
926 418 1
926 419 -1
927 23 -1
927 31 1
927 419 1
928 24 -1
928 32 1
928 420 -1
929 25 -1
929 33 1
929 420 1
929 421 -1
930 26 -1
930 34 1
930 421 1
930 422 -1
931 27 -1
931 35 1
931 422 1
931 423 -1
932 28 -1
932 36 1
932 423 1
932 424 -1
933 29 -1
933 37 1
933 424 1
933 425 -1
934 30 -1
934 38 1
934 425 1
934 426 -1
935 31 -1
935 39 1
935 426 1
936 32 -1
936 40 1
936 427 -1
937 33 -1
937 41 1
937 427 1
937 428 -1
938 34 -1
938 42 1
938 428 1
938 429 -1
939 35 -1
939 43 1
939 429 1
939 430 -1
940 36 -1
940 44 1
940 430 1
940 431 -1
941 37 -1
941 45 1
941 431 1
941 432 -1
942 38 -1
942 46 1
942 432 1
942 433 -1
943 39 -1
943 47 1
943 433 1
944 40 -1
944 48 1
944 434 -1
945 41 -1
945 49 1
945 434 1
945 435 -1
946 42 -1
946 50 1
946 435 1
946 436 -1
947 43 -1
947 51 1
947 436 1
947 437 -1
948 44 -1
948 52 1
948 437 1
948 438 -1
949 45 -1
949 53 1
949 438 1
949 439 -1
950 46 -1
950 54 1
950 439 1
950 440 -1
951 47 -1
951 55 1
951 440 1
952 48 -1
952 441 -1
953 49 -1
953 441 1
953 442 -1
954 50 -1
954 442 1
954 443 -1
955 51 -1
955 443 1
955 444 -1
956 52 -1
956 444 1
956 445 -1
957 53 -1
957 445 1
957 446 -1
958 54 -1
958 446 1
958 447 -1
959 55 -1
959 447 1
960 56 1
960 448 -1
961 57 1
961 448 1
961 449 -1
962 58 1
962 449 1
962 450 -1
963 59 1
963 450 1
963 451 -1
964 60 1
964 451 1
964 452 -1
965 61 1
965 452 1
965 453 -1
966 62 1
966 453 1
966 454 -1
967 63 1
967 454 1
968 56 -1
968 64 1
968 455 -1
969 57 -1
969 65 1
969 455 1
969 456 -1
970 58 -1
970 66 1
970 456 1
970 457 -1
971 59 -1
971 67 1
971 457 1
971 458 -1
972 60 -1
972 68 1
972 458 1
972 459 -1
973 61 -1
973 69 1
973 459 1
973 460 -1
974 62 -1
974 70 1
974 460 1
974 461 -1
975 63 -1
975 71 1
975 461 1
976 64 -1
976 72 1
976 462 -1
977 65 -1
977 73 1
977 462 1
977 463 -1
978 66 -1
978 74 1
978 463 1
978 464 -1
979 67 -1
979 75 1
979 464 1
979 465 -1
980 68 -1
980 76 1
980 465 1
980 466 -1
981 69 -1
981 77 1
981 466 1
981 467 -1
982 70 -1
982 78 1
982 467 1
982 468 -1
983 71 -1
983 79 1
983 468 1
984 72 -1
984 80 1
984 469 -1
985 73 -1
985 81 1
985 469 1
985 470 -1
986 74 -1
986 82 1
986 470 1
986 471 -1
987 75 -1
987 83 1
987 471 1
987 472 -1
988 76 -1
988 84 1
988 472 1
988 473 -1
989 77 -1
989 85 1
989 473 1
989 474 -1
990 78 -1
990 86 1
990 474 1
990 475 -1
991 79 -1
991 87 1
991 475 1
992 80 -1
992 88 1
992 476 -1
993 81 -1
993 89 1
993 476 1
993 477 -1
994 82 -1
994 90 1
994 477 1
994 478 -1
995 83 -1
995 91 1
995 478 1
995 479 -1
996 84 -1
996 92 1
996 479 1
996 480 -1
997 85 -1
997 93 1
997 480 1
997 481 -1
998 86 -1
998 94 1
998 481 1
998 482 -1
999 87 -1
999 95 1
999 482 1
1000 88 -1
1000 96 1
1000 483 -1
1001 89 -1
1001 97 1
1001 483 1
1001 484 -1
1002 90 -1
1002 98 1
1002 484 1
1002 485 -1
1003 91 -1
1003 99 1
1003 485 1
1003 486 -1
1004 92 -1
1004 100 1
1004 486 1
1004 487 -1
1005 93 -1
1005 101 1
1005 487 1
1005 488 -1
1006 94 -1
1006 102 1
1006 488 1
1006 489 -1
1007 95 -1
1007 103 1
1007 489 1
1008 96 -1
1008 104 1
1008 490 -1
1009 97 -1
1009 105 1
1009 490 1
1009 491 -1
1010 98 -1
1010 106 1
1010 491 1
1010 492 -1
1011 99 -1
1011 107 1
1011 492 1
1011 493 -1
1012 100 -1
1012 108 1
1012 493 1
1012 494 -1
1013 101 -1
1013 109 1
1013 494 1
1013 495 -1
1014 102 -1
1014 110 1
1014 495 1
1014 496 -1
1015 103 -1
1015 111 1
1015 496 1
1016 104 -1
1016 497 -1
1017 105 -1
1017 497 1
1017 498 -1
1018 106 -1
1018 498 1
1018 499 -1
1019 107 -1
1019 499 1
1019 500 -1
1020 108 -1
1020 500 1
1020 501 -1
1021 109 -1
1021 501 1
1021 502 -1
1022 110 -1
1022 502 1
1022 503 -1
1023 111 -1
1023 503 1
1024 112 1
1024 504 -1
1025 113 1
1025 504 1
1025 505 -1
1026 114 1
1026 505 1
1026 506 -1
1027 115 1
1027 506 1
1027 507 -1
1028 116 1
1028 507 1
1028 508 -1
1029 117 1
1029 508 1
1029 509 -1
1030 118 1
1030 509 1
1030 510 -1
1031 119 1
1031 510 1
1032 112 -1
1032 120 1
1032 511 -1
1033 113 -1
1033 121 1
1033 511 1
1033 512 -1
1034 114 -1
1034 122 1
1034 512 1
1034 513 -1
1035 115 -1
1035 123 1
1035 513 1
1035 514 -1
1036 116 -1
1036 124 1
1036 514 1
1036 515 -1
1037 117 -1
1037 125 1
1037 515 1
1037 516 -1
1038 118 -1
1038 126 1
1038 516 1
1038 517 -1
1039 119 -1
1039 127 1
1039 517 1
1040 120 -1
1040 128 1
1040 518 -1
1041 121 -1
1041 129 1
1041 518 1
1041 519 -1
1042 122 -1
1042 130 1
1042 519 1
1042 520 -1
1043 123 -1
1043 131 1
1043 520 1
1043 521 -1
1044 124 -1
1044 132 1
1044 521 1
1044 522 -1
1045 125 -1
1045 133 1
1045 522 1
1045 523 -1
1046 126 -1
1046 134 1
1046 523 1
1046 524 -1
1047 127 -1
1047 135 1
1047 524 1
1048 128 -1
1048 136 1
1048 525 -1
1049 129 -1
1049 137 1
1049 525 1
1049 526 -1
1050 130 -1
1050 138 1
1050 526 1
1050 527 -1
1051 131 -1
1051 139 1
1051 527 1
1051 528 -1
1052 132 -1
1052 140 1
1052 528 1
1052 529 -1
1053 133 -1
1053 141 1
1053 529 1
1053 530 -1
1054 134 -1
1054 142 1
1054 530 1
1054 531 -1
1055 135 -1
1055 143 1
1055 531 1
1056 136 -1
1056 144 1
1056 532 -1
1057 137 -1
1057 145 1
1057 532 1
1057 533 -1
1058 138 -1
1058 146 1
1058 533 1
1058 534 -1
1059 139 -1
1059 147 1
1059 534 1
1059 535 -1
1060 140 -1
1060 148 1
1060 535 1
1060 536 -1
1061 141 -1
1061 149 1
1061 536 1
1061 537 -1
1062 142 -1
1062 150 1
1062 537 1
1062 538 -1
1063 143 -1
1063 151 1
1063 538 1
1064 144 -1
1064 152 1
1064 539 -1
1065 145 -1
1065 153 1
1065 539 1
1065 540 -1
1066 146 -1
1066 154 1
1066 540 1
1066 541 -1
1067 147 -1
1067 155 1
1067 541 1
1067 542 -1
1068 148 -1
1068 156 1
1068 542 1
1068 543 -1
1069 149 -1
1069 157 1
1069 543 1
1069 544 -1
1070 150 -1
1070 158 1
1070 544 1
1070 545 -1
1071 151 -1
1071 159 1
1071 545 1
1072 152 -1
1072 160 1
1072 546 -1
1073 153 -1
1073 161 1
1073 546 1
1073 547 -1
1074 154 -1
1074 162 1
1074 547 1
1074 548 -1
1075 155 -1
1075 163 1
1075 548 1
1075 549 -1
1076 156 -1
1076 164 1
1076 549 1
1076 550 -1
1077 157 -1
1077 165 1
1077 550 1
1077 551 -1
1078 158 -1
1078 166 1
1078 551 1
1078 552 -1
1079 159 -1
1079 167 1
1079 552 1
1080 160 -1
1080 553 -1
1081 161 -1
1081 553 1
1081 554 -1
1082 162 -1
1082 554 1
1082 555 -1
1083 163 -1
1083 555 1
1083 556 -1
1084 164 -1
1084 556 1
1084 557 -1
1085 165 -1
1085 557 1
1085 558 -1
1086 166 -1
1086 558 1
1086 559 -1
1087 167 -1
1087 559 1
1088 168 1
1088 560 -1
1089 169 1
1089 560 1
1089 561 -1
1090 170 1
1090 561 1
1090 562 -1
1091 171 1
1091 562 1
1091 563 -1
1092 172 1
1092 563 1
1092 564 -1
1093 173 1
1093 564 1
1093 565 -1
1094 174 1
1094 565 1
1094 566 -1
1095 175 1
1095 566 1
1096 168 -1
1096 176 1
1096 567 -1
1097 169 -1
1097 177 1
1097 567 1
1097 568 -1
1098 170 -1
1098 178 1
1098 568 1
1098 569 -1
1099 171 -1
1099 179 1
1099 569 1
1099 570 -1
1100 172 -1
1100 180 1
1100 570 1
1100 571 -1
1101 173 -1
1101 181 1
1101 571 1
1101 572 -1
1102 174 -1
1102 182 1
1102 572 1
1102 573 -1
1103 175 -1
1103 183 1
1103 573 1
1104 176 -1
1104 184 1
1104 574 -1
1105 177 -1
1105 185 1
1105 574 1
1105 575 -1
1106 178 -1
1106 186 1
1106 575 1
1106 576 -1
1107 179 -1
1107 187 1
1107 576 1
1107 577 -1
1108 180 -1
1108 188 1
1108 577 1
1108 578 -1
1109 181 -1
1109 189 1
1109 578 1
1109 579 -1
1110 182 -1
1110 190 1
1110 579 1
1110 580 -1
1111 183 -1
1111 191 1
1111 580 1
1112 184 -1
1112 192 1
1112 581 -1
1113 185 -1
1113 193 1
1113 581 1
1113 582 -1
1114 186 -1
1114 194 1
1114 582 1
1114 583 -1
1115 187 -1
1115 195 1
1115 583 1
1115 584 -1
1116 188 -1
1116 196 1
1116 584 1
1116 585 -1
1117 189 -1
1117 197 1
1117 585 1
1117 586 -1
1118 190 -1
1118 198 1
1118 586 1
1118 587 -1
1119 191 -1
1119 199 1
1119 587 1
1120 192 -1
1120 200 1
1120 588 -1
1121 193 -1
1121 201 1
1121 588 1
1121 589 -1
1122 194 -1
1122 202 1
1122 589 1
1122 590 -1
1123 195 -1
1123 203 1
1123 590 1
1123 591 -1
1124 196 -1
1124 204 1
1124 591 1
1124 592 -1
1125 197 -1
1125 205 1
1125 592 1
1125 593 -1
1126 198 -1
1126 206 1
1126 593 1
1126 594 -1
1127 199 -1
1127 207 1
1127 594 1
1128 200 -1
1128 208 1
1128 595 -1
1129 201 -1
1129 209 1
1129 595 1
1129 596 -1
1130 202 -1
1130 210 1
1130 596 1
1130 597 -1
1131 203 -1
1131 211 1
1131 597 1
1131 598 -1
1132 204 -1
1132 212 1
1132 598 1
1132 599 -1
1133 205 -1
1133 213 1
1133 599 1
1133 600 -1
1134 206 -1
1134 214 1
1134 600 1
1134 601 -1
1135 207 -1
1135 215 1
1135 601 1
1136 208 -1
1136 216 1
1136 602 -1
1137 209 -1
1137 217 1
1137 602 1
1137 603 -1
1138 210 -1
1138 218 1
1138 603 1
1138 604 -1
1139 211 -1
1139 219 1
1139 604 1
1139 605 -1
1140 212 -1
1140 220 1
1140 605 1
1140 606 -1
1141 213 -1
1141 221 1
1141 606 1
1141 607 -1
1142 214 -1
1142 222 1
1142 607 1
1142 608 -1
1143 215 -1
1143 223 1
1143 608 1
1144 216 -1
1144 609 -1
1145 217 -1
1145 609 1
1145 610 -1
1146 218 -1
1146 610 1
1146 611 -1
1147 219 -1
1147 611 1
1147 612 -1
1148 220 -1
1148 612 1
1148 613 -1
1149 221 -1
1149 613 1
1149 614 -1
1150 222 -1
1150 614 1
1150 615 -1
1151 223 -1
1151 615 1
1152 224 1
1152 616 -1
1153 225 1
1153 616 1
1153 617 -1
1154 226 1
1154 617 1
1154 618 -1
1155 227 1
1155 618 1
1155 619 -1
1156 228 1
1156 619 1
1156 620 -1
1157 229 1
1157 620 1
1157 621 -1
1158 230 1
1158 621 1
1158 622 -1
1159 231 1
1159 622 1
1160 224 -1
1160 232 1
1160 623 -1
1161 225 -1
1161 233 1
1161 623 1
1161 624 -1
1162 226 -1
1162 234 1
1162 624 1
1162 625 -1
1163 227 -1
1163 235 1
1163 625 1
1163 626 -1
1164 228 -1
1164 236 1
1164 626 1
1164 627 -1
1165 229 -1
1165 237 1
1165 627 1
1165 628 -1
1166 230 -1
1166 238 1
1166 628 1
1166 629 -1
1167 231 -1
1167 239 1
1167 629 1
1168 232 -1
1168 240 1
1168 630 -1
1169 233 -1
1169 241 1
1169 630 1
1169 631 -1
1170 234 -1
1170 242 1
1170 631 1
1170 632 -1
1171 235 -1
1171 243 1
1171 632 1
1171 633 -1
1172 236 -1
1172 244 1
1172 633 1
1172 634 -1
1173 237 -1
1173 245 1
1173 634 1
1173 635 -1
1174 238 -1
1174 246 1
1174 635 1
1174 636 -1
1175 239 -1
1175 247 1
1175 636 1
1176 240 -1
1176 248 1
1176 637 -1
1177 241 -1
1177 249 1
1177 637 1
1177 638 -1
1178 242 -1
1178 250 1
1178 638 1
1178 639 -1
1179 243 -1
1179 251 1
1179 639 1
1179 640 -1
1180 244 -1
1180 252 1
1180 640 1
1180 641 -1
1181 245 -1
1181 253 1
1181 641 1
1181 642 -1
1182 246 -1
1182 254 1
1182 642 1
1182 643 -1
1183 247 -1
1183 255 1
1183 643 1
1184 248 -1
1184 256 1
1184 644 -1
1185 249 -1
1185 257 1
1185 644 1
1185 645 -1
1186 250 -1
1186 258 1
1186 645 1
1186 646 -1
1187 251 -1
1187 259 1
1187 646 1
1187 647 -1
1188 252 -1
1188 260 1
1188 647 1
1188 648 -1
1189 253 -1
1189 261 1
1189 648 1
1189 649 -1
1190 254 -1
1190 262 1
1190 649 1
1190 650 -1
1191 255 -1
1191 263 1
1191 650 1
1192 256 -1
1192 264 1
1192 651 -1
1193 257 -1
1193 265 1
1193 651 1
1193 652 -1
1194 258 -1
1194 266 1
1194 652 1
1194 653 -1
1195 259 -1
1195 267 1
1195 653 1
1195 654 -1
1196 260 -1
1196 268 1
1196 654 1
1196 655 -1
1197 261 -1
1197 269 1
1197 655 1
1197 656 -1
1198 262 -1
1198 270 1
1198 656 1
1198 657 -1
1199 263 -1
1199 271 1
1199 657 1
1200 264 -1
1200 272 1
1200 658 -1
1201 265 -1
1201 273 1
1201 658 1
1201 659 -1
1202 266 -1
1202 274 1
1202 659 1
1202 660 -1
1203 267 -1
1203 275 1
1203 660 1
1203 661 -1
1204 268 -1
1204 276 1
1204 661 1
1204 662 -1
1205 269 -1
1205 277 1
1205 662 1
1205 663 -1
1206 270 -1
1206 278 1
1206 663 1
1206 664 -1
1207 271 -1
1207 279 1
1207 664 1
1208 272 -1
1208 665 -1
1209 273 -1
1209 665 1
1209 666 -1
1210 274 -1
1210 666 1
1210 667 -1
1211 275 -1
1211 667 1
1211 668 -1
1212 276 -1
1212 668 1
1212 669 -1
1213 277 -1
1213 669 1
1213 670 -1
1214 278 -1
1214 670 1
1214 671 -1
1215 279 -1
1215 671 1
1216 280 1
1216 672 -1
1217 281 1
1217 672 1
1217 673 -1
1218 282 1
1218 673 1
1218 674 -1
1219 283 1
1219 674 1
1219 675 -1
1220 284 1
1220 675 1
1220 676 -1
1221 285 1
1221 676 1
1221 677 -1
1222 286 1
1222 677 1
1222 678 -1
1223 287 1
1223 678 1
1224 280 -1
1224 288 1
1224 679 -1
1225 281 -1
1225 289 1
1225 679 1
1225 680 -1
1226 282 -1
1226 290 1
1226 680 1
1226 681 -1
1227 283 -1
1227 291 1
1227 681 1
1227 682 -1
1228 284 -1
1228 292 1
1228 682 1
1228 683 -1
1229 285 -1
1229 293 1
1229 683 1
1229 684 -1
1230 286 -1
1230 294 1
1230 684 1
1230 685 -1
1231 287 -1
1231 295 1
1231 685 1
1232 288 -1
1232 296 1
1232 686 -1
1233 289 -1
1233 297 1
1233 686 1
1233 687 -1
1234 290 -1
1234 298 1
1234 687 1
1234 688 -1
1235 291 -1
1235 299 1
1235 688 1
1235 689 -1
1236 292 -1
1236 300 1
1236 689 1
1236 690 -1
1237 293 -1
1237 301 1
1237 690 1
1237 691 -1
1238 294 -1
1238 302 1
1238 691 1
1238 692 -1
1239 295 -1
1239 303 1
1239 692 1
1240 296 -1
1240 304 1
1240 693 -1
1241 297 -1
1241 305 1
1241 693 1
1241 694 -1
1242 298 -1
1242 306 1
1242 694 1
1242 695 -1
1243 299 -1
1243 307 1
1243 695 1
1243 696 -1
1244 300 -1
1244 308 1
1244 696 1
1244 697 -1
1245 301 -1
1245 309 1
1245 697 1
1245 698 -1
1246 302 -1
1246 310 1
1246 698 1
1246 699 -1
1247 303 -1
1247 311 1
1247 699 1
1248 304 -1
1248 312 1
1248 700 -1
1249 305 -1
1249 313 1
1249 700 1
1249 701 -1
1250 306 -1
1250 314 1
1250 701 1
1250 702 -1
1251 307 -1
1251 315 1
1251 702 1
1251 703 -1
1252 308 -1
1252 316 1
1252 703 1
1252 704 -1
1253 309 -1
1253 317 1
1253 704 1
1253 705 -1
1254 310 -1
1254 318 1
1254 705 1
1254 706 -1
1255 311 -1
1255 319 1
1255 706 1
1256 312 -1
1256 320 1
1256 707 -1
1257 313 -1
1257 321 1
1257 707 1
1257 708 -1
1258 314 -1
1258 322 1
1258 708 1
1258 709 -1
1259 315 -1
1259 323 1
1259 709 1
1259 710 -1
1260 316 -1
1260 324 1
1260 710 1
1260 711 -1
1261 317 -1
1261 325 1
1261 711 1
1261 712 -1
1262 318 -1
1262 326 1
1262 712 1
1262 713 -1
1263 319 -1
1263 327 1
1263 713 1
1264 320 -1
1264 328 1
1264 714 -1
1265 321 -1
1265 329 1
1265 714 1
1265 715 -1
1266 322 -1
1266 330 1
1266 715 1
1266 716 -1
1267 323 -1
1267 331 1
1267 716 1
1267 717 -1
1268 324 -1
1268 332 1
1268 717 1
1268 718 -1
1269 325 -1
1269 333 1
1269 718 1
1269 719 -1
1270 326 -1
1270 334 1
1270 719 1
1270 720 -1
1271 327 -1
1271 335 1
1271 720 1
1272 328 -1
1272 721 -1
1273 329 -1
1273 721 1
1273 722 -1
1274 330 -1
1274 722 1
1274 723 -1
1275 331 -1
1275 723 1
1275 724 -1
1276 332 -1
1276 724 1
1276 725 -1
1277 333 -1
1277 725 1
1277 726 -1
1278 334 -1
1278 726 1
1278 727 -1
1279 335 -1
1279 727 1
1280 336 1
1280 728 -1
1281 337 1
1281 728 1
1281 729 -1
1282 338 1
1282 729 1
1282 730 -1
1283 339 1
1283 730 1
1283 731 -1
1284 340 1
1284 731 1
1284 732 -1
1285 341 1
1285 732 1
1285 733 -1
1286 342 1
1286 733 1
1286 734 -1
1287 343 1
1287 734 1
1288 336 -1
1288 344 1
1288 735 -1
1289 337 -1
1289 345 1
1289 735 1
1289 736 -1
1290 338 -1
1290 346 1
1290 736 1
1290 737 -1
1291 339 -1
1291 347 1
1291 737 1
1291 738 -1
1292 340 -1
1292 348 1
1292 738 1
1292 739 -1
1293 341 -1
1293 349 1
1293 739 1
1293 740 -1
1294 342 -1
1294 350 1
1294 740 1
1294 741 -1
1295 343 -1
1295 351 1
1295 741 1
1296 344 -1
1296 352 1
1296 742 -1
1297 345 -1
1297 353 1
1297 742 1
1297 743 -1
1298 346 -1
1298 354 1
1298 743 1
1298 744 -1
1299 347 -1
1299 355 1
1299 744 1
1299 745 -1
1300 348 -1
1300 356 1
1300 745 1
1300 746 -1
1301 349 -1
1301 357 1
1301 746 1
1301 747 -1
1302 350 -1
1302 358 1
1302 747 1
1302 748 -1
1303 351 -1
1303 359 1
1303 748 1
1304 352 -1
1304 360 1
1304 749 -1
1305 353 -1
1305 361 1
1305 749 1
1305 750 -1
1306 354 -1
1306 362 1
1306 750 1
1306 751 -1
1307 355 -1
1307 363 1
1307 751 1
1307 752 -1
1308 356 -1
1308 364 1
1308 752 1
1308 753 -1
1309 357 -1
1309 365 1
1309 753 1
1309 754 -1
1310 358 -1
1310 366 1
1310 754 1
1310 755 -1
1311 359 -1
1311 367 1
1311 755 1
1312 360 -1
1312 368 1
1312 756 -1
1313 361 -1
1313 369 1
1313 756 1
1313 757 -1
1314 362 -1
1314 370 1
1314 757 1
1314 758 -1
1315 363 -1
1315 371 1
1315 758 1
1315 759 -1
1316 364 -1
1316 372 1
1316 759 1
1316 760 -1
1317 365 -1
1317 373 1
1317 760 1
1317 761 -1
1318 366 -1
1318 374 1
1318 761 1
1318 762 -1
1319 367 -1
1319 375 1
1319 762 1
1320 368 -1
1320 376 1
1320 763 -1
1321 369 -1
1321 377 1
1321 763 1
1321 764 -1
1322 370 -1
1322 378 1
1322 764 1
1322 765 -1
1323 371 -1
1323 379 1
1323 765 1
1323 766 -1
1324 372 -1
1324 380 1
1324 766 1
1324 767 -1
1325 373 -1
1325 381 1
1325 767 1
1325 768 -1
1326 374 -1
1326 382 1
1326 768 1
1326 769 -1
1327 375 -1
1327 383 1
1327 769 1
1328 376 -1
1328 384 1
1328 770 -1
1329 377 -1
1329 385 1
1329 770 1
1329 771 -1
1330 378 -1
1330 386 1
1330 771 1
1330 772 -1
1331 379 -1
1331 387 1
1331 772 1
1331 773 -1
1332 380 -1
1332 388 1
1332 773 1
1332 774 -1
1333 381 -1
1333 389 1
1333 774 1
1333 775 -1
1334 382 -1
1334 390 1
1334 775 1
1334 776 -1
1335 383 -1
1335 391 1
1335 776 1
1336 384 -1
1336 777 -1
1337 385 -1
1337 777 1
1337 778 -1
1338 386 -1
1338 778 1
1338 779 -1
1339 387 -1
1339 779 1
1339 780 -1
1340 388 -1
1340 780 1
1340 781 -1
1341 389 -1
1341 781 1
1341 782 -1
1342 390 -1
1342 782 1
1342 783 -1
1343 391 -1
1343 783 1
