2714
12401
7095
1796
11505
6221
944
10675
5413
158
9911
4671
14438
9212
3994
13783
8579
3383
13194
8012
2838
12671
7511
2358
12213
7075
1945
11822
6706
1597
11496
6403
1316
11237
6165
1101
11044
5994
952
10917
5889
868
10856
5850
851
10862
5878
902
10935
5973
1020
11074
6134
1203
11279
6362
1452
11551
6655
1767
11888
7014
2149
12291
7440
2596
12761
7931
3110
13296
8488
3689
13897
9111
4334
14564
9800
5045
297
10556
5823
1103
11386
6677
1975
12279
7592
2911
13237
8570
3911
14259
9614
4977
348
10726
6115
1511
11914
7322
2738
13160
8592
4029
14473
9925
5383
849
11331
6816
2306
12805
8308
3820
14339
9865
5399
942
11497
7055
2620
13192
8772
4358
14950
10549
6164
1783
12410
8041
3678
14324
9979
5638
1312
11992
7677
3367
14065
9769
5484
1210
11942
7680
3423
14172
9932
5696
1476
12259
8050
3845
14649
10456
6282
2110
12945
8787
4633
488
11357
7232
3112
13996
9889
5790
1706
12625
8548
4480
417
11369
7327
3288
14256
10233
6223
2217
13218
9223
5234
1262
12297
8333
4378
428
11493
7564
3638
14722
10809
6913
3020
14131
10252
6386
2522
13665
9813
5975
2146
13323
9498
5686
1891
13095
9306
5523
1756
12993
9234
5480
1744
13012
9283
5561
1857
13152
9453
5763
2089
13418
9744
6090
2444
13799
10162
6539
2920
14305
10697
7107
3516
14931
11358
7795
4233
677
12140
8606
5071
1555
13044
9536
6041
2555
14070
10593
7133
3671
215
11776
8340
4906
1489
13078
9669
6278
2888
14505
11127
7764
4402
1047
12707
9368
6042
2725
14410
11102
7809
4515
1231
12958
9689
6438
3185
14937
11703
8472
5246
2042
13835
10634
7450
4264
1087
12923
9763
6618
3474
332
12208
9084
5972
2874
14775
11686
8605
5524
2466
14406
11353
8311
5270
2253
14229
11216
8214
5210
2233
14248
11274
8310
5346
2407
14465
11532
8604
5678
2777
14870
11977
9083
6210
3338
469
12615
9765
6929
4094
1267
13455
10638
7842
5038
2263
14485
11714
8947
6196
3450
702
12976
10251
7538
4823
2129
14437
11754
9071
6412
3748
1088
13450
10805
8178
5552
2949
334
12739
10147
7568
4984
2427
14865
12317
9768
7237
4703
2188
14677
12171
9670
7188
4701
2235
14769
12314
9861
7421
4980
2566
142
12735
10332
7941
5548
3179
798
13446
11085
8742
6408
4072
1746
14433
12126
9827
7537
5245
2983
705
13456
11195
8953
6723
4488
2274
58
12855
10655
8468
6294
4117
1951
14797
12646
10501
8373
6251
4131
2020
14921
12828
10740
8667
6599
4532
2485
434
13401
11370
9344
7335
5320
3332
1339
14356
12386
10414
8458
6515
4566
2640
704
13790
11881
9981
8085
6199
4317
2454
585
13734
11890
10051
8219
6402
4582
2784
977
14186
12412
10629
8868
7112
5353
3619
1881
156
13443
11731
10029
8334
6653
4963
3304
1636
14987
13343
11701
10073
8449
6841
5223
3636
2044
462
13890
12329
10767
9216
7681
6143
4617
3107
1591
93
13604
12116
10637
9169
7714
6262
4810
3384
1949
530
14116
12716
11317
9933
8553
7183
5813
4458
3121
1774
444
14120
12810
11503
10202
8912
7632
6359
5085
3834
2587
1340
106
13881
12664
11455
10255
9058
7878
6705
5527
4367
3223
2074
934
14811
13691
12578
11475
10378
9292
8211
7146
6077
5020
3979
2947
1910
886
14877
13870
12876
11885
10902
9929
8965
8008
7061
6118
5181
4261
3354
2446
1540
649
14768
13896
13032
12170
11316
10475
9638
8820
8001
7197
6397
5597
4811
4039
3275
2517
1758
1016
281
14559
13838
13131
12430
11734
11042
10366
9694
9036
8386
7743
7106
6484
5854
5240
4641
4048
3468
2889
2318
1748
1196
651
117
14591
14066
13558
13055
12555
12068
11591
11115
10653
10198
9748
9316
8886
8465
8054
7649
7256
6867
6491
6109
5745
5390
5043
4709
4379
4059
3750
3447
3150
2861
2583
2310
2043
1788
1538
1302
1072
847
636
433
238
50
14872
14699
14537
14379
14231
14092
13963
13841
13726
13623
13528
13438
13359
13287
13225
13169
13121
13083
13052
13029
13016
13010
13015
13028
13051
13082
13120
13168
13224
13286
13358
13437
13527
13622
13725
13840
13962
14091
14230
14378
14536
14698
14871
51
241
439
643
858
1083
1317
1554
1806
2063
2332
2608
2887
3177
3479
3781
4093
4415
4746
5084
5433
5789
6158
6540
6917
7307
7705
8110
8525
8946
9379
9817
10268
10723
11185
11662
12144
12633
13146
13663
14185
14717
254
796
1356
1917
2493
3070
3656
4244
4846
5456
6075
6714
7347
7985
8642
9297
9967
10641
11325
12022
12723
13459
14181
14919
659
1410
2172
2942
3714
4490
5277
6074
6888
7701
8521
9351
10187
11031
11893
12755
13649
14544
438
1345
2260
3183
4105
5033
5979
6938
7894
8859
9833
10818
11810
12811
13845
14875
906
1950
3005
4054
5115
6192
7274
8357
9450
10551
11666
12787
13943
92
1246
2414
3583
4753
5934
7134
8327
9532
10751
11975
13222
14481
738
2006
3284
4557
5842
7145
8442
9747
11068
12398
13756
118
1478
2852
4222
5605
6998
8395
9796
11209
12630
14090
545
2003
3475
4931
6423
7900
9390
10889
12397
13941
483
2028
3582
5131
6703
8266
9847
11433
13034
14666
1289
2928
4555
6204
7851
9503
11167
12845
14562
1260
2979
4684
6416
8135
9871
11613
13382
165
1942
3736
5518
7326
9125
10938
12759
14625
1474
3340
5191
7066
8939
10822
12710
14648
1571
3506
5427
7375
9312
11263
13246
236
2232
4223
6232
8233
10247
12268
14331
1389
3455
5509
7585
9652
11745
13860
981
3108
5225
7368
9496
11645
13821
1006
3199
5375
7576
9771
11982
14223
1466
3720
5957
8215
10472
12744
61
2369
4664
6977
9286
11612
13971
1329
3697
6051
8424
10795
13197
613
3037
5447
7874
10302
12736
223
2698
5159
7644
10124
12607
152
2681
5195
7735
10269
12813
400
2986
5559
8141
10727
13344
973
3609
6241
8869
11512
14189
1867
4544
7233
9918
12603
355
3088
5810
8552
11284
14058
1840
4615
7403
10182
12978
818
3654
6483
9302
12141
24
2903
5770
8657
11535
14456
2381
5292
8218
11142
14108
2081
5034
8011
10980
13989
2004
5005
8028
11039
14097
2160
5204
8269
11329
14432
2540
5633
8738
11843
14994
3144
6289
9423
12569
777
3967
7155
10341
13559
1791
5011
8250
11482
14760
3038
6310
9568
12853
1179
4489
7806
11117
14478
2831
6184
9531
12897
1307
4698
8095
11490
14934
3374
6801
10229
13692
2178
5646
9116
12587
1126
4634
8149
11665
226
3786
7329
10874
14469
3065
6652
10234
13853
2495
6113
9732
13390
2066
5725
9388
13068
1781
5483
9182
12893
1651
5387
9127
12872
1666
5441
9213
12998
1831
5644
9451
13285
2147
5989
9836
13706
2609
6494
10363
14282
3214
7121
11030
3956
7906
11860
860
4845
8837
12826
1873
5897
9920
13969
3041
7087
11140
248
4332
8428
12508
1659
5786
9912
14061
3240
7390
11545
745
4929
9124
13338
2581
6802
11012
289
4539
8800
13066
2380
6670
10946
284
4600
8923
13264
2639
6983
11333
731
5113
9501
13915
3351
7757
12168
1637
6092
10531
23
4501
8984
13488
3014
7517
12026
1584
6133
10665
255
4821
9396
13997
3615
8204
12803
2476
7102
11736
1413
6080
10736
449
5135
9831
14563
4282
9004
13748
3527
8265
13019
2830
7610
12381
2229
7035
11846
1701
6559
11387
1269
6149
11004
922
5825
10714
660
5590
10509
486
5437
10392
388
5369
10355
380
5392
10404
461
5500
10534
619
5693
10756
869
5966
11058
1198
6340
11448
1618
6780
11925
2128
7306
12472
2720
7918
13132
3397
8621
13868
4142
9397
14690
4970
10265
593
5913
11222
1582
6931
12260
2668
8025
13408
3825
9200
14631
5049
10468
936
6398
11831
2335
7800
13283
3808
9288
14823
5345
10873
1443
7001
12535
3161
8724
14325
4922
10527
1174
6815
12428
3125
8763
14443
5120
10800
1524
7239
12929
3701
9413
175
5936
11688
2499
8268
14063
4869
10674
1525
7364
13193
4066
9913
802
6694
12548
3502
9384
322
6268
12176
3167
9097
81
6066
12038
3072
9052
85
6124
12133
3226
9250
336
6429
12473
3612
9686
823
6952
13070
4231
10368
1557
7726
13906
5098
11290
2537
8737
14976
6235
12449
3756
10000
1294
7584
13878
5188
11501
2857
9172
542
6901
13260
4644
11015
2447
8832
263
6699
13114
4572
11011
2514
8966
471
6965
13467
4972
11491
3058
9577
1148
7711
14284
5869
12438
4075
10661
2317
8926
586
7244
13894
5574
12230
3954
10624
2373
9068
817
7557
14307
6069
12816
4618
11397
3233
10013
1851
8668
519
7372
14220
6097
12948
4855
11747
3686
10568
2533
9445
1409
8360
331
7315
14297
6312
13300
5316
12324
4385
11417
3510
10537
2653
9706
1827
8913
1049
8164
307
7460
14611
6783
13948
6146
13329
5541
12726
4971
12194
4457
11704
3992
11241
3562
10826
3164
10441
2800
10107
2481
9809
2200
9553
1960
9333
1754
9152
1599
9013
1475
8911
1396
8853
1359
8834
1360
8855
1399
8917
1482
9019
1606
9160
1765
9343
1971
9565
2213
9825
2500
10123
2817
10460
3188
10846
3585
11264
4016
11729
4484
12222
5002
12760
5575
13364
6181
13984
6820
14647
7495
350
8205
1094
8969
1889
9775
2723
10612
3589
11508
4470
12418
5417
13403
6420
14407
7431
456
8484
1546
9591
2690
10737
3859
11926
5044
13156
6311
14430
7583
742
8895
2106
10273
3507
11682
4909
13137
6404
14638
7895
1167
9443
2764
11034
4361
12656
6015
14355
7709
1070
9437
2848
11210
4630
13024
6485
14897
8337
1811
10253
3766
12207
5726
14225
7746
1270
9798
3379
11903
5482
14051
7645
1240
9848
3494
12083
5742
14388
8043
1723
10386
4104
12769
6520
214
8940
2716
11437
5211
13980
7768
1566
10349
4187
12981
6844
681
9526
3424
12257
6174
53
8954
2904
11800
5751
14697
8641
2643
11592
5596
14592
8587
2638
11638
5695
14743
8785
2896
11948
6052
148
9255
3414
12503
6681
824
9987
4176
13351
7545
1761
10958
5196
14435
8672
2964
12193
6510
779
10074
4396
13704
8037
2399
11727
6106
478
9853
4259
13648
8065
2512
11921
6392
834
10291
4778
14264
8748
3297
12772
7323
1874
11400
5974
548
10116
4723
14319
8920
3581
13187
7835
2509
12139
6845
1523
11202
5926
644
10361
5110
14857
9611
4397
14167
8955
3793
13577
8393
3261
13071
7932
2818
12652
7560
2472
12349
7286
2226
12132
7105
2076
12019
7019
2018
11997
7026
2058
12064
7130
2194
12232
7328
2423
12489
7617
2756
12848
7997
3181
13316
8479
3698
13855
9055
4288
14509
9725
4981
235
10495
5787
1073
11359
6692
2013
12319
7675
3052
13395
8751
4162
14548
9948
5362
789
11212
6686
2150
12583
8082
3603
14076
9582
5111
645
11172
6754
2325
12871
8464
4086
14683
10288
5927
1572
12201
7879
3577
14236
9928
5637
1350
12058
7814
3588
14318
10081
5868
1663
12443
8263
4111
14926
10761
6634
2511
13372
9245
5152
1059
11965
7911
3878
14806
10757
6750
2747
13714
9712
5741
1775
12789
8841
4910
987
12050
8154
4274
375
11485
7635
3811
14941
11092
7287
3500
14679
10876
7113
3365
14588
10829
7108
3406
14671
10952
7276
3624
14924
11250
7618
3999
357
11726
8131
4549
962
12371
8813
5280
1739
13210
9680
6201
2711
14202
10717
7271
3848
379
11935
8523
5123
1726
13340
9961
6607
3269
14902
11561
8245
4936
1646
13357
10069
6818
3579
311
12065
8845
5651
2460
14254
11064
7912
4759
1615
13484
10339
7242
4156
1048
12953
9895
6851
3827
762
12715
9711
6732
3761
752
12765
9815
6882
3961
1018
13098
10188
7311
4435
1560
13694
10839
8010
5187
2387
14573
11766
8990
6239
3488
717
12964
10241
7536
4835
2157
14462
11779
9122
6496
3872
1217
13602
10984
8402
5827
3276
693
13142
10592
8080
5570
3083
570
13084
10602
8156
5712
3296
850
13440
11014
8629
6270
3909
1527
14171
11827
9506
7203
4893
2626
320
13043
10784
8542
6328
4109
1887
14675
12463
10290
8126
5976
3855
1696
14571
12437
10340
8258
6193
4136
2072
11
12961
10943
8935
6947
4950
2996
1011
14046
12093
10163
8251
6357
4452
2577
680
13808
11947
10106
8285
6479
4665
2879
1077
14296
12516
10771
9034
7314
5594
3908
2204
507
13823
12153
10504
8867
7253
5635
4046
2449
856
14279
12696
11159
9622
8104
6603
5091
3627
2132
648
14188
12722
11298
9880
8471
7073
5685
4319
2961
1590
233
13907
12565
11265
9975
8685
7423
6160
4896
3685
2441
1212
3
13801
12602
11440
10281
9137
7994
6880
5762
4663
3590
2503
1417
356
14311
13275
12236
11225
10221
9240
8270
7305
6363
5405
4481
3572
2667
1753
867
14985
14122
13273
12414
11593
10776
9977
9181
8403
7636
6879
6132
5391
4676
3975
3274
2586
1899
1220
564
14917
14288
13662
13048
12444
11858
11287
10720
10171
9631
9109
8595
8091
7603
7125
6658
6206
5748
5310
4884
4483
4096
3716
3330
2967
2614
2266
1930
1608
1293
1000
715
442
178
14933
14703
14474
14251
14042
13852
13675
13517
13362
13211
13072
12937
12832
12727
12640
12564
12505
12456
12413
12383
12367
12363
12372
12392
12427
12475
12527
12593
12673
12768
12874
12986
13125
13267
13423
13578
13744
13930
14127
14342
14560
14790
30
282
555
835
1128
1428
1743
2080
2415
2774
3134
3509
3894
4279
4680
5090
5520
5961
6435
6887
7367
7845
8346
8847
9374
9908
10451
11007
11581
12157
12771
13411
14022
14665
304
969
1643
2330
3029
3740
4434
5155
5892
6645
7408
8168
8950
9735
10544
11365
12188
13063
13933
14813
695
1596
2520
3436
4353
5286
6250
7200
8167
9151
10141
11148
12163
13242
14298
362
1437
2546
3647
4734
5847
6978
8111
9262
10421
11596
12795
14023
244
1483
2746
3996
5241
6527
7793
9085
10389
11700
13061
14428
793
2182
3571
4945
6368
7771
9192
10620
12069
13581
66
1568
3092
4593
6116
7652
9191
10744
12308
13938
552
2181
3821
5430
7074
8718
10388
12056
13791
520
2259
4001
5722
7479
9236
11000
12806
14646
1465
3321
5144
6995
8840
10711
12604
14551
1468
3420
5337
7290
9241
11198
13221
224
2269
4292
6326
8354
10400
12467
14600
1705
3839
5931
8056
10184
12334
14556
1752
3963
6154
8362
10573
12829
112
2403
4681
6963
9258
11559
13921
1276
3662
6002
8372
10746
13176
606
3059
5477
7923
10371
12858
378
2907
5398
7916
10437
12997
595
3197
5761
8352
10947
13603
1250
3929
6576
9225
11889
14640
2366
5075
7807
10533
13330
1116
3925
6707
9488
12289
172
3050
5890
8741
11616
14554
2487
5388
8315
11242
14235
2234
5202
8186
11175
14232
2292
5322
8376
11422
14545
2673
5756
8856
11970
161
3350
6513
9655
12859
1104
4333
7544
10773
14054
2353
5623
8898
12185
561
3920
7234
10566
13967
2377
5760
9149
12552
1035
4492
7927
11378
14898
3422
6907
10399
13959
2547
6079
9624
13234
1853
5451
9051
12672
1366
5017
8677
12337
1091
4796
8507
12212
1013
4774
8532
12286
1142
4943
8752
12573
1467
5326
9186
13081
2008
5910
9806
13763
2757
6697
10632
14664
3692
7666
11660
749
4798
8836
12916
2049
6147
10217
14385
3550
7671
11805
1033
5222
9411
13638
2905
7119
11340
650
4923
9206
13532
2876
7180
11489
895
5261
9617
14033
3473
7858
12258
1771
6230
10654
170
4678
9165
13700
3270
7784
12311
1952
6537
11088
741
5364
9984
14663
4335
8982
13681
3418
8094
12812
2612
7340
12053
1903
6684
11447
1310
6144
10948
844
5711
10560
495
5404
10292
257
5206
10133
135
5127
10095
134
5165
10169
256
5321
10365
494
5599
10678
843
5986
11100
1309
6500
11637
1902
7097
12288
2611
7827
13101
3417
8669
13995
4331
9630
4
5370
10710
1144
6552
11906
2396
7805
13268
3769
9196
14715
5209
10695
1266
6809
12320
2960
8501
14109
4724
10310
986
6636
12244
2993
8633
14354
5060
10768
1544
7285
13035
3865
9597
429
6269
12033
2954
8760
14659
5544
11403
2364
8254
14200
5151
11086
2114
8069
14082
5095
11098
2192
8210
14294
5378
11436
2613
8681
14835
5988
12094
3341
9479
707
6918
13134
4389
10596
1918
8161
14472
5782
12045
3454
9740
1139
7494
13874
5284
11656
3148
9535
1017
7470
13942
5450
11902
3493
9969
1549
8078
14676
6272
12822
4462
11048
2750
9352
1040
7699
14399
6108
12790
4553
11257
3079
9790
1622
8390
204
7033
13858
5727
12547
4466
11315
3283
10137
2121
9027
1009
7961
14960
6957
13957
5999
13004
5068
12097
4234
11276
3444
10497
2696
9781
1986
9118
1335
8510
739
7949
195
7451
14730
6997
14287
6606
13903
6267
13587
5955
13326
5716
13106
5533
12928
5400
12824
5313
12764
5291
12770
5323
12837
5415
12946
5555
13133
5747
13365
5998
13625
6314
13953
6656
14347
7052
14786
7510
271
8020
820
8591
1424
9219
2088
9888
2804
10611
3564
11404
4357
12234
5217
13178
6169
14135
7139
139
8155
1215
9246
2343
10367
3525
11564
4716
12823
6010
14157
7344
531
8707
1963
10135
3440
11630
4921
13226
6544
14840
8146
1509
9824
3243
11560
4974
13405
6828
260
8689
2189
10606
4151
12594
6172
14701
8222
1812
10325
3972
12506
6180
14799
8422
2107
10724
4439
13127
6854
578
9298
3089
11785
5612
14403
8194
2047
10836
4708
13570
7453
1354
10208
4179
13086
7043
1008
9951
3985
12934
6982
1021
10024
4127
13175
7265
1376
10442
4598
13733
7884
2086
11205
5446
14658
8857
3139
12315
6640
918
10166
4513
13818
8157
2551
11835
6284
656
10027
4474
13900
8347
2843
12241
6788
1295
10778
5329
14884
9420
4030
13593
8188
2841
12396
7089
1764
11380
6107
808
10482
5237
14989
9708
4514
14300
9074
3928
13722
8561
3453
13298
8166
3101
12956
7897
2875
12757
7760
2781
12699
7748
2808
12781
7860
2968
12991
8100
3249
13350
8476
3667
13787
8967
4189
14387
9576
4829
89
10319
5640
933
11191
6570
1909
12183
7597
3010
13384
8767
4215
14645
10057
5558
1043
11481
7029
2576
13069
8623
4210
14787
10333
5980
1614
12173
7866
3570
14217
9885
5625
1353
12017
7815
3623
14373
10122
5967
1808
12575
8462
4343
213
11071
7015
2963
13864
9791
5797
1787
12709
8753
4784
832
11828
7934
4042
116
11183
7354
3518
14643
10780
6984
3207
14395
10578
6853
3130
14375
10617
6946
3286
14594
10894
7277
3680
33
11390
7826
4275
712
12104
8619
5102
1632
13117
9626
6217
2778
14330
10883
7505
4146
764
12351
9043
5735
2437
14119
10813
7562
4323
1093
12819
9610
6462
3292
100
11896
8793
5688
2603
14495
11367
8331
5283
2278
14233
11188
8231
5255
2316
14359
11383
8495
5603
2734
14845
11927
9114
6324
3519
689
12873
10091
7377
4628
1921
14180
11456
8792
6152
3520
862
13223
10576
8002
5442
2898
330
12741
10227
7747
5260
2814
340
12856
10418
8018
5634
3265
883
13512
11128
8819
6541
4237
1958
14687
12362
10136
7939
5744
3574
1377
14191
11991
9878
7774
5682
3628
1521
14459
12353
10334
8348
6373
4372
2409
441
13496
11528
9619
7736
5874
4021
2165
315
13491
11635
9854
8090
6361
4592
2881
1154
14445
12693
11032
9395
7753
6151
4529
2950
1355
14784
13215
11639
10114
8635
7154
5672
4218
2782
1334
14912
13505
12055
10702
9362
8021
6719
5385
4113
2832
1556
295
14040
12786
11579
10394
9233
8070
6934
5812
4688
3618
2519
1435
377
14328
13302
12231
11248
10271
9327
8385
7447
6550
5627
4737
3887
3026
2173
1336
521
14731
13918
13153
12354
11624
10909
10194
9515
8846
8190
7539
6916
6325
5703
5096
4546
4008
3471
2944
2428
1933
1448
980
533
91
14689
14266
13866
13510
13143
12758
12434
12109
11820
11550
11283
11033
10810
10581
10380
10183
10017
9860
9714
9589
9483
9393
9315
9251
9194
9157
9138
9133
9144
9173
9218
9278
9350
9436
9537
9650
9782
9940
10093
10279
10478
10689
10919
11153
11415
11685
11962
12267
12591
12943
13327
13680
14064
14480
14888
313
758
1218
1697
2193
2700
3224
3768
4295
4841
5431
6033
6648
7262
7893
8559
9237
9926
10633
11351
12079
12864
13652
14453
249
1075
1911
2762
3640
4482
5360
6301
7198
8124
9073
10049
11043
12030
13097
14139
194
1268
2356
3463
4554
5675
6817
7958
9128
10322
11537
12750
14029
300
1580
2869
4164
5463
6791
8120
9485
10871
12250
13708
144
1607
3071
4521
6011
7492
9003
10545
12087
13705
308
1919
3544
5128
6787
8437
10103
11801
13561
298
2051
3819
5562
7348
9130
10962
12801
14713
1579
3472
5334
7250
9170
11122
13122
111
2126
4137
6156
8172
10220
12295
14449
1562
3708
5815
7940
10101
12290
14555
1786
4019
6265
8498
10787
13109
450
2789
5087
7459
9823
12211
14700
2124
4551
6996
9461
11937
14511
2037
4565
7103
9658
12239
14906
2541
5132
7775
10446
13171
887
3621
6336
9030
11796
14635
2443
5219
8036
10892
13776
1682
4562
7449
10369
13361
1319
4290
7257
10246
13321
1371
4413
7466
10541
13682
1829
4924
8067
11236
14477
2687
5881
9077
12332
654
3944
7208
10511
13876
2252
5587
8936
12338
804
4230
7641
11104
14628
3140
6620
10110
13697
2285
5839
9406
13025
1689
5298
8932
12612
1361
5026
8734
12484
1284
5025
8801
12611
1490
5297
9132
13023
1956
5838
9719
13696
2678
6619
10579
14627
3669
7640
11687
805
4862
8943
13099
2264
6401
10522
14766
3960
8132
12356
1670
5914
10157
14516
3843
8118
12464
1885
6260
10619
73
4499
8904
13430
2926
7381
11863
1454
5992
10520
147
4733
9328
13988
3665
8276
12955
2703
7376
12070
1890
6630
11382
1221
6027
10838
719
5565
10422
370
5248
10153
153
5080
10046
95
5074
10087
191
5229
10295
447
5535
10649
838
5990
11138
1385
6586
11774
2092
7312
12571
2940
8201
13565
3927
9249
14680
5027
10440
923
6374
11783
2334
7778
13339
3883
9382
14988
5556
11134
1810
7404
13059
3772
9401
133
5852
11555
2365
8076
13898
4695
10489
1379
7195
13085
3995
9843
816
6744
12661
3710
9628
684
6700
12695
3824
9835
979
7058
13212
4347
10473
1704
7846
14093
5301
11530
2853
9059
415
6717
13027
4393
10734
2166
8511
14964
6399
12807
4305
10766
2313
8764
363
6884
13481
5021
11621
3303
9876
1593
8223
14945
6635
13381
5073
11818
3666
10397
2268
9021
926
7737
14667
6549
13475
5374
12284
4301
11249
3306
10256
2354
9349
1460
8504
640
7721
14901
7030
14213
6419
13615
5833
13060
5314
12560
4874
12152
4531
11837
4245
11585
4032
11398
3881
11275
3798
11223
3783
11240
3835
11328
3949
11486
4139
11712
4390
11996
4715
12373
5097
12825
5586
13373
6130
13928
6740
14582
7402
294
8137
1084
8941
1943
9829
2867
10808
3860
11819
4880
12938
6038
14136
7221
391
8486
1695
9810
3081
11233
4506
12714
6029
14321
7591
953
9247
2658
10972
4401
12777
6249
14708
8109
1644
10066
3653
12114
5715
14289
7838
1488
10043
3753
12346
6062
14776
8434
2214
10905
4692
13497
7255
1109
9881
3794
12601
6534
454
9323
3312
12199
6242
227
9190
3272
12255
6383
473
9513
3691
12773
6943
1141
10272
4520
13750
7955
2272
11484
5819
136
9431
3833
13191
7540
1989
11347
5826
292
9704
4251
13761
8262
2850
12352
6962
1595
11151
5829
502
10100
4825
14558
9235
4031
13777
8527
3363
13179
7966
2870
12676
7578
2535
12393
7359
2351
12256
7284
2338
12300
7385
2486
12511
7624
2794
12896
8034
3257
13462
8615
3899
14132
9360
4670
14984
10250
5629
1002
11324
6757
2187
12554
8007
3529
14003
9464
4990
571
11067
6680
2296
12875
8489
4173
14842
10471
6224
1953
12631
8404
4206
5
10779
6631
2507
13374
9193
5116
1068
11943
7919
3943
14935
10901
6949
3034
14084
10115
6285
2412
13546
9645
5865
2077
13292
9473
5755
2039
13332
9578
5940
2304
13654
9986
6441
2863
14278
10692
7178
3713
203
11680
8246
4816
1422
12995
9590
6288
2955
14613
11255
7971
4731
1495
13263
9994
6832
3683
523
12310
9199
6137
3076
14996
11883
8862
5895
2931
14946
11923
8993
6121
3239
365
12445
9595
6806
4025
1226
13474
10668
7936
5236
2589
14894
12166
9550
6959
4373
1805
14226
11640
9100
6644
4169
1702
14242
11758
9356
6985
4616
2281
14936
12557
10259
7981
5746
3526
1285
14079
11839
9674
7541
5424
3336
1230
14153
12034
10011
7998
6032
4070
2105
159
13240
11278
9398
7532
5701
3901
2085
291
13524
11706
9971
8279
6595
4895
3273
1634
8
13416
11761
10199
8656
7156
5652
4182
2721
1249
14828
13425
11955
10595
9232
7899
6614
5300
4056
2797
1542
335
14112
12904
11711
10572
9447
8349
7264
6222
5140
4143
3137
2138
1157
200
14262
13355
12400
11519
10667
9808
8986
8208
7432
6685
5933
5186
4508
3841
3172
2530
1884
1264
686
105
14561
14016
13521
12983
12490
12012
11589
11168
10791
10402
10031
9688
9375
9054
8777
8535
8296
8059
7850
7669
7508
7371
7231
7135
7044
6973
6922
6893
6878
6890
6914
6966
7032
7118
7217
7351
7487
7647
7822
8027
8261
8497
8735
9014
9330
9643
9983
10343
10729
11111
11529
11954
12422
12912
13451
13944
14487
31
609
1187
1815
2448
3096
3760
4428
5108
5858
6601
7379
8159
8945
9777
10642
11499
12382
13346
14258
205
1164
2155
3160
4172
5174
6274
7338
8438
9551
10703
11849
13073
14281
514
1738
3009
4269
5540
6861
8209
9557
10944
12328
13795
240
1693
3176
4646
6166
7684
9242
10834
12417
14071
716
2375
4038
5700
7424
9136
10915
12679
14523
1327
3173
4968
6858
8739
10676
12605
14606
1575
3561
5542
7580
9632
11699
13834
957
3098
5198
7394
9571
11782
14060
1315
3596
5861
8174
10499
12879
277
2672
5024
7482
9934
12406
14949
2467
4941
7514
10077
12680
354
2984
5593
8284
10970
13724
1455
4204
6953
9742
12563
465
3311
6162
9024
11949
14944
2908
5848
8818
11848
14942
3004
6048
9120
12242
460
3605
6753
9949
13227
1450
4691
7957
11262
14633
2981
6329
9678
13136
1553
4949
8433
11901
482
3987
7502
11065
14716
3313
6895
10546
14255
2952
6623
10348
14143
2919
6674
10483
14364
3216
7050
10950
14896
3838
7749
11721
773
4757
8771
12866
1972
6034
10143
14337
3489
7634
11826
1107
5305
9564
13892
3210
7497
11830
1241
5601
10005
14489
3931
8371
12878
2410
6898
11450
1066
5624
10235
14918
4558
9205
13950
3677
8383
13183
2962
7717
12537
2431
7249
12118
2084
6974
11909
1931
6872
11875
1967
6976
12029
2184
7258
12388
2597
7724
12942
3191
8396
13683
3965
9221
14597
4883
10254
690
6057
11468
1973
7409
12909
3437
8910
14529
5047
10660
1303
6904
12566
3294
8928
14729
5412
11165
1998
7765
13634
4453
10305
1225
7110
13076
4034
9959
995
6979
13041
4110
10145
1282
7386
13569
4694
10875
2113
8309
14595
5818
12088
3457
9739
1140
7486
13916
5289
11722
3237
9667
1206
7703
14292
5817
12402
4053
10646
2337
8952
703
7387
14150
5879
12648
4465
11268
3156
9973
1901
8757
746
7656
14681
6610
13669
5663
12718
4800
11879
4061
11154
3369
10508
2754
9939
2239
9463
1800
9050
1441
8746
1173
8549
996
8416
909
8367
903
8407
976
8528
1147
8712
1403
9007
1740
9408
2171
9868
2683
10429
3281
11062
3957
11777
4704
12606
5534
13553
6489
14527
7515
600
8626
1762
9826
3015
11119
4326
12497
5719
13999
7214
556
8803
2198
10502
3914
12248
5680
14156
7581
1098
9559
3136
11628
5197
13828
7415
1079
9696
3425
12063
5805
14590
8316
2142
10920
4754
13635
7469
1404
10286
4258
13245
7167
1207
10205
4293
13393
7429
1588
10693
4843
14056
8235
2508
11692
5982
314
9574
3959
13331
7660
2103
11477
5941
448
9893
4430
13981
8508
3124
12682
7298
1994
11609
6333
1053
10774
5506
341
10085
4908
14810
9620
4541
14475
9363
4349
14346
9299
4351
14413
9434
4550
14696
9761
4920
143
10314
5528
813
11051
6358
1692
11978
7342
2767
13173
8556
4037
14510
9957
5472
1041
11566
7144
2795
13436
9008
4717
435
11108
6831
2654
13449
9179
5010
908
11741
7643
3604
14541
10466
6461
2510
13541
9530
5617
1759
12852
8962
5141
1375
12539
8761
5022
1352
12619
8915
5281
1700
13089
9462
5911
2411
13875
10353
6862
3467
40
11590
8217
4854
1564
13259
9916
6649
3445
219
11974
8789
5659
2575
14455
11327
8273
5221
2257
14249
11243
8298
5367
2525
14634
11720
8876
6094
3344
575
12796
10062
7369
4710
2090
14457
11799
9222
6667
4166
1664
14161
11651
9207
6782
4417
2060
14733
12326
10032
7744
5488
3299
1064
13872
11664
9522
7412
5306
3278
1205
14179
12125
10159
8193
6287
4369
2506
625
13774
11913
10121
8350
6589
4861
3206
1515
14861
13235
11562
9982
8417
6856
5349
3891
2430
958
14546
13145
11709
10373
9009
7715
6447
5158
3964
2753
1552
396
14228
13113
11967
10908
9840
8794
7803
6810
5876
4915
4055
3169
2305
1453
632
14848
14055
13333
12545
11844
11169
10525
9883
9276
8679
8122
7596
7076
6584
6136
5684
5257
4859
4511
4180
3861
3558
3290
3032
2802
2604
2417
2251
2116
2000
1912
1848
1816
1795
1802
1834
1879
1966
2064
2203
2349
2536
2722
2939
3190
3452
3746
4062
4382
4736
5099
5515
5960
6431
6881
7400
7920
8480
9037
9648
10283
10931
11582
12273
13021
13775
14552
345
1143
2001
2880
3773
4652
5581
6543
7525
8534
9549
10622
11675
12797
13945
90
1257
2496
3727
4919
6226
7501
8799
10161
11516
12927
14366
787
2284
3779
5250
6778
8353
9935
11527
13216
14860
1530
3264
4952
6720
8496
10303
12103
13994
865
2792
4689
6627
8600
10607
12616
14714
1755
3875
5964
8089
10267
12453
14723
1938
4213
6481
8770
11118
13531
885
3335
5736
8182
10684
13219
727
3323
5873
8466
11090
13770
1444
4177
6865
9615
12390
222
3075
5905
8747
11652
14622
2593
5519
8529
11533
14623
2708
5780
8878
12020
230
3451
6633
9873
13186
1458
4775
8102
11462
14903
3346
6743
10207
13727
2254
5776
9331
12930
1558
5175
8831
12528
1261
4992
8745
12542
1387
5212
9067
12979
1908
5844
9783
13802
2835
6834
10910
17
4144
8243
12399
1625
5831
10052
14344
3652
7910
12229
1649
6035
10436
14891
4356
8807
13387
2917
7444
12008
1667
6315
10956
653
5356
10089
14883
4657
9466
14332
4203
9047
14001
3953
8873
13893
3933
8919
14021
4132
9210
14384
4547
9715
14970
5173
10461
760
6086
11402
1814
7176
12589
3086
8518
14031
4564
10082
672
6293
11867
2578
8198
13923
4645
10398
1166
6968
12785
3690
9516
455
6381
12283
3337
9296
360
6413
12460
3617
9701
880
7057
13305
4518
10782
2073
8358
14742
6076
12441
3900
10313
1797
8257
14814
6349
12900
4503
11099
2787
9422
1127
7836
14618
6390
13203
4985
11823
3762
10636
2599
9502
1501
8492
550
7589
14712
6775
13927
6089
13304
5476
12700
4966
12237
4603
11910
4316
11670
4145
11540
4068
11509
4087
11583
4209
11763
4427
12041
4760
12442
5176
12950
5732
13572
6395
14247
7126
57
7964
947
8908
1982
9998
3103
11155
4311
12431
5620
13827
7049
326
8577
1907
10215
3611
11945
5381
13824
7278
778
9281
2858
11375
4986
13639
7260
941
9629
3396
12092
5916
14748
8537
2426
11261
5182
14146
8073
2112
11082
5137
14224
8303
2468
11558
5772
14990
9168
3480
12712
7037
1378
10739
5106
14557
8958
3476
12940
7461
2025
11552
6203
810
10458
5129
14868
9566
4355
14140
8907
3806
13661
8538
3491
13452
8374
3404
13453
8450
3567
13667
8755
3973
14147
9339
4601
14880
10142
5473
827
11177
6594
2045
12470
7946
3504
14024
9561
5156
785
11405
7092
2820
13550
9268
5036
870
11663
7550
3461
14374
10293
6286
2283
13309
9318
5408
1507
12622
8762
4957
1185
12405
8666
4964
1304
12638
9001
5435
1866
13349
9779
6332
2865
14424
10985
7611
4278
937
12623
9358
6135
2929
14752
11517
8399
5303
2246
14178
11121
8115
5161
2249
14333
11392
8550
5729
2941
151
12348
9649
6951
4303
1657
14038
11414
8852
6372
3868
1368
13922
11458
9075
6730
4404
2097
14820
12512
10300
8064
5937
3801
1669
14587
12482
10462
8436
6486
4527
2627
696
13822
11953
10154
8359
6613
4867
3203
1504
14879
13262
11610
10058
8522
7021
5543
4108
2686
1254
14922
13575
12191
10933
9675
8439
7236
6085
4903
3830
2737
1662
620
14636
13642
12659
11728
10852
9976
9117
8312
7546
6785
6072
5363
4697
4076
3456
2871
2314
1769
1244
776
359
14951
14535
14168
13825
13543
13269
12987
12747
12544
12370
12221
12120
12042
11993
11969
11973
12004
12066
12149
12270
12435
12617
12836
13079
13367
13629
13939
14293
14685
70
501
939
1426
1961
2521
3080
3688
4299
4918
5630
6360
7077
7828
8628
9459
10321
11179
12086
13093
14062
74
1082
2164
3247
4352
5485
6651
7824
9044
10320
11573
12931
14304
663
2078
3521
4927
6451
7913
9471
11021
12645
14320
963
2676
4383
6123
7857
9665
11464
13421
299
2224
4167
6138
8088
10134
12174
14348
1445
3629
5781
7950
10193
12459
14816
2135
4469
6830
9229
11644
14175
1679
4214
6747
9314
11898
14621
2302
4955
7686
10449
13282
1078
3945
6793
9684
12626
617
3639
6624
9659
12743
884
4043
7177
10376
13631
1888
5150
8453
11772
217
3637
7034
10490
14007
2559
6073
9621
13290
1922
5572
9252
12994
1772
5539
9337
13233
2109
6000
9898
13888
2913
6896
10926
63
4175
8264
12429
1677
5904
10128
14468
3791
8072
12465
1920
6355
10794
329
4819
9367
13985
3620
8202
12906
2652
7343
12067
1934
6736
11539
1484
6417
11292
1308
6337
11301
1414
6514
11577
1803
6961
12128
2461
7679
13000
3361
8662
14102
4525
9941
474
5962
11442
2104
7663
13352
4003
9642
414
6168
11874
2773
8572
14492
5359
11247
2301
8232
14309
5336
11366
2582
8655
14892
6070
12253
3599
9844
1189
7543
13954
5354
11759
3318
9766
1333
7875
14530
6157
12784
4502
11161
3001
9723
1573
8382
303
7175
14130
6095
13102
5083
12113
4271
11314
3547
10682
2946
10125
2458
9698
2079
9399
1833
9201
1708
9140
1710
9208
1841
9410
2099
9718
2479
10152
2977
10712
3584
11350
4312
12158
5142
13157
6161
14194
7228
381
8452
1648
9811
3097
11270
4619
12917
6296
14692
8015
1497
9952
3508
11960
5576
14183
7770
1446
10118
3895
12590
6426
228
9011
2974
11791
5783
14783
8702
2810
11792
5939
79
9171
3428
12598
6863
1145
10453
4803
14198
8568
3060
12477
6994
1526
11045
5681
338
9946
4661
14401
9081
3937
13735
8545
3477
13397
8255
3293
13299
8271
3391
13500
8569
3787
13951
9113
4438
14751
10006
5372
754
11116
6604
2119
12567
8086
3741
14335
9915
5608
1290
11986
7763
3630
14436
10248
6182
2101
13031
8971
5007
1061
12102
8226
4424
590
11739
7979
4315
604
11877
8267
4711
1119
12558
9035
5609
2202
13759
10364
7022
3749
457
12134
8914
5785
2659
14524
11354
8320
5325
2371
14398
11389
8519
5679
2882
69
12227
9517
6827
4196
1529
13925
11296
8759
6319
3852
1365
13968
11521
9188
6905
4638
2406
177
12970
10802
8659
6597
4573
2564
547
13595
11598
9727
7848
6060
4281
2542
766
14077
12358
10748
9112
7570
6058
4576
3114
1650
258
13859
12498
11160
9914
8660
7468
6335
5153
4083
3011
1946
913
14968
13998
13090
12138
11288
10513
9713
8942
8228
7563
6925
6341
5728
5164
4662
4193
3744
3320
2934
2590
2258
1957
1686
1449
1251
1106
982
894
837
811
822
871
940
1045
1184
1370
1594
1844
2137
2450
2783
3158
3563
4009
4467
4942
5496
6082
6679
7301
7947
8658
9415
10186
10969
11793
12692
13628
14581
537
1541
2633
3711
4783
5924
7088
8272
9511
10797
12061
13487
14849
1224
2727
4200
5687
7212
8758
10406
12000
13730
445
2223
4007
5800
7615
9490
11368
13406
368
2404
4447
6524
8601
10758
12951
179
2471
4743
7045
9376
11730
14205
1668
4186
6687
9203
11769
14461
2143
4812
7521
10282
13104
905
3823
6695
9593
12546
579
3661
6701
9770
12914
1086
4338
7531
10807
14124
2516
5864
9239
12678
1165
4725
8203
11771
446
4128
7758
11439
253
4082
7839
11669
608
4579
8478
12471
1522
5602
9672
13811
3033
7190
11372
687
5004
9329
13720
3168
7566
12003
1576
6142
10681
318
4965
9635
14391
4163
8882
13745
3649
8475
13465
3419
8369
13463
3535
8584
13740
3947
9087
14381
4667
9945
305
5699
11053
1561
7048
12530
3155
8688
14361
5006
10687
1425
7199
13001
3882
9700
616
6573
12514
3594
9585
678
6807
12959
4194
10375
1647
7892
14269
5642
11972
3495
9921
1430
7948
14579
6208
12802
4534
11164
3012
9749
1602
8419
351
7269
14243
6275
13303
5358
12419
4627
11724
4028
11192
3557
10840
3236
10587
3062
10487
3028
10521
3132
10694
3380
10989
3785
11432
4313
12046
4956
12841
5796
13739
6746
14796
7812
932
9049
2307
10476
3778
11971
5357
13707
7100
528
8959
2543
10993
4639
13248
6866
546
9254
3049
11757
5655
14517
8368
2363
11246
5324
14371
8408
2592
11646
5912
113
9355
3719
13003
7366
1793
11166
5714
206
9746
4391
13976
8611
3360
13067
7799
2671
12450
7353
2300
12177
7206
2267
12247
7393
2568
12677
7871
3184
13468
8708
4135
14506
9897
5396
864
11349
6990
2636
13271
8884
4675
408
11137
7025
2923
13794
9721
5734
1732
12756
8826
4997
1136
12304
8571
4868
1156
12491
8863
5333
1792
13307
9788
6411
3013
14652
11235
7977
4789
1551
13426
10232
7157
4129
1051
13105
10112
7216
4386
1500
13715
10912
8176
5538
2910
266
12667
10132
7630
5193
2786
383
13013
10680
8394
6219
4015
1835
14727
12568
10530
8503
6560
4636
2736
826
14018
12167
10455
8716
7080
5458
3877
2303
732
14270
12793
11336
10007
8649
7378
6148
4891
3745
2600
1429
386
14358
13379
12327
11407
10559
9702
8880
8103
7414
6727
6087
5462
4871
4362
3862
3385
2965
2571
2210
1878
1604
1338
1137
983
859
770
726
721
750
819
929
1074
1256
1493
1777
2071
2432
2809
3225
3693
4174
4693
5242
5860
6498
7158
7843
8609
9412
10239
11075
11984
12977
13974
6
1050
2212
3368
4556
5766
7002
8256
9600
10963
12360
13849
346
1904
3501
5077
6731
8378
10102
11832
13684
513
2445
4376
6338
8249
10311
12339
14513
1671
3902
6114
8322
10643
12992
387
2849
5299
7766
10318
12892
515
3230
5923
8614
11344
14211
2098
4989
7880
10859
13880
1970
5053
8129
11285
14565
2828
6120
9400
12746
1162
4666
8071
11584
180
3857
7452
11077
14853
3668
7420
11200
115
4103
7983
11952
1028
5148
9231
13434
2648
6842
11059
420
4814
9155
13618
3135
7605
12107
1770
6443
11016
755
5563
10323
138
5055
9942
14907
4905
9910
14999
5136
10258
463
5733
10936
1272
6661
11981
2505
7914
13486
4063
9580
211
5951
11576
2420
8145
14012
4900
10796
1782
7740
13788
4887
10960
2186
8329
14604
5908
12137
3597
9943
1383
7853
14408
6004
12526
4254
10866
2664
9370
1172
8003
14925
6857
13806
5870
12868
4987
12044
4318
11431
3792
10991
3403
10728
3205
10600
3159
10639
3279
10843
3560
11180
4018
11702
4620
12409
5395
13328
6350
14327
7401
503
8647
1870
10067
3407
11636
5066
13483
6906
372
8872
2501
11024
4762
13442
7152
896
9703
3634
12448
6463
393
9402
3522
12549
6742
891
10109
4446
13712
8032
2491
11845
6427
873
10431
5065
14719
9354
4152
13856
8661
3566
13454
8328
3366
13378
8391
3546
13651
8809
4115
14340
9608
5014
385
10811
6353
1839
12331
7956
3694
14322
10030
5862
1638
12458
8365
4377
285
11289
7406
3543
14678
10831
7094
3392
14707
10997
7446
3939
374
11857
8463
5122
1760
13489
10177
6992
3863
657
12561
9518
6563
3631
635
12763
9930
7168
4455
1715
14037
11373
8814
6356
3869
1346
13952
11541
9259
7004
4786
2605
404
13317
11184
9175
7230
5328
3426
1536
14759
12965
11199
9541
7898
6387
4813
3308
1836
392
14011
12654
11332
10105
8893
7734
6662
5592
4580
3578
2634
1694
800
7
14222
13526
12799
12112
11513
10966
10477
10003
9558
9164
8828
8555
8287
8055
7891
7781
7700
7670
7676
7720
7811
7951
8125
8364
8639
8938
9307
9705
10155
10628
11132
11708
12321
13039
13738
14497
252
1100
2015
2948
3932
4902
5983
7051
8153
9372
10599
11852
13239
14596
968
2464
3981
5494
7054
8671
10351
12027
13830
623
2529
4423
6354
8280
10326
12359
14525
1681
3921
6170
8401
10742
13161
557
3056
5566
8053
10696
13392
1030
3829
6571
9380
12214
157
3163
6186
9156
12235
421
3657
6824
10083
13469
1813
5218
8630
12095
667
4309
7861
11531
274
4114
7831
11681
614
4610
8558
12585
1690
5835
9966
14193
3482
7719
12062
1498
5971
10426
14967
4585
9129
13826
3575
8277
13129
2985
7801
12776
2796
7756
12880
3023
8117
13412
3681
8901
14283
4718
10088
584
6171
11653
2347
7952
13703
4497
10245
1108
7003
12944
3984
9956
1029
7162
13376
4595
10806
2152
8456
14874
6351
12800
4394
10899
2595
9209
938
7678
14540
6430
13318
5266
12189
4324
11321
3534
10670
2936
10176
2548
9855
2315
9730
2277
9785
2421
10028
2760
10465
3271
11046
4011
11838
4866
12865
5950
14043
7179
390
8622
1954
10264
3721
12048
5600
14107
7638
1280
9954
3733
12411
6290
84
8980
2989
11904
6019
64
9184
3416
12621
6897
1211
10588
5040
14498
8972
3593
13188
7772
2550
12209
7042
1906
11740
6721
1711
11679
6796
1955
12057
7308
2631
12905
8227
3730
14133
9603
5213
759
11385
7116
2886
13658
9468
5403
1278
12226
8278
4422
493
11617
7840
4205
458
11773
8181
4729
1169
12720
9313
6007
2705
14426
11152
7993
4940
1871
13843
10855
7904
5093
2273
14486
11690
9023
6456
3889
1279
13807
11313
8944
6625
4380
2096
14882
12711
10605
8560
6565
4643
2724
803
14025
12203
10523
8829
7226
5692
4207
2707
1229
14869
13571
12217
10992
9828
8694
7594
6587
5622
4712
3817
2969
2161
1382
675
41
14467
13909
13447
12962
12524
12150
11847
11587
11384
11220
11110
11055
11041
11083
11174
11309
11494
11743
12018
12374
12783
13254
13713
14241
14826
436
1113
1864
2669
3485
4387
5282
6261
7241
8297
9433
10594
11806
13162
14466
799
2275
3770
5264
6790
8400
10056
11765
13607
405
2308
4247
6198
8127
10216
12325
14568
1757
4079
6376
8683
11063
13612
1102
3734
6323
8925
11626
14476
2299
5169
8004
10975
14067
2145
5268
8380
11572
14913
3248
6590
9991
13530
2029
5610
9162
12889
1613
5421
9163
13118
2031
6016
9995
14110
3253
7388
11586
911
5276
9598
14086
3600
8033
12665
2348
6988
11689
1518
6410
11207
1192
6236
11189
1328
6507
11631
1968
7219
12577
3031
8420
13961
4552
10071
747
6501
12196
3091
8875
14841
5816
11768
2916
8974
162
6439
12666
4060
10356
1826
8239
14833
6444
13058
4768
11413
3289
10060
2016
8894
921
7930
77
7223
14463
6709
14020
6405
13785
6271
13768
6365
13964
6626
14370
7117
14965
7782
743
8714
1807
9841
3054
11143
4498
12737
6111
14531
7905
1459
10001
3702
12264
6026
14807
8588
2528
11346
5419
14439
8481
2688
11787
6081
364
9677
4170
13589
8017
2677
12192
6892
1626
11326
6238
1069
10955
6008
1014
11049
6281
1436
11641
6986
2384
12738
8158
3780
14299
9863
5579
1283
12021
7849
3846
14756
10672
6758
2890
14009
10178
6480
2811
14144
10518
7012
3587
110
11698
8415
5190
1995
13812
10677
7621
4720
1734
13846
10953
8184
5513
2873
201
12649
10117
7650
5309
2992
633
13458
11158
9060
7009
5000
3067
1097
14261
12416
10650
8961
7325
5768
4267
2770
1298
14955
13626
12307
11076
9950
8843
7786
6833
5917
5032
4249
3446
2741
2056
1415
855
369
14943
14570
14203
13912
13686
13539
13427
13363
13348
13402
13507
13636
13837
14115
14447
14824
220
709
1252
1892
2565
3259
4050
4830
5690
6605
7552
8602
9668
10821
12006
13342
14682
999
2478
3986
5478
7047
8676
10372
12099
13978
831
2816
4787
6777
8838
10959
13244
499
2847
5201
7571
10042
12597
202
2922
5595
8305
11087
14044
1997
4961
7944
11013
14260
2494
5749
9015
12378
853
4412
7854
11441
155
3948
7614
11424
382
4371
8288
12313
1485
5667
9830
14163
3539
7833
12282
1872
6452
10964
698
5468
10203
78
5008
9901
14981
5061
10146
371
5641
10863
1274
6704
12110
2745
8242
13929
4677
10360
1201
7083
13011
4073
10012
1151
7299
13549
4831
11061
2579
8934
490
7036
13657
5365
12005
3919
10662
2666
9533
1621
8663
807
7972
261
7547
14962
7357
14863
7384
12
7619
389
8099
975
8830
1854
9776
2945
10939
4250
12384
5750
14083
7464
956
9456
3128
11655
5452
14190
7963
1925
10775
4838
13861
7933
2201
11312
5691
21
9394
3950
13429
7942
2685
12275
7072
1937
11717
6711
1720
11691
6846
2065
12200
7509
2956
13306
8726
4339
14864
10464
6229
2005
12754
8638
4635
587
11574
7707
3998
150
11399
7755
4280
679
12162
8782
5486
2219
13932
10718
7607
4642
1620
13668
10750
7935
5251
2591
14904
12271
9756
7320
4960
2674
327
13139
10898
8835
6813
4873
3006
1081
14306
12521
10828
9248
7659
6237
4802
3438
2134
828
14668
13525
12394
11352
10427
9529
8715
7925
7245
6608
6039
5511
5050
4659
4329
4057
3828
3670
3545
3503
3528
3622
3767
3971
4235
4543
4897
5355
5866
6445
7020
7685
8459
9273
10126
11019
12023
13154
14267
432
1683
3030
4407
5802
7247
8783
10390
12024
13800
597
2492
4441
6400
8397
10479
12653
14895
2218
4584
6932
9405
11894
14575
2240
4944
7672
10519
13492
1416
4509
7522
10664
13914
2238
5569
8930
12377
930
4587
8151
11854
664
4574
8421
12345
1405
5529
9623
13865
3195
7472
11841
1349
5919
10444
119
4872
9592
14493
4429
9325
14393
4516
9586
14843
5157
10435
875
6389
11833
2527
8108
13854
4707
10481
1411
7383
13470
4591
10671
1977
8199
14615
6037
12481
4098
10613
2368
9046
861
7696
14702
6666
13709
5872
13017
5296
12556
4979
12355
4916
12451
5125
12791
5583
13399
6304
14216
7218
293
8451
1675
9896
3314
11607
5172
13670
7261
917
9609
3459
12228
6245
171
9215
3371
12496
6762
1052
10403
4878
14382
8899
3592
13253
7974
2856
12691
7626
2719
12742
7869
3154
13419
8720
4197
14650
10120
5794
1419
12091
7921
3873
14773
10708
6797
2976
14123
10342
6702
3122
14567
10990
7601
4328
993
12775
9588
6554
3551
562
12657
9807
7086
4444
1789
14210
11643
9275
6915
4672
2422
210
13149
11029
9102
7220
5439
3695
1965
280
13729
12161
10759
9416
8087
6874
5753
4654
3626
2649
1717
857
87
14416
13754
13201
12669
12182
11814
11502
11273
11107
11002
10974
11001
11106
11272
11500
11813
12181
12668
13200
13753
14415
88
872
1724
2661
3646
4683
5777
6909
8128
9444
10801
12246
13809
412
2082
3818
5580
7395
9301
11244
13400
512
2740
4982
7273
9639
12078
14726
2324
4975
7651
10439
13391
1311
4365
7382
10500
13762
2070
5438
8788
12261
874
4537
8152
11887
772
4744
8640
12686
1832
6012
10180
14577
3976
8344
12894
2531
7132
11802
1674
6536
11396
1471
6548
11605
1927
7164
12502
2999
8426
14005
4658
10263
1080
6902
12834
3851
9792
955
7131
13422
4764
11023
2623
9066
688
7356
14128
5952
12818
4795
11713
3922
10949
3302
10516
2994
10329
2935
10420
3175
10798
3707
11438
4485
12423
5549
13671
6864
160
8515
1988
10401
4081
12643
6407
131
8979
2975
11862
6013
104
9293
3655
12954
7349
1876
11341
6068
734
10480
5414
276
10219
5377
484
10609
5969
1287
11627
7182
2793
13415
9045
4881
691
11544
7575
3729
14817
10924
7272
3684
42
11465
8060
4780
1442
13249
10019
6980
4051
1058
13220
10354
7664
5086
2524
14991
12532
10148
7877
5743
3614
1513
14542
12582
10700
8951
7267
5673
4149
2655
1194
14866
13608
12364
11214
10181
9238
8339
7507
6769
6131
5517
4995
4542
4165
3854
3595
3405
3327
3309
3356
3481
3723
3991
4327
4756
5239
5808
6454
7122
7873
8740
9660
10658
11744
12966
14195
497
1882
3343
4879
6488
8101
9822
11632
13610
567
2650
4788
6930
9174
11474
13983
1457
4091
6676
9366
12123
38
3027
6044
9069
12205
508
3874
7201
10615
14218
2844
6531
10225
14126
3068
7017
11010
207
4487
8710
13123
2567
7063
11578
1306
6099
10833
756
5791
10743
904
6153
11307
1730
7153
12642
3244
8850
14630
5449
11218
2265
8252
14400
5598
11767
3187
9521
1039
7599
14274
6009
12774
4687
11511
3651
10645
2900
10064
2470
9805
2367
9852
2569
10201
3082
10857
3907
11821
5009
13166
6437
14747
8084
1600
10092
3850
12494
6339
141
9079
3162
12178
6458
638
9936
4451
13891
8447
3126
12840
7590
2497
12424
7465
2616
12778
8000
3390
13789
9270
4894
522
11186
7064
2987
13920
9899
6119
2297
13584
9864
6396
2894
14494
11070
7856
4769
1619
13617
10614
7788
5079
2355
14754
12121
9662
7331
5067
2824
631
13599
11526
9637
7823
6155
4478
2864
1321
14909
13564
12218
10996
9892
8887
7938
7082
6320
5611
4959
4419
3951
3517
3209
2971
2798
2718
2726
2803
2982
3219
3538
3978
4445
5001
5648
6370
7136
7989
8949
9964
11069
12294
13624
14978
1397
2991
4613
6300
8009
9816
11751
13810
888
3111
5384
7654
10036
12574
128
2827
5613
8388
11226
14285
2333
5516
8699
11961
409
3946
7443
11006
14802
3650
7477
11381
481
4669
8802
13140
2473
6936
11420
1071
5846
10538
430
5443
10381
527
5778
10928
1337
6800
12287
2957
8616
14409
5287
11120
2196
8300
14502
5804
12040
3556
10002
1630
8324
65
6939
13873
5929
12990
5208
12404
4815
12145
4766
12272
5037
12752
5653
13552
6569
14662
7796
1062
9418
2878
11311
5029
13673
7438
1248
10174
4285
13371
7524
1801
11094
5654
101
9683
4471
14208
9040
4078
14052
9123
4406
14670
9963
5502
988
11563
7337
3152
14015
9905
6056
2151
13389
9606
6102
2532
14096
10683
7458
4306
1152
13177
10179
7391
4660
1941
14376
11804
9414
7114
4888
2706
602
13641
11673
9858
8175
6567
5030
3532
2125
790
14637
13511
12425
11423
10562
9764
9096
8531
7987
7554
7210
6941
6770
6691
6689
6765
6927
7193
7529
7967
8500
9065
9734
10526
11364
12344
13461
14578
728
2050
3458
4947
6517
8138
9837
11658
13633
603
2728
4913
7165
9480
11915
14507
2094
4832
7588
10434
13490
1481
4690
7865
11144
14651
3138
6708
10335
14151
3021
6920
10895
56
4308
8586
12974
2418
6991
11599
1364
6253
11073
1124
6266
11362
1678
7062
12509
3084
8684
14421
5252
11037
2093
8171
14363
5636
11908
3394
9857
1503
8229
20
6894
13889
5978
13130
5389
12694
5147
12634
5269
12939
5758
13605
6572
14656
7750
989
9317
2759
11206
4876
13579
7346
1190
10139
4262
13413
7613
1940
11303
5906
477
10129
4978
14838
9743
4860
9
10211
5615
985
11461
7140
2829
13627
9467
5497
1517
12701
8922
5318
1713
13270
9802
6580
3387
250
12206
9310
6525
3810
1117
13591
11040
8730
6503
4314
2208
189
13322
11445
9728
8147
6632
5224
3886
2598
1401
347
14417
13538
12725
11979
11374
10865
10469
10151
9907
9772
9736
9789
9960
10210
10547
10934
11478
12105
12888
13693
14609
563
1642
2845
4155
5507
6942
8516
10111
11880
13778
676
2743
4864
7085
9359
11780
14350
1924
4632
7419
10261
13297
1332
4560
7776
11096
14660
3201
6799
10524
14427
3353
7363
11443
697
5062
9404
13977
3586
8247
13075
2973
7909
13040
3228
8483
13869
4345
9819
544
6331
12115
3142
9107
288
6553
12902
4344
10804
2459
9150
1010
7922
14971
7068
14308
6582
14014
6504
14105
6768
14616
7471
466
8546
1721
9958
3398
11816
5460
14117
7841
1731
10652
4785
13937
8170
2545
11941
6546
1182
10884
5832
724
10745
5948
1161
11459
6935
2475
13151
8823
4728
611
11606
7761
4064
328
11735
8301
4935
1640
13509
10350
7426
4569
1766
14101
11451
8995
6641
4392
2190
94
13148
11178
9426
7745
6216
4747
3352
2052
854
14812
13815
12933
12100
11416
10841
10370
9989
9682
9512
9457
9478
9579
9818
10172
10589
11114
11778
12533
13409
14341
333
1470
2731
4100
5512
7024
8665
10393
12254
14257
1263
3443
5713
8026
10459
13094
720
3515
6380
9284
12391
577
3903
7227
10673
14338
3024
6759
10616
14728
3803
7929
12225
1661
6197
10749
511
5343
10196
259
5423
10574
960
6424
11912
2602
8321
14204
5167
11139
2361
8610
10
6477
13074
4758
11470
3421
10347
2490
9618
2023
9365
1962
9493
2293
10050
3093
11022
4257
12492
5867
14326
7817
1514
10244
4216
13198
7243
1423
10705
5177
14718
9202
4027
13820
8706
3822
13947
9103
4559
14997
10510
6244
2014
12907
8822
4998
1170
12488
8851
5454
2054
13792
10575
7549
4647
1798
14080
11379
8861
6505
4225
2009
14923
12926
10976
9214
7579
6061
4622
3285
2036
900
14910
14004
13207
12483
11868
11355
10971
10733
10565
10528
10580
10764
11009
11426
11931
12576
13308
14118
29
1042
2220
3469
4833
6299
7816
9476
11294
13288
268
2395
4650
6945
9347
11951
14725
2436
5350
8299
11393
14721
3022
6442
9879
13647
2392
6280
10192
14402
3607
7830
12292
1855
6502
11203
1125
6112
11136
1390
6710
12096
2693
8291
14098
4948
10854
2017
8163
14566
5944
12478
4148
10819
2758
9612
1820
8956
1305
8698
1265
8874
1698
9491
2580
10586
3912
12151
5649
14187
7769
1585
10412
4494
13600
7739
2159
11546
6163
791
10540
5508
517
10567
5888
1202
11650
7248
2998
13766
9567
5720
1856
13141
9392
5968
2585
14312
11027
7999
5118
2282
14601
11919
9377
7065
4834
2701
629
13746
11900
10165
8624
7189
5886
4653
3554
2554
1633
876
216
14753
14302
13986
13773
13702
13743
13904
14177
14602
52
661
1393
2280
3258
4336
5525
6795
8212
9695
11411
13257
129
2175
4298
6529
8815
11302
13982
1676
4530
7437
10443
13699
2021
5444
8883
12608
1351
5275
9166
13398
2647
6944
11394
1023
5774
10498
526
5607
10709
1046
6492
11983
2710
8423
14380
5371
11428
2765
9016
572
7169
13908
5771
12704
4801
11938
4310
11694
4302
11930
4790
12685
5738
13877
7137
538
8985
2713
11361
5331
14345
8384
2680
11959
6482
1056
10722
5656
574
10571
5884
1160
11556
7161
2892
13650
9484
5645
1790
13077
9387
6023
2689
14470
11239
8295
5481
2768
102
12614
10138
7937
5880
3884
1974
176
13551
11985
10542
9266
8136
7148
6263
5471
4808
4268
3888
3591
3400
3358
3430
3672
3977
4405
4958
5668
6473
7396
8435
9544
10880
12365
13956
605
2416
4381
6449
8566
10837
13335
845
3576
6378
9189
12301
492
3840
7224
10716
14491
3263
7172
11150
398
4732
9048
13676
3372
8112
13096
3171
8292
13616
4095
9523
273
6128
12002
3131
9220
594
7031
13611
5330
12084
4119
11080
3373
10604
3170
10648
3441
11204
4248
12299
5557
13895
7352
946
9584
3569
12525
6646
863
10160
4771
14412
9033
4036
14034
9063
4436
14827
10238
6003
1737
12674
8650
4882
1149
12592
9061
5856
2637
14620
11601
8775
6209
3696
1200
13958
11749
9666
7819
6140
4496
3007
1583
344
14275
13279
12408
11649
11018
10563
10231
10025
9968
10023
10230
10561
11017
11648
12407
13278
14273
349
1589
3019
4517
6177
7855
9699
11812
14047
1299
3796
6344
8924
11809
14834
2915
6173
9403
12989
1598
5393
9153
13301
2425
6734
11084
701
5426
10119
181
5293
10415
842
6388
11946
2763
8583
14738
5857
12085
3602
10020
1830
8597
618
7688
14977
7324
14862
7476
247
8121
1219
9322
2751
11124
4797
13520
7341
1344
10407
4777
14174
8637
3388
13204
8066
3238
13473
8719
4294
14932
10603
6585
2628
13796
10010
6566
3182
14887
11684
8670
5894
3166
549
13110
10730
8554
6575
4696
2918
1253
14815
13476
12190
11081
10098
9332
8696
8187
7794
7577
7490
7519
7687
7992
8457
9006
9724
10630
11671
12877
14165
569
2153
3893
5707
7629
9709
12049
14532
2035
4745
7504
10432
13640
1880
5272
8728
12487
1273
5249
9264
13583
2980
7436
12101
1935
6837
11928
2197
7512
13065
3763
9430
443
6522
12762
4133
10535
2255
8973
966
7995
251
7582
123
7716
568
8455
1565
9691
3196
11615
5312
14134
7982
2131
11280
5717
196
9767
4686
14673
9594
4937
301
10788
6497
2320
13277
9279
5616
1999
13545
10097
6987
4035
1114
13407
10741
8289
6036
3916
1862
13
13294
11672
10204
8905
7791
6835
6040
5341
4805
4409
4159
4065
4101
4263
4599
5089
5710
6476
7362
8430
9573
10977
12579
14245
1005
3016
5104
7304
9646
12277
14992
2836
5845
8890
12245
692
4289
7984
11891
945
5154
9407
13990
3635
8336
13334
3395
8580
14036
4545
10144
1034
7005
13189
4460
10848
2451
9110
1089
8063
302
7608
125
7723
576
8487
1605
9773
3266
11786
5505
14404
8319
2498
11798
6298
890
10601
5582
637
10832
6255
1763
12468
8230
4266
406
11661
8079
4755
1479
13433
10383
7616
5052
2553
193
13053
10965
9090
7425
5921
4505
3260
2169
1209
427
14825
14377
14041
13850
13842
14013
14329
14781
353
1131
2062
3165
4398
5799
7288
8957
10835
12895
47
2388
4892
7484
10257
13280
1386
4679
8039
11619
413
4321
8332
12588
1969
6493
11112
998
6028
11125
1487
6923
12620
3410
9277
464
6722
13165
4765
11444
3402
10374
2691
9970
2617
10223
3194
11130
4370
12708
6218
14855
8625
2660
11760
6103
551
10065
4983
14900
9891
5273
674
11227
6975
2943
14017
10131
6617
3211
14890
11738
8733
6021
3382
893
13585
11388
9357
7569
5970
4468
3143
1948
927
67
14442
13882
13535
13337
13295
13457
13721
14201
14818
596
1539
2679
3983
5416
6960
8705
10644
12827
59
2504
5138
7810
10754
13886
2170
5589
9082
12911
1849
5949
10068
14639
4202
8854
13836
3970
9095
14642
5214
10878
1860
7882
14207
5639
12154
3988
10817
2997
10094
2645
10127
3042
10864
4045
12243
5739
14349
8024
2026
11050
5422
14847
9361
4242
14197
9217
4609
44
10610
6509
2435
13580
9786
6414
3064
14851
11803
8897
6346
3856
1486
14369
12322
10445
8797
7380
6141
5015
4052
3256
2625
2185
1898
1809
1875
2140
2552
3180
3935
4853
5977
7196
8613
10218
12052
14074
1191
3559
6054
8632
11476
14574
2748
6125
9520
13319
2225
6309
10419
14920
4523
9148
14176
4300
9481
22
5694
11421
2429
8562
14953
6487
13119
5042
12001
4265
11594
4228
11920
4901
12957
6292
14740
8281
2133
11035
5295
14641
9029
3844
13666
8675
3997
14394
9842
5752
1623
12749
8983
5551
2195
14026
10941
8160
5621
3174
840
13752
11836
10022
8524
7185
6047
5039
4190
3537
3074
2772
2644
2732
3002
3431
4058
4844
5840
6926
8236
9707
11463
13385
452
2709
5179
7698
10467
13516
1645
5069
8509
12220
1129
5258
9421
13910
3598
8317
13336
3548
8806
14452
5192
10983
2154
8409
14914
6592
13380
5453
12609
5046
12553
5376
13252
6466
14762
8173
1893
10738
4858
14099
8490
3178
12921
7883
3133
13495
8977
4804
685
11781
8051
4621
1242
13124
10080
7418
4886
2440
265
13251
11408
9731
8343
7123
6117
5231
4526
4033
3747
3643
3717
3942
4410
5064
5907
6860
8038
9429
10998
12850
14832
1980
4374
6885
9546
12541
668
4022
7485
11156
72
4191
8414
12886
2526
7405
12439
2665
8057
13717
4577
10484
1707
8092
14758
6555
13493
5698
12975
5604
13284
6308
14422
7682
1213
9874
3904
12969
7293
1750
11454
6457
1433
11723
7240
2912
13771
9759
6191
2558
14252
11008
8097
5434
2833
475
13293
11291
9500
7969
6672
5499
4510
3751
3145
2752
2538
2560
2807
3241
3858
4682
5718
6859
8241
9795
11633
13678
866
3324
5981
8695
11695
14948
3349
6956
10719
14789
4014
8392
12985
2823
7798
13037
3498
9057
14952
6022
12147
3675
10197
2053
9086
1326
8780
1418
9280
2339
10582
4140
12748
6678
694
9906
4507
14162
8999
4184
14484
9872
5730
1528
12688
8987
5618
2261
14250
11330
8704
6377
4116
2010
197
13597
12164
10929
9931
9161
8617
8238
8061
8114
8405
8817
9486
10352
11471
12798
14316
970
2921
5103
7370
9859
12683
630
3849
7204
10781
14653
3673
7783
12252
1869
6781
11834
2091
7572
13311
4240
10289
1616
8179
14979
6921
14129
6557
14121
6911
14972
8150
1603
10278
4229
13276
7565
2102
11853
6804
1928
12318
7881
3775
14780
10922
7428
4130
949
13046
10315
7844
5677
3633
1714
132
13741
12540
11549
10816
10266
9909
9803
9927
10297
10867
11622
12647
13844
264
1865
3800
5899
8077
10591
13396
1286
4536
7813
11453
306
4403
8590
13092
2812
7673
12863
3250
8773
14672
5689
11872
3359
9965
1914
9020
1381
8948
1742
9720
3069
11479
5233
14106
8180
2539
12117
6908
1923
12165
7612
3362
14291
10331
6755
3347
140
12146
9371
6883
4668
2502
706
14103
12698
11492
10529
9760
9308
9041
9005
9187
9572
10270
11147
12265
13596
137
1877
3958
6207
8573
11254
14239
2327
5784
9265
13159
2199
6523
10940
736
5779
10885
1314
7006
12908
4084
10317
1936
8721
788
8023
591
8302
1247
9442
2938
11567
5510
14669
8892
3608
13420
8410
3771
14277
9904
6024
2205
13659
10294
7229
4456
1747
14483
12274
10312
8646
7222
6093
5124
4399
3890
3642
3580
3805
4252
4933
5875
6948
8323
9894
11851
13949
1227
3892
6673
9627
12999
1464
5332
9243
13547
3036
7662
12687
2866
8260
14000
4930
10994
2386
9010
914
7980
407
7924
795
8848
2216
10770
4624
13621
7820
2382
12169
7170
2394
12925
8634
4714
829
12330
8989
6031
3208
598
13312
11197
9335
7718
6490
5402
4563
3930
3536
3415
3549
3962
4590
5455
6547
7787
9435
11286
13445
725
3333
6240
9224
12599
1123
5057
9025
13432
2958
7710
12857
3186
8693
14593
5662
11917
3487
10262
2321
9601
2207
9997
3109
11406
5051
13804
7789
2148
11752
6611
1574
11968
7500
3386
14518
10789
7345
4270
1245
13685
11238
9078
7202
5647
4241
3085
2167
1508
1159
1054
1188
1581
2287
3235
4449
5891
7463
9386
11600
14085
1699
4794
7889
11409
127
4201
8387
12903
2646
7642
12973
3533
9289
343
6724
13265
5178
12186
4614
12155
5121
13196
6622
212
9119
3345
12808
7457
2393
12684
8123
3969
14939
11181
7690
4604
1531
13940
11504
9336
7455
5935
4581
3433
2562
1990
1658
1629
1868
2385
3221
4286
5578
7084
8870
10957
13388
928
3934
7040
10433
14184
3119
7330
11861
1532
6682
11944
2463
8361
14515
5925
12500
4473
11569
4120
11770
4847
13038
6616
358
9448
3864
13482
8325
3511
13936
9575
5697
1804
13439
10156
7266
4705
2183
96
13281
11710
10408
9389
8654
8191
7986
8062
8474
9088
9990
11193
12681
14460
1347
3764
6345
9098
12251
615
4400
8259
12519
1985
6808
11884
2206
7780
13767
5013
11345
3127
10090
2398
9999
2884
10987
4528
13180
7127
1324
10907
5853
815
11253
6928
2893
14170
10640
7439
4623
1845
14617
12515
10706
9183
7968
7071
6475
6176
6078
6291
6739
7483
8574
9875
11554
13540
662
3222
6055
9032
12455
1015
5094
9227
13779
3606
8631
14068
4767
10627
1822
8432
221
7333
14795
7441
424
8711
2250
11135
5351
14777
9460
4567
14829
10396
6371
2455
14032
10777
7779
5267
2854
771
14111
12636
11446
10554
9972
9671
9685
10018
10657
11557
12804
14315
992
3129
5554
8162
11176
14521
3046
6870
11057
525
5373
10357
714
6460
12389
3712
10173
2027
9185
1617
9441
2477
10886
4626
13566
7729
2336
12269
7398
2897
13718
9717
6225
2839
14867
12136
9681
7602
5922
4433
3229
2290
1680
1407
1451
1824
2513
3541
4849
6418
8200
10409
12924
665
3880
7215
10937
14
4418
8964
13992
4283
9755
652
6873
13477
5302
12379
4875
12584
5683
14039
7637
1587
10968
5674
518
10814
6432
2215
13494
9870
6756
3924
1234
14137
12142
10514
9198
8234
7553
7225
7186
7475
8047
8976
10226
11825
13689
784
3364
6231
9291
12820
1456
5705
10033
14808
4907
10200
852
6889
13272
4988
11922
4226
11850
4820
13033
6628
480
9673
4340
14221
9334
4951
699
11933
8411
5274
2326
14850
12655
10755
9139
7901
7028
6518
6276
6347
6725
7416
8502
9838
11604
13664
954
3742
6737
10047
13797
2771
7109
11842
1728
7128
12851
3832
10086
1719
8765
1044
8743
1673
10044
3776
12753
7013
1609
11705
6971
2632
13687
9924
6643
3687
907
13655
11634
9919
8612
7609
6969
6683
6713
7056
7722
8779
10185
11936
13993
1239
4112
7120
10555
14389
3389
7762
12637
2692
8133
14010
5149
11588
3401
10569
3066
10916
4157
12706
6542
718
10330
5288
476
11131
7039
3342
15
12016
9300
6964
5082
3408
2061
1121
559
324
453
901
1687
2906
4477
6317
8512
11072
14008
2177
5883
9745
14159
3807
8766
14214
4925
10927
2328
9106
1195
8736
1506
9752
3339
12293
6528
1055
11109
6446
2041
13170
9499
6303
3393
780
13701
11892
10387
9267
8533
8106
8074
8454
9105
10206
11629
13444
472
3017
5900
9038
12717
1502
5938
10583
541
6014
11789
2840
9324
1122
8398
920
8877
2191
10903
4994
14423
9072
4277
14779
10647
6819
3483
395
12842
10493
8547
6981
5855
5078
4625
4561
4842
5493
6530
7868
9654
11916
14451
2242
5564
9158
13236
2570
7332
12536
3018
8860
122
6774
13839
6227
14019
7093
566
9505
3814
13503
8460
3906
14710
10847
7313
4287
1462
14313
12336
10769
9525
8717
8306
8248
8603
9345
10485
12007
13848
1007
3752
6718
10130
13970
3099
7606
12658
2902
8636
14791
6248
13155
5407
13050
6065
14549
8244
2413
12098
7016
2359
13208
9309
5871
2749
75
12860
10913
9385
8220
7499
7174
7252
7661
8557
9780
11469
13523
812
3735
6839
10539
14589
3952
8690
13931
4504
10491
1776
8599
753
8363
1281
9697
3505
12731
7209
2163
12641
8345
4589
1060
13147
10505
8206
6440
5081
4074
3427
3218
3432
4088
5107
6467
8274
10553
13199
1120
4706
8494
12831
2357
7473
13022
3915
10212
1821
8996
1438
9495
2805
11654
5803
309
10385
5795
1491
12883
9475
6521
4041
1818
163
13955
13080
12624
12570
12963
13755
14938
1432
3641
6053
8889
12240
878
5126
9596
14674
5028
10850
1979
8673
682
8185
1096
9504
3254
12479
7007
2024
12551
8389
4761
1343
13620
11215
9135
7528
6434
5737
5448
5550
6129
7079
8526
10410
12703
286
3484
7000
11095
416
5340
10669
1233
7435
14141
6071
13567
6391
14763
8446
2606
12285
7282
2761
13758
10055
6805
4126
1672
14886
13498
12432
11865
11707
12009
12751
13919
440
2482
5092
7907
11376
164
4472
9141
14405
4917
10954
2352
9340
1624
9519
2755
11514
5643
187
10298
5793
1612
13144
9900
7166
4962
3105
1656
765
310
279
723
1563
2995
4822
6967
9687
12901
1367
5504
10014
14973
5411
11293
2556
9364
1510
9290
2391
11105
5183
14720
9607
5134
919
12369
9131
6459
4219
2344
991
145
14798
14837
278
1236
2769
4738
7011
9862
13217
1896
6202
10897
971
6660
12833
4364
11395
3917
11886
5319
14265
8565
3442
13780
9534
5836
2484
14772
12461
10625
9177
8282
7818
7867
8448
9470
10978
12936
262
3242
6598
10496
14821
4673
9903
628
6876
13728
5928
13630
6748
397
9552
4220
14372
9867
5965
2456
14605
12081
10072
8564
7518
6970
6903
7392
8314
9751
11716
14114
1886
5327
9126
13560
3334
8682
14576
5834
12670
4946
12782
6017
14805
9017
3853
14158
9845
6110
2837
76
12898
11157
9814
9018
8778
8992
9758
11060
12815
14986
2695
5954
9661
13987
3726
8871
14741
5943
12733
4976
12792
6005
14819
9026
3898
14246
10008
6305
3116
437
13369
11715
10584
9902
9778
10237
11173
12534
14528
1850
4865
8283
12357
1780
6794
12436
3464
10038
2067
9664
2821
11518
5626
275
10558
6234
2402
14317
11538
9282
7559
6470
5841
5740
6185
7078
8539
10635
13150
1067
4726
8749
13504
3610
9228
431
7160
14538
7246
565
9452
3870
13813
9178
5226
1654
13829
11425
9489
8042
7302
7027
7300
8040
9487
11419
13819
1655
5230
9256
13884
3989
9570
761
7488
14854
7561
961
9938
4360
14446
9922
5959
2594
14839
12543
10869
9587
8903
8824
9348
10447
12013
14152
1665
4938
8678
13111
2909
8275
14440
5849
13020
5567
13867
7513
1846
11840
7142
3193
14788
11907
9497
7648
6474
5824
5731
6220
7213
8805
11103
13784
1993
5851
10358
245
5801
12011
3663
10925
3724
12122
6006
539
10752
6302
2483
14458
11807
9663
8096
7275
6868
7171
7954
9449
11487
14057
2046
5757
10113
14980
5338
11460
2970
10240
2895
11320
5170
14764
9787
5410
1611
13592
11038
8900
7506
6688
6495
6784
7728
9341
11547
14290
2405
6342
10921
899
6562
12941
4699
12210
5166
13887
7960
2846
13377
9295
5896
3117
924
14482
13466
13045
13247
14087
403
2346
4999
8142
12119
1400
6499
12202
3376
10307
2662
10845
4414
13751
8540
4092
183
11980
9159
7098
5632
4826
4606
5003
5997
7587
9890
12821
1138
5235
10016
267
6195
12854
4877
12830
6122
173
9846
5076
978
12586
9656
7410
5807
4817
4463
4751
5631
7187
9391
12223
582
4588
9303
14724
5491
12180
4276
12224
5568
14809
9507
4809
839
12596
9839
7683
6295
5461
5304
5806
6852
8687
11228
14280
2806
7150
12233
2735
8998
951
8505
1684
10715
5063
237
11171
7478
4540
2291
744
14893
14624
14958
889
2523
4850
7821
11603
786
5754
11467
2619
9583
2120
10507
4272
13975
9091
4996
1499
13879
11790
10337
9482
9353
9988
11232
13112
573
3789
7646
12342
2433
8370
35
7235
185
8744
3057
13116
8607
4904
1900
14705
13030
12037
11750
12090
13206
14916
2231
5347
9104
13711
3795
9647
1158
8341
1258
9978
4154
14268
9849
6179
3204
931
14490
13557
13386
13863
39
1858
4443
7704
11864
1391
6767
13002
4655
12262
5344
14383
8786
4121
146
11911
9195
7303
6183
5657
5915
6786
8469
10932
14048
2684
7151
12480
3301
10037
2247
10448
4107
13679
8776
4727
1341
13816
11929
10760
10260
10492
11434
13164
498
3616
7427
12108
2312
8338
188
7620
892
9882
4476
16
11208
7885
5526
3923
3025
2813
3348
4629
6657
9465
13042
2139
7115
12980
4307
11620
4448
13289
7558
2776
13782
10470
7727
5956
4836
4479
4911
6104
7943
10799
14212
3234
8081
13946
5256
12523
5394
14238
8541
3765
14846
11568
8929
7211
6279
6064
6591
7859
10076
12935
1388
5820
11091
1842
8567
1026
9269
3246
13158
8551
4840
1947
14947
13582
13007
13229
14227
825
3331
6665
10890
670
6352
12882
5012
13135
6772
1369
11882
7887
4856
2621
1171
532
627
1473
3231
5706
8981
13214
2978
8651
168
7399
510
9424
4026
14632
10893
7808
5765
4420
3966
4221
5368
7292
10140
13643
2877
8006
14160
5821
13519
6771
1036
11217
6869
3644
1111
14547
13619
13576
14420
848
3280
6538
10721
505
6233
12838
5119
13424
7321
2158
12960
9454
6735
4914
3974
3809
4464
6083
8418
11696
655
5498
11335
2790
10338
3465
12635
7503
3277
14995
12462
10844
9992
10015
10888
12572
109
3499
7742
13018
3926
10882
3470
12111
6506
1722
12988
9996
7730
6526
6127
6577
7847
10191
13250
2022
6814
12595
4047
11542
4730
14049
8888
4782
1537
14425
12884
12280
12531
13760
730
3674
7456
12215
2702
9226
1519
9866
3955
14125
9962
6668
4342
2932
2374
2785
4097
6283
9338
13414
3104
8858
580
8049
1512
11054
6247
2322
14608
12507
11429
11259
11958
13590
1025
4437
8804
14272
5279
12466
5425
14520
9211
5018
1641
14499
12949
12380
12814
14182
1238
4416
8520
13672
4495
11483
4198
13088
7633
3267
14956
12375
10853
10228
10532
11748
14006
1981
6091
11190
2019
8902
1773
10713
5366
1085
12817
10413
8821
8351
8808
10362
12729
1001
5263
10656
1718
8865
2038
11260
6256
2236
14434
12281
11251
11146
11995
13899
1520
5361
10213
879
7535
319
8885
3625
14414
10911
8377
6937
6574
7070
8598
11269
14794
4153
9651
1150
8578
2059
11618
6912
3434
912
14522
13913
14419
710
3120
6593
11163
1472
7926
516
8927
3486
14148
10618
7975
6588
6189
6728
8293
11066
14755
4232
10026
1601
9417
3106
13009
8680
5495
3378
2271
2211
3153
5180
8105
12316
2309
8441
646
8811
3094
13533
9754
7090
5514
5031
5503
7081
9753
13529
3095
8844
735
8582
2488
12632
8576
5671
3885
3113
3435
4776
7238
10851
321
5942
12724
5401
14431
9146
5163
2179
402
14745
14998
1243
3757
7291
11999
2601
9477
2276
11363
6375
2439
14858
13209
12580
13174
14774
2331
6214
11229
2087
9263
2408
11878
7207
3788
1362
199
86
1027
3115
6364
10763
1092
7600
325
9076
4024
82
12266
10590
9974
10517
12131
14969
3815
8798
97
7355
814
10515
6188
3043
1057
229
529
1916
4533
8177
13258
4183
11449
4700
14314
9821
6602
4548
3706
3968
5352
7872
11784
1547
7657
18
8304
2925
13769
10747
8700
7915
8413
10170
12968
1823
6954
13501
5902
14735
9543
5553
2851
1300
997
1817
3910
7099
11657
2144
8997
2012
11348
6696
3329
1180
246
524
1964
4656
8514
13732
4991
12550
6306
1204
12476
9884
8440
8225
9469
11815
272
5059
11149
3291
11829
6453
2345
14684
13062
12702
13601
647
4085
8652
14686
6664
80
9722
5545
2697
1115
757
1627
3866
7280
12031
2914
10274
3700
13502
9446
6698
5271
5160
6273
8627
12368
2245
8477
1024
9917
4926
1288
14081
13008
13291
14785
2534
6663
12129
3837
11932
6205
1751
13814
12035
11575
12433
14655
3045
7733
14045
6379
107
10275
6545
4238
3287
3679
5294
8197
12713
3316
10411
3709
13435
9342
6671
5382
5420
6763
9539
13637
4010
10830
3867
13428
9099
6330
4824
4741
5996
8589
12650
2885
9657
2670
12195
7903
5200
3759
3728
5048
7689
11871
2222
9094
2289
12032
7902
5409
4185
4350
5963
8909
13417
4102
11319
4807
14889
11299
8994
8130
8812
10979
14471
4192
10598
3147
12361
7767
4799
3202
3008
4304
6972
11231
1567
8664
2030
12039
8189
6049
5238
5898
7888
11580
1395
7864
792
10324
6045
3262
1959
2141
3913
7023
11725
2630
10377
4253
14822
11797
10296
10214
11571
14519
3774
9679
1905
10945
6228
2959
1275
1134
2424
5380
9733
496
7790
1610
12159
8968
7360
7289
8701
11737
1038
7091
14709
8645
4217
1235
1
121
1736
5112
9955
1132
9053
3448
14512
11998
11078
11667
13805
2376
7667
14654
7876
2860
14550
12629
12298
13542
1181
5619
11659
4141
13354
8918
6258
5130
5546
7555
11318
1384
8221
1652
11870
8355
6639
6508
7834
11079
607
6855
14885
9419
5469
3212
2549
3613
6264
10631
1301
8896
3040
13960
11356
10463
11196
13548
2362
8019
399
9439
4969
2176
1135
1712
4080
7896
13646
5828
14800
10452
7567
6583
7192
9569
13609
4211
11677
5650
1320
13935
13103
13924
1296
5591
11647
4227
13677
9716
7433
6886
8083
11224
713
7141
239
10236
6659
4934
4993
6761
10416
500
7496
1186
11869
8988
7890
8709
11300
419
6455
14353
8756
5070
3090
2930
4586
7965
13310
5143
13973
9472
6675
5773
6650
9432
13911
5100
13261
7990
4651
3157
3490
5584
9613
242
7751
2118
13518
11524
11391
13064
1394
6812
14155
8005
3897
1516
1118
2518
5877
11056
2855
11897
7430
4932
4366
5666
8833
13966
5724
14610
10306
7653
7101
8427
11733
1569
8697
2442
13441
11101
10707
12143
411
5709
13049
7046
3063
1004
915
2730
6558
12340
4773
14503
10961
9346
9737
12071
1153
7411
543
10825
7702
6776
7731
10881
639
7551
1392
12452
10301
10078
11918
504
6318
14206
8816
5501
4273
5041
7741
12719
4320
13243
8963
6729
6556
8431
12440
3192
11282
6101
3073
2100
3251
6409
11718
3782
13228
9528
7732
8207
10891
317
6924
658
11611
9492
9409
11472
422
6615
14975
10454
7706
7334
9089
12922
3699
11859
6760
4005
3317
4749
8412
14271
6871
1838
14169
13410
14749
3100
8864
1548
11775
8774
8013
9599
13232
3816
11987
6840
4168
3660
5265
9257
167
8375
3743
1313
1110
3087
7350
13885
7365
3151
1193
1427
4013
8754
612
10034
6212
4806
5721
8937
14390
6822
1653
14027
13370
14940
3758
10150
3375
14295
12278
12518
25
4752
12075
6369
3003
2040
3412
7059
13138
6246
1735
14770
14954
2319
7281
14569
9028
5775
4912
6478
10570
1494
10379
6098
4388
5072
8058
13588
6243
1292
14050
13871
974
5702
12899
7294
4106
3319
5016
9204
540
9616
5788
4475
5658
9428
243
8791
4594
2842
3732
6989
12794
5811
1322
14583
26
2834
8485
1291
11963
9856
10299
13087
3300
11334
6579
4421
4772
7695
13255
6046
1402
14585
2
2872
8618
1570
12447
10725
11377
14661
5406
13917
10009
8366
9625
13315
4408
13464
9923
8825
10623
14737
6450
797
13006
12689
14908
4648
12341
7389
5145
5479
8596
14386
7573
3514
2111
3439
7454
14166
8318
5244
4837
7259
12323
4818
232
13480
14237
2452
8796
2544
14367
13656
588
5348
12952
8098
6096
6803
10486
1406
10688
7194
6690
9056
14089
6751
2243
666
1784
5792
12627
7060
4330
4454
7520
13360
6823
3149
2360
4486
9605
2083
12869
11323
12581
1533
8722
3466
1163
1779
5311
11855
5984
3000
3051
6100
12051
5628
2237
1828
4348
10048
3061
14572
13742
748
5946
14095
10195
9092
11025
722
8727
4442
3298
5171
10168
2635
13644
12454
14303
3982
11956
7691
6578
8517
13536
6428
2323
1398
3658
8978
1996
13537
12890
231
5863
14598
11305
11145
14059
4870
14199
11427
11762
126
6779
1374
14508
373
4524
12010
7422
6001
7797
12847
5918
2123
1635
4368
10536
4354
1586
2122
5958
12920
8044
6464
8046
12971
6020
2256
1861
4750
11052
5308
2868
3936
8195
621
11595
10793
13115
3722
12849
10316
10918
14859
7184
2694
1729
4160
10099
4006
1330
2209
6535
14192
10242
9547
12198
3232
12913
10942
12302
1915
10428
6940
7104
10786
2474
13184
12074
14501
5220
14694
12469
13757
3460
11876
8643
9000
12780
5056
809
296
3227
9886
4740
3326
5490
11322
5487
3322
4763
10035
3413
599
1357
5991
14100
10823
11093
14930
7523
3676
3524
7143
14368
10285
9757
12910
4674
270
14711
2453
9425
4612
3802
6738
13368
8653
7693
10691
1978
12499
11614
14543
6167
1412
737
3842
10870
6436
5909
9311
1183
12387
12187
729
8342
4649
4953
9244
1992
14104
14852
4426
13181
10735
12060
2230
11678
9980
12059
2937
13256
12238
130
7251
2966
2899
7018
14974
11966
12915
2699
11939
10045
12072
3039
13478
12660
801
8294
4770
5397
10175
3797
1534
3703
9877
5105
4375
7970
553
12517
13563
3568
13054
11520
14351
6190
2115
2434
7205
794
14035
1032
7694
3409
3449
7759
1176
14301
1168
7752
3492
3531
7953
1440
14739
1895
8790
4827
5285
10243
4236
2682
5882
13266
10075
11230
1578
11824
11310
149
8608
6471
8781
425
11811
12600
2642
12613
11873
509
9031
6826
9304
1003
12740
13817
4411
14757
14607
3993
13056
11625
14961
7825
5436
7595
14533
10995
12160
2825
13632
13847
3777
13515
12846
1799
10842
9458
12732
5837
3715
6393
13831
11026
13126
4863
1380
2891
9494
5536
6621
12485
8165
8881
14488
9820
10224
290
10608
10690
535
10686
10597
352
10359
10190
14993
9797
9641
14612
9427
9319
14396
9294
9438
14657
9794
10189
470
11129
11697
2342
13499
14534
5571
1894
3513
10345
7138
9253
1431
14209
1745
9851
7996
11553
5315
4322
8593
3220
3118
8335
4017
4839
11182
7586
9602
1749
14693
2469
11187
10053
14360
8921
9108
14830
10879
12366
4284
1725
4792
13471
12403
1825
12047
12697
3836
558
2788
10930
9440
13645
8144
8581
14831
11452
13793
6733
5464
9850
4899
5723
12309
9554
12610
6322
5843
11234
7263
9101
1727
361
4640
28
898
7785
5664
9373
3941
4359
10896
8029
11473
5573
5814
12028
9064
12305
6385
6533
12844
10061
13383
7527
7928
14706
12197
806
10824
11753
3804
2032
6561
2095
4023
12089
11337
1592
13574
1237
10732
11211
2739
882
5335
965
2990
11525
11304
2288
14966
3784
14219
751
8879
8467
14765
12204
1063
11693
13764
7163
7279
13991
12080
1688
13205
925
10577
11674
4425
3876
9985
7593
12175
8113
11141
5614
6891
71
14982
6448
4828
10104
6999
10967
6581
9093
3530
4791
13195
13324
5199
4134
10158
7837
12947
9690
13698
9474
12474
7310
9320
3381
4602
13163
13568
5985
5588
12651
11570
2656
1155
6838
4722
10004
7317
12076
8849
13448
9804
13905
10084
13803
9653
13274
8768
12263
7692
11020
6532
9676
5228
8213
4012
7129
2775
6252
2069
5585
1733
5521
1944
6126
2729
7358
4493
9538
7096
12730
10872
1685
589
7268
6712
14310
14496
7374
8286
2248
4150
14253
1768
12779
1297
13479
2972
948
6910
6067
13485
13731
6899
8493
3282
6313
2378
6811
4432
10512
9562
1929
2622
11957
14504
10280
14464
11934
2675
2168
10308
11510
6297
9640
6433
11989
10906
3305
4431
14444
2457
14793
5232
4578
12867
14744
10164
14580
12504
4195
4928
14732
2712
169
6215
6307
312
3078
154
5953
5859
14928
2588
14911
5830
6063
418
3847
1358
8224
9321
4568
9042
7773
782
3123
32
5893
6277
910
5162
3705
11788
14365
11267
2561
3664
14397
4291
4089
13556
2270
916
9272
12350
10079
2311
4605
1463
8379
10249
6596
12972
14215
10395
1177
2228
13513
4296
5428
1325
7625
8795
5243
11756
13544
10391
2130
4500
1932
9834
13005
11342
5109
9134
8544
3542
8839
9762
6059
12918
184
13182
6551
10701
10424
5530
11608
13508
10858
3918
7804
7604
3102
9644
12025
10309
4171
9260
10494
7373
401
4440
4597
821
8148
11950
11548
7467
14778
2799
2480
13765
5932
9560
9633
6105
14138
3215
4118
1331
10585
774
2780
1469
12106
4020
7668
8093
5440
14629
5254
7886
7491
3905
12446
2465
4973
4224
622
9080
14836
2174
2007
14336
8307
19
3552
4608
2822
13857
6848
12501
376
767
13972
9326
2295
8031
11480
12495
11162
7448
1373
8443
13353
700
1099
14767
10982
5194
12510
2574
6150
7498
7069
4848
671
10041
2221
7978
12130
14599
190
14514
12043
8022
2615
10999
2573
8014
12184
14983
1146
1323
467
13404
10054
5475
55
8356
775
7319
12932
2372
6327
9142
11338
12766
13472
13375
12662
11281
9305
6850
4040
560
11755
7481
2801
13107
7665
2180
11602
5767
14929
8620
2419
11412
5247
14286
8035
2117
11522
6084
733
10868
6213
1794
13172
9563
6647
4178
2262
990
459
491
1216
2826
5262
8429
12644
2515
8506
536
8575
2742
13231
9581
7295
6321
6519
8030
11201
506
6516
14075
7862
3573
781
14927
485
3044
7397
13710
6726
1639
14002
13100
14411
2610
8140
984
11219
8536
8326
10762
287
7516
2244
14804
14873
2390
7870
1197
12426
11457
13586
3478
11418
7489
6764
9176
36
8784
6175
6798
10988
3648
14856
14603
2815
10039
5665
5307
8729
1065
12493
12835
1991
10679
8068
10149
1022
11515
11306
487
9167
7413
10425
2704
37
1716
8470
5133
6612
13213
9636
11252
2933
27
1987
9604
7417
10827
4570
4000
8750
4459
5704
12982
10877
14761
9509
10417
2033
174
4337
14957
1492
9812
9381
479
13325
2400
13613
1130
10815
12219
5470
5901
13522
12967
4637
3738
10108
8648
48
13747
4898
3938
10659
10040
2156
2389
10772
11964
6259
8692
4607
8644
6334
12335
11856
4890
6715
2136
6629
4851
12124
13431
8445
13190
11808
4779
7173
4125
10698
11623
7270
12870
13238
8107
13688
13862
8970
14782
534
11742
3377
5474
3328
11795
943
959
11988
3826
6752
5887
1208
7725
10981
10548
6465
14343
3601
4735
2791
12984
5019
9070
10685
9230
5386
14145
5139
8731
10474
9710
6825
1939
10457
1631
6422
9524
11036
11005
9527
6766
2862
13014
6749
14963
6877
13614
4123
9271
14244
3411
7462
11488
234
4069
7792
12216
1420
6316
11719
2462
9022
1434
9869
4099
14626
11113
8703
7917
8691
11271
269
5995
14072
8461
5459
4583
6050
10277
1408
10785
7434
7147
10070
763
9801
6993
7658
12312
4967
1550
2108
6669
384
13506
366
6843
3055
3871
9542
4954
5457
11339
7041
8240
283
12861
841
10063
10167
1031
13719
2057
12538
14418
7623
7976
592
108
6693
5764
12675
11905
3731
3632
11597
12734
6829
9738
5885
11126
9887
2572
4346
626
5987
5947
708
5114
4363
14113
3512
3497
14196
5146
7008
4748
14028
3896
5379
3357
13356
4538
8016
8594
6511
1709
9774
218
3704
5203
4781
2779
14619
9741
3645
11866
3790
10543
1112
6773
12303
2294
7713
13749
4611
11565
4077
12809
7336
3217
740
45
830
3739
8842
1223
11401
8931
9548
13345
5035
209
14352
1741
8381
4239
4384
9143
3462
2733
7318
1863
2048
7991
4852
7622
1505
2055
9514
8330
14688
13026
3565
1926
8313
7712
423
1461
11543
182
13313
5290
6950
3315
10222
11534
8425
972
4519
4090
14899
7149
11277
12306
10550
5769
14142
5168
9180
11895
12843
12663
11495
9634
7159
4522
1847
14746
12885
11683
11435
12529
46
4138
10557
3737
14792
13594
60
4885
13555
10663
11817
2075
12457
12415
2298
12996
14078
5930
4158
8732
5429
8725
4685
7962
4325
8906
6847
13833
14539
9510
14392
14053
8543
14334
410
12862
6468
12156
14876
14801
12343
7655
1628
9261
833
6421
11976
1976
7474
13736
5465
13772
8052
4742
3540
5184
9369
1837
13320
13514
2618
11764
10900
394
10699
11940
4491
4071
10904
10344
2341
2859
12179
451
13241
5547
8075
6512
897
6469
8891
8406
5670
935
9383
1543
7973
14479
5432
12054
4212
13202
8169
5920
6025
9002
634
11003
10790
166
9832
10304
1342
14614
4246
1785
7191
6139
13979
877
12839
4939
7697
7067
3141
11498
2489
6789
10059
12347
14450
1447
4631
9062
489
8960
5522
5466
9285
2624
1037
5058
114
1703
10887
12690
7542
11746
10438
3755
7863
8473
5903
669
8143
14881
5227
10792
1271
7988
1559
12628
11245
13690
4713
1076
2715
10765
10405
2241
2370
11297
14750
13341
7254
13314
967
1691
1133
14959
13695
12887
13798
1439
7297
1883
683
4596
14695
1019
9953
12015
7639
13851
49
12420
6849
14691
5676
11410
2717
9993
4181
1363
2383
7534
3496
5606
54
2279
13562
4208
6043
4161
99
9121
2924
11523
6642
3990
4260
8686
3295
3879
11360
12082
6600
11133
11794
9378
5216
83
10096
6200
4571
6394
12721
9197
12745
8491
13781
13598
8991
2286
8444
14736
6254
14878
11194
12077
3200
1175
6836
6741
2011
8769
13926
2651
6933
13230
7283
5708
10287
6257
10923
10488
5759
14094
5661
13167
6955
4044
5822
13965
14263
8139
13554
316
641
1105
3189
8192
3325
4739
14240
2901
2883
642
12891
11213
12486
3213
225
5207
4793
950
10423
4702
994
881
6406
4124
11170
14553
711
1983
5253
12127
10021
673
1277
13902
10346
7574
8045
14164
12148
5023
9012
12333
1545
8975
7309
13347
14429
12639
10861
11258
1372
13394
4341
7480
9784
14154
7361
7556
2584
9145
769
9540
7945
14915
1778
1852
2951
7526
4004
10276
13573
2127
8713
7010
14771
4297
9693
3355
3754
14149
7124
1897
1012
7738
11028
14030
4719
1984
8827
14734
7053
5492
12788
3307
10506
7627
14454
3940
10621
7598
62
5660
14448
103
11371
8134
9729
4857
12705
8116
10783
9287
8585
13901
13832
13534
2629
846
13057
14586
9555
3659
1819
8482
323
10914
1660
7181
3813
11256
5489
6637
6187
9147
6638
5101
9455
11221
1843
2068
3146
11536
3980
1477
10860
8513
2227
12135
1255
6367
4575
3077
8723
14905
12559
10666
1090
6415
5339
5185
13723
9726
1095
11123
3725
2401
337
6568
468
5669
1348
11994
2329
10731
3053
3682
7445
9944
5809
5560
5189
14441
34
2397
2663
12036
12376
120
1577
14323
5278
1199
98
14234
11642
5945
8499
5117
7339
124
11676
12014
339
6088
13653
8563
6821
7829
13128
8253
10503
5215
9274
10450
10564
12249
3523
2766
12522
7533
6609
14073
4243
12513
14276
14844
5342
6900
11507
11466
14357
11732
13108
11308
1421
6382
6875
13091
5798
10704
9937
601
9508
5531
2350
12562
7407
1496
10284
4721
2927
5445
1535
9039
3370
3268
14704
13660
6958
3047
8674
4535
198
5259
1913
2034
3555
6145
7959
11668
3252
14526
4395
7674
43
2557
7530
9692
3399
14803
10951
6194
13786
6348
192
13737
8048
4461
10812
6716
3245
12618
5532
11295
4256
3812
624
3799
7852
11047
12520
14069
4122
3831
6654
8119
7316
4188
2953
9793
3048
10753
2379
10803
12395
2438
7777
768
1214
