2604
1975
1882
1808
2019
3638
414
1566
2065
2303
85
4503
810
1316
2768
3819
3114
2379
1024
2979
2566
1166
1789
2745
15
564
1636
2176
2027
1926
3255
1859
2787
605
4610
3990
2612
1147
4114
907
76
2044
3487
4588
3745
4207
189
3767
895
866
1651
3966
4093
4584
2408
1062
2737
2536
2348
4662
2647
1921
3319
2143
403
3710
3
4312
3236
1510
109
1658
3465
2055
3848
4202
989
406
1337
4022
579
3965
3871
4418
3131
2744
3042
3371
2832
1932
173
1794
1573
1779
4140
224
4491
3221
3491
4442
4624
4711
4661
2402
3492
3875
1688
4433
3948
3923
2645
3904
301
4012
2384
168
2622
3052
2283
838
3358
1590
2222
1793
4194
3920
3045
1777
1756
3133
2190
1625
2738
2193
2859
2792
16
2759
1538
2938
1028
724
786
4438
596
2690
618
4636
2915
1145
3598
3422
1594
3853
2232
1612
1181
2010
2876
3714
4157
1755
3139
363
2706
1055
3469
2799
1425
1885
3884
2083
4277
281
2835
3886
241
3387
4411
3674
787
3921
2877
1844
3673
1099
2485
2796
2861
614
3216
2135
4741
78
2411
3593
4379
381
4208
2375
3771
766
1207
3723
4451
309
1731
3665
2767
4559
1389
4239
3100
3428
517
3447
237
2961
3453
153
2199
604
2525
4190
2713
4406
3791
911
1560
269
3725
4183
543
1854
3300
4461
2574
1811
4321
2687
507
2841
1820
2886
2565
2602
1466
2221
4601
1317
1422
1007
658
93
2838
1773
779
2577
1647
651
3789
1450
2003
4105
569
4611
3349
3405
87
177
4482
3634
2467
4466
3766
4159
1601
3396
642
1979
1286
4309
3535
988
4550
2111
3262
430
2359
3903
223
854
2866
1184
593
1264
1318
701
1522
4656
1449
3184
623
1815
2593
2660
4694
2378
2988
2124
3700
1124
2265
844
2235
3061
2705
3579
848
4374
3527
3246
4510
1618
829
1182
3978
114
727
4393
2260
2609
2970
4267
4221
1804
3931
3686
4551
4553
4372
1961
2439
3893
2964
534
1524
4186
2791
439
3475
199
2383
1256
3400
1487
4330
3107
4343
2231
1603
535
3860
3515
1500
3263
2291
1497
3592
2123
4088
1763
1357
2349
1480
3869
2119
2056
1329
4404
4413
4252
4055
893
2917
438
1111
4360
2958
1398
2262
293
4210
4096
3879
2947
3701
867
1008
4557
2324
743
4112
3402
2944
1342
1428
3282
1455
2432
1134
2270
4655
410
861
3575
4082
657
1165
1584
3076
2928
1858
1426
91
4690
1632
384
2973
2106
4118
1989
681
3420
133
231
2415
4425
2313
391
2695
2686
1372
4058
747
1536
4505
2669
1509
539
2682
3266
1409
1816
1511
1940
2797
2493
643
655
2160
1446
3969
4407
3501
4350
4211
2085
4541
3676
2186
154
3064
2476
2372
4732
1427
120
3891
4382
4079
1364
51
2250
2125
3543
598
3737
4090
2522
1493
2302
3727
4376
1914
4660
4091
4410
1023
1828
208
53
136
2308
4302
4724
914
1190
235
147
1795
2505
3961
909
3957
3486
220
1088
4450
1089
2762
479
2528
4107
2639
1855
4044
1116
809
2243
3369
932
2497
295
2506
3172
501
1993
2628
3584
1379
2519
942
2773
1118
297
1343
2353
4043
2658
1707
1053
258
3540
514
3223
3730
1554
3583
4032
2128
4351
4641
213
4389
1002
1964
1006
1285
3023
685
3328
3125
585
3740
272
4187
1824
2477
3552
4533
545
2208
2913
1056
2396
801
670
3559
310
3849
1248
571
1708
3945
1156
1879
1194
1161
1281
4512
2281
1919
2550
2599
3644
1875
4416
1902
4260
4030
88
3036
1250
2568
2879
4193
2482
123
264
492
2692
773
1703
1083
4508
3889
3817
2632
904
1767
1809
3872
2533
2553
4405
4348
261
4352
449
426
11
3754
3239
996
2284
1093
559
397
1205
937
2191
4167
1105
2177
2413
2521
4231
2642
1607
2113
2358
1539
1070
4233
698
300
2825
3277
3822
4045
1014
797
1259
3712
3519
104
4264
4587
2414
3464
4243
4016
1040
850
2967
2448
489
1891
1660
1730
4474
141
2317
2127
3155
3611
1963
2901
3407
1348
4170
2297
386
901
1543
794
3127
2874
4300
3703
4423
2401
2382
1706
1206
3065
2867
4548
3623
1459
4530
4593
2571
2634
3880
1440
2351
1630
2154
409
2103
570
4627
3354
1086
39
3020
481
3554
211
3648
736
3699
3698
3408
35
2953
2233
1097
3806
3445
1659
1424
1906
4391
3813
3459
7
1676
2748
1909
471
480
3406
599
2271
4098
1503
793
2201
1530
3264
443
2570
3834
3393
4573
4481
1065
1335
554
3360
3006
3446
3207
1075
2487
3774
1800
465
946
756
304
522
298
697
3603
2385
906
2151
2793
2206
3274
2906
2039
4366
721
919
992
3742
3599
2272
630
3510
4658
4494
83
1533
1851
894
499
124
1982
3734
2526
288
4293
1637
3201
4060
3070
2060
1952
4172
1344
3781
2166
2755
473
1332
2292
1878
1663
3858
2306
4341
1484
3362
116
3474
782
3281
538
666
2061
2912
3922
1280
2479
879
2802
3827
4638
590
3987
4672
2569
427
3635
2510
1306
1549
9
286
3237
2471
1941
4283
2515
3652
2418
2539
2026
4347
1336
1183
302
454
2693
4227
368
1351
2321
2107
3661
285
2734
980
2842
167
4218
2986
4417
4131
3516
3564
713
2594
1548
2807
2305
2727
447
884
1139
1898
229
1244
2188
1739
4701
4038
1916
2066
4590
4068
2720
2997
740
3612
2293
3293
1216
2280
900
3930
1373
860
3430
908
3704
749
2216
899
1588
4238
1602
349
266
6
1965
2725
1624
2282
3265
3865
2778
2780
4230
3123
3939
1752
1087
20
4203
2557
3655
2200
2878
1861
3343
2852
3784
2683
2984
1021
2567
4495
2264
3163
2437
4691
4534
3087
770
1502
843
2491
1221
588
3582
2549
4236
2185
1039
533
1410
2587
4556
1723
138
1149
4153
2983
675
1575
2960
662
583
3493
1110
226
458
1604
2974
4081
1066
4463
1178
594
1295
14
565
1334
700
3134
4598
3870
1173
4062
252
2962
3361
3442
3577
1353
180
4272
760
2040
2527
3310
1727
4305
4056
3724
2068
1685
3252
4315
2503
1606
708
3138
172
1172
3837
886
3472
4027
3619
2776
24
128
2423
2606
3522
4676
667
1395
3326
1103
207
2254
45
4580
2287
3071
1834
347
3683
4523
1082
2136
1475
77
763
912
2223
3861
2226
1481
2551
3433
4562
3083
4713
3768
4414
4191
3659
1421
3908
1263
144
2157
236
3707
2242
105
2203
2765
1896
4363
3032
826
4050
2504
2078
1238
182
3174
3630
4571
3327
3165
527
567
3109
4246
230
1388
354
179
1529
1645
4560
4649
1862
2819
3352
3398
4175
3029
1225
2711
3055
1267
622
1349
2051
3214
2204
4483
3421
823
1158
4368
4325
1464
4459
401
416
2389
3539
4401
1108
2323
2016
2650
748
4333
4707
775
3308
4365
4478
1266
2038
52
4248
3462
2678
2364
1535
4244
1435
1391
37
2498
718
627
2442
4077
1823
2350
3899
1261
619
633
3124
2431
3873
2948
3089
2681
1443
74
4731
837
2664
1390
3952
2969
339
592
4222
925
3802
3149
4311
4064
178
4134
395
1973
3126
524
3342
1268
859
720
4235
3797
2992
282
2862
233
842
3132
1490
2840
3778
383
350
2702
318
3415
3208
1633
2887
2167
2930
1242
3528
4223
4677
2158
4439
4200
3692
1626
566
496
2924
3320
4501
1462
1377
1478
1790
2611
1555
1907
1666
1146
1059
2673
1407
2179
3975
572
3245
4078
863
2583
1174
3595
1514
3719
1634
3909
2668
3816
2998
1085
2653
4581
3720
2889
3777
3905
3747
3375
2694
1917
1683
4216
1887
362
263
434
4546
769
453
2369
3769
2444
3764
2184
3141
3894
3657
326
4158
3309
4674
4719
1813
4237
1048
3316
4730
1652
1582
1867
1330
13
1980
3585
4608
981
2326
2347
2276
2582
317
1572
4099
2295
188
529
2586
163
1857
222
1038
923
1223
4620
3547
821
2266
1477
3449
1515
2677
3437
2563
673
2459
33
3988
1551
1472
2461
4687
2319
1962
767
3971
2723
2087
1231
3594
4296
2623
735
2666
280
4049
2834
833
2952
3094
2625
2422
1680
277
4220
849
3106
3895
3963
493
3432
954
4650
2460
2410
3025
411
1438
4280
2726
3198
151
4354
3378
1608
3477
251
4228
2059
1897
3044
1958
2999
399
1955
660
1451
2008
1505
4400
4106
1845
1226
3506
1900
156
2661
531
2517
245
3752
1456
2455
2447
2839
2126
1747
3984
2446
3538
924
2772
652
2255
4527
5
3021
671
1186
1411
2584
537
2102
3113
2560
755
4129
4454
3241
2012
2424
115
4378
3412
2559
3404
103
4448
3229
3213
1751
3805
23
621
943
3684
4477
4162
1258
484
3749
382
4716
2005
54
839
1187
2227
3192
4671
3993
2747
3750
402
2899
3633
889
3919
2667
1189
1058
1654
271
1229
3689
637
1613
1863
1665
2220
122
2263
4285
2205
1894
2298
1363
1922
343
1117
4215
1243
881
408
3928
2619
1690
1852
2826
2714
1945
3372
1297
486
553
334
3285
2955
1810
1127
699
509
1874
3183
2108
244
1920
4156
4130
816
3148
1992
219
4652
4547
2860
2034
3425
2540
3859
1032
202
1807
1368
1471
1831
4657
1976
832
4445
2138
1927
328
2425
1913
200
1713
1077
418
4457
4639
135
1437
1978
2149
1728
259
4692
2156
636
387
4515
2067
3130
2334
2644
1856
2782
3641
4067
2596
4046
2362
1561
3054
808
2607
3942
204
4288
4528
3887
1758
1627
3959
3099
1998
2830
1272
1635
1893
653
1209
3441
4313
4013
337
1564
2092
379
3251
1378
2663
788
364
834
4328
1102
677
113
3833
3008
3009
4517
3096
1689
2774
2217
4180
2300
3418
1305
4259
3167
3557
232
3666
423
2760
2180
2908
1901
3892
3563
3195
805
1302
27
1131
3826
4063
2288
186
1106
1079
2258
2837
862
1041
2600
197
3103
30
4035
3292
477
3173
2388
612
3098
2084
4538
4240
2629
3983
1320
3591
672
3359
3380
1155
3001
1621
1724
1201
3521
4728
1387
4003
2856
3852
541
3902
882
294
573
2746
3667
2438
1034
3031
3799
1872
921
432
2371
2631
2545
3518
1929
2454
3505
3467
4225
2147
2164
2848
4537
4549
4120
1833
4324
3121
4644
2398
2523
4524
2605
4426
986
3382
2518
641
4041
3240
508
206
3151
3502
2680
2181
21
2580
664
1247
635
3199
3227
2499
4345
2409
29
4397
238
4642
3152
3762
2163
3024
3056
327
4178
3272
303
1586
322
2654
2881
2836
3829
1228
1412
4441
1516
1013
3980
1662
3509
616
3302
2710
1463
2626
4155
2989
68
162
4357
4089
3994
2037
2146
4201
3419
1864
2890
1605
1488
3669
2641
4029
2238
4429
2430
824
3005
2704
2730
4146
840
3069
578
1095
3456
3104
2591
1994
3444
2273
2870
2219
320
4242
3997
4504
2764
1293
1692
2670
2197
3721
2464
359
3531
1664
2099
3913
549
2076
17
2615
582
2742
2657
2357
4625
962
4540
62
4616
4196
1950
2098
714
4434
66
4519
4268
3786
611
2895
372
3783
852
1033
3606
3625
1453
2310
2688
157
2100
4292
3315
4192
1696
1076
1667
2309
2006
1304
4232
2088
3675
3366
2386
1465
4370
2564
547
2192
607
4174
2709
4308
2548
4727
950
4349
1311
1150
4353
1299
1542
1068
3916
2268
4199
1681
4526
1988
1725
2031
2652
2736
2766
3691
1848
4011
1260
2443
4518
4154
4619
1719
1270
4723
1581
56
1326
1552
831
4383
634
3934
615
1211
1101
2845
2029
2486
32
4054
2717
3279
944
3220
1307
1521
1067
2248
961
2573
3679
3438
1836
851
4430
3753
3179
3118
3142
3080
3569
3484
2813
506
1968
2665
1233
500
1924
513
1865
738
3095
2902
3143
853
3205
3586
1200
312
3589
4198
3439
2794
3924
3520
2490
4396
1249
1972
3751
4532
3376
1423
421
2267
4010
482
814
3525
3466
4149
617
3775
2112
3067
365
3503
3918
8
4498
4123
467
69
12
3597
2307
1036
2304
3043
1483
4569
2492
475
4127
4473
1012
2689
1939
1277
2815
2071
4189
1283
1292
4493
1375
3090
4173
983
1442
3953
3973
3066
1806
1825
4327
1061
3602
902
3276
1333
373
3943
2377
4555
711
1580
2301
2110
2733
2172
3962
3639
752
880
1527
648
3261
2072
550
462
1629
1119
626
857
4116
253
1931
2975
3517
723
1276
4184
451
4552
4612
2779
624
3268
3741
1729
455
1786
1657
448
3672
1643
2412
3688
2936
1761
3497
388
2739
1710
872
874
3690
1641
3739
846
3960
203
3830
3451
4664
3253
3290
2229
2114
2338
1073
228
4270
3576
4289
161
1668
3571
3010
3392
990
3524
1125
1415
1853
1661
1346
2115
2828
3463
518
783
2833
702
1591
4176
3757
1296
319
1623
1817
4381
3780
110
2171
4329
2741
1821
2373
3468
3558
428
1655
2919
997
4320
645
3322
984
4635
3526
3649
1430
2846
3318
1448
2601
1196
2712
4500
519
1749
940
2814
1432
1175
3647
4647
3663
1491
820
858
2134
1775
781
4602
2795
3337
2929
4447
1884
3017
4014
2655
214
705
257
4536
2332
4139
3795
2871
170
4256
2543
2140
897
476
2452
1517
3572
4269
3900
3187
4177
3537
3296
4104
3306
3413
2957
2579
3033
2621
196
4042
3929
1092
3746
1215
389
1866
4319
4338
762
2816
663
2715
2052
3247
2400
2207
4399
3436
79
1877
3917
2823
4385
1239
1925
4213
3035
732
1468
1037
2896
2905
273
2993
3954
3811
2212
321
3325
3562
2761
3758
405
3732
3836
3287
4342
2279
2633
4468
2433
4679
3941
1096
1195
1359
346
1042
688
2589
2247
3866
2145
3844
682
2508
4097
719
1883
2042
3831
625
1595
885
3215
433
1895
2676
3394
1553
2927
3605
3845
2278
1051
1030
715
1367
1888
18
803
864
3936
3718
933
2597
4496
1540
3312
1382
2202
2141
2058
4138
3901
3968
3804
3158
765
50
777
2541
3513
4485
3956
2420
4217
4362
3770
142
3985
3618
4458
2257
649
707
3636
95
3348
315
2873
3086
2162
1262
597
1699
385
2671
4718
3910
4102
815
4249
2511
3458
2478
891
4
3074
3933
949
3323
1744
374
3288
1167
1616
1113
2457
2018
3488
1869
3200
4377
3590
2261
3846
2036
1254
3615
2296
1709
4018
2064
2456
3883
2789
939
1025
1434
106
887
1191
2090
733
225
58
2888
4409
1504
3338
1609
1461
1081
1759
3410
993
464
3624
4375
57
3807
3060
2275
2165
3820
1199
3651
2315
4109
1414
4004
1948
2355
2935
1255
3755
1722
1402
415
4070
3190
3026
4298
3390
4424
3989
4048
2395
1469
3111
2032
3949
1029
3051
2234
1687
3568
3874
2246
4645
4415
3117
1444
1579
3013
4323
574
804
2000
1559
1622
3935
1547
1160
3650
2394
393
3798
4163
3693
3796
2159
3058
4241
2045
3570
3217
42
4545
3841
1050
4663
696
3194
1780
4195
158
260
3972
695
1686
3303
1648
3196
2429
469
1525
442
2675
4316
2370
1797
2509
2708
1983
4306
1889
1871
955
1080
2982
1682
3101
4626
4336
958
1275
3645
2144
495
1736
2428
2011
4629
2117
159
2365
562
4606
2751
974
941
3907
2023
845
1132
722
2463
4721
2360
1084
3379
3810
1381
2977
1142
466
1935
4124
1153
1431
3443
3507
4686
4322
2554
1392
3426
2380
918
1109
2753
4558
2806
1562
2419
3004
1123
2337
4673
4490
1892
2366
3868
2940
2118
3399
4408
2883
4005
3788
340
3876
3851
3890
1352
586
1829
1098
3386
3912
2002
1768
3536
90
4266
3976
1840
2028
4136
1803
1385
4578
4247
4151
254
551
1506
948
3154
1090
3631
4412
2674
4607
3046
2790
1279
80
2529
2501
2194
55
4125
341
2740
73
2109
2829
112
1943
1405
4229
1537
1574
1750
1746
1383
4394
1324
2399
690
3864
1338
2914
3063
1966
2854
2685
3053
3339
1995
446
2330
1323
540
1814
3224
4369
2827
1054
3940
1340
591
378
716
3041
1835
3072
1218
1638
1000
2335
3567
3565
1257
3604
2656
3007
1197
729
2363
4072
3793
3878
1049
1019
2427
1702
4015
1571
4219
4245
4037
807
4564
4008
3687
4002
422
4101
2074
2868
4197
975
1151
1327
4460
4670
976
3856
2894
2946
3927
171
127
3373
3254
3377
4145
1177
3168
620
1846
1499
3211
2354
3512
3587
3039
608
4697
2345
1303
2484
3616
3334
2818
2534
1413
360
396
800
2339
525
1576
2904
3381
3863
3457
3951
4462
1650
4271
4567
1417
4258
4421
1563
3481
366
1047
2316
1957
2009
276
613
1376
750
210
969
4470
1210
4371
2397
3992
2225
3140
4152
780
4568
478
2502
2937
3370
2750
1091
2070
2640
2646
751
4572
1501
96
392
3235
3397
3738
2699
2368
3351
956
348
307
1365
1115
2865
299
1137
1904
1009
2211
3814
2080
2546
2494
4666
1485
2820
335
2178
140
94
2770
357
998
3082
2041
1599
3958
111
3350
3970
2920
687
1956
3015
3250
1760
2538
46
4073
2595
4166
2252
2809
4047
2441
4085
3471
3682
3705
761
2916
4147
1361
4314
1597
2620
3048
4582
3642
2129
4066
2968
3566
758
2453
2965
991
2696
1640
3772
3574
2556
759
2091
1380
2130
3038
523
928
201
835
1154
930
745
2617
3911
2025
3119
811
3068
2436
10
4390
3671
3304
3776
3191
1523
3346
1429
4000
4484
4472
4282
1144
2054
3610
2314
3385
3034
1792
4521
4464
1035
3144
1718
1236
1192
4052
3763
2376
3429
4113
1406
98
709
1170
2777
3946
2474
2195
2122
130
3153
4695
137
1133
2875
1528
4164
3840
4074
1240
1447
684
802
868
3581
1693
2101
1684
3716
2514
2451
2021
4334
3120
2218
1691
344
367
3729
1876
2585
437
1020
2950
3944
4126
1454
47
131
4514
1839
1341
717
2716
1253
3632
1494
4141
119
470
757
680
4646
926
3839
1347
656
516
1107
3709
2259
1180
888
1486
325
2132
631
2173
1628
1734
1996
2592
1799
25
1947
1541
3210
532
3600
3353
703
4255
3311
487
3529
4507
3256
1742
2024
1212
494
4040
4455
3012
929
1873
2105
1984
2236
2081
4103
2513
1185
2892
4688
1748
785
2616
2542
1970
2175
905
4705
1474
1908
2811
2014
2169
784
2445
3779
2468
100
3242
1136
3233
155
968
2434
1222
278
4356
2980
4653
1278
587
3232
744
3091
3249
3105
4036
497
2909
1880
2189
3843
796
1733
3164
1596
892
2320
4094
3181
1720
2659
1981
4621
283
3541
2289
2800
2390
2152
1985
1301
798
435
398
41
164
1470
2341
2801
3722
2062
931
2610
2558
3000
3002
1114
3345
1017
505
3664
3825
2531
2858
1319
3222
3206
3243
4570
1273
2812
1694
3998
2512
2581
1721
2069
2161
2756
2356
143
3136
323
3926
3643
3480
1778
2240
528
3182
2624
2749
145
2679
70
726
3336
1287
4121
2843
2729
4576
3424
3499
3330
4525
498
2139
3832
3495
3037
1953
2393
4051
452
1583
3731
3504
659
945
2516
3454
3677
2636
2328
2985
3147
2495
2331
2077
3171
336
1237
1458
3514
913
2648
1045
3455
4250
1213
1010
3847
2015
2933
371
3646
1060
669
4273
3545
2329
4033
490
3838
296
3423
3169
1967
4100
689
4591
1162
2426
1294
3708
209
4257
1460
4364
3180
3363
2943
1653
4337
160
1130
1393
1802
4346
3079
2990
789
3932
1420
644
2374
4420
1498
1271
3713
1015
215
1168
2743
2831
3364
3248
1220
2093
1252
407
2781
3305
329
3938
2325
2926
985
3955
1355
2075
4456
609
1977
3696
3081
1404
4317
4086
3550
526
2403
2900
3461
3896
987
3238
994
1027
865
1001
1245
3137
3110
4299
632
2963
1282
3269
2001
3234
255
4331
4065
3855
1754
4613
3448
692
1770
2137
1881
2627
3759
234
3809
3367
1796
1899
4083
1148
4579
4618
1476
3790
1004
3460
1990
2182
2884
3384
2903
4307
4119
4419
3556
193
938
903
556
2153
3964
3049
2244
4265
1315
4007
3733
4529
4132
1416
2361
63
1592
4622
3203
2786
242
2530
2885
3881
3259
1923
1052
3794
4332
3787
2215
2174
1936
1886
1005
739
2754
1934
2150
4009
1284
4480
1408
2603
4224
2921
2978
3307
2724
4188
3299
3289
2440
4301
1745
1457
3391
4384
2224
3995
4440
1369
2588
1969
1788
4667
125
568
4561
2120
4144
1126
1954
2544
2547
2991
3782
2775
3093
3609
502
3112
3295
2638
314
3627
2824
1321
2416
306
1193
1712
3897
1577
3040
557
1339
972
4386
2918
3260
4492
2249
4398
979
1482
3654
4449
1860
4499
1300
1798
2286
2864
1639
3626
3368
2311
1697
2972
1441
2956
1397
2524
2911
4168
4006
4387
184
3760
1331
1646
4427
2769
4150
3075
3162
1743
2925
4206
463
3823
3188
1495
1735
3011
152
2450
817
3347
694
2387
1997
4614
4071
3218
964
3622
3176
2017
3489
3016
778
3906
3695
2630
2847
822
2857
3340
485
3685
3059
3773
2481
3815
1445
1960
3244
3885
3175
4615
2210
291
456
4169
2882
3500
1403
3681
1230
3108
3298
2253
1695
3660
4640
1531
3135
1649
2942
2470
3128
483
338
2170
2798
3329
351
3085
3150
1762
871
3178
1386
1698
2086
896
4128
3228
3842
1704
1508
3219
4226
2344
2290
847
2954
4436
2050
4021
3018
515
2561
1716
2996
4543
2941
665
3050
960
3888
917
1830
3620
1812
3711
1545
661
2237
1631
3170
31
1232
2752
1614
3697
2228
734
3546
3160
4565
1312
774
420
1314
1974
3702
3286
3115
2469
1374
81
2094
3882
4597
4209
3717
1328
3022
2473
1679
3073
2142
1620
1309
4122
4563
970
3629
2097
978
792
457
3967
552
1737
2698
3479
4575
121
812
2022
855
431
1670
4061
440
4453
3991
3523
4539
4275
4609
536
1204
2614
4205
2404
4171
3608
1912
4592
4274
3019
2327
2598
4443
4631
2987
828
4634
2578
1003
1991
3744
3077
1507
1152
4577
629
2465
3898
216
345
4297
1787
2981
3197
1766
3226
425
3617
4142
1771
2618
4513
194
4380
1122
4024
3544
4115
3808
4304
129
510
3621
4392
239
4637
2318
4133
963
638
1741
1135
4287
1291
1738
2803
2520
4034
1550
2651
4303
3084
436
84
2251
1849
3560
2391
647
600
3573
654
3680
2932
1241
2758
4432
4028
412
1513
342
355
1064
2931
2721
3365
512
4535
2576
1726
999
3435
356
1578
646
3313
4585
3828
491
132
650
3212
1044
4737
2245
922
4165
1671
4181
2294
3431
1827
4437
313
1910
2572
26
2537
488
2735
2462
390
4596
3862
3225
3785
4335
1669
1138
957
1678
741
1843
4574
2299
2771
589
4291
754
3748
959
1593
1031
4444
4689
1847
2808
2352
1360
4111
530
3097
504
3534
1826
520
4234
3057
2480
1265
4358
795
4020
1046
4544
1619
1784
3818
4161
1558
1610
459
856
1370
262
1140
1188
704
2851
730
2939
1121
1214
548
3637
3355
2214
429
2116
2312
1672
3915
212
3658
176
34
305
2340
953
1765
3301
825
3801
4446
3257
2472
1769
2649
1785
4031
2722
1308
4675
1782
1842
3185
3204
3344
369
4092
2805
1740
2198
86
4087
977
4340
3357
3202
1120
2966
3549
4069
249
4471
19
3156
139
3395
1288
561
1208
1043
2672
2449
1700
1717
2053
3508
1159
192
4712
2063
2872
4262
4599
3532
4595
813
3996
2274
3333
1202
1519
1217
2435
3800
4628
1356
1772
581
2863
1026
4603
3294
3743
4359
3728
4703
2346
511
146
324
668
2035
4084
3974
3821
2277
3273
468
1022
1171
555
2784
3271
4487
2995
595
1971
1915
3389
4435
2891
352
1930
1290
3494
1141
1534
3166
221
920
1274
4108
3473
4261
3088
2763
610
576
4476
2822
4465
4284
1219
3476
2684
4388
117
4475
4678
2893
1705
2898
4254
1570
4137
3498
1112
102
1928
558
101
3231
2336
376
1701
2033
2239
2783
44
3374
628
3297
4735
2934
2853
2897
227
3280
4428
3551
603
890
4633
1224
3427
1128
1467
4143
4566
827
818
217
1949
4431
4604
910
3291
1532
1350
674
710
2703
2406
107
877
445
3580
3062
3102
190
1757
1870
2417
4594
3656
4281
4059
1946
1179
61
4467
2256
1587
3284
3670
424
2048
3275
3756
1753
1585
4531
883
2562
4076
444
3003
4502
1401
873
2079
1673
4698
1589
3548
1868
1942
870
3914
3986
4019
250
3530
967
4286
43
2637
1674
1400
4422
1072
3803
67
148
841
3857
768
1436
4497
2148
1094
246
602
1399
916
1933
712
1987
1074
1313
830
1937
3485
2007
460
952
3341
706
4212
3403
3553
3157
2788
4310
3979
776
3030
2691
4506
4522
1384
4680
64
4617
4026
3145
4648
1419
1819
1938
4339
3511
330
2367
3601
2728
2407
3267
1227
1656
3383
560
2613
2804
1556
4355
1169
2333
4583
38
1598
4263
3317
2701
2821
4053
1951
2004
2496
1069
3014
935
358
3736
4542
1715
1310
4516
1903
746
3678
2057
3640
3417
1544
2030
973
2635
2731
400
4279
4295
4214
248
377
1489
4095
1289
4605
772
185
3982
198
2155
370
4702
4057
1774
1805
92
1837
1644
1944
584
683
2489
4520
28
2959
3947
4080
3854
461
4110
4554
4489
2810
1157
4403
3706
580
1617
771
2951
4654
3950
150
3177
799
2488
2707
4651
1832
678
4669
3161
4326
1354
1600
1235
2209
4511
4586
3146
1203
2849
1986
1362
4182
65
971
542
361
3614
49
1568
1176
4685
4479
3533
819
3578
1918
4373
3555
503
1776
790
1518
1269
3496
1818
1234
4700
247
2552
2196
2082
2475
2187
1512
4276
686
4632
1100
4017
3078
3653
3401
417
676
2535
2945
1439
3258
404
3478
353
1999
4117
731
2850
4682
1345
1615
2121
3335
3356
2844
75
3283
606
2662
71
4469
2381
3028
1433
2131
3482
875
693
2869
1801
1198
2213
89
3047
1078
1567
1611
4623
3761
3490
3792
737
1016
3999
4185
3726
4075
1452
2183
3613
4278
59
1366
332
3189
728
3835
764
3824
2732
2923
181
1063
806
4135
1129
2532
4001
2104
1890
915
691
1557
2458
333
316
3981
1322
1057
1714
951
3409
639
3414
4367
1325
1018
1492
450
4039
995
898
1526
72
869
1246
1104
3452
1396
3812
165
4395
575
679
2880
1371
275
1764
878
3483
2590
3596
2483
3450
1905
2500
3411
1822
1781
3129
753
3230
3434
2405
3332
4452
1251
4160
2285
2013
521
563
1358
3765
3331
3270
2073
3092
1911
2555
3937
791
3607
2342
2855
2507
3440
2089
2096
1850
3027
1394
474
380
2168
1011
2043
2971
2269
982
2608
2922
1711
3186
1546
267
413
3278
3314
2976
1473
3193
4290
22
3116
2719
1479
175
640
99
927
1791
394
2046
725
2421
2322
577
4344
3416
3715
4294
4361
