0 0 5
1 0 -1
8 0 -1
56 0 -1
0 1 -1
1 1 6
2 1 -1
9 1 -1
57 1 -1
1 2 -1
2 2 6
3 2 -1
10 2 -1
58 2 -1
2 3 -1
3 3 6
4 3 -1
11 3 -1
59 3 -1
3 4 -1
4 4 6
5 4 -1
12 4 -1
60 4 -1
4 5 -1
5 5 6
6 5 -1
13 5 -1
61 5 -1
5 6 -1
6 6 6
7 6 -1
14 6 -1
62 6 -1
6 7 -1
7 7 5
15 7 -1
63 7 -1
0 8 -1
8 8 5
9 8 -1
16 8 -1
64 8 -1
1 9 -1
8 9 -1
9 9 6
10 9 -1
17 9 -1
65 9 -1
2 10 -1
9 10 -1
10 10 6
11 10 -1
18 10 -1
66 10 -1
3 11 -1
10 11 -1
11 11 6
12 11 -1
19 11 -1
67 11 -1
4 12 -1
11 12 -1
12 12 6
13 12 -1
20 12 -1
68 12 -1
5 13 -1
12 13 -1
13 13 6
14 13 -1
21 13 -1
69 13 -1
6 14 -1
13 14 -1
14 14 6
15 14 -1
22 14 -1
70 14 -1
7 15 -1
14 15 -1
15 15 5
23 15 -1
71 15 -1
8 16 -1
16 16 5
17 16 -1
24 16 -1
72 16 -1
9 17 -1
16 17 -1
17 17 6
18 17 -1
25 17 -1
73 17 -1
10 18 -1
17 18 -1
18 18 6
19 18 -1
26 18 -1
74 18 -1
11 19 -1
18 19 -1
19 19 6
20 19 -1
27 19 -1
75 19 -1
12 20 -1
19 20 -1
20 20 6
21 20 -1
28 20 -1
76 20 -1
13 21 -1
20 21 -1
21 21 6
22 21 -1
29 21 -1
77 21 -1
14 22 -1
21 22 -1
22 22 6
23 22 -1
30 22 -1
78 22 -1
15 23 -1
22 23 -1
23 23 5
31 23 -1
79 23 -1
16 24 -1
24 24 5
25 24 -1
32 24 -1
80 24 -1
17 25 -1
24 25 -1
25 25 6
26 25 -1
33 25 -1
81 25 -1
18 26 -1
25 26 -1
26 26 6
27 26 -1
34 26 -1
82 26 -1
19 27 -1
26 27 -1
27 27 6
28 27 -1
35 27 -1
83 27 -1
20 28 -1
27 28 -1
28 28 6
29 28 -1
36 28 -1
84 28 -1
21 29 -1
28 29 -1
29 29 6
30 29 -1
37 29 -1
85 29 -1
22 30 -1
29 30 -1
30 30 6
31 30 -1
38 30 -1
86 30 -1
23 31 -1
30 31 -1
31 31 5
39 31 -1
87 31 -1
24 32 -1
32 32 5
33 32 -1
40 32 -1
88 32 -1
25 33 -1
32 33 -1
33 33 6
34 33 -1
41 33 -1
89 33 -1
26 34 -1
33 34 -1
34 34 6
35 34 -1
42 34 -1
90 34 -1
27 35 -1
34 35 -1
35 35 6
36 35 -1
43 35 -1
91 35 -1
28 36 -1
35 36 -1
36 36 6
37 36 -1
44 36 -1
92 36 -1
29 37 -1
36 37 -1
37 37 6
38 37 -1
45 37 -1
93 37 -1
30 38 -1
37 38 -1
38 38 6
39 38 -1
46 38 -1
94 38 -1
31 39 -1
38 39 -1
39 39 5
47 39 -1
95 39 -1
32 40 -1
40 40 5
41 40 -1
48 40 -1
96 40 -1
33 41 -1
40 41 -1
41 41 6
42 41 -1
49 41 -1
97 41 -1
34 42 -1
41 42 -1
42 42 6
43 42 -1
50 42 -1
98 42 -1
35 43 -1
42 43 -1
43 43 6
44 43 -1
51 43 -1
99 43 -1
36 44 -1
43 44 -1
44 44 6
45 44 -1
52 44 -1
100 44 -1
37 45 -1
44 45 -1
45 45 6
46 45 -1
53 45 -1
101 45 -1
38 46 -1
45 46 -1
46 46 6
47 46 -1
54 46 -1
102 46 -1
39 47 -1
46 47 -1
47 47 5
55 47 -1
103 47 -1
40 48 -1
48 48 5
49 48 -1
104 48 -1
41 49 -1
48 49 -1
49 49 6
50 49 -1
105 49 -1
42 50 -1
49 50 -1
50 50 6
51 50 -1
106 50 -1
43 51 -1
50 51 -1
51 51 6
52 51 -1
107 51 -1
44 52 -1
51 52 -1
52 52 6
53 52 -1
108 52 -1
45 53 -1
52 53 -1
53 53 6
54 53 -1
109 53 -1
46 54 -1
53 54 -1
54 54 6
55 54 -1
110 54 -1
47 55 -1
54 55 -1
55 55 5
111 55 -1
0 56 -1
56 56 5
57 56 -1
64 56 -1
112 56 -1
1 57 -1
56 57 -1
57 57 6
58 57 -1
65 57 -1
113 57 -1
2 58 -1
57 58 -1
58 58 6
59 58 -1
66 58 -1
114 58 -1
3 59 -1
58 59 -1
59 59 6
60 59 -1
67 59 -1
115 59 -1
4 60 -1
59 60 -1
60 60 6
61 60 -1
68 60 -1
116 60 -1
5 61 -1
60 61 -1
61 61 6
62 61 -1
69 61 -1
117 61 -1
6 62 -1
61 62 -1
62 62 6
63 62 -1
70 62 -1
118 62 -1
7 63 -1
62 63 -1
63 63 5
71 63 -1
119 63 -1
8 64 -1
56 64 -1
64 64 5
65 64 -1
72 64 -1
120 64 -1
9 65 -1
57 65 -1
64 65 -1
65 65 6
66 65 -1
73 65 -1
121 65 -1
10 66 -1
58 66 -1
65 66 -1
66 66 6
67 66 -1
74 66 -1
122 66 -1
11 67 -1
59 67 -1
66 67 -1
67 67 6
68 67 -1
75 67 -1
123 67 -1
12 68 -1
60 68 -1
67 68 -1
68 68 6
69 68 -1
76 68 -1
124 68 -1
13 69 -1
61 69 -1
68 69 -1
69 69 6
70 69 -1
77 69 -1
125 69 -1
14 70 -1
62 70 -1
69 70 -1
70 70 6
71 70 -1
78 70 -1
126 70 -1
15 71 -1
63 71 -1
70 71 -1
71 71 5
79 71 -1
127 71 -1
16 72 -1
64 72 -1
72 72 5
73 72 -1
80 72 -1
128 72 -1
17 73 -1
65 73 -1
72 73 -1
73 73 6
74 73 -1
81 73 -1
129 73 -1
18 74 -1
66 74 -1
73 74 -1
74 74 6
75 74 -1
82 74 -1
130 74 -1
19 75 -1
67 75 -1
74 75 -1
75 75 6
76 75 -1
83 75 -1
131 75 -1
20 76 -1
68 76 -1
75 76 -1
76 76 6
77 76 -1
84 76 -1
132 76 -1
21 77 -1
69 77 -1
76 77 -1
77 77 6
78 77 -1
85 77 -1
133 77 -1
22 78 -1
70 78 -1
77 78 -1
78 78 6
79 78 -1
86 78 -1
134 78 -1
23 79 -1
71 79 -1
78 79 -1
79 79 5
87 79 -1
135 79 -1
24 80 -1
72 80 -1
80 80 5
81 80 -1
88 80 -1
136 80 -1
25 81 -1
73 81 -1
80 81 -1
81 81 6
82 81 -1
89 81 -1
137 81 -1
26 82 -1
74 82 -1
81 82 -1
82 82 6
83 82 -1
90 82 -1
138 82 -1
27 83 -1
75 83 -1
82 83 -1
83 83 6
84 83 -1
91 83 -1
139 83 -1
28 84 -1
76 84 -1
83 84 -1
84 84 6
85 84 -1
92 84 -1
140 84 -1
29 85 -1
77 85 -1
84 85 -1
85 85 6
86 85 -1
93 85 -1
141 85 -1
30 86 -1
78 86 -1
85 86 -1
86 86 6
87 86 -1
94 86 -1
142 86 -1
31 87 -1
79 87 -1
86 87 -1
87 87 5
95 87 -1
143 87 -1
32 88 -1
80 88 -1
88 88 5
89 88 -1
96 88 -1
144 88 -1
33 89 -1
81 89 -1
88 89 -1
89 89 6
90 89 -1
97 89 -1
145 89 -1
34 90 -1
82 90 -1
89 90 -1
90 90 6
91 90 -1
98 90 -1
146 90 -1
35 91 -1
83 91 -1
90 91 -1
91 91 6
92 91 -1
99 91 -1
147 91 -1
36 92 -1
84 92 -1
91 92 -1
92 92 6
93 92 -1
100 92 -1
148 92 -1
37 93 -1
85 93 -1
92 93 -1
93 93 6
94 93 -1
101 93 -1
149 93 -1
38 94 -1
86 94 -1
93 94 -1
94 94 6
95 94 -1
102 94 -1
150 94 -1
39 95 -1
87 95 -1
94 95 -1
95 95 5
103 95 -1
151 95 -1
40 96 -1
88 96 -1
96 96 5
97 96 -1
104 96 -1
152 96 -1
41 97 -1
89 97 -1
96 97 -1
97 97 6
98 97 -1
105 97 -1
153 97 -1
42 98 -1
90 98 -1
97 98 -1
98 98 6
99 98 -1
106 98 -1
154 98 -1
43 99 -1
91 99 -1
98 99 -1
99 99 6
100 99 -1
107 99 -1
155 99 -1
44 100 -1
92 100 -1
99 100 -1
100 100 6
101 100 -1
108 100 -1
156 100 -1
45 101 -1
93 101 -1
100 101 -1
101 101 6
102 101 -1
109 101 -1
157 101 -1
46 102 -1
94 102 -1
101 102 -1
102 102 6
103 102 -1
110 102 -1
158 102 -1
47 103 -1
95 103 -1
102 103 -1
103 103 5
111 103 -1
159 103 -1
48 104 -1
96 104 -1
104 104 5
105 104 -1
160 104 -1
49 105 -1
97 105 -1
104 105 -1
105 105 6
106 105 -1
161 105 -1
50 106 -1
98 106 -1
105 106 -1
106 106 6
107 106 -1
162 106 -1
51 107 -1
99 107 -1
106 107 -1
107 107 6
108 107 -1
163 107 -1
52 108 -1
100 108 -1
107 108 -1
108 108 6
109 108 -1
164 108 -1
53 109 -1
101 109 -1
108 109 -1
109 109 6
110 109 -1
165 109 -1
54 110 -1
102 110 -1
109 110 -1
110 110 6
111 110 -1
166 110 -1
55 111 -1
103 111 -1
110 111 -1
111 111 5
167 111 -1
56 112 -1
112 112 5
113 112 -1
120 112 -1
168 112 -1
57 113 -1
112 113 -1
113 113 6
114 113 -1
121 113 -1
169 113 -1
58 114 -1
113 114 -1
114 114 6
115 114 -1
122 114 -1
170 114 -1
59 115 -1
114 115 -1
115 115 6
116 115 -1
123 115 -1
171 115 -1
60 116 -1
115 116 -1
116 116 6
117 116 -1
124 116 -1
172 116 -1
61 117 -1
116 117 -1
117 117 6
118 117 -1
125 117 -1
173 117 -1
62 118 -1
117 118 -1
118 118 6
119 118 -1
126 118 -1
174 118 -1
63 119 -1
118 119 -1
119 119 5
127 119 -1
175 119 -1
64 120 -1
112 120 -1
120 120 5
121 120 -1
128 120 -1
176 120 -1
65 121 -1
113 121 -1
120 121 -1
121 121 6
122 121 -1
129 121 -1
177 121 -1
66 122 -1
114 122 -1
121 122 -1
122 122 6
123 122 -1
130 122 -1
178 122 -1
67 123 -1
115 123 -1
122 123 -1
123 123 6
124 123 -1
131 123 -1
179 123 -1
68 124 -1
116 124 -1
123 124 -1
124 124 6
125 124 -1
132 124 -1
180 124 -1
69 125 -1
117 125 -1
124 125 -1
125 125 6
126 125 -1
133 125 -1
181 125 -1
70 126 -1
118 126 -1
125 126 -1
126 126 6
127 126 -1
134 126 -1
182 126 -1
71 127 -1
119 127 -1
126 127 -1
127 127 5
135 127 -1
183 127 -1
72 128 -1
120 128 -1
128 128 5
129 128 -1
136 128 -1
184 128 -1
73 129 -1
121 129 -1
128 129 -1
129 129 6
130 129 -1
137 129 -1
185 129 -1
74 130 -1
122 130 -1
129 130 -1
130 130 6
131 130 -1
138 130 -1
186 130 -1
75 131 -1
123 131 -1
130 131 -1
131 131 6
132 131 -1
139 131 -1
187 131 -1
76 132 -1
124 132 -1
131 132 -1
132 132 6
133 132 -1
140 132 -1
188 132 -1
77 133 -1
125 133 -1
132 133 -1
133 133 6
134 133 -1
141 133 -1
189 133 -1
78 134 -1
126 134 -1
133 134 -1
134 134 6
135 134 -1
142 134 -1
190 134 -1
79 135 -1
127 135 -1
134 135 -1
135 135 5
143 135 -1
191 135 -1
80 136 -1
128 136 -1
136 136 5
137 136 -1
144 136 -1
192 136 -1
81 137 -1
129 137 -1
136 137 -1
137 137 6
138 137 -1
145 137 -1
193 137 -1
82 138 -1
130 138 -1
137 138 -1
138 138 6
139 138 -1
146 138 -1
194 138 -1
83 139 -1
131 139 -1
138 139 -1
139 139 6
140 139 -1
147 139 -1
195 139 -1
84 140 -1
132 140 -1
139 140 -1
140 140 6
141 140 -1
148 140 -1
196 140 -1
85 141 -1
133 141 -1
140 141 -1
141 141 6
142 141 -1
149 141 -1
197 141 -1
86 142 -1
134 142 -1
141 142 -1
142 142 6
143 142 -1
150 142 -1
198 142 -1
87 143 -1
135 143 -1
142 143 -1
143 143 5
151 143 -1
199 143 -1
88 144 -1
136 144 -1
144 144 5
145 144 -1
152 144 -1
200 144 -1
89 145 -1
137 145 -1
144 145 -1
145 145 6
146 145 -1
153 145 -1
201 145 -1
90 146 -1
138 146 -1
145 146 -1
146 146 6
147 146 -1
154 146 -1
202 146 -1
91 147 -1
139 147 -1
146 147 -1
147 147 6
148 147 -1
155 147 -1
203 147 -1
92 148 -1
140 148 -1
147 148 -1
148 148 6
149 148 -1
156 148 -1
204 148 -1
93 149 -1
141 149 -1
148 149 -1
149 149 6
150 149 -1
157 149 -1
205 149 -1
94 150 -1
142 150 -1
149 150 -1
150 150 6
151 150 -1
158 150 -1
206 150 -1
95 151 -1
143 151 -1
150 151 -1
151 151 5
159 151 -1
207 151 -1
96 152 -1
144 152 -1
152 152 5
153 152 -1
160 152 -1
208 152 -1
97 153 -1
145 153 -1
152 153 -1
153 153 6
154 153 -1
161 153 -1
209 153 -1
98 154 -1
146 154 -1
153 154 -1
154 154 6
155 154 -1
162 154 -1
210 154 -1
99 155 -1
147 155 -1
154 155 -1
155 155 6
156 155 -1
163 155 -1
211 155 -1
100 156 -1
148 156 -1
155 156 -1
156 156 6
157 156 -1
164 156 -1
212 156 -1
101 157 -1
149 157 -1
156 157 -1
157 157 6
158 157 -1
165 157 -1
213 157 -1
102 158 -1
150 158 -1
157 158 -1
158 158 6
159 158 -1
166 158 -1
214 158 -1
103 159 -1
151 159 -1
158 159 -1
159 159 5
167 159 -1
215 159 -1
104 160 -1
152 160 -1
160 160 5
161 160 -1
216 160 -1
105 161 -1
153 161 -1
160 161 -1
161 161 6
162 161 -1
217 161 -1
106 162 -1
154 162 -1
161 162 -1
162 162 6
163 162 -1
218 162 -1
107 163 -1
155 163 -1
162 163 -1
163 163 6
164 163 -1
219 163 -1
108 164 -1
156 164 -1
163 164 -1
164 164 6
165 164 -1
220 164 -1
109 165 -1
157 165 -1
164 165 -1
165 165 6
166 165 -1
221 165 -1
110 166 -1
158 166 -1
165 166 -1
166 166 6
167 166 -1
222 166 -1
111 167 -1
159 167 -1
166 167 -1
167 167 5
223 167 -1
112 168 -1
168 168 5
169 168 -1
176 168 -1
224 168 -1
113 169 -1
168 169 -1
169 169 6
170 169 -1
177 169 -1
225 169 -1
114 170 -1
169 170 -1
170 170 6
171 170 -1
178 170 -1
226 170 -1
115 171 -1
170 171 -1
171 171 6
172 171 -1
179 171 -1
227 171 -1
116 172 -1
171 172 -1
172 172 6
173 172 -1
180 172 -1
228 172 -1
117 173 -1
172 173 -1
173 173 6
174 173 -1
181 173 -1
229 173 -1
118 174 -1
173 174 -1
174 174 6
175 174 -1
182 174 -1
230 174 -1
119 175 -1
174 175 -1
175 175 5
183 175 -1
231 175 -1
120 176 -1
168 176 -1
176 176 5
177 176 -1
184 176 -1
232 176 -1
121 177 -1
169 177 -1
176 177 -1
177 177 6
178 177 -1
185 177 -1
233 177 -1
122 178 -1
170 178 -1
177 178 -1
178 178 6
179 178 -1
186 178 -1
234 178 -1
123 179 -1
171 179 -1
178 179 -1
179 179 6
180 179 -1
187 179 -1
235 179 -1
124 180 -1
172 180 -1
179 180 -1
180 180 6
181 180 -1
188 180 -1
236 180 -1
125 181 -1
173 181 -1
180 181 -1
181 181 6
182 181 -1
189 181 -1
237 181 -1
126 182 -1
174 182 -1
181 182 -1
182 182 6
183 182 -1
190 182 -1
238 182 -1
127 183 -1
175 183 -1
182 183 -1
183 183 5
191 183 -1
239 183 -1
128 184 -1
176 184 -1
184 184 5
185 184 -1
192 184 -1
240 184 -1
129 185 -1
177 185 -1
184 185 -1
185 185 6
186 185 -1
193 185 -1
241 185 -1
130 186 -1
178 186 -1
185 186 -1
186 186 6
187 186 -1
194 186 -1
242 186 -1
131 187 -1
179 187 -1
186 187 -1
187 187 6
188 187 -1
195 187 -1
243 187 -1
132 188 -1
180 188 -1
187 188 -1
188 188 6
189 188 -1
196 188 -1
244 188 -1
133 189 -1
181 189 -1
188 189 -1
189 189 6
190 189 -1
197 189 -1
245 189 -1
134 190 -1
182 190 -1
189 190 -1
190 190 6
191 190 -1
198 190 -1
246 190 -1
135 191 -1
183 191 -1
190 191 -1
191 191 5
199 191 -1
247 191 -1
136 192 -1
184 192 -1
192 192 5
193 192 -1
200 192 -1
248 192 -1
137 193 -1
185 193 -1
192 193 -1
193 193 6
194 193 -1
201 193 -1
249 193 -1
138 194 -1
186 194 -1
193 194 -1
194 194 6
195 194 -1
202 194 -1
250 194 -1
139 195 -1
187 195 -1
194 195 -1
195 195 6
196 195 -1
203 195 -1
251 195 -1
140 196 -1
188 196 -1
195 196 -1
196 196 6
197 196 -1
204 196 -1
252 196 -1
141 197 -1
189 197 -1
196 197 -1
197 197 6
198 197 -1
205 197 -1
253 197 -1
142 198 -1
190 198 -1
197 198 -1
198 198 6
199 198 -1
206 198 -1
254 198 -1
143 199 -1
191 199 -1
198 199 -1
199 199 5
207 199 -1
255 199 -1
144 200 -1
192 200 -1
200 200 5
201 200 -1
208 200 -1
256 200 -1
145 201 -1
193 201 -1
200 201 -1
201 201 6
202 201 -1
209 201 -1
257 201 -1
146 202 -1
194 202 -1
201 202 -1
202 202 6
203 202 -1
210 202 -1
258 202 -1
147 203 -1
195 203 -1
202 203 -1
203 203 6
204 203 -1
211 203 -1
259 203 -1
148 204 -1
196 204 -1
203 204 -1
204 204 6
205 204 -1
212 204 -1
260 204 -1
149 205 -1
197 205 -1
204 205 -1
205 205 6
206 205 -1
213 205 -1
261 205 -1
150 206 -1
198 206 -1
205 206 -1
206 206 6
207 206 -1
214 206 -1
262 206 -1
151 207 -1
199 207 -1
206 207 -1
207 207 5
215 207 -1
263 207 -1
152 208 -1
200 208 -1
208 208 5
209 208 -1
216 208 -1
264 208 -1
153 209 -1
201 209 -1
208 209 -1
209 209 6
210 209 -1
217 209 -1
265 209 -1
154 210 -1
202 210 -1
209 210 -1
210 210 6
211 210 -1
218 210 -1
266 210 -1
155 211 -1
203 211 -1
210 211 -1
211 211 6
212 211 -1
219 211 -1
267 211 -1
156 212 -1
204 212 -1
211 212 -1
212 212 6
213 212 -1
220 212 -1
268 212 -1
157 213 -1
205 213 -1
212 213 -1
213 213 6
214 213 -1
221 213 -1
269 213 -1
158 214 -1
206 214 -1
213 214 -1
214 214 6
215 214 -1
222 214 -1
270 214 -1
159 215 -1
207 215 -1
214 215 -1
215 215 5
223 215 -1
271 215 -1
160 216 -1
208 216 -1
216 216 5
217 216 -1
272 216 -1
161 217 -1
209 217 -1
216 217 -1
217 217 6
218 217 -1
273 217 -1
162 218 -1
210 218 -1
217 218 -1
218 218 6
219 218 -1
274 218 -1
163 219 -1
211 219 -1
218 219 -1
219 219 6
220 219 -1
275 219 -1
164 220 -1
212 220 -1
219 220 -1
220 220 6
221 220 -1
276 220 -1
165 221 -1
213 221 -1
220 221 -1
221 221 6
222 221 -1
277 221 -1
166 222 -1
214 222 -1
221 222 -1
222 222 6
223 222 -1
278 222 -1
167 223 -1
215 223 -1
222 223 -1
223 223 5
279 223 -1
168 224 -1
224 224 5
225 224 -1
232 224 -1
280 224 -1
169 225 -1
224 225 -1
225 225 6
226 225 -1
233 225 -1
281 225 -1
170 226 -1
225 226 -1
226 226 6
227 226 -1
234 226 -1
282 226 -1
171 227 -1
226 227 -1
227 227 6
228 227 -1
235 227 -1
283 227 -1
172 228 -1
227 228 -1
228 228 6
229 228 -1
236 228 -1
284 228 -1
173 229 -1
228 229 -1
229 229 6
230 229 -1
237 229 -1
285 229 -1
174 230 -1
229 230 -1
230 230 6
231 230 -1
238 230 -1
286 230 -1
175 231 -1
230 231 -1
231 231 5
239 231 -1
287 231 -1
176 232 -1
224 232 -1
232 232 5
233 232 -1
240 232 -1
288 232 -1
177 233 -1
225 233 -1
232 233 -1
233 233 6
234 233 -1
241 233 -1
289 233 -1
178 234 -1
226 234 -1
233 234 -1
234 234 6
235 234 -1
242 234 -1
290 234 -1
179 235 -1
227 235 -1
234 235 -1
235 235 6
236 235 -1
243 235 -1
291 235 -1
180 236 -1
228 236 -1
235 236 -1
236 236 6
237 236 -1
244 236 -1
292 236 -1
181 237 -1
229 237 -1
236 237 -1
237 237 6
238 237 -1
245 237 -1
293 237 -1
182 238 -1
230 238 -1
237 238 -1
238 238 6
239 238 -1
246 238 -1
294 238 -1
183 239 -1
231 239 -1
238 239 -1
239 239 5
247 239 -1
295 239 -1
184 240 -1
232 240 -1
240 240 5
241 240 -1
248 240 -1
296 240 -1
185 241 -1
233 241 -1
240 241 -1
241 241 6
242 241 -1
249 241 -1
297 241 -1
186 242 -1
234 242 -1
241 242 -1
242 242 6
243 242 -1
250 242 -1
298 242 -1
187 243 -1
235 243 -1
242 243 -1
243 243 6
244 243 -1
251 243 -1
299 243 -1
188 244 -1
236 244 -1
243 244 -1
244 244 6
245 244 -1
252 244 -1
300 244 -1
189 245 -1
237 245 -1
244 245 -1
245 245 6
246 245 -1
253 245 -1
301 245 -1
190 246 -1
238 246 -1
245 246 -1
246 246 6
247 246 -1
254 246 -1
302 246 -1
191 247 -1
239 247 -1
246 247 -1
247 247 5
255 247 -1
303 247 -1
192 248 -1
240 248 -1
248 248 5
249 248 -1
256 248 -1
304 248 -1
193 249 -1
241 249 -1
248 249 -1
249 249 6
250 249 -1
257 249 -1
305 249 -1
194 250 -1
242 250 -1
249 250 -1
250 250 6
251 250 -1
258 250 -1
306 250 -1
195 251 -1
243 251 -1
250 251 -1
251 251 6
252 251 -1
259 251 -1
307 251 -1
196 252 -1
244 252 -1
251 252 -1
252 252 6
253 252 -1
260 252 -1
308 252 -1
197 253 -1
245 253 -1
252 253 -1
253 253 6
254 253 -1
261 253 -1
309 253 -1
198 254 -1
246 254 -1
253 254 -1
254 254 6
255 254 -1
262 254 -1
310 254 -1
199 255 -1
247 255 -1
254 255 -1
255 255 5
263 255 -1
311 255 -1
200 256 -1
248 256 -1
256 256 5
257 256 -1
264 256 -1
312 256 -1
201 257 -1
249 257 -1
256 257 -1
257 257 6
258 257 -1
265 257 -1
313 257 -1
202 258 -1
250 258 -1
257 258 -1
258 258 6
259 258 -1
266 258 -1
314 258 -1
203 259 -1
251 259 -1
258 259 -1
259 259 6
260 259 -1
267 259 -1
315 259 -1
204 260 -1
252 260 -1
259 260 -1
260 260 6
261 260 -1
268 260 -1
316 260 -1
205 261 -1
253 261 -1
260 261 -1
261 261 6
262 261 -1
269 261 -1
317 261 -1
206 262 -1
254 262 -1
261 262 -1
262 262 6
263 262 -1
270 262 -1
318 262 -1
207 263 -1
255 263 -1
262 263 -1
263 263 5
271 263 -1
319 263 -1
208 264 -1
256 264 -1
264 264 5
265 264 -1
272 264 -1
320 264 -1
209 265 -1
257 265 -1
264 265 -1
265 265 6
266 265 -1
273 265 -1
321 265 -1
210 266 -1
258 266 -1
265 266 -1
266 266 6
267 266 -1
274 266 -1
322 266 -1
211 267 -1
259 267 -1
266 267 -1
267 267 6
268 267 -1
275 267 -1
323 267 -1
212 268 -1
260 268 -1
267 268 -1
268 268 6
269 268 -1
276 268 -1
324 268 -1
213 269 -1
261 269 -1
268 269 -1
269 269 6
270 269 -1
277 269 -1
325 269 -1
214 270 -1
262 270 -1
269 270 -1
270 270 6
271 270 -1
278 270 -1
326 270 -1
215 271 -1
263 271 -1
270 271 -1
271 271 5
279 271 -1
327 271 -1
216 272 -1
264 272 -1
272 272 5
273 272 -1
328 272 -1
217 273 -1
265 273 -1
272 273 -1
273 273 6
274 273 -1
329 273 -1
218 274 -1
266 274 -1
273 274 -1
274 274 6
275 274 -1
330 274 -1
219 275 -1
267 275 -1
274 275 -1
275 275 6
276 275 -1
331 275 -1
220 276 -1
268 276 -1
275 276 -1
276 276 6
277 276 -1
332 276 -1
221 277 -1
269 277 -1
276 277 -1
277 277 6
278 277 -1
333 277 -1
222 278 -1
270 278 -1
277 278 -1
278 278 6
279 278 -1
334 278 -1
223 279 -1
271 279 -1
278 279 -1
279 279 5
335 279 -1
224 280 -1
280 280 5
281 280 -1
288 280 -1
336 280 -1
225 281 -1
280 281 -1
281 281 6
282 281 -1
289 281 -1
337 281 -1
226 282 -1
281 282 -1
282 282 6
283 282 -1
290 282 -1
338 282 -1
227 283 -1
282 283 -1
283 283 6
284 283 -1
291 283 -1
339 283 -1
228 284 -1
283 284 -1
284 284 6
285 284 -1
292 284 -1
340 284 -1
229 285 -1
284 285 -1
285 285 6
286 285 -1
293 285 -1
341 285 -1
230 286 -1
285 286 -1
286 286 6
287 286 -1
294 286 -1
342 286 -1
231 287 -1
286 287 -1
287 287 5
295 287 -1
343 287 -1
232 288 -1
280 288 -1
288 288 5
289 288 -1
296 288 -1
344 288 -1
233 289 -1
281 289 -1
288 289 -1
289 289 6
290 289 -1
297 289 -1
345 289 -1
234 290 -1
282 290 -1
289 290 -1
290 290 6
291 290 -1
298 290 -1
346 290 -1
235 291 -1
283 291 -1
290 291 -1
291 291 6
292 291 -1
299 291 -1
347 291 -1
236 292 -1
284 292 -1
291 292 -1
292 292 6
293 292 -1
300 292 -1
348 292 -1
237 293 -1
285 293 -1
292 293 -1
293 293 6
294 293 -1
301 293 -1
349 293 -1
238 294 -1
286 294 -1
293 294 -1
294 294 6
295 294 -1
302 294 -1
350 294 -1
239 295 -1
287 295 -1
294 295 -1
295 295 5
303 295 -1
351 295 -1
240 296 -1
288 296 -1
296 296 5
297 296 -1
304 296 -1
352 296 -1
241 297 -1
289 297 -1
296 297 -1
297 297 6
298 297 -1
305 297 -1
353 297 -1
242 298 -1
290 298 -1
297 298 -1
298 298 6
299 298 -1
306 298 -1
354 298 -1
243 299 -1
291 299 -1
298 299 -1
299 299 6
300 299 -1
307 299 -1
355 299 -1
244 300 -1
292 300 -1
299 300 -1
300 300 6
301 300 -1
308 300 -1
356 300 -1
245 301 -1
293 301 -1
300 301 -1
301 301 6
302 301 -1
309 301 -1
357 301 -1
246 302 -1
294 302 -1
301 302 -1
302 302 6
303 302 -1
310 302 -1
358 302 -1
247 303 -1
295 303 -1
302 303 -1
303 303 5
311 303 -1
359 303 -1
248 304 -1
296 304 -1
304 304 5
305 304 -1
312 304 -1
360 304 -1
249 305 -1
297 305 -1
304 305 -1
305 305 6
306 305 -1
313 305 -1
361 305 -1
250 306 -1
298 306 -1
305 306 -1
306 306 6
307 306 -1
314 306 -1
362 306 -1
251 307 -1
299 307 -1
306 307 -1
307 307 6
308 307 -1
315 307 -1
363 307 -1
252 308 -1
300 308 -1
307 308 -1
308 308 6
309 308 -1
316 308 -1
364 308 -1
253 309 -1
301 309 -1
308 309 -1
309 309 6
310 309 -1
317 309 -1
365 309 -1
254 310 -1
302 310 -1
309 310 -1
310 310 6
311 310 -1
318 310 -1
366 310 -1
255 311 -1
303 311 -1
310 311 -1
311 311 5
319 311 -1
367 311 -1
256 312 -1
304 312 -1
312 312 5
313 312 -1
320 312 -1
368 312 -1
257 313 -1
305 313 -1
312 313 -1
313 313 6
314 313 -1
321 313 -1
369 313 -1
258 314 -1
306 314 -1
313 314 -1
314 314 6
315 314 -1
322 314 -1
370 314 -1
259 315 -1
307 315 -1
314 315 -1
315 315 6
316 315 -1
323 315 -1
371 315 -1
260 316 -1
308 316 -1
315 316 -1
316 316 6
317 316 -1
324 316 -1
372 316 -1
261 317 -1
309 317 -1
316 317 -1
317 317 6
318 317 -1
325 317 -1
373 317 -1
262 318 -1
310 318 -1
317 318 -1
318 318 6
319 318 -1
326 318 -1
374 318 -1
263 319 -1
311 319 -1
318 319 -1
319 319 5
327 319 -1
375 319 -1
264 320 -1
312 320 -1
320 320 5
321 320 -1
328 320 -1
376 320 -1
265 321 -1
313 321 -1
320 321 -1
321 321 6
322 321 -1
329 321 -1
377 321 -1
266 322 -1
314 322 -1
321 322 -1
322 322 6
323 322 -1
330 322 -1
378 322 -1
267 323 -1
315 323 -1
322 323 -1
323 323 6
324 323 -1
331 323 -1
379 323 -1
268 324 -1
316 324 -1
323 324 -1
324 324 6
325 324 -1
332 324 -1
380 324 -1
269 325 -1
317 325 -1
324 325 -1
325 325 6
326 325 -1
333 325 -1
381 325 -1
270 326 -1
318 326 -1
325 326 -1
326 326 6
327 326 -1
334 326 -1
382 326 -1
271 327 -1
319 327 -1
326 327 -1
327 327 5
335 327 -1
383 327 -1
272 328 -1
320 328 -1
328 328 5
329 328 -1
384 328 -1
273 329 -1
321 329 -1
328 329 -1
329 329 6
330 329 -1
385 329 -1
274 330 -1
322 330 -1
329 330 -1
330 330 6
331 330 -1
386 330 -1
275 331 -1
323 331 -1
330 331 -1
331 331 6
332 331 -1
387 331 -1
276 332 -1
324 332 -1
331 332 -1
332 332 6
333 332 -1
388 332 -1
277 333 -1
325 333 -1
332 333 -1
333 333 6
334 333 -1
389 333 -1
278 334 -1
326 334 -1
333 334 -1
334 334 6
335 334 -1
390 334 -1
279 335 -1
327 335 -1
334 335 -1
335 335 5
391 335 -1
280 336 -1
336 336 5
337 336 -1
344 336 -1
281 337 -1
336 337 -1
337 337 6
338 337 -1
345 337 -1
282 338 -1
337 338 -1
338 338 6
339 338 -1
346 338 -1
283 339 -1
338 339 -1
339 339 6
340 339 -1
347 339 -1
284 340 -1
339 340 -1
340 340 6
341 340 -1
348 340 -1
285 341 -1
340 341 -1
341 341 6
342 341 -1
349 341 -1
286 342 -1
341 342 -1
342 342 6
343 342 -1
350 342 -1
287 343 -1
342 343 -1
343 343 5
351 343 -1
288 344 -1
336 344 -1
344 344 5
345 344 -1
352 344 -1
289 345 -1
337 345 -1
344 345 -1
345 345 6
346 345 -1
353 345 -1
290 346 -1
338 346 -1
345 346 -1
346 346 6
347 346 -1
354 346 -1
291 347 -1
339 347 -1
346 347 -1
347 347 6
348 347 -1
355 347 -1
292 348 -1
340 348 -1
347 348 -1
348 348 6
349 348 -1
356 348 -1
293 349 -1
341 349 -1
348 349 -1
349 349 6
350 349 -1
357 349 -1
294 350 -1
342 350 -1
349 350 -1
350 350 6
351 350 -1
358 350 -1
295 351 -1
343 351 -1
350 351 -1
351 351 5
359 351 -1
296 352 -1
344 352 -1
352 352 5
353 352 -1
360 352 -1
297 353 -1
345 353 -1
352 353 -1
353 353 6
354 353 -1
361 353 -1
298 354 -1
346 354 -1
353 354 -1
354 354 6
355 354 -1
362 354 -1
299 355 -1
347 355 -1
354 355 -1
355 355 6
356 355 -1
363 355 -1
300 356 -1
348 356 -1
355 356 -1
356 356 6
357 356 -1
364 356 -1
301 357 -1
349 357 -1
356 357 -1
357 357 6
358 357 -1
365 357 -1
302 358 -1
350 358 -1
357 358 -1
358 358 6
359 358 -1
366 358 -1
303 359 -1
351 359 -1
358 359 -1
359 359 5
367 359 -1
304 360 -1
352 360 -1
360 360 5
361 360 -1
368 360 -1
305 361 -1
353 361 -1
360 361 -1
361 361 6
362 361 -1
369 361 -1
306 362 -1
354 362 -1
361 362 -1
362 362 6
363 362 -1
370 362 -1
307 363 -1
355 363 -1
362 363 -1
363 363 6
364 363 -1
371 363 -1
308 364 -1
356 364 -1
363 364 -1
364 364 6
365 364 -1
372 364 -1
309 365 -1
357 365 -1
364 365 -1
365 365 6
366 365 -1
373 365 -1
310 366 -1
358 366 -1
365 366 -1
366 366 6
367 366 -1
374 366 -1
311 367 -1
359 367 -1
366 367 -1
367 367 5
375 367 -1
312 368 -1
360 368 -1
368 368 5
369 368 -1
376 368 -1
313 369 -1
361 369 -1
368 369 -1
369 369 6
370 369 -1
377 369 -1
314 370 -1
362 370 -1
369 370 -1
370 370 6
371 370 -1
378 370 -1
315 371 -1
363 371 -1
370 371 -1
371 371 6
372 371 -1
379 371 -1
316 372 -1
364 372 -1
371 372 -1
372 372 6
373 372 -1
380 372 -1
317 373 -1
365 373 -1
372 373 -1
373 373 6
374 373 -1
381 373 -1
318 374 -1
366 374 -1
373 374 -1
374 374 6
375 374 -1
382 374 -1
319 375 -1
367 375 -1
374 375 -1
375 375 5
383 375 -1
320 376 -1
368 376 -1
376 376 5
377 376 -1
384 376 -1
321 377 -1
369 377 -1
376 377 -1
377 377 6
378 377 -1
385 377 -1
322 378 -1
370 378 -1
377 378 -1
378 378 6
379 378 -1
386 378 -1
323 379 -1
371 379 -1
378 379 -1
379 379 6
380 379 -1
387 379 -1
324 380 -1
372 380 -1
379 380 -1
380 380 6
381 380 -1
388 380 -1
325 381 -1
373 381 -1
380 381 -1
381 381 6
382 381 -1
389 381 -1
326 382 -1
374 382 -1
381 382 -1
382 382 6
383 382 -1
390 382 -1
327 383 -1
375 383 -1
382 383 -1
383 383 5
391 383 -1
328 384 -1
376 384 -1
384 384 5
385 384 -1
329 385 -1
377 385 -1
384 385 -1
385 385 6
386 385 -1
330 386 -1
378 386 -1
385 386 -1
386 386 6
387 386 -1
331 387 -1
379 387 -1
386 387 -1
387 387 6
388 387 -1
332 388 -1
380 388 -1
387 388 -1
388 388 6
389 388 -1
333 389 -1
381 389 -1
388 389 -1
389 389 6
390 389 -1
334 390 -1
382 390 -1
389 390 -1
390 390 6
391 390 -1
335 391 -1
383 391 -1
390 391 -1
391 391 5
392 392 5
393 392 -1
399 392 -1
448 392 -1
392 393 -1
393 393 5
394 393 -1
400 393 -1
449 393 -1
393 394 -1
394 394 5
395 394 -1
401 394 -1
450 394 -1
394 395 -1
395 395 5
396 395 -1
402 395 -1
451 395 -1
395 396 -1
396 396 5
397 396 -1
403 396 -1
452 396 -1
396 397 -1
397 397 5
398 397 -1
404 397 -1
453 397 -1
397 398 -1
398 398 5
405 398 -1
454 398 -1
392 399 -1
399 399 6
400 399 -1
406 399 -1
455 399 -1
393 400 -1
399 400 -1
400 400 6
401 400 -1
407 400 -1
456 400 -1
394 401 -1
400 401 -1
401 401 6
402 401 -1
408 401 -1
457 401 -1
395 402 -1
401 402 -1
402 402 6
403 402 -1
409 402 -1
458 402 -1
396 403 -1
402 403 -1
403 403 6
404 403 -1
410 403 -1
459 403 -1
397 404 -1
403 404 -1
404 404 6
405 404 -1
411 404 -1
460 404 -1
398 405 -1
404 405 -1
405 405 6
412 405 -1
461 405 -1
399 406 -1
406 406 6
407 406 -1
413 406 -1
462 406 -1
400 407 -1
406 407 -1
407 407 6
408 407 -1
414 407 -1
463 407 -1
401 408 -1
407 408 -1
408 408 6
409 408 -1
415 408 -1
464 408 -1
402 409 -1
408 409 -1
409 409 6
410 409 -1
416 409 -1
465 409 -1
403 410 -1
409 410 -1
410 410 6
411 410 -1
417 410 -1
466 410 -1
404 411 -1
410 411 -1
411 411 6
412 411 -1
418 411 -1
467 411 -1
405 412 -1
411 412 -1
412 412 6
419 412 -1
468 412 -1
406 413 -1
413 413 6
414 413 -1
420 413 -1
469 413 -1
407 414 -1
413 414 -1
414 414 6
415 414 -1
421 414 -1
470 414 -1
408 415 -1
414 415 -1
415 415 6
416 415 -1
422 415 -1
471 415 -1
409 416 -1
415 416 -1
416 416 6
417 416 -1
423 416 -1
472 416 -1
410 417 -1
416 417 -1
417 417 6
418 417 -1
424 417 -1
473 417 -1
411 418 -1
417 418 -1
418 418 6
419 418 -1
425 418 -1
474 418 -1
412 419 -1
418 419 -1
419 419 6
426 419 -1
475 419 -1
413 420 -1
420 420 6
421 420 -1
427 420 -1
476 420 -1
414 421 -1
420 421 -1
421 421 6
422 421 -1
428 421 -1
477 421 -1
415 422 -1
421 422 -1
422 422 6
423 422 -1
429 422 -1
478 422 -1
416 423 -1
422 423 -1
423 423 6
424 423 -1
430 423 -1
479 423 -1
417 424 -1
423 424 -1
424 424 6
425 424 -1
431 424 -1
480 424 -1
418 425 -1
424 425 -1
425 425 6
426 425 -1
432 425 -1
481 425 -1
419 426 -1
425 426 -1
426 426 6
433 426 -1
482 426 -1
420 427 -1
427 427 6
428 427 -1
434 427 -1
483 427 -1
421 428 -1
427 428 -1
428 428 6
429 428 -1
435 428 -1
484 428 -1
422 429 -1
428 429 -1
429 429 6
430 429 -1
436 429 -1
485 429 -1
423 430 -1
429 430 -1
430 430 6
431 430 -1
437 430 -1
486 430 -1
424 431 -1
430 431 -1
431 431 6
432 431 -1
438 431 -1
487 431 -1
425 432 -1
431 432 -1
432 432 6
433 432 -1
439 432 -1
488 432 -1
426 433 -1
432 433 -1
433 433 6
440 433 -1
489 433 -1
427 434 -1
434 434 6
435 434 -1
441 434 -1
490 434 -1
428 435 -1
434 435 -1
435 435 6
436 435 -1
442 435 -1
491 435 -1
429 436 -1
435 436 -1
436 436 6
437 436 -1
443 436 -1
492 436 -1
430 437 -1
436 437 -1
437 437 6
438 437 -1
444 437 -1
493 437 -1
431 438 -1
437 438 -1
438 438 6
439 438 -1
445 438 -1
494 438 -1
432 439 -1
438 439 -1
439 439 6
440 439 -1
446 439 -1
495 439 -1
433 440 -1
439 440 -1
440 440 6
447 440 -1
496 440 -1
434 441 -1
441 441 5
442 441 -1
497 441 -1
435 442 -1
441 442 -1
442 442 5
443 442 -1
498 442 -1
436 443 -1
442 443 -1
443 443 5
444 443 -1
499 443 -1
437 444 -1
443 444 -1
444 444 5
445 444 -1
500 444 -1
438 445 -1
444 445 -1
445 445 5
446 445 -1
501 445 -1
439 446 -1
445 446 -1
446 446 5
447 446 -1
502 446 -1
440 447 -1
446 447 -1
447 447 5
503 447 -1
392 448 -1
448 448 5
449 448 -1
455 448 -1
504 448 -1
393 449 -1
448 449 -1
449 449 5
450 449 -1
456 449 -1
505 449 -1
394 450 -1
449 450 -1
450 450 5
451 450 -1
457 450 -1
506 450 -1
395 451 -1
450 451 -1
451 451 5
452 451 -1
458 451 -1
507 451 -1
396 452 -1
451 452 -1
452 452 5
453 452 -1
459 452 -1
508 452 -1
397 453 -1
452 453 -1
453 453 5
454 453 -1
460 453 -1
509 453 -1
398 454 -1
453 454 -1
454 454 5
461 454 -1
510 454 -1
399 455 -1
448 455 -1
455 455 6
456 455 -1
462 455 -1
511 455 -1
400 456 -1
449 456 -1
455 456 -1
456 456 6
457 456 -1
463 456 -1
512 456 -1
401 457 -1
450 457 -1
456 457 -1
457 457 6
458 457 -1
464 457 -1
513 457 -1
402 458 -1
451 458 -1
457 458 -1
458 458 6
459 458 -1
465 458 -1
514 458 -1
403 459 -1
452 459 -1
458 459 -1
459 459 6
460 459 -1
466 459 -1
515 459 -1
404 460 -1
453 460 -1
459 460 -1
460 460 6
461 460 -1
467 460 -1
516 460 -1
405 461 -1
454 461 -1
460 461 -1
461 461 6
468 461 -1
517 461 -1
406 462 -1
455 462 -1
462 462 6
463 462 -1
469 462 -1
518 462 -1
407 463 -1
456 463 -1
462 463 -1
463 463 6
464 463 -1
470 463 -1
519 463 -1
408 464 -1
457 464 -1
463 464 -1
464 464 6
465 464 -1
471 464 -1
520 464 -1
409 465 -1
458 465 -1
464 465 -1
465 465 6
466 465 -1
472 465 -1
521 465 -1
410 466 -1
459 466 -1
465 466 -1
466 466 6
467 466 -1
473 466 -1
522 466 -1
411 467 -1
460 467 -1
466 467 -1
467 467 6
468 467 -1
474 467 -1
523 467 -1
412 468 -1
461 468 -1
467 468 -1
468 468 6
475 468 -1
524 468 -1
413 469 -1
462 469 -1
469 469 6
470 469 -1
476 469 -1
525 469 -1
414 470 -1
463 470 -1
469 470 -1
470 470 6
471 470 -1
477 470 -1
526 470 -1
415 471 -1
464 471 -1
470 471 -1
471 471 6
472 471 -1
478 471 -1
527 471 -1
416 472 -1
465 472 -1
471 472 -1
472 472 6
473 472 -1
479 472 -1
528 472 -1
417 473 -1
466 473 -1
472 473 -1
473 473 6
474 473 -1
480 473 -1
529 473 -1
418 474 -1
467 474 -1
473 474 -1
474 474 6
475 474 -1
481 474 -1
530 474 -1
419 475 -1
468 475 -1
474 475 -1
475 475 6
482 475 -1
531 475 -1
420 476 -1
469 476 -1
476 476 6
477 476 -1
483 476 -1
532 476 -1
421 477 -1
470 477 -1
476 477 -1
477 477 6
478 477 -1
484 477 -1
533 477 -1
422 478 -1
471 478 -1
477 478 -1
478 478 6
479 478 -1
485 478 -1
534 478 -1
423 479 -1
472 479 -1
478 479 -1
479 479 6
480 479 -1
486 479 -1
535 479 -1
424 480 -1
473 480 -1
479 480 -1
480 480 6
481 480 -1
487 480 -1
536 480 -1
425 481 -1
474 481 -1
480 481 -1
481 481 6
482 481 -1
488 481 -1
537 481 -1
426 482 -1
475 482 -1
481 482 -1
482 482 6
489 482 -1
538 482 -1
427 483 -1
476 483 -1
483 483 6
484 483 -1
490 483 -1
539 483 -1
428 484 -1
477 484 -1
483 484 -1
484 484 6
485 484 -1
491 484 -1
540 484 -1
429 485 -1
478 485 -1
484 485 -1
485 485 6
486 485 -1
492 485 -1
541 485 -1
430 486 -1
479 486 -1
485 486 -1
486 486 6
487 486 -1
493 486 -1
542 486 -1
431 487 -1
480 487 -1
486 487 -1
487 487 6
488 487 -1
494 487 -1
543 487 -1
432 488 -1
481 488 -1
487 488 -1
488 488 6
489 488 -1
495 488 -1
544 488 -1
433 489 -1
482 489 -1
488 489 -1
489 489 6
496 489 -1
545 489 -1
434 490 -1
483 490 -1
490 490 6
491 490 -1
497 490 -1
546 490 -1
435 491 -1
484 491 -1
490 491 -1
491 491 6
492 491 -1
498 491 -1
547 491 -1
436 492 -1
485 492 -1
491 492 -1
492 492 6
493 492 -1
499 492 -1
548 492 -1
437 493 -1
486 493 -1
492 493 -1
493 493 6
494 493 -1
500 493 -1
549 493 -1
438 494 -1
487 494 -1
493 494 -1
494 494 6
495 494 -1
501 494 -1
550 494 -1
439 495 -1
488 495 -1
494 495 -1
495 495 6
496 495 -1
502 495 -1
551 495 -1
440 496 -1
489 496 -1
495 496 -1
496 496 6
503 496 -1
552 496 -1
441 497 -1
490 497 -1
497 497 5
498 497 -1
553 497 -1
442 498 -1
491 498 -1
497 498 -1
498 498 5
499 498 -1
554 498 -1
443 499 -1
492 499 -1
498 499 -1
499 499 5
500 499 -1
555 499 -1
444 500 -1
493 500 -1
499 500 -1
500 500 5
501 500 -1
556 500 -1
445 501 -1
494 501 -1
500 501 -1
501 501 5
502 501 -1
557 501 -1
446 502 -1
495 502 -1
501 502 -1
502 502 5
503 502 -1
558 502 -1
447 503 -1
496 503 -1
502 503 -1
503 503 5
559 503 -1
448 504 -1
504 504 5
505 504 -1
511 504 -1
560 504 -1
449 505 -1
504 505 -1
505 505 5
506 505 -1
512 505 -1
561 505 -1
450 506 -1
505 506 -1
506 506 5
507 506 -1
513 506 -1
562 506 -1
451 507 -1
506 507 -1
507 507 5
508 507 -1
514 507 -1
563 507 -1
452 508 -1
507 508 -1
508 508 5
509 508 -1
515 508 -1
564 508 -1
453 509 -1
508 509 -1
509 509 5
510 509 -1
516 509 -1
565 509 -1
454 510 -1
509 510 -1
510 510 5
517 510 -1
566 510 -1
455 511 -1
504 511 -1
511 511 6
512 511 -1
518 511 -1
567 511 -1
456 512 -1
505 512 -1
511 512 -1
512 512 6
513 512 -1
519 512 -1
568 512 -1
457 513 -1
506 513 -1
512 513 -1
513 513 6
514 513 -1
520 513 -1
569 513 -1
458 514 -1
507 514 -1
513 514 -1
514 514 6
515 514 -1
521 514 -1
570 514 -1
459 515 -1
508 515 -1
514 515 -1
515 515 6
516 515 -1
522 515 -1
571 515 -1
460 516 -1
509 516 -1
515 516 -1
516 516 6
517 516 -1
523 516 -1
572 516 -1
461 517 -1
510 517 -1
516 517 -1
517 517 6
524 517 -1
573 517 -1
462 518 -1
511 518 -1
518 518 6
519 518 -1
525 518 -1
574 518 -1
463 519 -1
512 519 -1
518 519 -1
519 519 6
520 519 -1
526 519 -1
575 519 -1
464 520 -1
513 520 -1
519 520 -1
520 520 6
521 520 -1
527 520 -1
576 520 -1
465 521 -1
514 521 -1
520 521 -1
521 521 6
522 521 -1
528 521 -1
577 521 -1
466 522 -1
515 522 -1
521 522 -1
522 522 6
523 522 -1
529 522 -1
578 522 -1
467 523 -1
516 523 -1
522 523 -1
523 523 6
524 523 -1
530 523 -1
579 523 -1
468 524 -1
517 524 -1
523 524 -1
524 524 6
531 524 -1
580 524 -1
469 525 -1
518 525 -1
525 525 6
526 525 -1
532 525 -1
581 525 -1
470 526 -1
519 526 -1
525 526 -1
526 526 6
527 526 -1
533 526 -1
582 526 -1
471 527 -1
520 527 -1
526 527 -1
527 527 6
528 527 -1
534 527 -1
583 527 -1
472 528 -1
521 528 -1
527 528 -1
528 528 6
529 528 -1
535 528 -1
584 528 -1
473 529 -1
522 529 -1
528 529 -1
529 529 6
530 529 -1
536 529 -1
585 529 -1
474 530 -1
523 530 -1
529 530 -1
530 530 6
531 530 -1
537 530 -1
586 530 -1
475 531 -1
524 531 -1
530 531 -1
531 531 6
538 531 -1
587 531 -1
476 532 -1
525 532 -1
532 532 6
533 532 -1
539 532 -1
588 532 -1
477 533 -1
526 533 -1
532 533 -1
533 533 6
534 533 -1
540 533 -1
589 533 -1
478 534 -1
527 534 -1
533 534 -1
534 534 6
535 534 -1
541 534 -1
590 534 -1
479 535 -1
528 535 -1
534 535 -1
535 535 6
536 535 -1
542 535 -1
591 535 -1
480 536 -1
529 536 -1
535 536 -1
536 536 6
537 536 -1
543 536 -1
592 536 -1
481 537 -1
530 537 -1
536 537 -1
537 537 6
538 537 -1
544 537 -1
593 537 -1
482 538 -1
531 538 -1
537 538 -1
538 538 6
545 538 -1
594 538 -1
483 539 -1
532 539 -1
539 539 6
540 539 -1
546 539 -1
595 539 -1
484 540 -1
533 540 -1
539 540 -1
540 540 6
541 540 -1
547 540 -1
596 540 -1
485 541 -1
534 541 -1
540 541 -1
541 541 6
542 541 -1
548 541 -1
597 541 -1
486 542 -1
535 542 -1
541 542 -1
542 542 6
543 542 -1
549 542 -1
598 542 -1
487 543 -1
536 543 -1
542 543 -1
543 543 6
544 543 -1
550 543 -1
599 543 -1
488 544 -1
537 544 -1
543 544 -1
544 544 6
545 544 -1
551 544 -1
600 544 -1
489 545 -1
538 545 -1
544 545 -1
545 545 6
552 545 -1
601 545 -1
490 546 -1
539 546 -1
546 546 6
547 546 -1
553 546 -1
602 546 -1
491 547 -1
540 547 -1
546 547 -1
547 547 6
548 547 -1
554 547 -1
603 547 -1
492 548 -1
541 548 -1
547 548 -1
548 548 6
549 548 -1
555 548 -1
604 548 -1
493 549 -1
542 549 -1
548 549 -1
549 549 6
550 549 -1
556 549 -1
605 549 -1
494 550 -1
543 550 -1
549 550 -1
550 550 6
551 550 -1
557 550 -1
606 550 -1
495 551 -1
544 551 -1
550 551 -1
551 551 6
552 551 -1
558 551 -1
607 551 -1
496 552 -1
545 552 -1
551 552 -1
552 552 6
559 552 -1
608 552 -1
497 553 -1
546 553 -1
553 553 5
554 553 -1
609 553 -1
498 554 -1
547 554 -1
553 554 -1
554 554 5
555 554 -1
610 554 -1
499 555 -1
548 555 -1
554 555 -1
555 555 5
556 555 -1
611 555 -1
500 556 -1
549 556 -1
555 556 -1
556 556 5
557 556 -1
612 556 -1
501 557 -1
550 557 -1
556 557 -1
557 557 5
558 557 -1
613 557 -1
502 558 -1
551 558 -1
557 558 -1
558 558 5
559 558 -1
614 558 -1
503 559 -1
552 559 -1
558 559 -1
559 559 5
615 559 -1
504 560 -1
560 560 5
561 560 -1
567 560 -1
616 560 -1
505 561 -1
560 561 -1
561 561 5
562 561 -1
568 561 -1
617 561 -1
506 562 -1
561 562 -1
562 562 5
563 562 -1
569 562 -1
618 562 -1
507 563 -1
562 563 -1
563 563 5
564 563 -1
570 563 -1
619 563 -1
508 564 -1
563 564 -1
564 564 5
565 564 -1
571 564 -1
620 564 -1
509 565 -1
564 565 -1
565 565 5
566 565 -1
572 565 -1
621 565 -1
510 566 -1
565 566 -1
566 566 5
573 566 -1
622 566 -1
511 567 -1
560 567 -1
567 567 6
568 567 -1
574 567 -1
623 567 -1
512 568 -1
561 568 -1
567 568 -1
568 568 6
569 568 -1
575 568 -1
624 568 -1
513 569 -1
562 569 -1
568 569 -1
569 569 6
570 569 -1
576 569 -1
625 569 -1
514 570 -1
563 570 -1
569 570 -1
570 570 6
571 570 -1
577 570 -1
626 570 -1
515 571 -1
564 571 -1
570 571 -1
571 571 6
572 571 -1
578 571 -1
627 571 -1
516 572 -1
565 572 -1
571 572 -1
572 572 6
573 572 -1
579 572 -1
628 572 -1
517 573 -1
566 573 -1
572 573 -1
573 573 6
580 573 -1
629 573 -1
518 574 -1
567 574 -1
574 574 6
575 574 -1
581 574 -1
630 574 -1
519 575 -1
568 575 -1
574 575 -1
575 575 6
576 575 -1
582 575 -1
631 575 -1
520 576 -1
569 576 -1
575 576 -1
576 576 6
577 576 -1
583 576 -1
632 576 -1
521 577 -1
570 577 -1
576 577 -1
577 577 6
578 577 -1
584 577 -1
633 577 -1
522 578 -1
571 578 -1
577 578 -1
578 578 6
579 578 -1
585 578 -1
634 578 -1
523 579 -1
572 579 -1
578 579 -1
579 579 6
580 579 -1
586 579 -1
635 579 -1
524 580 -1
573 580 -1
579 580 -1
580 580 6
587 580 -1
636 580 -1
525 581 -1
574 581 -1
581 581 6
582 581 -1
588 581 -1
637 581 -1
526 582 -1
575 582 -1
581 582 -1
582 582 6
583 582 -1
589 582 -1
638 582 -1
527 583 -1
576 583 -1
582 583 -1
583 583 6
584 583 -1
590 583 -1
639 583 -1
528 584 -1
577 584 -1
583 584 -1
584 584 6
585 584 -1
591 584 -1
640 584 -1
529 585 -1
578 585 -1
584 585 -1
585 585 6
586 585 -1
592 585 -1
641 585 -1
530 586 -1
579 586 -1
585 586 -1
586 586 6
587 586 -1
593 586 -1
642 586 -1
531 587 -1
580 587 -1
586 587 -1
587 587 6
594 587 -1
643 587 -1
532 588 -1
581 588 -1
588 588 6
589 588 -1
595 588 -1
644 588 -1
533 589 -1
582 589 -1
588 589 -1
589 589 6
590 589 -1
596 589 -1
645 589 -1
534 590 -1
583 590 -1
589 590 -1
590 590 6
591 590 -1
597 590 -1
646 590 -1
535 591 -1
584 591 -1
590 591 -1
591 591 6
592 591 -1
598 591 -1
647 591 -1
536 592 -1
585 592 -1
591 592 -1
592 592 6
593 592 -1
599 592 -1
648 592 -1
537 593 -1
586 593 -1
592 593 -1
593 593 6
594 593 -1
600 593 -1
649 593 -1
538 594 -1
587 594 -1
593 594 -1
594 594 6
601 594 -1
650 594 -1
539 595 -1
588 595 -1
595 595 6
596 595 -1
602 595 -1
651 595 -1
540 596 -1
589 596 -1
595 596 -1
596 596 6
597 596 -1
603 596 -1
652 596 -1
541 597 -1
590 597 -1
596 597 -1
597 597 6
598 597 -1
604 597 -1
653 597 -1
542 598 -1
591 598 -1
597 598 -1
598 598 6
599 598 -1
605 598 -1
654 598 -1
543 599 -1
592 599 -1
598 599 -1
599 599 6
600 599 -1
606 599 -1
655 599 -1
544 600 -1
593 600 -1
599 600 -1
600 600 6
601 600 -1
607 600 -1
656 600 -1
545 601 -1
594 601 -1
600 601 -1
601 601 6
608 601 -1
657 601 -1
546 602 -1
595 602 -1
602 602 6
603 602 -1
609 602 -1
658 602 -1
547 603 -1
596 603 -1
602 603 -1
603 603 6
604 603 -1
610 603 -1
659 603 -1
548 604 -1
597 604 -1
603 604 -1
604 604 6
605 604 -1
611 604 -1
660 604 -1
549 605 -1
598 605 -1
604 605 -1
605 605 6
606 605 -1
612 605 -1
661 605 -1
550 606 -1
599 606 -1
605 606 -1
606 606 6
607 606 -1
613 606 -1
662 606 -1
551 607 -1
600 607 -1
606 607 -1
607 607 6
608 607 -1
614 607 -1
663 607 -1
552 608 -1
601 608 -1
607 608 -1
608 608 6
615 608 -1
664 608 -1
553 609 -1
602 609 -1
609 609 5
610 609 -1
665 609 -1
554 610 -1
603 610 -1
609 610 -1
610 610 5
611 610 -1
666 610 -1
555 611 -1
604 611 -1
610 611 -1
611 611 5
612 611 -1
667 611 -1
556 612 -1
605 612 -1
611 612 -1
612 612 5
613 612 -1
668 612 -1
557 613 -1
606 613 -1
612 613 -1
613 613 5
614 613 -1
669 613 -1
558 614 -1
607 614 -1
613 614 -1
614 614 5
615 614 -1
670 614 -1
559 615 -1
608 615 -1
614 615 -1
615 615 5
671 615 -1
560 616 -1
616 616 5
617 616 -1
623 616 -1
672 616 -1
561 617 -1
616 617 -1
617 617 5
618 617 -1
624 617 -1
673 617 -1
562 618 -1
617 618 -1
618 618 5
619 618 -1
625 618 -1
674 618 -1
563 619 -1
618 619 -1
619 619 5
620 619 -1
626 619 -1
675 619 -1
564 620 -1
619 620 -1
620 620 5
621 620 -1
627 620 -1
676 620 -1
565 621 -1
620 621 -1
621 621 5
622 621 -1
628 621 -1
677 621 -1
566 622 -1
621 622 -1
622 622 5
629 622 -1
678 622 -1
567 623 -1
616 623 -1
623 623 6
624 623 -1
630 623 -1
679 623 -1
568 624 -1
617 624 -1
623 624 -1
624 624 6
625 624 -1
631 624 -1
680 624 -1
569 625 -1
618 625 -1
624 625 -1
625 625 6
626 625 -1
632 625 -1
681 625 -1
570 626 -1
619 626 -1
625 626 -1
626 626 6
627 626 -1
633 626 -1
682 626 -1
571 627 -1
620 627 -1
626 627 -1
627 627 6
628 627 -1
634 627 -1
683 627 -1
572 628 -1
621 628 -1
627 628 -1
628 628 6
629 628 -1
635 628 -1
684 628 -1
573 629 -1
622 629 -1
628 629 -1
629 629 6
636 629 -1
685 629 -1
574 630 -1
623 630 -1
630 630 6
631 630 -1
637 630 -1
686 630 -1
575 631 -1
624 631 -1
630 631 -1
631 631 6
632 631 -1
638 631 -1
687 631 -1
576 632 -1
625 632 -1
631 632 -1
632 632 6
633 632 -1
639 632 -1
688 632 -1
577 633 -1
626 633 -1
632 633 -1
633 633 6
634 633 -1
640 633 -1
689 633 -1
578 634 -1
627 634 -1
633 634 -1
634 634 6
635 634 -1
641 634 -1
690 634 -1
579 635 -1
628 635 -1
634 635 -1
635 635 6
636 635 -1
642 635 -1
691 635 -1
580 636 -1
629 636 -1
635 636 -1
636 636 6
643 636 -1
692 636 -1
581 637 -1
630 637 -1
637 637 6
638 637 -1
644 637 -1
693 637 -1
582 638 -1
631 638 -1
637 638 -1
638 638 6
639 638 -1
645 638 -1
694 638 -1
583 639 -1
632 639 -1
638 639 -1
639 639 6
640 639 -1
646 639 -1
695 639 -1
584 640 -1
633 640 -1
639 640 -1
640 640 6
641 640 -1
647 640 -1
696 640 -1
585 641 -1
634 641 -1
640 641 -1
641 641 6
642 641 -1
648 641 -1
697 641 -1
586 642 -1
635 642 -1
641 642 -1
642 642 6
643 642 -1
649 642 -1
698 642 -1
587 643 -1
636 643 -1
642 643 -1
643 643 6
650 643 -1
699 643 -1
588 644 -1
637 644 -1
644 644 6
645 644 -1
651 644 -1
700 644 -1
589 645 -1
638 645 -1
644 645 -1
645 645 6
646 645 -1
652 645 -1
701 645 -1
590 646 -1
639 646 -1
645 646 -1
646 646 6
647 646 -1
653 646 -1
702 646 -1
591 647 -1
640 647 -1
646 647 -1
647 647 6
648 647 -1
654 647 -1
703 647 -1
592 648 -1
641 648 -1
647 648 -1
648 648 6
649 648 -1
655 648 -1
704 648 -1
593 649 -1
642 649 -1
648 649 -1
649 649 6
650 649 -1
656 649 -1
705 649 -1
594 650 -1
643 650 -1
649 650 -1
650 650 6
657 650 -1
706 650 -1
595 651 -1
644 651 -1
651 651 6
652 651 -1
658 651 -1
707 651 -1
596 652 -1
645 652 -1
651 652 -1
652 652 6
653 652 -1
659 652 -1
708 652 -1
597 653 -1
646 653 -1
652 653 -1
653 653 6
654 653 -1
660 653 -1
709 653 -1
598 654 -1
647 654 -1
653 654 -1
654 654 6
655 654 -1
661 654 -1
710 654 -1
599 655 -1
648 655 -1
654 655 -1
655 655 6
656 655 -1
662 655 -1
711 655 -1
600 656 -1
649 656 -1
655 656 -1
656 656 6
657 656 -1
663 656 -1
712 656 -1
601 657 -1
650 657 -1
656 657 -1
657 657 6
664 657 -1
713 657 -1
602 658 -1
651 658 -1
658 658 6
659 658 -1
665 658 -1
714 658 -1
603 659 -1
652 659 -1
658 659 -1
659 659 6
660 659 -1
666 659 -1
715 659 -1
604 660 -1
653 660 -1
659 660 -1
660 660 6
661 660 -1
667 660 -1
716 660 -1
605 661 -1
654 661 -1
660 661 -1
661 661 6
662 661 -1
668 661 -1
717 661 -1
606 662 -1
655 662 -1
661 662 -1
662 662 6
663 662 -1
669 662 -1
718 662 -1
607 663 -1
656 663 -1
662 663 -1
663 663 6
664 663 -1
670 663 -1
719 663 -1
608 664 -1
657 664 -1
663 664 -1
664 664 6
671 664 -1
720 664 -1
609 665 -1
658 665 -1
665 665 5
666 665 -1
721 665 -1
610 666 -1
659 666 -1
665 666 -1
666 666 5
667 666 -1
722 666 -1
611 667 -1
660 667 -1
666 667 -1
667 667 5
668 667 -1
723 667 -1
612 668 -1
661 668 -1
667 668 -1
668 668 5
669 668 -1
724 668 -1
613 669 -1
662 669 -1
668 669 -1
669 669 5
670 669 -1
725 669 -1
614 670 -1
663 670 -1
669 670 -1
670 670 5
671 670 -1
726 670 -1
615 671 -1
664 671 -1
670 671 -1
671 671 5
727 671 -1
616 672 -1
672 672 5
673 672 -1
679 672 -1
728 672 -1
617 673 -1
672 673 -1
673 673 5
674 673 -1
680 673 -1
729 673 -1
618 674 -1
673 674 -1
674 674 5
675 674 -1
681 674 -1
730 674 -1
619 675 -1
674 675 -1
675 675 5
676 675 -1
682 675 -1
731 675 -1
620 676 -1
675 676 -1
676 676 5
677 676 -1
683 676 -1
732 676 -1
621 677 -1
676 677 -1
677 677 5
678 677 -1
684 677 -1
733 677 -1
622 678 -1
677 678 -1
678 678 5
685 678 -1
734 678 -1
623 679 -1
672 679 -1
679 679 6
680 679 -1
686 679 -1
735 679 -1
624 680 -1
673 680 -1
679 680 -1
680 680 6
681 680 -1
687 680 -1
736 680 -1
625 681 -1
674 681 -1
680 681 -1
681 681 6
682 681 -1
688 681 -1
737 681 -1
626 682 -1
675 682 -1
681 682 -1
682 682 6
683 682 -1
689 682 -1
738 682 -1
627 683 -1
676 683 -1
682 683 -1
683 683 6
684 683 -1
690 683 -1
739 683 -1
628 684 -1
677 684 -1
683 684 -1
684 684 6
685 684 -1
691 684 -1
740 684 -1
629 685 -1
678 685 -1
684 685 -1
685 685 6
692 685 -1
741 685 -1
630 686 -1
679 686 -1
686 686 6
687 686 -1
693 686 -1
742 686 -1
631 687 -1
680 687 -1
686 687 -1
687 687 6
688 687 -1
694 687 -1
743 687 -1
632 688 -1
681 688 -1
687 688 -1
688 688 6
689 688 -1
695 688 -1
744 688 -1
633 689 -1
682 689 -1
688 689 -1
689 689 6
690 689 -1
696 689 -1
745 689 -1
634 690 -1
683 690 -1
689 690 -1
690 690 6
691 690 -1
697 690 -1
746 690 -1
635 691 -1
684 691 -1
690 691 -1
691 691 6
692 691 -1
698 691 -1
747 691 -1
636 692 -1
685 692 -1
691 692 -1
692 692 6
699 692 -1
748 692 -1
637 693 -1
686 693 -1
693 693 6
694 693 -1
700 693 -1
749 693 -1
638 694 -1
687 694 -1
693 694 -1
694 694 6
695 694 -1
701 694 -1
750 694 -1
639 695 -1
688 695 -1
694 695 -1
695 695 6
696 695 -1
702 695 -1
751 695 -1
640 696 -1
689 696 -1
695 696 -1
696 696 6
697 696 -1
703 696 -1
752 696 -1
641 697 -1
690 697 -1
696 697 -1
697 697 6
698 697 -1
704 697 -1
753 697 -1
642 698 -1
691 698 -1
697 698 -1
698 698 6
699 698 -1
705 698 -1
754 698 -1
643 699 -1
692 699 -1
698 699 -1
699 699 6
706 699 -1
755 699 -1
644 700 -1
693 700 -1
700 700 6
701 700 -1
707 700 -1
756 700 -1
645 701 -1
694 701 -1
700 701 -1
701 701 6
702 701 -1
708 701 -1
757 701 -1
646 702 -1
695 702 -1
701 702 -1
702 702 6
703 702 -1
709 702 -1
758 702 -1
647 703 -1
696 703 -1
702 703 -1
703 703 6
704 703 -1
710 703 -1
759 703 -1
648 704 -1
697 704 -1
703 704 -1
704 704 6
705 704 -1
711 704 -1
760 704 -1
649 705 -1
698 705 -1
704 705 -1
705 705 6
706 705 -1
712 705 -1
761 705 -1
650 706 -1
699 706 -1
705 706 -1
706 706 6
713 706 -1
762 706 -1
651 707 -1
700 707 -1
707 707 6
708 707 -1
714 707 -1
763 707 -1
652 708 -1
701 708 -1
707 708 -1
708 708 6
709 708 -1
715 708 -1
764 708 -1
653 709 -1
702 709 -1
708 709 -1
709 709 6
710 709 -1
716 709 -1
765 709 -1
654 710 -1
703 710 -1
709 710 -1
710 710 6
711 710 -1
717 710 -1
766 710 -1
655 711 -1
704 711 -1
710 711 -1
711 711 6
712 711 -1
718 711 -1
767 711 -1
656 712 -1
705 712 -1
711 712 -1
712 712 6
713 712 -1
719 712 -1
768 712 -1
657 713 -1
706 713 -1
712 713 -1
713 713 6
720 713 -1
769 713 -1
658 714 -1
707 714 -1
714 714 6
715 714 -1
721 714 -1
770 714 -1
659 715 -1
708 715 -1
714 715 -1
715 715 6
716 715 -1
722 715 -1
771 715 -1
660 716 -1
709 716 -1
715 716 -1
716 716 6
717 716 -1
723 716 -1
772 716 -1
661 717 -1
710 717 -1
716 717 -1
717 717 6
718 717 -1
724 717 -1
773 717 -1
662 718 -1
711 718 -1
717 718 -1
718 718 6
719 718 -1
725 718 -1
774 718 -1
663 719 -1
712 719 -1
718 719 -1
719 719 6
720 719 -1
726 719 -1
775 719 -1
664 720 -1
713 720 -1
719 720 -1
720 720 6
727 720 -1
776 720 -1
665 721 -1
714 721 -1
721 721 5
722 721 -1
777 721 -1
666 722 -1
715 722 -1
721 722 -1
722 722 5
723 722 -1
778 722 -1
667 723 -1
716 723 -1
722 723 -1
723 723 5
724 723 -1
779 723 -1
668 724 -1
717 724 -1
723 724 -1
724 724 5
725 724 -1
780 724 -1
669 725 -1
718 725 -1
724 725 -1
725 725 5
726 725 -1
781 725 -1
670 726 -1
719 726 -1
725 726 -1
726 726 5
727 726 -1
782 726 -1
671 727 -1
720 727 -1
726 727 -1
727 727 5
783 727 -1
672 728 -1
728 728 5
729 728 -1
735 728 -1
673 729 -1
728 729 -1
729 729 5
730 729 -1
736 729 -1
674 730 -1
729 730 -1
730 730 5
731 730 -1
737 730 -1
675 731 -1
730 731 -1
731 731 5
732 731 -1
738 731 -1
676 732 -1
731 732 -1
732 732 5
733 732 -1
739 732 -1
677 733 -1
732 733 -1
733 733 5
734 733 -1
740 733 -1
678 734 -1
733 734 -1
734 734 5
741 734 -1
679 735 -1
728 735 -1
735 735 6
736 735 -1
742 735 -1
680 736 -1
729 736 -1
735 736 -1
736 736 6
737 736 -1
743 736 -1
681 737 -1
730 737 -1
736 737 -1
737 737 6
738 737 -1
744 737 -1
682 738 -1
731 738 -1
737 738 -1
738 738 6
739 738 -1
745 738 -1
683 739 -1
732 739 -1
738 739 -1
739 739 6
740 739 -1
746 739 -1
684 740 -1
733 740 -1
739 740 -1
740 740 6
741 740 -1
747 740 -1
685 741 -1
734 741 -1
740 741 -1
741 741 6
748 741 -1
686 742 -1
735 742 -1
742 742 6
743 742 -1
749 742 -1
687 743 -1
736 743 -1
742 743 -1
743 743 6
744 743 -1
750 743 -1
688 744 -1
737 744 -1
743 744 -1
744 744 6
745 744 -1
751 744 -1
689 745 -1
738 745 -1
744 745 -1
745 745 6
746 745 -1
752 745 -1
690 746 -1
739 746 -1
745 746 -1
746 746 6
747 746 -1
753 746 -1
691 747 -1
740 747 -1
746 747 -1
747 747 6
748 747 -1
754 747 -1
692 748 -1
741 748 -1
747 748 -1
748 748 6
755 748 -1
693 749 -1
742 749 -1
749 749 6
750 749 -1
756 749 -1
694 750 -1
743 750 -1
749 750 -1
750 750 6
751 750 -1
757 750 -1
695 751 -1
744 751 -1
750 751 -1
751 751 6
752 751 -1
758 751 -1
696 752 -1
745 752 -1
751 752 -1
752 752 6
753 752 -1
759 752 -1
697 753 -1
746 753 -1
752 753 -1
753 753 6
754 753 -1
760 753 -1
698 754 -1
747 754 -1
753 754 -1
754 754 6
755 754 -1
761 754 -1
699 755 -1
748 755 -1
754 755 -1
755 755 6
762 755 -1
700 756 -1
749 756 -1
756 756 6
757 756 -1
763 756 -1
701 757 -1
750 757 -1
756 757 -1
757 757 6
758 757 -1
764 757 -1
702 758 -1
751 758 -1
757 758 -1
758 758 6
759 758 -1
765 758 -1
703 759 -1
752 759 -1
758 759 -1
759 759 6
760 759 -1
766 759 -1
704 760 -1
753 760 -1
759 760 -1
760 760 6
761 760 -1
767 760 -1
705 761 -1
754 761 -1
760 761 -1
761 761 6
762 761 -1
768 761 -1
706 762 -1
755 762 -1
761 762 -1
762 762 6
769 762 -1
707 763 -1
756 763 -1
763 763 6
764 763 -1
770 763 -1
708 764 -1
757 764 -1
763 764 -1
764 764 6
765 764 -1
771 764 -1
709 765 -1
758 765 -1
764 765 -1
765 765 6
766 765 -1
772 765 -1
710 766 -1
759 766 -1
765 766 -1
766 766 6
767 766 -1
773 766 -1
711 767 -1
760 767 -1
766 767 -1
767 767 6
768 767 -1
774 767 -1
712 768 -1
761 768 -1
767 768 -1
768 768 6
769 768 -1
775 768 -1
713 769 -1
762 769 -1
768 769 -1
769 769 6
776 769 -1
714 770 -1
763 770 -1
770 770 6
771 770 -1
777 770 -1
715 771 -1
764 771 -1
770 771 -1
771 771 6
772 771 -1
778 771 -1
716 772 -1
765 772 -1
771 772 -1
772 772 6
773 772 -1
779 772 -1
717 773 -1
766 773 -1
772 773 -1
773 773 6
774 773 -1
780 773 -1
718 774 -1
767 774 -1
773 774 -1
774 774 6
775 774 -1
781 774 -1
719 775 -1
768 775 -1
774 775 -1
775 775 6
776 775 -1
782 775 -1
720 776 -1
769 776 -1
775 776 -1
776 776 6
783 776 -1
721 777 -1
770 777 -1
777 777 5
778 777 -1
722 778 -1
771 778 -1
777 778 -1
778 778 5
779 778 -1
723 779 -1
772 779 -1
778 779 -1
779 779 5
780 779 -1
724 780 -1
773 780 -1
779 780 -1
780 780 5
781 780 -1
725 781 -1
774 781 -1
780 781 -1
781 781 5
782 781 -1
726 782 -1
775 782 -1
781 782 -1
782 782 5
783 782 -1
727 783 -1
776 783 -1
782 783 -1
783 783 5
784 784 5
785 784 -1
791 784 -1
833 784 -1
784 785 -1
785 785 5
786 785 -1
792 785 -1
834 785 -1
785 786 -1
786 786 5
787 786 -1
793 786 -1
835 786 -1
786 787 -1
787 787 5
788 787 -1
794 787 -1
836 787 -1
787 788 -1
788 788 5
789 788 -1
795 788 -1
837 788 -1
788 789 -1
789 789 5
790 789 -1
796 789 -1
838 789 -1
789 790 -1
790 790 5
797 790 -1
839 790 -1
784 791 -1
791 791 5
792 791 -1
798 791 -1
840 791 -1
785 792 -1
791 792 -1
792 792 5
793 792 -1
799 792 -1
841 792 -1
786 793 -1
792 793 -1
793 793 5
794 793 -1
800 793 -1
842 793 -1
787 794 -1
793 794 -1
794 794 5
795 794 -1
801 794 -1
843 794 -1
788 795 -1
794 795 -1
795 795 5
796 795 -1
802 795 -1
844 795 -1
789 796 -1
795 796 -1
796 796 5
797 796 -1
803 796 -1
845 796 -1
790 797 -1
796 797 -1
797 797 5
804 797 -1
846 797 -1
791 798 -1
798 798 5
799 798 -1
805 798 -1
847 798 -1
792 799 -1
798 799 -1
799 799 5
800 799 -1
806 799 -1
848 799 -1
793 800 -1
799 800 -1
800 800 5
801 800 -1
807 800 -1
849 800 -1
794 801 -1
800 801 -1
801 801 5
802 801 -1
808 801 -1
850 801 -1
795 802 -1
801 802 -1
802 802 5
803 802 -1
809 802 -1
851 802 -1
796 803 -1
802 803 -1
803 803 5
804 803 -1
810 803 -1
852 803 -1
797 804 -1
803 804 -1
804 804 5
811 804 -1
853 804 -1
798 805 -1
805 805 5
806 805 -1
812 805 -1
854 805 -1
799 806 -1
805 806 -1
806 806 5
807 806 -1
813 806 -1
855 806 -1
800 807 -1
806 807 -1
807 807 5
808 807 -1
814 807 -1
856 807 -1
801 808 -1
807 808 -1
808 808 5
809 808 -1
815 808 -1
857 808 -1
802 809 -1
808 809 -1
809 809 5
810 809 -1
816 809 -1
858 809 -1
803 810 -1
809 810 -1
810 810 5
811 810 -1
817 810 -1
859 810 -1
804 811 -1
810 811 -1
811 811 5
818 811 -1
860 811 -1
805 812 -1
812 812 5
813 812 -1
819 812 -1
861 812 -1
806 813 -1
812 813 -1
813 813 5
814 813 -1
820 813 -1
862 813 -1
807 814 -1
813 814 -1
814 814 5
815 814 -1
821 814 -1
863 814 -1
808 815 -1
814 815 -1
815 815 5
816 815 -1
822 815 -1
864 815 -1
809 816 -1
815 816 -1
816 816 5
817 816 -1
823 816 -1
865 816 -1
810 817 -1
816 817 -1
817 817 5
818 817 -1
824 817 -1
866 817 -1
811 818 -1
817 818 -1
818 818 5
825 818 -1
867 818 -1
812 819 -1
819 819 5
820 819 -1
826 819 -1
868 819 -1
813 820 -1
819 820 -1
820 820 5
821 820 -1
827 820 -1
869 820 -1
814 821 -1
820 821 -1
821 821 5
822 821 -1
828 821 -1
870 821 -1
815 822 -1
821 822 -1
822 822 5
823 822 -1
829 822 -1
871 822 -1
816 823 -1
822 823 -1
823 823 5
824 823 -1
830 823 -1
872 823 -1
817 824 -1
823 824 -1
824 824 5
825 824 -1
831 824 -1
873 824 -1
818 825 -1
824 825 -1
825 825 5
832 825 -1
874 825 -1
819 826 -1
826 826 5
827 826 -1
875 826 -1
820 827 -1
826 827 -1
827 827 5
828 827 -1
876 827 -1
821 828 -1
827 828 -1
828 828 5
829 828 -1
877 828 -1
822 829 -1
828 829 -1
829 829 5
830 829 -1
878 829 -1
823 830 -1
829 830 -1
830 830 5
831 830 -1
879 830 -1
824 831 -1
830 831 -1
831 831 5
832 831 -1
880 831 -1
825 832 -1
831 832 -1
832 832 5
881 832 -1
784 833 -1
833 833 6
834 833 -1
840 833 -1
882 833 -1
785 834 -1
833 834 -1
834 834 6
835 834 -1
841 834 -1
883 834 -1
786 835 -1
834 835 -1
835 835 6
836 835 -1
842 835 -1
884 835 -1
787 836 -1
835 836 -1
836 836 6
837 836 -1
843 836 -1
885 836 -1
788 837 -1
836 837 -1
837 837 6
838 837 -1
844 837 -1
886 837 -1
789 838 -1
837 838 -1
838 838 6
839 838 -1
845 838 -1
887 838 -1
790 839 -1
838 839 -1
839 839 6
846 839 -1
888 839 -1
791 840 -1
833 840 -1
840 840 6
841 840 -1
847 840 -1
889 840 -1
792 841 -1
834 841 -1
840 841 -1
841 841 6
842 841 -1
848 841 -1
890 841 -1
793 842 -1
835 842 -1
841 842 -1
842 842 6
843 842 -1
849 842 -1
891 842 -1
794 843 -1
836 843 -1
842 843 -1
843 843 6
844 843 -1
850 843 -1
892 843 -1
795 844 -1
837 844 -1
843 844 -1
844 844 6
845 844 -1
851 844 -1
893 844 -1
796 845 -1
838 845 -1
844 845 -1
845 845 6
846 845 -1
852 845 -1
894 845 -1
797 846 -1
839 846 -1
845 846 -1
846 846 6
853 846 -1
895 846 -1
798 847 -1
840 847 -1
847 847 6
848 847 -1
854 847 -1
896 847 -1
799 848 -1
841 848 -1
847 848 -1
848 848 6
849 848 -1
855 848 -1
897 848 -1
800 849 -1
842 849 -1
848 849 -1
849 849 6
850 849 -1
856 849 -1
898 849 -1
801 850 -1
843 850 -1
849 850 -1
850 850 6
851 850 -1
857 850 -1
899 850 -1
802 851 -1
844 851 -1
850 851 -1
851 851 6
852 851 -1
858 851 -1
900 851 -1
803 852 -1
845 852 -1
851 852 -1
852 852 6
853 852 -1
859 852 -1
901 852 -1
804 853 -1
846 853 -1
852 853 -1
853 853 6
860 853 -1
902 853 -1
805 854 -1
847 854 -1
854 854 6
855 854 -1
861 854 -1
903 854 -1
806 855 -1
848 855 -1
854 855 -1
855 855 6
856 855 -1
862 855 -1
904 855 -1
807 856 -1
849 856 -1
855 856 -1
856 856 6
857 856 -1
863 856 -1
905 856 -1
808 857 -1
850 857 -1
856 857 -1
857 857 6
858 857 -1
864 857 -1
906 857 -1
809 858 -1
851 858 -1
857 858 -1
858 858 6
859 858 -1
865 858 -1
907 858 -1
810 859 -1
852 859 -1
858 859 -1
859 859 6
860 859 -1
866 859 -1
908 859 -1
811 860 -1
853 860 -1
859 860 -1
860 860 6
867 860 -1
909 860 -1
812 861 -1
854 861 -1
861 861 6
862 861 -1
868 861 -1
910 861 -1
813 862 -1
855 862 -1
861 862 -1
862 862 6
863 862 -1
869 862 -1
911 862 -1
814 863 -1
856 863 -1
862 863 -1
863 863 6
864 863 -1
870 863 -1
912 863 -1
815 864 -1
857 864 -1
863 864 -1
864 864 6
865 864 -1
871 864 -1
913 864 -1
816 865 -1
858 865 -1
864 865 -1
865 865 6
866 865 -1
872 865 -1
914 865 -1
817 866 -1
859 866 -1
865 866 -1
866 866 6
867 866 -1
873 866 -1
915 866 -1
818 867 -1
860 867 -1
866 867 -1
867 867 6
874 867 -1
916 867 -1
819 868 -1
861 868 -1
868 868 6
869 868 -1
875 868 -1
917 868 -1
820 869 -1
862 869 -1
868 869 -1
869 869 6
870 869 -1
876 869 -1
918 869 -1
821 870 -1
863 870 -1
869 870 -1
870 870 6
871 870 -1
877 870 -1
919 870 -1
822 871 -1
864 871 -1
870 871 -1
871 871 6
872 871 -1
878 871 -1
920 871 -1
823 872 -1
865 872 -1
871 872 -1
872 872 6
873 872 -1
879 872 -1
921 872 -1
824 873 -1
866 873 -1
872 873 -1
873 873 6
874 873 -1
880 873 -1
922 873 -1
825 874 -1
867 874 -1
873 874 -1
874 874 6
881 874 -1
923 874 -1
826 875 -1
868 875 -1
875 875 6
876 875 -1
924 875 -1
827 876 -1
869 876 -1
875 876 -1
876 876 6
877 876 -1
925 876 -1
828 877 -1
870 877 -1
876 877 -1
877 877 6
878 877 -1
926 877 -1
829 878 -1
871 878 -1
877 878 -1
878 878 6
879 878 -1
927 878 -1
830 879 -1
872 879 -1
878 879 -1
879 879 6
880 879 -1
928 879 -1
831 880 -1
873 880 -1
879 880 -1
880 880 6
881 880 -1
929 880 -1
832 881 -1
874 881 -1
880 881 -1
881 881 6
930 881 -1
833 882 -1
882 882 6
883 882 -1
889 882 -1
931 882 -1
834 883 -1
882 883 -1
883 883 6
884 883 -1
890 883 -1
932 883 -1
835 884 -1
883 884 -1
884 884 6
885 884 -1
891 884 -1
933 884 -1
836 885 -1
884 885 -1
885 885 6
886 885 -1
892 885 -1
934 885 -1
837 886 -1
885 886 -1
886 886 6
887 886 -1
893 886 -1
935 886 -1
838 887 -1
886 887 -1
887 887 6
888 887 -1
894 887 -1
936 887 -1
839 888 -1
887 888 -1
888 888 6
895 888 -1
937 888 -1
840 889 -1
882 889 -1
889 889 6
890 889 -1
896 889 -1
938 889 -1
841 890 -1
883 890 -1
889 890 -1
890 890 6
891 890 -1
897 890 -1
939 890 -1
842 891 -1
884 891 -1
890 891 -1
891 891 6
892 891 -1
898 891 -1
940 891 -1
843 892 -1
885 892 -1
891 892 -1
892 892 6
893 892 -1
899 892 -1
941 892 -1
844 893 -1
886 893 -1
892 893 -1
893 893 6
894 893 -1
900 893 -1
942 893 -1
845 894 -1
887 894 -1
893 894 -1
894 894 6
895 894 -1
901 894 -1
943 894 -1
846 895 -1
888 895 -1
894 895 -1
895 895 6
902 895 -1
944 895 -1
847 896 -1
889 896 -1
896 896 6
897 896 -1
903 896 -1
945 896 -1
848 897 -1
890 897 -1
896 897 -1
897 897 6
898 897 -1
904 897 -1
946 897 -1
849 898 -1
891 898 -1
897 898 -1
898 898 6
899 898 -1
905 898 -1
947 898 -1
850 899 -1
892 899 -1
898 899 -1
899 899 6
900 899 -1
906 899 -1
948 899 -1
851 900 -1
893 900 -1
899 900 -1
900 900 6
901 900 -1
907 900 -1
949 900 -1
852 901 -1
894 901 -1
900 901 -1
901 901 6
902 901 -1
908 901 -1
950 901 -1
853 902 -1
895 902 -1
901 902 -1
902 902 6
909 902 -1
951 902 -1
854 903 -1
896 903 -1
903 903 6
904 903 -1
910 903 -1
952 903 -1
855 904 -1
897 904 -1
903 904 -1
904 904 6
905 904 -1
911 904 -1
953 904 -1
856 905 -1
898 905 -1
904 905 -1
905 905 6
906 905 -1
912 905 -1
954 905 -1
857 906 -1
899 906 -1
905 906 -1
906 906 6
907 906 -1
913 906 -1
955 906 -1
858 907 -1
900 907 -1
906 907 -1
907 907 6
908 907 -1
914 907 -1
956 907 -1
859 908 -1
901 908 -1
907 908 -1
908 908 6
909 908 -1
915 908 -1
957 908 -1
860 909 -1
902 909 -1
908 909 -1
909 909 6
916 909 -1
958 909 -1
861 910 -1
903 910 -1
910 910 6
911 910 -1
917 910 -1
959 910 -1
862 911 -1
904 911 -1
910 911 -1
911 911 6
912 911 -1
918 911 -1
960 911 -1
863 912 -1
905 912 -1
911 912 -1
912 912 6
913 912 -1
919 912 -1
961 912 -1
864 913 -1
906 913 -1
912 913 -1
913 913 6
914 913 -1
920 913 -1
962 913 -1
865 914 -1
907 914 -1
913 914 -1
914 914 6
915 914 -1
921 914 -1
963 914 -1
866 915 -1
908 915 -1
914 915 -1
915 915 6
916 915 -1
922 915 -1
964 915 -1
867 916 -1
909 916 -1
915 916 -1
916 916 6
923 916 -1
965 916 -1
868 917 -1
910 917 -1
917 917 6
918 917 -1
924 917 -1
966 917 -1
869 918 -1
911 918 -1
917 918 -1
918 918 6
919 918 -1
925 918 -1
967 918 -1
870 919 -1
912 919 -1
918 919 -1
919 919 6
920 919 -1
926 919 -1
968 919 -1
871 920 -1
913 920 -1
919 920 -1
920 920 6
921 920 -1
927 920 -1
969 920 -1
872 921 -1
914 921 -1
920 921 -1
921 921 6
922 921 -1
928 921 -1
970 921 -1
873 922 -1
915 922 -1
921 922 -1
922 922 6
923 922 -1
929 922 -1
971 922 -1
874 923 -1
916 923 -1
922 923 -1
923 923 6
930 923 -1
972 923 -1
875 924 -1
917 924 -1
924 924 6
925 924 -1
973 924 -1
876 925 -1
918 925 -1
924 925 -1
925 925 6
926 925 -1
974 925 -1
877 926 -1
919 926 -1
925 926 -1
926 926 6
927 926 -1
975 926 -1
878 927 -1
920 927 -1
926 927 -1
927 927 6
928 927 -1
976 927 -1
879 928 -1
921 928 -1
927 928 -1
928 928 6
929 928 -1
977 928 -1
880 929 -1
922 929 -1
928 929 -1
929 929 6
930 929 -1
978 929 -1
881 930 -1
923 930 -1
929 930 -1
930 930 6
979 930 -1
882 931 -1
931 931 6
932 931 -1
938 931 -1
980 931 -1
883 932 -1
931 932 -1
932 932 6
933 932 -1
939 932 -1
981 932 -1
884 933 -1
932 933 -1
933 933 6
934 933 -1
940 933 -1
982 933 -1
885 934 -1
933 934 -1
934 934 6
935 934 -1
941 934 -1
983 934 -1
886 935 -1
934 935 -1
935 935 6
936 935 -1
942 935 -1
984 935 -1
887 936 -1
935 936 -1
936 936 6
937 936 -1
943 936 -1
985 936 -1
888 937 -1
936 937 -1
937 937 6
944 937 -1
986 937 -1
889 938 -1
931 938 -1
938 938 6
939 938 -1
945 938 -1
987 938 -1
890 939 -1
932 939 -1
938 939 -1
939 939 6
940 939 -1
946 939 -1
988 939 -1
891 940 -1
933 940 -1
939 940 -1
940 940 6
941 940 -1
947 940 -1
989 940 -1
892 941 -1
934 941 -1
940 941 -1
941 941 6
942 941 -1
948 941 -1
990 941 -1
893 942 -1
935 942 -1
941 942 -1
942 942 6
943 942 -1
949 942 -1
991 942 -1
894 943 -1
936 943 -1
942 943 -1
943 943 6
944 943 -1
950 943 -1
992 943 -1
895 944 -1
937 944 -1
943 944 -1
944 944 6
951 944 -1
993 944 -1
896 945 -1
938 945 -1
945 945 6
946 945 -1
952 945 -1
994 945 -1
897 946 -1
939 946 -1
945 946 -1
946 946 6
947 946 -1
953 946 -1
995 946 -1
898 947 -1
940 947 -1
946 947 -1
947 947 6
948 947 -1
954 947 -1
996 947 -1
899 948 -1
941 948 -1
947 948 -1
948 948 6
949 948 -1
955 948 -1
997 948 -1
900 949 -1
942 949 -1
948 949 -1
949 949 6
950 949 -1
956 949 -1
998 949 -1
901 950 -1
943 950 -1
949 950 -1
950 950 6
951 950 -1
957 950 -1
999 950 -1
902 951 -1
944 951 -1
950 951 -1
951 951 6
958 951 -1
1000 951 -1
903 952 -1
945 952 -1
952 952 6
953 952 -1
959 952 -1
1001 952 -1
904 953 -1
946 953 -1
952 953 -1
953 953 6
954 953 -1
960 953 -1
1002 953 -1
905 954 -1
947 954 -1
953 954 -1
954 954 6
955 954 -1
961 954 -1
1003 954 -1
906 955 -1
948 955 -1
954 955 -1
955 955 6
956 955 -1
962 955 -1
1004 955 -1
907 956 -1
949 956 -1
955 956 -1
956 956 6
957 956 -1
963 956 -1
1005 956 -1
908 957 -1
950 957 -1
956 957 -1
957 957 6
958 957 -1
964 957 -1
1006 957 -1
909 958 -1
951 958 -1
957 958 -1
958 958 6
965 958 -1
1007 958 -1
910 959 -1
952 959 -1
959 959 6
960 959 -1
966 959 -1
1008 959 -1
911 960 -1
953 960 -1
959 960 -1
960 960 6
961 960 -1
967 960 -1
1009 960 -1
912 961 -1
954 961 -1
960 961 -1
961 961 6
962 961 -1
968 961 -1
1010 961 -1
913 962 -1
955 962 -1
961 962 -1
962 962 6
963 962 -1
969 962 -1
1011 962 -1
914 963 -1
956 963 -1
962 963 -1
963 963 6
964 963 -1
970 963 -1
1012 963 -1
915 964 -1
957 964 -1
963 964 -1
964 964 6
965 964 -1
971 964 -1
1013 964 -1
916 965 -1
958 965 -1
964 965 -1
965 965 6
972 965 -1
1014 965 -1
917 966 -1
959 966 -1
966 966 6
967 966 -1
973 966 -1
1015 966 -1
918 967 -1
960 967 -1
966 967 -1
967 967 6
968 967 -1
974 967 -1
1016 967 -1
919 968 -1
961 968 -1
967 968 -1
968 968 6
969 968 -1
975 968 -1
1017 968 -1
920 969 -1
962 969 -1
968 969 -1
969 969 6
970 969 -1
976 969 -1
1018 969 -1
921 970 -1
963 970 -1
969 970 -1
970 970 6
971 970 -1
977 970 -1
1019 970 -1
922 971 -1
964 971 -1
970 971 -1
971 971 6
972 971 -1
978 971 -1
1020 971 -1
923 972 -1
965 972 -1
971 972 -1
972 972 6
979 972 -1
1021 972 -1
924 973 -1
966 973 -1
973 973 6
974 973 -1
1022 973 -1
925 974 -1
967 974 -1
973 974 -1
974 974 6
975 974 -1
1023 974 -1
926 975 -1
968 975 -1
974 975 -1
975 975 6
976 975 -1
1024 975 -1
927 976 -1
969 976 -1
975 976 -1
976 976 6
977 976 -1
1025 976 -1
928 977 -1
970 977 -1
976 977 -1
977 977 6
978 977 -1
1026 977 -1
929 978 -1
971 978 -1
977 978 -1
978 978 6
979 978 -1
1027 978 -1
930 979 -1
972 979 -1
978 979 -1
979 979 6
1028 979 -1
931 980 -1
980 980 6
981 980 -1
987 980 -1
1029 980 -1
932 981 -1
980 981 -1
981 981 6
982 981 -1
988 981 -1
1030 981 -1
933 982 -1
981 982 -1
982 982 6
983 982 -1
989 982 -1
1031 982 -1
934 983 -1
982 983 -1
983 983 6
984 983 -1
990 983 -1
1032 983 -1
935 984 -1
983 984 -1
984 984 6
985 984 -1
991 984 -1
1033 984 -1
936 985 -1
984 985 -1
985 985 6
986 985 -1
992 985 -1
1034 985 -1
937 986 -1
985 986 -1
986 986 6
993 986 -1
1035 986 -1
938 987 -1
980 987 -1
987 987 6
988 987 -1
994 987 -1
1036 987 -1
939 988 -1
981 988 -1
987 988 -1
988 988 6
989 988 -1
995 988 -1
1037 988 -1
940 989 -1
982 989 -1
988 989 -1
989 989 6
990 989 -1
996 989 -1
1038 989 -1
941 990 -1
983 990 -1
989 990 -1
990 990 6
991 990 -1
997 990 -1
1039 990 -1
942 991 -1
984 991 -1
990 991 -1
991 991 6
992 991 -1
998 991 -1
1040 991 -1
943 992 -1
985 992 -1
991 992 -1
992 992 6
993 992 -1
999 992 -1
1041 992 -1
944 993 -1
986 993 -1
992 993 -1
993 993 6
1000 993 -1
1042 993 -1
945 994 -1
987 994 -1
994 994 6
995 994 -1
1001 994 -1
1043 994 -1
946 995 -1
988 995 -1
994 995 -1
995 995 6
996 995 -1
1002 995 -1
1044 995 -1
947 996 -1
989 996 -1
995 996 -1
996 996 6
997 996 -1
1003 996 -1
1045 996 -1
948 997 -1
990 997 -1
996 997 -1
997 997 6
998 997 -1
1004 997 -1
1046 997 -1
949 998 -1
991 998 -1
997 998 -1
998 998 6
999 998 -1
1005 998 -1
1047 998 -1
950 999 -1
992 999 -1
998 999 -1
999 999 6
1000 999 -1
1006 999 -1
1048 999 -1
951 1000 -1
993 1000 -1
999 1000 -1
1000 1000 6
1007 1000 -1
1049 1000 -1
952 1001 -1
994 1001 -1
1001 1001 6
1002 1001 -1
1008 1001 -1
1050 1001 -1
953 1002 -1
995 1002 -1
1001 1002 -1
1002 1002 6
1003 1002 -1
1009 1002 -1
1051 1002 -1
954 1003 -1
996 1003 -1
1002 1003 -1
1003 1003 6
1004 1003 -1
1010 1003 -1
1052 1003 -1
955 1004 -1
997 1004 -1
1003 1004 -1
1004 1004 6
1005 1004 -1
1011 1004 -1
1053 1004 -1
956 1005 -1
998 1005 -1
1004 1005 -1
1005 1005 6
1006 1005 -1
1012 1005 -1
1054 1005 -1
957 1006 -1
999 1006 -1
1005 1006 -1
1006 1006 6
1007 1006 -1
1013 1006 -1
1055 1006 -1
958 1007 -1
1000 1007 -1
1006 1007 -1
1007 1007 6
1014 1007 -1
1056 1007 -1
959 1008 -1
1001 1008 -1
1008 1008 6
1009 1008 -1
1015 1008 -1
1057 1008 -1
960 1009 -1
1002 1009 -1
1008 1009 -1
1009 1009 6
1010 1009 -1
1016 1009 -1
1058 1009 -1
961 1010 -1
1003 1010 -1
1009 1010 -1
1010 1010 6
1011 1010 -1
1017 1010 -1
1059 1010 -1
962 1011 -1
1004 1011 -1
1010 1011 -1
1011 1011 6
1012 1011 -1
1018 1011 -1
1060 1011 -1
963 1012 -1
1005 1012 -1
1011 1012 -1
1012 1012 6
1013 1012 -1
1019 1012 -1
1061 1012 -1
964 1013 -1
1006 1013 -1
1012 1013 -1
1013 1013 6
1014 1013 -1
1020 1013 -1
1062 1013 -1
965 1014 -1
1007 1014 -1
1013 1014 -1
1014 1014 6
1021 1014 -1
1063 1014 -1
966 1015 -1
1008 1015 -1
1015 1015 6
1016 1015 -1
1022 1015 -1
1064 1015 -1
967 1016 -1
1009 1016 -1
1015 1016 -1
1016 1016 6
1017 1016 -1
1023 1016 -1
1065 1016 -1
968 1017 -1
1010 1017 -1
1016 1017 -1
1017 1017 6
1018 1017 -1
1024 1017 -1
1066 1017 -1
969 1018 -1
1011 1018 -1
1017 1018 -1
1018 1018 6
1019 1018 -1
1025 1018 -1
1067 1018 -1
970 1019 -1
1012 1019 -1
1018 1019 -1
1019 1019 6
1020 1019 -1
1026 1019 -1
1068 1019 -1
971 1020 -1
1013 1020 -1
1019 1020 -1
1020 1020 6
1021 1020 -1
1027 1020 -1
1069 1020 -1
972 1021 -1
1014 1021 -1
1020 1021 -1
1021 1021 6
1028 1021 -1
1070 1021 -1
973 1022 -1
1015 1022 -1
1022 1022 6
1023 1022 -1
1071 1022 -1
974 1023 -1
1016 1023 -1
1022 1023 -1
1023 1023 6
1024 1023 -1
1072 1023 -1
975 1024 -1
1017 1024 -1
1023 1024 -1
1024 1024 6
1025 1024 -1
1073 1024 -1
976 1025 -1
1018 1025 -1
1024 1025 -1
1025 1025 6
1026 1025 -1
1074 1025 -1
977 1026 -1
1019 1026 -1
1025 1026 -1
1026 1026 6
1027 1026 -1
1075 1026 -1
978 1027 -1
1020 1027 -1
1026 1027 -1
1027 1027 6
1028 1027 -1
1076 1027 -1
979 1028 -1
1021 1028 -1
1027 1028 -1
1028 1028 6
1077 1028 -1
980 1029 -1
1029 1029 6
1030 1029 -1
1036 1029 -1
1078 1029 -1
981 1030 -1
1029 1030 -1
1030 1030 6
1031 1030 -1
1037 1030 -1
1079 1030 -1
982 1031 -1
1030 1031 -1
1031 1031 6
1032 1031 -1
1038 1031 -1
1080 1031 -1
983 1032 -1
1031 1032 -1
1032 1032 6
1033 1032 -1
1039 1032 -1
1081 1032 -1
984 1033 -1
1032 1033 -1
1033 1033 6
1034 1033 -1
1040 1033 -1
1082 1033 -1
985 1034 -1
1033 1034 -1
1034 1034 6
1035 1034 -1
1041 1034 -1
1083 1034 -1
986 1035 -1
1034 1035 -1
1035 1035 6
1042 1035 -1
1084 1035 -1
987 1036 -1
1029 1036 -1
1036 1036 6
1037 1036 -1
1043 1036 -1
1085 1036 -1
988 1037 -1
1030 1037 -1
1036 1037 -1
1037 1037 6
1038 1037 -1
1044 1037 -1
1086 1037 -1
989 1038 -1
1031 1038 -1
1037 1038 -1
1038 1038 6
1039 1038 -1
1045 1038 -1
1087 1038 -1
990 1039 -1
1032 1039 -1
1038 1039 -1
1039 1039 6
1040 1039 -1
1046 1039 -1
1088 1039 -1
991 1040 -1
1033 1040 -1
1039 1040 -1
1040 1040 6
1041 1040 -1
1047 1040 -1
1089 1040 -1
992 1041 -1
1034 1041 -1
1040 1041 -1
1041 1041 6
1042 1041 -1
1048 1041 -1
1090 1041 -1
993 1042 -1
1035 1042 -1
1041 1042 -1
1042 1042 6
1049 1042 -1
1091 1042 -1
994 1043 -1
1036 1043 -1
1043 1043 6
1044 1043 -1
1050 1043 -1
1092 1043 -1
995 1044 -1
1037 1044 -1
1043 1044 -1
1044 1044 6
1045 1044 -1
1051 1044 -1
1093 1044 -1
996 1045 -1
1038 1045 -1
1044 1045 -1
1045 1045 6
1046 1045 -1
1052 1045 -1
1094 1045 -1
997 1046 -1
1039 1046 -1
1045 1046 -1
1046 1046 6
1047 1046 -1
1053 1046 -1
1095 1046 -1
998 1047 -1
1040 1047 -1
1046 1047 -1
1047 1047 6
1048 1047 -1
1054 1047 -1
1096 1047 -1
999 1048 -1
1041 1048 -1
1047 1048 -1
1048 1048 6
1049 1048 -1
1055 1048 -1
1097 1048 -1
1000 1049 -1
1042 1049 -1
1048 1049 -1
1049 1049 6
1056 1049 -1
1098 1049 -1
1001 1050 -1
1043 1050 -1
1050 1050 6
1051 1050 -1
1057 1050 -1
1099 1050 -1
1002 1051 -1
1044 1051 -1
1050 1051 -1
1051 1051 6
1052 1051 -1
1058 1051 -1
1100 1051 -1
1003 1052 -1
1045 1052 -1
1051 1052 -1
1052 1052 6
1053 1052 -1
1059 1052 -1
1101 1052 -1
1004 1053 -1
1046 1053 -1
1052 1053 -1
1053 1053 6
1054 1053 -1
1060 1053 -1
1102 1053 -1
1005 1054 -1
1047 1054 -1
1053 1054 -1
1054 1054 6
1055 1054 -1
1061 1054 -1
1103 1054 -1
1006 1055 -1
1048 1055 -1
1054 1055 -1
1055 1055 6
1056 1055 -1
1062 1055 -1
1104 1055 -1
1007 1056 -1
1049 1056 -1
1055 1056 -1
1056 1056 6
1063 1056 -1
1105 1056 -1
1008 1057 -1
1050 1057 -1
1057 1057 6
1058 1057 -1
1064 1057 -1
1106 1057 -1
1009 1058 -1
1051 1058 -1
1057 1058 -1
1058 1058 6
1059 1058 -1
1065 1058 -1
1107 1058 -1
1010 1059 -1
1052 1059 -1
1058 1059 -1
1059 1059 6
1060 1059 -1
1066 1059 -1
1108 1059 -1
1011 1060 -1
1053 1060 -1
1059 1060 -1
1060 1060 6
1061 1060 -1
1067 1060 -1
1109 1060 -1
1012 1061 -1
1054 1061 -1
1060 1061 -1
1061 1061 6
1062 1061 -1
1068 1061 -1
1110 1061 -1
1013 1062 -1
1055 1062 -1
1061 1062 -1
1062 1062 6
1063 1062 -1
1069 1062 -1
1111 1062 -1
1014 1063 -1
1056 1063 -1
1062 1063 -1
1063 1063 6
1070 1063 -1
1112 1063 -1
1015 1064 -1
1057 1064 -1
1064 1064 6
1065 1064 -1
1071 1064 -1
1113 1064 -1
1016 1065 -1
1058 1065 -1
1064 1065 -1
1065 1065 6
1066 1065 -1
1072 1065 -1
1114 1065 -1
1017 1066 -1
1059 1066 -1
1065 1066 -1
1066 1066 6
1067 1066 -1
1073 1066 -1
1115 1066 -1
1018 1067 -1
1060 1067 -1
1066 1067 -1
1067 1067 6
1068 1067 -1
1074 1067 -1
1116 1067 -1
1019 1068 -1
1061 1068 -1
1067 1068 -1
1068 1068 6
1069 1068 -1
1075 1068 -1
1117 1068 -1
1020 1069 -1
1062 1069 -1
1068 1069 -1
1069 1069 6
1070 1069 -1
1076 1069 -1
1118 1069 -1
1021 1070 -1
1063 1070 -1
1069 1070 -1
1070 1070 6
1077 1070 -1
1119 1070 -1
1022 1071 -1
1064 1071 -1
1071 1071 6
1072 1071 -1
1120 1071 -1
1023 1072 -1
1065 1072 -1
1071 1072 -1
1072 1072 6
1073 1072 -1
1121 1072 -1
1024 1073 -1
1066 1073 -1
1072 1073 -1
1073 1073 6
1074 1073 -1
1122 1073 -1
1025 1074 -1
1067 1074 -1
1073 1074 -1
1074 1074 6
1075 1074 -1
1123 1074 -1
1026 1075 -1
1068 1075 -1
1074 1075 -1
1075 1075 6
1076 1075 -1
1124 1075 -1
1027 1076 -1
1069 1076 -1
1075 1076 -1
1076 1076 6
1077 1076 -1
1125 1076 -1
1028 1077 -1
1070 1077 -1
1076 1077 -1
1077 1077 6
1126 1077 -1
1029 1078 -1
1078 1078 6
1079 1078 -1
1085 1078 -1
1127 1078 -1
1030 1079 -1
1078 1079 -1
1079 1079 6
1080 1079 -1
1086 1079 -1
1128 1079 -1
1031 1080 -1
1079 1080 -1
1080 1080 6
1081 1080 -1
1087 1080 -1
1129 1080 -1
1032 1081 -1
1080 1081 -1
1081 1081 6
1082 1081 -1
1088 1081 -1
1130 1081 -1
1033 1082 -1
1081 1082 -1
1082 1082 6
1083 1082 -1
1089 1082 -1
1131 1082 -1
1034 1083 -1
1082 1083 -1
1083 1083 6
1084 1083 -1
1090 1083 -1
1132 1083 -1
1035 1084 -1
1083 1084 -1
1084 1084 6
1091 1084 -1
1133 1084 -1
1036 1085 -1
1078 1085 -1
1085 1085 6
1086 1085 -1
1092 1085 -1
1134 1085 -1
1037 1086 -1
1079 1086 -1
1085 1086 -1
1086 1086 6
1087 1086 -1
1093 1086 -1
1135 1086 -1
1038 1087 -1
1080 1087 -1
1086 1087 -1
1087 1087 6
1088 1087 -1
1094 1087 -1
1136 1087 -1
1039 1088 -1
1081 1088 -1
1087 1088 -1
1088 1088 6
1089 1088 -1
1095 1088 -1
1137 1088 -1
1040 1089 -1
1082 1089 -1
1088 1089 -1
1089 1089 6
1090 1089 -1
1096 1089 -1
1138 1089 -1
1041 1090 -1
1083 1090 -1
1089 1090 -1
1090 1090 6
1091 1090 -1
1097 1090 -1
1139 1090 -1
1042 1091 -1
1084 1091 -1
1090 1091 -1
1091 1091 6
1098 1091 -1
1140 1091 -1
1043 1092 -1
1085 1092 -1
1092 1092 6
1093 1092 -1
1099 1092 -1
1141 1092 -1
1044 1093 -1
1086 1093 -1
1092 1093 -1
1093 1093 6
1094 1093 -1
1100 1093 -1
1142 1093 -1
1045 1094 -1
1087 1094 -1
1093 1094 -1
1094 1094 6
1095 1094 -1
1101 1094 -1
1143 1094 -1
1046 1095 -1
1088 1095 -1
1094 1095 -1
1095 1095 6
1096 1095 -1
1102 1095 -1
1144 1095 -1
1047 1096 -1
1089 1096 -1
1095 1096 -1
1096 1096 6
1097 1096 -1
1103 1096 -1
1145 1096 -1
1048 1097 -1
1090 1097 -1
1096 1097 -1
1097 1097 6
1098 1097 -1
1104 1097 -1
1146 1097 -1
1049 1098 -1
1091 1098 -1
1097 1098 -1
1098 1098 6
1105 1098 -1
1147 1098 -1
1050 1099 -1
1092 1099 -1
1099 1099 6
1100 1099 -1
1106 1099 -1
1148 1099 -1
1051 1100 -1
1093 1100 -1
1099 1100 -1
1100 1100 6
1101 1100 -1
1107 1100 -1
1149 1100 -1
1052 1101 -1
1094 1101 -1
1100 1101 -1
1101 1101 6
1102 1101 -1
1108 1101 -1
1150 1101 -1
1053 1102 -1
1095 1102 -1
1101 1102 -1
1102 1102 6
1103 1102 -1
1109 1102 -1
1151 1102 -1
1054 1103 -1
1096 1103 -1
1102 1103 -1
1103 1103 6
1104 1103 -1
1110 1103 -1
1152 1103 -1
1055 1104 -1
1097 1104 -1
1103 1104 -1
1104 1104 6
1105 1104 -1
1111 1104 -1
1153 1104 -1
1056 1105 -1
1098 1105 -1
1104 1105 -1
1105 1105 6
1112 1105 -1
1154 1105 -1
1057 1106 -1
1099 1106 -1
1106 1106 6
1107 1106 -1
1113 1106 -1
1155 1106 -1
1058 1107 -1
1100 1107 -1
1106 1107 -1
1107 1107 6
1108 1107 -1
1114 1107 -1
1156 1107 -1
1059 1108 -1
1101 1108 -1
1107 1108 -1
1108 1108 6
1109 1108 -1
1115 1108 -1
1157 1108 -1
1060 1109 -1
1102 1109 -1
1108 1109 -1
1109 1109 6
1110 1109 -1
1116 1109 -1
1158 1109 -1
1061 1110 -1
1103 1110 -1
1109 1110 -1
1110 1110 6
1111 1110 -1
1117 1110 -1
1159 1110 -1
1062 1111 -1
1104 1111 -1
1110 1111 -1
1111 1111 6
1112 1111 -1
1118 1111 -1
1160 1111 -1
1063 1112 -1
1105 1112 -1
1111 1112 -1
1112 1112 6
1119 1112 -1
1161 1112 -1
1064 1113 -1
1106 1113 -1
1113 1113 6
1114 1113 -1
1120 1113 -1
1162 1113 -1
1065 1114 -1
1107 1114 -1
1113 1114 -1
1114 1114 6
1115 1114 -1
1121 1114 -1
1163 1114 -1
1066 1115 -1
1108 1115 -1
1114 1115 -1
1115 1115 6
1116 1115 -1
1122 1115 -1
1164 1115 -1
1067 1116 -1
1109 1116 -1
1115 1116 -1
1116 1116 6
1117 1116 -1
1123 1116 -1
1165 1116 -1
1068 1117 -1
1110 1117 -1
1116 1117 -1
1117 1117 6
1118 1117 -1
1124 1117 -1
1166 1117 -1
1069 1118 -1
1111 1118 -1
1117 1118 -1
1118 1118 6
1119 1118 -1
1125 1118 -1
1167 1118 -1
1070 1119 -1
1112 1119 -1
1118 1119 -1
1119 1119 6
1126 1119 -1
1168 1119 -1
1071 1120 -1
1113 1120 -1
1120 1120 6
1121 1120 -1
1169 1120 -1
1072 1121 -1
1114 1121 -1
1120 1121 -1
1121 1121 6
1122 1121 -1
1170 1121 -1
1073 1122 -1
1115 1122 -1
1121 1122 -1
1122 1122 6
1123 1122 -1
1171 1122 -1
1074 1123 -1
1116 1123 -1
1122 1123 -1
1123 1123 6
1124 1123 -1
1172 1123 -1
1075 1124 -1
1117 1124 -1
1123 1124 -1
1124 1124 6
1125 1124 -1
1173 1124 -1
1076 1125 -1
1118 1125 -1
1124 1125 -1
1125 1125 6
1126 1125 -1
1174 1125 -1
1077 1126 -1
1119 1126 -1
1125 1126 -1
1126 1126 6
1175 1126 -1
1078 1127 -1
1127 1127 5
1128 1127 -1
1134 1127 -1
1079 1128 -1
1127 1128 -1
1128 1128 5
1129 1128 -1
1135 1128 -1
1080 1129 -1
1128 1129 -1
1129 1129 5
1130 1129 -1
1136 1129 -1
1081 1130 -1
1129 1130 -1
1130 1130 5
1131 1130 -1
1137 1130 -1
1082 1131 -1
1130 1131 -1
1131 1131 5
1132 1131 -1
1138 1131 -1
1083 1132 -1
1131 1132 -1
1132 1132 5
1133 1132 -1
1139 1132 -1
1084 1133 -1
1132 1133 -1
1133 1133 5
1140 1133 -1
1085 1134 -1
1127 1134 -1
1134 1134 5
1135 1134 -1
1141 1134 -1
1086 1135 -1
1128 1135 -1
1134 1135 -1
1135 1135 5
1136 1135 -1
1142 1135 -1
1087 1136 -1
1129 1136 -1
1135 1136 -1
1136 1136 5
1137 1136 -1
1143 1136 -1
1088 1137 -1
1130 1137 -1
1136 1137 -1
1137 1137 5
1138 1137 -1
1144 1137 -1
1089 1138 -1
1131 1138 -1
1137 1138 -1
1138 1138 5
1139 1138 -1
1145 1138 -1
1090 1139 -1
1132 1139 -1
1138 1139 -1
1139 1139 5
1140 1139 -1
1146 1139 -1
1091 1140 -1
1133 1140 -1
1139 1140 -1
1140 1140 5
1147 1140 -1
1092 1141 -1
1134 1141 -1
1141 1141 5
1142 1141 -1
1148 1141 -1
1093 1142 -1
1135 1142 -1
1141 1142 -1
1142 1142 5
1143 1142 -1
1149 1142 -1
1094 1143 -1
1136 1143 -1
1142 1143 -1
1143 1143 5
1144 1143 -1
1150 1143 -1
1095 1144 -1
1137 1144 -1
1143 1144 -1
1144 1144 5
1145 1144 -1
1151 1144 -1
1096 1145 -1
1138 1145 -1
1144 1145 -1
1145 1145 5
1146 1145 -1
1152 1145 -1
1097 1146 -1
1139 1146 -1
1145 1146 -1
1146 1146 5
1147 1146 -1
1153 1146 -1
1098 1147 -1
1140 1147 -1
1146 1147 -1
1147 1147 5
1154 1147 -1
1099 1148 -1
1141 1148 -1
1148 1148 5
1149 1148 -1
1155 1148 -1
1100 1149 -1
1142 1149 -1
1148 1149 -1
1149 1149 5
1150 1149 -1
1156 1149 -1
1101 1150 -1
1143 1150 -1
1149 1150 -1
1150 1150 5
1151 1150 -1
1157 1150 -1
1102 1151 -1
1144 1151 -1
1150 1151 -1
1151 1151 5
1152 1151 -1
1158 1151 -1
1103 1152 -1
1145 1152 -1
1151 1152 -1
1152 1152 5
1153 1152 -1
1159 1152 -1
1104 1153 -1
1146 1153 -1
1152 1153 -1
1153 1153 5
1154 1153 -1
1160 1153 -1
1105 1154 -1
1147 1154 -1
1153 1154 -1
1154 1154 5
1161 1154 -1
1106 1155 -1
1148 1155 -1
1155 1155 5
1156 1155 -1
1162 1155 -1
1107 1156 -1
1149 1156 -1
1155 1156 -1
1156 1156 5
1157 1156 -1
1163 1156 -1
1108 1157 -1
1150 1157 -1
1156 1157 -1
1157 1157 5
1158 1157 -1
1164 1157 -1
1109 1158 -1
1151 1158 -1
1157 1158 -1
1158 1158 5
1159 1158 -1
1165 1158 -1
1110 1159 -1
1152 1159 -1
1158 1159 -1
1159 1159 5
1160 1159 -1
1166 1159 -1
1111 1160 -1
1153 1160 -1
1159 1160 -1
1160 1160 5
1161 1160 -1
1167 1160 -1
1112 1161 -1
1154 1161 -1
1160 1161 -1
1161 1161 5
1168 1161 -1
1113 1162 -1
1155 1162 -1
1162 1162 5
1163 1162 -1
1169 1162 -1
1114 1163 -1
1156 1163 -1
1162 1163 -1
1163 1163 5
1164 1163 -1
1170 1163 -1
1115 1164 -1
1157 1164 -1
1163 1164 -1
1164 1164 5
1165 1164 -1
1171 1164 -1
1116 1165 -1
1158 1165 -1
1164 1165 -1
1165 1165 5
1166 1165 -1
1172 1165 -1
1117 1166 -1
1159 1166 -1
1165 1166 -1
1166 1166 5
1167 1166 -1
1173 1166 -1
1118 1167 -1
1160 1167 -1
1166 1167 -1
1167 1167 5
1168 1167 -1
1174 1167 -1
1119 1168 -1
1161 1168 -1
1167 1168 -1
1168 1168 5
1175 1168 -1
1120 1169 -1
1162 1169 -1
1169 1169 5
1170 1169 -1
1121 1170 -1
1163 1170 -1
1169 1170 -1
1170 1170 5
1171 1170 -1
1122 1171 -1
1164 1171 -1
1170 1171 -1
1171 1171 5
1172 1171 -1
1123 1172 -1
1165 1172 -1
1171 1172 -1
1172 1172 5
1173 1172 -1
1124 1173 -1
1166 1173 -1
1172 1173 -1
1173 1173 5
1174 1173 -1
1125 1174 -1
1167 1174 -1
1173 1174 -1
1174 1174 5
1175 1174 -1
1126 1175 -1
1168 1175 -1
1174 1175 -1
1175 1175 5
