34.932
28.382
49.470
56.761
35.158
37.802
38.223
9.412
14.610
47.626
50.487
49.986
44.676
43.178
50.594
31.810
14.027
53.762
56.745
4.592
7.079
46.469
56.441
25.649
58.345
33.888
13.400
12.649
53.154
54.356
59.572
59.046
59.663
22.356
16.090
47.045
14.046
7.046
8.615
56.733
56.267
51.754
46.006
16.704
7.174
21.418
6.922
22.702
24.594
20.886
37.268
22.122
41.754
16.379
48.854
15.603
11.737
55.842
49.249
51.430
54.156
51.122
52.443
51.448
56.530
9.309
55.393
8.661
55.805
58.146
56.577
55.364
58.221
56.661
55.492
55.090
8.759
49.065
58.371
21.145
20.365
18.114
53.916
13.652
18.340
46.758
9.439
50.748
15.750
6.401
40.148
30.338
32.135
30.353
23.170
6.744
54.446
29.134
28.195
6.588
40.103
35.436
42.664
48.135
52.062
35.891
9.453
50.481
43.466
38.836
32.746
19.697
38.490
58.729
6.469
55.287
59.362
6.911
59.219
19.833
5.696
15.690
35.191
11.069
20.418
26.134
8.316
35.817
27.624
12.208
9.833
15.382
58.838
46.996
41.778
48.090
51.596
56.186
58.070
59.234
22.614
10.153
56.931
53.951
15.687
11.852
51.751
25.674
50.633
51.579
29.849
46.734
36.011
5.509
47.027
54.562
40.726
48.380
40.143
50.323
21.970
6.491
12.585
8.746
34.712
13.270
46.659
22.917
37.074
48.850
19.952
21.191
26.681
21.820
11.852
12.349
25.897
21.214
29.446
25.484
25.416
17.951
21.342
29.795
29.758
1.696
17.080
25.382
22.518
4.179
29.179
40.595
29.517
25.295
24.116
33.483
45.267
11.669
42.997
20.062
4.931
22.888
13.877
29.822
9.261
59.188
54.270
38.773
56.452
12.260
20.095
17.936
22.467
14.263
38.529
20.756
31.659
25.075
45.575
57.602
10.426
49.891
46.131
53.237
50.475
57.948
55.246
7.320
7.836
29.386
21.760
3.319
15.678
11.997
25.356
15.180
55.244
23.391
7.682
17.925
14.898
38.546
6.289
58.347
50.231
29.152
14.926
10.665
19.385
57.180
5.632
56.129
52.674
6.967
29.637
35.942
16.929
4.772
50.615
30.825
50.901
29.931
18.260
58.919
4.623
10.728
20.596
47.725
24.128
11.289
16.708
27.862
51.960
51.698
1.285
11.096
8.843
60.259
3.604
58.286
11.287
51.941
59.286
48.425
35.715
5.339
30.427
6.817
25.995
34.563
50.434
20.166
40.247
42.686
6.414
6.504
4.540
25.817
37.825
5.881
45.649
3.088
60.513
22.606
40.349
11.162
0.971
58.360
17.267
51.750
56.320
14.827
9.801
7.335
56.469
30.831
55.947
21.385
45.711
5.472
45.968
12.015
44.175
21.020
7.961
59.879
39.835
7.604
12.504
3.767
52.138
52.795
51.515
12.206
41.787
36.744
39.428
17.992
6.033
12.715
40.187
8.422
58.604
47.443
16.433
29.308
21.789
12.648
6.643
8.120
3.212
15.916
60.544
28.148
55.957
48.491
49.420
45.610
17.074
11.517
59.137
59.371
6.564
4.719
58.868
59.716
7.250
18.913
6.761
57.457
21.120
53.498
20.067
27.077
42.088
22.272
46.520
16.504
11.465
41.917
16.159
9.567
22.618
38.015
3.524
23.910
58.946
7.874
60.501
60.254
46.852
55.749
12.405
56.150
6.844
56.776
2.328
13.636
29.929
53.394
14.330
19.003
14.285
15.732
12.227
8.984
56.072
53.748
2.127
50.857
8.302
8.821
58.340
31.351
48.920
4.877
49.062
58.693
28.844
20.188
30.672
47.579
14.254
21.567
25.588
14.200
50.540
15.163
12.063
0.518
8.924
11.802
14.221
38.935
58.548
48.642
5.400
44.900
3.541
22.066
22.650
30.777
58.992
25.279
22.524
25.228
19.811
7.107
12.641
31.400
6.248
25.129
52.188
36.018
30.124
54.145
51.068
0.783
44.808
57.886
6.462
27.751
5.242
26.946
11.081
56.452
45.245
43.002
56.721
20.276
10.846
5.418
55.374
16.363
5.955
23.020
34.932
40.327
47.587
47.233
36.307
46.903
29.370
5.919
45.364
8.600
49.677
56.095
23.292
20.204
51.956
11.421
54.506
11.445
5.447
48.737
21.370
22.705
32.341
26.209
41.892
17.469
15.440
20.408
4.670
41.636
30.005
42.084
40.161
50.157
49.250
54.656
1.115
5.066
43.671
56.387
16.953
23.064
60.143
8.062
15.270
49.662
8.739
23.971
5.747
32.886
16.813
34.126
33.248
9.450
53.856
14.958
10.765
42.157
8.891
9.390
42.194
40.651
19.331
19.651
54.735
5.250
51.788
6.648
57.886
56.120
54.514
38.894
43.290
54.083
53.710
25.059
32.238
28.066
45.846
9.454
47.050
5.951
24.864
31.751
41.949
53.517
48.514
27.824
50.039
29.279
46.884
11.844
5.594
49.117
11.506
42.851
4.880
35.850
14.742
18.953
51.118
7.059
8.232
48.965
10.538
50.935
13.403
47.296
56.697
9.550
27.579
33.508
50.492
33.700
46.259
18.907
12.233
18.560
53.632
38.015
56.237
48.943
9.367
16.107
50.850
60.835
55.589
24.029
17.382
17.611
22.071
59.792
55.639
53.285
37.080
47.472
47.143
13.617
56.129
17.658
50.034
43.724
11.303
38.433
31.348
40.323
44.498
12.009
13.694
49.375
23.499
42.372
54.228
6.222
44.866
4.080
50.606
9.665
40.475
51.320
19.787
12.274
60.209
8.128
17.738
34.524
7.506
34.612
42.258
47.806
23.567
33.215
25.630
6.751
17.601
60.215
7.046
49.594
25.792
42.250
50.146
5.377
24.585
54.747
19.152
1.755
37.159
5.085
27.657
48.984
31.609
30.475
13.052
54.144
11.993
39.211
12.394
36.184
22.077
38.711
13.258
13.223
56.114
50.639
13.262
53.071
1.728
58.779
10.653
54.612
13.493
7.882
19.683
7.726
51.136
27.283
40.564
37.955
35.677
53.995
19.146
46.929
59.239
41.606
16.106
52.747
57.236
46.719
9.085
52.287
44.225
8.035
7.725
34.735
43.125
61.152
17.629
13.448
10.552
52.201
52.337
56.344
57.537
34.768
17.161
54.858
56.688
57.232
49.790
12.355
39.891
43.336
51.412
34.055
44.591
43.438
26.938
16.531
55.879
49.968
46.908
45.900
47.359
13.216
33.821
46.967
4.954
47.987
46.726
44.215
7.346
46.679
50.687
12.095
14.132
56.531
48.201
42.855
36.779
56.505
46.586
7.216
56.691
50.753
24.732
50.384
11.023
52.234
48.028
55.514
56.891
13.129
48.907
11.964
6.668
37.224
16.718
6.866
13.483
40.314
15.677
43.633
12.572
49.932
49.759
57.845
43.956
16.521
8.715
9.697
30.579
56.836
23.343
47.678
20.126
49.774
38.934
10.075
28.301
20.038
34.426
19.422
8.690
51.951
44.467
50.676
51.383
1.865
53.502
8.390
17.635
57.677
14.628
48.111
40.270
34.400
5.207
45.004
49.454
50.611
38.392
46.340
9.924
47.085
16.372
2.007
26.428
24.903
59.795
48.009
2.963
44.751
39.787
8.415
41.463
52.516
33.761
21.705
6.929
39.197
5.815
41.730
55.219
58.844
54.177
37.641
9.550
55.178
16.258
32.274
4.142
45.136
33.092
10.007
59.276
40.936
57.104
15.364
11.703
13.156
24.978
58.038
51.295
58.276
43.457
25.855
55.587
24.845
58.450
10.739
10.953
8.142
53.498
33.956
46.707
59.221
50.157
59.810
10.653
25.207
19.433
40.394
44.056
20.840
28.649
30.760
24.407
34.501
24.561
6.384
1.375
46.760
12.907
33.266
5.117
30.643
44.546
41.915
31.302
36.427
4.544
35.448
48.939
44.651
13.683
16.866
19.740
42.443
39.916
28.944
11.688
9.654
6.886
11.893
7.632
46.708
9.923
46.076
26.599
47.718
42.459
10.321
5.195
15.235
22.518
13.944
59.471
45.983
8.452
53.768
58.685
58.970
35.150
6.797
34.532
18.246
25.235
8.375
17.260
28.428
7.826
48.130
17.412
20.166
9.129
38.019
48.323
54.329
39.430
38.902
49.323
5.883
59.665
58.373
14.717
10.396
34.462
34.229
18.977
30.836
11.769
45.103
20.964
42.122
20.691
32.719
38.507
44.665
12.556
57.894
54.360
35.865
15.850
18.260
39.124
16.294
7.531
2.088
19.424
14.604
11.950
10.981
26.701
7.814
11.256
9.965
9.343
31.498
46.724
31.082
20.116
24.689
6.593
24.349
21.014
5.401
9.412
48.997
30.713
35.886
19.477
44.535
14.736
47.651
29.883
13.237
36.543
6.496
25.829
42.207
34.611
6.074
28.766
6.057
30.821
32.579
17.794
48.846
48.294
51.645
24.445
35.663
30.652
54.718
31.490
57.986
25.759
31.867
10.874
9.004
8.111
8.559
7.121
7.277
16.508
1.200
6.766
36.292
21.893
39.565
1.579
51.304
46.890
45.964
46.757
17.656
11.524
55.975
7.922
6.717
7.906
13.222
6.428
17.167
10.568
49.933
9.440
57.534
45.623
18.925
18.761
14.466
6.107
35.746
32.661
30.028
8.715
41.578
19.645
9.498
23.137
33.461
8.082
27.249
52.137
56.959
60.052
50.100
57.150
57.435
11.178
55.383
35.633
9.244
10.787
52.927
36.867
40.597
55.793
9.178
9.852
4.673
57.541
45.261
38.585
28.427
56.500
45.302
39.104
60.212
57.169
28.129
10.043
21.373
17.753
11.381
16.225
12.487
18.713
55.204
16.842
19.466
15.814
26.083
45.868
30.728
24.790
15.749
15.735
5.107
29.147
25.567
52.864
10.355
24.799
16.096
54.605
53.633
53.528
8.720
42.272
38.520
10.068
56.477
11.249
14.392
50.815
11.475
11.434
45.886
36.293
47.467
7.699
56.985
11.150
27.687
47.234
9.179
56.081
50.712
10.509
12.067
10.411
49.906
43.095
58.938
30.053
31.217
24.037
13.359
9.743
23.359
14.561
7.427
15.117
4.923
22.692
33.245
8.947
25.200
18.386
41.389
17.519
12.878
52.500
60.875
6.423
28.295
54.907
24.648
33.723
34.464
6.268
23.576
31.302
8.407
32.699
43.201
57.031
35.778
20.672
46.188
23.509
17.764
46.143
32.247
28.999
26.466
6.501
7.621
10.927
58.899
8.692
18.808
42.439
51.364
54.597
50.545
12.769
40.923
38.440
39.749
31.833
13.199
25.572
20.029
34.623
57.462
45.694
14.507
39.437
55.979
23.709
17.460
55.226
35.566
36.837
31.269
7.135
13.280
13.553
10.891
13.953
9.536
16.037
8.270
16.078
48.544
57.827
15.491
26.687
7.054
10.912
58.594
29.828
46.203
6.478
51.062
46.978
46.375
46.813
42.117
11.109
19.608
16.324
7.391
44.940
41.832
11.204
34.068
49.502
31.352
31.385
8.385
13.287
50.955
55.219
56.159
8.742
58.592
60.478
54.760
7.222
19.815
26.779
16.332
2.754
27.230
15.922
58.956
52.811
17.689
30.763
50.222
44.940
54.187
58.512
19.301
49.126
47.925
51.167
48.188
58.346
11.736
35.371
57.416
12.493
9.110
8.965
8.902
22.542
6.760
18.149
24.547
5.391
13.446
12.936
53.685
20.721
60.200
7.684
6.686
37.221
40.672
33.528
33.677
59.783
28.904
9.674
10.202
19.180
19.718
30.663
12.058
18.264
16.373
40.473
15.185
6.812
57.374
40.909
10.914
33.752
9.027
13.996
43.545
38.000
34.095
43.346
46.472
23.965
32.173
59.487
59.838
54.259
18.169
14.810
52.913
51.845
3.895
41.377
39.547
36.051
9.807
25.497
21.500
31.098
50.629
56.115
11.769
8.666
47.858
50.410
49.070
32.372
31.743
11.509
22.030
8.988
16.638
38.775
8.982
8.067
10.280
3.966
40.320
51.069
53.819
40.671
41.742
23.568
11.972
7.460
12.235
19.678
20.684
8.640
42.926
37.736
39.243
33.290
12.526
44.433
8.961
54.114
33.565
4.819
9.282
44.305
39.409
15.243
20.871
27.307
54.460
53.972
56.664
53.025
3.088
13.608
8.420
5.162
11.361
4.290
13.581
49.537
14.552
14.443
13.488
27.991
11.726
47.725
9.017
6.579
6.219
47.179
49.858
24.262
8.444
38.625
13.486
46.892
8.504
17.890
58.524
35.954
45.313
25.059
14.768
30.741
53.761
1.979
11.298
23.802
20.994
36.026
16.290
12.142
7.644
7.119
15.133
57.301
53.418
16.419
55.719
9.921
11.801
43.226
52.269
17.589
17.214
57.003
12.892
25.122
36.912
10.185
36.340
23.937
30.873
15.345
7.426
40.931
12.906
7.844
9.044
20.703
12.155
51.238
55.092
49.599
59.356
57.549
33.150
54.421
5.780
4.938
43.611
31.545
10.664
12.452
58.408
10.923
46.815
11.295
14.935
10.398
17.500
44.424
23.837
45.538
47.278
18.279
28.444
26.418
15.870
53.294
12.016
19.765
30.637
34.379
1.116
6.410
33.712
5.853
8.037
50.276
19.175
48.118
16.483
11.037
15.672
44.360
9.341
5.226
22.391
21.278
17.618
9.197
44.581
53.590
56.580
58.995
56.393
10.128
13.464
37.562
60.447
30.969
7.044
18.355
6.146
8.937
48.525
21.503
47.454
5.634
25.854
9.547
24.922
37.450
34.963
27.320
51.350
18.451
48.406
34.450
40.436
57.496
6.424
57.573
58.888
21.458
38.021
37.943
8.695
7.663
29.602
21.229
14.294
56.027
39.127
41.173
6.389
23.424
52.719
36.632
26.286
50.285
15.529
6.615
12.583
22.799
57.995
34.541
5.349
19.767
43.233
7.536
21.870
13.452
41.615
17.241
37.450
15.241
42.068
12.287
55.306
5.118
10.017
47.088
2.272
55.311
5.104
30.904
2.024
57.435
56.380
55.290
53.805
53.562
30.671
2.468
7.709
21.933
32.159
12.662
36.311
37.278
10.079
13.274
12.842
57.526
11.874
7.930
11.912
5.400
47.496
7.679
31.270
20.407
11.491
52.056
11.778
13.671
43.042
46.318
35.335
41.704
60.148
52.407
9.809
58.147
27.023
59.154
54.096
10.811
17.374
10.374
7.283
56.915
8.292
9.892
56.779
59.951
35.240
49.797
14.548
47.263
8.027
13.151
45.350
13.720
5.035
59.158
49.863
12.244
8.805
35.763
52.337
7.013
2.723
9.920
6.422
17.928
4.673
55.457
36.211
56.062
30.004
12.909
25.742
53.406
57.847
20.954
31.389
19.807
30.582
54.353
14.579
21.188
1.834
33.103
16.233
6.620
19.272
24.901
13.978
35.173
9.974
49.811
50.073
45.617
14.126
47.024
37.209
52.530
42.651
35.322
43.385
44.504
20.686
10.776
59.883
25.399
21.448
1.833
7.797
13.892
11.681
59.383
45.641
25.539
18.579
16.743
7.344
21.182
3.445
53.402
11.723
24.590
10.208
4.585
7.391
6.252
13.488
26.656
53.170
43.896
32.444
8.562
7.960
44.005
26.453
15.739
50.883
5.359
4.912
15.834
57.840
8.663
18.073
13.045
9.247
19.505
2.689
26.598
53.811
10.366
36.114
12.658
21.296
2.264
20.775
9.238
48.144
8.963
6.629
11.967
15.978
50.918
11.153
16.479
35.771
50.110
55.037
29.737
46.297
44.322
6.391
8.589
29.614
5.638
20.543
50.299
17.376
7.659
7.083
8.835
56.538
58.578
6.110
47.424
33.082
43.823
14.091
28.191
17.369
19.938
11.335
15.103
8.972
56.047
48.592
49.649
48.134
52.421
14.546
11.581
6.683
50.681
34.355
4.784
58.390
60.679
9.819
51.597
40.347
13.045
60.260
55.996
38.358
54.283
58.075
22.427
26.466
18.066
22.321
49.429
19.294
41.516
12.780
56.179
6.955
12.586
11.809
26.353
16.569
51.506
44.716
5.664
35.484
18.275
55.347
58.820
37.821
45.123
44.455
14.534
48.448
37.978
39.408
7.037
18.487
50.708
16.080
7.168
40.061
22.407
25.287
7.981
56.015
12.424
54.654
57.000
13.430
8.492
11.212
59.553
33.415
56.464
10.384
2.379
12.018
49.525
11.440
51.767
14.670
5.759
9.555
53.586
54.359
37.203
10.860
49.189
22.674
7.944
29.454
10.559
17.037
10.967
20.853
27.497
9.868
47.948
41.761
60.381
57.460
42.207
57.916
56.868
54.823
31.063
17.832
52.392
9.906
10.216
2.558
7.383
38.068
10.142
7.486
31.021
14.747
34.732
36.620
45.772
44.721
44.925
40.957
6.256
9.793
55.509
40.230
22.677
6.812
29.821
14.594
8.384
10.336
11.859
51.492
18.887
2.532
42.325
17.313
49.390
31.633
9.108
30.580
40.941
27.939
55.293
37.501
51.961
11.293
41.827
37.844
50.120
51.280
11.303
48.687
36.952
56.786
48.884
6.178
5.907
55.760
22.313
7.669
56.040
53.832
21.079
54.112
5.977
15.613
8.471
5.455
15.215
43.417
8.449
47.094
8.404
56.743
55.846
45.029
48.090
52.652
44.392
53.358
45.716
35.177
22.113
23.752
25.463
25.546
52.725
33.275
10.160
17.711
17.474
49.845
43.555
27.938
32.176
26.151
35.887
45.338
10.568
17.491
32.933
33.477
18.532
10.139
8.059
52.295
39.847
27.755
36.883
39.849
7.544
33.079
6.087
57.369
44.024
49.304
6.235
12.123
40.897
10.494
9.331
48.935
34.883
40.569
17.592
38.774
45.854
26.545
41.232
12.333
15.867
6.249
9.450
37.799
8.397
43.835
3.831
57.278
54.297
59.735
7.945
26.038
10.588
61.746
24.851
57.688
20.694
9.391
58.568
9.174
13.388
59.945
49.560
54.666
45.620
11.211
48.155
19.732
34.342
7.679
17.323
6.733
16.797
39.520
5.469
9.415
37.342
35.595
10.279
17.392
7.187
53.744
24.091
37.663
18.108
55.537
40.361
9.317
9.475
48.857
48.652
20.547
25.574
34.343
5.467
45.841
7.643
13.983
39.281
16.834
4.602
50.480
3.386
27.278
22.130
47.057
22.711
3.062
16.475
7.721
4.682
53.179
9.548
46.230
57.656
11.254
45.441
59.418
2.498
25.271
30.051
35.584
35.215
42.291
19.627
59.795
36.426
19.618
34.207
25.189
14.767
10.004
45.639
13.609
10.826
48.966
56.834
54.697
50.778
22.109
20.569
43.097
6.194
53.150
56.501
16.026
45.844
58.375
58.366
60.360
58.533
5.573
7.096
60.097
12.464
31.171
23.692
25.686
44.533
37.181
45.677
31.130
42.053
54.929
23.903
51.347
42.018
29.862
21.341
10.408
57.559
12.117
10.877
37.332
28.081
10.501
50.689
6.042
58.952
45.637
6.130
23.396
42.926
46.880
27.757
34.182
47.487
54.430
52.745
12.872
19.432
51.894
48.498
11.044
40.578
3.717
8.127
17.454
43.173
10.134
12.074
12.825
57.447
59.878
18.395
24.465
56.499
7.090
25.770
21.061
40.571
14.905
45.386
8.435
39.358
21.584
17.053
13.589
10.135
10.305
6.954
51.885
55.271
10.533
47.582
54.025
48.416
52.537
60.809
60.002
16.997
17.336
7.729
12.161
10.190
12.731
56.861
57.282
56.778
46.793
50.724
34.140
15.248
58.380
40.998
56.252
56.263
41.547
32.616
13.307
20.247
44.616
9.499
3.136
46.813
22.668
58.372
59.776
4.403
24.445
54.348
58.495
5.234
51.464
47.124
19.407
17.204
6.039
47.719
45.510
8.152
31.365
29.325
13.214
45.910
34.364
42.135
52.292
8.558
26.977
45.973
1.018
57.320
40.293
57.581
50.733
11.287
10.685
14.058
9.433
55.566
46.648
6.536
5.714
48.552
12.519
22.360
8.054
14.312
44.495
10.219
5.981
58.223
44.731
42.011
17.788
43.538
43.387
47.318
56.274
52.453
51.408
56.477
48.219
46.475
50.268
13.280
45.588
6.683
60.499
40.815
14.359
12.620
48.011
49.038
46.116
24.859
34.309
54.911
23.539
48.596
6.450
12.110
4.099
15.322
58.398
5.157
21.265
50.955
10.282
56.197
12.421
51.661
27.617
6.770
20.070
6.786
43.117
43.088
40.607
7.366
43.893
4.837
21.481
23.857
14.833
46.368
57.670
13.132
58.780
2.863
34.967
53.500
33.797
34.297
46.198
46.395
16.340
9.553
52.821
19.278
36.296
13.542
18.905
41.705
7.718
28.067
58.670
49.578
57.808
18.385
26.829
54.864
21.901
15.648
16.837
40.580
57.884
18.162
15.851
23.061
56.723
46.259
18.297
19.608
45.340
11.423
52.820
0.428
12.116
14.479
8.401
44.111
48.023
26.789
45.043
37.447
45.712
15.532
12.844
54.418
14.958
54.470
43.749
7.055
11.316
45.841
12.262
58.303
59.883
53.310
49.196
14.262
26.754
59.072
59.701
8.436
27.194
39.974
59.083
5.466
13.743
19.777
48.173
37.993
9.025
11.203
58.140
39.878
6.680
14.225
47.216
41.266
49.140
9.878
7.294
44.060
50.085
56.681
4.016
32.247
59.528
58.913
49.926
53.177
46.419
53.244
10.307
5.710
10.396
11.093
22.772
34.414
39.578
6.282
40.982
37.890
47.458
37.052
14.542
22.973
16.554
51.973
7.493
58.896
51.695
0.837
30.827
39.285
20.798
30.168
6.461
26.407
43.972
10.722
18.315
15.573
31.772
52.357
4.876
12.093
57.596
9.120
34.610
29.236
35.749
54.411
9.730
19.024
14.477
13.340
50.516
24.657
57.385
52.394
26.965
11.964
20.685
50.453
21.354
25.954
52.972
8.234
47.264
56.617
47.781
50.812
35.334
36.778
34.241
16.189
29.127
8.488
41.640
11.925
20.135
50.001
40.427
32.823
13.334
53.730
13.102
58.198
14.734
38.633
47.688
8.355
5.796
12.656
54.613
36.230
39.532
55.201
8.375
48.633
21.693
13.880
14.930
48.406
15.258
52.329
56.836
32.718
52.601
57.165
40.557
29.932
55.395
56.490
21.600
25.551
24.204
60.299
40.825
17.176
41.996
52.381
1.263
53.095
7.076
10.058
15.546
7.180
51.090
48.108
23.162
1.667
40.043
3.079
42.114
40.623
6.497
9.814
23.362
9.828
53.058
53.059
13.513
11.890
9.693
47.629
43.952
28.518
5.664
16.238
13.450
12.440
9.795
20.513
20.616
58.852
54.206
7.621
6.885
12.067
38.702
47.957
39.262
26.816
40.966
45.590
9.892
19.272
26.461
7.495
31.853
60.358
11.204
26.888
27.626
20.275
26.719
24.832
8.021
7.540
42.779
34.518
34.132
8.332
46.221
59.046
56.421
25.124
27.554
48.610
27.820
56.832
43.667
56.219
47.199
47.246
51.408
20.539
56.575
42.185
13.393
28.876
44.235
24.590
20.908
5.740
14.458
26.442
39.364
56.120
57.376
11.822
53.585
52.803
44.695
54.620
12.380
42.699
50.261
18.944
9.752
45.973
51.650
57.946
58.543
9.319
47.083
16.295
52.809
50.555
42.382
34.228
33.166
46.725
5.068
50.276
12.208
18.882
40.099
29.417
44.912
60.627
25.615
28.596
24.405
7.977
39.660
32.811
50.042
6.900
35.687
26.543
6.872
16.702
12.135
38.618
50.952
22.895
8.055
39.476
36.180
9.825
50.896
11.572
52.163
5.463
33.934
44.229
13.681
50.093
12.522
14.147
52.422
12.323
35.342
36.679
27.133
16.055
4.416
37.581
8.171
7.139
10.674
56.663
25.047
12.784
6.651
55.756
8.167
52.799
30.909
19.144
54.751
45.759
54.761
11.807
19.653
11.630
50.228
45.422
5.308
41.893
27.169
25.515
50.770
9.360
9.141
35.818
27.595
9.232
44.699
35.522
40.494
24.018
44.971
9.648
14.388
40.252
37.221
60.609
58.263
58.718
40.341
22.035
50.245
48.986
5.975
54.788
53.803
4.428
12.789
20.405
45.332
42.166
18.131
7.038
17.092
4.378
9.684
45.213
38.591
40.704
18.241
37.107
36.411
35.987
23.716
12.589
11.505
39.933
57.905
5.779
44.349
47.585
44.501
9.244
23.164
21.900
59.309
8.408
43.263
39.413
57.379
51.112
11.638
23.709
9.779
14.170
13.793
7.682
26.145
14.166
7.600
32.238
30.700
39.902
32.279
61.307
13.803
23.433
11.912
13.109
49.695
33.811
26.702
46.199
39.768
36.917
48.328
10.797
44.093
49.429
18.755
58.511
18.387
12.816
40.138
44.379
26.510
22.239
11.534
45.926
29.700
39.612
4.882
17.816
10.407
29.701
18.239
26.338
59.625
11.624
45.766
17.724
6.386
29.145
41.337
31.577
56.614
53.559
41.830
56.378
38.964
16.125
49.499
6.733
52.738
33.719
57.934
33.342
6.202
12.706
34.895
33.169
40.651
22.533
23.666
4.946
54.460
9.169
40.474
24.056
60.048
45.879
39.596
16.133
24.292
16.338
45.064
7.178
23.523
41.559
45.838
18.668
33.738
54.592
25.780
54.535
16.500
50.159
18.309
12.806
15.846
18.094
49.430
58.714
56.741
46.684
48.356
20.987
59.657
7.536
50.798
14.119
57.045
31.727
46.216
51.599
42.882
43.962
8.447
43.863
23.706
16.939
7.906
50.356
47.759
19.615
36.988
54.630
13.134
48.223
10.762
12.334
24.287
27.267
6.025
5.450
10.319
36.763
0.947
22.650
53.272
58.804
34.006
38.384
3.695
10.607
34.063
42.089
27.307
44.923
59.639
42.781
58.077
45.017
34.434
9.191
22.557
17.872
23.154
17.056
57.501
36.878
59.334
30.878
44.336
47.052
57.666
12.255
53.625
47.443
54.441
42.259
3.883
38.034
52.644
30.074
44.539
37.238
22.121
20.488
43.848
34.594
45.844
36.029
58.912
5.518
39.099
9.101
16.078
59.106
45.651
58.886
7.829
59.964
58.292
28.888
11.014
20.045
15.931
3.758
53.357
41.968
5.626
51.978
32.852
27.413
8.159
46.686
7.904
51.018
45.317
51.094
57.211
32.215
27.627
45.040
8.878
55.855
36.644
40.149
11.469
53.564
22.952
54.448
34.883
57.770
18.211
20.468
27.557
56.104
54.442
60.266
46.192
47.854
11.955
56.229
35.465
45.152
43.843
13.181
19.674
7.478
21.685
9.699
10.642
12.867
51.153
28.878
22.678
39.804
58.079
18.864
19.985
52.500
40.036
17.275
53.906
32.924
12.283
53.073
40.004
44.088
26.651
14.824
33.965
4.198
55.336
57.295
49.368
50.678
52.899
54.759
14.247
9.090
24.348
24.503
39.676
29.570
6.448
15.194
4.542
16.248
35.581
9.317
48.639
8.859
18.042
16.704
14.867
55.266
10.002
5.288
25.710
57.446
9.246
30.597
21.280
32.052
31.257
37.480
17.221
55.046
32.729
19.048
41.372
13.343
34.796
8.382
40.149
26.947
16.513
29.897
50.162
32.180
13.724
8.816
43.353
16.186
44.814
45.561
31.153
43.849
56.197
47.959
36.135
3.253
43.646
46.392
33.839
45.179
20.026
28.887
55.172
50.584
43.599
33.506
45.103
46.022
47.828
52.991
50.060
48.557
23.655
14.251
41.902
23.904
58.514
40.244
56.357
54.614
55.974
45.946
48.357
17.896
33.744
30.900
59.127
38.301
31.037
34.234
52.954
44.460
41.775
45.475
48.623
42.924
36.980
33.927
18.359
54.987
16.086
7.764
14.222
6.523
34.561
5.002
34.061
28.995
17.233
53.870
50.984
26.273
20.087
11.634
30.349
45.701
40.979
9.530
44.577
11.388
50.963
7.822
46.178
35.764
32.537
26.743
49.978
54.006
25.005
61.090
18.535
56.276
28.516
5.149
33.672
18.536
34.510
18.578
42.401
32.730
22.629
10.622
12.616
44.800
45.172
44.094
45.295
50.058
33.824
30.803
6.962
54.435
13.838
22.465
35.767
10.795
10.669
19.550
9.305
54.896
51.039
5.105
12.128
19.833
14.113
12.235
31.573
48.824
17.665
12.587
28.463
49.490
40.911
36.242
24.890
20.078
32.264
58.590
38.065
11.772
40.152
47.066
51.593
17.615
25.577
46.197
35.897
7.225
38.611
33.374
54.024
31.184
29.685
51.696
18.461
59.363
60.259
56.346
56.939
40.883
46.268
17.690
11.106
37.147
17.302
18.751
25.414
46.036
6.625
9.486
16.022
18.355
33.097
34.438
40.461
22.422
58.752
13.218
45.598
55.264
49.459
24.052
12.688
25.011
57.233
47.317
53.036
28.094
26.119
29.685
55.968
51.512
8.606
49.375
25.232
9.009
17.562
9.116
14.864
44.809
5.406
39.646
32.134
45.889
12.941
24.873
12.628
11.345
13.796
22.835
47.393
48.469
40.842
47.985
54.707
19.040
51.533
13.777
50.782
38.930
43.506
7.285
20.025
44.591
21.920
15.740
51.177
20.032
23.922
6.265
15.060
4.595
12.859
13.726
35.748
26.581
40.291
55.342
21.995
46.743
15.431
40.440
14.211
51.460
50.034
58.051
13.303
55.767
35.540
26.554
11.840
13.965
28.555
11.202
35.029
33.700
19.924
35.002
14.615
2.074
58.515
55.739
25.257
22.518
53.952
9.398
10.633
22.469
20.425
25.746
48.553
40.492
18.947
37.256
10.145
4.709
57.997
23.315
54.628
49.066
34.568
10.292
9.677
11.820
58.684
15.225
35.979
57.874
40.796
17.803
24.949
23.188
25.206
54.700
26.463
12.216
16.477
17.676
35.610
47.886
38.539
54.924
5.905
53.479
53.207
7.039
22.796
2.033
56.350
5.032
5.388
40.171
7.008
14.980
53.045
44.169
15.445
8.038
42.664
52.393
18.173
60.604
20.810
16.395
33.037
58.124
46.334
51.117
2.824
47.548
53.261
37.384
8.259
35.875
7.743
37.874
40.093
55.856
35.488
20.216
41.194
9.352
16.402
54.671
18.952
56.880
8.773
54.889
46.320
5.489
45.696
53.140
2.054
18.659
6.496
48.208
50.493
54.789
23.354
19.350
27.061
42.858
34.086
9.600
22.586
8.339
21.599
23.970
47.620
13.774
24.329
52.608
56.135
7.984
18.472
49.232
11.884
54.224
44.096
17.385
54.078
20.490
50.147
36.613
20.469
45.382
59.143
59.016
26.154
42.768
17.696
48.705
42.879
57.446
22.571
17.296
6.015
55.762
10.310
8.407
53.202
42.309
43.972
2.689
54.144
13.157
54.624
48.314
18.684
29.790
39.421
19.482
8.152
32.562
50.296
4.829
50.295
45.519
18.074
55.313
6.076
56.520
45.330
18.217
52.798
9.086
22.854
40.388
44.990
38.948
16.866
28.142
34.390
23.391
29.237
52.198
23.931
21.996
54.541
55.545
49.004
45.283
7.962
59.434
51.744
10.292
48.375
48.187
49.745
8.555
51.622
30.855
17.142
51.029
40.040
35.489
49.734
57.279
9.570
36.012
50.754
50.821
20.311
43.326
16.977
1.700
56.434
47.227
55.901
19.381
25.043
14.571
24.193
16.427
13.110
49.776
52.347
29.327
41.794
47.686
35.571
46.311
27.850
18.369
26.050
12.946
56.336
23.066
12.109
54.808
48.679
7.867
13.151
19.697
39.169
21.021
37.663
46.328
45.640
37.711
46.258
30.980
37.673
48.926
48.483
51.074
51.529
9.395
53.788
14.555
32.272
13.582
21.527
19.650
44.492
59.705
10.610
43.165
50.592
55.139
3.611
50.863
55.324
7.574
50.715
53.550
42.797
49.451
41.941
46.415
27.552
8.151
50.460
38.314
52.610
26.815
20.570
21.310
10.060
56.488
13.948
58.342
7.969
6.089
13.194
33.009
23.473
28.150
22.002
27.140
12.950
21.851
16.406
18.654
35.509
6.362
53.068
52.801
41.535
28.117
25.111
14.318
3.815
45.649
43.151
5.041
46.140
46.777
51.769
16.502
39.766
9.546
36.258
51.497
46.188
41.405
50.851
7.089
54.941
31.434
1.208
14.143
11.299
51.897
15.172
27.742
51.999
25.872
14.530
59.574
6.011
52.739
14.422
23.920
8.264
15.229
10.277
42.092
34.891
31.777
6.096
38.789
8.976
34.792
54.457
11.786
53.477
40.140
24.613
10.973
9.921
13.277
5.615
27.246
59.840
19.629
26.758
8.719
7.296
32.383
54.006
8.693
15.787
34.905
18.651
40.053
39.495
5.463
39.506
48.586
55.272
19.935
13.187
14.976
30.012
13.326
53.850
45.355
40.839
61.735
14.408
28.655
12.206
10.780
32.617
20.683
54.056
51.863
48.335
52.459
57.023
55.946
30.678
10.859
7.800
22.144
14.560
29.338
51.774
5.580
35.245
58.396
44.853
16.467
54.737
13.753
26.403
20.788
41.505
48.484
14.009
52.697
58.862
13.232
44.606
15.425
21.938
12.579
36.803
43.711
43.241
37.300
43.846
9.694
11.615
8.940
45.470
10.372
21.249
8.594
10.186
26.592
32.170
21.604
18.003
6.182
11.340
57.567
1.064
8.250
8.102
42.789
35.699
57.677
7.837
38.972
42.142
23.357
6.138
58.029
60.207
9.087
11.288
9.676
48.869
42.625
16.344
20.266
8.683
13.486
8.065
27.901
13.117
30.204
13.009
10.787
15.408
14.644
20.345
55.331
13.550
46.056
13.632
3.824
23.189
10.552
56.595
5.374
6.099
10.958
14.944
12.361
33.450
60.683
50.931
15.655
9.024
13.198
56.518
10.384
6.002
5.268
34.202
1.586
17.537
25.888
28.579
60.334
52.335
14.768
11.425
15.027
5.944
28.147
37.270
8.985
27.546
46.313
35.715
11.791
38.853
10.245
6.746
10.382
52.447
36.754
12.360
25.492
23.288
31.782
22.919
58.593
7.818
54.499
13.072
11.786
13.424
43.215
24.672
53.535
57.780
9.155
11.987
47.963
6.983
6.940
35.134
54.896
29.010
55.513
11.783
12.261
29.804
12.470
10.678
18.450
45.138
6.663
23.949
27.231
37.813
43.849
6.836
39.684
45.369
43.448
20.858
46.577
5.760
7.402
12.000
38.716
5.247
15.771
5.980
39.630
18.308
56.544
9.657
49.281
9.863
10.492
62.261
5.464
35.246
57.506
11.904
22.881
11.384
34.227
28.364
23.563
48.745
4.749
22.818
26.427
40.860
15.389
41.725
47.557
54.427
26.146
16.972
14.799
5.291
24.207
60.218
55.637
13.437
15.090
20.979
52.607
32.919
9.028
32.921
17.213
7.711
27.141
12.974
10.266
48.242
23.427
22.486
20.835
51.656
52.102
9.349
56.084
6.762
11.180
44.798
27.564
8.112
27.271
13.115
33.167
7.764
24.637
30.312
48.947
35.710
27.231
29.920
53.133
7.144
11.422
16.144
15.707
11.308
44.104
4.066
30.467
45.282
6.082
59.536
8.560
58.664
44.363
6.165
20.362
54.767
41.354
30.076
10.812
45.848
31.446
9.012
11.798
17.077
22.841
12.604
6.910
2.864
55.632
31.137
31.098
46.870
12.260
27.098
33.977
17.192
9.512
12.121
10.049
3.963
20.326
5.914
39.955
14.665
11.245
40.161
35.485
8.459
52.032
11.209
35.384
34.405
58.627
52.521
14.444
53.577
18.047
24.144
6.937
52.307
51.491
6.533
15.378
12.914
56.279
59.323
48.348
45.741
47.308
44.095
45.323
8.671
3.401
13.313
15.769
25.094
12.787
35.789
19.549
41.766
34.210
30.249
34.925
12.565
55.412
59.743
12.090
40.990
25.720
42.811
12.302
6.690
5.905
21.175
15.742
52.515
23.529
29.684
20.685
57.670
37.444
10.399
24.183
7.565
29.583
18.316
19.035
12.472
20.190
54.264
7.394
23.731
8.064
23.999
19.483
35.695
59.461
9.182
7.569
12.311
51.967
22.401
22.499
21.589
9.092
54.159
51.662
39.865
5.861
41.502
40.987
17.271
11.763
31.605
52.562
34.678
38.290
17.549
12.129
10.001
11.560
13.310
6.764
8.848
20.771
8.035
20.370
13.842
52.313
49.088
6.709
30.351
22.768
56.385
18.693
34.327
53.526
38.460
5.990
28.753
6.722
40.850
41.697
13.251
51.939
12.265
35.874
10.867
49.780
51.937
51.380
25.446
4.952
10.010
23.903
5.556
55.079
13.765
11.627
57.829
54.508
48.375
29.776
13.214
57.925
21.706
8.253
27.007
7.461
24.192
12.215
10.878
48.335
25.828
42.903
41.599
46.526
15.342
16.416
28.453
32.969
27.881
49.617
35.854
14.975
24.931
5.261
9.613
44.859
44.246
13.448
12.648
41.364
43.614
34.041
10.294
52.714
42.977
23.438
42.349
13.388
35.823
3.150
51.731
56.842
31.796
36.832
10.349
42.099
47.423
56.589
16.104
57.915
18.732
14.016
13.237
57.492
48.831
48.294
30.173
33.408
52.499
10.803
26.894
12.677
48.969
13.068
56.331
11.215
8.861
8.973
12.642
27.486
55.333
22.814
11.943
53.054
7.627
6.473
8.261
34.891
54.154
8.078
15.129
23.915
46.879
44.578
52.018
39.052
34.505
47.357
55.562
13.189
59.068
49.357
3.438
13.604
14.419
4.481
9.634
3.082
52.027
45.681
52.623
25.652
25.168
17.433
50.489
47.022
10.906
14.191
9.500
6.545
21.164
5.321
21.224
56.362
48.380
46.718
58.708
40.783
50.279
13.284
18.216
20.946
43.781
52.093
47.871
4.628
45.838
13.386
50.104
47.722
28.317
21.772
11.909
6.249
59.056
21.616
42.605
59.325
51.608
19.383
42.173
43.230
15.662
5.997
23.718
15.120
43.063
8.965
18.377
19.616
18.260
54.401
47.060
56.272
53.882
5.434
44.785
53.427
41.868
41.075
28.741
10.661
15.466
53.190
56.463
47.692
21.022
8.213
51.887
9.035
10.640
39.257
48.824
37.721
39.622
48.982
51.255
13.263
21.429
14.582
37.557
37.906
59.200
7.657
14.481
27.122
8.264
18.636
38.684
24.172
34.591
17.213
43.888
53.034
8.280
24.834
26.931
4.741
54.764
53.538
58.751
35.463
55.462
16.407
23.829
56.278
6.007
48.563
33.265
16.973
17.963
60.079
17.870
41.641
41.614
10.125
6.239
4.440
49.762
54.858
33.309
56.698
46.105
39.709
40.906
43.885
39.967
52.304
54.223
8.855
53.463
13.520
58.333
43.715
59.678
6.257
43.282
49.263
9.473
16.653
13.040
10.654
47.243
57.114
18.757
30.234
59.473
13.138
56.719
45.486
32.404
18.684
21.123
40.711
56.244
4.964
52.255
40.466
35.523
53.555
26.065
13.189
58.244
46.123
36.003
26.663
59.471
48.219
17.522
8.864
46.016
50.133
49.067
14.505
15.127
13.936
32.333
19.623
21.961
15.119
20.385
7.778
58.771
20.408
4.820
29.178
57.517
31.679
57.880
12.171
46.658
55.774
4.923
60.855
57.150
56.876
59.433
25.758
40.464
56.691
37.308
39.553
14.206
13.089
48.410
19.493
58.917
54.375
44.205
31.900
10.708
56.833
27.095
34.572
58.623
35.755
29.067
13.517
42.260
8.199
7.164
59.696
6.727
16.377
26.392
52.241
54.555
29.336
14.028
4.203
9.368
7.704
15.671
9.563
58.299
55.062
27.657
52.215
27.986
38.327
45.362
56.776
44.912
52.382
47.991
46.145
12.144
6.334
8.809
16.029
51.688
7.892
50.447
35.253
29.723
7.017
41.924
9.126
10.461
24.830
19.168
8.611
10.007
48.518
56.913
5.151
44.800
55.441
45.510
15.198
60.715
45.410
10.199
9.790
16.990
51.967
39.849
38.047
46.380
6.220
15.867
56.463
10.783
43.516
24.592
35.837
42.657
8.555
21.389
48.157
10.133
40.154
20.091
14.421
53.521
16.329
45.648
23.683
45.678
11.210
41.894
3.072
9.970
6.595
32.984
9.271
30.472
13.000
47.675
48.472
11.586
16.507
5.777
46.122
33.484
4.296
31.597
33.662
55.049
7.107
55.261
25.727
33.631
16.498
52.173
35.450
9.843
50.785
23.908
25.079
7.553
9.268
59.795
33.783
7.828
18.175
8.188
20.171
8.139
25.334
29.148
8.641
26.074
7.240
15.781
30.563
53.040
52.180
52.990
45.208
7.550
13.769
12.587
12.426
15.154
12.244
26.557
9.220
12.378
9.606
27.115
21.672
54.582
8.331
24.941
47.937
52.334
39.906
9.108
56.467
56.631
8.499
25.216
9.196
8.345
27.604
51.958
18.618
36.578
2.371
6.198
57.684
39.129
21.754
45.775
31.899
38.750
27.353
51.585
7.096
11.671
6.549
16.060
19.849
57.811
18.770
18.972
21.907
9.646
45.153
46.613
48.698
7.507
25.083
37.525
13.045
22.245
46.752
58.572
44.521
18.123
60.086
32.212
50.592
48.262
14.368
15.623
29.872
56.706
12.661
6.618
51.828
13.332
55.754
8.953
60.366
7.631
5.911
14.529
5.020
47.988
8.819
47.626
7.791
38.498
44.817
40.709
22.598
20.052
12.645
27.061
6.605
30.307
31.902
48.930
15.516
6.490
12.470
56.494
5.431
49.097
5.512
12.020
10.245
20.695
16.834
7.453
50.508
44.702
7.675
12.387
25.217
14.574
24.862
22.044
45.453
14.296
53.661
12.535
57.316
53.903
10.988
54.263
20.018
54.083
14.955
16.716
8.392
5.572
35.902
18.070
22.112
14.406
10.836
30.114
56.498
41.155
42.231
12.052
53.051
38.674
34.985
15.295
46.894
17.138
5.166
43.207
35.845
54.504
17.729
46.698
5.358
25.037
21.275
48.099
7.839
36.606
10.606
9.572
51.811
34.569
35.635
44.262
24.163
41.122
10.156
39.573
43.982
55.804
13.726
19.932
47.328
16.505
34.002
8.489
49.062
40.220
47.587
41.101
34.792
19.330
14.845
17.337
40.042
43.848
34.373
7.542
50.276
8.210
24.144
12.169
55.079
52.517
12.850
50.130
28.973
3.013
31.797
57.588
51.593
53.548
24.557
23.745
6.390
8.851
46.743
52.840
5.340
44.661
53.155
5.783
48.030
5.585
11.593
49.392
5.447
54.520
44.716
41.515
57.004
49.011
7.406
19.459
35.087
54.044
11.664
58.237
34.186
19.891
52.957
50.633
24.470
56.020
7.883
44.862
54.829
50.303
8.658
10.371
32.316
32.324
33.561
14.250
51.384
24.960
15.320
44.601
53.527
50.938
51.384
25.382
53.888
11.231
30.889
12.798
20.233
6.329
11.668
35.705
15.482
36.584
31.493
36.479
38.469
47.977
46.763
55.941
7.991
52.453
34.476
45.784
47.952
13.871
39.165
35.958
43.245
50.549
7.253
38.282
16.890
56.026
25.166
9.437
47.762
54.289
29.122
8.810
55.756
19.808
6.044
6.278
21.196
59.115
41.643
56.854
9.581
28.952
44.061
27.677
26.394
5.657
7.248
57.125
23.570
19.815
10.265
9.652
34.321
30.052
29.845
20.850
26.749
25.423
9.419
53.306
48.988
55.374
7.778
30.493
13.533
49.356
50.666
32.444
12.127
51.180
53.124
60.221
16.083
35.803
34.878
28.523
52.168
37.516
55.176
48.170
7.767
43.424
47.583
5.520
1.377
12.416
5.888
58.159
7.052
8.704
17.264
51.111
54.271
11.215
51.143
43.755
26.732
28.608
52.928
57.415
49.062
23.140
17.636
45.141
51.209
52.498
17.978
54.703
54.437
51.699
3.011
13.039
56.779
5.690
19.083
5.009
40.031
13.622
15.856
7.400
42.631
18.091
24.297
5.107
9.613
35.996
11.775
10.790
9.939
49.174
58.961
52.593
41.187
34.650
8.081
38.676
26.633
9.966
12.002
51.137
34.552
25.932
44.224
10.048
29.064
57.867
37.962
38.454
37.932
20.836
7.024
36.825
45.243
54.428
29.943
46.110
8.642
33.389
11.322
35.512
34.888
44.453
54.298
14.077
11.032
24.699
42.396
20.370
5.551
20.469
55.968
21.560
29.976
33.167
3.925
44.713
38.199
9.663
5.931
47.537
10.136
16.804
12.580
24.919
7.036
5.483
31.189
49.238
44.601
33.936
6.833
40.376
41.138
56.436
48.544
55.792
57.305
22.883
9.101
37.973
18.975
51.306
47.166
52.976
12.258
11.695
16.244
27.535
58.189
33.279
34.909
14.269
56.074
14.880
30.911
8.246
30.612
7.708
12.317
38.923
8.280
32.235
8.379
58.603
46.534
60.825
53.506
55.771
7.780
8.715
7.515
7.570
13.594
10.322
37.460
46.790
49.481
43.254
57.358
11.242
35.738
16.688
8.830
9.934
56.306
35.675
47.683
56.258
10.351
14.179
8.745
18.357
46.294
9.683
37.666
30.106
58.058
45.007
40.150
49.697
38.398
13.615
22.406
22.751
55.029
43.055
6.864
45.407
9.738
15.098
32.915
6.991
13.321
22.661
13.013
57.285
41.164
47.381
13.212
31.847
20.478
7.459
32.740
54.898
31.715
7.720
32.410
6.517
13.798
32.841
16.019
50.196
41.324
19.505
57.766
43.808
9.895
14.359
15.462
51.087
15.243
38.505
37.088
46.579
12.817
28.290
30.294
9.257
46.232
36.022
12.986
14.647
11.453
16.937
11.690
52.722
51.633
7.695
18.446
27.559
7.092
57.993
54.511
49.679
53.258
22.609
9.880
13.501
46.124
34.824
7.910
40.979
30.318
15.546
6.254
47.461
42.973
34.405
32.108
50.227
27.460
41.426
14.197
6.292
44.247
9.032
28.943
15.847
19.435
16.391
6.445
36.311
29.370
11.096
51.307
7.764
11.021
25.207
21.334
17.725
53.203
6.589
44.762
22.993
48.920
5.218
14.260
14.413
59.769
8.241
9.271
10.681
5.613
15.156
32.820
9.176
45.231
24.851
55.960
11.461
36.522
47.193
18.912
25.837
18.227
56.473
39.411
57.051
48.687
57.729
18.553
24.340
55.050
10.282
10.630
51.878
30.275
16.095
6.250
25.833
29.670
30.492
51.186
50.271
5.680
10.804
9.297
31.836
36.277
4.509
13.829
45.526
47.580
52.891
50.323
55.360
45.102
59.521
56.656
23.511
55.710
52.974
14.575
33.980
11.068
10.679
53.155
6.049
53.261
58.161
42.836
58.801
42.876
56.968
8.312
8.596
14.919
17.448
11.221
14.477
35.991
35.496
6.693
42.259
12.774
8.029
5.537
6.128
2.291
5.392
51.262
39.219
8.194
42.187
26.077
6.386
56.215
23.613
14.139
30.397
28.561
27.827
12.613
22.763
43.960
36.945
43.648
47.322
7.402
54.377
45.421
8.137
8.277
57.055
30.034
56.904
7.933
57.908
58.418
53.613
55.867
7.203
41.843
55.953
49.779
59.738
55.856
52.545
7.680
34.496
24.441
29.845
34.807
44.860
35.808
38.657
47.814
7.248
38.833
47.371
56.981
21.725
27.136
17.372
7.633
13.101
40.921
7.182
27.709
18.537
45.318
52.794
36.498
34.532
19.119
28.228
49.953
36.024
18.834
31.086
9.986
59.265
46.749
9.121
20.762
12.148
17.351
5.444
50.317
54.767
42.819
8.211
30.325
41.513
29.312
46.457
8.070
14.203
21.478
52.326
40.691
41.714
5.872
10.989
39.549
7.389
8.523
14.911
18.154
21.610
16.802
9.970
31.735
10.281
12.980
29.902
18.876
31.875
9.519
38.224
40.901
9.560
13.852
57.938
6.165
14.857
7.817
18.320
11.517
25.191
13.169
46.247
49.003
10.401
41.340
9.553
56.302
6.296
23.300
53.148
21.652
12.464
53.404
28.308
23.894
60.104
51.564
55.366
33.055
59.961
15.357
9.087
25.452
31.645
5.637
43.884
11.573
47.900
14.299
56.099
21.670
4.183
52.660
10.906
47.328
53.186
57.921
4.292
38.843
14.704
23.862
39.515
15.492
11.540
12.580
50.802
7.432
45.780
16.974
48.610
8.185
45.184
11.127
52.937
36.804
59.240
51.008
18.317
33.111
46.337
42.460
26.890
52.113
55.827
50.448
57.992
9.771
20.273
52.478
36.891
46.535
32.665
45.686
9.225
16.103
26.739
57.325
17.402
55.275
13.184
50.276
9.064
54.513
16.999
56.820
50.550
53.385
9.027
52.880
57.827
47.729
57.220
53.642
37.026
12.220
20.117
21.483
9.948
18.967
11.425
19.986
19.274
38.571
53.582
55.934
44.886
3.019
27.898
13.320
45.112
11.909
9.193
6.713
15.248
25.151
45.338
28.518
37.654
10.541
6.952
8.721
10.312
7.319
20.496
5.797
10.180
4.439
56.538
8.224
51.098
8.851
31.939
31.981
15.671
6.316
8.160
40.594
14.308
40.514
56.737
17.876
38.197
10.171
13.957
26.546
40.768
39.942
58.610
28.753
27.273
31.145
10.534
6.880
18.467
10.895
15.445
17.394
10.428
39.154
36.293
51.013
23.501
19.039
32.653
9.483
51.309
6.835
15.773
26.522
45.630
38.648
46.879
18.799
5.747
11.577
7.324
55.919
7.009
9.381
13.498
8.504
61.079
20.236
27.573
48.560
56.993
50.470
11.224
6.612
37.107
40.421
7.916
17.783
53.291
41.821
7.261
47.217
47.326
48.222
44.493
20.245
48.384
54.634
13.306
39.906
21.538
21.796
10.156
8.922
51.601
3.124
6.890
54.063
44.454
34.926
37.359
8.260
22.518
42.053
50.085
18.145
9.521
53.766
33.627
8.353
30.269
22.960
14.703
44.978
31.182
53.966
48.163
7.004
35.701
9.286
46.828
12.165
34.699
51.059
8.862
12.869
37.816
42.734
8.873
58.410
54.988
56.573
49.120
22.365
43.536
46.628
22.776
15.984
53.428
46.985
11.664
59.040
43.381
43.635
40.705
42.945
23.842
6.471
16.251
19.764
8.188
56.470
52.098
52.405
47.413
4.112
15.514
9.601
56.257
39.468
41.092
8.478
24.303
42.550
9.172
5.581
29.473
42.920
43.671
18.007
52.288
44.154
61.163
30.882
57.837
7.074
43.377
49.784
51.540
25.419
17.989
22.658
27.675
6.548
15.700
3.370
3.095
7.951
18.084
7.658
25.644
6.567
38.616
22.698
10.773
8.296
43.102
56.839
37.235
43.573
9.161
10.880
9.229
5.251
50.894
50.396
27.939
10.163
7.179
48.990
8.479
45.805
13.093
32.179
17.682
6.583
5.945
37.106
53.380
11.673
7.347
53.863
10.427
54.038
27.127
28.679
30.950
38.013
9.398
39.636
5.498
14.124
6.673
9.829
2.086
21.909
14.056
54.300
18.053
21.279
17.013
13.583
8.064
39.306
36.107
15.824
28.913
6.587
24.797
45.795
7.194
52.045
45.734
10.719
10.009
15.309
44.932
20.754
11.726
13.046
5.418
12.338
7.138
14.712
37.382
9.342
33.384
51.644
52.930
24.975
14.463
18.496
41.022
14.122
13.143
17.420
48.936
7.285
54.013
58.764
60.009
18.054
28.166
57.724
34.258
56.951
50.354
28.361
43.713
6.598
41.630
26.065
21.783
38.231
50.725
12.015
9.600
55.675
9.022
39.872
54.314
52.944
25.243
36.283
17.160
20.947
49.584
10.993
39.016
51.547
50.720
50.386
16.044
7.867
29.166
17.851
18.470
25.308
35.230
7.135
53.615
7.394
42.467
57.748
56.450
5.612
41.780
47.848
38.084
37.539
43.012
60.262
47.847
40.867
52.228
13.898
6.689
14.858
28.919
38.930
51.499
24.723
24.139
3.792
38.024
5.233
18.569
34.981
13.776
5.593
53.651
52.688
15.681
10.808
30.681
6.288
22.737
48.719
27.485
4.346
45.673
6.118
22.551
22.065
52.474
8.872
9.778
50.546
8.832
49.898
8.335
19.747
52.074
12.004
36.920
41.000
54.154
36.099
16.686
12.207
11.874
42.949
5.527
38.646
15.276
41.552
7.097
44.058
38.130
10.835
22.151
50.066
8.442
35.886
14.316
14.112
54.642
25.145
11.654
19.492
15.032
3.195
6.579
20.656
10.296
34.411
46.878
8.329
21.358
15.864
3.766
6.792
3.822
15.933
15.435
21.365
50.424
48.616
41.355
16.879
9.218
41.989
18.487
41.904
15.526
10.336
52.925
5.403
39.516
37.668
42.121
52.579
9.349
33.547
57.605
8.283
51.116
47.439
14.386
54.766
22.592
5.366
14.498
51.125
45.230
6.833
52.506
57.213
49.659
45.809
50.959
18.566
17.375
48.420
24.430
36.165
27.616
20.140
29.027
31.551
38.099
5.877
33.763
41.585
7.123
26.763
32.900
21.209
41.492
35.739
41.477
12.321
10.091
31.276
7.481
48.589
19.051
4.159
27.485
11.513
5.062
13.077
30.382
55.357
7.496
8.337
13.203
51.655
10.566
51.493
56.892
8.289
38.083
31.016
48.272
43.845
58.520
44.027
20.526
57.789
11.397
17.173
46.656
5.606
15.645
13.160
14.137
12.002
49.860
47.916
15.871
46.249
4.847
25.965
43.586
51.981
41.176
47.727
12.382
40.202
37.383
26.428
39.137
36.843
24.160
30.262
5.818
37.099
16.912
56.464
46.092
53.519
16.880
57.833
39.181
8.544
49.213
37.172
20.230
37.965
20.425
10.264
34.580
36.402
5.589
47.814
5.549
52.526
54.185
57.564
17.928
11.662
20.081
19.459
6.901
20.823
9.270
22.055
20.017
13.307
58.056
5.821
55.739
42.885
25.842
55.761
21.554
49.510
36.965
45.238
5.271
45.975
41.538
23.363
8.990
23.075
18.503
7.959
2.590
24.173
28.003
58.139
57.626
13.436
41.874
40.107
43.208
34.296
10.405
57.962
22.838
21.795
10.337
11.980
38.072
16.298
26.386
14.272
21.194
9.803
41.115
40.222
55.947
48.087
50.388
41.145
46.863
27.015
51.007
50.891
15.077
54.162
10.305
23.937
38.951
22.457
50.808
51.255
15.755
2.570
50.509
48.062
12.993
21.840
3.410
23.212
19.882
7.421
6.485
25.091
22.992
55.357
6.636
28.708
59.056
15.497
21.643
41.058
55.901
12.129
26.190
8.189
39.664
42.123
6.305
46.790
59.114
53.732
44.691
46.146
45.839
20.164
27.846
48.000
8.332
6.867
37.198
9.000
43.682
9.749
51.219
31.973
9.527
50.518
39.246
45.201
6.805
12.620
57.552
54.842
14.080
21.426
6.511
8.473
13.538
8.238
26.899
11.954
55.033
45.609
53.349
6.212
28.637
47.947
5.571
19.407
24.899
55.631
23.407
50.658
4.233
22.943
30.326
11.507
39.958
7.330
12.186
59.499
13.697
39.413
9.839
20.279
14.420
42.002
51.962
53.073
4.246
50.655
52.443
52.631
32.857
36.689
42.240
40.828
53.781
20.154
16.191
13.392
7.421
33.020
57.808
36.879
34.000
16.333
12.119
40.344
34.671
13.189
15.875
53.730
45.065
6.673
42.128
6.820
10.510
14.984
44.942
45.175
12.745
43.847
14.643
49.060
45.669
46.913
12.324
50.522
47.450
8.188
17.026
5.032
5.164
17.186
18.832
8.338
32.107
43.401
40.568
47.320
58.456
7.704
53.328
17.954
11.166
30.998
12.713
47.226
14.143
28.758
7.843
5.953
30.636
6.026
21.180
25.982
48.293
27.743
24.159
18.672
16.639
9.667
22.720
19.252
16.092
40.718
6.268
46.515
50.965
11.232
26.417
7.573
45.980
34.274
3.432
12.015
14.411
42.400
30.113
56.503
15.473
50.944
51.894
58.861
8.431
12.362
21.609
18.527
14.102
31.291
7.041
6.801
51.629
35.447
45.644
56.011
50.057
42.999
47.183
16.452
40.625
17.020
15.078
47.264
54.035
54.352
25.118
56.174
10.906
14.530
7.397
5.006
14.256
53.423
49.222
26.976
5.177
43.447
8.321
28.031
6.745
43.480
9.454
49.157
7.472
51.899
43.262
20.921
30.120
24.810
55.603
8.140
10.492
28.592
31.007
8.192
15.794
30.742
11.497
20.397
29.312
14.809
20.968
51.859
12.643
7.576
44.504
30.680
45.530
51.541
55.535
34.080
20.196
15.983
49.443
6.820
6.066
46.367
14.047
48.641
38.269
55.713
6.473
61.158
14.502
42.395
60.127
54.773
57.433
38.000
48.198
15.383
17.448
45.644
17.999
47.877
11.311
49.025
18.335
49.347
9.437
8.633
7.284
12.754
20.535
55.980
12.877
6.828
20.926
7.700
56.029
15.426
9.335
43.695
45.110
8.383
23.157
16.121
32.346
6.459
36.846
6.940
20.067
37.869
32.499
38.862
16.257
8.699
7.747
4.155
13.775
51.646
54.776
13.516
47.880
51.404
7.825
9.500
6.929
48.318
4.660
3.951
13.396
6.770
9.228
4.142
7.465
14.237
28.648
51.803
12.828
55.688
19.327
47.139
11.474
51.875
40.592
49.815
60.232
3.146
33.349
51.167
38.536
35.357
9.970
34.434
44.553
27.033
24.577
14.145
10.143
13.954
53.155
46.443
51.679
19.597
11.412
11.356
8.461
7.383
55.154
24.616
18.699
52.148
56.901
48.735
43.380
11.508
37.536
50.617
13.288
53.303
31.576
43.193
8.537
18.371
15.084
61.353
56.680
52.503
9.500
10.047
42.015
6.941
37.304
6.829
14.774
49.210
51.729
31.905
57.599
7.141
37.782
17.945
44.978
7.100
11.831
8.711
1.314
15.857
30.531
21.545
39.470
52.007
16.202
12.410
18.778
21.972
11.519
27.028
12.244
8.107
31.723
8.943
7.202
7.918
8.418
51.049
13.360
49.521
17.932
57.272
20.886
53.276
48.621
53.898
12.309
28.863
47.120
42.198
50.833
17.940
29.328
46.526
54.840
56.775
54.058
41.940
24.270
8.622
8.810
5.050
4.047
9.576
17.150
35.967
9.478
27.914
57.880
6.939
9.181
38.230
54.374
36.489
29.597
34.654
7.057
8.073
25.596
12.917
9.303
48.947
40.723
7.528
8.246
59.638
10.833
51.980
52.253
9.168
50.409
36.421
25.255
12.766
38.654
17.505
9.591
7.403
4.884
29.521
8.085
54.335
11.900
19.418
11.762
51.362
43.224
53.607
8.252
56.672
11.001
39.262
50.113
53.934
29.045
12.048
30.516
47.343
52.375
13.400
25.467
55.786
12.169
12.766
36.956
32.511
5.450
12.769
34.943
48.805
28.303
41.565
18.983
12.919
34.915
23.894
40.535
56.818
53.952
51.359
52.582
17.575
54.426
22.499
30.339
10.248
47.738
52.789
8.567
56.306
47.368
14.227
6.692
34.423
60.264
19.406
40.045
55.738
16.973
8.377
37.315
27.736
45.266
18.380
13.600
54.061
47.793
52.638
16.330
36.984
15.247
32.329
23.739
3.199
28.056
23.829
14.645
49.718
44.243
7.442
52.227
33.025
47.864
6.998
51.610
9.017
56.518
14.470
13.053
13.088
55.498
10.935
9.993
21.207
56.979
38.195
19.228
9.784
26.336
44.628
7.123
27.972
59.635
51.006
51.859
14.799
56.409
52.875
7.743
32.418
56.303
45.080
37.817
7.083
51.671
53.358
51.604
25.879
31.526
58.902
15.195
7.742
50.753
55.251
33.408
36.208
28.471
21.902
60.278
24.680
53.355
41.499
54.030
42.420
57.393
35.638
9.280
40.682
3.621
19.649
22.257
9.306
53.093
53.237
31.604
29.032
35.188
35.527
24.144
21.721
6.373
24.227
9.647
10.397
19.106
46.531
13.103
51.086
34.504
43.989
48.027
29.675
32.232
21.457
54.688
49.211
21.095
38.060
14.398
36.690
15.457
19.955
50.575
33.019
57.749
52.731
57.577
24.573
21.588
28.978
8.587
6.820
51.554
19.733
28.617
53.191
6.004
52.625
57.426
57.087
59.521
45.003
54.657
26.933
53.571
52.308
49.437
39.006
54.693
48.788
19.457
43.865
25.622
28.444
39.774
56.251
45.312
5.335
10.351
59.843
53.851
56.549
13.008
57.520
39.280
6.233
47.188
39.219
35.084
41.057
9.085
35.084
32.438
54.500
8.759
11.322
47.748
8.530
27.208
21.559
11.342
31.901
24.024
8.294
19.357
51.710
61.373
59.097
35.014
29.856
52.316
6.166
6.445
14.222
45.476
7.642
10.563
44.104
28.411
39.618
56.876
40.161
29.184
48.658
53.099
7.490
34.621
12.673
32.781
6.886
8.537
13.859
12.839
37.333
54.257
8.718
34.557
13.201
54.408
58.130
34.806
45.712
53.360
47.555
18.624
5.908
8.657
15.141
60.930
5.462
56.601
50.497
53.750
49.332
11.824
21.553
19.369
49.091
22.796
46.683
50.151
58.611
24.939
59.157
41.204
12.547
12.413
9.193
22.032
39.948
12.128
6.197
42.279
36.764
40.704
45.386
51.067
24.506
47.362
49.311
18.204
35.838
12.874
16.279
35.589
32.042
38.607
39.612
34.707
52.187
13.481
33.043
49.611
25.663
33.671
40.999
6.062
15.150
15.565
14.229
31.056
34.817
29.177
15.982
17.120
28.952
25.231
14.031
8.743
50.937
39.990
13.467
15.155
7.442
22.013
45.074
20.033
14.304
58.539
19.112
44.817
6.197
19.330
18.643
38.316
13.402
41.393
29.169
42.437
43.403
40.322
26.781
26.107
32.864
12.392
37.411
11.012
56.023
55.805
31.414
28.570
59.266
50.851
40.131
46.439
56.074
32.674
30.687
23.302
27.883
43.612
5.096
10.091
11.821
12.765
8.640
51.078
24.795
10.031
5.788
17.725
14.328
15.081
53.962
53.985
39.682
10.968
47.641
5.888
26.330
24.485
1.720
22.447
8.541
46.169
28.008
30.996
10.783
9.996
31.906
23.990
19.123
58.823
13.147
43.778
47.019
50.257
29.561
27.678
10.898
26.627
14.503
46.831
8.337
29.660
29.796
20.307
31.570
21.848
44.283
25.526
7.543
51.383
43.372
54.169
11.535
41.059
36.135
51.633
40.491
12.628
9.238
43.843
37.369
42.854
45.622
9.578
10.162
49.061
29.018
43.560
25.017
30.039
17.793
34.138
41.221
53.085
11.333
47.121
11.500
46.520
26.196
51.494
25.804
39.444
47.065
45.916
45.926
28.750
59.385
57.350
46.815
14.243
16.307
41.517
58.387
7.855
31.864
39.963
9.304
46.378
7.413
20.010
14.240
32.781
32.848
37.401
7.608
14.613
26.515
16.167
27.102
33.520
23.224
12.943
44.329
47.916
37.076
37.135
7.132
42.316
43.642
49.036
26.407
27.815
48.854
30.971
22.837
40.299
52.122
19.966
23.921
22.425
5.730
46.950
54.594
57.198
15.052
47.739
10.636
38.844
8.647
39.750
35.183
39.659
16.024
42.284
21.905
41.660
4.335
19.885
8.775
4.937
45.950
14.380
10.794
57.104
50.780
56.403
9.559
46.633
34.170
53.190
17.875
16.002
8.233
8.438
48.617
10.300
12.174
10.841
8.422
14.048
21.250
7.928
39.376
49.298
14.132
54.194
24.368
52.192
10.120
5.346
39.658
18.453
40.209
43.436
15.046
52.036
12.097
31.233
27.134
26.174
6.931
36.225
27.311
5.570
16.521
37.461
28.683
16.386
24.191
5.126
47.845
8.554
41.299
6.906
36.558
21.602
48.137
18.614
52.657
4.257
50.218
46.355
25.562
43.164
40.753
53.957
23.031
7.456
12.122
28.279
20.463
13.693
43.626
12.960
13.983
30.202
21.813
53.003
21.502
50.971
7.043
53.370
21.321
44.020
55.948
22.897
4.998
36.531
47.070
39.724
38.965
34.613
40.690
50.432
56.180
22.207
31.203
14.541
24.362
44.312
30.744
45.324
42.604
54.029
53.531
34.022
54.724
49.412
47.149
60.620
1.497
38.130
52.472
49.003
43.068
8.877
11.130
25.197
51.377
23.863
22.996
9.708
24.635
41.293
47.457
46.811
59.308
58.047
41.436
55.372
27.127
49.550
6.773
9.929
29.795
57.789
45.551
30.941
1.732
17.282
7.478
32.359
45.906
38.162
12.638
13.818
18.503
46.456
50.004
6.269
18.769
7.849
14.638
11.793
11.440
16.035
24.708
18.663
10.045
40.938
27.143
9.884
32.451
59.679
13.846
21.684
48.443
6.831
49.538
50.869
51.844
51.305
40.216
6.162
11.230
6.609
8.857
9.049
10.311
32.413
16.416
12.352
15.272
46.245
25.038
15.158
53.320
57.138
24.789
10.786
15.997
28.670
42.549
19.729
49.815
51.491
46.898
57.472
55.247
30.733
30.853
52.534
43.824
33.751
11.857
35.250
27.508
13.304
6.483
33.452
21.920
36.097
11.621
25.906
44.883
16.901
48.764
50.961
33.389
32.067
33.503
30.379
30.699
14.212
20.202
46.076
50.081
9.576
50.228
56.592
36.309
27.606
43.311
21.427
40.461
26.781
4.465
43.005
13.451
50.418
13.788
11.154
10.321
13.353
45.618
13.213
5.292
39.777
3.905
13.664
51.335
12.289
43.343
31.488
18.967
14.566
6.903
17.665
9.634
6.156
53.754
5.765
57.749
19.725
27.054
9.593
48.056
49.953
14.513
9.746
42.013
11.314
38.745
12.733
35.673
58.224
15.926
48.129
34.055
39.862
13.273
42.889
43.837
16.598
9.318
46.740
25.787
17.880
35.309
48.170
49.601
41.748
59.744
56.638
35.545
26.431
46.051
29.242
24.899
10.200
21.845
7.571
49.695
56.370
48.723
11.961
7.344
47.404
32.424
49.345
30.930
27.032
52.433
34.118
24.705
10.054
9.223
19.435
17.588
8.916
28.489
26.461
30.040
51.260
52.969
7.434
44.389
11.553
34.398
48.677
15.275
7.257
25.467
39.607
50.972
10.155
21.759
31.708
23.812
7.308
46.262
49.241
34.332
50.620
39.994
32.801
13.733
15.585
15.428
55.355
27.560
35.954
43.530
46.489
52.398
16.982
49.327
24.715
50.433
44.980
51.823
45.531
13.033
59.825
5.630
60.191
30.137
55.813
17.446
59.642
22.736
5.691
4.904
45.236
52.754
9.095
41.237
42.864
47.221
30.331
18.508
27.907
41.765
20.217
19.661
26.097
12.469
45.056
41.792
53.547
54.407
10.087
12.200
30.732
54.416
20.623
27.283
21.369
11.559
43.983
53.349
9.324
44.000
15.580
56.958
13.359
37.967
42.673
20.341
45.017
11.024
5.183
42.881
9.788
49.770
31.649
12.269
8.066
56.581
29.508
35.785
14.970
41.393
10.805
30.894
47.847
29.341
9.798
37.700
10.531
6.213
43.288
56.116
31.722
20.080
56.657
44.205
30.089
9.263
43.881
7.658
51.242
17.949
39.724
10.554
43.003
55.977
50.731
56.379
47.834
57.012
50.245
55.167
15.179
21.903
45.228
26.498
31.277
17.345
14.918
35.655
52.985
52.187
39.341
47.057
41.451
40.074
33.257
35.628
42.915
17.624
12.994
37.587
57.061
27.591
55.921
56.001
15.349
25.457
47.553
26.063
38.534
27.612
38.691
7.990
7.300
12.841
51.998
48.588
6.769
52.149
52.495
38.110
15.895
7.369
3.706
9.413
14.096
9.674
33.554
4.914
7.011
33.122
54.831
8.317
12.812
13.306
52.072
11.693
15.000
58.012
32.346
10.459
7.621
29.357
41.644
52.975
21.546
7.231
44.762
14.129
26.555
39.369
25.828
45.770
34.473
33.316
38.474
45.685
27.993
31.284
9.813
47.775
38.005
56.310
49.642
52.008
15.533
45.895
21.639
47.982
47.171
52.429
47.224
32.774
45.017
28.255
33.559
11.699
11.588
16.977
55.886
5.917
8.430
53.503
36.316
30.402
13.322
24.360
21.375
8.670
38.948
38.040
42.872
39.395
41.472
40.971
55.469
56.208
47.792
39.481
40.844
20.619
55.205
48.349
38.998
43.341
40.962
7.012
15.210
10.920
3.227
13.852
17.496
12.072
36.809
8.269
6.994
29.710
29.615
46.214
19.735
25.972
44.242
50.359
33.085
49.144
25.610
20.353
19.508
53.022
21.556
46.160
33.942
7.034
26.856
33.174
13.084
54.564
59.501
46.690
12.773
5.971
38.513
24.672
55.280
16.874
12.416
41.745
9.177
10.596
59.430
8.588
52.925
52.850
54.844
12.379
13.975
48.806
6.624
20.584
14.915
13.127
53.356
12.086
9.798
56.282
31.130
57.109
56.121
56.346
47.841
48.645
31.887
50.640
7.215
18.095
21.556
19.914
8.198
9.968
53.279
43.066
43.538
9.580
50.611
45.996
24.060
8.286
10.691
3.774
14.720
49.900
8.155
18.722
12.296
38.195
47.826
31.909
35.378
12.340
19.875
27.776
28.915
36.461
10.286
16.607
12.658
33.831
17.203
26.588
7.042
41.615
48.833
5.834
49.085
33.259
55.693
56.739
5.468
10.739
46.618
35.225
19.956
31.437
9.909
10.215
13.370
30.555
48.063
52.156
10.468
14.222
15.698
45.402
5.457
13.345
53.330
50.437
9.203
24.814
43.035
50.232
5.840
33.160
47.893
22.651
9.598
17.256
10.198
6.422
20.014
7.131
34.919
17.161
20.269
49.075
51.719
54.232
54.847
46.747
21.692
36.701
38.261
5.411
17.716
10.168
13.380
52.231
21.416
43.051
9.411
53.777
44.195
34.483
14.997
41.488
13.478
15.484
20.779
42.664
40.159
19.371
9.818
49.125
31.305
5.418
46.433
15.259
50.505
5.690
25.272
49.102
9.777
41.892
54.296
28.904
12.583
49.169
11.603
8.059
45.177
33.884
6.662
23.841
15.248
28.219
23.679
33.005
33.036
11.657
22.015
45.428
48.792
11.152
20.408
33.871
56.394
30.895
18.855
6.958
45.125
38.652
51.351
59.087
15.047
22.823
6.338
46.983
27.095
18.586
10.677
20.096
33.741
44.089
6.393
25.180
9.536
17.955
27.196
11.062
16.362
5.201
34.233
33.201
12.820
59.048
32.635
19.870
13.106
11.112
28.728
27.463
12.792
24.436
41.258
38.346
41.449
32.376
22.467
14.498
12.748
45.195
53.455
36.335
13.761
25.889
51.358
23.117
18.903
51.056
52.274
21.541
35.976
8.101
6.248
16.134
4.076
40.632
5.709
7.801
31.952
23.202
18.125
19.041
13.192
22.750
8.367
44.502
21.966
22.552
46.074
13.509
42.983
21.034
33.519
10.320
40.715
27.998
18.748
45.128
15.724
8.971
40.488
18.193
17.663
24.337
9.494
29.932
32.483
20.900
49.319
53.928
8.145
36.550
43.022
18.588
6.618
5.766
46.871
13.897
24.581
28.067
30.414
42.620
25.877
22.957
39.904
12.037
58.714
11.079
8.815
52.985
18.150
44.871
36.473
52.705
37.455
14.717
44.839
35.074
51.772
52.025
6.826
15.910
16.279
29.270
32.401
8.921
17.274
14.458
32.161
13.804
58.167
17.064
9.821
19.576
22.057
7.327
51.852
18.812
7.606
48.646
8.892
13.404
34.072
47.662
23.284
5.602
49.735
52.496
14.595
44.625
18.311
49.898
35.081
20.379
31.530
6.194
15.402
27.780
9.904
53.399
48.737
44.788
29.276
39.960
16.309
7.113
29.547
54.030
3.915
8.328
56.627
32.261
43.334
17.917
40.970
23.815
46.432
54.413
20.851
9.108
22.439
31.325
15.435
14.779
34.954
2.518
40.107
37.898
41.470
22.136
48.880
5.702
42.225
42.964
43.173
34.571
31.129
40.767
32.934
16.777
15.024
23.136
9.012
25.505
16.307
12.387
27.879
34.671
37.829
9.472
22.292
40.619
22.717
25.886
52.801
24.236
38.438
15.335
7.521
25.737
33.085
8.250
8.304
57.151
6.339
36.473
40.642
12.367
52.078
20.421
56.123
29.687
10.082
42.302
38.773
41.771
56.641
49.153
25.835
10.625
27.409
55.111
37.407
13.398
56.979
21.050
10.405
8.381
14.016
10.473
50.826
12.368
54.732
19.326
53.217
11.555
9.869
9.531
5.807
14.554
60.483
34.829
22.302
38.466
45.756
49.700
58.095
50.469
54.183
49.852
57.006
55.329
5.643
51.139
49.916
33.427
42.580
24.728
16.675
12.068
45.986
14.754
52.339
41.220
60.793
10.985
5.140
20.816
45.126
17.006
48.942
6.623
31.211
8.409
52.786
6.535
37.580
34.956
41.855
8.369
59.058
47.669
51.884
50.043
59.964
48.663
50.844
47.534
6.183
3.364
13.002
17.629
29.850
27.986
13.225
32.710
27.225
51.462
30.367
17.045
52.101
32.216
6.913
59.043
30.245
51.634
29.681
9.986
34.395
51.968
31.397
46.145
57.813
35.545
36.852
15.721
45.009
25.271
34.572
38.117
12.435
37.604
52.921
7.796
59.369
14.673
3.602
26.490
18.931
7.808
44.207
4.651
14.622
8.954
56.532
9.018
57.572
21.012
10.185
14.604
6.982
16.208
7.966
55.529
8.735
10.791
53.740
37.693
44.378
11.976
49.521
5.451
33.128
23.906
26.141
55.224
46.548
45.074
11.919
44.000
47.053
50.000
53.434
53.589
17.097
32.648
45.984
55.688
49.257
47.874
19.082
8.941
18.689
16.302
47.951
42.745
36.308
9.336
9.672
37.679
30.745
57.463
54.818
38.404
10.212
51.278
6.579
38.680
6.608
14.391
34.562
51.443
46.008
5.786
35.606
13.049
6.189
58.715
54.906
29.264
9.148
50.843
46.626
56.235
14.932
47.039
29.934
52.664
52.108
21.712
33.902
52.717
7.503
18.058
6.629
41.370
12.222
11.486
24.433
59.797
14.453
52.367
33.005
47.556
50.522
45.927
49.800
36.558
15.551
21.137
56.434
44.818
40.834
47.824
54.092
40.156
5.854
11.709
46.335
20.477
35.099
35.543
35.427
51.139
8.930
22.277
54.757
8.257
48.359
49.386
42.072
55.553
44.220
48.330
53.850
26.863
44.431
12.511
27.591
7.149
42.238
43.938
50.081
34.255
54.607
5.326
15.876
10.954
18.127
6.799
13.932
24.045
58.876
4.530
45.288
28.199
36.654
16.793
15.172
29.314
59.306
37.919
60.344
13.491
7.284
10.781
46.889
49.836
34.451
53.069
58.597
14.284
58.058
52.959
57.570
51.063
47.431
56.980
6.313
7.881
55.868
8.302
19.665
6.414
11.528
25.628
45.377
46.599
55.528
50.609
10.112
6.152
40.757
42.700
21.183
15.700
34.546
15.481
48.034
7.005
9.355
24.274
40.715
46.569
58.538
56.480
56.154
6.197
12.985
53.403
10.156
52.327
34.209
6.952
54.692
48.466
32.567
12.266
40.590
16.627
37.122
20.698
35.731
8.626
4.877
49.281
17.001
30.328
19.319
49.463
5.319
37.088
56.992
45.155
34.514
57.074
58.943
11.509
5.654
54.749
37.360
7.388
38.705
9.708
14.243
35.472
43.428
30.085
27.534
6.935
18.663
34.750
14.025
10.522
57.094
35.400
4.886
51.983
4.469
6.117
47.184
16.556
49.414
16.823
44.326
14.002
6.852
12.866
14.256
6.770
23.052
43.268
48.207
46.207
48.311
58.341
9.169
24.687
16.705
43.926
5.021
50.902
15.647
7.012
59.602
8.179
17.189
22.721
7.970
15.038
12.758
33.531
23.646
7.313
50.595
55.338
18.599
6.740
10.877
19.254
59.535
57.676
10.945
22.479
46.515
56.630
45.834
2.753
31.231
23.994
21.610
51.227
4.727
7.479
5.547
7.509
26.009
21.182
17.759
33.943
9.068
19.318
12.026
59.469
9.924
14.907
44.983
6.240
26.233
5.716
25.794
14.889
43.816
26.995
21.992
57.376
34.818
59.656
5.583
6.172
32.666
54.895
13.354
23.752
38.951
11.188
2.204
43.848
23.005
43.106
41.902
53.890
41.810
18.355
56.574
58.358
49.259
45.952
8.967
36.672
6.667
37.821
53.502
13.843
35.787
46.316
33.841
50.780
22.067
7.229
44.515
6.992
49.587
44.412
22.307
49.349
42.895
46.826
11.608
20.442
51.368
52.149
6.991
56.818
41.767
9.462
49.744
45.659
50.736
16.125
13.854
45.400
41.027
36.359
14.061
13.751
33.060
33.434
41.602
40.526
16.798
55.129
13.989
23.054
10.109
40.448
40.778
59.172
50.390
31.217
23.363
11.379
12.320
7.237
56.702
34.154
57.713
53.443
45.037
51.435
46.370
5.966
18.452
24.184
47.984
16.537
31.379
54.785
28.161
43.827
