0 0 1
0 2 -1
0 3 -1
0 88 1
1 3 1
1 7 -1
1 9 -1
1 90 1
2 1 -1
2 2 1
2 4 1
2 19 -1
3 0 -1
3 1 1
3 13 -1
3 20 1
4 4 -1
4 5 1
4 16 -1
4 27 -1
5 5 -1
5 6 1
5 14 1
5 82 1
6 10 -1
6 11 1
6 14 -1
6 87 1
7 8 -1
7 9 1
7 10 1
7 85 -1
8 6 -1
8 7 1
8 8 1
8 81 -1
9 11 -1
9 12 1
9 15 1
9 52 1
10 15 -1
10 16 1
10 17 -1
10 35 1
11 12 -1
11 13 1
11 17 1
11 36 -1
12 18 -1
12 19 1
12 25 1
13 22 1
13 24 -1
13 25 -1
14 22 -1
14 23 1
14 28 -1
14 99 1
15 23 -1
15 24 1
15 26 1
15 98 -1
16 26 -1
16 27 1
16 34 -1
16 102 -1
17 31 -1
17 32 1
17 34 1
17 97 -1
18 28 1
18 30 -1
18 31 1
18 96 -1
19 18 1
19 21 -1
19 29 1
19 38 -1
20 32 -1
20 33 1
20 35 -1
20 51 -1
21 29 -1
21 30 1
21 33 -1
21 45 -1
22 20 -1
22 21 1
22 36 1
22 39 1
23 37 -1
23 38 1
23 44 -1
24 37 1
24 40 -1
24 41 1
24 67 -1
25 41 -1
25 42 1
25 46 -1
25 53 1
26 46 1
26 48 -1
26 49 1
26 61 -1
27 42 -1
27 43 1
27 47 1
27 57 -1
28 43 -1
28 44 1
28 45 1
28 95 -1
29 47 -1
29 48 1
29 51 1
29 62 1
30 39 -1
30 40 1
30 50 -1
30 68 1
31 49 -1
31 50 1
31 52 -1
31 74 -1
32 53 -1
32 54 1
32 58 1
32 70 -1
33 54 -1
33 55 1
33 59 -1
33 83 1
34 60 -1
34 61 1
34 64 -1
34 73 1
35 58 -1
35 59 1
35 60 1
35 72 -1
36 55 -1
36 56 1
36 65 1
36 84 -1
37 56 -1
37 57 1
37 66 1
37 94 1
38 62 -1
38 63 1
38 66 -1
38 97 1
39 63 -1
39 64 1
39 65 -1
39 86 1
40 67 1
40 69 -1
40 70 1
41 68 -1
41 69 1
41 71 1
41 89 -1
42 71 -1
42 72 1
42 75 -1
42 85 1
43 73 -1
43 74 1
43 75 1
43 87 -1
44 76 1
44 80 -1
44 83 -1
45 76 -1
45 77 1
45 81 1
46 77 -1
46 78 1
46 82 -1
46 103 1
47 79 -1
47 80 1
47 84 1
47 100 -1
48 78 -1
48 79 1
48 86 -1
48 101 1
49 88 -1
49 89 1
49 90 -1
50 91 1
50 93 -1
50 95 1
51 92 -1
51 93 1
51 96 1
51 99 -1
52 91 -1
52 92 1
52 94 -1
52 100 1
53 98 1
53 101 -1
53 102 1
53 103 -1
