1 -1.0 -0.0 -0.0
2 -0.0 -1.0 -0.0
3 0.0 0.0 1.0
4 -0.705572283092 0.334292186508 0.624833167631
5 -0.552244809489 -0.831795056441 0.056059383454
6 0.227866161825 0.489880627504 -0.841483204283
7 0.55536909537 0.557496494002 0.617059824558
8 -0.211231867867 0.962960516662 -0.167595171018
9 -1.0 -0.0 -0.0
10 1.0 0.0 0.0
11 -0.0 -1.0 -0.0
12 -0.0 -0.0 -1.0
13 -0.702412445749 -0.709891302455 -0.051682634953
14 -0.30278193591 -0.287702658471 -0.908597974681
15 -0.823924868388 -0.390353064261 -0.410819055637
16 -0.438037191933 0.76055254411 0.479252799815
17 0.467534003571 0.196923579349 -0.861761602418
18 -1.0 -0.0 -0.0
19 0.0 1.0 0.0
20 -0.0 -0.0 -1.0
21 -0.639664443247 0.050184168529 -0.76701430839
22 -0.200895656461 0.324561316039 -0.924283986308
23 -0.746507035661 0.639296418956 -0.1844649951
24 -0.856004364012 0.289936553464 0.428010892102
25 0.091297098608 0.882507871872 -0.461350946537
26 0.0 1.0 0.0
27 0.0 0.0 1.0
28 0.513521001698 0.539471681932 -0.667282912421
29 0.548248903249 -0.794244308886 -0.26191433311
30 -0.584668344774 0.609239651399 -0.53571445172
31 0.591371407615 -0.271327582102 -0.759382118203
32 -0.808610618789 0.386103649545 0.443928867038
33 -1.0 -0.0 -0.0
34 0.0 1.0 0.0
35 0.0 0.0 1.0
36 0.706834854544 -0.485085709209 -0.514855652705
37 -0.267993188777 -0.962641345323 -0.03874649719
38 0.822997514593 -0.460070312131 0.333182230724
39 1.0 0.0 0.0
40 -0.0 -1.0 -0.0
41 0.0 1.0 0.0
42 0.0 0.0 1.0
43 -0.246495705924 0.040262351994 -0.968307187814
44 0.30528342786 0.151847233927 -0.940076829957
45 0.874844169514 0.380604194151 0.299646669366
46 -1.0 -0.0 -0.0
47 -0.0 -1.0 -0.0
48 0.0 0.0 1.0
49 -0.803570863072 -0.45880381691 0.379174004397
50 1.0 0.0 0.0
51 0.0 1.0 0.0
52 -0.0 -0.0 -1.0
53 0.583662425984 -0.305948176749 0.752152833963
54 0.342842483473 0.364889642084 -0.86562958627
55 1.0 0.0 0.0
56 -0.0 -1.0 -0.0
57 0.0 1.0 0.0
58 -0.0 -0.0 -1.0
59 -0.835140336199 -0.220431964412 0.503934884603
60 1.0 0.0 0.0
61 -0.0 -1.0 -0.0
