0 0 -1
1 0 1
1 1 -1
2 1 1
2 2 -1
3 2 1
3 3 -1
4 3 1
4 4 -1
5 4 1
5 5 -1
6 5 1
6 6 -1
7 6 1
7 7 -1
8 7 1
8 8 -1
9 8 1
9 9 -1
10 9 1
11 10 -1
12 10 1
12 11 -1
13 11 1
13 12 -1
14 12 1
14 13 -1
15 13 1
15 14 -1
16 14 1
16 15 -1
17 15 1
17 16 -1
18 16 1
18 17 -1
19 17 1
19 18 -1
20 18 1
20 19 -1
21 19 1
22 20 -1
23 20 1
23 21 -1
24 21 1
24 22 -1
25 22 1
25 23 -1
26 23 1
26 24 -1
27 24 1
27 25 -1
28 25 1
28 26 -1
29 26 1
29 27 -1
30 27 1
30 28 -1
31 28 1
31 29 -1
32 29 1
33 30 -1
34 30 1
34 31 -1
35 31 1
35 32 -1
36 32 1
36 33 -1
37 33 1
37 34 -1
38 34 1
38 35 -1
39 35 1
39 36 -1
40 36 1
40 37 -1
41 37 1
41 38 -1
42 38 1
42 39 -1
43 39 1
44 40 -1
45 40 1
45 41 -1
46 41 1
46 42 -1
47 42 1
47 43 -1
48 43 1
48 44 -1
49 44 1
49 45 -1
50 45 1
50 46 -1
51 46 1
51 47 -1
52 47 1
52 48 -1
53 48 1
53 49 -1
54 49 1
55 50 -1
56 50 1
56 51 -1
57 51 1
57 52 -1
58 52 1
58 53 -1
59 53 1
59 54 -1
60 54 1
60 55 -1
61 55 1
61 56 -1
62 56 1
62 57 -1
63 57 1
63 58 -1
64 58 1
64 59 -1
65 59 1
66 60 -1
67 60 1
67 61 -1
68 61 1
68 62 -1
69 62 1
69 63 -1
70 63 1
70 64 -1
71 64 1
71 65 -1
72 65 1
72 66 -1
73 66 1
73 67 -1
74 67 1
74 68 -1
75 68 1
75 69 -1
76 69 1
77 70 -1
78 70 1
78 71 -1
79 71 1
79 72 -1
80 72 1
80 73 -1
81 73 1
81 74 -1
82 74 1
82 75 -1
83 75 1
83 76 -1
84 76 1
84 77 -1
85 77 1
85 78 -1
86 78 1
86 79 -1
87 79 1
88 80 -1
89 80 1
89 81 -1
90 81 1
90 82 -1
91 82 1
91 83 -1
92 83 1
92 84 -1
93 84 1
93 85 -1
94 85 1
94 86 -1
95 86 1
95 87 -1
96 87 1
96 88 -1
97 88 1
97 89 -1
98 89 1
99 90 -1
100 90 1
100 91 -1
101 91 1
101 92 -1
102 92 1
102 93 -1
103 93 1
103 94 -1
104 94 1
104 95 -1
105 95 1
105 96 -1
106 96 1
106 97 -1
107 97 1
107 98 -1
108 98 1
108 99 -1
109 99 1
110 100 -1
111 100 1
111 101 -1
112 101 1
112 102 -1
113 102 1
113 103 -1
114 103 1
114 104 -1
115 104 1
115 105 -1
116 105 1
116 106 -1
117 106 1
117 107 -1
118 107 1
118 108 -1
119 108 1
119 109 -1
120 109 1
121 110 -1
122 110 1
122 111 -1
123 111 1
123 112 -1
124 112 1
124 113 -1
125 113 1
125 114 -1
126 114 1
126 115 -1
127 115 1
127 116 -1
128 116 1
128 117 -1
129 117 1
129 118 -1
130 118 1
130 119 -1
131 119 1
132 120 -1
133 120 1
133 121 -1
134 121 1
134 122 -1
135 122 1
135 123 -1
136 123 1
136 124 -1
137 124 1
137 125 -1
138 125 1
138 126 -1
139 126 1
139 127 -1
140 127 1
140 128 -1
141 128 1
141 129 -1
142 129 1
143 130 -1
144 130 1
144 131 -1
145 131 1
145 132 -1
146 132 1
146 133 -1
147 133 1
147 134 -1
148 134 1
148 135 -1
149 135 1
149 136 -1
150 136 1
150 137 -1
151 137 1
151 138 -1
152 138 1
152 139 -1
153 139 1
154 140 -1
155 140 1
155 141 -1
156 141 1
156 142 -1
157 142 1
157 143 -1
158 143 1
158 144 -1
159 144 1
159 145 -1
160 145 1
160 146 -1
161 146 1
161 147 -1
162 147 1
162 148 -1
163 148 1
163 149 -1
164 149 1
165 150 -1
166 150 1
166 151 -1
167 151 1
167 152 -1
168 152 1
168 153 -1
169 153 1
169 154 -1
170 154 1
170 155 -1
171 155 1
171 156 -1
172 156 1
172 157 -1
173 157 1
173 158 -1
174 158 1
174 159 -1
175 159 1
176 160 -1
177 160 1
177 161 -1
178 161 1
178 162 -1
179 162 1
179 163 -1
180 163 1
180 164 -1
181 164 1
181 165 -1
182 165 1
182 166 -1
183 166 1
183 167 -1
184 167 1
184 168 -1
185 168 1
185 169 -1
186 169 1
187 170 -1
188 170 1
188 171 -1
189 171 1
189 172 -1
190 172 1
190 173 -1
191 173 1
191 174 -1
192 174 1
192 175 -1
193 175 1
193 176 -1
194 176 1
194 177 -1
195 177 1
195 178 -1
196 178 1
196 179 -1
197 179 1
198 180 -1
199 180 1
199 181 -1
200 181 1
200 182 -1
201 182 1
201 183 -1
202 183 1
202 184 -1
203 184 1
203 185 -1
204 185 1
204 186 -1
205 186 1
205 187 -1
206 187 1
206 188 -1
207 188 1
207 189 -1
208 189 1
209 190 -1
210 190 1
210 191 -1
211 191 1
211 192 -1
212 192 1
212 193 -1
213 193 1
213 194 -1
214 194 1
214 195 -1
215 195 1
215 196 -1
216 196 1
216 197 -1
217 197 1
217 198 -1
218 198 1
218 199 -1
219 199 1
220 200 -1
221 200 1
221 201 -1
222 201 1
222 202 -1
223 202 1
223 203 -1
224 203 1
224 204 -1
225 204 1
225 205 -1
226 205 1
226 206 -1
227 206 1
227 207 -1
228 207 1
228 208 -1
229 208 1
229 209 -1
230 209 1
231 210 -1
232 210 1
232 211 -1
233 211 1
233 212 -1
234 212 1
234 213 -1
235 213 1
235 214 -1
236 214 1
236 215 -1
237 215 1
237 216 -1
238 216 1
238 217 -1
239 217 1
239 218 -1
240 218 1
240 219 -1
241 219 1
242 220 -1
243 220 1
243 221 -1
244 221 1
244 222 -1
245 222 1
245 223 -1
246 223 1
246 224 -1
247 224 1
247 225 -1
248 225 1
248 226 -1
249 226 1
249 227 -1
250 227 1
250 228 -1
251 228 1
251 229 -1
252 229 1
253 230 -1
254 230 1
254 231 -1
255 231 1
255 232 -1
256 232 1
256 233 -1
257 233 1
257 234 -1
258 234 1
258 235 -1
259 235 1
259 236 -1
260 236 1
260 237 -1
261 237 1
261 238 -1
262 238 1
262 239 -1
263 239 1
264 240 -1
265 240 1
265 241 -1
266 241 1
266 242 -1
267 242 1
267 243 -1
268 243 1
268 244 -1
269 244 1
269 245 -1
270 245 1
270 246 -1
271 246 1
271 247 -1
272 247 1
272 248 -1
273 248 1
273 249 -1
274 249 1
275 250 -1
276 250 1
276 251 -1
277 251 1
277 252 -1
278 252 1
278 253 -1
279 253 1
279 254 -1
280 254 1
280 255 -1
281 255 1
281 256 -1
282 256 1
282 257 -1
283 257 1
283 258 -1
284 258 1
284 259 -1
285 259 1
286 260 -1
287 260 1
287 261 -1
288 261 1
288 262 -1
289 262 1
289 263 -1
290 263 1
290 264 -1
291 264 1
291 265 -1
292 265 1
292 266 -1
293 266 1
293 267 -1
294 267 1
294 268 -1
295 268 1
295 269 -1
296 269 1
297 270 -1
298 270 1
298 271 -1
299 271 1
299 272 -1
300 272 1
300 273 -1
301 273 1
301 274 -1
302 274 1
302 275 -1
303 275 1
303 276 -1
304 276 1
304 277 -1
305 277 1
305 278 -1
306 278 1
306 279 -1
307 279 1
308 280 -1
309 280 1
309 281 -1
310 281 1
310 282 -1
311 282 1
311 283 -1
312 283 1
312 284 -1
313 284 1
313 285 -1
314 285 1
314 286 -1
315 286 1
315 287 -1
316 287 1
316 288 -1
317 288 1
317 289 -1
318 289 1
319 290 -1
320 290 1
320 291 -1
321 291 1
321 292 -1
322 292 1
322 293 -1
323 293 1
323 294 -1
324 294 1
324 295 -1
325 295 1
325 296 -1
326 296 1
326 297 -1
327 297 1
327 298 -1
328 298 1
328 299 -1
329 299 1
330 300 -1
331 300 1
331 301 -1
332 301 1
332 302 -1
333 302 1
333 303 -1
334 303 1
334 304 -1
335 304 1
335 305 -1
336 305 1
336 306 -1
337 306 1
337 307 -1
338 307 1
338 308 -1
339 308 1
339 309 -1
340 309 1
341 310 -1
342 310 1
342 311 -1
343 311 1
343 312 -1
344 312 1
344 313 -1
345 313 1
345 314 -1
346 314 1
346 315 -1
347 315 1
347 316 -1
348 316 1
348 317 -1
349 317 1
349 318 -1
350 318 1
350 319 -1
351 319 1
352 320 -1
353 320 1
353 321 -1
354 321 1
354 322 -1
355 322 1
355 323 -1
356 323 1
356 324 -1
357 324 1
357 325 -1
358 325 1
358 326 -1
359 326 1
359 327 -1
360 327 1
360 328 -1
361 328 1
361 329 -1
362 329 1
363 330 -1
364 330 1
364 331 -1
365 331 1
365 332 -1
366 332 1
366 333 -1
367 333 1
367 334 -1
368 334 1
368 335 -1
369 335 1
369 336 -1
370 336 1
370 337 -1
371 337 1
371 338 -1
372 338 1
372 339 -1
373 339 1
374 340 -1
375 340 1
375 341 -1
376 341 1
376 342 -1
377 342 1
377 343 -1
378 343 1
378 344 -1
379 344 1
379 345 -1
380 345 1
380 346 -1
381 346 1
381 347 -1
382 347 1
382 348 -1
383 348 1
383 349 -1
384 349 1
385 350 -1
386 350 1
386 351 -1
387 351 1
387 352 -1
388 352 1
388 353 -1
389 353 1
389 354 -1
390 354 1
390 355 -1
391 355 1
391 356 -1
392 356 1
392 357 -1
393 357 1
393 358 -1
394 358 1
394 359 -1
395 359 1
396 360 -1
397 360 1
397 361 -1
398 361 1
398 362 -1
399 362 1
399 363 -1
400 363 1
400 364 -1
401 364 1
401 365 -1
402 365 1
402 366 -1
403 366 1
403 367 -1
404 367 1
404 368 -1
405 368 1
405 369 -1
406 369 1
407 370 -1
408 370 1
408 371 -1
409 371 1
409 372 -1
410 372 1
410 373 -1
411 373 1
411 374 -1
412 374 1
412 375 -1
413 375 1
413 376 -1
414 376 1
414 377 -1
415 377 1
415 378 -1
416 378 1
416 379 -1
417 379 1
418 380 -1
419 380 1
419 381 -1
420 381 1
420 382 -1
421 382 1
421 383 -1
422 383 1
422 384 -1
423 384 1
423 385 -1
424 385 1
424 386 -1
425 386 1
425 387 -1
426 387 1
426 388 -1
427 388 1
427 389 -1
428 389 1
429 390 -1
430 390 1
430 391 -1
431 391 1
431 392 -1
432 392 1
432 393 -1
433 393 1
433 394 -1
434 394 1
434 395 -1
435 395 1
435 396 -1
436 396 1
436 397 -1
437 397 1
437 398 -1
438 398 1
438 399 -1
439 399 1
440 400 -1
441 400 1
441 401 -1
442 401 1
442 402 -1
443 402 1
443 403 -1
444 403 1
444 404 -1
445 404 1
445 405 -1
446 405 1
446 406 -1
447 406 1
447 407 -1
448 407 1
448 408 -1
449 408 1
449 409 -1
450 409 1
451 410 -1
452 410 1
452 411 -1
453 411 1
453 412 -1
454 412 1
454 413 -1
455 413 1
455 414 -1
456 414 1
456 415 -1
457 415 1
457 416 -1
458 416 1
458 417 -1
459 417 1
459 418 -1
460 418 1
460 419 -1
461 419 1
462 420 -1
463 420 1
463 421 -1
464 421 1
464 422 -1
465 422 1
465 423 -1
466 423 1
466 424 -1
467 424 1
467 425 -1
468 425 1
468 426 -1
469 426 1
469 427 -1
470 427 1
470 428 -1
471 428 1
471 429 -1
472 429 1
473 430 -1
474 430 1
474 431 -1
475 431 1
475 432 -1
476 432 1
476 433 -1
477 433 1
477 434 -1
478 434 1
478 435 -1
479 435 1
479 436 -1
480 436 1
480 437 -1
481 437 1
481 438 -1
482 438 1
482 439 -1
483 439 1
484 440 -1
485 440 1
485 441 -1
486 441 1
486 442 -1
487 442 1
487 443 -1
488 443 1
488 444 -1
489 444 1
489 445 -1
490 445 1
490 446 -1
491 446 1
491 447 -1
492 447 1
492 448 -1
493 448 1
493 449 -1
494 449 1
495 450 -1
496 450 1
496 451 -1
497 451 1
497 452 -1
498 452 1
498 453 -1
499 453 1
499 454 -1
500 454 1
500 455 -1
501 455 1
501 456 -1
502 456 1
502 457 -1
503 457 1
503 458 -1
504 458 1
504 459 -1
505 459 1
506 460 -1
507 460 1
507 461 -1
508 461 1
508 462 -1
509 462 1
509 463 -1
510 463 1
510 464 -1
511 464 1
511 465 -1
512 465 1
512 466 -1
513 466 1
513 467 -1
514 467 1
514 468 -1
515 468 1
515 469 -1
516 469 1
517 470 -1
518 470 1
518 471 -1
519 471 1
519 472 -1
520 472 1
520 473 -1
521 473 1
521 474 -1
522 474 1
522 475 -1
523 475 1
523 476 -1
524 476 1
524 477 -1
525 477 1
525 478 -1
526 478 1
526 479 -1
527 479 1
528 480 -1
529 480 1
529 481 -1
530 481 1
530 482 -1
531 482 1
531 483 -1
532 483 1
532 484 -1
533 484 1
533 485 -1
534 485 1
534 486 -1
535 486 1
535 487 -1
536 487 1
536 488 -1
537 488 1
537 489 -1
538 489 1
539 490 -1
540 490 1
540 491 -1
541 491 1
541 492 -1
542 492 1
542 493 -1
543 493 1
543 494 -1
544 494 1
544 495 -1
545 495 1
545 496 -1
546 496 1
546 497 -1
547 497 1
547 498 -1
548 498 1
548 499 -1
549 499 1
550 500 -1
551 500 1
551 501 -1
552 501 1
552 502 -1
553 502 1
553 503 -1
554 503 1
554 504 -1
555 504 1
555 505 -1
556 505 1
556 506 -1
557 506 1
557 507 -1
558 507 1
558 508 -1
559 508 1
559 509 -1
560 509 1
561 510 -1
562 510 1
562 511 -1
563 511 1
563 512 -1
564 512 1
564 513 -1
565 513 1
565 514 -1
566 514 1
566 515 -1
567 515 1
567 516 -1
568 516 1
568 517 -1
569 517 1
569 518 -1
570 518 1
570 519 -1
571 519 1
572 520 -1
573 520 1
573 521 -1
574 521 1
574 522 -1
575 522 1
575 523 -1
576 523 1
576 524 -1
577 524 1
577 525 -1
578 525 1
578 526 -1
579 526 1
579 527 -1
580 527 1
580 528 -1
581 528 1
581 529 -1
582 529 1
583 530 -1
584 530 1
584 531 -1
585 531 1
585 532 -1
586 532 1
586 533 -1
587 533 1
587 534 -1
588 534 1
588 535 -1
589 535 1
589 536 -1
590 536 1
590 537 -1
591 537 1
591 538 -1
592 538 1
592 539 -1
593 539 1
594 540 -1
595 540 1
595 541 -1
596 541 1
596 542 -1
597 542 1
597 543 -1
598 543 1
598 544 -1
599 544 1
599 545 -1
600 545 1
600 546 -1
601 546 1
601 547 -1
602 547 1
602 548 -1
603 548 1
603 549 -1
604 549 1
605 550 -1
606 550 1
606 551 -1
607 551 1
607 552 -1
608 552 1
608 553 -1
609 553 1
609 554 -1
610 554 1
610 555 -1
611 555 1
611 556 -1
612 556 1
612 557 -1
613 557 1
613 558 -1
614 558 1
614 559 -1
615 559 1
616 560 -1
617 560 1
617 561 -1
618 561 1
618 562 -1
619 562 1
619 563 -1
620 563 1
620 564 -1
621 564 1
621 565 -1
622 565 1
622 566 -1
623 566 1
623 567 -1
624 567 1
624 568 -1
625 568 1
625 569 -1
626 569 1
627 570 -1
628 570 1
628 571 -1
629 571 1
629 572 -1
630 572 1
630 573 -1
631 573 1
631 574 -1
632 574 1
632 575 -1
633 575 1
633 576 -1
634 576 1
634 577 -1
635 577 1
635 578 -1
636 578 1
636 579 -1
637 579 1
638 580 -1
639 580 1
639 581 -1
640 581 1
640 582 -1
641 582 1
641 583 -1
642 583 1
642 584 -1
643 584 1
643 585 -1
644 585 1
644 586 -1
645 586 1
645 587 -1
646 587 1
646 588 -1
647 588 1
647 589 -1
648 589 1
649 590 -1
650 590 1
650 591 -1
651 591 1
651 592 -1
652 592 1
652 593 -1
653 593 1
653 594 -1
654 594 1
654 595 -1
655 595 1
655 596 -1
656 596 1
656 597 -1
657 597 1
657 598 -1
658 598 1
658 599 -1
659 599 1
660 600 -1
661 600 1
661 601 -1
662 601 1
662 602 -1
663 602 1
663 603 -1
664 603 1
664 604 -1
665 604 1
665 605 -1
666 605 1
666 606 -1
667 606 1
667 607 -1
668 607 1
668 608 -1
669 608 1
669 609 -1
670 609 1
671 610 -1
672 610 1
672 611 -1
673 611 1
673 612 -1
674 612 1
674 613 -1
675 613 1
675 614 -1
676 614 1
676 615 -1
677 615 1
677 616 -1
678 616 1
678 617 -1
679 617 1
679 618 -1
680 618 1
680 619 -1
681 619 1
682 620 -1
683 620 1
683 621 -1
684 621 1
684 622 -1
685 622 1
685 623 -1
686 623 1
686 624 -1
687 624 1
687 625 -1
688 625 1
688 626 -1
689 626 1
689 627 -1
690 627 1
690 628 -1
691 628 1
691 629 -1
692 629 1
693 630 -1
694 630 1
694 631 -1
695 631 1
695 632 -1
696 632 1
696 633 -1
697 633 1
697 634 -1
698 634 1
698 635 -1
699 635 1
699 636 -1
700 636 1
700 637 -1
701 637 1
701 638 -1
702 638 1
702 639 -1
703 639 1
704 640 -1
705 640 1
705 641 -1
706 641 1
706 642 -1
707 642 1
707 643 -1
708 643 1
708 644 -1
709 644 1
709 645 -1
710 645 1
710 646 -1
711 646 1
711 647 -1
712 647 1
712 648 -1
713 648 1
713 649 -1
714 649 1
715 650 -1
716 650 1
716 651 -1
717 651 1
717 652 -1
718 652 1
718 653 -1
719 653 1
719 654 -1
720 654 1
720 655 -1
721 655 1
721 656 -1
722 656 1
722 657 -1
723 657 1
723 658 -1
724 658 1
724 659 -1
725 659 1
726 660 -1
727 660 1
727 661 -1
728 661 1
728 662 -1
729 662 1
729 663 -1
730 663 1
730 664 -1
731 664 1
731 665 -1
732 665 1
732 666 -1
733 666 1
733 667 -1
734 667 1
734 668 -1
735 668 1
735 669 -1
736 669 1
737 670 -1
738 670 1
738 671 -1
739 671 1
739 672 -1
740 672 1
740 673 -1
741 673 1
741 674 -1
742 674 1
742 675 -1
743 675 1
743 676 -1
744 676 1
744 677 -1
745 677 1
745 678 -1
746 678 1
746 679 -1
747 679 1
748 680 -1
749 680 1
749 681 -1
750 681 1
750 682 -1
751 682 1
751 683 -1
752 683 1
752 684 -1
753 684 1
753 685 -1
754 685 1
754 686 -1
755 686 1
755 687 -1
756 687 1
756 688 -1
757 688 1
757 689 -1
758 689 1
759 690 -1
760 690 1
760 691 -1
761 691 1
761 692 -1
762 692 1
762 693 -1
763 693 1
763 694 -1
764 694 1
764 695 -1
765 695 1
765 696 -1
766 696 1
766 697 -1
767 697 1
767 698 -1
768 698 1
768 699 -1
769 699 1
770 700 -1
771 700 1
771 701 -1
772 701 1
772 702 -1
773 702 1
773 703 -1
774 703 1
774 704 -1
775 704 1
775 705 -1
776 705 1
776 706 -1
777 706 1
777 707 -1
778 707 1
778 708 -1
779 708 1
779 709 -1
780 709 1
781 710 -1
782 710 1
782 711 -1
783 711 1
783 712 -1
784 712 1
784 713 -1
785 713 1
785 714 -1
786 714 1
786 715 -1
787 715 1
787 716 -1
788 716 1
788 717 -1
789 717 1
789 718 -1
790 718 1
790 719 -1
791 719 1
792 720 -1
793 720 1
793 721 -1
794 721 1
794 722 -1
795 722 1
795 723 -1
796 723 1
796 724 -1
797 724 1
797 725 -1
798 725 1
798 726 -1
799 726 1
799 727 -1
800 727 1
800 728 -1
801 728 1
801 729 -1
802 729 1
803 730 -1
804 730 1
804 731 -1
805 731 1
805 732 -1
806 732 1
806 733 -1
807 733 1
807 734 -1
808 734 1
808 735 -1
809 735 1
809 736 -1
810 736 1
810 737 -1
811 737 1
811 738 -1
812 738 1
812 739 -1
813 739 1
814 740 -1
815 740 1
815 741 -1
816 741 1
816 742 -1
817 742 1
817 743 -1
818 743 1
818 744 -1
819 744 1
819 745 -1
820 745 1
820 746 -1
821 746 1
821 747 -1
822 747 1
822 748 -1
823 748 1
823 749 -1
824 749 1
825 750 -1
826 750 1
826 751 -1
827 751 1
827 752 -1
828 752 1
828 753 -1
829 753 1
829 754 -1
830 754 1
830 755 -1
831 755 1
831 756 -1
832 756 1
832 757 -1
833 757 1
833 758 -1
834 758 1
834 759 -1
835 759 1
836 760 -1
837 760 1
837 761 -1
838 761 1
838 762 -1
839 762 1
839 763 -1
840 763 1
840 764 -1
841 764 1
841 765 -1
842 765 1
842 766 -1
843 766 1
843 767 -1
844 767 1
844 768 -1
845 768 1
845 769 -1
846 769 1
847 770 -1
848 770 1
848 771 -1
849 771 1
849 772 -1
850 772 1
850 773 -1
851 773 1
851 774 -1
852 774 1
852 775 -1
853 775 1
853 776 -1
854 776 1
854 777 -1
855 777 1
855 778 -1
856 778 1
856 779 -1
857 779 1
858 780 -1
859 780 1
859 781 -1
860 781 1
860 782 -1
861 782 1
861 783 -1
862 783 1
862 784 -1
863 784 1
863 785 -1
864 785 1
864 786 -1
865 786 1
865 787 -1
866 787 1
866 788 -1
867 788 1
867 789 -1
868 789 1
869 790 -1
870 790 1
870 791 -1
871 791 1
871 792 -1
872 792 1
872 793 -1
873 793 1
873 794 -1
874 794 1
874 795 -1
875 795 1
875 796 -1
876 796 1
876 797 -1
877 797 1
877 798 -1
878 798 1
878 799 -1
879 799 1
880 800 -1
881 800 1
881 801 -1
882 801 1
882 802 -1
883 802 1
883 803 -1
884 803 1
884 804 -1
885 804 1
885 805 -1
886 805 1
886 806 -1
887 806 1
887 807 -1
888 807 1
888 808 -1
889 808 1
889 809 -1
890 809 1
891 810 -1
892 810 1
892 811 -1
893 811 1
893 812 -1
894 812 1
894 813 -1
895 813 1
895 814 -1
896 814 1
896 815 -1
897 815 1
897 816 -1
898 816 1
898 817 -1
899 817 1
899 818 -1
900 818 1
900 819 -1
901 819 1
902 820 -1
903 820 1
903 821 -1
904 821 1
904 822 -1
905 822 1
905 823 -1
906 823 1
906 824 -1
907 824 1
907 825 -1
908 825 1
908 826 -1
909 826 1
909 827 -1
910 827 1
910 828 -1
911 828 1
911 829 -1
912 829 1
913 830 -1
914 830 1
914 831 -1
915 831 1
915 832 -1
916 832 1
916 833 -1
917 833 1
917 834 -1
918 834 1
918 835 -1
919 835 1
919 836 -1
920 836 1
920 837 -1
921 837 1
921 838 -1
922 838 1
922 839 -1
923 839 1
924 840 -1
925 840 1
925 841 -1
926 841 1
926 842 -1
927 842 1
927 843 -1
928 843 1
928 844 -1
929 844 1
929 845 -1
930 845 1
930 846 -1
931 846 1
931 847 -1
932 847 1
932 848 -1
933 848 1
933 849 -1
934 849 1
935 850 -1
936 850 1
936 851 -1
937 851 1
937 852 -1
938 852 1
938 853 -1
939 853 1
939 854 -1
940 854 1
940 855 -1
941 855 1
941 856 -1
942 856 1
942 857 -1
943 857 1
943 858 -1
944 858 1
944 859 -1
945 859 1
946 860 -1
947 860 1
947 861 -1
948 861 1
948 862 -1
949 862 1
949 863 -1
950 863 1
950 864 -1
951 864 1
951 865 -1
952 865 1
952 866 -1
953 866 1
953 867 -1
954 867 1
954 868 -1
955 868 1
955 869 -1
956 869 1
957 870 -1
958 870 1
958 871 -1
959 871 1
959 872 -1
960 872 1
960 873 -1
961 873 1
961 874 -1
962 874 1
962 875 -1
963 875 1
963 876 -1
964 876 1
964 877 -1
965 877 1
965 878 -1
966 878 1
966 879 -1
967 879 1
968 880 -1
969 880 1
969 881 -1
970 881 1
970 882 -1
971 882 1
971 883 -1
972 883 1
972 884 -1
973 884 1
973 885 -1
974 885 1
974 886 -1
975 886 1
975 887 -1
976 887 1
976 888 -1
977 888 1
977 889 -1
978 889 1
979 890 -1
980 890 1
980 891 -1
981 891 1
981 892 -1
982 892 1
982 893 -1
983 893 1
983 894 -1
984 894 1
984 895 -1
985 895 1
985 896 -1
986 896 1
986 897 -1
987 897 1
987 898 -1
988 898 1
988 899 -1
989 899 1
990 900 -1
991 900 1
991 901 -1
992 901 1
992 902 -1
993 902 1
993 903 -1
994 903 1
994 904 -1
995 904 1
995 905 -1
996 905 1
996 906 -1
997 906 1
997 907 -1
998 907 1
998 908 -1
999 908 1
999 909 -1
1000 909 1
1001 910 -1
1002 910 1
1002 911 -1
1003 911 1
1003 912 -1
1004 912 1
1004 913 -1
1005 913 1
1005 914 -1
1006 914 1
1006 915 -1
1007 915 1
1007 916 -1
1008 916 1
1008 917 -1
1009 917 1
1009 918 -1
1010 918 1
1010 919 -1
1011 919 1
1012 920 -1
1013 920 1
1013 921 -1
1014 921 1
1014 922 -1
1015 922 1
1015 923 -1
1016 923 1
1016 924 -1
1017 924 1
1017 925 -1
1018 925 1
1018 926 -1
1019 926 1
1019 927 -1
1020 927 1
1020 928 -1
1021 928 1
1021 929 -1
1022 929 1
1023 930 -1
1024 930 1
1024 931 -1
1025 931 1
1025 932 -1
1026 932 1
1026 933 -1
1027 933 1
1027 934 -1
1028 934 1
1028 935 -1
1029 935 1
1029 936 -1
1030 936 1
1030 937 -1
1031 937 1
1031 938 -1
1032 938 1
1032 939 -1
1033 939 1
1034 940 -1
1035 940 1
1035 941 -1
1036 941 1
1036 942 -1
1037 942 1
1037 943 -1
1038 943 1
1038 944 -1
1039 944 1
1039 945 -1
1040 945 1
1040 946 -1
1041 946 1
1041 947 -1
1042 947 1
1042 948 -1
1043 948 1
1043 949 -1
1044 949 1
1045 950 -1
1046 950 1
1046 951 -1
1047 951 1
1047 952 -1
1048 952 1
1048 953 -1
1049 953 1
1049 954 -1
1050 954 1
1050 955 -1
1051 955 1
1051 956 -1
1052 956 1
1052 957 -1
1053 957 1
1053 958 -1
1054 958 1
1054 959 -1
1055 959 1
1056 960 -1
1057 960 1
1057 961 -1
1058 961 1
1058 962 -1
1059 962 1
1059 963 -1
1060 963 1
1060 964 -1
1061 964 1
1061 965 -1
1062 965 1
1062 966 -1
1063 966 1
1063 967 -1
1064 967 1
1064 968 -1
1065 968 1
1065 969 -1
1066 969 1
1067 970 -1
1068 970 1
1068 971 -1
1069 971 1
1069 972 -1
1070 972 1
1070 973 -1
1071 973 1
1071 974 -1
1072 974 1
1072 975 -1
1073 975 1
1073 976 -1
1074 976 1
1074 977 -1
1075 977 1
1075 978 -1
1076 978 1
1076 979 -1
1077 979 1
1078 980 -1
1079 980 1
1079 981 -1
1080 981 1
1080 982 -1
1081 982 1
1081 983 -1
1082 983 1
1082 984 -1
1083 984 1
1083 985 -1
1084 985 1
1084 986 -1
1085 986 1
1085 987 -1
1086 987 1
1086 988 -1
1087 988 1
1087 989 -1
1088 989 1
1089 990 -1
1090 990 1
1090 991 -1
1091 991 1
1091 992 -1
1092 992 1
1092 993 -1
1093 993 1
1093 994 -1
1094 994 1
1094 995 -1
1095 995 1
1095 996 -1
1096 996 1
1096 997 -1
1097 997 1
1097 998 -1
1098 998 1
1098 999 -1
1099 999 1
1100 0 -1
1101 1 -1
1102 2 -1
1103 3 -1
1104 4 -1
1105 5 -1
1106 6 -1
1107 7 -1
1108 8 -1
1109 9 -1
1110 0 1
1110 10 -1
1111 1 1
1111 11 -1
1112 2 1
1112 12 -1
1113 3 1
1113 13 -1
1114 4 1
1114 14 -1
1115 5 1
1115 15 -1
1116 6 1
1116 16 -1
1117 7 1
1117 17 -1
1118 8 1
1118 18 -1
1119 9 1
1119 19 -1
1120 10 1
1120 20 -1
1121 11 1
1121 21 -1
1122 12 1
1122 22 -1
1123 13 1
1123 23 -1
1124 14 1
1124 24 -1
1125 15 1
1125 25 -1
1126 16 1
1126 26 -1
1127 17 1
1127 27 -1
1128 18 1
1128 28 -1
1129 19 1
1129 29 -1
1130 20 1
1130 30 -1
1131 21 1
1131 31 -1
1132 22 1
1132 32 -1
1133 23 1
1133 33 -1
1134 24 1
1134 34 -1
1135 25 1
1135 35 -1
1136 26 1
1136 36 -1
1137 27 1
1137 37 -1
1138 28 1
1138 38 -1
1139 29 1
1139 39 -1
1140 30 1
1140 40 -1
1141 31 1
1141 41 -1
1142 32 1
1142 42 -1
1143 33 1
1143 43 -1
1144 34 1
1144 44 -1
1145 35 1
1145 45 -1
1146 36 1
1146 46 -1
1147 37 1
1147 47 -1
1148 38 1
1148 48 -1
1149 39 1
1149 49 -1
1150 40 1
1150 50 -1
1151 41 1
1151 51 -1
1152 42 1
1152 52 -1
1153 43 1
1153 53 -1
1154 44 1
1154 54 -1
1155 45 1
1155 55 -1
1156 46 1
1156 56 -1
1157 47 1
1157 57 -1
1158 48 1
1158 58 -1
1159 49 1
1159 59 -1
1160 50 1
1160 60 -1
1161 51 1
1161 61 -1
1162 52 1
1162 62 -1
1163 53 1
1163 63 -1
1164 54 1
1164 64 -1
1165 55 1
1165 65 -1
1166 56 1
1166 66 -1
1167 57 1
1167 67 -1
1168 58 1
1168 68 -1
1169 59 1
1169 69 -1
1170 60 1
1170 70 -1
1171 61 1
1171 71 -1
1172 62 1
1172 72 -1
1173 63 1
1173 73 -1
1174 64 1
1174 74 -1
1175 65 1
1175 75 -1
1176 66 1
1176 76 -1
1177 67 1
1177 77 -1
1178 68 1
1178 78 -1
1179 69 1
1179 79 -1
1180 70 1
1180 80 -1
1181 71 1
1181 81 -1
1182 72 1
1182 82 -1
1183 73 1
1183 83 -1
1184 74 1
1184 84 -1
1185 75 1
1185 85 -1
1186 76 1
1186 86 -1
1187 77 1
1187 87 -1
1188 78 1
1188 88 -1
1189 79 1
1189 89 -1
1190 80 1
1190 90 -1
1191 81 1
1191 91 -1
1192 82 1
1192 92 -1
1193 83 1
1193 93 -1
1194 84 1
1194 94 -1
1195 85 1
1195 95 -1
1196 86 1
1196 96 -1
1197 87 1
1197 97 -1
1198 88 1
1198 98 -1
1199 89 1
1199 99 -1
1200 90 1
1201 91 1
1202 92 1
1203 93 1
1204 94 1
1205 95 1
1206 96 1
1207 97 1
1208 98 1
1209 99 1
1210 100 -1
1211 101 -1
1212 102 -1
1213 103 -1
1214 104 -1
1215 105 -1
1216 106 -1
1217 107 -1
1218 108 -1
1219 109 -1
1220 100 1
1220 110 -1
1221 101 1
1221 111 -1
1222 102 1
1222 112 -1
1223 103 1
1223 113 -1
1224 104 1
1224 114 -1
1225 105 1
1225 115 -1
1226 106 1
1226 116 -1
1227 107 1
1227 117 -1
1228 108 1
1228 118 -1
1229 109 1
1229 119 -1
1230 110 1
1230 120 -1
1231 111 1
1231 121 -1
1232 112 1
1232 122 -1
1233 113 1
1233 123 -1
1234 114 1
1234 124 -1
1235 115 1
1235 125 -1
1236 116 1
1236 126 -1
1237 117 1
1237 127 -1
1238 118 1
1238 128 -1
1239 119 1
1239 129 -1
1240 120 1
1240 130 -1
1241 121 1
1241 131 -1
1242 122 1
1242 132 -1
1243 123 1
1243 133 -1
1244 124 1
1244 134 -1
1245 125 1
1245 135 -1
1246 126 1
1246 136 -1
1247 127 1
1247 137 -1
1248 128 1
1248 138 -1
1249 129 1
1249 139 -1
1250 130 1
1250 140 -1
1251 131 1
1251 141 -1
1252 132 1
1252 142 -1
1253 133 1
1253 143 -1
1254 134 1
1254 144 -1
1255 135 1
1255 145 -1
1256 136 1
1256 146 -1
1257 137 1
1257 147 -1
1258 138 1
1258 148 -1
1259 139 1
1259 149 -1
1260 140 1
1260 150 -1
1261 141 1
1261 151 -1
1262 142 1
1262 152 -1
1263 143 1
1263 153 -1
1264 144 1
1264 154 -1
1265 145 1
1265 155 -1
1266 146 1
1266 156 -1
1267 147 1
1267 157 -1
1268 148 1
1268 158 -1
1269 149 1
1269 159 -1
1270 150 1
1270 160 -1
1271 151 1
1271 161 -1
1272 152 1
1272 162 -1
1273 153 1
1273 163 -1
1274 154 1
1274 164 -1
1275 155 1
1275 165 -1
1276 156 1
1276 166 -1
1277 157 1
1277 167 -1
1278 158 1
1278 168 -1
1279 159 1
1279 169 -1
1280 160 1
1280 170 -1
1281 161 1
1281 171 -1
1282 162 1
1282 172 -1
1283 163 1
1283 173 -1
1284 164 1
1284 174 -1
1285 165 1
1285 175 -1
1286 166 1
1286 176 -1
1287 167 1
1287 177 -1
1288 168 1
1288 178 -1
1289 169 1
1289 179 -1
1290 170 1
1290 180 -1
1291 171 1
1291 181 -1
1292 172 1
1292 182 -1
1293 173 1
1293 183 -1
1294 174 1
1294 184 -1
1295 175 1
1295 185 -1
1296 176 1
1296 186 -1
1297 177 1
1297 187 -1
1298 178 1
1298 188 -1
1299 179 1
1299 189 -1
1300 180 1
1300 190 -1
1301 181 1
1301 191 -1
1302 182 1
1302 192 -1
1303 183 1
1303 193 -1
1304 184 1
1304 194 -1
1305 185 1
1305 195 -1
1306 186 1
1306 196 -1
1307 187 1
1307 197 -1
1308 188 1
1308 198 -1
1309 189 1
1309 199 -1
1310 190 1
1311 191 1
1312 192 1
1313 193 1
1314 194 1
1315 195 1
1316 196 1
1317 197 1
1318 198 1
1319 199 1
1320 200 -1
1321 201 -1
1322 202 -1
1323 203 -1
1324 204 -1
1325 205 -1
1326 206 -1
1327 207 -1
1328 208 -1
1329 209 -1
1330 200 1
1330 210 -1
1331 201 1
1331 211 -1
1332 202 1
1332 212 -1
1333 203 1
1333 213 -1
1334 204 1
1334 214 -1
1335 205 1
1335 215 -1
1336 206 1
1336 216 -1
1337 207 1
1337 217 -1
1338 208 1
1338 218 -1
1339 209 1
1339 219 -1
1340 210 1
1340 220 -1
1341 211 1
1341 221 -1
1342 212 1
1342 222 -1
1343 213 1
1343 223 -1
1344 214 1
1344 224 -1
1345 215 1
1345 225 -1
1346 216 1
1346 226 -1
1347 217 1
1347 227 -1
1348 218 1
1348 228 -1
1349 219 1
1349 229 -1
1350 220 1
1350 230 -1
1351 221 1
1351 231 -1
1352 222 1
1352 232 -1
1353 223 1
1353 233 -1
1354 224 1
1354 234 -1
1355 225 1
1355 235 -1
1356 226 1
1356 236 -1
1357 227 1
1357 237 -1
1358 228 1
1358 238 -1
1359 229 1
1359 239 -1
1360 230 1
1360 240 -1
1361 231 1
1361 241 -1
1362 232 1
1362 242 -1
1363 233 1
1363 243 -1
1364 234 1
1364 244 -1
1365 235 1
1365 245 -1
1366 236 1
1366 246 -1
1367 237 1
1367 247 -1
1368 238 1
1368 248 -1
1369 239 1
1369 249 -1
1370 240 1
1370 250 -1
1371 241 1
1371 251 -1
1372 242 1
1372 252 -1
1373 243 1
1373 253 -1
1374 244 1
1374 254 -1
1375 245 1
1375 255 -1
1376 246 1
1376 256 -1
1377 247 1
1377 257 -1
1378 248 1
1378 258 -1
1379 249 1
1379 259 -1
1380 250 1
1380 260 -1
1381 251 1
1381 261 -1
1382 252 1
1382 262 -1
1383 253 1
1383 263 -1
1384 254 1
1384 264 -1
1385 255 1
1385 265 -1
1386 256 1
1386 266 -1
1387 257 1
1387 267 -1
1388 258 1
1388 268 -1
1389 259 1
1389 269 -1
1390 260 1
1390 270 -1
1391 261 1
1391 271 -1
1392 262 1
1392 272 -1
1393 263 1
1393 273 -1
1394 264 1
1394 274 -1
1395 265 1
1395 275 -1
1396 266 1
1396 276 -1
1397 267 1
1397 277 -1
1398 268 1
1398 278 -1
1399 269 1
1399 279 -1
1400 270 1
1400 280 -1
1401 271 1
1401 281 -1
1402 272 1
1402 282 -1
1403 273 1
1403 283 -1
1404 274 1
1404 284 -1
1405 275 1
1405 285 -1
1406 276 1
1406 286 -1
1407 277 1
1407 287 -1
1408 278 1
1408 288 -1
1409 279 1
1409 289 -1
1410 280 1
1410 290 -1
1411 281 1
1411 291 -1
1412 282 1
1412 292 -1
1413 283 1
1413 293 -1
1414 284 1
1414 294 -1
1415 285 1
1415 295 -1
1416 286 1
1416 296 -1
1417 287 1
1417 297 -1
1418 288 1
1418 298 -1
1419 289 1
1419 299 -1
1420 290 1
1421 291 1
1422 292 1
1423 293 1
1424 294 1
1425 295 1
1426 296 1
1427 297 1
1428 298 1
1429 299 1
1430 300 -1
1431 301 -1
1432 302 -1
1433 303 -1
1434 304 -1
1435 305 -1
1436 306 -1
1437 307 -1
1438 308 -1
1439 309 -1
1440 300 1
1440 310 -1
1441 301 1
1441 311 -1
1442 302 1
1442 312 -1
1443 303 1
1443 313 -1
1444 304 1
1444 314 -1
1445 305 1
1445 315 -1
1446 306 1
1446 316 -1
1447 307 1
1447 317 -1
1448 308 1
1448 318 -1
1449 309 1
1449 319 -1
1450 310 1
1450 320 -1
1451 311 1
1451 321 -1
1452 312 1
1452 322 -1
1453 313 1
1453 323 -1
1454 314 1
1454 324 -1
1455 315 1
1455 325 -1
1456 316 1
1456 326 -1
1457 317 1
1457 327 -1
1458 318 1
1458 328 -1
1459 319 1
1459 329 -1
1460 320 1
1460 330 -1
1461 321 1
1461 331 -1
1462 322 1
1462 332 -1
1463 323 1
1463 333 -1
1464 324 1
1464 334 -1
1465 325 1
1465 335 -1
1466 326 1
1466 336 -1
1467 327 1
1467 337 -1
1468 328 1
1468 338 -1
1469 329 1
1469 339 -1
1470 330 1
1470 340 -1
1471 331 1
1471 341 -1
1472 332 1
1472 342 -1
1473 333 1
1473 343 -1
1474 334 1
1474 344 -1
1475 335 1
1475 345 -1
1476 336 1
1476 346 -1
1477 337 1
1477 347 -1
1478 338 1
1478 348 -1
1479 339 1
1479 349 -1
1480 340 1
1480 350 -1
1481 341 1
1481 351 -1
1482 342 1
1482 352 -1
1483 343 1
1483 353 -1
1484 344 1
1484 354 -1
1485 345 1
1485 355 -1
1486 346 1
1486 356 -1
1487 347 1
1487 357 -1
1488 348 1
1488 358 -1
1489 349 1
1489 359 -1
1490 350 1
1490 360 -1
1491 351 1
1491 361 -1
1492 352 1
1492 362 -1
1493 353 1
1493 363 -1
1494 354 1
1494 364 -1
1495 355 1
1495 365 -1
1496 356 1
1496 366 -1
1497 357 1
1497 367 -1
1498 358 1
1498 368 -1
1499 359 1
1499 369 -1
1500 360 1
1500 370 -1
1501 361 1
1501 371 -1
1502 362 1
1502 372 -1
1503 363 1
1503 373 -1
1504 364 1
1504 374 -1
1505 365 1
1505 375 -1
1506 366 1
1506 376 -1
1507 367 1
1507 377 -1
1508 368 1
1508 378 -1
1509 369 1
1509 379 -1
1510 370 1
1510 380 -1
1511 371 1
1511 381 -1
1512 372 1
1512 382 -1
1513 373 1
1513 383 -1
1514 374 1
1514 384 -1
1515 375 1
1515 385 -1
1516 376 1
1516 386 -1
1517 377 1
1517 387 -1
1518 378 1
1518 388 -1
1519 379 1
1519 389 -1
1520 380 1
1520 390 -1
1521 381 1
1521 391 -1
1522 382 1
1522 392 -1
1523 383 1
1523 393 -1
1524 384 1
1524 394 -1
1525 385 1
1525 395 -1
1526 386 1
1526 396 -1
1527 387 1
1527 397 -1
1528 388 1
1528 398 -1
1529 389 1
1529 399 -1
1530 390 1
1531 391 1
1532 392 1
1533 393 1
1534 394 1
1535 395 1
1536 396 1
1537 397 1
1538 398 1
1539 399 1
1540 400 -1
1541 401 -1
1542 402 -1
1543 403 -1
1544 404 -1
1545 405 -1
1546 406 -1
1547 407 -1
1548 408 -1
1549 409 -1
1550 400 1
1550 410 -1
1551 401 1
1551 411 -1
1552 402 1
1552 412 -1
1553 403 1
1553 413 -1
1554 404 1
1554 414 -1
1555 405 1
1555 415 -1
1556 406 1
1556 416 -1
1557 407 1
1557 417 -1
1558 408 1
1558 418 -1
1559 409 1
1559 419 -1
1560 410 1
1560 420 -1
1561 411 1
1561 421 -1
1562 412 1
1562 422 -1
1563 413 1
1563 423 -1
1564 414 1
1564 424 -1
1565 415 1
1565 425 -1
1566 416 1
1566 426 -1
1567 417 1
1567 427 -1
1568 418 1
1568 428 -1
1569 419 1
1569 429 -1
1570 420 1
1570 430 -1
1571 421 1
1571 431 -1
1572 422 1
1572 432 -1
1573 423 1
1573 433 -1
1574 424 1
1574 434 -1
1575 425 1
1575 435 -1
1576 426 1
1576 436 -1
1577 427 1
1577 437 -1
1578 428 1
1578 438 -1
1579 429 1
1579 439 -1
1580 430 1
1580 440 -1
1581 431 1
1581 441 -1
1582 432 1
1582 442 -1
1583 433 1
1583 443 -1
1584 434 1
1584 444 -1
1585 435 1
1585 445 -1
1586 436 1
1586 446 -1
1587 437 1
1587 447 -1
1588 438 1
1588 448 -1
1589 439 1
1589 449 -1
1590 440 1
1590 450 -1
1591 441 1
1591 451 -1
1592 442 1
1592 452 -1
1593 443 1
1593 453 -1
1594 444 1
1594 454 -1
1595 445 1
1595 455 -1
1596 446 1
1596 456 -1
1597 447 1
1597 457 -1
1598 448 1
1598 458 -1
1599 449 1
1599 459 -1
1600 450 1
1600 460 -1
1601 451 1
1601 461 -1
1602 452 1
1602 462 -1
1603 453 1
1603 463 -1
1604 454 1
1604 464 -1
1605 455 1
1605 465 -1
1606 456 1
1606 466 -1
1607 457 1
1607 467 -1
1608 458 1
1608 468 -1
1609 459 1
1609 469 -1
1610 460 1
1610 470 -1
1611 461 1
1611 471 -1
1612 462 1
1612 472 -1
1613 463 1
1613 473 -1
1614 464 1
1614 474 -1
1615 465 1
1615 475 -1
1616 466 1
1616 476 -1
1617 467 1
1617 477 -1
1618 468 1
1618 478 -1
1619 469 1
1619 479 -1
1620 470 1
1620 480 -1
1621 471 1
1621 481 -1
1622 472 1
1622 482 -1
1623 473 1
1623 483 -1
1624 474 1
1624 484 -1
1625 475 1
1625 485 -1
1626 476 1
1626 486 -1
1627 477 1
1627 487 -1
1628 478 1
1628 488 -1
1629 479 1
1629 489 -1
1630 480 1
1630 490 -1
1631 481 1
1631 491 -1
1632 482 1
1632 492 -1
1633 483 1
1633 493 -1
1634 484 1
1634 494 -1
1635 485 1
1635 495 -1
1636 486 1
1636 496 -1
1637 487 1
1637 497 -1
1638 488 1
1638 498 -1
1639 489 1
1639 499 -1
1640 490 1
1641 491 1
1642 492 1
1643 493 1
1644 494 1
1645 495 1
1646 496 1
1647 497 1
1648 498 1
1649 499 1
1650 500 -1
1651 501 -1
1652 502 -1
1653 503 -1
1654 504 -1
1655 505 -1
1656 506 -1
1657 507 -1
1658 508 -1
1659 509 -1
1660 500 1
1660 510 -1
1661 501 1
1661 511 -1
1662 502 1
1662 512 -1
1663 503 1
1663 513 -1
1664 504 1
1664 514 -1
1665 505 1
1665 515 -1
1666 506 1
1666 516 -1
1667 507 1
1667 517 -1
1668 508 1
1668 518 -1
1669 509 1
1669 519 -1
1670 510 1
1670 520 -1
1671 511 1
1671 521 -1
1672 512 1
1672 522 -1
1673 513 1
1673 523 -1
1674 514 1
1674 524 -1
1675 515 1
1675 525 -1
1676 516 1
1676 526 -1
1677 517 1
1677 527 -1
1678 518 1
1678 528 -1
1679 519 1
1679 529 -1
1680 520 1
1680 530 -1
1681 521 1
1681 531 -1
1682 522 1
1682 532 -1
1683 523 1
1683 533 -1
1684 524 1
1684 534 -1
1685 525 1
1685 535 -1
1686 526 1
1686 536 -1
1687 527 1
1687 537 -1
1688 528 1
1688 538 -1
1689 529 1
1689 539 -1
1690 530 1
1690 540 -1
1691 531 1
1691 541 -1
1692 532 1
1692 542 -1
1693 533 1
1693 543 -1
1694 534 1
1694 544 -1
1695 535 1
1695 545 -1
1696 536 1
1696 546 -1
1697 537 1
1697 547 -1
1698 538 1
1698 548 -1
1699 539 1
1699 549 -1
1700 540 1
1700 550 -1
1701 541 1
1701 551 -1
1702 542 1
1702 552 -1
1703 543 1
1703 553 -1
1704 544 1
1704 554 -1
1705 545 1
1705 555 -1
1706 546 1
1706 556 -1
1707 547 1
1707 557 -1
1708 548 1
1708 558 -1
1709 549 1
1709 559 -1
1710 550 1
1710 560 -1
1711 551 1
1711 561 -1
1712 552 1
1712 562 -1
1713 553 1
1713 563 -1
1714 554 1
1714 564 -1
1715 555 1
1715 565 -1
1716 556 1
1716 566 -1
1717 557 1
1717 567 -1
1718 558 1
1718 568 -1
1719 559 1
1719 569 -1
1720 560 1
1720 570 -1
1721 561 1
1721 571 -1
1722 562 1
1722 572 -1
1723 563 1
1723 573 -1
1724 564 1
1724 574 -1
1725 565 1
1725 575 -1
1726 566 1
1726 576 -1
1727 567 1
1727 577 -1
1728 568 1
1728 578 -1
1729 569 1
1729 579 -1
1730 570 1
1730 580 -1
1731 571 1
1731 581 -1
1732 572 1
1732 582 -1
1733 573 1
1733 583 -1
1734 574 1
1734 584 -1
1735 575 1
1735 585 -1
1736 576 1
1736 586 -1
1737 577 1
1737 587 -1
1738 578 1
1738 588 -1
1739 579 1
1739 589 -1
1740 580 1
1740 590 -1
1741 581 1
1741 591 -1
1742 582 1
1742 592 -1
1743 583 1
1743 593 -1
1744 584 1
1744 594 -1
1745 585 1
1745 595 -1
1746 586 1
1746 596 -1
1747 587 1
1747 597 -1
1748 588 1
1748 598 -1
1749 589 1
1749 599 -1
1750 590 1
1751 591 1
1752 592 1
1753 593 1
1754 594 1
1755 595 1
1756 596 1
1757 597 1
1758 598 1
1759 599 1
1760 600 -1
1761 601 -1
1762 602 -1
1763 603 -1
1764 604 -1
1765 605 -1
1766 606 -1
1767 607 -1
1768 608 -1
1769 609 -1
1770 600 1
1770 610 -1
1771 601 1
1771 611 -1
1772 602 1
1772 612 -1
1773 603 1
1773 613 -1
1774 604 1
1774 614 -1
1775 605 1
1775 615 -1
1776 606 1
1776 616 -1
1777 607 1
1777 617 -1
1778 608 1
1778 618 -1
1779 609 1
1779 619 -1
1780 610 1
1780 620 -1
1781 611 1
1781 621 -1
1782 612 1
1782 622 -1
1783 613 1
1783 623 -1
1784 614 1
1784 624 -1
1785 615 1
1785 625 -1
1786 616 1
1786 626 -1
1787 617 1
1787 627 -1
1788 618 1
1788 628 -1
1789 619 1
1789 629 -1
1790 620 1
1790 630 -1
1791 621 1
1791 631 -1
1792 622 1
1792 632 -1
1793 623 1
1793 633 -1
1794 624 1
1794 634 -1
1795 625 1
1795 635 -1
1796 626 1
1796 636 -1
1797 627 1
1797 637 -1
1798 628 1
1798 638 -1
1799 629 1
1799 639 -1
1800 630 1
1800 640 -1
1801 631 1
1801 641 -1
1802 632 1
1802 642 -1
1803 633 1
1803 643 -1
1804 634 1
1804 644 -1
1805 635 1
1805 645 -1
1806 636 1
1806 646 -1
1807 637 1
1807 647 -1
1808 638 1
1808 648 -1
1809 639 1
1809 649 -1
1810 640 1
1810 650 -1
1811 641 1
1811 651 -1
1812 642 1
1812 652 -1
1813 643 1
1813 653 -1
1814 644 1
1814 654 -1
1815 645 1
1815 655 -1
1816 646 1
1816 656 -1
1817 647 1
1817 657 -1
1818 648 1
1818 658 -1
1819 649 1
1819 659 -1
1820 650 1
1820 660 -1
1821 651 1
1821 661 -1
1822 652 1
1822 662 -1
1823 653 1
1823 663 -1
1824 654 1
1824 664 -1
1825 655 1
1825 665 -1
1826 656 1
1826 666 -1
1827 657 1
1827 667 -1
1828 658 1
1828 668 -1
1829 659 1
1829 669 -1
1830 660 1
1830 670 -1
1831 661 1
1831 671 -1
1832 662 1
1832 672 -1
1833 663 1
1833 673 -1
1834 664 1
1834 674 -1
1835 665 1
1835 675 -1
1836 666 1
1836 676 -1
1837 667 1
1837 677 -1
1838 668 1
1838 678 -1
1839 669 1
1839 679 -1
1840 670 1
1840 680 -1
1841 671 1
1841 681 -1
1842 672 1
1842 682 -1
1843 673 1
1843 683 -1
1844 674 1
1844 684 -1
1845 675 1
1845 685 -1
1846 676 1
1846 686 -1
1847 677 1
1847 687 -1
1848 678 1
1848 688 -1
1849 679 1
1849 689 -1
1850 680 1
1850 690 -1
1851 681 1
1851 691 -1
1852 682 1
1852 692 -1
1853 683 1
1853 693 -1
1854 684 1
1854 694 -1
1855 685 1
1855 695 -1
1856 686 1
1856 696 -1
1857 687 1
1857 697 -1
1858 688 1
1858 698 -1
1859 689 1
1859 699 -1
1860 690 1
1861 691 1
1862 692 1
1863 693 1
1864 694 1
1865 695 1
1866 696 1
1867 697 1
1868 698 1
1869 699 1
1870 700 -1
1871 701 -1
1872 702 -1
1873 703 -1
1874 704 -1
1875 705 -1
1876 706 -1
1877 707 -1
1878 708 -1
1879 709 -1
1880 700 1
1880 710 -1
1881 701 1
1881 711 -1
1882 702 1
1882 712 -1
1883 703 1
1883 713 -1
1884 704 1
1884 714 -1
1885 705 1
1885 715 -1
1886 706 1
1886 716 -1
1887 707 1
1887 717 -1
1888 708 1
1888 718 -1
1889 709 1
1889 719 -1
1890 710 1
1890 720 -1
1891 711 1
1891 721 -1
1892 712 1
1892 722 -1
1893 713 1
1893 723 -1
1894 714 1
1894 724 -1
1895 715 1
1895 725 -1
1896 716 1
1896 726 -1
1897 717 1
1897 727 -1
1898 718 1
1898 728 -1
1899 719 1
1899 729 -1
1900 720 1
1900 730 -1
1901 721 1
1901 731 -1
1902 722 1
1902 732 -1
1903 723 1
1903 733 -1
1904 724 1
1904 734 -1
1905 725 1
1905 735 -1
1906 726 1
1906 736 -1
1907 727 1
1907 737 -1
1908 728 1
1908 738 -1
1909 729 1
1909 739 -1
1910 730 1
1910 740 -1
1911 731 1
1911 741 -1
1912 732 1
1912 742 -1
1913 733 1
1913 743 -1
1914 734 1
1914 744 -1
1915 735 1
1915 745 -1
1916 736 1
1916 746 -1
1917 737 1
1917 747 -1
1918 738 1
1918 748 -1
1919 739 1
1919 749 -1
1920 740 1
1920 750 -1
1921 741 1
1921 751 -1
1922 742 1
1922 752 -1
1923 743 1
1923 753 -1
1924 744 1
1924 754 -1
1925 745 1
1925 755 -1
1926 746 1
1926 756 -1
1927 747 1
1927 757 -1
1928 748 1
1928 758 -1
1929 749 1
1929 759 -1
1930 750 1
1930 760 -1
1931 751 1
1931 761 -1
1932 752 1
1932 762 -1
1933 753 1
1933 763 -1
1934 754 1
1934 764 -1
1935 755 1
1935 765 -1
1936 756 1
1936 766 -1
1937 757 1
1937 767 -1
1938 758 1
1938 768 -1
1939 759 1
1939 769 -1
1940 760 1
1940 770 -1
1941 761 1
1941 771 -1
1942 762 1
1942 772 -1
1943 763 1
1943 773 -1
1944 764 1
1944 774 -1
1945 765 1
1945 775 -1
1946 766 1
1946 776 -1
1947 767 1
1947 777 -1
1948 768 1
1948 778 -1
1949 769 1
1949 779 -1
1950 770 1
1950 780 -1
1951 771 1
1951 781 -1
1952 772 1
1952 782 -1
1953 773 1
1953 783 -1
1954 774 1
1954 784 -1
1955 775 1
1955 785 -1
1956 776 1
1956 786 -1
1957 777 1
1957 787 -1
1958 778 1
1958 788 -1
1959 779 1
1959 789 -1
1960 780 1
1960 790 -1
1961 781 1
1961 791 -1
1962 782 1
1962 792 -1
1963 783 1
1963 793 -1
1964 784 1
1964 794 -1
1965 785 1
1965 795 -1
1966 786 1
1966 796 -1
1967 787 1
1967 797 -1
1968 788 1
1968 798 -1
1969 789 1
1969 799 -1
1970 790 1
1971 791 1
1972 792 1
1973 793 1
1974 794 1
1975 795 1
1976 796 1
1977 797 1
1978 798 1
1979 799 1
1980 800 -1
1981 801 -1
1982 802 -1
1983 803 -1
1984 804 -1
1985 805 -1
1986 806 -1
1987 807 -1
1988 808 -1
1989 809 -1
1990 800 1
1990 810 -1
1991 801 1
1991 811 -1
1992 802 1
1992 812 -1
1993 803 1
1993 813 -1
1994 804 1
1994 814 -1
1995 805 1
1995 815 -1
1996 806 1
1996 816 -1
1997 807 1
1997 817 -1
1998 808 1
1998 818 -1
1999 809 1
1999 819 -1
2000 810 1
2000 820 -1
2001 811 1
2001 821 -1
2002 812 1
2002 822 -1
2003 813 1
2003 823 -1
2004 814 1
2004 824 -1
2005 815 1
2005 825 -1
2006 816 1
2006 826 -1
2007 817 1
2007 827 -1
2008 818 1
2008 828 -1
2009 819 1
2009 829 -1
2010 820 1
2010 830 -1
2011 821 1
2011 831 -1
2012 822 1
2012 832 -1
2013 823 1
2013 833 -1
2014 824 1
2014 834 -1
2015 825 1
2015 835 -1
2016 826 1
2016 836 -1
2017 827 1
2017 837 -1
2018 828 1
2018 838 -1
2019 829 1
2019 839 -1
2020 830 1
2020 840 -1
2021 831 1
2021 841 -1
2022 832 1
2022 842 -1
2023 833 1
2023 843 -1
2024 834 1
2024 844 -1
2025 835 1
2025 845 -1
2026 836 1
2026 846 -1
2027 837 1
2027 847 -1
2028 838 1
2028 848 -1
2029 839 1
2029 849 -1
2030 840 1
2030 850 -1
2031 841 1
2031 851 -1
2032 842 1
2032 852 -1
2033 843 1
2033 853 -1
2034 844 1
2034 854 -1
2035 845 1
2035 855 -1
2036 846 1
2036 856 -1
2037 847 1
2037 857 -1
2038 848 1
2038 858 -1
2039 849 1
2039 859 -1
2040 850 1
2040 860 -1
2041 851 1
2041 861 -1
2042 852 1
2042 862 -1
2043 853 1
2043 863 -1
2044 854 1
2044 864 -1
2045 855 1
2045 865 -1
2046 856 1
2046 866 -1
2047 857 1
2047 867 -1
2048 858 1
2048 868 -1
2049 859 1
2049 869 -1
2050 860 1
2050 870 -1
2051 861 1
2051 871 -1
2052 862 1
2052 872 -1
2053 863 1
2053 873 -1
2054 864 1
2054 874 -1
2055 865 1
2055 875 -1
2056 866 1
2056 876 -1
2057 867 1
2057 877 -1
2058 868 1
2058 878 -1
2059 869 1
2059 879 -1
2060 870 1
2060 880 -1
2061 871 1
2061 881 -1
2062 872 1
2062 882 -1
2063 873 1
2063 883 -1
2064 874 1
2064 884 -1
2065 875 1
2065 885 -1
2066 876 1
2066 886 -1
2067 877 1
2067 887 -1
2068 878 1
2068 888 -1
2069 879 1
2069 889 -1
2070 880 1
2070 890 -1
2071 881 1
2071 891 -1
2072 882 1
2072 892 -1
2073 883 1
2073 893 -1
2074 884 1
2074 894 -1
2075 885 1
2075 895 -1
2076 886 1
2076 896 -1
2077 887 1
2077 897 -1
2078 888 1
2078 898 -1
2079 889 1
2079 899 -1
2080 890 1
2081 891 1
2082 892 1
2083 893 1
2084 894 1
2085 895 1
2086 896 1
2087 897 1
2088 898 1
2089 899 1
2090 900 -1
2091 901 -1
2092 902 -1
2093 903 -1
2094 904 -1
2095 905 -1
2096 906 -1
2097 907 -1
2098 908 -1
2099 909 -1
2100 900 1
2100 910 -1
2101 901 1
2101 911 -1
2102 902 1
2102 912 -1
2103 903 1
2103 913 -1
2104 904 1
2104 914 -1
2105 905 1
2105 915 -1
2106 906 1
2106 916 -1
2107 907 1
2107 917 -1
2108 908 1
2108 918 -1
2109 909 1
2109 919 -1
2110 910 1
2110 920 -1
2111 911 1
2111 921 -1
2112 912 1
2112 922 -1
2113 913 1
2113 923 -1
2114 914 1
2114 924 -1
2115 915 1
2115 925 -1
2116 916 1
2116 926 -1
2117 917 1
2117 927 -1
2118 918 1
2118 928 -1
2119 919 1
2119 929 -1
2120 920 1
2120 930 -1
2121 921 1
2121 931 -1
2122 922 1
2122 932 -1
2123 923 1
2123 933 -1
2124 924 1
2124 934 -1
2125 925 1
2125 935 -1
2126 926 1
2126 936 -1
2127 927 1
2127 937 -1
2128 928 1
2128 938 -1
2129 929 1
2129 939 -1
2130 930 1
2130 940 -1
2131 931 1
2131 941 -1
2132 932 1
2132 942 -1
2133 933 1
2133 943 -1
2134 934 1
2134 944 -1
2135 935 1
2135 945 -1
2136 936 1
2136 946 -1
2137 937 1
2137 947 -1
2138 938 1
2138 948 -1
2139 939 1
2139 949 -1
2140 940 1
2140 950 -1
2141 941 1
2141 951 -1
2142 942 1
2142 952 -1
2143 943 1
2143 953 -1
2144 944 1
2144 954 -1
2145 945 1
2145 955 -1
2146 946 1
2146 956 -1
2147 947 1
2147 957 -1
2148 948 1
2148 958 -1
2149 949 1
2149 959 -1
2150 950 1
2150 960 -1
2151 951 1
2151 961 -1
2152 952 1
2152 962 -1
2153 953 1
2153 963 -1
2154 954 1
2154 964 -1
2155 955 1
2155 965 -1
2156 956 1
2156 966 -1
2157 957 1
2157 967 -1
2158 958 1
2158 968 -1
2159 959 1
2159 969 -1
2160 960 1
2160 970 -1
2161 961 1
2161 971 -1
2162 962 1
2162 972 -1
2163 963 1
2163 973 -1
2164 964 1
2164 974 -1
2165 965 1
2165 975 -1
2166 966 1
2166 976 -1
2167 967 1
2167 977 -1
2168 968 1
2168 978 -1
2169 969 1
2169 979 -1
2170 970 1
2170 980 -1
2171 971 1
2171 981 -1
2172 972 1
2172 982 -1
2173 973 1
2173 983 -1
2174 974 1
2174 984 -1
2175 975 1
2175 985 -1
2176 976 1
2176 986 -1
2177 977 1
2177 987 -1
2178 978 1
2178 988 -1
2179 979 1
2179 989 -1
2180 980 1
2180 990 -1
2181 981 1
2181 991 -1
2182 982 1
2182 992 -1
2183 983 1
2183 993 -1
2184 984 1
2184 994 -1
2185 985 1
2185 995 -1
2186 986 1
2186 996 -1
2187 987 1
2187 997 -1
2188 988 1
2188 998 -1
2189 989 1
2189 999 -1
2190 990 1
2191 991 1
2192 992 1
2193 993 1
2194 994 1
2195 995 1
2196 996 1
2197 997 1
2198 998 1
2199 999 1
2200 0 -1
2201 1 -1
2202 2 -1
2203 3 -1
2204 4 -1
2205 5 -1
2206 6 -1
2207 7 -1
2208 8 -1
2209 9 -1
2210 10 -1
2211 11 -1
2212 12 -1
2213 13 -1
2214 14 -1
2215 15 -1
2216 16 -1
2217 17 -1
2218 18 -1
2219 19 -1
2220 20 -1
2221 21 -1
2222 22 -1
2223 23 -1
2224 24 -1
2225 25 -1
2226 26 -1
2227 27 -1
2228 28 -1
2229 29 -1
2230 30 -1
2231 31 -1
2232 32 -1
2233 33 -1
2234 34 -1
2235 35 -1
2236 36 -1
2237 37 -1
2238 38 -1
2239 39 -1
2240 40 -1
2241 41 -1
2242 42 -1
2243 43 -1
2244 44 -1
2245 45 -1
2246 46 -1
2247 47 -1
2248 48 -1
2249 49 -1
2250 50 -1
2251 51 -1
2252 52 -1
2253 53 -1
2254 54 -1
2255 55 -1
2256 56 -1
2257 57 -1
2258 58 -1
2259 59 -1
2260 60 -1
2261 61 -1
2262 62 -1
2263 63 -1
2264 64 -1
2265 65 -1
2266 66 -1
2267 67 -1
2268 68 -1
2269 69 -1
2270 70 -1
2271 71 -1
2272 72 -1
2273 73 -1
2274 74 -1
2275 75 -1
2276 76 -1
2277 77 -1
2278 78 -1
2279 79 -1
2280 80 -1
2281 81 -1
2282 82 -1
2283 83 -1
2284 84 -1
2285 85 -1
2286 86 -1
2287 87 -1
2288 88 -1
2289 89 -1
2290 90 -1
2291 91 -1
2292 92 -1
2293 93 -1
2294 94 -1
2295 95 -1
2296 96 -1
2297 97 -1
2298 98 -1
2299 99 -1
2300 0 1
2300 100 -1
2301 1 1
2301 101 -1
2302 2 1
2302 102 -1
2303 3 1
2303 103 -1
2304 4 1
2304 104 -1
2305 5 1
2305 105 -1
2306 6 1
2306 106 -1
2307 7 1
2307 107 -1
2308 8 1
2308 108 -1
2309 9 1
2309 109 -1
2310 10 1
2310 110 -1
2311 11 1
2311 111 -1
2312 12 1
2312 112 -1
2313 13 1
2313 113 -1
2314 14 1
2314 114 -1
2315 15 1
2315 115 -1
2316 16 1
2316 116 -1
2317 17 1
2317 117 -1
2318 18 1
2318 118 -1
2319 19 1
2319 119 -1
2320 20 1
2320 120 -1
2321 21 1
2321 121 -1
2322 22 1
2322 122 -1
2323 23 1
2323 123 -1
2324 24 1
2324 124 -1
2325 25 1
2325 125 -1
2326 26 1
2326 126 -1
2327 27 1
2327 127 -1
2328 28 1
2328 128 -1
2329 29 1
2329 129 -1
2330 30 1
2330 130 -1
2331 31 1
2331 131 -1
2332 32 1
2332 132 -1
2333 33 1
2333 133 -1
2334 34 1
2334 134 -1
2335 35 1
2335 135 -1
2336 36 1
2336 136 -1
2337 37 1
2337 137 -1
2338 38 1
2338 138 -1
2339 39 1
2339 139 -1
2340 40 1
2340 140 -1
2341 41 1
2341 141 -1
2342 42 1
2342 142 -1
2343 43 1
2343 143 -1
2344 44 1
2344 144 -1
2345 45 1
2345 145 -1
2346 46 1
2346 146 -1
2347 47 1
2347 147 -1
2348 48 1
2348 148 -1
2349 49 1
2349 149 -1
2350 50 1
2350 150 -1
2351 51 1
2351 151 -1
2352 52 1
2352 152 -1
2353 53 1
2353 153 -1
2354 54 1
2354 154 -1
2355 55 1
2355 155 -1
2356 56 1
2356 156 -1
2357 57 1
2357 157 -1
2358 58 1
2358 158 -1
2359 59 1
2359 159 -1
2360 60 1
2360 160 -1
2361 61 1
2361 161 -1
2362 62 1
2362 162 -1
2363 63 1
2363 163 -1
2364 64 1
2364 164 -1
2365 65 1
2365 165 -1
2366 66 1
2366 166 -1
2367 67 1
2367 167 -1
2368 68 1
2368 168 -1
2369 69 1
2369 169 -1
2370 70 1
2370 170 -1
2371 71 1
2371 171 -1
2372 72 1
2372 172 -1
2373 73 1
2373 173 -1
2374 74 1
2374 174 -1
2375 75 1
2375 175 -1
2376 76 1
2376 176 -1
2377 77 1
2377 177 -1
2378 78 1
2378 178 -1
2379 79 1
2379 179 -1
2380 80 1
2380 180 -1
2381 81 1
2381 181 -1
2382 82 1
2382 182 -1
2383 83 1
2383 183 -1
2384 84 1
2384 184 -1
2385 85 1
2385 185 -1
2386 86 1
2386 186 -1
2387 87 1
2387 187 -1
2388 88 1
2388 188 -1
2389 89 1
2389 189 -1
2390 90 1
2390 190 -1
2391 91 1
2391 191 -1
2392 92 1
2392 192 -1
2393 93 1
2393 193 -1
2394 94 1
2394 194 -1
2395 95 1
2395 195 -1
2396 96 1
2396 196 -1
2397 97 1
2397 197 -1
2398 98 1
2398 198 -1
2399 99 1
2399 199 -1
2400 100 1
2400 200 -1
2401 101 1
2401 201 -1
2402 102 1
2402 202 -1
2403 103 1
2403 203 -1
2404 104 1
2404 204 -1
2405 105 1
2405 205 -1
2406 106 1
2406 206 -1
2407 107 1
2407 207 -1
2408 108 1
2408 208 -1
2409 109 1
2409 209 -1
2410 110 1
2410 210 -1
2411 111 1
2411 211 -1
2412 112 1
2412 212 -1
2413 113 1
2413 213 -1
2414 114 1
2414 214 -1
2415 115 1
2415 215 -1
2416 116 1
2416 216 -1
2417 117 1
2417 217 -1
2418 118 1
2418 218 -1
2419 119 1
2419 219 -1
2420 120 1
2420 220 -1
2421 121 1
2421 221 -1
2422 122 1
2422 222 -1
2423 123 1
2423 223 -1
2424 124 1
2424 224 -1
2425 125 1
2425 225 -1
2426 126 1
2426 226 -1
2427 127 1
2427 227 -1
2428 128 1
2428 228 -1
2429 129 1
2429 229 -1
2430 130 1
2430 230 -1
2431 131 1
2431 231 -1
2432 132 1
2432 232 -1
2433 133 1
2433 233 -1
2434 134 1
2434 234 -1
2435 135 1
2435 235 -1
2436 136 1
2436 236 -1
2437 137 1
2437 237 -1
2438 138 1
2438 238 -1
2439 139 1
2439 239 -1
2440 140 1
2440 240 -1
2441 141 1
2441 241 -1
2442 142 1
2442 242 -1
2443 143 1
2443 243 -1
2444 144 1
2444 244 -1
2445 145 1
2445 245 -1
2446 146 1
2446 246 -1
2447 147 1
2447 247 -1
2448 148 1
2448 248 -1
2449 149 1
2449 249 -1
2450 150 1
2450 250 -1
2451 151 1
2451 251 -1
2452 152 1
2452 252 -1
2453 153 1
2453 253 -1
2454 154 1
2454 254 -1
2455 155 1
2455 255 -1
2456 156 1
2456 256 -1
2457 157 1
2457 257 -1
2458 158 1
2458 258 -1
2459 159 1
2459 259 -1
2460 160 1
2460 260 -1
2461 161 1
2461 261 -1
2462 162 1
2462 262 -1
2463 163 1
2463 263 -1
2464 164 1
2464 264 -1
2465 165 1
2465 265 -1
2466 166 1
2466 266 -1
2467 167 1
2467 267 -1
2468 168 1
2468 268 -1
2469 169 1
2469 269 -1
2470 170 1
2470 270 -1
2471 171 1
2471 271 -1
2472 172 1
2472 272 -1
2473 173 1
2473 273 -1
2474 174 1
2474 274 -1
2475 175 1
2475 275 -1
2476 176 1
2476 276 -1
2477 177 1
2477 277 -1
2478 178 1
2478 278 -1
2479 179 1
2479 279 -1
2480 180 1
2480 280 -1
2481 181 1
2481 281 -1
2482 182 1
2482 282 -1
2483 183 1
2483 283 -1
2484 184 1
2484 284 -1
2485 185 1
2485 285 -1
2486 186 1
2486 286 -1
2487 187 1
2487 287 -1
2488 188 1
2488 288 -1
2489 189 1
2489 289 -1
2490 190 1
2490 290 -1
2491 191 1
2491 291 -1
2492 192 1
2492 292 -1
2493 193 1
2493 293 -1
2494 194 1
2494 294 -1
2495 195 1
2495 295 -1
2496 196 1
2496 296 -1
2497 197 1
2497 297 -1
2498 198 1
2498 298 -1
2499 199 1
2499 299 -1
2500 200 1
2500 300 -1
2501 201 1
2501 301 -1
2502 202 1
2502 302 -1
2503 203 1
2503 303 -1
2504 204 1
2504 304 -1
2505 205 1
2505 305 -1
2506 206 1
2506 306 -1
2507 207 1
2507 307 -1
2508 208 1
2508 308 -1
2509 209 1
2509 309 -1
2510 210 1
2510 310 -1
2511 211 1
2511 311 -1
2512 212 1
2512 312 -1
2513 213 1
2513 313 -1
2514 214 1
2514 314 -1
2515 215 1
2515 315 -1
2516 216 1
2516 316 -1
2517 217 1
2517 317 -1
2518 218 1
2518 318 -1
2519 219 1
2519 319 -1
2520 220 1
2520 320 -1
2521 221 1
2521 321 -1
2522 222 1
2522 322 -1
2523 223 1
2523 323 -1
2524 224 1
2524 324 -1
2525 225 1
2525 325 -1
2526 226 1
2526 326 -1
2527 227 1
2527 327 -1
2528 228 1
2528 328 -1
2529 229 1
2529 329 -1
2530 230 1
2530 330 -1
2531 231 1
2531 331 -1
2532 232 1
2532 332 -1
2533 233 1
2533 333 -1
2534 234 1
2534 334 -1
2535 235 1
2535 335 -1
2536 236 1
2536 336 -1
2537 237 1
2537 337 -1
2538 238 1
2538 338 -1
2539 239 1
2539 339 -1
2540 240 1
2540 340 -1
2541 241 1
2541 341 -1
2542 242 1
2542 342 -1
2543 243 1
2543 343 -1
2544 244 1
2544 344 -1
2545 245 1
2545 345 -1
2546 246 1
2546 346 -1
2547 247 1
2547 347 -1
2548 248 1
2548 348 -1
2549 249 1
2549 349 -1
2550 250 1
2550 350 -1
2551 251 1
2551 351 -1
2552 252 1
2552 352 -1
2553 253 1
2553 353 -1
2554 254 1
2554 354 -1
2555 255 1
2555 355 -1
2556 256 1
2556 356 -1
2557 257 1
2557 357 -1
2558 258 1
2558 358 -1
2559 259 1
2559 359 -1
2560 260 1
2560 360 -1
2561 261 1
2561 361 -1
2562 262 1
2562 362 -1
2563 263 1
2563 363 -1
2564 264 1
2564 364 -1
2565 265 1
2565 365 -1
2566 266 1
2566 366 -1
2567 267 1
2567 367 -1
2568 268 1
2568 368 -1
2569 269 1
2569 369 -1
2570 270 1
2570 370 -1
2571 271 1
2571 371 -1
2572 272 1
2572 372 -1
2573 273 1
2573 373 -1
2574 274 1
2574 374 -1
2575 275 1
2575 375 -1
2576 276 1
2576 376 -1
2577 277 1
2577 377 -1
2578 278 1
2578 378 -1
2579 279 1
2579 379 -1
2580 280 1
2580 380 -1
2581 281 1
2581 381 -1
2582 282 1
2582 382 -1
2583 283 1
2583 383 -1
2584 284 1
2584 384 -1
2585 285 1
2585 385 -1
2586 286 1
2586 386 -1
2587 287 1
2587 387 -1
2588 288 1
2588 388 -1
2589 289 1
2589 389 -1
2590 290 1
2590 390 -1
2591 291 1
2591 391 -1
2592 292 1
2592 392 -1
2593 293 1
2593 393 -1
2594 294 1
2594 394 -1
2595 295 1
2595 395 -1
2596 296 1
2596 396 -1
2597 297 1
2597 397 -1
2598 298 1
2598 398 -1
2599 299 1
2599 399 -1
2600 300 1
2600 400 -1
2601 301 1
2601 401 -1
2602 302 1
2602 402 -1
2603 303 1
2603 403 -1
2604 304 1
2604 404 -1
2605 305 1
2605 405 -1
2606 306 1
2606 406 -1
2607 307 1
2607 407 -1
2608 308 1
2608 408 -1
2609 309 1
2609 409 -1
2610 310 1
2610 410 -1
2611 311 1
2611 411 -1
2612 312 1
2612 412 -1
2613 313 1
2613 413 -1
2614 314 1
2614 414 -1
2615 315 1
2615 415 -1
2616 316 1
2616 416 -1
2617 317 1
2617 417 -1
2618 318 1
2618 418 -1
2619 319 1
2619 419 -1
2620 320 1
2620 420 -1
2621 321 1
2621 421 -1
2622 322 1
2622 422 -1
2623 323 1
2623 423 -1
2624 324 1
2624 424 -1
2625 325 1
2625 425 -1
2626 326 1
2626 426 -1
2627 327 1
2627 427 -1
2628 328 1
2628 428 -1
2629 329 1
2629 429 -1
2630 330 1
2630 430 -1
2631 331 1
2631 431 -1
2632 332 1
2632 432 -1
2633 333 1
2633 433 -1
2634 334 1
2634 434 -1
2635 335 1
2635 435 -1
2636 336 1
2636 436 -1
2637 337 1
2637 437 -1
2638 338 1
2638 438 -1
2639 339 1
2639 439 -1
2640 340 1
2640 440 -1
2641 341 1
2641 441 -1
2642 342 1
2642 442 -1
2643 343 1
2643 443 -1
2644 344 1
2644 444 -1
2645 345 1
2645 445 -1
2646 346 1
2646 446 -1
2647 347 1
2647 447 -1
2648 348 1
2648 448 -1
2649 349 1
2649 449 -1
2650 350 1
2650 450 -1
2651 351 1
2651 451 -1
2652 352 1
2652 452 -1
2653 353 1
2653 453 -1
2654 354 1
2654 454 -1
2655 355 1
2655 455 -1
2656 356 1
2656 456 -1
2657 357 1
2657 457 -1
2658 358 1
2658 458 -1
2659 359 1
2659 459 -1
2660 360 1
2660 460 -1
2661 361 1
2661 461 -1
2662 362 1
2662 462 -1
2663 363 1
2663 463 -1
2664 364 1
2664 464 -1
2665 365 1
2665 465 -1
2666 366 1
2666 466 -1
2667 367 1
2667 467 -1
2668 368 1
2668 468 -1
2669 369 1
2669 469 -1
2670 370 1
2670 470 -1
2671 371 1
2671 471 -1
2672 372 1
2672 472 -1
2673 373 1
2673 473 -1
2674 374 1
2674 474 -1
2675 375 1
2675 475 -1
2676 376 1
2676 476 -1
2677 377 1
2677 477 -1
2678 378 1
2678 478 -1
2679 379 1
2679 479 -1
2680 380 1
2680 480 -1
2681 381 1
2681 481 -1
2682 382 1
2682 482 -1
2683 383 1
2683 483 -1
2684 384 1
2684 484 -1
2685 385 1
2685 485 -1
2686 386 1
2686 486 -1
2687 387 1
2687 487 -1
2688 388 1
2688 488 -1
2689 389 1
2689 489 -1
2690 390 1
2690 490 -1
2691 391 1
2691 491 -1
2692 392 1
2692 492 -1
2693 393 1
2693 493 -1
2694 394 1
2694 494 -1
2695 395 1
2695 495 -1
2696 396 1
2696 496 -1
2697 397 1
2697 497 -1
2698 398 1
2698 498 -1
2699 399 1
2699 499 -1
2700 400 1
2700 500 -1
2701 401 1
2701 501 -1
2702 402 1
2702 502 -1
2703 403 1
2703 503 -1
2704 404 1
2704 504 -1
2705 405 1
2705 505 -1
2706 406 1
2706 506 -1
2707 407 1
2707 507 -1
2708 408 1
2708 508 -1
2709 409 1
2709 509 -1
2710 410 1
2710 510 -1
2711 411 1
2711 511 -1
2712 412 1
2712 512 -1
2713 413 1
2713 513 -1
2714 414 1
2714 514 -1
2715 415 1
2715 515 -1
2716 416 1
2716 516 -1
2717 417 1
2717 517 -1
2718 418 1
2718 518 -1
2719 419 1
2719 519 -1
2720 420 1
2720 520 -1
2721 421 1
2721 521 -1
2722 422 1
2722 522 -1
2723 423 1
2723 523 -1
2724 424 1
2724 524 -1
2725 425 1
2725 525 -1
2726 426 1
2726 526 -1
2727 427 1
2727 527 -1
2728 428 1
2728 528 -1
2729 429 1
2729 529 -1
2730 430 1
2730 530 -1
2731 431 1
2731 531 -1
2732 432 1
2732 532 -1
2733 433 1
2733 533 -1
2734 434 1
2734 534 -1
2735 435 1
2735 535 -1
2736 436 1
2736 536 -1
2737 437 1
2737 537 -1
2738 438 1
2738 538 -1
2739 439 1
2739 539 -1
2740 440 1
2740 540 -1
2741 441 1
2741 541 -1
2742 442 1
2742 542 -1
2743 443 1
2743 543 -1
2744 444 1
2744 544 -1
2745 445 1
2745 545 -1
2746 446 1
2746 546 -1
2747 447 1
2747 547 -1
2748 448 1
2748 548 -1
2749 449 1
2749 549 -1
2750 450 1
2750 550 -1
2751 451 1
2751 551 -1
2752 452 1
2752 552 -1
2753 453 1
2753 553 -1
2754 454 1
2754 554 -1
2755 455 1
2755 555 -1
2756 456 1
2756 556 -1
2757 457 1
2757 557 -1
2758 458 1
2758 558 -1
2759 459 1
2759 559 -1
2760 460 1
2760 560 -1
2761 461 1
2761 561 -1
2762 462 1
2762 562 -1
2763 463 1
2763 563 -1
2764 464 1
2764 564 -1
2765 465 1
2765 565 -1
2766 466 1
2766 566 -1
2767 467 1
2767 567 -1
2768 468 1
2768 568 -1
2769 469 1
2769 569 -1
2770 470 1
2770 570 -1
2771 471 1
2771 571 -1
2772 472 1
2772 572 -1
2773 473 1
2773 573 -1
2774 474 1
2774 574 -1
2775 475 1
2775 575 -1
2776 476 1
2776 576 -1
2777 477 1
2777 577 -1
2778 478 1
2778 578 -1
2779 479 1
2779 579 -1
2780 480 1
2780 580 -1
2781 481 1
2781 581 -1
2782 482 1
2782 582 -1
2783 483 1
2783 583 -1
2784 484 1
2784 584 -1
2785 485 1
2785 585 -1
2786 486 1
2786 586 -1
2787 487 1
2787 587 -1
2788 488 1
2788 588 -1
2789 489 1
2789 589 -1
2790 490 1
2790 590 -1
2791 491 1
2791 591 -1
2792 492 1
2792 592 -1
2793 493 1
2793 593 -1
2794 494 1
2794 594 -1
2795 495 1
2795 595 -1
2796 496 1
2796 596 -1
2797 497 1
2797 597 -1
2798 498 1
2798 598 -1
2799 499 1
2799 599 -1
2800 500 1
2800 600 -1
2801 501 1
2801 601 -1
2802 502 1
2802 602 -1
2803 503 1
2803 603 -1
2804 504 1
2804 604 -1
2805 505 1
2805 605 -1
2806 506 1
2806 606 -1
2807 507 1
2807 607 -1
2808 508 1
2808 608 -1
2809 509 1
2809 609 -1
2810 510 1
2810 610 -1
2811 511 1
2811 611 -1
2812 512 1
2812 612 -1
2813 513 1
2813 613 -1
2814 514 1
2814 614 -1
2815 515 1
2815 615 -1
2816 516 1
2816 616 -1
2817 517 1
2817 617 -1
2818 518 1
2818 618 -1
2819 519 1
2819 619 -1
2820 520 1
2820 620 -1
2821 521 1
2821 621 -1
2822 522 1
2822 622 -1
2823 523 1
2823 623 -1
2824 524 1
2824 624 -1
2825 525 1
2825 625 -1
2826 526 1
2826 626 -1
2827 527 1
2827 627 -1
2828 528 1
2828 628 -1
2829 529 1
2829 629 -1
2830 530 1
2830 630 -1
2831 531 1
2831 631 -1
2832 532 1
2832 632 -1
2833 533 1
2833 633 -1
2834 534 1
2834 634 -1
2835 535 1
2835 635 -1
2836 536 1
2836 636 -1
2837 537 1
2837 637 -1
2838 538 1
2838 638 -1
2839 539 1
2839 639 -1
2840 540 1
2840 640 -1
2841 541 1
2841 641 -1
2842 542 1
2842 642 -1
2843 543 1
2843 643 -1
2844 544 1
2844 644 -1
2845 545 1
2845 645 -1
2846 546 1
2846 646 -1
2847 547 1
2847 647 -1
2848 548 1
2848 648 -1
2849 549 1
2849 649 -1
2850 550 1
2850 650 -1
2851 551 1
2851 651 -1
2852 552 1
2852 652 -1
2853 553 1
2853 653 -1
2854 554 1
2854 654 -1
2855 555 1
2855 655 -1
2856 556 1
2856 656 -1
2857 557 1
2857 657 -1
2858 558 1
2858 658 -1
2859 559 1
2859 659 -1
2860 560 1
2860 660 -1
2861 561 1
2861 661 -1
2862 562 1
2862 662 -1
2863 563 1
2863 663 -1
2864 564 1
2864 664 -1
2865 565 1
2865 665 -1
2866 566 1
2866 666 -1
2867 567 1
2867 667 -1
2868 568 1
2868 668 -1
2869 569 1
2869 669 -1
2870 570 1
2870 670 -1
2871 571 1
2871 671 -1
2872 572 1
2872 672 -1
2873 573 1
2873 673 -1
2874 574 1
2874 674 -1
2875 575 1
2875 675 -1
2876 576 1
2876 676 -1
2877 577 1
2877 677 -1
2878 578 1
2878 678 -1
2879 579 1
2879 679 -1
2880 580 1
2880 680 -1
2881 581 1
2881 681 -1
2882 582 1
2882 682 -1
2883 583 1
2883 683 -1
2884 584 1
2884 684 -1
2885 585 1
2885 685 -1
2886 586 1
2886 686 -1
2887 587 1
2887 687 -1
2888 588 1
2888 688 -1
2889 589 1
2889 689 -1
2890 590 1
2890 690 -1
2891 591 1
2891 691 -1
2892 592 1
2892 692 -1
2893 593 1
2893 693 -1
2894 594 1
2894 694 -1
2895 595 1
2895 695 -1
2896 596 1
2896 696 -1
2897 597 1
2897 697 -1
2898 598 1
2898 698 -1
2899 599 1
2899 699 -1
2900 600 1
2900 700 -1
2901 601 1
2901 701 -1
2902 602 1
2902 702 -1
2903 603 1
2903 703 -1
2904 604 1
2904 704 -1
2905 605 1
2905 705 -1
2906 606 1
2906 706 -1
2907 607 1
2907 707 -1
2908 608 1
2908 708 -1
2909 609 1
2909 709 -1
2910 610 1
2910 710 -1
2911 611 1
2911 711 -1
2912 612 1
2912 712 -1
2913 613 1
2913 713 -1
2914 614 1
2914 714 -1
2915 615 1
2915 715 -1
2916 616 1
2916 716 -1
2917 617 1
2917 717 -1
2918 618 1
2918 718 -1
2919 619 1
2919 719 -1
2920 620 1
2920 720 -1
2921 621 1
2921 721 -1
2922 622 1
2922 722 -1
2923 623 1
2923 723 -1
2924 624 1
2924 724 -1
2925 625 1
2925 725 -1
2926 626 1
2926 726 -1
2927 627 1
2927 727 -1
2928 628 1
2928 728 -1
2929 629 1
2929 729 -1
2930 630 1
2930 730 -1
2931 631 1
2931 731 -1
2932 632 1
2932 732 -1
2933 633 1
2933 733 -1
2934 634 1
2934 734 -1
2935 635 1
2935 735 -1
2936 636 1
2936 736 -1
2937 637 1
2937 737 -1
2938 638 1
2938 738 -1
2939 639 1
2939 739 -1
2940 640 1
2940 740 -1
2941 641 1
2941 741 -1
2942 642 1
2942 742 -1
2943 643 1
2943 743 -1
2944 644 1
2944 744 -1
2945 645 1
2945 745 -1
2946 646 1
2946 746 -1
2947 647 1
2947 747 -1
2948 648 1
2948 748 -1
2949 649 1
2949 749 -1
2950 650 1
2950 750 -1
2951 651 1
2951 751 -1
2952 652 1
2952 752 -1
2953 653 1
2953 753 -1
2954 654 1
2954 754 -1
2955 655 1
2955 755 -1
2956 656 1
2956 756 -1
2957 657 1
2957 757 -1
2958 658 1
2958 758 -1
2959 659 1
2959 759 -1
2960 660 1
2960 760 -1
2961 661 1
2961 761 -1
2962 662 1
2962 762 -1
2963 663 1
2963 763 -1
2964 664 1
2964 764 -1
2965 665 1
2965 765 -1
2966 666 1
2966 766 -1
2967 667 1
2967 767 -1
2968 668 1
2968 768 -1
2969 669 1
2969 769 -1
2970 670 1
2970 770 -1
2971 671 1
2971 771 -1
2972 672 1
2972 772 -1
2973 673 1
2973 773 -1
2974 674 1
2974 774 -1
2975 675 1
2975 775 -1
2976 676 1
2976 776 -1
2977 677 1
2977 777 -1
2978 678 1
2978 778 -1
2979 679 1
2979 779 -1
2980 680 1
2980 780 -1
2981 681 1
2981 781 -1
2982 682 1
2982 782 -1
2983 683 1
2983 783 -1
2984 684 1
2984 784 -1
2985 685 1
2985 785 -1
2986 686 1
2986 786 -1
2987 687 1
2987 787 -1
2988 688 1
2988 788 -1
2989 689 1
2989 789 -1
2990 690 1
2990 790 -1
2991 691 1
2991 791 -1
2992 692 1
2992 792 -1
2993 693 1
2993 793 -1
2994 694 1
2994 794 -1
2995 695 1
2995 795 -1
2996 696 1
2996 796 -1
2997 697 1
2997 797 -1
2998 698 1
2998 798 -1
2999 699 1
2999 799 -1
3000 700 1
3000 800 -1
3001 701 1
3001 801 -1
3002 702 1
3002 802 -1
3003 703 1
3003 803 -1
3004 704 1
3004 804 -1
3005 705 1
3005 805 -1
3006 706 1
3006 806 -1
3007 707 1
3007 807 -1
3008 708 1
3008 808 -1
3009 709 1
3009 809 -1
3010 710 1
3010 810 -1
3011 711 1
3011 811 -1
3012 712 1
3012 812 -1
3013 713 1
3013 813 -1
3014 714 1
3014 814 -1
3015 715 1
3015 815 -1
3016 716 1
3016 816 -1
3017 717 1
3017 817 -1
3018 718 1
3018 818 -1
3019 719 1
3019 819 -1
3020 720 1
3020 820 -1
3021 721 1
3021 821 -1
3022 722 1
3022 822 -1
3023 723 1
3023 823 -1
3024 724 1
3024 824 -1
3025 725 1
3025 825 -1
3026 726 1
3026 826 -1
3027 727 1
3027 827 -1
3028 728 1
3028 828 -1
3029 729 1
3029 829 -1
3030 730 1
3030 830 -1
3031 731 1
3031 831 -1
3032 732 1
3032 832 -1
3033 733 1
3033 833 -1
3034 734 1
3034 834 -1
3035 735 1
3035 835 -1
3036 736 1
3036 836 -1
3037 737 1
3037 837 -1
3038 738 1
3038 838 -1
3039 739 1
3039 839 -1
3040 740 1
3040 840 -1
3041 741 1
3041 841 -1
3042 742 1
3042 842 -1
3043 743 1
3043 843 -1
3044 744 1
3044 844 -1
3045 745 1
3045 845 -1
3046 746 1
3046 846 -1
3047 747 1
3047 847 -1
3048 748 1
3048 848 -1
3049 749 1
3049 849 -1
3050 750 1
3050 850 -1
3051 751 1
3051 851 -1
3052 752 1
3052 852 -1
3053 753 1
3053 853 -1
3054 754 1
3054 854 -1
3055 755 1
3055 855 -1
3056 756 1
3056 856 -1
3057 757 1
3057 857 -1
3058 758 1
3058 858 -1
3059 759 1
3059 859 -1
3060 760 1
3060 860 -1
3061 761 1
3061 861 -1
3062 762 1
3062 862 -1
3063 763 1
3063 863 -1
3064 764 1
3064 864 -1
3065 765 1
3065 865 -1
3066 766 1
3066 866 -1
3067 767 1
3067 867 -1
3068 768 1
3068 868 -1
3069 769 1
3069 869 -1
3070 770 1
3070 870 -1
3071 771 1
3071 871 -1
3072 772 1
3072 872 -1
3073 773 1
3073 873 -1
3074 774 1
3074 874 -1
3075 775 1
3075 875 -1
3076 776 1
3076 876 -1
3077 777 1
3077 877 -1
3078 778 1
3078 878 -1
3079 779 1
3079 879 -1
3080 780 1
3080 880 -1
3081 781 1
3081 881 -1
3082 782 1
3082 882 -1
3083 783 1
3083 883 -1
3084 784 1
3084 884 -1
3085 785 1
3085 885 -1
3086 786 1
3086 886 -1
3087 787 1
3087 887 -1
3088 788 1
3088 888 -1
3089 789 1
3089 889 -1
3090 790 1
3090 890 -1
3091 791 1
3091 891 -1
3092 792 1
3092 892 -1
3093 793 1
3093 893 -1
3094 794 1
3094 894 -1
3095 795 1
3095 895 -1
3096 796 1
3096 896 -1
3097 797 1
3097 897 -1
3098 798 1
3098 898 -1
3099 799 1
3099 899 -1
3100 800 1
3100 900 -1
3101 801 1
3101 901 -1
3102 802 1
3102 902 -1
3103 803 1
3103 903 -1
3104 804 1
3104 904 -1
3105 805 1
3105 905 -1
3106 806 1
3106 906 -1
3107 807 1
3107 907 -1
3108 808 1
3108 908 -1
3109 809 1
3109 909 -1
3110 810 1
3110 910 -1
3111 811 1
3111 911 -1
3112 812 1
3112 912 -1
3113 813 1
3113 913 -1
3114 814 1
3114 914 -1
3115 815 1
3115 915 -1
3116 816 1
3116 916 -1
3117 817 1
3117 917 -1
3118 818 1
3118 918 -1
3119 819 1
3119 919 -1
3120 820 1
3120 920 -1
3121 821 1
3121 921 -1
3122 822 1
3122 922 -1
3123 823 1
3123 923 -1
3124 824 1
3124 924 -1
3125 825 1
3125 925 -1
3126 826 1
3126 926 -1
3127 827 1
3127 927 -1
3128 828 1
3128 928 -1
3129 829 1
3129 929 -1
3130 830 1
3130 930 -1
3131 831 1
3131 931 -1
3132 832 1
3132 932 -1
3133 833 1
3133 933 -1
3134 834 1
3134 934 -1
3135 835 1
3135 935 -1
3136 836 1
3136 936 -1
3137 837 1
3137 937 -1
3138 838 1
3138 938 -1
3139 839 1
3139 939 -1
3140 840 1
3140 940 -1
3141 841 1
3141 941 -1
3142 842 1
3142 942 -1
3143 843 1
3143 943 -1
3144 844 1
3144 944 -1
3145 845 1
3145 945 -1
3146 846 1
3146 946 -1
3147 847 1
3147 947 -1
3148 848 1
3148 948 -1
3149 849 1
3149 949 -1
3150 850 1
3150 950 -1
3151 851 1
3151 951 -1
3152 852 1
3152 952 -1
3153 853 1
3153 953 -1
3154 854 1
3154 954 -1
3155 855 1
3155 955 -1
3156 856 1
3156 956 -1
3157 857 1
3157 957 -1
3158 858 1
3158 958 -1
3159 859 1
3159 959 -1
3160 860 1
3160 960 -1
3161 861 1
3161 961 -1
3162 862 1
3162 962 -1
3163 863 1
3163 963 -1
3164 864 1
3164 964 -1
3165 865 1
3165 965 -1
3166 866 1
3166 966 -1
3167 867 1
3167 967 -1
3168 868 1
3168 968 -1
3169 869 1
3169 969 -1
3170 870 1
3170 970 -1
3171 871 1
3171 971 -1
3172 872 1
3172 972 -1
3173 873 1
3173 973 -1
3174 874 1
3174 974 -1
3175 875 1
3175 975 -1
3176 876 1
3176 976 -1
3177 877 1
3177 977 -1
3178 878 1
3178 978 -1
3179 879 1
3179 979 -1
3180 880 1
3180 980 -1
3181 881 1
3181 981 -1
3182 882 1
3182 982 -1
3183 883 1
3183 983 -1
3184 884 1
3184 984 -1
3185 885 1
3185 985 -1
3186 886 1
3186 986 -1
3187 887 1
3187 987 -1
3188 888 1
3188 988 -1
3189 889 1
3189 989 -1
3190 890 1
3190 990 -1
3191 891 1
3191 991 -1
3192 892 1
3192 992 -1
3193 893 1
3193 993 -1
3194 894 1
3194 994 -1
3195 895 1
3195 995 -1
3196 896 1
3196 996 -1
3197 897 1
3197 997 -1
3198 898 1
3198 998 -1
3199 899 1
3199 999 -1
3200 900 1
3201 901 1
3202 902 1
3203 903 1
3204 904 1
3205 905 1
3206 906 1
3207 907 1
3208 908 1
3209 909 1
3210 910 1
3211 911 1
3212 912 1
3213 913 1
3214 914 1
3215 915 1
3216 916 1
3217 917 1
3218 918 1
3219 919 1
3220 920 1
3221 921 1
3222 922 1
3223 923 1
3224 924 1
3225 925 1
3226 926 1
3227 927 1
3228 928 1
3229 929 1
3230 930 1
3231 931 1
3232 932 1
3233 933 1
3234 934 1
3235 935 1
3236 936 1
3237 937 1
3238 938 1
3239 939 1
3240 940 1
3241 941 1
3242 942 1
3243 943 1
3244 944 1
3245 945 1
3246 946 1
3247 947 1
3248 948 1
3249 949 1
3250 950 1
3251 951 1
3252 952 1
3253 953 1
3254 954 1
3255 955 1
3256 956 1
3257 957 1
3258 958 1
3259 959 1
3260 960 1
3261 961 1
3262 962 1
3263 963 1
3264 964 1
3265 965 1
3266 966 1
3267 967 1
3268 968 1
3269 969 1
3270 970 1
3271 971 1
3272 972 1
3273 973 1
3274 974 1
3275 975 1
3276 976 1
3277 977 1
3278 978 1
3279 979 1
3280 980 1
3281 981 1
3282 982 1
3283 983 1
3284 984 1
3285 985 1
3286 986 1
3287 987 1
3288 988 1
3289 989 1
3290 990 1
3291 991 1
3292 992 1
3293 993 1
3294 994 1
3295 995 1
3296 996 1
3297 997 1
3298 998 1
3299 999 1
