25.618
26.503
29.059
29.969
18.706
6.343
53.901
42.761
43.891
54.173
13.201
58.651
29.371
43.583
32.795
20.759
34.537
46.539
39.999
33.576
50.411
21.413
57.048
23.584
16.466
47.474
40.668
20.015
20.987
46.259
49.358
35.124
13.498
56.613
13.072
52.408
36.958
42.899
54.366
15.995
59.832
40.463
52.144
21.100
11.579
33.142
53.584
52.162
14.638
57.372
11.495
23.438
15.401
48.528
24.494
54.222
17.692
55.213
38.006
2.176
47.271
9.204
48.340
54.232
48.380
17.738
53.938
38.926
43.859
11.122
10.187
12.291
58.424
49.466
11.129
40.850
33.543
52.358
55.183
47.861
31.362
6.925
20.154
13.105
12.643
58.091
48.147
14.102
20.114
6.269
49.025
51.233
41.963
56.371
37.084
41.354
11.789
58.189
44.446
16.046
10.292
22.490
17.190
10.242
55.376
52.931
9.194
24.427
28.774
53.964
15.049
17.937
12.344
58.830
60.293
43.252
59.947
60.488
42.098
60.249
60.059
23.521
7.577
17.292
7.879
5.406
59.801
3.341
23.282
42.393
53.045
10.756
12.535
24.364
55.496
3.064
47.793
5.689
2.544
59.457
44.298
10.849
30.138
7.114
6.998
12.452
22.597
9.429
57.541
42.927
18.596
13.377
11.343
42.571
27.288
53.377
34.689
30.326
28.171
50.854
23.668
40.758
4.708
31.351
52.536
50.684
8.515
11.886
15.826
7.642
44.595
12.909
36.072
11.952
24.090
12.257
42.196
46.951
41.552
16.975
4.358
24.945
7.442
14.447
7.915
39.253
31.159
19.602
36.720
44.299
24.462
35.004
30.329
8.950
34.899
10.922
33.389
28.493
9.142
26.409
2.094
53.757
33.304
40.745
21.728
19.150
11.631
28.294
23.905
13.132
35.508
20.957
22.217
23.951
5.602
13.829
17.704
31.883
23.698
28.704
9.661
16.042
43.602
47.619
46.419
53.689
19.059
24.507
24.857
44.179
19.788
32.529
53.723
23.681
47.688
16.573
11.023
15.395
57.903
18.910
50.468
26.341
25.521
9.238
53.654
17.693
58.747
43.107
49.108
41.972
54.320
50.678
52.249
54.241
20.417
58.433
50.827
31.398
47.207
45.507
53.399
56.365
60.484
38.216
49.573
47.607
57.899
57.332
55.334
28.135
55.201
13.425
22.390
17.565
21.949
58.600
24.915
18.229
15.956
19.325
45.900
21.316
3.347
25.058
11.277
59.247
56.311
53.609
55.159
58.401
10.656
52.687
1.981
11.673
57.653
10.244
28.392
57.000
56.567
56.037
51.971
28.508
58.641
57.924
59.124
58.786
57.196
47.538
60.115
41.195
57.856
5.594
14.065
57.274
9.037
44.164
48.747
56.275
55.106
53.280
43.307
56.194
44.929
23.421
45.225
55.186
54.680
18.211
49.041
49.363
46.096
54.161
22.628
21.238
13.769
49.475
8.635
16.739
5.270
15.620
44.736
22.024
26.632
52.610
15.429
48.751
39.329
50.138
35.643
53.752
52.104
55.260
57.852
56.429
57.820
56.087
45.532
44.531
59.425
53.183
53.097
51.293
36.497
27.686
28.351
14.008
11.872
54.918
37.897
57.537
51.640
37.626
58.281
54.316
59.045
13.604
22.746
4.597
7.556
11.543
14.915
11.729
9.153
27.933
9.013
15.721
30.064
58.648
53.843
53.023
17.166
29.615
38.839
24.895
21.305
51.247
37.511
19.580
16.362
44.563
56.347
27.454
27.824
59.054
44.356
58.766
9.572
57.064
59.550
37.081
53.331
60.932
57.556
49.052
36.996
8.098
8.947
54.852
56.948
10.389
51.577
47.266
33.997
42.524
47.475
16.434
9.299
26.655
5.981
11.588
50.421
4.846
58.765
32.380
51.099
28.974
28.771
22.049
17.248
48.445
3.194
19.483
57.130
13.220
15.861
43.839
54.092
36.223
28.764
41.966
55.050
51.547
49.427
32.203
1.516
5.284
10.551
21.887
25.968
36.709
18.168
30.587
28.225
23.843
52.255
50.290
8.174
55.377
53.345
12.524
41.703
57.955
18.069
16.024
4.753
21.688
26.495
4.206
17.091
31.815
23.886
50.889
56.161
50.541
45.762
51.857
20.789
12.730
35.855
50.667
10.827
41.868
54.018
51.827
41.494
27.427
34.658
18.693
28.890
21.869
54.431
18.333
52.260
20.749
16.599
50.105
54.964
57.307
20.113
31.320
47.930
4.104
42.663
24.786
12.403
15.482
38.663
21.060
13.051
32.354
39.950
8.159
14.966
23.312
11.061
8.389
7.393
26.589
25.976
25.159
14.305
46.646
11.981
6.321
41.544
40.902
35.808
21.608
29.789
59.232
48.121
19.810
17.172
19.188
49.781
58.910
17.642
20.995
48.618
55.630
57.418
31.290
21.414
16.344
13.767
12.826
30.921
14.802
6.483
32.297
46.454
15.388
27.369
11.738
9.070
24.879
39.893
41.898
43.205
51.582
10.550
51.406
16.281
57.685
35.593
43.497
44.168
32.744
2.899
43.609
45.873
33.059
11.944
32.335
18.222
60.418
27.437
26.706
37.155
49.055
35.938
50.948
44.845
47.756
20.742
45.881
54.675
32.748
58.701
4.701
13.347
56.393
44.672
48.858
9.204
13.058
17.877
50.247
19.115
7.321
56.687
14.346
9.538
21.339
15.344
10.065
32.740
40.086
56.024
11.451
18.210
27.687
32.099
16.094
29.562
30.267
22.516
38.072
56.290
43.057
15.786
19.093
48.534
60.390
31.920
31.409
15.997
17.585
56.223
11.597
13.444
17.735
55.465
8.811
3.450
23.243
23.328
36.227
21.720
8.384
12.620
6.030
7.079
56.663
59.147
26.578
18.956
12.410
29.719
14.428
54.901
38.178
48.247
47.432
9.962
45.204
54.532
39.517
35.794
19.790
32.844
32.161
35.910
8.913
12.872
8.787
48.628
22.885
20.532
13.920
7.348
14.508
51.114
60.401
35.226
10.187
21.384
31.025
26.203
22.941
32.551
32.615
28.880
9.421
8.885
21.920
38.294
9.278
10.196
22.949
33.264
15.083
56.397
13.360
5.483
2.609
8.255
22.143
40.866
15.402
24.705
41.156
11.749
17.567
14.972
34.033
40.058
53.565
27.698
18.033
7.305
55.502
13.336
37.589
58.094
12.634
12.839
15.655
13.463
18.412
31.420
48.859
20.874
14.287
23.071
26.806
11.368
56.639
23.824
26.210
4.557
55.955
22.400
14.010
18.203
15.116
12.997
49.689
13.585
20.682
25.384
15.798
21.304
57.402
15.034
23.128
56.532
56.540
48.956
59.966
50.387
52.563
53.973
51.927
58.403
51.862
48.789
57.877
60.541
38.210
52.143
56.457
50.669
37.439
22.120
45.617
25.291
26.642
46.992
42.646
53.214
40.445
7.046
39.654
36.439
42.890
28.635
20.676
26.963
26.413
30.922
20.204
21.221
26.101
44.363
38.877
22.767
18.840
13.525
33.915
35.278
12.489
16.631
33.838
15.716
23.073
4.349
57.202
28.699
32.092
56.366
34.069
23.521
36.621
51.713
38.683
42.397
55.629
47.804
37.831
29.949
56.447
49.372
32.375
31.701
53.290
47.497
32.152
9.549
33.757
34.157
7.191
45.747
8.490
18.375
31.882
4.645
20.779
9.059
22.868
38.299
39.642
28.522
36.394
26.293
31.586
45.784
23.566
17.013
27.759
35.669
8.003
20.339
35.072
24.750
25.192
15.336
49.210
8.012
8.839
15.132
14.531
13.676
17.734
54.379
58.333
52.607
44.602
44.367
55.769
49.775
26.045
50.122
59.116
9.786
35.677
59.289
24.247
14.211
54.757
22.522
25.779
53.221
27.028
11.372
8.142
45.126
28.859
27.469
34.028
30.800
13.237
43.871
15.526
51.520
60.003
55.718
51.685
20.098
10.700
56.449
57.979
58.702
8.921
56.846
49.929
54.276
48.117
27.630
27.864
52.184
59.452
54.540
6.477
16.899
51.008
49.688
48.908
51.841
23.357
21.768
34.996
11.517
59.796
7.067
53.497
46.471
20.800
23.184
17.440
19.979
26.492
18.277
26.201
18.458
15.158
16.828
48.596
59.451
29.468
54.620
42.926
49.636
8.665
10.346
17.187
21.002
26.381
27.639
25.159
19.256
27.220
52.345
32.163
40.296
30.903
29.314
55.791
11.699
27.497
52.197
50.178
47.413
24.326
6.988
55.327
28.419
52.079
28.405
23.023
27.870
9.839
13.794
14.822
56.468
40.994
48.431
56.608
30.811
55.306
46.142
54.061
56.368
50.006
20.509
54.925
39.381
21.889
54.444
59.088
56.878
57.087
32.568
22.595
5.336
52.695
50.024
40.915
53.456
50.239
56.499
31.411
26.316
46.838
29.791
44.635
31.820
23.279
38.514
17.827
57.484
43.735
57.184
54.056
45.750
45.232
44.972
51.067
43.839
28.015
42.437
33.720
23.260
53.103
49.771
56.380
27.827
53.168
33.658
54.643
56.306
10.872
25.810
45.735
28.250
29.054
7.714
17.705
6.879
6.917
19.256
22.908
22.161
12.513
9.494
49.281
22.721
48.857
46.232
22.844
49.464
34.793
46.809
44.713
56.073
55.269
43.233
52.037
50.566
40.358
39.880
56.963
50.250
58.438
32.213
18.901
56.074
53.584
59.599
22.180
27.693
48.369
42.418
44.611
53.295
47.515
52.210
50.648
55.751
16.621
31.260
18.407
21.484
29.432
30.850
2.427
30.077
11.769
7.253
6.062
22.153
31.114
31.608
11.980
12.630
11.582
58.245
52.570
60.009
56.296
45.929
20.060
47.266
49.694
57.957
28.400
50.348
56.125
51.754
49.794
53.552
47.796
24.648
14.135
52.840
56.490
51.897
22.223
24.135
43.834
47.047
36.691
53.124
53.565
23.591
30.264
20.996
41.235
29.855
41.619
59.522
55.534
59.319
57.401
41.944
36.014
53.145
24.089
32.473
26.033
32.048
3.551
19.523
13.620
29.050
25.860
10.801
39.081
14.185
29.701
12.553
18.364
28.009
15.965
21.753
28.647
15.229
34.896
13.262
23.717
29.082
6.353
10.940
26.035
15.686
11.960
16.683
30.511
12.457
22.664
40.463
22.103
22.580
14.412
12.161
18.619
60.156
50.009
53.258
50.002
58.947
45.291
49.396
49.137
13.598
50.011
57.499
47.273
52.212
49.195
54.472
54.533
41.434
35.104
6.933
37.687
57.788
48.743
7.388
57.794
47.982
45.142
8.651
38.646
30.009
42.576
50.147
36.027
19.187
40.996
18.590
27.875
7.436
15.055
10.680
8.688
21.845
44.875
9.357
43.477
27.342
31.755
51.087
26.369
36.621
32.217
19.234
51.176
28.596
38.194
12.985
49.859
58.075
32.408
53.121
29.368
47.569
55.890
10.804
8.815
40.244
43.061
30.166
27.065
60.411
49.359
54.937
33.440
41.588
52.734
48.781
59.491
13.003
52.595
49.176
55.907
12.079
7.169
39.652
13.231
37.201
55.349
9.132
18.776
36.551
43.496
45.828
39.541
33.073
10.149
30.967
57.559
35.915
54.486
36.258
52.044
34.216
28.114
44.449
48.327
46.492
13.184
48.254
50.502
46.488
7.924
53.857
36.627
56.338
30.551
21.492
58.984
53.198
57.245
57.485
51.865
47.206
44.984
39.644
40.748
48.311
16.419
45.694
49.149
50.890
44.550
47.440
10.815
4.443
7.695
57.312
59.948
60.377
33.895
38.206
17.689
43.093
37.283
24.858
44.091
9.590
30.735
47.212
17.155
12.006
41.392
17.751
47.438
45.867
13.940
6.795
48.684
34.681
41.945
48.926
24.520
48.094
34.388
48.094
27.063
39.617
50.804
57.080
54.845
32.298
35.053
25.215
42.004
36.925
36.477
48.407
37.254
36.955
38.543
43.029
34.955
53.811
47.440
40.944
51.328
48.319
58.901
52.852
50.451
51.268
55.105
60.260
56.686
48.016
41.863
16.020
34.834
34.813
12.615
52.786
49.558
9.668
41.678
35.716
17.737
46.327
19.520
24.576
45.317
12.886
6.224
40.409
6.641
48.289
48.183
8.769
15.863
16.166
43.248
17.608
43.983
52.555
52.561
39.865
6.192
46.110
21.798
42.908
17.973
55.733
57.781
49.390
51.970
28.185
23.349
54.680
29.071
52.994
40.886
51.875
51.321
42.172
17.562
38.551
30.007
13.286
9.092
8.231
60.429
45.566
20.924
24.793
15.205
18.117
24.319
21.048
2.441
12.311
15.263
42.244
21.994
38.400
44.084
30.904
7.263
19.646
47.094
55.997
18.031
48.070
59.274
29.202
45.930
13.261
37.241
50.969
46.229
30.786
53.655
16.516
43.108
36.673
35.157
46.972
42.318
32.922
8.500
33.527
48.518
50.469
52.224
44.143
42.583
32.757
14.423
52.422
29.667
38.221
13.248
11.328
47.032
41.975
44.839
55.519
29.803
47.760
35.418
45.107
39.640
55.092
48.760
47.140
18.093
43.350
32.506
36.177
34.624
57.235
46.460
18.974
21.011
34.103
36.727
29.647
36.898
46.933
42.215
11.088
28.438
39.939
37.313
40.660
2.729
44.344
58.195
52.878
55.975
40.152
53.039
28.515
50.263
41.006
50.497
23.549
60.106
54.208
48.349
61.505
57.805
31.089
57.183
41.230
17.495
36.100
45.246
34.905
53.408
53.184
58.937
9.554
52.852
51.862
49.264
37.222
56.108
44.538
34.971
46.767
46.278
16.532
45.989
49.328
51.045
51.535
39.064
10.296
49.259
34.133
18.560
26.169
33.269
17.331
12.203
11.055
36.583
42.318
40.374
26.943
41.824
34.205
54.082
47.093
44.166
15.523
54.375
44.589
50.421
48.955
41.842
26.853
50.673
47.748
50.431
28.866
37.723
56.018
43.883
43.837
15.486
7.912
51.772
50.957
47.775
42.654
53.546
48.658
35.276
46.131
16.380
25.277
17.043
19.968
52.508
49.382
7.179
48.515
20.797
17.623
47.069
30.373
31.363
13.606
57.519
24.234
46.928
48.680
52.229
46.807
47.042
19.154
55.070
26.352
50.783
38.022
59.239
50.269
60.970
47.591
51.611
42.048
39.937
9.925
14.450
47.344
47.046
36.926
45.447
47.315
36.795
34.581
32.690
32.586
20.032
18.629
17.608
47.886
25.121
42.460
31.795
54.923
43.917
13.990
25.007
50.639
31.657
49.157
28.199
45.517
42.017
29.645
24.495
35.784
20.974
30.366
44.814
47.439
53.555
29.714
40.478
11.886
48.481
45.540
43.570
40.936
36.978
44.799
21.577
43.091
24.786
8.216
42.066
23.440
49.763
46.565
45.500
42.910
21.033
27.023
53.753
31.730
36.375
42.566
51.957
47.269
36.264
49.634
25.910
42.162
36.107
51.686
39.862
30.939
20.770
12.028
33.854
12.852
40.654
23.314
32.506
2.299
37.967
30.221
20.727
3.853
25.012
35.229
8.560
24.232
36.255
46.854
31.915
53.305
51.544
54.594
28.853
50.147
52.023
29.909
11.474
18.389
57.922
27.008
10.119
34.747
15.891
17.363
25.160
43.699
46.371
39.680
36.477
39.054
55.849
48.695
31.467
56.876
34.465
54.464
22.318
41.517
54.553
41.374
50.284
29.145
8.180
54.800
18.383
34.161
48.479
15.736
53.858
42.919
46.233
47.598
56.554
55.201
39.714
22.513
11.316
16.107
41.956
8.509
29.320
15.452
32.931
21.410
41.372
24.511
53.000
42.130
55.666
46.334
44.271
24.505
43.726
45.488
43.690
36.579
49.723
51.559
32.877
49.063
54.709
43.682
41.979
42.287
37.202
44.106
22.724
35.591
35.357
30.965
38.894
50.388
37.506
53.948
41.858
39.596
35.278
23.426
55.913
31.489
36.741
19.502
9.289
42.642
52.719
33.901
31.940
36.228
38.798
31.271
46.334
31.985
43.628
35.967
13.766
24.447
28.233
35.777
30.922
20.815
10.204
19.763
28.967
27.924
56.386
47.446
19.973
19.109
33.919
44.791
16.413
27.307
47.632
57.884
15.597
47.842
48.696
51.138
58.613
29.703
38.919
56.149
32.856
55.567
60.442
51.079
33.488
35.763
23.109
22.907
24.155
17.286
12.709
29.808
47.311
35.475
9.688
28.197
27.288
12.451
24.538
51.012
15.833
50.857
54.160
57.309
47.294
11.330
8.419
18.411
27.717
18.088
28.507
61.582
32.633
17.494
51.229
17.818
50.433
52.464
54.726
10.051
46.944
38.566
4.443
58.492
29.794
42.420
25.468
30.545
19.052
30.697
47.571
23.062
35.707
55.629
41.392
55.926
8.539
40.518
48.761
13.447
11.907
38.338
29.459
45.587
11.401
9.697
46.993
48.004
24.941
14.077
17.560
52.990
24.716
49.878
25.607
12.514
43.266
11.828
21.133
9.446
22.953
43.007
23.098
34.919
44.251
37.281
24.780
14.280
10.290
41.896
6.636
32.752
46.232
31.689
16.157
44.081
35.988
44.092
52.089
33.278
48.289
54.642
50.291
34.372
43.888
54.761
31.519
25.099
38.870
60.022
9.543
55.157
8.324
7.208
47.258
40.675
57.521
50.874
5.083
25.078
6.946
35.785
34.975
9.201
60.982
52.862
55.026
21.601
35.989
10.969
41.637
36.785
22.779
23.239
22.856
16.343
15.728
21.556
23.480
12.231
38.945
32.927
47.861
28.558
47.367
47.508
16.958
26.708
28.918
47.251
55.779
52.460
40.631
57.675
58.318
22.612
38.386
23.718
42.769
37.068
41.329
44.727
50.214
40.041
53.907
54.592
34.851
29.112
45.257
45.858
33.787
56.766
15.077
5.501
47.258
50.447
51.955
39.677
38.626
50.081
6.813
7.689
10.522
26.994
20.141
30.011
20.116
9.946
11.171
14.056
36.621
7.731
52.930
26.083
55.671
56.736
46.498
53.117
6.640
14.270
23.856
17.356
54.535
30.100
41.493
50.343
18.931
12.444
42.292
43.086
37.386
39.506
17.618
55.817
41.855
51.404
8.368
46.927
18.875
59.922
42.118
20.618
53.554
29.322
54.079
42.780
38.016
58.487
34.119
38.224
24.965
28.319
9.357
29.836
56.883
26.258
18.568
55.802
15.034
47.601
49.338
11.573
37.107
32.826
16.641
30.757
57.271
46.963
49.402
49.403
9.908
34.873
45.961
10.123
57.040
44.988
40.002
7.926
60.221
59.576
49.551
17.805
52.427
7.806
51.886
25.050
17.342
12.462
52.645
56.000
10.887
39.477
13.824
36.501
21.208
30.710
44.814
47.343
45.556
15.526
16.295
43.121
4.593
28.969
17.077
44.874
56.565
24.627
46.455
58.786
42.016
32.172
47.917
44.151
46.888
20.724
28.497
12.238
11.114
37.267
25.862
38.615
50.485
37.863
41.866
52.266
35.050
36.822
26.082
43.671
47.322
54.044
59.919
20.909
48.577
51.260
50.797
48.705
48.486
27.316
51.961
41.900
41.924
14.495
22.542
24.199
39.588
17.426
22.706
25.198
48.990
45.903
45.704
41.786
41.915
49.141
40.948
54.747
12.166
31.956
30.533
51.782
57.752
40.037
26.710
27.920
30.124
55.990
56.832
44.821
31.232
16.518
17.230
28.572
35.627
52.478
18.240
50.534
58.325
16.834
27.313
23.758
51.154
36.016
58.647
17.785
51.364
45.825
45.336
45.769
47.356
9.075
44.092
24.454
8.109
24.674
19.204
30.569
6.338
21.333
18.794
38.439
34.338
28.309
34.099
53.233
46.790
38.459
31.587
23.636
16.071
10.277
21.631
43.524
50.494
19.553
52.849
52.739
29.229
57.129
23.662
37.171
37.134
40.348
3.452
36.833
19.807
35.642
29.357
16.171
39.269
5.050
58.446
53.322
50.418
43.442
48.471
29.218
31.497
59.838
53.561
48.951
42.424
56.607
16.682
57.100
41.169
55.482
30.621
9.818
53.542
49.152
15.683
57.227
52.264
38.706
61.824
50.226
15.537
49.844
47.549
55.535
53.292
55.409
60.285
47.979
31.696
49.819
17.490
47.326
22.335
50.345
60.263
42.764
58.558
57.208
9.786
60.410
36.016
14.114
58.317
60.240
52.290
50.425
15.835
50.117
31.164
8.093
50.458
7.291
3.815
58.378
43.044
24.538
22.375
22.635
44.322
44.677
38.072
43.984
43.894
23.539
59.865
15.821
58.717
38.261
40.657
18.965
25.511
26.474
12.834
17.851
21.248
30.007
43.072
43.139
47.549
42.170
29.101
18.071
26.882
58.878
39.096
53.445
53.399
58.060
53.553
46.646
58.236
60.047
10.129
48.551
53.939
56.004
49.040
49.724
58.753
51.517
54.629
46.498
41.947
57.405
54.909
55.850
48.163
22.827
43.396
27.005
51.559
47.780
24.577
20.140
12.352
30.638
18.983
45.891
14.998
17.706
51.378
43.007
11.463
48.424
59.239
61.673
56.933
33.334
9.705
58.330
54.010
44.237
20.621
41.037
54.335
18.832
56.619
51.878
55.547
25.772
55.199
8.594
59.211
34.963
25.445
31.844
47.978
48.822
44.056
51.200
47.349
25.416
41.676
24.015
49.790
16.582
57.816
54.941
47.317
51.828
53.516
47.789
59.727
40.697
55.389
30.956
25.102
39.316
44.681
30.489
36.181
58.799
57.163
52.234
55.262
58.302
40.228
49.244
46.297
48.943
17.113
14.024
36.938
25.062
41.473
32.610
48.773
50.830
30.663
51.321
43.821
20.053
29.493
11.609
42.551
42.607
53.894
52.304
29.676
57.047
28.994
60.236
37.282
34.901
21.038
25.157
25.502
17.090
26.262
14.352
18.880
39.607
56.544
7.560
42.750
43.554
46.943
56.058
25.919
20.474
37.002
13.800
2.592
30.146
22.193
11.409
15.861
18.329
44.908
10.979
5.196
28.035
47.331
49.080
12.545
17.808
14.990
28.084
33.572
39.789
29.640
4.012
34.377
12.215
42.020
25.233
18.349
33.547
10.735
6.355
31.126
23.872
14.121
29.139
28.377
9.867
24.691
17.816
23.532
22.419
21.612
26.564
28.845
49.395
49.981
27.336
22.885
50.213
44.509
7.899
10.818
58.300
50.258
47.885
28.520
47.118
18.809
5.560
43.701
43.221
7.232
16.305
33.932
5.963
51.053
6.890
39.821
16.294
32.850
49.238
40.681
47.575
54.015
21.049
37.597
11.081
7.544
15.306
30.457
49.932
29.993
10.437
28.996
21.268
32.189
31.031
23.404
57.087
10.039
35.969
18.477
45.188
17.346
40.596
30.566
41.538
27.443
32.740
11.000
61.826
18.989
55.464
20.983
33.243
23.314
32.104
20.349
57.372
32.736
11.229
34.461
32.054
14.301
22.417
19.123
54.740
6.989
55.498
51.255
55.306
33.106
40.780
34.102
34.318
11.832
31.837
19.561
38.309
52.923
33.370
36.299
14.576
27.157
50.084
31.163
46.973
56.723
59.721
48.762
38.702
25.605
15.701
15.440
7.730
19.187
54.148
51.401
52.718
14.158
53.439
42.432
44.403
13.715
11.363
44.075
16.762
38.523
12.017
27.768
15.941
14.292
20.222
24.465
34.048
32.179
47.165
12.127
25.132
8.705
56.695
38.972
40.582
28.811
20.311
54.260
58.046
54.628
52.249
49.808
58.110
59.941
59.065
38.188
18.573
57.281
52.950
40.370
52.660
41.994
34.002
52.633
53.488
24.342
11.506
22.523
39.040
51.863
40.272
60.863
55.903
46.144
2.993
50.722
14.584
4.224
54.112
54.760
55.082
26.114
53.770
42.592
44.712
50.927
59.164
40.762
31.621
29.758
60.007
47.736
21.713
6.336
36.374
12.510
9.493
17.107
39.225
24.236
52.289
35.968
50.024
43.177
59.381
6.840
54.701
24.172
8.293
29.995
10.928
10.332
54.424
10.555
60.369
12.947
59.686
56.879
52.747
54.102
51.651
56.156
6.524
3.690
24.740
30.829
11.634
40.013
42.843
9.727
13.852
60.325
49.520
59.626
56.399
8.087
45.120
30.083
59.234
34.237
18.534
34.023
40.527
51.312
50.005
27.767
47.145
38.684
45.243
39.630
23.093
53.021
55.512
54.742
60.399
54.094
8.483
56.629
56.524
48.274
8.659
2.612
10.630
24.859
16.497
16.038
34.769
11.227
27.237
53.456
30.255
12.709
11.221
50.234
19.083
51.356
46.051
24.524
10.930
19.233
26.806
13.384
29.891
36.914
51.767
18.624
25.624
27.652
46.098
50.256
19.754
24.010
50.181
18.699
50.384
49.099
54.663
55.300
57.679
19.924
26.634
56.011
28.129
37.954
50.986
30.913
3.946
31.733
57.680
24.442
45.309
49.470
56.462
43.656
30.718
11.649
50.415
34.876
35.539
6.063
47.372
39.384
44.655
14.541
43.819
21.147
20.261
55.312
51.448
38.452
46.047
38.538
52.676
42.608
8.663
39.411
53.259
54.640
31.058
19.773
61.033
25.036
24.698
16.360
38.521
31.968
38.785
50.115
33.590
56.765
55.097
50.035
47.808
52.417
53.066
55.311
32.278
38.739
39.971
50.535
9.786
30.024
35.644
17.690
28.195
32.270
10.848
14.116
40.024
34.928
9.347
43.536
41.245
12.483
19.636
33.957
31.649
50.173
36.597
58.076
38.664
33.141
32.595
36.258
51.326
40.088
6.142
45.063
5.190
23.601
20.034
23.241
21.722
26.242
51.934
45.038
51.600
35.654
31.622
23.373
8.658
24.628
17.465
32.978
15.406
54.676
57.041
19.878
47.783
49.132
52.493
19.050
40.196
56.178
52.789
47.461
46.648
46.438
17.349
40.095
43.560
36.548
47.902
37.062
36.889
49.990
34.877
18.158
13.092
4.667
37.504
22.093
19.584
6.287
25.714
21.996
49.191
22.501
14.549
21.674
17.647
19.875
4.759
20.784
14.567
26.268
22.113
38.377
51.180
50.274
50.449
16.940
59.694
50.469
47.727
51.875
57.846
58.642
55.617
59.965
49.377
52.652
24.792
36.724
59.304
57.138
44.635
24.678
12.856
19.663
22.062
44.884
37.642
14.664
12.399
22.594
28.395
14.789
22.731
53.442
33.724
45.760
21.732
23.814
17.712
33.796
56.930
15.505
35.475
32.354
55.160
55.538
54.441
57.985
22.002
25.814
34.206
23.184
17.970
16.679
11.534
50.691
8.336
15.160
10.999
7.018
16.369
53.762
56.742
13.184
32.154
14.400
36.643
35.388
30.616
14.601
35.613
8.843
37.666
41.635
23.842
12.933
35.387
42.808
26.210
49.774
22.887
55.311
55.936
26.087
10.441
50.753
47.875
16.427
50.842
51.887
23.808
8.248
16.994
22.094
18.688
31.270
21.069
37.955
49.617
49.191
18.953
48.789
44.736
25.530
19.644
19.401
47.289
9.148
47.562
56.935
24.984
51.502
48.326
39.784
32.884
23.261
37.842
29.836
33.320
20.821
8.135
19.101
12.756
7.390
42.435
34.254
28.802
24.688
21.319
19.663
12.950
48.064
24.054
19.207
15.340
47.392
35.613
36.860
29.366
28.825
32.577
43.070
30.332
9.853
52.590
46.144
51.149
32.721
14.852
32.831
8.604
21.782
29.229
32.749
33.880
40.889
46.676
29.700
18.044
57.906
43.749
54.204
9.746
51.634
29.233
39.704
23.438
31.072
42.231
9.369
35.671
32.115
35.200
16.805
30.813
30.084
58.816
38.445
48.796
56.990
7.994
54.943
60.493
51.544
56.976
41.844
35.889
31.110
19.772
21.705
43.618
42.339
59.016
50.573
58.327
31.454
38.448
31.944
30.466
53.586
44.631
35.485
54.935
21.617
27.187
33.976
42.156
19.600
56.779
9.133
43.911
17.452
47.387
34.805
24.719
30.582
51.241
40.178
29.082
51.308
16.842
7.928
41.579
29.295
29.397
32.759
42.092
17.124
47.990
46.646
31.529
49.728
43.163
61.015
44.713
43.413
59.506
53.559
14.610
43.701
35.923
55.168
47.171
51.099
50.891
18.201
24.741
15.590
19.833
13.043
48.725
35.039
55.929
36.731
44.604
48.894
53.769
51.706
41.895
49.411
46.763
40.460
28.303
31.385
43.859
26.103
38.533
39.520
34.051
47.334
41.048
29.790
38.902
7.298
56.024
15.656
24.097
12.962
20.389
60.142
53.991
60.682
58.587
19.648
58.640
20.753
27.187
60.914
38.463
30.439
56.361
30.843
48.034
53.090
56.801
3.213
58.060
48.126
54.198
51.937
13.920
56.165
57.366
55.753
53.414
22.162
58.360
18.320
31.122
30.943
58.504
46.644
8.819
57.625
15.103
41.069
25.810
41.237
44.701
51.997
58.411
48.189
41.049
51.814
24.994
27.771
16.694
60.675
48.733
49.850
22.639
27.652
12.192
60.014
50.474
57.694
57.944
18.843
42.227
41.152
49.882
55.273
10.106
29.779
46.560
24.291
25.235
42.967
48.097
30.220
12.326
41.578
8.397
48.846
58.726
4.855
12.530
11.260
37.371
59.892
10.387
16.334
23.526
47.921
19.650
7.228
22.754
60.344
16.667
23.966
52.167
42.823
57.021
59.083
42.169
29.170
48.527
37.128
39.279
49.783
46.449
48.309
35.905
41.832
53.834
20.082
55.285
29.641
12.162
38.534
16.783
9.202
5.000
45.697
26.661
37.945
47.051
54.367
53.127
45.716
56.008
57.720
57.899
57.197
57.455
32.952
9.164
42.683
51.180
53.540
42.546
51.898
37.700
29.233
56.665
14.395
53.105
42.519
58.623
10.608
26.564
57.036
27.398
18.260
19.055
24.843
23.897
25.019
32.086
13.714
41.349
54.145
18.654
11.375
13.287
38.809
38.848
21.616
49.364
23.433
47.562
43.412
57.061
48.394
41.325
55.490
27.673
30.174
19.556
22.227
34.799
17.820
55.654
42.595
35.843
28.703
55.403
25.900
40.682
18.014
45.432
38.579
42.727
23.461
28.797
29.769
38.749
40.925
40.466
29.125
14.768
25.090
40.540
18.313
15.710
23.117
12.611
34.374
39.659
46.945
53.068
39.323
49.605
47.280
60.049
58.318
54.504
52.800
6.108
9.437
11.869
53.173
41.156
52.112
43.545
40.548
28.966
31.903
38.204
48.039
45.467
37.408
40.901
49.529
58.448
13.861
50.398
60.478
59.946
55.865
53.485
13.513
39.637
31.231
58.535
30.331
43.954
14.041
6.104
21.021
60.136
32.215
12.254
20.910
24.153
33.664
7.870
11.342
15.310
10.395
6.011
9.076
34.606
42.891
30.755
18.754
20.581
11.080
18.307
48.149
14.163
13.729
56.052
56.421
52.660
47.728
34.487
20.501
28.821
18.708
58.768
11.356
31.569
55.424
58.334
53.667
61.242
54.636
50.914
20.127
44.460
7.343
52.734
49.785
55.381
56.829
50.720
47.375
57.428
59.143
57.567
53.446
13.428
43.696
48.511
4.584
54.942
50.509
33.664
49.970
56.609
57.895
7.385
43.091
37.020
33.325
40.473
46.443
45.331
36.138
42.644
56.388
25.596
33.621
17.727
48.570
31.492
57.049
48.249
27.511
23.377
18.754
56.575
28.400
44.697
16.243
48.604
22.394
56.598
55.938
53.495
39.177
57.884
42.008
33.920
36.069
50.077
49.920
44.407
44.864
35.012
50.974
45.696
36.715
43.288
41.568
13.342
31.877
47.410
39.687
45.354
10.494
47.955
57.402
49.541
22.913
59.511
18.342
12.802
58.295
59.094
59.484
25.634
59.311
48.964
14.352
46.596
6.349
40.278
33.570
39.826
53.774
9.059
45.185
53.323
56.036
6.914
47.643
6.546
26.272
52.521
16.137
55.304
5.606
47.754
19.974
40.398
27.431
47.760
13.836
10.694
33.011
28.264
50.956
5.009
17.509
8.356
22.654
51.281
55.231
40.960
3.857
44.836
59.225
42.931
56.406
58.604
44.731
27.505
31.234
11.394
57.048
54.778
49.582
16.324
47.966
45.202
53.445
29.939
43.344
18.247
37.202
36.536
23.558
33.396
20.569
50.569
3.531
55.741
50.309
2.728
28.800
50.875
26.305
37.978
49.873
40.845
48.179
26.858
48.447
34.391
13.846
20.917
39.697
55.767
20.351
51.685
38.238
53.829
60.428
37.356
44.189
24.559
59.798
53.344
19.027
52.888
51.416
60.453
55.246
56.070
27.766
51.317
38.239
6.612
51.866
11.949
24.675
54.236
9.556
17.135
22.483
9.629
15.884
13.604
39.164
13.392
42.025
10.050
12.674
26.163
39.135
55.140
52.342
15.459
58.306
53.976
43.231
59.934
15.345
54.686
33.251
20.990
47.291
27.256
44.428
15.682
47.189
19.791
51.652
49.324
39.221
37.770
27.517
41.625
42.093
38.736
48.985
9.052
58.381
51.627
36.637
46.161
10.475
39.359
42.326
52.751
13.720
36.879
57.125
55.592
11.113
54.495
17.849
15.629
51.878
40.507
28.019
41.845
31.631
15.388
57.868
23.547
50.240
29.225
44.153
24.665
34.276
6.517
36.709
53.761
49.495
45.664
11.746
45.594
32.535
10.695
50.614
22.661
18.195
60.267
54.611
28.072
58.132
53.210
44.991
56.972
45.086
42.268
5.979
39.793
7.253
6.334
57.291
50.779
55.803
43.687
56.318
50.157
55.139
17.169
55.067
48.282
22.617
18.790
19.246
17.473
56.585
11.105
7.170
25.761
32.549
24.275
59.619
19.223
49.696
25.156
27.044
9.762
26.272
40.500
41.002
19.425
14.110
58.233
60.246
54.961
18.730
51.524
33.423
6.442
50.461
49.578
18.641
53.307
56.265
44.772
60.294
16.216
33.325
49.625
51.488
58.499
23.080
6.913
52.344
58.178
9.801
19.667
53.443
56.315
46.610
13.541
35.556
30.171
50.093
52.321
9.792
52.105
8.425
5.900
50.683
42.477
42.136
59.031
23.011
58.974
23.439
44.931
51.708
25.870
23.845
32.832
45.969
47.974
49.677
39.008
61.244
55.262
38.596
8.563
53.776
54.266
53.067
1.312
48.390
15.147
27.842
50.451
51.258
38.980
16.374
42.472
41.890
14.091
20.175
53.807
38.284
46.539
49.158
51.958
51.545
59.954
55.306
1.304
53.434
11.497
29.420
55.215
59.456
16.058
59.441
35.581
15.991
54.216
14.790
59.291
25.776
57.907
49.551
34.159
20.948
31.307
49.972
30.827
27.379
26.045
51.902
49.942
52.482
25.905
53.150
59.461
43.091
34.129
35.445
41.931
54.106
14.172
52.320
15.724
15.553
17.312
45.683
10.674
17.960
22.679
9.216
28.842
7.473
37.213
50.894
13.295
9.633
58.233
44.914
15.289
17.065
30.734
44.139
51.900
16.798
24.802
58.573
38.213
45.925
61.439
55.275
53.222
16.546
52.380
42.887
41.688
41.914
60.325
56.259
50.132
55.037
47.954
53.681
46.048
49.462
37.084
23.151
46.790
41.829
5.470
49.343
50.797
26.655
55.287
44.234
56.421
38.729
11.660
53.697
54.149
41.946
16.955
34.233
7.427
50.595
10.486
28.510
40.170
56.069
46.907
11.498
21.806
27.268
33.659
34.683
51.294
59.079
51.285
58.729
46.189
27.427
42.308
50.370
50.341
59.933
15.908
23.233
45.556
17.486
55.666
48.522
38.635
48.025
54.339
51.646
43.675
41.089
57.573
24.265
45.851
46.959
54.604
15.683
50.570
48.038
12.073
32.982
28.517
17.639
20.366
13.786
45.600
15.131
20.292
53.224
46.254
35.257
19.032
51.353
48.840
50.037
54.887
40.270
45.598
48.192
42.558
47.423
46.687
11.456
52.390
52.639
5.158
53.185
27.818
55.069
55.854
21.812
9.062
41.432
36.787
9.852
52.513
41.812
15.663
5.459
44.926
57.388
10.496
34.127
44.771
42.284
43.898
16.208
38.160
27.012
19.328
59.451
14.145
10.387
52.940
9.522
43.607
50.468
49.891
39.461
38.772
55.596
50.923
39.846
11.520
5.387
58.617
51.543
16.933
36.544
59.504
16.294
48.886
57.358
59.802
12.795
12.177
29.483
24.277
49.355
44.435
58.863
28.749
32.089
33.342
48.406
48.491
37.097
16.335
46.326
54.900
14.452
46.822
50.947
28.703
48.582
8.824
36.838
23.462
57.525
57.171
60.265
12.481
46.904
32.948
23.527
19.013
47.525
45.910
23.309
47.437
57.328
44.338
56.126
53.520
53.150
29.218
30.052
49.964
40.591
29.236
54.289
45.553
54.968
39.479
32.520
53.625
17.700
48.738
16.701
53.605
35.005
57.810
57.910
40.398
45.830
11.609
41.384
50.179
35.498
19.399
46.630
50.520
34.104
41.446
43.791
40.958
48.991
49.151
11.556
54.049
47.056
49.652
23.950
41.740
8.722
11.484
51.499
33.249
8.551
43.042
6.996
36.351
7.710
39.743
49.048
53.388
60.043
29.166
26.059
50.028
48.579
50.621
41.837
53.404
58.287
44.020
55.789
55.687
54.805
32.114
54.990
51.947
45.981
9.890
19.702
22.758
60.227
35.077
12.461
50.854
51.706
25.130
44.965
12.056
37.122
56.666
49.468
46.496
33.509
49.395
31.530
45.364
19.273
37.426
34.306
49.129
38.925
30.388
45.222
21.695
39.698
40.574
40.281
54.806
52.025
59.027
59.975
26.532
51.243
28.712
9.386
7.002
45.469
59.792
32.881
56.114
10.566
50.791
43.074
49.577
2.528
6.896
53.393
33.696
20.813
5.485
30.340
58.495
21.801
50.257
5.534
57.322
53.390
17.165
17.675
7.429
58.709
52.229
51.145
43.824
53.611
13.898
55.487
19.050
57.845
46.034
10.016
22.631
43.653
40.506
40.786
47.844
40.862
31.463
27.896
45.126
49.340
24.053
32.943
52.118
48.994
43.770
13.523
24.439
19.711
24.866
38.644
30.375
34.507
25.897
42.415
40.390
43.610
38.889
29.608
49.623
3.914
15.375
19.935
24.668
34.539
47.439
21.240
42.109
56.354
15.247
52.535
57.826
46.599
56.905
60.439
52.292
22.413
50.039
41.473
54.901
34.653
31.796
53.685
59.332
30.334
50.371
6.262
8.981
20.433
10.614
29.767
50.744
35.631
38.396
50.364
9.132
33.343
54.325
51.296
8.568
24.344
46.660
35.294
38.973
51.314
25.453
9.501
18.307
9.664
48.189
14.383
54.965
21.162
42.032
11.986
38.888
34.003
43.618
11.034
44.701
34.507
48.341
19.525
54.600
16.751
12.306
31.488
41.363
56.611
25.339
53.490
15.616
17.055
55.165
57.852
56.349
32.942
49.373
20.937
13.523
15.198
5.981
9.012
29.431
59.664
59.202
56.595
41.539
51.548
37.255
40.464
38.098
33.417
2.770
14.124
25.391
21.001
34.148
49.785
25.513
56.640
20.581
18.580
29.633
41.439
23.767
49.059
41.501
48.856
45.602
58.862
51.092
44.958
48.083
45.931
51.651
52.889
16.867
10.930
33.651
13.865
7.541
12.753
17.267
11.201
44.088
12.678
52.460
18.218
14.332
19.002
26.115
22.447
43.888
4.966
17.460
4.485
43.495
55.392
49.007
28.385
53.569
60.844
55.095
51.952
48.290
52.859
36.022
59.439
34.209
56.034
51.908
53.839
56.922
54.889
22.982
43.305
39.823
49.685
56.570
33.075
15.188
16.328
29.111
54.501
9.082
10.188
34.447
15.926
13.459
47.645
50.941
9.107
13.908
44.912
17.250
24.614
27.158
56.550
51.421
50.252
34.583
27.903
7.149
47.361
51.953
29.359
25.511
53.359
34.073
7.146
20.550
52.657
29.884
57.112
42.011
55.694
56.865
55.833
52.408
47.431
53.420
24.934
17.041
50.837
55.659
55.878
14.602
30.576
47.732
11.702
54.277
10.027
10.400
52.277
16.015
42.728
46.439
52.691
18.896
55.970
25.531
20.465
34.173
23.433
39.619
56.184
42.430
51.337
41.788
55.336
48.360
44.884
44.832
44.635
23.008
3.844
33.497
5.991
39.147
41.499
30.728
21.560
17.933
37.960
8.399
20.178
46.495
49.401
16.754
26.500
54.715
59.633
49.141
16.952
21.766
40.443
46.782
48.644
55.514
39.582
42.329
42.560
13.806
53.542
49.575
46.406
50.703
47.814
44.126
44.452
33.238
18.416
45.075
23.970
16.769
59.717
43.562
61.361
11.512
20.446
12.973
31.533
38.529
55.459
25.608
12.121
27.520
55.120
50.835
49.144
59.819
38.975
54.612
9.806
27.145
42.370
33.421
41.614
18.778
13.903
27.890
21.792
59.229
44.949
34.975
23.586
20.085
45.968
19.732
14.763
17.620
51.353
14.242
42.924
19.535
44.811
10.458
36.306
5.784
39.678
22.266
29.305
58.795
59.644
20.947
35.655
56.262
15.560
41.230
43.672
52.613
61.093
26.684
44.811
11.340
43.591
52.245
59.103
16.484
32.800
52.071
35.418
54.145
22.950
29.531
16.620
47.393
15.244
46.368
45.709
36.609
46.303
46.908
5.260
41.866
37.233
58.045
38.426
58.105
48.090
4.648
49.601
51.283
57.329
53.397
33.446
43.243
36.971
57.422
57.154
46.716
39.820
51.422
9.848
15.005
36.966
14.168
21.790
27.791
11.439
13.437
44.804
51.580
33.612
38.904
34.848
38.085
15.885
21.659
19.490
47.002
52.028
23.044
54.988
38.122
52.642
46.279
38.521
31.396
49.063
47.105
47.289
15.502
14.645
22.507
50.745
19.153
20.286
28.421
30.432
28.926
51.416
26.301
10.518
36.238
2.684
53.428
5.675
52.944
57.764
13.508
23.407
13.432
7.074
17.204
29.425
54.042
43.441
28.529
18.059
24.301
21.961
44.281
45.495
39.408
27.302
22.809
18.336
10.352
27.272
51.978
29.999
51.459
36.822
34.796
42.290
59.998
26.327
31.720
59.842
44.068
51.819
59.422
43.019
14.865
37.241
34.119
56.203
46.601
46.793
31.882
46.029
46.111
39.907
38.388
42.803
36.656
7.445
48.059
21.312
42.494
7.962
40.572
44.249
17.253
33.069
55.440
32.664
14.377
27.829
23.803
10.037
14.995
9.559
15.755
4.492
40.562
15.806
23.712
38.560
32.813
39.464
48.663
40.149
16.580
42.881
57.691
48.403
45.265
41.616
43.271
28.310
38.561
31.459
47.356
46.529
30.933
27.838
56.206
58.491
59.583
56.035
31.230
49.425
48.045
52.432
52.221
39.532
46.673
51.829
13.891
47.622
32.392
6.931
37.350
35.842
5.703
25.590
15.857
14.825
26.776
16.002
53.806
58.104
50.860
22.779
47.605
37.342
20.983
35.352
54.644
21.445
46.007
50.840
53.457
47.014
44.203
18.778
44.484
49.462
25.350
19.842
26.218
24.402
54.532
38.393
36.877
57.912
54.601
56.933
46.036
56.932
25.318
51.178
46.887
34.130
24.907
50.971
25.196
33.869
35.278
23.173
23.365
13.675
48.041
30.803
28.820
33.830
28.615
17.491
57.653
43.475
51.661
44.203
39.222
23.687
38.372
8.331
25.911
45.190
48.149
41.868
32.437
46.307
24.482
45.728
51.078
35.595
41.906
21.270
4.478
48.346
54.236
41.828
55.399
6.231
52.134
55.704
12.028
44.975
52.313
1.960
4.681
51.270
36.411
20.666
33.697
34.011
57.879
9.005
21.857
53.929
55.248
53.392
29.217
20.119
54.309
59.101
55.846
29.139
23.489
32.747
39.340
59.620
53.312
18.764
34.249
29.362
60.138
26.131
52.405
22.045
19.969
48.789
37.249
34.224
25.528
36.257
17.350
54.896
27.193
25.654
46.714
34.058
20.078
40.196
53.831
7.590
26.421
13.690
21.107
45.929
57.625
28.514
40.230
6.464
52.787
55.100
51.085
49.835
11.957
3.205
43.553
30.448
23.145
45.080
43.228
58.890
59.664
47.653
49.931
42.295
40.820
39.235
28.064
43.981
9.926
45.253
38.569
51.890
56.133
49.825
45.530
6.239
8.980
18.101
20.668
13.961
58.320
26.264
55.574
15.840
58.443
39.246
10.874
28.648
23.868
22.386
26.406
10.742
19.266
35.947
24.175
37.058
47.028
32.259
57.153
49.704
52.597
52.909
38.203
43.336
56.097
43.556
29.284
37.323
58.149
6.781
20.493
33.055
25.308
58.518
49.560
53.071
8.077
41.965
51.716
34.593
58.015
57.976
58.848
53.967
53.879
7.983
9.264
11.794
11.689
14.364
48.826
30.329
52.914
29.926
49.319
48.974
54.958
46.030
26.391
34.323
43.133
39.304
50.825
9.170
59.124
26.834
30.896
29.356
42.344
41.921
34.964
20.165
45.713
20.199
44.103
48.943
45.761
52.769
32.546
10.962
15.730
44.460
21.769
16.051
40.022
33.486
41.906
46.492
57.644
16.755
21.308
37.841
45.670
55.461
37.021
50.393
43.548
57.523
42.862
26.026
54.286
10.138
18.918
19.502
9.513
15.019
35.706
38.792
31.159
36.805
42.161
16.661
32.008
18.301
19.718
13.308
4.850
12.676
8.785
47.589
18.146
43.772
18.945
39.594
15.392
32.987
46.686
18.226
55.151
35.684
55.865
38.248
48.573
43.855
29.188
34.698
35.504
55.072
16.894
15.350
38.698
58.206
23.444
25.698
43.771
37.973
59.669
58.418
27.213
59.662
7.221
12.229
32.769
44.935
16.053
53.535
54.260
48.869
59.014
14.842
20.961
8.726
43.485
56.137
53.594
56.674
59.284
17.917
18.685
11.738
35.268
50.544
50.836
7.923
22.972
19.501
55.167
4.843
52.435
42.891
20.584
53.961
37.140
59.973
19.064
46.962
26.622
45.753
19.924
26.428
33.069
57.925
58.184
36.077
41.419
33.705
39.493
34.100
39.990
56.598
55.741
11.924
28.879
23.671
17.639
40.191
54.901
23.140
32.434
34.814
46.012
38.613
5.559
25.262
42.598
31.009
48.158
51.263
41.605
41.501
39.190
34.963
34.487
34.608
28.362
35.553
9.177
42.239
37.009
52.729
57.688
59.083
44.039
56.828
58.992
43.406
52.773
30.997
50.614
60.599
27.091
38.854
30.858
38.533
24.130
18.560
30.962
9.387
10.523
44.219
53.043
60.187
51.145
43.074
40.118
44.534
35.803
39.402
45.158
52.480
34.545
53.280
45.011
41.677
17.181
35.411
19.934
46.614
53.070
55.978
32.307
47.329
47.139
52.582
17.189
14.904
43.154
53.278
20.183
57.333
14.849
58.387
25.575
21.770
49.164
53.884
18.894
43.733
23.861
28.394
33.781
24.735
28.213
42.007
45.518
20.006
7.577
11.639
11.539
13.565
12.033
13.396
15.336
5.040
7.651
41.359
15.479
8.486
24.894
41.166
51.982
50.119
44.457
53.589
16.676
44.784
49.236
49.779
58.024
52.538
36.952
55.252
61.292
59.595
33.592
40.530
54.137
9.945
56.367
35.777
16.448
49.967
44.984
13.028
29.371
26.644
28.130
47.506
46.326
56.748
58.459
27.636
24.503
49.805
48.698
55.833
46.671
42.969
38.347
4.040
7.287
50.569
23.823
40.467
42.623
19.212
32.509
21.281
21.864
30.047
37.093
40.504
25.217
42.411
45.217
8.350
14.649
37.500
47.184
47.591
41.521
43.350
57.732
45.962
2.601
40.329
43.811
34.705
23.273
32.035
44.602
40.415
35.096
41.562
31.956
38.268
8.881
29.164
49.883
46.351
6.151
53.273
52.958
31.072
9.909
50.923
39.821
42.898
15.298
47.639
21.346
43.575
54.376
47.984
24.454
50.099
7.326
54.351
25.083
14.111
10.958
41.948
18.624
49.045
7.111
26.769
39.282
54.584
45.164
50.767
41.754
55.795
50.859
38.440
49.142
45.255
43.067
10.276
53.994
48.526
42.428
47.753
44.087
60.414
36.344
25.702
32.595
54.832
26.913
40.597
36.244
14.412
52.993
42.908
43.886
42.585
44.641
36.943
30.723
50.348
14.899
13.287
10.207
16.351
17.340
18.496
12.575
8.150
17.492
45.667
16.056
9.871
23.415
15.977
57.677
7.300
39.719
24.218
51.301
51.097
32.316
17.410
15.245
50.862
51.619
13.393
51.162
13.930
42.842
42.897
60.158
45.537
11.253
42.816
54.125
45.831
43.263
54.658
21.888
45.739
52.047
36.852
19.692
39.196
39.249
26.121
46.522
49.099
26.953
25.393
41.180
48.906
16.256
44.034
53.958
28.040
50.302
41.476
16.843
14.480
29.546
24.338
38.948
51.077
49.295
41.504
15.846
26.280
18.349
21.478
52.218
43.667
38.343
46.564
40.976
13.675
39.817
56.103
57.918
30.032
58.267
16.588
32.792
17.565
42.143
12.246
58.425
40.624
56.792
32.476
10.894
58.303
42.895
11.605
45.939
13.714
12.251
13.744
13.380
44.487
49.043
3.398
51.718
53.479
57.851
11.742
5.552
43.930
55.884
24.289
53.969
53.914
8.604
53.134
3.788
51.398
10.384
3.928
53.496
8.814
7.838
9.054
13.943
26.480
20.724
29.606
29.831
4.314
25.352
58.371
18.115
22.244
27.448
54.925
41.237
45.826
38.745
8.319
47.046
53.123
36.755
18.734
31.034
44.627
46.377
49.438
29.652
47.276
32.852
38.367
23.419
31.892
15.149
25.024
19.486
41.648
41.625
47.244
59.147
59.632
22.588
19.396
51.591
50.531
58.945
49.902
27.125
24.042
56.267
55.352
20.880
20.168
29.338
35.024
52.583
31.706
17.367
57.018
46.021
17.523
45.354
12.015
55.214
38.310
11.894
46.756
42.242
44.019
48.236
50.798
47.171
59.174
42.732
14.552
48.775
46.918
53.746
39.454
52.741
14.604
47.727
59.335
18.906
53.979
57.617
23.325
33.369
46.956
16.550
5.465
55.829
45.383
49.243
45.705
32.237
32.246
26.965
58.492
28.797
52.512
8.614
10.952
60.861
55.221
49.120
50.965
9.559
14.321
20.180
41.145
50.238
58.264
34.531
38.302
24.648
57.972
59.198
24.297
37.245
53.723
45.662
49.317
55.386
48.459
51.616
29.408
38.630
54.714
38.464
45.512
58.318
53.718
50.042
56.324
50.679
55.757
54.715
8.541
51.007
21.352
6.242
8.166
53.005
43.988
24.090
14.690
52.112
32.789
33.117
18.911
15.005
39.525
43.530
56.310
29.323
21.376
36.109
20.128
9.330
14.632
16.612
11.965
33.953
18.264
36.270
15.124
8.846
17.102
55.586
38.163
29.890
55.747
10.722
41.858
8.198
40.727
16.303
19.722
39.182
8.681
43.452
42.402
59.337
36.209
25.849
47.176
56.913
46.190
57.042
45.222
51.078
19.987
46.458
14.199
4.318
32.619
59.334
49.133
43.029
16.256
48.650
1.919
46.506
39.632
33.251
36.207
36.840
41.717
16.692
23.690
5.935
47.037
52.276
37.653
54.429
28.739
9.475
50.971
43.609
61.176
15.272
16.817
13.594
36.591
53.297
50.397
57.306
15.152
41.867
25.754
39.735
43.811
9.169
53.755
58.250
27.567
50.940
20.657
29.582
21.638
16.721
35.580
20.864
31.958
16.922
30.238
15.798
25.187
10.085
8.949
16.395
12.366
10.886
14.763
58.222
52.075
52.827
16.754
6.714
19.404
14.048
24.643
14.524
20.970
9.206
7.941
59.291
38.297
58.740
26.294
19.051
57.321
42.259
47.558
15.628
43.036
13.390
37.427
22.351
53.343
56.733
19.794
53.247
52.371
41.382
6.293
56.650
17.066
50.720
45.631
54.238
16.144
12.386
3.855
6.567
6.114
41.705
56.069
48.896
12.479
12.255
34.244
51.066
35.308
38.624
42.380
34.519
20.559
25.493
32.715
45.415
8.075
39.027
47.605
50.063
53.762
28.678
6.549
9.200
12.799
56.689
7.182
42.029
13.029
42.730
10.174
49.067
2.844
12.020
58.133
35.447
51.195
38.716
49.649
58.117
57.399
24.719
19.193
5.937
9.256
17.964
30.590
14.497
17.151
18.300
31.772
35.633
35.631
23.011
7.765
52.092
43.689
40.184
47.239
45.276
56.097
52.678
53.393
8.408
31.312
38.197
10.815
57.144
14.792
46.432
32.041
12.757
13.434
43.413
8.160
42.286
36.085
12.145
9.867
50.363
48.664
35.219
29.225
10.064
37.411
24.950
9.797
36.264
37.234
38.340
27.477
55.165
20.245
42.854
23.694
29.871
38.530
49.935
31.798
49.068
46.401
48.524
31.551
40.662
29.450
53.686
49.998
50.745
19.636
42.276
22.590
44.113
53.831
9.494
11.718
51.863
12.600
11.419
9.949
10.563
23.770
7.210
56.971
15.301
11.762
53.486
26.927
58.770
27.578
58.548
10.200
54.935
45.979
59.190
56.612
50.618
14.969
35.133
35.952
54.417
47.232
28.044
41.979
21.459
42.900
55.064
15.745
54.855
42.762
52.459
40.880
47.205
21.728
50.351
41.104
27.976
59.523
17.845
34.238
56.549
49.625
58.499
4.122
3.914
59.052
55.531
25.869
59.544
20.303
47.509
22.464
21.346
27.011
38.755
33.267
13.700
43.255
27.324
57.396
44.383
43.112
58.131
42.725
16.368
10.981
30.871
55.261
19.810
52.572
51.011
31.853
39.927
36.648
31.542
41.288
25.948
36.018
26.898
54.809
52.285
37.817
20.326
42.255
27.669
34.806
53.039
24.843
44.813
20.105
17.556
37.673
24.840
55.791
23.095
30.274
9.181
50.590
25.214
24.889
54.472
49.003
15.062
49.611
42.849
14.392
21.226
10.726
20.994
58.437
43.718
22.792
15.629
18.346
34.433
28.549
56.297
41.359
40.942
51.995
20.804
32.844
52.070
21.581
31.870
44.054
34.096
50.573
48.158
49.019
38.214
36.026
31.866
48.929
28.527
19.250
30.933
44.296
3.846
52.247
55.652
56.706
40.928
8.479
11.888
58.576
33.913
13.358
50.043
31.008
57.872
15.518
29.312
45.236
15.760
52.143
50.484
33.902
59.934
13.486
45.161
41.788
58.685
55.491
29.562
21.165
10.265
51.589
9.653
4.117
26.153
55.855
51.175
5.962
42.287
53.502
51.134
12.665
59.530
38.804
49.550
55.178
54.997
50.107
35.421
41.537
43.618
25.551
29.546
54.089
42.429
16.911
42.240
60.327
56.223
56.431
51.574
6.066
31.494
57.984
43.886
54.272
56.534
39.323
25.899
26.369
17.315
55.925
53.952
60.618
48.482
57.485
46.841
26.768
47.250
29.907
47.017
48.092
41.728
31.941
18.052
19.714
31.878
16.110
12.275
14.627
41.833
4.654
58.383
19.248
58.916
26.636
45.550
46.319
13.011
8.765
8.578
53.281
16.622
56.330
55.282
18.316
10.086
11.853
13.224
55.528
51.210
50.719
17.077
46.741
50.372
42.070
43.789
45.468
16.244
42.962
37.411
46.196
50.890
56.733
49.564
27.093
52.429
49.730
16.561
9.059
12.150
6.328
13.133
12.444
55.096
48.051
38.809
51.828
46.543
50.576
56.963
53.229
58.282
22.007
48.005
49.928
48.456
56.614
53.310
50.897
51.122
50.638
55.230
37.319
14.433
51.187
59.540
55.509
44.907
46.477
54.979
45.404
6.591
52.265
59.494
53.523
24.304
49.912
48.589
40.462
15.577
11.699
56.312
36.699
57.174
44.320
22.417
45.556
6.635
59.527
10.557
47.358
52.081
54.607
55.442
48.406
58.723
53.736
59.462
52.299
55.509
27.920
19.311
59.654
16.933
19.748
43.796
10.929
8.272
52.964
59.859
42.726
37.037
53.945
49.475
52.935
45.953
39.153
26.779
15.163
10.150
12.503
13.066
17.246
11.425
61.120
56.016
56.079
52.800
15.662
54.871
41.041
52.076
47.301
21.757
17.959
44.384
8.525
8.049
16.351
56.541
48.839
44.798
30.805
23.613
33.570
13.086
14.543
10.878
38.919
44.475
48.533
55.111
24.308
56.829
19.102
54.733
35.371
55.406
49.127
52.271
49.202
52.363
54.593
44.549
23.115
13.416
15.481
12.487
11.037
55.821
51.693
32.153
21.790
31.616
31.295
43.234
45.113
23.340
7.576
12.282
35.085
58.185
34.283
45.113
53.569
45.129
57.764
46.019
20.966
51.168
56.204
39.407
18.188
41.435
57.399
56.387
46.794
40.156
55.896
35.733
57.080
52.886
27.162
17.035
53.907
51.954
9.636
39.050
6.381
3.376
22.499
34.632
22.639
27.568
35.613
10.395
8.201
20.259
15.408
53.603
33.766
34.925
45.901
38.419
38.494
25.175
55.587
16.658
19.437
43.799
34.984
38.130
50.853
21.388
26.715
51.600
36.562
13.237
57.437
57.233
55.767
33.812
52.575
53.045
10.073
19.219
22.868
6.420
29.458
15.600
16.887
5.342
12.280
16.776
8.034
15.868
39.449
29.848
16.033
21.807
24.792
30.924
34.039
29.064
17.905
47.780
9.216
7.499
31.186
47.507
23.652
22.466
53.998
33.702
57.597
55.927
23.154
12.007
1.974
36.897
23.891
22.982
25.797
31.847
53.265
47.236
13.085
36.010
39.285
56.391
1.614
51.629
57.110
48.949
34.872
55.779
49.519
37.325
46.043
53.272
7.366
15.349
49.482
31.243
26.196
43.786
60.117
51.978
52.580
56.145
26.840
31.687
57.303
32.622
32.590
24.104
23.672
55.083
45.347
25.152
54.851
47.718
2.678
6.438
22.192
51.565
33.314
10.070
13.770
20.259
10.945
38.374
23.617
48.125
35.194
16.230
15.947
21.612
25.610
44.808
20.819
33.803
56.053
38.909
51.682
57.593
36.913
45.472
51.537
52.497
51.568
56.501
54.936
46.948
17.354
54.890
57.108
48.825
48.162
53.801
20.079
20.265
48.011
39.061
51.534
29.707
53.410
12.854
13.596
16.218
47.932
15.866
35.953
25.393
18.420
25.569
30.519
32.146
57.037
47.963
59.338
55.825
60.587
53.107
42.264
24.272
11.383
10.006
10.807
17.428
55.011
35.263
61.670
53.575
47.411
54.837
26.122
25.240
35.409
53.932
14.025
16.063
17.959
44.760
40.409
35.743
16.143
34.327
39.417
32.887
22.309
53.506
47.237
39.141
37.679
56.766
7.764
26.916
38.533
33.545
42.146
46.381
58.092
23.906
52.530
55.958
53.787
18.276
59.065
12.464
31.823
4.908
53.665
57.531
15.948
8.770
8.400
25.638
45.717
55.255
54.185
48.980
48.434
52.459
37.124
43.743
54.378
59.115
41.972
52.861
33.821
40.994
42.695
48.283
50.484
18.661
48.920
28.039
35.706
25.242
54.926
17.549
21.506
15.059
44.881
41.882
56.672
36.109
58.040
51.071
47.013
52.509
53.258
28.416
57.545
35.360
48.070
53.958
41.492
53.119
14.502
56.703
54.903
49.798
17.122
8.935
53.495
48.921
54.083
43.038
32.245
25.075
43.630
42.164
58.949
55.207
50.766
50.512
49.511
57.982
59.921
53.194
59.585
32.632
34.544
52.650
22.032
55.459
31.962
22.035
50.267
55.172
7.711
13.171
16.519
8.089
16.985
14.503
11.264
4.048
32.718
36.513
39.669
52.032
44.180
37.205
46.574
57.953
42.286
36.912
58.403
9.088
49.755
53.712
50.659
27.236
24.068
56.117
51.732
39.953
40.967
59.956
44.186
39.542
51.991
49.297
39.282
36.010
45.230
43.503
38.664
35.594
22.398
18.527
8.474
15.432
33.875
17.136
43.043
40.657
14.303
21.032
49.402
17.697
21.146
49.464
47.614
13.464
19.415
18.866
58.794
15.215
58.278
24.942
10.438
40.430
39.437
43.669
47.557
32.190
49.151
28.869
57.973
55.470
47.160
15.956
43.182
60.566
55.832
28.408
30.015
35.970
42.704
33.464
28.414
48.061
49.019
52.600
19.906
19.411
15.292
47.554
54.869
29.888
46.688
42.928
39.440
23.838
52.019
15.582
13.654
26.711
54.225
5.923
43.863
46.723
46.647
48.452
53.289
51.521
58.869
35.425
39.408
46.313
9.087
28.967
15.925
28.784
21.502
22.032
38.464
39.010
33.667
46.332
52.323
23.345
47.492
52.681
41.006
36.572
56.709
56.752
12.926
27.659
22.307
57.562
39.203
31.483
14.073
14.160
44.465
3.195
45.400
55.834
29.343
28.697
11.171
49.256
13.759
16.173
49.982
27.927
12.034
55.035
53.967
57.581
58.649
12.679
42.568
57.616
43.696
59.155
32.073
39.614
18.511
25.872
22.340
38.951
19.244
28.352
23.008
9.127
49.811
21.823
42.380
27.547
60.541
56.538
55.389
33.724
48.759
55.500
40.328
14.946
19.876
13.844
9.696
32.428
41.725
5.324
60.751
55.310
26.219
52.330
17.321
31.817
33.795
8.822
45.217
11.326
33.107
10.828
10.014
32.467
13.123
19.061
52.265
39.239
29.887
23.127
60.708
55.507
46.971
22.385
56.434
23.910
23.875
49.307
31.291
47.366
20.829
46.835
54.687
14.255
18.627
51.078
46.151
13.901
21.299
5.018
36.575
18.200
17.216
52.294
48.198
13.028
46.946
22.415
46.531
14.508
48.622
39.506
27.539
32.379
48.706
27.899
34.645
41.344
46.333
36.162
58.900
47.323
55.701
50.368
29.494
21.128
23.650
16.047
54.338
57.446
31.495
16.979
11.432
29.972
13.888
21.071
18.913
3.734
18.929
31.907
21.772
37.421
19.381
37.883
47.054
3.855
24.963
27.229
11.852
59.984
24.778
25.661
54.594
25.510
58.916
10.631
44.137
30.645
53.799
24.898
21.377
39.695
16.636
13.026
11.682
55.805
55.782
46.359
43.077
22.388
42.335
40.222
43.778
46.496
17.332
30.944
44.231
12.344
42.032
19.191
37.847
17.995
9.727
18.939
57.187
51.984
28.913
52.713
54.301
27.891
36.084
47.782
23.947
6.406
25.725
37.368
17.682
14.239
51.662
19.522
57.654
50.081
44.030
52.141
28.072
27.472
48.606
25.480
8.514
30.200
16.895
30.173
56.790
54.124
31.232
61.598
58.392
46.278
24.482
54.638
51.908
57.302
37.248
22.687
35.449
4.658
37.812
26.985
13.283
24.386
46.089
20.327
56.263
29.301
44.814
51.306
46.584
47.927
52.716
29.203
26.323
8.163
36.098
4.350
16.835
9.685
16.431
10.992
25.949
17.681
47.462
57.508
18.731
25.778
57.850
58.030
47.918
55.839
38.575
41.238
19.363
18.437
7.856
44.982
34.441
18.330
43.230
48.780
37.702
8.582
16.781
42.492
45.792
44.534
35.141
37.648
17.674
41.501
22.835
51.041
29.034
24.092
11.863
18.837
56.764
18.685
49.804
19.490
33.791
37.261
53.903
21.525
57.553
30.706
40.791
12.021
29.353
34.292
41.420
38.876
35.484
28.579
47.118
41.933
36.031
26.929
39.917
26.222
26.981
30.281
37.276
49.559
20.180
15.509
13.059
12.485
48.623
40.947
55.643
15.350
8.707
47.708
56.317
28.105
8.778
52.324
53.410
55.730
50.608
30.731
52.060
34.699
50.422
42.129
60.510
17.882
50.538
50.229
9.243
45.982
11.473
55.705
50.755
49.468
13.896
47.216
14.791
43.395
22.408
40.694
37.517
24.745
59.248
52.050
41.124
31.938
37.737
27.551
59.741
27.814
55.838
12.602
13.268
33.222
36.514
45.257
38.157
53.185
24.767
14.292
8.393
38.500
44.571
49.412
57.567
42.660
17.793
55.523
58.276
18.164
34.693
45.305
18.562
32.641
29.769
26.455
27.127
44.783
44.642
29.437
20.275
29.383
53.025
57.522
58.285
57.851
38.030
27.653
42.108
31.089
49.340
41.860
42.986
41.622
39.683
36.250
17.271
42.236
52.842
55.357
30.768
31.794
37.100
31.447
50.622
46.095
28.539
29.767
13.458
39.030
29.253
25.222
45.047
31.849
14.330
56.895
9.748
37.779
46.706
20.160
39.394
44.707
28.855
13.981
20.720
13.870
24.309
49.549
46.206
4.387
10.235
8.590
21.081
41.571
57.810
58.614
41.675
33.226
32.758
13.953
26.959
48.881
49.187
40.235
46.694
49.483
53.736
54.423
55.978
2.581
25.080
58.955
57.677
7.089
24.487
41.821
31.264
54.326
58.390
11.581
45.968
16.357
36.531
35.176
7.599
52.437
45.238
17.324
22.946
18.784
19.815
19.038
36.455
32.390
7.928
47.489
19.099
35.279
11.377
9.481
18.454
21.680
55.604
44.060
20.394
33.729
6.741
39.476
21.019
37.147
7.071
57.855
48.733
57.820
18.450
50.226
25.583
40.922
33.251
52.364
39.601
57.481
45.905
39.650
15.553
43.231
27.771
16.269
32.394
6.356
10.403
57.117
15.522
37.681
27.563
9.723
49.394
42.314
13.889
43.659
52.718
33.705
36.342
22.880
20.201
49.035
20.903
18.057
15.937
11.771
40.056
22.578
22.613
32.240
37.103
28.165
35.144
39.949
23.309
6.734
52.251
40.316
15.729
54.916
57.460
56.862
47.896
56.382
55.101
50.810
51.875
45.656
9.933
59.312
50.501
49.219
40.206
21.959
17.603
41.013
55.396
14.075
26.486
51.934
27.227
42.549
43.298
17.626
6.415
28.534
15.452
15.083
17.096
27.185
38.439
34.172
37.641
13.172
55.656
53.067
7.567
20.595
39.415
26.543
26.526
41.507
36.269
25.041
25.297
16.115
48.289
41.374
18.905
21.626
30.140
34.696
24.295
49.961
51.486
45.698
57.928
24.309
37.629
26.077
21.995
40.970
56.517
51.857
49.037
51.933
47.590
7.482
40.770
50.881
8.611
26.685
33.175
56.673
54.238
58.699
37.506
40.810
52.568
47.050
31.782
39.740
49.144
51.710
39.933
34.848
11.918
54.420
56.350
49.576
56.869
35.442
14.314
12.138
7.062
12.731
39.840
25.891
36.964
51.404
51.673
34.227
20.970
30.669
45.699
52.363
50.065
40.216
35.082
48.995
22.397
28.062
25.295
39.660
56.696
39.449
16.064
22.745
42.940
40.149
40.219
45.168
33.659
53.397
16.063
51.720
42.046
57.098
2.462
54.989
46.076
3.842
30.857
13.868
13.917
43.406
20.461
30.361
19.281
25.970
29.192
19.550
18.474
55.607
45.360
19.689
12.701
45.562
39.471
46.277
60.417
57.204
59.609
50.851
53.179
42.640
44.789
47.522
15.506
44.472
48.588
7.143
46.080
40.121
54.916
53.324
19.302
39.722
30.003
58.387
45.123
44.883
7.578
46.564
12.011
15.126
53.933
47.279
16.773
44.504
9.934
18.989
36.662
26.630
8.356
16.007
23.084
21.713
12.983
42.513
16.955
51.620
29.471
20.600
46.525
11.262
49.152
52.204
49.790
54.441
43.928
41.840
16.010
22.941
51.106
47.493
46.287
15.762
44.293
23.316
9.929
19.621
39.796
9.180
30.688
37.882
58.023
38.454
49.169
8.300
56.760
55.541
53.668
40.906
32.350
44.360
52.488
45.607
18.378
55.965
31.755
24.574
32.993
33.567
27.711
55.939
10.452
43.051
26.418
26.866
58.704
24.076
24.857
35.572
6.092
56.618
41.325
42.751
42.137
12.533
57.137
10.346
47.278
43.777
6.754
11.751
15.035
50.519
34.189
54.027
54.938
57.908
55.696
53.404
46.854
60.971
57.967
16.852
25.225
46.759
54.608
47.892
60.873
32.818
37.838
58.336
41.596
28.425
16.950
46.445
16.401
51.782
19.220
37.437
8.920
58.583
15.791
36.538
32.358
56.237
27.827
32.141
48.917
37.190
36.278
37.008
26.453
51.865
31.439
48.847
49.691
41.111
45.746
44.978
48.047
51.744
19.619
56.279
32.547
25.150
17.528
5.609
14.218
18.172
15.526
28.885
25.007
49.949
51.526
13.078
34.676
43.211
12.691
58.428
14.094
38.953
4.595
44.342
54.094
51.005
52.800
47.740
12.274
49.842
54.662
45.741
58.459
59.223
45.625
16.737
59.749
9.399
61.390
17.806
51.811
19.749
28.591
12.903
21.017
11.606
9.690
17.074
25.287
54.542
47.693
37.899
55.673
34.627
45.474
56.993
58.300
37.704
42.461
29.850
28.412
41.817
5.647
49.110
54.345
8.118
21.104
54.577
34.220
54.496
37.006
17.226
26.650
21.632
17.568
50.720
46.509
35.884
46.462
11.120
9.190
41.578
52.800
56.752
37.573
43.328
25.877
34.901
36.211
23.791
46.967
54.028
55.039
38.541
39.052
45.772
46.089
32.330
36.993
23.895
32.462
56.191
14.941
39.439
36.464
48.654
8.670
49.542
42.560
11.223
22.388
15.599
12.421
7.647
18.044
25.369
26.898
59.103
46.365
26.239
46.057
21.708
41.799
45.004
36.465
22.871
53.053
57.581
26.393
51.467
56.701
35.293
17.505
29.231
18.080
40.956
30.186
44.059
16.684
47.727
26.060
10.672
38.625
30.704
31.087
29.838
43.524
34.407
42.894
22.884
38.453
15.020
23.371
55.606
22.052
30.739
39.778
27.062
48.873
32.038
49.859
35.755
21.634
38.441
16.412
52.891
38.529
20.761
45.772
6.454
14.858
52.672
6.004
55.793
53.648
16.588
24.135
10.684
51.723
48.055
46.330
52.497
33.336
28.982
47.509
43.049
48.019
58.738
54.948
26.902
8.019
58.082
30.566
54.322
48.559
55.987
52.993
47.251
54.750
43.936
57.894
13.953
52.500
58.831
57.911
55.565
50.080
46.560
42.123
29.321
33.195
24.000
14.817
44.062
10.580
58.850
18.841
55.926
58.612
59.399
56.096
59.514
46.396
7.974
42.578
49.635
44.169
37.623
37.016
30.859
54.421
52.533
44.325
55.198
37.539
56.653
42.262
55.213
43.217
37.684
57.531
55.441
42.475
30.857
39.655
34.772
47.724
38.602
37.610
37.618
55.951
24.954
20.670
34.611
32.503
50.397
38.377
47.088
44.977
58.522
56.028
30.607
47.122
37.692
52.347
25.959
50.615
57.428
57.333
54.251
48.142
2.903
51.214
7.022
52.488
52.015
34.875
36.373
21.456
7.820
47.863
49.009
47.654
60.079
51.242
41.693
36.021
58.096
51.043
27.391
40.300
27.347
43.264
23.446
46.351
20.615
20.199
57.170
37.569
40.044
30.234
46.825
45.860
37.709
47.373
31.751
36.855
28.306
27.692
38.389
23.698
53.876
51.414
50.237
43.365
43.216
25.265
53.547
56.425
5.515
52.264
6.430
47.666
19.065
44.057
50.017
4.804
12.487
12.646
9.143
15.491
15.761
31.851
12.131
56.962
18.230
35.260
33.728
49.010
46.367
19.110
28.954
14.448
8.285
6.336
52.073
39.301
34.648
29.099
37.293
14.172
11.104
9.490
32.041
48.216
28.199
45.472
23.121
18.359
58.821
37.518
27.561
12.592
48.470
58.407
22.823
19.304
29.788
49.714
59.408
11.379
22.252
44.583
16.406
55.607
11.652
22.443
53.946
44.706
47.124
45.538
35.835
22.553
37.439
58.500
37.263
26.722
15.008
27.003
12.969
14.418
2.282
10.971
41.277
44.509
41.531
37.251
14.277
44.766
38.677
38.149
46.530
45.903
58.008
40.876
35.106
48.982
17.147
10.763
14.445
14.234
49.094
19.290
54.540
48.752
35.477
49.367
19.256
13.835
51.115
45.513
37.196
26.897
13.934
14.694
46.998
19.780
29.681
42.581
33.625
44.773
5.392
48.015
39.237
15.934
14.052
37.277
40.760
39.583
19.684
49.773
17.740
23.759
54.848
20.744
55.071
35.993
23.572
29.208
39.269
38.611
31.600
19.598
51.939
43.946
57.698
33.428
50.152
56.364
37.614
54.429
57.399
55.893
41.820
21.782
52.172
50.983
38.212
44.978
41.058
47.923
35.759
9.349
43.787
58.394
54.692
26.882
46.224
17.313
53.936
37.774
53.092
42.604
52.654
50.006
39.105
55.008
58.470
46.641
46.252
28.332
23.199
18.833
18.201
7.927
33.576
13.099
49.805
47.928
45.798
59.154
55.116
56.785
54.923
21.966
31.160
42.602
16.234
30.673
51.061
26.342
53.762
27.286
21.103
45.222
42.959
54.897
7.878
32.417
58.188
46.547
33.436
30.632
21.833
26.794
6.338
46.031
49.139
37.463
27.077
45.765
44.878
25.241
22.750
58.792
46.293
12.671
51.784
51.677
12.902
11.894
18.827
40.783
28.848
32.381
47.682
49.795
15.850
43.252
45.367
48.472
31.238
45.221
24.707
32.221
41.726
31.788
52.620
42.449
48.499
51.293
35.696
47.601
33.578
52.294
55.825
38.479
36.757
43.060
34.125
48.822
57.997
50.524
36.293
34.164
23.678
38.669
37.925
44.869
49.245
48.529
30.240
56.531
40.322
55.495
29.526
45.552
53.610
10.839
22.756
29.698
23.512
25.119
54.944
50.017
48.595
45.196
58.615
54.300
54.875
48.653
7.336
14.211
9.213
20.169
18.282
5.798
26.558
52.230
24.591
13.054
33.942
14.310
57.717
11.767
27.728
55.993
7.847
31.137
39.201
50.837
38.896
40.960
29.808
57.475
58.198
36.112
43.302
10.317
40.271
21.732
26.752
17.495
19.284
54.710
52.529
49.850
22.997
40.151
34.848
54.951
17.057
46.457
24.276
41.618
10.597
56.010
57.122
46.807
54.432
36.677
6.499
40.902
30.877
41.732
46.938
20.106
18.612
47.015
43.421
37.339
56.370
37.569
37.957
28.084
19.694
56.227
49.556
14.636
60.259
19.307
31.956
34.838
55.827
23.595
20.150
21.824
31.969
18.952
40.809
37.813
28.916
18.633
8.498
26.450
28.208
13.063
45.071
19.043
32.747
55.575
33.855
11.763
47.843
28.661
37.446
19.324
37.761
56.743
48.199
32.783
44.454
3.756
26.598
15.911
28.893
23.800
47.672
33.818
20.508
12.864
52.368
45.758
33.274
48.120
49.612
42.301
35.266
43.643
31.650
49.193
40.573
42.440
7.840
42.985
53.682
52.948
58.203
57.171
16.000
22.569
57.099
44.936
28.455
41.412
46.315
18.618
6.849
18.743
7.229
24.618
52.495
53.337
41.462
44.285
42.478
50.913
22.079
55.290
42.298
22.404
45.895
44.358
46.604
45.164
43.144
9.989
58.307
49.887
17.387
27.139
28.455
17.238
11.442
17.711
40.246
29.819
42.985
20.811
20.811
9.141
22.094
11.850
30.194
23.528
37.498
20.559
10.544
15.355
42.806
48.170
46.607
37.630
37.147
20.675
38.749
50.858
55.268
8.071
53.334
51.822
39.043
54.076
54.212
52.252
43.689
34.458
55.357
43.737
30.285
11.298
50.303
44.899
45.732
36.497
44.145
56.435
21.097
52.968
39.913
57.828
28.599
58.887
47.200
55.384
49.030
7.877
24.307
47.787
53.482
55.429
26.701
50.784
57.880
44.100
31.595
8.827
28.376
57.865
56.451
7.182
53.338
15.225
55.268
60.120
35.304
16.667
26.469
46.911
39.714
25.135
28.823
12.325
48.626
28.127
52.450
8.103
44.748
59.751
32.682
50.333
12.788
21.089
7.813
20.511
42.072
31.833
14.452
48.430
42.876
14.703
61.401
33.149
45.909
39.197
25.665
10.540
34.783
18.005
16.135
48.007
43.462
34.886
44.493
36.536
35.440
57.595
58.366
46.679
18.605
56.074
26.912
55.381
13.414
54.462
30.563
40.512
38.152
45.910
48.975
45.720
51.696
22.063
43.720
34.161
56.600
48.209
41.353
30.782
34.582
21.137
36.940
34.197
37.122
19.902
34.525
12.725
30.043
6.144
40.470
16.207
38.940
17.873
13.355
11.484
21.320
5.793
26.703
23.411
51.677
43.862
24.736
4.423
45.684
37.225
46.433
38.871
35.358
49.320
40.994
43.982
52.270
41.230
35.336
33.402
54.004
52.194
48.821
32.337
31.849
13.328
49.206
50.071
19.242
46.496
38.630
23.903
21.293
58.867
44.604
35.965
45.579
48.690
18.190
21.186
50.150
48.120
58.848
18.432
45.028
35.907
14.495
52.296
16.925
48.866
56.378
34.049
24.952
40.469
24.348
19.459
45.702
15.973
32.891
15.088
53.314
48.881
53.732
10.518
48.332
27.686
15.983
20.877
15.219
13.332
29.916
49.628
54.419
33.482
12.799
48.276
43.962
56.142
54.547
19.811
23.596
48.739
42.057
39.516
46.198
57.297
55.171
40.823
12.867
55.480
57.170
17.167
58.643
4.828
57.670
21.439
59.459
32.479
29.124
34.069
54.938
27.257
34.154
54.593
5.546
38.794
42.231
48.566
53.219
24.373
13.439
47.665
37.781
51.984
22.488
45.897
29.557
49.966
39.574
31.885
26.154
25.149
55.926
40.778
6.125
39.810
34.269
33.225
53.419
24.857
43.553
13.803
32.030
32.000
41.917
17.729
53.105
45.421
22.172
23.158
18.999
51.228
39.658
53.692
59.172
16.486
16.070
40.223
30.387
34.810
23.120
40.239
48.218
39.904
39.070
38.763
19.980
22.934
50.450
43.343
16.606
18.307
18.000
45.644
28.414
41.607
43.613
47.413
26.506
34.573
39.608
55.298
39.195
48.989
41.823
42.375
34.082
43.377
52.676
15.611
19.345
44.083
40.856
8.042
7.886
16.194
32.022
46.551
13.439
38.851
45.326
48.471
17.089
44.127
59.993
32.087
22.768
37.756
61.048
58.974
52.544
54.286
25.183
38.962
32.084
23.414
53.453
42.251
57.511
55.421
46.881
43.381
28.326
9.244
35.712
33.356
44.959
33.550
50.633
18.913
47.467
10.251
9.694
23.645
29.168
52.027
50.569
53.257
47.822
52.680
47.564
35.122
29.703
23.129
21.192
43.155
23.100
52.812
27.833
47.277
46.958
30.530
40.212
28.172
24.964
57.066
9.392
30.770
22.537
10.759
36.278
45.663
32.946
41.393
6.524
45.294
11.794
3.977
38.155
45.963
46.306
47.859
13.052
45.630
46.112
56.771
49.356
52.490
21.517
48.041
43.715
37.077
52.406
56.237
46.688
33.655
44.797
39.451
47.036
49.399
34.998
31.855
48.707
56.186
20.587
31.336
47.243
44.263
53.233
41.956
16.923
14.705
48.727
57.000
50.014
12.357
18.174
24.543
11.862
27.328
54.814
10.942
39.720
60.575
21.311
43.682
59.180
60.700
46.208
56.178
52.531
34.335
50.945
13.393
10.934
52.866
14.200
35.344
11.180
37.320
54.912
14.963
43.553
17.477
26.932
57.986
46.302
56.133
49.418
45.705
54.927
48.815
49.551
10.480
19.351
10.985
52.527
17.296
32.030
14.819
44.002
29.522
13.403
34.518
32.747
20.393
40.231
13.552
31.496
19.715
55.869
21.738
44.567
45.097
40.656
58.774
22.586
57.325
48.542
51.550
30.607
27.463
18.781
33.115
57.105
52.698
15.926
16.058
43.395
7.855
44.513
4.126
43.938
46.580
33.321
44.027
41.348
40.482
35.398
43.820
37.249
47.733
11.183
22.977
23.364
24.863
43.638
41.562
44.482
54.999
38.237
45.290
46.426
57.557
4.229
58.839
59.082
14.822
27.800
55.602
52.616
43.136
48.996
1.188
50.448
24.828
29.892
26.239
27.878
38.436
42.775
32.981
54.922
37.015
11.604
51.925
52.981
57.204
43.528
41.352
34.640
54.774
30.734
20.696
33.429
51.191
54.957
35.345
26.751
42.413
14.613
53.120
52.965
51.927
23.829
10.364
37.474
30.505
25.278
30.223
38.361
29.498
29.237
56.116
26.005
31.131
10.508
45.068
37.872
10.320
8.096
34.999
4.597
13.463
7.050
16.380
28.023
23.615
32.799
26.854
24.233
10.337
30.538
30.610
33.773
29.626
34.451
25.839
33.070
47.834
36.740
33.962
18.846
42.814
30.954
23.927
40.831
37.940
22.685
49.389
49.196
10.366
56.335
51.810
37.473
30.597
45.774
6.874
27.886
20.830
53.109
55.430
57.245
35.331
16.096
22.363
8.019
52.285
46.823
48.037
56.402
58.102
53.779
37.507
36.933
41.979
27.874
39.528
46.054
57.831
40.479
58.852
10.688
7.948
15.336
15.919
35.991
26.233
52.245
55.107
59.410
49.018
51.019
52.246
52.571
27.560
59.611
37.964
38.793
51.600
53.701
6.341
51.621
46.536
48.460
42.715
56.665
42.899
13.059
24.051
43.526
36.771
21.759
15.302
19.651
12.552
7.982
11.669
9.334
55.577
10.763
19.487
58.135
51.962
40.586
47.470
32.126
52.958
53.823
59.442
59.021
51.749
59.111
46.491
17.712
40.011
13.070
58.916
52.521
54.681
45.893
12.780
46.578
50.222
7.543
21.595
43.353
37.434
19.605
35.773
3.969
34.316
6.865
49.780
35.947
30.679
40.757
14.110
15.169
50.199
47.371
14.030
44.902
14.255
16.057
35.134
37.275
54.124
49.815
52.869
39.703
41.769
43.022
34.472
16.630
21.293
46.188
44.504
42.124
6.312
38.606
40.789
41.551
9.019
6.552
4.043
59.810
5.443
43.338
12.999
42.115
49.919
51.392
38.857
46.657
55.589
46.419
50.934
13.372
52.245
48.832
57.803
38.994
30.393
47.772
44.034
47.113
54.646
60.841
36.808
58.706
25.825
54.139
20.228
6.400
10.751
18.420
16.281
13.661
39.635
7.448
16.816
20.856
58.414
15.668
18.122
47.621
46.441
30.670
47.189
43.039
30.099
42.619
48.398
46.196
9.972
41.806
22.698
16.109
50.718
35.042
40.397
6.477
36.334
49.429
57.022
54.373
54.921
52.732
59.711
4.646
30.390
22.196
36.416
19.848
44.197
48.957
37.054
20.384
14.471
22.538
61.410
41.105
52.540
16.803
39.012
27.899
15.483
16.382
18.251
50.163
16.983
42.469
36.401
32.486
23.349
28.616
22.938
11.313
41.813
8.673
13.721
14.827
56.410
21.563
18.493
53.730
52.048
44.075
43.507
56.441
53.564
50.430
12.850
42.407
33.323
53.701
32.862
56.432
30.547
19.003
27.035
58.072
50.052
22.683
23.312
15.146
17.396
12.589
54.162
16.439
50.307
57.702
25.740
43.945
52.311
14.251
11.335
16.911
47.309
6.346
54.921
18.091
40.135
30.675
44.508
17.020
31.721
39.139
43.332
45.062
57.025
12.819
11.104
53.028
57.949
49.450
56.448
48.543
21.602
15.327
8.854
13.790
24.260
56.668
59.188
17.618
21.251
13.511
54.263
12.484
42.601
30.304
34.292
43.943
8.859
52.251
32.502
54.992
16.423
12.222
5.744
30.283
45.765
17.216
27.691
42.511
8.773
15.766
4.164
19.779
39.137
12.590
11.175
37.571
6.875
59.702
47.622
52.805
4.593
57.211
11.901
55.162
18.352
57.544
41.727
30.061
43.698
37.597
42.512
57.851
26.377
48.135
6.656
21.238
10.533
46.891
10.802
44.288
40.034
12.499
53.953
53.279
59.944
17.768
56.246
32.579
12.314
46.129
11.684
43.156
41.451
19.735
12.390
15.325
9.365
34.833
33.020
56.843
53.143
60.663
16.646
47.206
25.290
36.848
17.529
15.145
19.670
45.718
54.940
34.148
19.881
13.202
46.861
54.077
55.878
48.599
60.261
51.254
54.995
56.599
58.329
56.015
15.597
22.514
40.839
56.121
49.518
57.445
52.242
50.161
21.174
51.446
16.384
47.697
42.458
49.196
39.732
20.921
48.651
16.626
9.668
10.584
23.996
27.864
40.493
14.277
47.749
9.568
57.808
27.184
49.757
45.412
14.873
19.804
38.545
42.955
45.131
43.067
37.627
37.046
35.870
49.048
54.630
52.677
48.982
54.594
40.275
46.448
57.351
54.748
58.324
15.759
35.908
10.946
29.818
56.374
41.741
40.076
48.153
13.647
11.997
15.914
12.442
16.271
31.651
48.823
30.468
10.962
19.931
59.271
25.142
50.661
58.769
59.297
56.370
57.912
58.370
58.140
17.153
4.715
54.176
48.047
41.506
57.056
10.532
57.725
46.854
14.778
49.140
45.200
44.987
43.229
42.273
52.277
40.692
44.839
43.274
33.458
42.717
31.198
56.004
18.926
18.297
58.818
36.111
29.185
54.305
58.199
17.422
24.226
54.195
29.393
46.199
38.685
29.867
19.593
35.722
52.500
51.101
47.409
35.143
8.923
41.036
24.806
14.376
14.211
24.286
49.282
29.350
22.395
51.271
53.535
55.354
59.382
8.923
45.899
55.586
51.884
48.506
54.572
41.942
15.915
33.195
44.925
26.670
34.991
35.498
43.070
4.241
8.119
29.966
18.724
42.499
39.334
31.105
13.284
16.570
30.099
23.104
56.312
31.545
25.667
54.768
54.217
55.791
54.874
44.976
1.604
52.149
29.297
12.427
54.731
4.807
57.515
51.131
59.502
40.417
55.970
59.223
53.383
44.469
23.122
38.513
52.442
10.402
43.612
34.324
8.492
37.729
21.153
47.826
39.030
33.043
8.521
59.513
32.948
42.820
32.110
25.398
37.822
38.814
39.160
17.159
19.472
49.560
49.825
43.429
19.701
33.862
36.579
20.358
47.965
50.937
45.146
31.439
11.395
39.126
4.503
22.197
4.691
4.169
34.516
33.738
8.205
14.576
37.890
44.865
39.023
40.128
29.247
7.763
49.338
31.832
35.949
55.731
12.502
25.159
18.341
40.673
41.486
55.010
32.865
32.346
36.127
50.858
11.989
24.064
39.471
6.301
52.424
14.863
28.916
18.783
4.854
13.557
14.274
28.682
44.207
19.012
20.346
25.712
60.258
46.483
46.658
29.393
39.348
59.796
51.203
20.455
20.421
50.234
57.755
26.332
11.984
33.638
16.401
54.542
15.246
42.157
40.706
42.006
17.884
53.682
47.568
57.084
4.501
54.284
20.787
14.939
46.269
38.077
22.677
38.061
46.150
34.491
15.901
55.914
29.929
41.264
4.603
16.982
11.185
18.920
43.277
50.153
11.878
39.908
37.870
6.707
9.245
26.361
52.899
56.308
6.947
24.816
50.762
37.679
54.276
59.666
32.143
37.731
25.211
21.017
30.641
29.661
42.794
46.887
25.748
22.649
16.421
58.311
33.182
32.129
46.937
19.003
34.179
26.436
46.539
55.062
38.008
51.237
53.189
52.074
49.709
53.404
29.365
52.949
52.434
52.343
30.952
11.703
50.212
48.405
12.784
33.616
18.879
49.132
42.712
20.442
41.455
6.858
47.755
5.192
52.654
33.448
27.558
1.646
27.085
49.883
42.102
31.953
1.702
16.481
40.418
28.051
52.457
29.085
41.671
5.432
49.957
34.017
52.173
42.871
42.567
27.504
46.227
34.793
48.088
6.152
49.445
46.368
8.256
8.088
58.468
42.815
55.937
38.672
57.682
57.447
32.233
24.094
56.951
50.928
53.150
56.746
56.098
20.080
45.893
54.442
46.749
22.902
41.598
52.001
47.094
49.264
46.135
50.958
11.535
4.771
43.858
8.153
24.578
53.533
28.941
56.096
44.286
41.551
46.637
51.740
41.813
32.741
27.759
14.814
11.442
14.905
58.437
28.079
58.594
23.755
32.613
58.473
46.151
50.536
13.223
45.789
49.328
34.446
27.253
26.505
20.577
15.608
15.879
55.654
42.014
12.692
57.350
15.657
8.040
60.441
3.228
14.979
59.602
56.480
56.285
4.016
50.427
40.211
22.809
56.290
49.611
9.772
56.433
52.350
41.506
44.194
33.449
56.674
50.834
18.564
20.073
33.899
7.265
44.952
55.822
39.946
24.469
16.706
18.808
7.101
30.741
9.679
11.162
48.814
18.743
21.886
53.535
58.955
56.886
55.253
53.002
46.260
54.803
34.745
5.401
47.210
33.770
13.734
13.174
27.520
6.294
29.802
45.457
25.667
48.103
15.863
50.411
24.367
47.647
49.497
51.490
5.580
51.872
57.571
50.058
12.976
48.591
23.496
53.229
22.342
14.488
11.379
19.970
17.774
57.852
30.769
59.482
42.136
57.625
50.067
57.498
53.485
33.316
53.228
38.138
57.965
47.279
20.477
18.924
33.673
50.259
21.699
23.034
13.822
22.899
41.418
25.070
56.396
46.392
17.319
25.479
14.370
12.713
6.325
44.263
4.992
9.976
24.289
33.630
6.032
15.024
38.347
11.464
21.208
61.064
58.157
14.820
53.360
22.142
44.006
28.458
48.898
45.573
49.147
32.861
58.474
11.355
43.201
55.006
59.748
35.856
43.621
39.409
41.692
23.783
38.839
59.835
11.568
50.763
41.736
36.937
22.823
5.185
10.367
54.258
41.252
19.587
48.936
45.498
49.932
44.658
51.289
35.262
44.106
34.174
23.633
50.265
37.213
14.189
40.882
9.825
3.724
48.368
35.956
29.824
17.753
19.986
23.241
25.622
56.286
52.833
35.996
56.073
56.619
20.356
47.216
43.146
8.042
37.248
32.581
14.613
55.765
25.864
32.976
29.198
4.182
40.680
31.069
25.133
43.097
26.660
40.769
51.202
57.401
12.828
51.402
31.483
30.386
45.819
54.298
39.670
49.504
37.262
13.898
56.486
42.674
17.182
49.585
48.108
10.402
48.445
50.745
13.376
5.774
20.832
28.722
37.050
45.640
26.936
12.613
53.944
31.783
57.752
18.437
13.376
41.335
46.021
37.773
15.027
18.969
37.265
59.846
44.632
10.270
32.249
28.997
28.862
15.479
22.952
43.384
40.995
53.174
54.582
60.152
19.718
9.975
23.217
11.457
52.415
23.745
28.290
41.068
48.759
12.585
7.937
55.667
20.755
40.981
20.672
44.512
30.367
7.786
28.732
39.083
29.747
30.106
15.715
37.969
19.862
29.086
47.778
51.205
28.488
57.541
43.403
56.468
30.450
57.302
40.573
49.896
57.102
24.605
8.117
59.486
55.671
37.461
19.479
10.408
38.383
23.437
52.669
31.825
6.077
38.237
30.718
48.866
25.568
50.761
50.109
32.430
46.723
12.875
25.640
39.198
51.016
8.063
49.853
41.017
16.684
11.512
48.984
11.834
55.155
15.950
26.248
38.923
56.852
50.485
22.044
5.142
39.441
50.244
29.714
42.528
7.623
59.333
34.003
25.402
49.826
56.930
43.479
55.571
57.163
31.108
52.711
51.766
60.258
12.151
52.935
12.427
4.159
24.754
49.149
48.045
44.148
53.669
42.200
46.199
5.154
13.747
22.689
26.577
26.791
54.332
59.957
17.311
46.196
18.093
59.194
15.109
37.132
45.196
50.589
55.358
21.935
52.122
26.108
42.912
29.524
31.974
50.536
6.125
44.442
4.130
40.847
31.951
27.335
27.116
12.649
12.546
15.670
58.439
59.559
60.435
42.502
43.225
55.921
54.953
49.239
11.231
30.639
52.936
11.957
38.977
14.835
20.945
48.416
48.261
48.364
55.398
12.135
50.754
52.171
25.054
43.284
41.293
47.150
24.721
46.757
34.858
49.661
12.337
54.093
43.293
54.625
20.128
47.895
45.282
52.866
8.764
19.149
25.219
24.365
38.153
10.632
14.904
30.610
12.471
51.347
9.203
48.201
39.269
52.269
41.488
46.116
9.257
52.289
6.357
13.640
10.458
48.552
26.385
37.063
36.959
51.616
2.701
54.518
57.452
60.007
9.106
45.461
3.156
58.009
29.224
58.314
31.683
34.757
52.790
51.491
40.459
45.121
39.556
41.295
10.166
49.049
34.102
47.255
21.631
53.945
22.066
13.170
55.062
39.407
9.177
49.247
17.877
42.542
13.358
34.954
44.149
26.576
42.447
40.247
52.288
16.498
57.027
20.106
35.118
25.988
38.966
23.202
43.706
40.217
44.878
13.914
34.195
45.381
18.457
35.736
23.368
56.752
28.538
34.655
50.443
47.717
40.199
19.998
10.188
23.217
35.307
26.218
29.757
13.415
26.167
25.818
32.337
42.413
52.409
41.854
21.634
23.972
23.751
36.262
27.209
44.308
52.154
34.824
55.563
17.791
54.434
18.163
24.907
50.048
29.759
36.816
53.542
47.842
49.002
17.485
39.677
44.855
54.112
56.487
55.762
46.904
59.074
55.683
28.961
8.959
39.160
25.348
23.969
35.592
30.366
55.782
57.353
51.380
15.304
57.445
56.433
55.622
52.724
23.892
8.223
15.393
49.171
36.073
49.822
25.820
39.441
32.196
25.484
18.599
26.699
42.509
20.436
17.919
13.523
55.378
27.902
30.366
36.433
34.328
20.699
54.866
15.043
8.027
22.472
55.344
8.606
48.016
18.537
51.060
56.825
53.020
2.898
51.765
48.134
39.096
32.660
27.679
47.997
38.823
59.150
45.209
55.005
42.730
13.381
58.652
31.884
47.543
57.789
27.879
13.621
34.350
22.098
4.224
19.632
25.520
41.949
25.643
38.247
36.008
12.765
27.175
19.474
21.625
24.446
49.090
46.261
46.002
29.241
54.486
36.105
54.139
55.408
39.964
26.819
53.355
46.897
39.686
36.486
47.191
40.786
21.060
13.431
58.303
58.007
34.439
49.321
47.717
56.443
24.931
47.738
54.312
8.271
21.779
50.935
45.095
46.146
55.606
7.764
47.359
13.454
8.869
9.204
14.593
56.570
7.067
51.199
7.687
24.999
14.965
52.292
54.518
48.291
52.195
22.029
23.163
30.669
26.722
49.246
19.436
12.152
48.243
30.700
17.635
48.907
26.010
9.474
22.960
30.989
18.607
31.098
41.393
41.117
26.575
29.779
54.101
22.598
54.240
35.855
34.693
57.118
24.836
9.747
55.267
56.267
50.510
33.662
40.568
52.894
57.774
50.005
50.311
56.116
50.842
48.590
59.166
30.443
20.192
29.728
59.236
41.486
22.983
26.010
52.746
31.510
15.856
59.345
23.516
17.377
37.387
49.631
45.722
25.688
15.607
12.867
54.827
49.265
57.278
53.037
48.883
61.274
43.083
54.560
53.549
47.488
53.388
28.412
48.539
41.059
33.095
16.317
24.423
14.620
26.674
50.846
59.131
56.473
14.040
13.708
59.905
23.459
39.124
50.950
57.574
49.489
25.088
10.281
12.968
57.975
20.005
22.340
55.971
43.878
18.179
35.578
30.204
17.163
34.862
18.133
31.456
8.421
24.077
12.137
25.519
31.374
46.735
44.112
28.161
35.472
39.543
51.271
43.435
41.177
41.599
53.907
48.811
27.969
38.847
43.451
45.284
52.105
57.518
52.162
59.513
55.092
51.265
44.247
39.198
50.345
53.120
53.859
28.262
41.664
61.348
42.264
57.014
21.711
28.918
26.795
28.126
58.334
51.197
50.900
24.666
48.858
57.590
15.075
24.204
11.916
3.511
11.776
44.301
36.128
59.160
25.319
8.864
10.442
14.010
8.769
12.747
39.303
13.916
21.876
57.311
21.239
41.655
43.783
36.565
39.365
30.194
55.288
10.327
16.419
28.097
34.979
28.870
39.357
17.102
11.381
16.037
58.743
57.385
10.776
21.568
15.029
16.803
26.778
43.008
34.262
43.045
33.880
37.847
38.415
14.549
45.541
32.387
12.927
54.984
55.657
9.766
46.501
43.050
46.783
45.164
46.999
50.540
22.857
28.246
13.513
36.803
34.299
24.299
40.396
42.359
40.313
48.204
33.905
36.514
47.015
46.069
38.672
52.964
37.427
52.205
56.965
34.973
49.044
10.041
29.243
53.583
51.310
26.633
52.458
37.525
15.209
24.381
19.921
16.323
47.394
17.087
43.159
17.357
28.793
13.513
30.227
18.296
26.526
12.217
49.789
58.624
53.635
19.230
53.928
36.407
29.240
49.664
57.667
42.834
55.761
50.618
30.152
47.045
51.629
34.900
10.455
9.574
57.197
18.530
51.560
7.851
6.385
11.164
16.585
9.512
47.710
10.050
14.476
51.174
49.930
5.947
52.485
27.715
11.866
34.317
47.608
17.870
36.142
15.886
49.498
31.555
10.015
46.685
12.568
48.008
44.142
14.448
21.726
5.431
22.329
41.475
40.918
48.610
45.190
48.312
51.060
28.941
56.738
43.405
55.620
44.728
15.709
3.105
56.671
57.746
13.380
51.476
19.229
22.785
16.457
50.223
16.397
35.376
19.168
54.952
21.412
21.864
27.146
44.954
34.538
35.755
26.701
42.354
26.150
19.838
41.692
30.678
12.588
38.843
28.708
12.258
54.317
33.604
58.169
41.715
37.999
51.939
19.205
13.112
18.800
59.308
22.652
60.325
60.130
56.653
18.928
33.387
37.064
23.758
34.686
37.120
25.731
57.928
16.035
20.507
10.060
51.591
11.776
33.024
6.319
15.469
54.580
15.380
51.034
50.689
39.621
22.979
41.605
30.248
36.675
45.994
6.675
27.008
14.271
29.825
49.704
30.031
12.097
31.919
49.127
17.298
15.078
49.946
25.373
11.902
10.973
15.156
50.246
6.237
14.877
31.526
14.136
57.983
58.409
33.666
23.585
58.054
24.098
34.141
21.761
41.848
19.916
51.906
60.214
13.761
14.040
30.170
7.169
28.354
46.486
38.304
43.790
48.010
42.346
55.899
33.146
42.579
48.115
9.755
30.383
46.046
17.921
12.736
21.494
36.206
43.712
11.696
31.135
48.439
25.125
45.847
55.547
34.952
30.522
20.414
37.021
55.251
54.245
16.881
37.795
17.314
46.953
7.513
10.655
48.160
46.729
55.656
5.366
21.464
41.693
33.498
20.038
34.521
5.954
31.000
34.614
29.991
16.127
22.267
30.705
45.583
50.433
48.453
4.308
42.918
55.045
52.798
54.048
25.333
59.608
40.028
38.352
58.887
51.360
47.015
56.269
32.907
37.602
9.860
54.911
8.506
25.475
45.992
54.657
8.184
47.851
19.549
13.821
7.800
18.691
60.227
17.915
21.035
12.073
47.947
17.130
24.750
37.420
30.995
25.213
25.054
50.162
7.583
21.451
51.179
8.119
9.917
11.098
32.112
58.421
33.284
57.323
56.495
33.930
5.302
17.721
41.122
9.656
59.907
39.645
52.245
23.094
39.726
28.541
26.959
21.534
51.920
53.057
31.717
54.586
57.786
45.161
52.448
57.294
36.210
18.009
18.268
8.978
41.790
29.522
15.795
11.285
50.320
46.464
15.020
21.096
9.641
48.923
56.687
35.084
50.353
27.808
47.167
55.167
51.868
50.100
21.222
22.232
9.346
41.129
31.910
27.023
22.724
38.950
43.979
35.549
60.426
36.598
51.225
31.956
48.721
33.295
27.571
43.610
51.694
13.130
42.832
40.906
40.345
46.725
33.002
31.153
43.988
47.449
12.774
14.214
11.377
12.789
15.522
8.302
38.352
22.132
17.370
14.947
49.129
39.675
32.744
26.260
38.569
43.074
40.197
55.813
37.048
44.350
56.336
17.125
10.864
51.421
46.210
5.825
32.419
41.420
8.856
47.234
19.799
56.662
51.798
13.097
4.983
52.945
46.205
48.528
47.036
40.088
47.945
45.011
34.900
51.257
41.856
60.275
54.854
44.798
56.729
33.016
46.945
30.104
48.519
12.296
2.924
40.577
44.708
59.123
51.534
36.292
36.201
48.875
46.659
40.402
53.012
25.267
32.613
43.462
41.236
59.715
45.688
52.832
40.828
27.683
24.405
46.111
24.514
37.131
11.857
11.883
14.890
7.586
27.523
24.065
26.319
4.304
21.596
7.818
54.056
10.735
49.746
25.308
45.680
8.012
12.362
10.044
16.415
47.782
41.956
34.623
33.009
42.192
50.666
41.013
51.094
56.489
46.183
53.081
41.824
57.794
50.299
15.476
47.390
27.114
32.494
26.183
48.719
31.334
35.374
55.581
43.096
46.475
8.995
39.263
56.797
18.888
23.408
12.208
29.379
8.157
28.520
28.076
9.902
15.065
25.323
20.176
44.379
47.038
41.417
38.260
13.910
42.198
37.602
47.156
21.161
16.142
52.360
19.813
51.694
48.256
14.419
15.578
25.779
18.956
49.217
49.141
41.612
49.657
53.929
51.903
23.316
52.410
50.754
17.381
42.421
40.236
22.408
37.670
20.439
50.951
24.799
26.903
54.365
29.491
14.193
20.817
5.062
47.121
41.239
28.567
16.382
9.270
20.746
14.578
13.078
25.247
15.815
48.398
49.483
15.191
3.333
13.266
27.851
32.843
55.133
17.151
45.203
35.454
49.966
25.125
8.556
9.620
51.566
50.031
43.793
23.530
29.343
16.389
19.289
35.865
14.423
15.590
54.525
14.367
14.497
10.472
42.401
17.756
19.758
11.267
48.508
45.087
7.097
56.073
58.251
28.301
22.759
26.984
43.739
27.383
20.807
36.816
44.904
33.345
22.382
45.330
51.801
27.820
38.451
50.687
53.695
42.686
21.418
32.574
39.338
56.799
26.752
4.616
16.150
8.839
48.191
57.258
48.740
49.379
45.784
19.275
55.645
60.563
47.557
60.568
24.956
29.991
36.659
47.096
6.204
30.601
40.970
24.689
31.901
24.930
18.734
50.636
48.509
46.042
52.187
25.273
48.963
37.616
57.974
13.471
36.833
56.417
12.809
30.296
36.626
27.911
34.467
18.677
18.324
34.994
35.043
40.327
52.424
17.839
16.099
42.115
6.894
43.261
43.043
50.746
53.047
36.380
44.895
41.117
17.415
22.932
24.939
10.707
50.375
11.318
10.234
34.488
23.543
48.996
30.376
22.589
36.870
60.701
59.375
43.886
36.416
49.781
27.979
48.062
47.935
8.139
2.118
42.973
13.509
18.758
11.711
59.459
56.125
23.721
48.159
58.194
17.164
10.469
9.046
59.073
17.460
14.147
21.341
12.925
18.657
22.924
28.434
21.506
44.206
39.677
19.812
50.534
51.306
44.086
22.409
53.003
17.610
19.800
43.522
35.808
39.576
42.522
52.323
46.971
46.686
17.006
55.303
51.583
41.130
40.350
59.365
52.107
55.778
55.140
56.100
58.361
41.565
43.367
28.654
25.405
18.028
31.102
7.519
41.564
51.533
48.816
51.271
39.743
34.929
17.378
17.458
37.023
15.909
37.919
48.936
41.158
50.908
11.998
2.887
49.343
23.319
42.517
53.978
31.283
47.914
43.139
49.620
50.348
39.471
30.875
47.388
55.719
41.124
42.946
28.265
46.382
52.216
40.149
7.957
25.202
27.067
35.091
23.217
28.349
28.408
34.852
20.640
52.773
59.238
37.427
51.850
48.631
11.003
46.672
30.162
22.680
10.098
13.808
13.718
18.543
35.218
43.529
39.879
22.939
49.174
43.988
48.948
18.037
9.484
23.762
16.460
40.425
26.939
31.103
32.957
59.295
10.609
14.672
14.700
10.970
25.201
18.345
14.982
16.024
17.280
22.248
24.360
18.947
20.101
18.307
17.844
20.877
6.057
39.090
25.272
13.415
7.188
15.444
25.466
15.607
48.229
41.082
42.586
32.147
58.315
9.564
29.301
45.563
43.288
10.071
50.078
54.975
29.405
46.872
52.305
35.030
27.491
57.569
41.654
39.680
27.740
10.735
19.743
15.942
14.498
29.238
14.214
15.221
31.640
30.628
46.796
21.501
27.670
16.483
16.024
20.193
47.729
57.962
19.095
48.110
60.626
56.352
33.784
58.945
55.355
11.734
7.398
34.639
27.999
34.517
53.043
7.636
13.906
18.579
12.655
17.040
11.708
18.594
2.878
8.746
28.415
35.379
21.928
28.732
52.274
25.332
32.000
44.942
14.689
42.885
51.599
48.859
47.750
22.245
10.230
43.888
12.247
5.792
14.578
10.263
20.860
25.535
53.274
48.423
36.210
16.761
47.977
47.691
19.596
33.412
36.648
10.663
53.969
58.764
4.532
59.265
50.292
52.219
51.760
20.074
14.660
24.682
29.584
20.982
54.054
41.527
58.684
28.829
32.837
57.822
47.672
38.930
58.963
52.408
19.860
47.860
42.659
32.539
26.642
35.528
27.593
18.693
23.717
59.248
28.154
16.077
54.029
51.667
52.209
35.463
39.156
36.179
34.129
50.651
18.931
29.454
33.746
13.621
17.884
48.457
40.604
17.845
45.129
32.070
8.140
60.060
39.732
42.157
53.989
47.051
45.650
38.450
46.504
58.571
22.026
25.849
36.886
23.926
30.496
49.172
34.975
40.817
43.005
47.529
50.538
31.803
52.957
12.311
46.448
42.920
31.163
43.563
34.907
7.446
8.368
16.749
25.520
50.666
13.789
50.093
51.690
44.214
36.925
11.839
24.171
24.787
18.851
24.197
52.701
13.529
28.121
42.622
54.539
53.542
46.604
27.892
52.022
55.063
47.724
44.475
47.746
44.078
49.745
58.132
35.362
51.391
18.181
24.544
49.942
6.165
48.111
46.845
40.459
12.144
27.913
39.197
14.294
17.936
48.683
21.691
16.664
28.772
48.714
52.355
46.773
22.301
40.552
52.437
17.289
39.117
22.266
46.340
21.243
23.605
17.884
36.123
18.184
28.135
17.508
56.636
20.075
31.237
51.617
9.057
51.891
29.038
51.818
51.854
29.066
57.101
5.347
15.595
39.085
44.830
39.597
37.702
36.440
35.641
29.403
36.881
15.618
22.662
15.571
4.793
20.739
9.049
13.644
51.265
49.904
10.095
20.748
12.700
7.215
56.602
18.710
22.521
27.550
35.626
56.751
57.476
24.865
24.868
7.545
36.773
19.261
14.572
17.271
22.175
55.256
10.684
46.389
53.207
34.408
59.480
35.656
42.635
30.551
51.239
23.838
15.604
11.445
54.066
25.610
21.906
30.202
48.389
51.579
20.589
45.675
40.390
20.400
45.271
12.259
52.257
48.481
22.822
54.420
20.349
7.056
33.077
12.199
39.776
57.306
6.922
26.207
19.824
17.312
23.182
28.555
10.702
39.468
27.301
48.869
23.207
14.134
24.264
12.101
28.026
18.834
34.398
54.486
19.576
31.458
24.413
18.770
22.604
52.714
26.507
18.677
56.888
22.885
22.477
50.662
45.271
26.146
39.896
40.842
5.609
52.546
8.554
53.292
15.857
22.131
14.730
25.401
13.472
18.039
17.175
12.123
54.743
51.232
43.623
56.454
43.134
23.301
27.372
12.556
18.230
57.014
54.377
54.400
41.222
41.202
33.459
22.202
20.367
24.429
27.927
28.440
10.603
26.256
11.267
7.561
20.928
49.553
51.332
20.570
45.285
48.303
24.839
38.322
37.502
52.939
53.321
35.909
45.311
45.580
8.094
46.678
10.952
52.532
57.813
41.804
55.461
46.222
41.412
38.989
43.221
58.578
57.026
53.260
20.219
53.225
15.422
13.560
53.141
50.258
30.612
25.763
42.781
34.960
46.411
35.884
41.511
48.136
36.629
52.671
21.913
44.480
43.572
37.253
59.465
52.409
46.451
53.305
59.203
46.887
55.032
33.448
14.092
22.126
38.166
41.666
20.617
6.510
34.249
10.570
41.261
31.293
40.363
45.922
46.110
47.815
50.159
49.977
50.368
58.362
20.460
54.911
48.489
55.729
55.959
51.208
49.434
60.414
21.459
37.794
26.495
35.300
54.825
44.848
23.167
40.809
17.332
32.625
29.179
34.191
24.829
17.711
45.487
23.982
48.987
35.568
17.581
48.919
25.181
48.629
46.065
55.882
53.738
58.093
55.831
61.951
50.730
46.775
34.076
42.333
21.736
37.533
22.364
44.752
31.387
42.920
39.050
15.083
19.236
48.351
21.037
36.548
41.832
7.249
33.262
44.305
52.111
23.911
37.693
54.369
5.772
59.527
51.253
37.190
51.392
56.368
35.512
13.776
47.807
30.279
6.911
17.564
43.804
55.004
47.398
21.481
29.356
49.165
49.971
23.168
55.687
34.788
53.548
27.838
42.638
21.304
13.896
33.476
30.237
48.190
33.113
21.063
16.741
58.331
35.980
44.858
23.006
29.232
55.941
27.970
41.559
29.502
12.584
10.194
21.929
10.803
48.987
14.911
44.925
55.494
45.509
56.546
47.987
58.185
47.580
29.911
55.587
55.674
23.255
24.299
57.110
56.479
42.645
24.397
21.657
55.873
30.890
60.539
25.181
44.293
11.088
47.380
42.906
39.609
60.238
19.685
51.675
56.248
19.058
31.785
42.843
34.570
37.048
21.848
29.423
28.077
20.149
25.652
20.877
23.112
16.517
13.986
12.739
30.842
44.056
56.275
30.675
8.447
44.010
49.550
44.406
60.207
52.099
44.397
58.152
11.931
9.818
44.226
46.857
36.779
19.423
43.319
46.486
26.575
45.474
32.385
26.799
28.659
44.132
26.635
24.363
18.396
46.102
15.127
12.670
15.792
16.869
7.791
31.988
11.699
9.789
9.206
22.826
32.643
59.522
52.383
8.217
54.048
55.281
35.712
59.660
9.121
44.810
12.056
10.334
10.331
37.074
29.236
56.314
24.774
53.753
20.107
53.399
45.416
54.234
16.092
53.513
51.240
19.403
53.027
15.592
10.407
58.891
22.931
48.422
3.166
55.207
29.897
14.929
52.463
26.815
26.295
54.930
42.059
38.913
44.305
44.021
51.136
33.283
42.498
11.884
9.623
8.273
5.931
3.605
14.254
24.040
15.108
41.940
57.000
24.033
44.413
59.855
42.896
15.535
13.410
31.443
21.625
47.437
46.072
52.692
44.507
44.976
40.927
41.453
19.756
16.435
25.133
32.917
8.248
15.358
59.221
57.411
34.202
48.008
56.655
35.757
20.298
16.881
54.982
49.834
12.896
11.931
12.244
10.120
5.543
45.201
16.256
49.492
28.295
57.851
45.330
13.679
55.515
11.378
12.281
7.628
56.888
16.343
19.804
22.378
11.562
31.145
55.948
48.124
58.535
57.749
54.277
51.373
38.793
43.834
35.282
19.525
45.688
46.180
54.574
41.395
16.972
47.820
44.190
31.655
10.196
18.196
46.564
23.921
18.395
12.963
6.444
40.476
52.449
52.543
31.908
24.669
49.956
17.830
49.655
20.375
23.690
26.941
29.505
8.888
6.650
53.115
46.919
24.978
13.689
24.115
45.284
30.493
53.802
37.523
36.498
51.059
39.685
38.949
37.209
29.958
30.103
45.809
51.592
51.922
38.958
24.743
11.258
27.610
26.005
16.149
2.207
10.642
12.354
42.145
37.419
44.864
41.231
12.880
52.929
13.201
48.861
19.354
3.575
18.732
17.687
26.566
23.436
48.795
42.520
22.250
35.213
28.056
29.355
32.683
29.012
22.305
22.434
49.229
17.761
37.418
55.301
16.011
44.490
52.000
46.758
38.402
26.710
40.105
47.689
25.713
20.858
48.177
33.490
28.174
40.808
39.924
50.455
39.429
54.212
12.599
10.283
40.388
9.649
15.929
38.361
32.102
12.026
6.769
24.882
60.108
50.931
56.099
47.748
48.006
49.076
8.497
7.369
12.664
37.931
58.379
29.571
19.269
28.152
47.959
51.686
20.486
54.401
23.114
31.475
54.791
54.909
46.266
12.291
12.723
8.596
5.040
48.889
8.532
13.889
35.817
48.979
17.132
4.651
46.873
44.619
21.242
47.912
17.727
55.325
28.390
36.003
47.882
37.000
7.140
44.679
38.794
43.463
34.852
8.765
11.407
9.771
40.092
36.823
33.946
20.855
14.980
52.182
52.886
11.589
53.152
34.309
54.289
38.967
28.391
19.308
25.324
48.807
36.788
29.491
10.854
48.796
25.314
17.077
28.334
23.786
40.960
37.013
42.886
47.732
49.650
36.127
47.176
41.188
27.375
48.919
46.798
55.152
55.188
55.177
55.739
38.469
39.829
41.717
21.848
24.836
18.589
54.555
45.875
19.094
38.292
28.791
21.534
45.238
51.068
22.306
16.191
4.881
11.851
38.792
11.125
14.301
9.593
19.142
9.180
17.325
19.528
12.384
5.487
15.453
13.414
22.588
17.011
39.345
54.184
58.047
41.466
56.677
38.639
11.287
41.023
47.433
58.740
35.561
28.369
44.318
45.333
17.618
31.265
21.992
48.621
12.636
31.049
23.437
34.025
42.029
25.952
37.976
17.088
48.759
42.810
52.110
34.947
19.315
20.544
52.212
44.681
50.193
6.472
53.716
47.513
57.574
10.006
6.307
58.697
44.163
57.850
13.157
32.440
7.278
9.915
34.912
46.440
13.336
12.393
52.594
22.016
13.973
45.187
19.089
16.642
25.819
16.567
16.331
26.120
42.253
25.779
37.043
25.968
32.525
33.297
20.314
55.543
50.622
54.190
9.384
54.616
38.624
34.653
50.528
37.678
47.310
53.182
34.662
48.697
39.636
21.582
54.007
57.205
43.781
39.592
37.792
60.658
47.076
29.271
57.547
24.112
19.858
6.184
43.453
47.131
56.376
55.673
55.364
43.651
16.473
26.895
48.658
51.327
30.546
8.254
24.414
27.798
47.047
39.194
30.187
11.406
41.035
57.431
33.841
36.161
31.427
47.002
44.972
44.027
31.543
43.847
25.673
44.027
30.745
35.848
23.562
23.049
9.326
48.693
14.496
26.242
59.311
6.733
40.383
59.275
13.813
29.907
7.360
6.171
44.147
43.461
44.451
20.146
41.070
35.685
12.794
16.823
21.114
40.017
57.699
16.506
43.091
55.143
54.301
53.139
57.654
9.990
28.688
29.946
11.213
21.660
41.314
47.953
44.511
10.419
16.690
50.873
53.965
45.894
29.240
49.161
21.662
8.199
12.096
49.036
46.255
24.774
47.309
34.702
47.609
13.315
9.069
33.748
45.235
31.409
56.440
8.210
11.316
48.418
15.480
51.394
47.194
53.972
20.205
33.913
41.133
19.397
28.007
24.859
13.137
18.245
33.793
17.841
22.941
21.392
3.265
39.544
19.063
35.659
37.265
48.066
18.872
11.004
55.869
32.513
49.518
21.670
55.945
46.839
36.253
36.295
45.728
24.825
41.191
21.033
40.055
4.172
17.881
45.993
21.698
32.581
48.354
35.935
45.393
25.796
31.977
51.271
42.349
57.437
23.284
28.897
26.430
20.804
52.935
28.750
57.117
54.484
21.925
21.674
22.417
15.031
51.865
11.937
13.288
35.101
45.507
49.566
53.246
55.975
43.588
5.389
46.257
41.926
53.077
58.335
35.525
39.279
41.413
41.629
46.695
14.872
55.602
57.981
30.652
45.808
50.787
49.012
46.929
49.522
24.901
48.359
27.187
31.634
50.514
19.317
15.337
54.472
21.178
41.418
34.545
49.866
41.998
38.177
42.660
54.509
17.789
18.353
47.895
9.237
10.362
10.945
25.587
55.315
35.007
24.516
28.323
58.188
57.578
60.536
59.194
56.080
33.314
45.114
42.899
7.538
50.759
52.047
53.567
13.511
53.459
16.943
12.751
50.806
37.917
20.396
46.230
43.534
48.193
44.461
57.277
56.191
6.464
52.591
13.963
57.662
58.011
44.441
18.645
12.105
48.823
41.749
22.052
37.681
10.384
5.572
22.915
20.156
55.120
14.522
44.423
16.472
21.651
35.976
47.946
35.467
36.703
40.564
58.391
50.024
54.387
32.675
60.390
27.065
18.178
20.356
47.061
51.978
46.946
57.641
46.085
15.040
59.397
42.114
32.410
50.992
45.869
21.083
44.698
16.191
45.152
47.387
16.666
25.379
46.613
24.608
48.405
59.406
42.928
15.586
37.629
49.167
13.803
7.364
14.784
60.196
27.230
25.743
53.895
28.906
26.770
22.751
25.059
24.437
21.347
15.774
17.865
8.595
49.571
52.028
45.805
53.966
33.810
1.406
48.443
61.122
52.609
55.683
42.665
9.547
29.521
17.485
46.886
18.274
39.595
46.158
17.170
24.049
1.622
14.992
12.648
40.593
25.230
32.771
49.333
35.667
11.848
33.468
50.930
48.975
36.406
60.307
56.389
50.893
46.547
48.344
43.914
49.481
11.653
39.562
60.760
24.253
31.980
18.173
57.184
9.203
16.071
15.130
21.784
19.981
14.453
11.689
22.156
37.405
27.307
37.944
42.618
46.013
15.511
23.935
36.961
38.275
35.186
28.370
7.053
60.006
56.917
52.531
52.885
24.323
40.371
52.182
17.156
24.950
44.591
36.198
42.201
53.164
34.742
12.975
50.444
17.346
42.078
36.995
13.044
19.535
49.421
43.806
13.777
16.565
42.468
38.343
44.812
8.059
29.360
13.985
16.168
47.251
54.350
31.273
24.700
38.502
24.266
36.670
26.155
49.996
46.085
47.425
53.630
48.434
18.434
36.401
57.562
47.391
49.619
51.129
34.059
14.762
53.791
37.196
23.941
26.797
44.397
42.687
47.278
35.375
47.969
40.111
34.976
28.509
43.187
22.061
49.158
44.802
36.006
56.661
51.601
49.938
49.959
51.442
51.567
45.353
38.399
34.119
37.326
18.852
38.672
36.211
52.555
42.376
33.136
43.094
30.780
27.943
54.846
32.735
56.678
27.891
58.677
35.810
28.180
25.469
20.668
40.104
16.434
12.085
43.026
37.085
3.797
44.190
48.510
34.557
9.869
23.457
45.100
40.213
50.594
41.368
40.785
37.749
26.153
48.980
15.727
13.941
38.234
11.122
34.401
37.728
15.662
47.295
14.336
21.712
41.958
55.844
60.787
52.757
14.321
32.095
38.414
44.003
40.437
53.204
19.163
46.476
49.550
44.414
52.819
46.510
54.600
20.643
13.079
55.059
61.818
56.138
46.171
24.235
38.751
14.292
11.160
22.555
17.145
53.016
36.941
46.982
21.472
50.123
20.153
20.567
28.589
54.179
56.151
51.461
42.109
38.987
37.308
49.336
15.771
23.065
39.697
48.803
21.782
29.164
42.821
8.759
28.364
28.619
58.349
27.599
55.789
55.570
56.803
37.674
41.508
46.357
55.629
19.573
26.513
25.563
11.792
28.045
21.891
43.159
59.459
60.541
42.738
