31.779
46.297
10.147
49.750
7.931
22.673
33.791
12.142
12.757
9.244
53.430
35.028
45.887
20.513
27.401
30.854
59.075
38.935
42.054
56.950
57.094
15.609
7.794
9.476
15.936
46.902
19.510
44.742
6.041
14.025
4.880
32.343
24.029
41.251
53.847
50.388
55.617
43.436
38.663
31.812
36.349
47.129
49.495
11.240
16.781
59.881
41.387
10.667
56.504
12.601
25.739
59.052
12.654
54.922
44.248
10.676
39.649
51.300
8.580
56.697
57.328
7.128
52.020
10.934
2.562
57.798
16.754
17.644
6.209
11.279
6.964
14.127
9.016
62.126
48.661
6.306
32.368
31.372
53.916
9.654
41.933
25.293
41.605
49.422
12.569
18.646
45.158
39.555
19.682
12.507
7.864
47.900
7.615
9.456
48.684
8.006
41.003
17.202
33.123
42.687
11.853
40.451
9.379
40.690
47.945
21.594
26.725
34.977
10.929
10.025
16.116
26.713
19.408
19.981
8.285
34.774
13.004
18.853
13.220
7.243
18.647
42.987
9.686
54.744
59.409
52.646
27.020
59.251
48.627
24.264
26.786
13.060
10.235
5.962
12.026
12.241
15.159
16.043
14.201
54.198
5.226
2.813
54.453
16.143
56.389
30.342
28.089
59.346
58.779
11.688
4.598
49.602
53.681
59.843
52.412
46.019
14.039
11.511
10.737
23.051
22.131
46.072
58.020
43.527
48.146
27.192
56.485
54.948
8.572
10.823
49.769
54.508
28.546
34.556
18.090
13.111
20.249
10.378
6.996
13.894
30.000
9.132
58.828
8.573
54.408
45.200
10.335
41.115
53.699
56.654
3.380
60.793
60.801
17.563
3.893
15.136
54.190
49.478
57.886
4.105
53.227
52.588
6.973
10.502
5.463
3.823
58.825
54.089
57.778
53.424
53.380
56.773
14.905
52.415
56.983
32.751
40.361
11.213
36.090
21.378
7.843
57.956
45.766
54.323
53.244
57.293
48.674
6.025
9.033
9.794
9.126
34.944
11.587
51.159
50.309
41.264
9.990
15.176
24.054
7.000
58.768
18.246
4.990
26.255
7.481
31.398
41.472
13.274
36.348
38.921
27.030
2.357
34.313
13.763
8.284
9.160
33.732
41.350
35.473
7.658
47.449
58.687
14.467
32.846
12.513
46.505
30.553
23.331
44.057
11.576
26.507
51.737
11.527
33.817
10.051
10.386
17.864
55.003
10.536
50.464
13.805
60.742
16.592
10.140
44.447
33.715
32.272
27.067
43.865
19.360
16.549
9.792
52.783
33.165
39.204
31.821
27.418
8.107
25.089
17.298
22.427
5.803
7.803
37.955
60.544
56.276
60.338
14.444
22.378
15.813
28.356
54.818
16.917
17.281
11.403
14.115
16.277
17.159
25.029
43.945
50.538
40.906
36.218
10.008
51.657
18.514
25.889
47.789
30.836
13.424
25.791
7.390
14.877
46.283
10.541
17.996
25.619
8.346
40.263
33.731
58.398
6.934
28.870
13.989
55.655
38.953
8.018
13.503
7.982
57.506
23.985
12.192
21.983
26.556
59.940
38.851
32.590
38.659
16.277
9.478
10.983
12.152
15.356
10.032
42.363
15.612
42.588
59.296
35.351
56.807
8.870
55.435
31.031
27.187
35.945
17.943
14.294
41.619
19.444
42.374
7.197
36.658
6.132
11.851
11.840
10.543
18.668
26.562
18.590
13.850
9.191
17.640
15.756
9.430
58.042
43.693
4.729
23.406
15.451
16.339
17.300
11.840
32.245
32.796
24.458
16.211
51.446
20.087
41.735
55.474
26.472
53.026
16.634
16.999
37.912
60.329
54.073
58.454
52.517
53.208
54.055
20.866
18.051
8.371
51.512
51.863
6.987
20.653
58.698
13.561
17.312
51.779
40.205
48.220
21.214
14.594
23.215
24.509
14.171
35.402
21.616
54.637
26.410
18.071
51.537
32.017
44.002
6.115
15.410
21.090
9.243
8.464
17.575
53.081
51.180
54.690
43.524
50.819
46.214
25.032
47.274
14.718
10.921
13.074
52.748
54.024
44.574
50.178
15.062
7.195
11.632
17.890
23.879
4.013
14.373
54.516
56.845
8.471
21.748
46.756
48.420
4.723
52.151
6.876
59.022
47.665
44.319
27.233
54.164
30.218
54.470
51.817
3.632
5.053
35.277
4.520
17.349
11.675
13.644
17.081
25.127
28.392
15.510
26.915
19.825
10.346
57.180
21.851
4.683
26.981
29.447
36.337
41.253
39.621
32.740
10.873
9.030
53.478
45.657
43.124
18.204
17.405
48.893
46.871
14.438
28.100
19.416
13.835
21.379
34.266
12.456
18.274
40.208
46.610
18.284
54.484
52.575
50.842
20.592
5.157
50.440
58.048
49.514
7.499
8.636
39.111
57.412
42.574
28.721
24.706
32.323
30.625
27.684
49.179
55.339
12.093
33.693
46.652
8.135
50.632
46.834
13.581
26.557
13.049
44.369
17.603
51.158
40.018
12.904
18.044
10.107
55.695
49.907
47.947
45.981
25.854
21.908
21.700
52.353
10.067
11.454
28.139
46.309
57.107
52.001
31.517
40.232
55.122
18.012
36.488
27.708
57.931
52.534
56.009
14.473
24.288
8.316
17.322
7.468
47.333
9.614
30.872
55.478
6.849
52.416
12.246
42.166
18.197
29.102
31.987
60.193
37.074
8.715
23.534
39.599
7.089
40.314
16.231
52.258
47.118
54.871
36.876
13.737
29.335
27.508
31.686
29.518
20.732
25.133
10.558
13.734
14.503
33.669
9.075
54.615
44.472
44.166
8.564
39.567
54.372
4.970
7.871
26.217
50.073
52.335
44.973
36.221
43.054
48.887
46.303
49.255
6.429
8.952
57.248
34.692
41.633
42.729
40.486
33.873
9.371
40.273
8.460
42.349
41.262
46.628
58.181
56.345
23.598
59.042
28.683
56.182
10.463
10.977
47.218
57.822
13.690
10.002
35.986
2.114
28.256
38.595
10.772
13.846
18.200
9.098
13.813
49.475
8.728
45.960
20.028
46.168
40.632
52.021
45.468
22.097
5.683
49.014
8.799
14.074
35.635
32.215
37.404
55.790
23.571
54.122
51.201
7.942
40.407
49.814
41.131
43.451
6.571
45.750
8.341
15.447
14.902
7.437
35.642
24.273
12.360
21.963
19.755
48.304
58.045
45.751
42.853
51.202
41.262
43.168
18.064
28.863
8.417
12.348
16.583
51.225
55.984
18.247
54.117
43.251
6.185
16.940
49.241
22.222
22.583
10.779
43.182
23.695
30.262
16.177
17.857
1.945
11.630
49.453
5.204
56.283
13.481
26.533
10.129
44.792
28.651
55.814
12.769
52.099
23.899
52.312
26.310
40.666
30.193
33.070
45.878
34.192
10.756
40.006
22.196
51.383
56.061
50.780
40.401
34.427
15.611
41.494
49.012
54.419
46.696
53.972
47.546
33.288
34.645
35.268
46.248
53.209
47.056
12.262
35.782
43.498
31.550
52.916
30.608
44.643
29.672
47.435
17.496
22.205
12.584
51.137
2.564
8.464
39.472
13.787
13.652
15.171
49.002
13.072
42.491
22.759
31.782
52.089
45.343
37.267
58.035
4.389
26.094
33.815
9.556
58.376
12.089
57.504
50.359
7.704
10.431
25.931
55.563
34.971
9.704
23.789
17.588
33.242
23.951
12.086
37.205
50.014
48.680
18.665
16.001
16.590
53.099
8.815
51.590
48.168
61.030
49.714
30.368
11.007
6.176
18.664
6.917
12.069
13.894
13.829
32.708
47.503
41.836
22.587
24.850
19.669
9.471
8.751
34.573
46.532
32.104
55.829
55.076
10.525
39.546
53.280
56.151
18.571
19.351
53.808
14.699
25.302
58.584
22.478
15.706
25.908
26.869
12.934
11.676
29.989
26.221
19.371
14.106
11.766
42.969
8.567
43.596
27.556
50.721
8.634
13.590
23.345
49.494
5.500
14.583
42.700
13.696
27.636
5.775
51.876
18.275
52.758
35.814
25.045
52.297
47.391
21.516
52.899
47.342
5.843
46.337
28.765
40.235
36.794
37.523
18.495
38.962
9.308
58.073
18.887
41.690
9.028
54.297
50.280
40.207
52.083
50.592
37.764
51.400
57.262
46.288
39.430
11.180
16.796
3.389
49.564
45.305
21.724
28.863
32.493
36.726
33.832
46.377
15.256
30.981
9.653
26.955
47.327
13.389
54.586
42.695
35.438
8.967
20.469
40.693
40.122
50.266
50.504
58.465
56.534
18.630
35.981
23.397
14.137
16.353
31.859
11.910
11.986
49.735
22.325
52.465
11.854
47.028
45.433
9.485
15.690
13.227
36.403
13.161
23.518
57.523
42.661
55.931
53.378
12.443
49.757
55.987
58.881
16.242
7.870
58.547
27.542
16.628
8.898
41.111
51.765
9.729
50.303
50.943
50.208
44.794
50.979
49.410
47.385
41.454
12.089
47.832
29.669
59.245
7.165
60.274
58.379
13.634
34.599
45.634
9.644
29.270
39.127
20.368
20.814
50.767
39.489
5.502
41.958
56.441
57.461
50.566
4.248
24.459
7.738
18.755
6.972
51.407
38.544
50.518
54.513
45.068
51.460
49.893
15.261
56.683
57.195
51.431
24.759
21.178
9.595
7.721
10.110
13.474
22.408
3.656
27.879
16.212
8.610
17.826
46.990
15.060
60.212
15.935
21.353
30.352
23.930
7.142
17.687
55.627
52.454
10.401
54.052
35.005
34.203
57.812
12.672
20.079
8.946
19.380
51.892
47.938
24.230
5.856
57.849
14.213
7.296
16.544
13.149
16.986
33.284
16.547
4.313
55.849
18.163
38.839
7.353
14.730
19.777
8.707
12.015
12.079
11.808
7.885
34.016
35.544
37.962
33.383
33.733
6.905
48.767
51.086
38.418
18.250
7.754
27.594
7.711
5.912
13.007
37.544
15.456
40.826
57.770
16.740
8.230
27.798
23.479
17.864
23.410
31.151
3.744
21.121
5.785
16.110
49.629
36.838
16.218
18.751
16.736
33.702
31.208
19.757
9.808
6.666
24.820
60.599
32.742
29.275
13.652
4.912
22.773
38.247
7.704
41.443
29.464
42.443
21.092
18.814
59.740
14.277
14.681
5.400
19.709
33.467
11.006
7.110
18.499
53.980
7.635
51.871
38.710
33.079
13.100
12.108
54.585
49.769
18.110
48.095
40.707
35.992
42.089
56.862
37.806
19.389
23.582
48.022
57.145
29.920
7.609
58.729
8.960
55.097
59.275
57.605
55.349
12.723
40.727
48.229
45.746
2.657
51.814
9.723
22.215
21.341
52.892
13.225
58.222
16.702
44.427
10.715
9.788
54.462
13.139
60.918
50.703
31.375
56.975
52.694
28.253
53.665
36.881
17.319
9.426
56.712
39.729
57.214
7.099
6.120
22.067
25.696
13.169
42.428
11.357
43.453
48.582
6.673
23.910
52.415
4.804
17.561
13.877
51.582
11.451
13.340
55.649
46.556
46.094
59.007
22.215
56.173
6.750
8.988
55.440
35.695
59.640
6.009
41.526
42.437
42.700
46.366
44.943
39.886
15.170
49.728
6.636
33.008
50.670
47.234
6.592
57.366
57.970
29.769
5.781
46.590
12.104
60.595
16.716
19.163
12.082
14.515
7.858
12.916
9.532
30.673
5.165
57.282
45.779
47.132
49.779
42.133
10.456
14.559
24.615
53.333
12.948
33.461
38.231
58.247
10.690
16.329
50.826
55.689
54.222
58.715
50.386
52.787
33.002
10.253
9.292
6.373
6.321
16.074
15.815
5.478
11.216
8.818
49.640
46.376
10.163
8.086
52.068
11.017
53.342
45.387
44.452
59.212
6.858
40.857
25.340
58.364
18.536
5.757
52.196
11.440
8.640
54.250
58.875
15.551
15.575
19.150
58.559
11.051
5.512
43.727
38.490
15.741
9.963
8.798
10.490
5.724
17.068
23.731
14.148
44.146
14.064
3.917
20.661
6.682
21.381
16.544
17.551
11.390
36.486
26.858
25.668
4.421
12.235
13.574
35.561
10.275
41.740
16.234
7.755
36.557
5.069
40.304
8.046
7.927
11.644
30.337
41.014
13.559
24.639
52.658
13.909
59.183
54.578
29.307
49.629
17.623
26.594
29.078
11.554
57.376
41.791
17.610
8.227
27.977
51.485
47.262
58.891
33.045
23.771
53.769
6.651
23.915
28.197
11.444
19.165
9.051
21.595
41.198
34.981
13.816
45.492
33.331
21.710
14.204
14.881
54.456
54.673
20.406
25.607
44.879
19.179
37.737
9.695
52.977
18.320
49.957
24.087
30.489
23.825
49.241
7.815
26.790
24.719
59.762
59.280
49.902
24.193
30.056
36.083
30.095
9.106
8.284
34.923
14.726
12.934
22.860
16.255
45.409
13.393
61.029
4.444
47.823
11.851
22.340
31.241
7.289
23.018
59.441
15.087
11.491
8.423
41.990
6.320
1.890
48.739
10.624
18.165
15.819
40.091
41.174
38.928
10.748
18.657
18.477
41.314
38.340
33.127
24.988
34.427
5.312
55.780
14.125
9.956
39.073
44.199
7.558
12.295
18.580
60.447
50.519
57.046
47.900
55.055
6.988
55.648
58.432
3.772
49.398
37.237
59.374
48.598
15.155
25.877
10.538
33.102
42.225
9.812
17.654
42.978
59.747
21.634
14.044
50.311
12.633
14.272
34.995
44.112
33.217
39.675
38.677
13.087
47.569
26.809
28.781
22.537
6.163
22.942
15.421
49.680
44.974
10.655
54.560
58.149
9.753
29.225
20.239
54.551
54.170
40.965
47.014
6.617
6.920
54.691
8.573
30.804
23.789
5.114
9.437
16.381
14.549
16.546
48.076
6.773
7.242
32.530
12.993
39.364
56.869
10.922
10.354
56.291
11.791
51.785
16.588
8.462
55.479
46.237
53.143
47.621
40.433
21.173
33.574
46.032
35.734
46.552
38.151
42.363
18.167
48.546
35.047
13.834
8.695
11.031
50.195
24.740
25.742
44.974
17.643
41.591
14.962
54.194
19.313
8.619
56.296
52.789
59.120
12.982
54.296
36.834
7.484
6.053
56.958
56.383
50.933
57.977
47.035
57.938
52.107
14.873
12.326
15.889
48.185
50.648
47.544
26.891
16.404
42.854
56.992
7.385
37.537
40.505
18.332
15.810
38.781
36.712
34.239
18.536
45.794
54.025
56.358
45.306
10.368
50.640
54.792
11.060
57.148
56.513
51.143
12.429
5.971
26.642
12.754
59.366
55.889
28.264
18.113
50.797
20.911
13.796
56.460
56.503
7.331
5.407
7.089
41.085
44.731
49.701
13.135
30.915
59.528
36.860
37.625
8.910
13.920
46.428
49.779
47.832
9.793
27.840
43.599
58.841
6.728
47.237
48.389
49.233
46.557
32.733
10.953
13.837
13.654
7.129
16.843
51.229
52.196
53.105
36.224
49.445
9.817
8.195
51.027
18.433
27.462
7.584
55.428
48.836
21.172
44.405
12.753
40.700
36.913
54.841
59.588
43.624
17.235
36.981
32.068
14.645
15.014
18.096
37.722
35.115
4.298
50.375
55.973
9.041
49.549
43.248
44.138
49.228
53.718
44.236
53.629
59.003
8.633
40.046
34.143
56.673
28.541
41.002
43.277
24.673
15.919
11.414
17.438
11.220
18.098
23.081
50.174
17.334
56.445
22.678
60.981
10.933
46.319
53.927
57.778
12.176
35.960
34.334
32.738
30.245
32.303
46.890
52.286
56.459
36.132
26.877
10.535
18.570
27.501
54.848
54.762
15.387
22.292
6.750
13.957
39.417
42.253
43.250
2.039
51.227
43.768
53.028
59.012
13.849
46.131
40.307
51.142
57.265
41.393
39.460
10.413
45.553
11.101
33.070
8.937
23.758
14.769
30.949
12.349
44.957
28.845
27.484
52.753
60.795
57.552
31.817
42.876
13.863
9.340
52.007
22.108
59.390
11.114
44.410
58.041
41.568
16.547
12.357
42.527
48.209
35.738
44.948
57.247
7.998
32.558
53.829
15.220
9.544
20.824
38.756
52.150
12.146
9.458
52.351
17.851
37.267
56.388
29.386
54.640
53.487
32.231
46.646
44.613
44.568
38.668
25.234
21.732
24.550
60.918
10.150
59.829
58.959
31.165
54.718
24.118
8.058
53.499
50.742
51.240
56.897
56.414
59.704
53.546
22.920
17.280
56.862
32.781
34.796
11.549
7.791
3.265
15.869
9.792
3.470
46.881
5.901
26.677
44.478
8.937
59.247
38.539
37.285
45.346
9.141
58.447
55.427
41.986
47.674
18.650
56.917
32.480
20.902
29.372
26.718
6.091
41.597
39.300
33.567
48.586
53.906
48.530
49.990
35.321
48.961
44.816
10.005
52.905
18.575
58.880
60.468
41.861
9.055
52.937
9.529
6.652
38.459
16.047
18.600
18.639
21.288
50.243
55.032
4.946
44.493
39.775
8.868
6.874
47.952
41.343
15.420
15.758
31.040
42.575
18.837
42.340
59.799
58.837
8.372
21.126
31.193
30.033
41.591
47.629
50.384
55.143
6.455
14.179
16.306
58.421
32.573
16.854
41.632
53.400
12.207
14.099
26.371
27.693
53.248
53.026
61.611
56.081
47.736
48.239
50.504
27.779
13.676
10.422
5.423
56.441
13.825
52.218
36.888
9.365
58.007
59.801
5.320
26.709
5.608
27.214
45.651
57.758
9.767
52.020
35.094
35.825
49.867
57.435
56.478
37.159
43.662
35.188
48.891
36.517
38.178
45.846
41.308
9.203
45.951
15.559
9.609
12.603
13.058
17.330
21.100
53.970
12.003
10.657
21.544
49.945
55.781
52.334
58.739
59.861
51.257
9.547
46.744
7.390
16.407
11.321
59.671
13.565
8.835
47.394
7.442
51.578
45.010
42.329
10.885
50.485
46.787
53.656
8.652
58.319
27.891
11.742
60.380
24.254
55.860
39.002
31.667
7.407
23.876
49.919
44.445
18.961
43.069
20.434
19.643
40.302
13.735
54.011
51.248
39.079
31.746
8.484
33.861
19.812
35.666
9.704
32.990
17.631
7.317
39.873
14.007
53.053
21.111
44.845
58.392
46.460
3.927
9.962
15.045
43.349
34.761
42.129
25.973
31.069
43.694
23.491
34.696
28.375
18.715
12.500
10.737
7.567
27.100
21.087
43.907
8.301
7.369
13.986
5.849
51.979
59.260
9.614
59.001
12.176
49.724
7.360
46.381
10.126
14.472
16.363
60.548
18.031
14.063
18.167
28.526
31.958
34.781
52.843
59.881
59.652
54.364
21.625
40.760
51.907
45.512
27.155
29.772
22.762
18.087
18.050
28.175
23.570
21.548
53.892
52.041
14.370
7.793
22.715
51.407
9.099
19.689
25.035
41.361
57.975
15.897
47.045
55.651
21.217
29.484
54.351
26.783
36.893
35.691
45.279
14.892
55.968
55.335
33.362
50.643
42.372
38.456
27.252
11.726
60.610
60.033
31.991
57.301
44.518
12.638
10.136
46.682
8.608
8.767
33.415
31.323
43.432
23.377
9.246
49.660
44.106
40.907
12.414
37.727
22.262
46.364
6.269
36.565
7.135
45.009
23.051
12.820
17.250
24.355
6.699
8.783
11.619
60.487
10.201
11.196
51.478
53.566
52.337
29.735
48.570
52.393
51.832
55.066
18.985
57.741
14.052
21.353
60.116
7.557
25.483
12.179
38.540
33.943
38.786
26.321
17.043
40.996
40.103
48.039
42.000
37.548
22.590
7.663
49.251
10.284
37.630
8.116
48.707
25.626
42.844
7.105
15.272
58.322
14.678
21.268
58.583
10.235
42.443
10.854
9.527
50.942
12.740
18.895
31.127
53.595
24.039
28.217
60.228
7.918
9.561
17.419
43.798
60.641
39.373
36.481
33.420
22.328
11.936
6.072
19.320
13.288
39.023
13.923
40.694
43.853
14.659
55.421
56.615
52.985
29.936
7.058
22.008
52.542
48.700
14.032
13.813
12.959
46.459
52.718
8.114
11.432
9.052
7.765
12.001
28.553
50.510
15.374
51.988
9.395
8.894
11.133
7.720
53.126
47.649
28.306
21.789
45.825
25.845
52.449
11.911
53.964
43.129
43.742
8.824
32.542
48.986
48.321
16.374
23.009
16.597
9.452
20.668
9.488
10.181
6.992
12.763
44.720
7.254
21.312
38.989
19.123
36.054
31.506
53.899
13.861
27.935
7.896
38.054
7.925
41.451
11.159
19.513
54.770
21.915
9.380
20.507
6.024
6.353
10.590
16.553
23.909
48.188
54.722
28.534
58.454
33.236
53.490
57.018
36.336
5.732
46.289
11.908
18.995
43.406
14.611
55.824
2.596
55.765
48.130
32.019
36.335
8.061
29.692
61.019
14.608
22.973
31.070
14.371
60.154
50.866
36.121
15.033
37.915
35.217
8.662
40.077
45.113
50.461
53.563
57.960
45.533
33.251
1.317
6.920
14.330
13.124
11.598
39.925
45.328
10.654
13.281
4.441
17.337
6.767
12.901
46.178
40.689
55.457
6.452
52.119
48.020
53.293
45.615
39.325
59.901
9.107
14.582
35.022
5.101
30.797
11.410
10.375
54.310
21.664
57.797
17.351
20.040
16.957
6.707
34.665
12.221
27.577
40.674
9.121
52.102
43.444
19.710
9.907
8.722
46.023
31.645
15.335
44.772
34.445
35.817
44.847
27.103
33.205
58.309
43.579
49.842
7.084
5.470
53.425
51.898
34.595
46.559
56.861
24.292
10.402
7.014
51.016
35.094
6.604
59.434
44.271
56.551
42.960
12.979
28.151
59.205
42.433
46.288
44.550
13.588
58.293
16.531
42.071
7.366
50.869
11.042
24.300
31.316
10.239
55.589
49.325
16.773
52.096
16.320
20.119
32.042
56.453
60.229
35.980
13.482
47.734
31.620
52.667
26.310
8.337
23.557
30.488
11.557
37.492
27.414
23.328
33.533
46.639
6.617
46.184
44.759
23.300
56.202
6.051
5.679
21.990
8.443
17.814
5.787
54.055
52.197
23.718
8.602
51.266
41.682
14.904
7.299
21.891
22.295
5.626
19.558
45.135
57.738
15.055
8.373
59.211
53.324
6.515
10.207
40.411
10.186
5.796
25.670
53.778
59.658
14.898
16.953
14.950
12.983
29.750
24.204
17.056
7.705
10.306
53.012
18.446
54.589
21.999
32.520
44.494
58.531
34.511
42.303
13.425
6.777
6.380
47.881
33.802
10.708
18.100
17.127
31.610
48.037
54.973
4.030
6.456
54.070
59.729
16.556
59.402
7.777
20.793
42.248
56.297
39.697
60.575
8.782
58.199
47.026
45.350
54.723
38.518
33.475
5.187
34.564
19.781
37.842
15.329
47.599
7.669
35.686
11.006
42.737
5.206
6.832
10.021
38.272
60.011
36.580
7.860
35.131
9.061
28.083
51.939
31.460
54.326
38.280
11.928
58.494
32.266
46.913
44.056
40.604
33.485
12.180
35.038
39.603
52.325
8.443
20.167
36.482
56.919
7.641
6.176
47.322
25.217
42.469
42.799
11.805
15.297
41.726
43.491
33.429
23.917
53.225
15.232
19.219
48.010
59.960
3.905
9.831
19.049
10.270
10.699
10.761
56.146
25.840
8.010
23.740
30.623
24.037
43.660
41.025
41.860
56.201
33.621
41.415
31.989
46.418
7.907
58.466
9.195
30.007
25.282
21.745
32.461
6.011
13.173
26.546
18.731
22.511
30.806
12.723
53.351
59.112
10.291
58.293
14.151
58.878
17.125
9.757
46.922
19.180
50.040
51.098
11.699
9.426
15.422
16.423
8.231
11.847
51.322
42.250
10.972
57.237
49.265
12.374
51.361
58.642
19.492
19.233
53.024
59.287
50.876
28.883
26.167
17.464
43.431
47.727
29.066
56.659
42.381
16.817
23.880
10.158
9.715
16.084
52.539
59.718
57.676
58.376
9.795
45.935
54.805
10.190
38.737
35.537
24.849
27.970
22.169
26.747
57.450
10.627
55.230
21.572
2.669
25.783
11.364
40.930
10.307
37.005
14.957
23.674
33.225
33.437
40.011
26.377
15.440
22.439
51.173
56.317
56.255
6.334
6.137
4.797
19.101
9.077
40.144
3.684
22.106
39.759
14.184
14.511
43.428
28.312
46.026
31.132
7.008
53.000
18.230
11.233
49.165
12.749
7.786
51.933
54.686
57.878
12.405
9.832
50.641
16.303
16.940
36.003
48.790
28.648
13.344
15.741
12.448
8.535
44.808
59.420
51.059
58.344
20.994
42.058
20.571
58.396
51.757
50.218
43.664
39.305
57.766
43.539
25.977
7.599
11.472
5.473
52.727
37.500
58.481
10.512
51.060
4.806
52.830
11.358
46.736
52.515
60.154
53.241
12.025
25.097
57.914
8.002
12.046
9.776
25.761
36.276
12.447
60.075
47.194
45.710
49.481
47.313
16.923
57.614
17.486
4.483
10.279
60.361
51.121
58.357
9.701
59.553
14.468
10.237
8.566
12.181
26.987
36.310
47.640
7.913
21.410
14.309
59.079
27.988
24.700
9.731
58.522
55.251
55.309
1.016
8.279
9.530
14.475
26.146
15.888
14.474
6.801
34.379
51.740
57.269
50.840
5.007
47.640
40.366
37.702
49.698
14.828
38.858
12.469
55.297
54.436
46.792
56.202
49.283
53.198
57.980
53.144
41.328
7.808
29.183
57.864
25.371
18.224
59.362
53.455
40.452
18.038
18.120
46.960
8.029
19.691
17.652
34.775
4.125
50.387
7.569
42.900
51.659
32.081
17.556
4.557
43.583
8.214
59.571
15.513
9.308
15.744
31.557
5.588
19.024
38.496
44.531
8.342
55.219
43.743
37.550
47.423
57.928
10.322
8.539
15.146
13.184
18.754
4.866
9.642
8.223
24.793
16.813
8.348
7.909
12.736
33.985
48.973
55.585
55.954
46.780
11.428
30.991
55.681
53.816
7.589
21.224
58.783
15.368
32.614
18.359
35.010
20.958
22.926
10.930
53.924
51.197
37.370
54.110
53.031
11.446
6.660
58.432
52.174
5.263
47.873
33.526
10.673
37.875
34.658
44.820
59.251
11.461
7.830
8.698
9.902
12.414
56.448
45.603
33.486
14.074
45.512
27.137
50.413
53.299
51.977
12.217
5.317
5.251
54.213
22.681
38.065
52.906
20.899
52.078
52.197
56.440
36.915
42.740
52.028
39.503
48.809
59.708
56.480
35.548
33.939
8.618
22.529
55.151
54.870
47.793
15.179
55.412
42.499
25.626
22.145
5.774
57.456
15.406
47.816
35.584
49.255
27.156
32.862
17.060
13.473
52.686
52.913
19.516
50.288
32.032
51.670
52.724
39.162
9.667
10.862
49.428
25.107
4.628
20.658
28.928
41.437
53.865
38.118
20.430
53.941
58.017
16.743
9.317
33.193
31.472
11.200
5.249
56.643
57.442
8.746
29.016
45.482
30.178
6.220
7.142
18.318
55.384
59.938
8.231
26.117
53.993
38.248
13.979
10.408
22.282
20.908
54.110
31.914
40.046
51.605
53.221
58.178
9.238
25.495
25.471
61.285
34.046
40.783
32.713
6.088
10.951
37.487
5.046
33.065
61.120
14.606
2.849
36.997
45.057
8.003
10.267
11.054
46.594
39.342
29.188
16.966
13.784
8.272
42.204
7.468
49.078
52.527
8.875
57.172
46.025
51.425
14.685
57.236
17.966
39.838
6.770
14.122
53.274
16.988
31.702
39.600
47.055
8.200
5.687
13.228
11.127
51.032
11.061
19.361
19.391
48.284
16.482
23.815
33.191
41.847
46.584
39.364
30.858
33.074
10.050
9.542
45.227
23.625
11.611
7.189
9.934
19.623
14.400
15.703
26.996
49.926
49.072
31.351
9.988
17.927
15.687
33.460
27.208
11.154
15.584
8.641
7.469
18.281
14.809
4.058
52.753
49.944
48.604
14.529
7.926
56.240
56.259
36.630
47.852
52.199
27.421
24.475
9.224
37.672
8.985
27.310
30.885
28.823
7.339
61.169
55.265
16.846
5.732
27.396
18.168
26.131
28.871
46.675
22.643
20.916
20.085
45.972
59.611
19.874
21.864
22.409
40.259
5.259
39.235
28.762
15.424
17.237
10.167
21.496
36.886
42.989
35.120
51.738
40.258
38.616
34.228
5.982
57.412
42.528
42.524
30.978
9.435
19.505
57.769
56.844
53.276
48.995
13.595
5.454
55.399
34.933
53.687
58.629
35.678
34.801
44.933
45.190
9.259
38.108
53.622
18.576
25.190
21.796
47.332
24.476
13.613
51.646
6.032
6.507
10.761
3.536
33.779
34.499
5.873
8.348
7.054
25.425
7.636
10.692
8.109
17.950
6.908
30.957
37.986
42.381
49.408
29.694
36.323
19.355
59.861
59.684
45.432
32.384
8.804
6.366
38.627
54.257
8.264
32.210
18.302
13.771
18.460
20.538
57.048
26.429
14.390
10.542
19.865
8.376
24.173
11.614
9.828
24.387
35.543
47.040
5.731
57.215
18.713
39.663
25.116
6.255
57.255
8.308
5.963
9.526
12.592
33.209
10.079
13.039
8.917
18.579
18.125
19.946
26.592
17.071
57.196
61.197
23.422
58.908
55.906
29.660
5.245
58.400
18.754
14.285
44.024
12.290
6.365
22.775
27.757
54.441
8.451
43.728
13.875
12.257
22.031
32.210
54.086
13.461
46.833
13.491
11.409
14.397
19.473
29.762
40.165
32.168
33.340
10.569
12.467
19.032
26.220
14.179
19.423
12.800
26.860
44.541
32.388
13.866
17.472
14.589
29.749
17.520
8.226
57.606
29.983
49.836
42.144
57.009
4.065
7.415
46.653
11.316
44.133
50.673
56.103
20.085
49.078
57.758
6.108
60.445
10.437
21.157
17.491
9.953
31.349
11.004
16.637
44.865
47.673
23.995
15.041
28.905
29.964
28.604
11.403
60.005
59.902
18.689
8.962
10.150
9.053
14.544
8.914
18.101
9.336
28.868
50.078
20.384
57.369
16.359
52.661
38.486
13.769
53.092
37.880
9.927
19.643
36.248
20.321
25.179
14.190
8.607
28.414
25.037
10.350
12.497
5.473
50.800
10.966
19.080
43.784
20.705
40.706
55.602
58.471
16.873
4.578
13.875
10.390
42.104
51.903
55.166
41.825
19.404
46.427
47.144
15.773
39.885
19.913
10.962
42.588
7.199
9.460
8.097
10.294
30.180
44.390
39.396
28.932
17.499
9.700
56.115
57.917
57.434
38.707
59.307
35.005
41.015
19.079
7.248
11.187
56.411
31.812
59.259
11.867
49.232
15.072
43.276
12.194
8.696
22.209
47.476
19.384
12.726
20.317
21.591
6.922
38.381
47.364
10.469
8.318
6.525
6.221
8.145
27.592
55.574
7.623
5.702
40.499
30.466
50.967
52.188
24.827
18.369
29.952
6.255
11.905
9.077
6.612
46.600
6.530
53.998
6.274
21.335
46.581
30.827
8.504
59.850
11.340
10.929
14.874
5.421
35.328
37.192
31.779
25.156
31.208
45.383
22.248
27.126
20.240
39.544
10.804
40.502
35.874
39.868
30.669
20.464
30.709
15.230
50.120
32.679
10.593
46.759
51.791
58.517
54.013
20.721
15.553
52.652
50.266
9.919
37.584
35.181
51.483
13.768
59.200
50.146
55.684
31.018
14.032
59.348
60.243
22.309
12.656
11.211
6.072
15.666
45.531
57.717
54.830
53.689
14.907
41.365
56.272
9.118
51.171
53.867
22.317
36.551
53.752
40.898
26.346
58.837
44.074
17.539
39.033
30.780
15.499
20.477
42.639
43.267
55.813
16.553
40.923
36.263
53.215
42.068
32.211
51.893
46.126
35.357
48.901
58.579
50.239
60.032
25.579
40.918
57.038
40.961
58.143
55.726
9.981
55.924
48.724
49.956
21.919
27.612
47.421
24.292
10.859
12.428
48.004
33.544
17.255
13.230
11.310
21.852
5.333
8.710
44.504
37.985
46.331
51.454
51.294
9.981
8.556
23.747
7.101
16.767
49.635
51.813
42.684
26.566
14.461
30.825
53.289
9.185
40.522
7.147
11.990
12.230
13.568
6.792
20.801
23.463
19.781
1.726
45.397
9.141
16.548
12.308
21.601
56.124
2.423
30.199
12.978
54.545
55.017
44.435
48.935
17.535
47.344
21.763
42.942
48.266
26.145
9.492
31.350
8.168
38.398
17.201
44.229
36.245
15.032
6.400
5.894
10.181
12.765
60.250
14.870
42.336
55.206
43.378
28.277
60.612
27.110
11.537
6.527
56.155
11.568
17.819
28.172
20.135
42.671
44.875
26.455
25.649
9.340
22.253
24.062
10.194
13.074
32.088
24.982
45.225
56.933
24.658
26.286
41.013
37.655
56.675
15.171
23.347
59.564
18.172
10.278
38.986
16.559
34.289
30.218
41.334
19.456
60.164
47.679
47.315
57.018
54.246
36.269
10.385
8.710
49.501
47.772
17.555
16.813
41.209
37.120
32.197
43.711
39.136
38.009
53.019
13.976
11.771
29.821
16.797
47.489
58.031
11.975
35.074
5.884
44.891
23.896
21.787
38.295
12.470
29.763
38.210
46.211
24.699
56.176
45.675
54.286
56.879
22.593
8.297
35.936
7.185
3.748
47.441
14.421
50.651
16.696
13.909
29.662
18.990
37.642
13.892
53.319
15.273
25.007
25.890
39.539
33.941
54.059
43.927
5.045
26.379
57.642
17.877
25.184
59.590
34.790
44.919
15.035
14.398
59.430
46.876
36.558
28.642
25.424
43.935
17.249
14.954
16.328
51.389
13.260
45.511
20.223
8.605
12.518
8.113
7.126
16.966
14.067
19.802
12.640
26.463
51.475
25.713
51.989
56.079
6.374
54.318
8.051
31.052
58.071
37.300
26.684
25.480
34.181
10.670
46.670
48.100
50.619
39.344
16.992
49.447
41.463
13.591
18.378
47.317
49.455
17.432
23.065
12.597
9.875
20.322
10.281
37.959
8.006
41.867
16.539
24.017
15.261
15.145
19.811
49.816
54.828
50.224
26.789
58.055
59.796
47.554
55.769
52.729
12.494
58.775
39.389
6.086
39.491
24.035
39.925
20.976
15.307
7.913
6.933
34.207
19.196
22.655
20.772
26.630
23.662
21.071
9.250
30.646
10.218
59.010
25.089
38.026
58.502
28.014
12.712
46.743
7.389
54.183
9.524
28.125
43.019
16.051
24.503
46.666
16.588
56.884
14.010
48.141
6.185
40.236
27.747
31.567
51.583
49.011
10.277
18.530
23.171
55.845
7.992
58.987
5.877
35.971
20.464
57.536
28.245
19.862
42.579
55.295
6.964
37.472
10.764
22.823
9.992
22.913
7.673
11.556
10.006
7.056
52.429
6.234
40.987
10.556
43.842
29.926
31.008
21.475
51.698
54.013
40.509
13.495
22.686
9.758
22.540
48.559
11.119
16.662
45.887
32.340
41.716
24.491
39.086
28.331
30.912
51.381
59.503
56.485
58.727
25.208
16.491
47.026
26.934
55.919
51.215
23.263
51.083
12.750
45.952
45.825
55.779
10.603
12.307
21.054
11.002
56.850
21.864
15.195
14.110
7.246
10.535
49.075
8.161
46.126
16.907
21.914
29.275
29.445
18.577
45.820
29.017
23.532
13.394
47.917
53.862
34.004
51.035
45.477
39.863
52.727
6.917
57.254
49.613
56.426
21.392
10.051
59.091
54.003
55.857
50.054
22.835
19.030
26.075
20.253
19.678
15.697
30.498
11.069
47.426
41.119
45.827
22.060
39.332
33.256
41.157
42.075
49.937
43.522
42.409
9.479
48.324
25.104
9.498
29.125
17.572
21.477
7.839
18.267
59.417
59.198
4.663
47.931
6.533
20.339
49.510
29.881
58.245
1.048
33.327
42.920
53.812
59.909
57.367
28.803
10.172
9.195
36.072
34.556
9.080
8.519
36.673
5.027
34.255
28.339
9.409
41.557
32.658
33.310
48.552
55.875
23.774
37.440
53.301
13.061
18.638
28.940
14.950
9.894
26.312
11.220
34.093
37.934
56.496
5.253
57.577
53.312
52.900
41.404
52.492
8.708
46.728
54.646
57.445
48.608
15.338
13.540
30.400
41.293
57.753
42.359
47.126
13.594
6.265
37.032
38.065
30.493
5.239
16.253
39.021
53.948
40.342
57.886
59.699
20.348
40.227
14.333
31.120
14.770
24.726
48.027
45.056
40.967
42.343
10.758
47.885
7.852
8.964
12.419
11.414
40.174
24.304
21.741
11.618
29.052
4.512
6.038
5.396
46.998
49.052
36.571
49.033
51.895
14.048
58.364
34.329
57.616
56.625
57.228
10.290
9.803
6.900
7.349
8.865
13.876
7.749
38.659
6.196
47.147
43.365
38.823
12.228
33.656
56.061
47.391
6.143
11.309
7.694
34.713
54.363
14.652
44.428
14.866
9.968
20.807
15.457
60.383
7.549
7.879
20.989
35.479
46.824
41.266
47.650
49.006
9.044
53.871
3.880
7.265
49.157
13.337
13.152
48.390
14.893
17.380
47.848
50.472
45.166
22.640
7.883
26.107
40.645
7.654
41.102
44.930
41.885
34.347
9.240
8.182
26.604
44.137
7.730
54.837
61.325
2.507
8.354
17.175
37.859
54.854
29.294
45.832
29.311
47.197
30.708
17.143
8.951
9.916
17.031
44.258
8.702
34.000
12.089
9.458
21.885
16.371
16.733
58.532
20.177
54.394
34.772
6.298
13.781
11.221
12.806
26.712
21.895
26.703
48.464
54.197
52.641
32.156
58.475
55.071
53.503
16.496
47.137
46.389
45.793
10.178
34.167
32.701
55.718
42.673
8.800
50.862
60.026
46.548
54.179
54.610
40.234
22.030
39.860
16.760
14.583
13.526
37.324
32.575
59.008
55.702
7.187
48.580
35.377
56.158
42.899
44.279
35.995
48.312
16.017
59.328
4.952
10.257
47.688
24.475
46.970
32.621
9.432
35.485
5.306
55.121
57.963
55.558
51.148
46.142
56.572
16.285
27.883
21.750
30.256
24.933
15.084
14.106
11.963
19.021
42.894
47.608
56.373
58.811
13.107
15.699
57.794
58.430
31.871
12.770
6.808
11.053
21.985
22.733
22.734
45.087
9.027
46.165
40.318
20.307
58.915
10.615
46.245
23.342
24.925
23.673
16.375
8.562
55.318
39.292
28.274
55.363
54.946
36.066
10.590
35.657
14.908
9.340
29.943
54.785
14.917
43.255
33.319
26.165
38.185
18.761
13.829
36.384
15.583
59.060
51.821
11.080
20.483
58.920
55.427
58.328
59.323
25.979
9.281
39.211
53.095
11.500
30.770
19.347
7.522
22.276
36.994
36.360
15.603
57.566
9.017
29.252
10.404
25.153
18.029
12.262
7.183
34.796
34.801
19.577
3.650
10.598
30.752
44.766
32.097
39.224
8.398
21.222
52.086
51.007
27.916
27.083
29.560
14.817
10.682
47.075
8.042
43.642
7.402
8.597
59.563
13.713
4.849
12.225
51.766
31.411
20.179
13.121
57.540
14.814
51.120
53.818
58.946
51.879
19.966
34.123
47.360
47.529
23.833
52.120
55.150
11.982
7.298
57.908
11.317
6.619
12.554
47.234
12.930
14.988
14.982
7.420
51.917
24.589
22.996
44.407
48.108
31.911
18.193
52.834
39.443
32.634
45.283
12.989
14.887
17.200
10.353
16.426
33.125
15.652
59.176
33.915
51.027
52.465
9.892
19.234
20.344
40.503
27.353
19.543
6.045
30.786
25.998
29.291
17.738
11.499
53.829
52.404
22.149
30.014
13.677
13.634
20.075
33.582
58.488
54.534
53.548
49.952
26.819
21.305
8.741
27.660
13.705
7.668
14.834
7.606
58.538
22.412
56.238
46.536
8.114
10.915
52.066
7.269
41.111
15.720
4.165
59.051
12.842
7.121
13.332
42.043
24.969
49.650
14.161
15.664
27.848
9.767
17.512
12.519
9.313
9.788
24.618
53.383
44.055
42.962
5.316
54.491
14.018
43.983
52.573
13.234
38.715
43.836
35.622
12.295
11.337
59.245
48.813
7.733
13.148
45.457
43.191
44.988
57.020
50.531
23.364
54.145
52.334
37.535
36.611
54.689
46.641
39.447
21.396
33.120
40.909
10.881
34.048
17.159
53.272
57.856
56.584
57.159
48.225
19.805
3.107
41.460
10.366
15.221
35.111
15.807
33.237
14.262
40.819
30.741
28.049
14.586
44.581
8.645
21.435
25.348
5.775
43.094
14.145
46.880
6.422
30.408
21.277
10.487
53.088
56.008
22.632
10.398
13.507
17.204
53.180
53.747
46.104
3.189
61.128
54.273
36.580
49.397
51.770
15.272
19.359
7.644
16.852
6.530
43.114
45.250
53.450
47.376
17.517
38.341
5.276
21.862
55.715
10.313
46.571
8.997
7.866
7.760
44.327
42.646
50.923
6.042
56.169
45.451
10.661
45.758
11.542
48.810
41.365
35.244
43.449
59.094
51.228
59.470
13.363
6.058
6.929
15.856
56.732
29.156
19.213
36.638
7.515
55.942
59.390
52.692
22.453
59.197
50.389
44.160
48.691
52.507
47.488
46.438
14.829
51.441
29.066
14.620
17.517
42.127
17.788
6.770
28.666
37.031
53.352
6.116
9.171
50.561
51.550
45.335
52.230
4.069
13.614
18.136
55.159
21.611
50.921
10.493
8.107
15.880
49.792
55.429
27.117
50.519
21.505
32.080
52.445
52.244
45.366
22.659
10.990
53.569
10.791
53.043
38.935
59.559
35.421
20.501
11.486
26.585
48.740
22.274
9.197
10.519
38.499
12.877
59.649
57.045
7.070
43.741
21.618
19.218
34.913
53.825
46.217
50.866
36.373
51.246
19.836
30.757
15.054
9.476
22.486
26.257
14.287
11.728
8.132
51.947
53.344
53.064
40.742
41.476
9.389
41.135
8.017
26.524
44.194
11.620
7.190
11.124
20.343
8.358
22.446
12.989
10.503
20.663
56.603
9.603
35.786
13.172
15.210
11.411
42.839
5.347
6.821
45.557
14.340
18.647
17.943
24.245
45.712
10.166
47.438
56.680
50.512
49.130
58.952
54.621
59.797
16.045
21.318
28.661
42.347
54.930
47.017
7.216
56.969
48.095
51.017
50.288
6.656
42.422
34.807
34.101
55.862
54.461
47.205
43.941
25.851
55.252
38.759
30.070
29.892
41.179
35.683
40.351
27.934
31.409
53.913
40.935
29.538
53.297
34.172
6.897
60.021
52.809
16.975
58.217
54.949
51.601
13.918
45.106
32.230
15.831
10.861
49.547
43.569
40.435
24.464
36.822
14.069
19.293
55.034
5.273
23.579
7.300
58.169
19.883
45.625
15.740
16.779
28.656
48.102
5.611
42.713
17.313
24.078
31.343
28.723
47.359
15.879
17.543
16.811
58.988
8.927
23.046
8.197
15.799
19.533
17.999
8.214
8.241
51.769
49.815
14.090
24.262
28.836
9.430
49.977
51.355
57.702
45.736
49.262
13.248
11.300
10.037
29.922
5.939
23.552
6.678
9.976
12.967
19.067
12.509
30.219
31.201
7.219
21.654
39.977
2.540
55.278
49.188
55.455
55.016
48.253
8.999
50.286
24.416
14.801
8.893
30.618
29.071
42.774
18.562
18.373
24.751
42.039
34.595
27.910
16.679
9.043
11.352
31.653
7.516
54.190
28.086
13.382
21.267
37.607
15.575
42.608
54.313
9.690
54.900
40.190
8.857
48.105
15.691
33.141
6.946
34.069
10.542
52.395
52.879
52.932
56.877
46.121
60.302
54.705
15.713
49.919
11.965
9.054
39.839
39.285
36.265
42.210
52.629
14.177
9.794
5.893
51.089
44.170
28.543
9.802
11.232
9.571
38.018
12.485
30.000
28.453
27.687
51.817
13.245
16.458
11.865
6.678
8.475
14.158
31.734
34.528
47.464
57.684
30.315
15.863
39.809
14.272
18.530
20.986
11.580
8.953
30.723
37.850
45.479
34.503
27.234
26.136
34.802
55.662
14.035
48.311
24.427
7.700
36.347
7.040
2.883
52.393
43.947
8.459
25.368
12.236
60.570
25.152
8.758
51.894
57.632
46.408
2.372
15.755
51.709
42.365
12.992
55.479
52.166
41.409
5.678
49.061
36.489
5.942
57.211
55.299
47.797
39.382
40.187
48.366
50.441
14.641
43.574
10.367
23.305
7.843
29.667
44.669
19.759
8.096
27.428
52.966
32.329
5.941
6.314
9.182
37.310
9.413
38.887
20.194
43.071
6.433
6.684
45.066
57.493
54.226
49.307
6.542
7.330
6.471
13.618
6.099
7.334
10.205
9.915
16.109
51.533
33.947
40.417
56.186
31.021
40.507
23.105
47.071
15.163
36.377
12.544
30.360
25.309
6.898
28.152
7.478
8.898
19.768
48.646
11.100
28.560
57.770
51.320
12.348
43.715
42.751
16.223
26.586
10.697
21.152
21.881
8.541
26.826
20.795
44.320
6.557
20.179
44.817
42.522
45.303
11.477
41.614
5.113
23.180
36.970
44.274
42.524
4.816
32.991
43.647
24.002
30.175
19.265
35.162
32.220
9.973
30.214
48.676
53.385
25.297
34.040
54.264
13.769
12.100
15.204
10.052
12.271
8.353
36.707
26.512
24.735
48.205
20.655
15.820
4.149
42.169
4.569
11.891
7.406
8.371
47.934
13.006
55.233
8.496
27.222
39.356
35.142
60.315
43.284
51.506
51.072
55.750
15.845
13.951
6.894
7.930
8.794
31.706
30.465
49.997
44.054
8.983
36.005
38.883
11.569
13.550
26.977
26.893
34.931
17.062
51.446
37.622
39.017
5.667
11.078
6.769
53.631
11.402
18.042
42.096
42.460
35.634
27.802
19.929
5.237
22.123
13.532
12.044
30.384
42.722
49.450
40.057
21.775
42.847
54.962
55.468
41.029
55.990
53.183
56.792
59.190
11.075
17.508
39.910
50.106
59.881
20.139
45.299
47.355
18.089
59.174
43.673
24.528
29.474
40.525
56.309
29.232
22.927
17.953
9.129
6.861
17.734
8.692
50.358
57.181
22.532
18.132
14.744
40.343
25.979
34.255
51.535
11.425
44.617
58.085
49.858
21.578
8.144
9.049
23.781
29.880
24.334
14.112
21.647
27.721
8.902
22.749
41.689
51.250
14.717
49.935
45.400
47.210
50.429
7.918
19.296
37.291
52.391
54.953
24.984
11.669
9.612
10.781
17.819
22.998
10.982
7.409
12.792
18.753
40.313
29.289
7.850
52.305
53.367
53.958
48.853
12.974
13.587
7.427
1.784
16.727
4.457
18.053
9.527
36.461
9.661
18.774
50.018
30.746
49.878
56.331
3.079
43.721
31.741
19.222
47.466
35.757
29.183
12.680
35.511
17.247
46.083
26.757
18.898
16.459
42.839
57.828
37.340
58.342
25.531
6.026
6.406
28.260
48.226
38.610
29.951
49.242
46.396
11.435
27.708
28.408
9.522
34.939
29.849
8.936
50.054
35.838
55.531
23.990
10.064
10.904
30.663
49.563
4.074
6.957
18.248
19.502
4.197
59.477
56.883
54.032
25.661
21.088
34.841
42.893
42.971
54.288
52.429
50.631
21.806
7.330
17.207
23.081
43.241
53.649
29.862
20.725
35.145
10.181
36.379
10.315
9.478
24.043
9.462
6.973
38.375
33.769
34.098
34.321
28.980
10.463
18.923
8.862
23.952
19.261
13.753
49.882
39.998
55.021
52.787
22.152
11.198
16.151
13.688
10.153
58.547
34.544
52.444
5.284
15.221
37.664
36.364
31.176
16.300
51.781
58.979
11.580
53.557
55.748
52.994
27.749
14.025
20.650
22.413
10.003
16.910
31.703
22.993
17.625
13.316
41.736
9.170
11.483
16.556
51.251
16.657
32.943
12.046
41.918
32.980
49.291
45.940
27.595
52.284
11.753
9.656
59.761
39.934
48.097
11.964
16.753
51.172
16.783
9.270
50.168
40.475
44.248
41.327
6.549
58.414
55.736
7.023
11.165
24.092
24.055
43.488
58.364
13.373
35.563
54.598
40.099
38.275
22.261
61.578
3.596
10.830
56.770
10.866
10.021
14.150
10.947
42.619
40.762
18.442
45.548
53.671
5.783
47.939
53.564
41.373
40.941
24.315
10.279
6.932
11.546
59.104
23.603
20.745
9.008
21.262
49.139
39.802
16.707
19.751
18.738
45.125
30.500
19.198
40.301
25.189
52.264
38.498
53.217
36.451
12.157
41.019
49.195
52.537
24.273
56.353
45.937
9.821
53.110
32.530
11.160
29.361
6.593
11.271
5.889
6.262
13.977
16.230
46.307
21.845
41.031
7.442
14.285
58.170
49.364
56.046
36.097
48.639
54.742
11.683
33.315
13.826
21.229
14.837
24.743
12.088
14.376
30.881
28.287
43.888
18.462
3.809
52.124
18.260
20.690
5.801
22.365
18.825
6.870
9.951
12.429
10.771
21.417
13.983
52.574
60.416
57.801
49.983
53.903
10.875
54.589
41.134
14.898
51.516
15.571
24.786
27.675
13.771
17.392
59.099
55.095
54.257
42.510
20.126
15.022
20.709
37.161
55.604
31.347
15.381
38.316
43.142
36.716
27.427
33.126
44.411
10.269
57.865
12.235
3.883
16.493
24.423
13.654
51.011
53.290
50.347
33.522
14.374
8.057
7.920
14.946
12.696
53.030
38.002
11.487
9.256
11.474
29.046
9.918
11.425
7.845
56.105
27.159
46.389
46.287
35.859
8.546
26.135
15.274
47.887
12.708
30.152
39.999
60.224
52.129
54.249
10.161
22.505
46.095
19.172
29.439
7.163
14.943
19.572
55.870
20.303
47.141
50.661
39.972
32.985
42.716
13.897
22.835
8.237
23.871
44.058
42.008
5.878
40.616
41.393
18.888
38.041
32.351
45.743
13.202
44.503
38.522
21.430
16.386
48.579
45.025
52.568
40.769
40.655
12.414
11.772
19.476
54.078
48.447
9.337
9.981
7.460
5.233
21.650
17.443
8.801
24.974
48.169
25.078
45.471
46.413
10.782
7.881
8.818
18.844
11.660
60.012
13.021
15.668
6.187
53.867
52.741
23.139
10.988
46.758
49.366
51.629
47.699
21.611
48.819
53.712
37.871
49.602
10.326
39.115
13.176
23.472
3.457
49.310
25.836
8.293
51.857
3.663
51.409
6.783
17.977
12.429
12.149
22.178
22.161
8.878
6.740
6.363
59.184
44.154
47.471
39.307
46.743
11.137
34.160
40.618
52.225
14.592
16.228
20.125
53.762
47.012
4.852
31.723
54.015
33.401
9.700
17.832
11.151
43.106
17.350
15.882
22.274
12.706
49.497
31.540
42.248
23.497
29.054
17.782
11.234
11.931
55.740
51.627
41.830
57.868
5.761
18.967
58.955
58.105
8.043
28.524
25.239
6.863
27.908
23.591
30.326
29.031
22.578
24.734
24.736
51.187
18.283
19.397
10.772
11.461
4.876
11.314
8.294
14.370
17.896
6.201
11.946
18.770
38.498
55.007
11.254
51.941
48.956
55.331
52.589
55.302
18.127
35.511
13.871
37.417
16.531
12.852
13.626
42.488
19.834
18.830
16.695
7.349
16.628
46.867
14.808
6.480
11.180
51.730
15.732
21.459
16.221
7.061
52.523
6.478
7.861
10.458
14.276
33.979
23.667
18.764
32.229
46.384
11.307
45.886
7.906
27.158
48.762
29.160
10.169
36.843
15.839
17.803
44.117
19.960
21.386
5.939
48.129
14.374
45.183
30.379
9.144
45.022
5.860
36.837
41.464
54.170
16.883
51.016
52.748
60.480
56.791
10.745
39.713
43.746
55.094
14.179
8.005
59.876
5.309
16.465
21.334
49.298
52.784
26.289
46.225
23.717
14.781
11.207
44.083
5.561
10.779
25.412
8.734
48.092
58.975
13.036
57.896
7.659
15.116
6.014
14.179
8.937
9.615
39.495
55.630
43.884
14.116
9.826
36.759
30.920
39.625
42.268
9.314
53.868
46.592
42.750
29.389
10.598
29.204
12.223
4.550
19.730
35.868
22.563
35.024
24.393
20.817
9.872
33.298
33.921
59.361
20.128
36.118
42.630
13.487
28.720
9.607
55.551
11.853
38.440
15.163
15.487
18.361
23.954
10.321
6.445
53.398
50.344
59.366
57.821
61.358
60.008
11.070
6.721
17.758
8.310
19.310
13.197
24.288
29.534
9.391
40.856
38.709
42.318
6.666
52.678
21.216
38.359
5.999
26.605
36.567
57.630
10.045
16.323
12.158
9.164
24.764
20.563
43.943
23.693
45.593
36.590
32.436
12.810
16.218
52.270
46.290
39.618
13.157
48.799
19.989
37.593
58.258
24.882
13.169
56.970
22.956
9.544
15.704
29.694
57.175
37.864
18.864
45.772
28.886
53.622
35.672
52.134
30.240
5.564
8.901
51.839
5.534
52.845
55.116
19.399
19.968
11.819
6.343
39.318
50.402
50.126
19.278
8.750
9.214
8.744
12.443
39.689
47.688
54.978
12.831
9.275
14.288
51.406
42.008
37.940
43.407
27.174
56.371
54.093
55.731
30.005
56.075
6.550
59.133
11.646
9.751
11.030
38.055
27.363
15.897
51.223
9.665
58.622
36.050
9.283
5.239
11.686
53.157
55.813
14.808
26.304
7.553
30.758
7.666
47.309
58.004
7.219
13.827
5.502
12.396
11.546
8.751
8.022
49.276
22.670
7.442
50.818
41.370
51.824
5.505
36.723
57.323
47.556
31.379
25.677
8.465
27.149
46.512
42.361
26.290
8.447
48.712
8.795
48.698
49.361
48.045
11.125
56.116
14.162
47.077
29.688
55.003
33.632
44.053
42.585
7.643
52.628
9.610
53.877
41.360
41.859
41.386
50.407
7.774
49.031
7.599
49.815
14.120
47.152
56.618
5.526
25.682
21.856
29.311
35.128
11.027
60.067
52.510
42.420
6.946
49.005
7.588
18.585
13.144
15.401
33.437
7.179
51.487
59.873
58.788
56.129
22.698
45.941
32.412
57.283
