6117
7191
8275
9369
10473
11587
12711
13845
14989
1143
2308
3483
4668
5863
7069
8286
9512
10748
11994
13250
14516
792
2079
3376
4684
6001
7330
8668
10016
11374
12743
14121
509
1908
3317
4738
6168
7608
9058
10519
11989
13470
14960
1461
2972
4493
6026
7569
9122
10685
12258
13840
433
2037
3652
5275
6909
8555
10210
11875
13551
236
1932
3639
5355
7082
8820
10568
12326
14093
871
2659
4456
6268
8086
9916
11756
13607
467
2339
4218
6110
8012
9925
11847
13780
723
2677
4639
6614
8599
10595
12599
14614
1638
3676
5719
7778
9844
11923
14011
1108
3215
5334
7464
9604
11752
13915
1084
3264
5456
7659
9870
12095
14327
1568
3823
6085
8361
10647
12941
245
2561
4888
7224
9571
11930
14298
1675
4063
6463
8873
11291
13721
1164
3613
6074
8547
11031
13521
1025
3539
6062
8600
11144
13698
1266
3843
6429
9026
11632
14253
1879
4518
7167
9827
12500
178
2870
5571
8284
11008
13741
1485
4239
7002
9778
12566
360
3165
5981
8813
11650
14501
2359
5225
8107
10998
13901
1811
4734
7667
10610
13561
1527
4501
7487
10482
13486
1506
4534
7572
10622
13678
1750
4831
7920
11023
14137
2256
5388
8531
11686
14851
3024
6213
9407
12616
830
4058
7297
10546
13808
2080
5358
8652
11955
265
3587
6920
10266
13620
1989
5364
8753
12152
557
3975
7404
10847
14300
2757
6231
9710
13201
1708
5219
8749
12286
828
4384
7954
11531
120
3722
7331
10953
14587
3224
6875
10540
14219
2900
6596
10301
14022
2746
6486
10232
13995
2764
6545
10335
14143
2951
6774
10612
14459
3310
7176
11059
14943
3842
7752
11671
602
4544
8494
12460
1429
5417
9411
13411
2434
6460
10497
14553
3607
7681
11762
852
4955
9070
13187
2326
6472
10632
14798
3974
8163
12365
1572
5790
10024
14271
3519
7788
12064
1344
5641
9949
14272
3596
7938
12291
1649
6017
10401
14801
4202
8620
13042
2481
6928
11389
858
5335
9825
14337
3847
8369
12902
2448
7003
11570
1149
5736
10336
14951
4571
9203
13844
3496
8165
12840
2526
7223
11935
1652
6380
11126
876
5635
10409
197
4992
9794
14621
4441
9282
14133
3995
8868
13745
3642
8545
13454
3385
8325
13269
3229
8202
13178
3171
8178
13188
3212
8252
13296
3355
8427
13501
3595
8702
13810
3936
9072
14216
4369
9536
14720
4906
10103
318
5537
10776
1014
6271
11535
1814
7099
12402
2707
8029
13358
3710
9064
14432
4805
10187
589
5993
11418
1849
7289
12744
3202
8688
14174
4671
10174
696
6227
11771
2318
7882
13453
4049
9642
254
5868
11499
2141
7793
13450
4135
9815
516
6222
11944
2667
8412
14167
4930
10707
1483
7280
13084
3911
9736
581
6432
12297
3161
9056
14955
5854
11779
2703
8650
14606
5561
11536
2519
8518
14533
5544
11575
2613
8674
14739
5805
11895
2987
9104
220
6350
12492
3646
9806
984
7165
13361
4579
10801
2025
8266
14528
5784
12068
3348
9648
960
7277
13609
4958
11308
2671
9053
442
6836
13243
4675
11107
2545
9006
474
6947
13432
4942
11449
2970
9507
1056
7609
14182
5755
12351
3953
10564
2184
8828
472
7125
13797
5477
12174
3877
10590
2309
9054
801
7557
14339
6114
12904
4715
11525
3354
10194
2043
8911
780
7663
14567
6469
13378
5310
12256
4210
11173
3139
10131
2127
9146
1163
8188
235
7288
14362
6433
13517
5618
12730
4856
11992
4137
11288
3456
10643
2826
10032
2240
9470
1705
8957
1217
8482
767
8057
368
7683
15
7351
14707
7057
14441
6816
14220
6626
14043
6477
13917
6368
13833
6310
13795
6297
13806
6330
13866
6409
13967
6538
14114
6706
14315
6919
14557
7184
14841
7494
167
7849
548
8248
972
8703
1437
9197
1952
9728
2511
10313
3116
10944
3777
11618
4472
12342
5212
13098
6003
13924
6846
14793
7735
698
8670
1648
9644
2645
10672
3697
11733
4786
12843
5916
14009
7107
223
8343
1475
9621
2777
10946
4125
12314
5509
13720
6954
196
8445
1707
9980
3259
11554
4863
13167
6513
14862
8207
1575
9954
3337
11738
5145
13565
7007
460
8922
2384
10871
4358
12858
6377
14916
8452
2002
10567
4144
12721
6320
14941
8562
2191
10841
4491
13148
6838
541
9247
2952
11681
5414
14172
7932
1711
10492
4291
13087
6916
758
9599
3453
12322
6193
97
9002
2910
11839
5768
14733
8696
2660
11646
5638
14661
8681
2708
11751
5800
14882
8962
3045
12150
6258
397
9533
3685
12835
7017
1209
10400
4610
13826
8062
2305
11562
5827
119
9413
3717
13017
7360
1696
11050
5402
14789
9181
3569
12972
7407
1839
11281
5732
217
9698
4190
13684
8210
2740
12280
6829
1399
10979
5557
170
9783
4403
14039
8695
3347
13010
7706
2399
12110
6822
1559
11302
6051
835
10609
5389
206
10021
4843
14687
9537
4395
14275
9167
4059
13964
8896
3827
13762
8737
3704
13671
8682
3687
13692
8741
3780
13825
8904
3980
14066
9179
4285
14415
9553
4701
14869
10043
5214
428
10639
5848
1096
11335
6595
1867
12148
7444
2749
13056
8396
3746
14097
9468
4846
247
10649
6048
1482
11922
7376
2836
13300
8806
4303
14820
10340
5869
1420
11984
7553
3132
13725
9350
4969
611
11243
6897
2567
13238
8952
4652
379
11103
6839
2592
13348
9152
4935
744
11548
7381
3213
14069
9939
5802
1699
12592
8505
4433
380
11320
7281
3251
14244
10241
6243
2265
13289
9356
5403
1479
12558
8656
4767
897
12021
8153
4318
497
11667
7859
4069
293
11508
7756
4012
286
11553
7845
4153
478
11798
8128
4487
864
12229
8616
5023
1433
12850
9306
5740
2208
13672
10176
6671
3178
14713
11241
7794
4354
940
12514
9124
5714
2345
13979
10635
7287
3960
656
12346
9061
5766
2502
14258
11013
7781
4568
1363
13155
9996
6814
3665
536
12398
9288
6167
3073
5
11933
8881
5828
2800
14785
11778
8787
5794
2830
14881
11932
9005
6076
3166
287
12400
9534
6668
3825
1004
13159
10368
7568
4791
2017
14264
11506
8786
6057
3352
670
12965
10308
7645
5007
2367
14753
12142
9555
6962
4392
1836
14294
11755
9246
6724
4233
1754
14284
11822
9384
6941
4525
2113
14723
12339
9973
7606
5257
2927
624
13292
11009
8729
6455
4199
1956
14727
12505
10298
8096
5915
3752
1597
14455
12320
10204
8088
5992
3919
1854
14803
12748
10729
8707
6695
4709
2722
769
13792
11861
9936
8008
6106
4220
2336
484
13605
11780
9957
8129
6329
4545
2762
1010
14246
12508
10785
9076
7363
5663
3998
2330
693
14041
12423
10812
9218
7617
6037
4482
2930
1395
14880
13347
11863
10380
8909
7442
5986
4565
3131
1734
341
13945
12580
11217
9881
8536
7219
5908
4625
3335
2070
826
14576
13328
12124
10919
9732
8540
7380
6223
5086
3955
2841
1743
661
14578
13496
12459
11412
10396
9389
8375
7394
6418
5450
4511
3566
2643
1745
859
14970
14085
13216
12386
11543
10737
9928
9139
8341
7578
6817
6078
5342
4638
3928
3237
2556
1899
1251
617
14988
14372
13753
13161
12603
12041
11479
10955
10433
9923
9431
8943
8460
8001
7559
7127
6708
6302
5902
5520
5158
4813
4464
4136
3818
3513
3226
2949
2685
2435
2198
1977
1769
1566
1380
1216
1061
917
781
659
552
453
372
305
249
202
172
155
152
163
189
230
283
347
423
518
622
737
872
1011
1162
1323
1504
1695
1906
2123
2355
2598
2861
3126
3418
3718
4030
4351
4697
5045
5397
5770
6166
6573
6986
7417
7856
8306
8782
9269
9757
10260
10782
11304
11853
12415
12971
13553
14161
14776
415
1070
1719
2383
3061
3760
4466
5181
5911
6660
7421
8184
8979
9773
10579
11392
12231
13066
13934
14819
729
1629
2547
3480
4428
5379
6357
7337
8329
9349
10364
11387
12443
13484
14572
683
1789
2903
4038
5176
6337
7505
8685
9884
11084
12300
13519
14778
1068
2335
3627
4941
6250
7581
8926
10274
11631
13000
14406
840
2253
3696
5146
6612
8078
9580
11071
12582
14100
667
2221
3799
5376
6978
8582
10208
11835
13465
138
1842
3529
5236
6956
8684
10428
12176
13932
746
2539
4357
6180
8014
9872
11720
13584
503
2414
4336
6270
8211
10169
12134
14110
1139
3145
5175
7215
9279
11325
13388
511
2622
4757
6881
9036
11182
13336
558
2766
4988
7208
9458
11696
13955
1269
3560
5873
8195
10534
12867
241
2633
5037
7439
9857
12274
14712
2192
4681
7157
9665
12165
14681
2242
4814
7374
9962
12542
139
2792
5429
8071
10743
13390
1120
3824
6544
9280
12010
14759
2551
5339
8138
10951
13757
1625
4492
7356
10238
13106
1053
3978
6908
9864
12806
813
3805
6803
9831
12839
921
3981
7050
10138
13211
1357
4497
7638
10792
13938
2145
5346
8557
11774
10
3283
6554
9833
13096
1435
4771
8092
11431
14792
3188
6584
9993
13376
1843
5287
8755
12210
713
4221
7734
11248
14784
3366
6935
10517
14096
2733
6362
10006
13626
2319
6002
9701
13382
2133
5872
9627
13360
2167
5960
9770
13566
2428
6280
10142
13994
2912
6808
10733
14642
3609
7575
11526
529
4546
8546
12568
1620
5676
9752
13815
2943
7056
11171
313
4483
8643
12807
2027
6240
10465
14682
3963
8225
12494
1802
6112
10437
14752
4128
8483
12845
2259
6673
11086
524
4986
9442
13892
3411
7913
12424
1967
6521
11073
653
5245
9850
14448
4104
8751
13373
3079
7771
12458
2182
6921
11649
1417
6194
10977
790
5596
10430
262
5132
10010
14875
4800
9700
14610
4586
9528
14481
4494
9485
14478
4536
9568
14602
4706
9777
14863
5000
10118
244
5418
10584
772
5958
11168
1398
6646
11887
2161
7455
12724
3055
8378
13689
4080
9441
14812
5224
10640
1069
6505
11946
2422
7902
13366
3909
9433
14962
5528
11093
1676
7274
12863
3507
9154
14783
5474
11149
1853
7564
13253
4029
9780
549
6336
12115
2941
8769
14581
5462
11318
2209
8103
13993
4953
10884
1840
7813
13763
4801
10806
1828
7872
13898
5006
11076
2175
8290
14397
5563
11705
2889
9079
264
6494
12694
3957
10217
1486
7774
14050
5390
11706
3062
9418
802
7181
13548
5009
11417
2876
9332
817
7300
13769
5315
11841
3398
9964
1531
8119
14703
6352
12951
4634
11279
2974
9659
1362
8081
14810
6579
13302
5118
11902
3720
10539
2380
9231
1105
7974
14860
6782
13673
5647
12588
4577
11539
3547
10561
2589
9630
1684
8763
855
7943
45
7190
14314
6498
13632
5849
13023
5271
12489
4758
12005
4286
11566
3883
11195
3533
10883
3252
10630
3022
10427
2853
10289
2742
10209
2690
10185
2697
10225
2769
10321
2892
10475
3077
10695
3320
10960
3621
11285
3989
11675
4404
12126
4892
12632
5427
13176
6016
13811
6679
14498
7391
257
8157
1078
8992
1931
9888
2857
10843
3846
11849
4894
12901
5980
14033
7143
229
8358
1491
9635
2804
10978
4178
12371
5604
13812
7090
346
8627
1927
10240
3565
11904
5266
13601
7024
411
8836
2258
10713
4175
12635
6138
14618
8152
1685
10242
3809
12378
5978
14565
8214
1852
10506
4184
12838
6569
269
9003
2747
11494
5286
14053
7875
1688
10528
4382
13213
7126
1024
9924
3858
12773
6750
718
9692
3702
12699
6749
797
9847
3930
12991
7124
1244
10376
4540
13662
7874
2065
11273
5514
14729
9001
3278
12551
6867
1187
10512
4874
14204
8592
2996
12390
6825
1262
10720
5187
14645
9164
3677
13175
7750
2302
11880
6481
1087
10705
5338
14975
9643
4334
14006
8738
3463
13177
7962
2731
12516
7332
2137
11975
6830
1682
11561
6468
1368
11293
6241
1198
11161
6152
1157
11165
6202
1250
11307
6395
1476
11585
6720
1857
12008
7185
2363
12554
7782
3013
13228
8509
3796
14068
9386
4729
40
10405
5775
1168
11555
6987
2409
12833
8315
3795
14268
9787
5317
862
11400
6985
2559
13132
8781
4414
41
10722
6400
2084
12779
8512
4265
15000
10787
6576
2370
13154
9018
4878
726
11601
7509
3412
14320
10270
6230
2197
13158
9192
5209
1243
12279
8353
4440
527
11636
7770
3916
55
11234
7443
3635
14843
11088
7349
3606
14883
11185
7512
3838
156
11523
7915
4310
710
12130
8570
5041
1496
12959
9477
5996
2527
14059
10645
7229
3819
418
12051
8694
5357
2020
13685
10412
7141
3880
623
12384
9176
5967
2790
14593
11452
8321
5202
2089
13978
10921
7867
4835
1790
13751
10784
7806
4850
1887
13928
11029
8130
5249
2375
14494
11674
8858
6046
3257
471
12704
9974
7250
4547
1830
14138
11475
8843
6204
3581
988
13371
10828
8271
5729
3209
703
13186
10739
8277
5832
3406
998
13571
11212
8859
6515
4181
1860
14532
12262
10002
7748
5519
3293
1093
13875
11722
9561
7434
5303
3190
1104
14000
11961
9908
7887
5870
3881
1893
14913
12952
11037
9127
7228
5341
3465
1606
14756
12931
11141
9354
7592
5824
4096
2361
647
13936
12271
10616
8975
7350
5727
4146
2553
993
14421
12889
11383
9889
8406
6943
5494
4062
2628
1232
14828
13440
12107
10772
9446
8141
6855
5583
4325
3078
1850
637
14426
13244
12102
10957
9824
8721
7629
6550
5485
4436
3397
2386
1378
390
14411
13455
12538
11622
10724
9834
8970
8112
7282
6461
5655
4877
4101
3334
2595
1876
1174
466
14782
14127
13474
12856
12254
11666
11091
10525
9990
9456
8950
8450
7976
7520
7070
6643
6225
5825
5453
5088
4746
4409
4095
3788
3502
3240
2993
2759
2535
2337
2151
1987
1831
1697
1579
1474
1391
1325
1279
1241
1223
1220
1234
1267
1309
1370
1450
1547
1658
1791
1944
2101
2280
2478
2691
2923
3162
3428
3707
4009
4315
4649
4991
5343
5711
6109
6525
6946
7392
7841
8314
8810
9311
9829
10366
10926
11491
12088
12683
13291
13933
14590
274
973
1686
2426
3167
3935
4718
5502
6307
7129
7966
8825
9683
10574
11471
12399
13313
14277
250
1258
2273
3306
4356
5416
6490
7580
8672
9791
10930
12084
13231
14423
642
1889
3130
4405
5674
6969
8268
9585
10923
12275
13624
25
1448
2894
4344
5799
7276
8770
10263
11792
13303
14871
1458
3070
4699
6318
7957
9606
11277
12950
14656
1405
3170
4949
6721
8502
10310
12138
13957
841
2735
4653
6563
8476
10418
12377
14341
1349
3391
5434
7481
9525
11607
13674
815
2971
5127
7299
9466
11663
13855
1110
3386
5659
7942
10230
12546
14870
2244
4642
7025
9412
11832
14245
1728
4226
6713
9214
11727
14240
1823
4424
7016
9610
12227
14856
2542
5233
7927
10629
13324
1090
3886
6666
9449
12252
69
2956
5826
8708
11592
14483
2455
5423
8382
11352
14335
2389
5442
8479
11538
14607
2752
5886
9022
12166
323
3545
6761
9983
13183
1468
4783
8059
11360
14666
3052
6425
9795
13151
1599
5064
8498
11964
426
3970
7492
11006
14530
3143
6742
10331
13921
2602
6274
9941
13590
2334
6081
9811
13537
2353
6162
9976
13761
2650
6534
10395
14273
3232
7171
11109
57
4089
8080
12093
1126
5206
9276
13331
2477
6624
10755
14895
4112
8298
12497
1731
5998
10252
14506
3857
8170
12488
1851
6238
10615
14999
4465
8899
13312
2833
7338
11828
1343
5922
10470
33
4680
9277
13874
3571
8239
12893
2625
7367
12080
1838
6639
11405
1207
6065
10897
747
5654
10541
437
5408
10342
295
5308
10300
308
5381
10423
482
5608
10708
821
5988
11139
1310
6542
11737
1974
7242
12485
2793
8091
13377
3759
9114
14447
4898
10280
697
6175
11623
2105
7630
13089
3671
9222
14751
5386
10982
1594
7263
12883
3593
9286
14969
5734
11463
2235
8032
13789
4667
10483
1328
7234
13071
4036
9946
884
6870
12809
3850
9849
879
6957
12980
4116
10191
1313
7491
13592
4828
11001
2213
8453
14662
5971
12241
3557
9874
1197
7594
13910
5349
11749
3187
9620
1074
7598
14047
5609
12129
3698
10254
1856
8466
63
6752
13364
5092
11782
3500
10221
1986
8768
526
7377
14152
6036
12861
4787
11659
3586
10511
2470
9432
1414
8437
434
7524
14525
6659
13702
5865
12960
5148
12306
4519
11702
3945
11170
3440
10716
3017
10320
2662
10017
2387
9758
2170
9593
2042
9499
1984
9479
1999
9526
2083
9654
2245
9854
2486
10119
2801
10466
3176
10887
3631
11367
4167
11939
4766
12565
5436
13245
6173
14028
6995
14891
7878
824
8841
1829
9871
2931
10988
4091
12173
5298
13402
6607
14726
7965
1148
9388
2653
10916
4229
12506
5843
14146
7548
899
9302
2728
11158
4630
13048
6590
50
8605
2142
10718
4311
12872
6530
115
8814
2484
11178
4911
13579
7385
1112
9914
3736
12537
6399
209
9121
3031
11940
5884
14790
8799
2796
11797
5830
14835
8932
3023
12112
6252
348
9520
3725
12879
7130
1330
10600
4893
14126
8461
2802
12133
6512
865
10273
4722
14105
8589
3080
12557
7087
1588
11154
5730
285
9917
4567
14159
8855
3537
13198
7956
2689
12440
7236
2008
11827
6681
1499
11373
6285
1154
11101
6059
986
10992
6007
991
11053
6126
1171
11280
6414
1521
11685
6873
2041
12250
7504
2736
12973
8283
3594
13870
9242
4626
14956
10378
5807
1219
11693
7182
2663
13135
8706
4271
14786
10404
6028
1627
12288
7960
3649
14307
10059
5801
1543
12335
8137
3969
14744
10644
6531
2407
13282
9241
5199
1141
12156
8167
4208
193
11295
7405
3489
14562
10752
6922
3096
14249
10495
6756
3004
14232
10558
6890
3221
14518
10927
7339
3747
122
11602
8073
4584
1038
12590
9132
5697
2272
13842
10493
7153
3815
450
12180
8897
5633
2388
14128
10950
7779
4620
1436
13288
10197
7138
4076
976
12944
9956
6982
4015
1013
13069
10167
7310
4431
1542
13677
10895
8104
5322
2560
14777
12089
9378
6726
4067
1383
13735
11175
8584
6029
3476
923
13408
10943
8477
6040
3610
1170
13758
11423
9077
6758
4448
2125
14831
12606
10359
8161
5961
3797
1613
14451
12369
10259
8201
6146
4120
2068
47
13062
11134
9191
7292
5377
3491
1611
14741
12929
11153
9359
7627
5864
4159
2432
714
14042
12429
10807
9193
7632
6052
4515
2975
1439
14936
13463
12043
10614
9204
7825
6454
5104
3775
2454
1135
14859
13598
12405
11197
9998
8831
7691
6558
5441
4349
3271
2199
1147
123
14132
13147
12226
11299
10372
9480
8611
7766
6936
6120
5311
4560
3791
3050
2320
1618
931
273
14625
14012
13419
12846
12313
11784
11259
10767
10276
9814
9381
8977
8577
8212
7853
7529
7205
6905
6635
6374
6136
5913
5708
5545
5385
5243
5130
5046
4973
4919
4883
4867
4871
4900
4943
5008
5083
5182
5305
5468
5623
5808
6020
6255
6500
6769
7054
7368
7692
8024
8390
8778
9177
9597
10053
10516
11011
11509
12039
12591
13120
13706
14322
14949
597
1280
1975
2695
3426
4192
4966
5748
6585
7425
8259
9125
10022
10929
11869
12792
13748
14738
763
1810
2885
3968
5068
6195
7343
8485
9655
10859
12072
13278
14527
819
2134
3462
4821
6190
7589
8972
10385
11838
13263
14735
1261
2811
4359
5929
7537
9123
10758
12401
14029
719
2457
4201
5948
7738
9509
11333
13122
14982
1874
3776
5693
7661
9588
11572
13531
555
2612
4691
6785
8878
10995
13097
261
2468
4689
6927
9159
11425
13665
980
3336
5689
8069
10452
12836
266
2744
5218
7736
10220
12751
297
2898
5506
8131
10766
13392
1063
3798
6541
9267
12031
14770
2606
5455
8307
11169
14015
1942
4897
7857
10822
13771
1795
4858
7924
10993
14054
2181
5336
8510
11689
14850
3102
6366
9613
12877
1181
4535
7897
11256
14597
3047
6501
9937
13384
1894
5431
8966
12519
1059
4702
8332
11967
588
4302
8022
11744
451
4255
8050
11864
649
4541
8420
12309
1196
5155
9119
13061
2076
6131
10148
14192
3301
7437
11537
651
4861
9051
13226
2482
6765
11027
284
4635
8982
13304
2705
7131
11534
950
5463
9935
14402
3973
8532
13060
2679
7321
11949
1574
6293
10975
662
5449
10188
14953
4796
9618
14427
4332
9236
14109
4075
9038
13971
4006
9032
14031
4130
9221
14287
4443
9590
14711
4963
10153
365
5657
10931
1204
6570
11896
2230
7655
13007
3450
8918
14350
4881
10383
894
6491
12056
2637
8281
13873
4581
10253
937
6715
12447
3207
9013
14780
5661
11510
2377
8303
14184
5156
11128
2091
8125
14115
5195
11275
2350
8490
14579
5783
11973
3157
9393
604
6926
13162
4507
10846
2176
8580
14940
6407
12805
4292
10791
2274
8829
339
6967
13504
5151
11802
3439
10123
1808
8567
277
7094
13829
5683
12517
4366
11252
3138
10070
1994
8985
936
7984
14977
7075
14095
6246
13316
5499
12646
4837
12045
4262
11514
3779
11089
3389
10741
3091
10477
2878
10304
2754
10214
2711
10222
2770
10324
2905
10509
3124
10789
3438
11146
3852
11593
4338
12128
4932
12728
5594
13426
6360
14221
7203
102
8123
1086
9144
2157
10236
3329
11450
4590
12720
5924
14077
7354
543
8847
2102
10439
3763
12137
5517
13862
7342
733
9237
2706
11236
4769
13283
6907
458
9115
2753
11430
5115
13784
7582
1292
10082
3891
12701
6586
392
9319
3225
12177
6135
66
9101
3114
12185
6261
302
9443
3572
12727
6942
1095
10346
4604
13832
8173
2461
11824
6191
530
9963
4391
13804
8327
2813
12340
6888
1411
11032
5636
216
9905
4599
14260
9014
3748
13491
8319
3112
12933
7824
2674
12601
7541
2449
12444
7458
2427
12484
7566
2608
12723
7876
3009
13156
8394
3600
13814
9116
4400
14668
10045
5410
750
11193
6630
2024
12527
8020
3522
14036
9629
5216
789
11453
7116
2776
13447
9206
4957
675
11495
7325
3140
13968
9877
5792
1683
12660
8638
4641
615
11700
7768
3848
14922
11092
7257
3415
14582
10852
7109
3362
14622
10980
7335
3674
34
11476
7918
4364
812
12349
8872
5428
1958
13544
10177
6849
3488
142
11903
8629
5387
2128
13922
10790
7654
4506
1372
13280
10245
7233
4206
1191
13217
10296
7411
4486
1585
13718
10933
8140
5352
2570
14822
12153
9453
6800
4150
1509
13897
11366
8818
6306
3783
1288
13818
11424
9017
6648
4264
1905
14566
12325
10049
7819
5593
3377
1186
14026
11942
9812
7759
5696
3648
1617
14616
12682
10753
8839
6960
5077
3218
1375
14554
12803
11075
9342
7660
5962
4294
2639
1019
14424
12881
11361
9826
8356
6886
5446
4010
2584
1210
14849
13518
12247
10966
9702
8474
7275
6092
4928
3769
2638
1545
468
14417
13409
12442
11466
10515
9582
8690
7822
6974
6139
5314
4542
3767
3029
2296
1614
944
307
14675
14094
13523
12986
12487
11998
11517
11067
10642
10219
9846
9498
9178
8870
8586
8334
8094
7890
7707
7544
7413
7285
7193
7120
7079
7061
7065
7095
7150
7230
7334
7469
7618
7785
7979
8199
8435
8711
8998
9318
9656
10023
10410
10827
11265
11730
12211
12705
13215
13764
14355
14961
583
1249
1924
2626
3365
4123
4912
5700
6527
7397
8257
9157
10069
11024
11996
12956
13959
6
1062
2158
3290
4434
5600
6787
8010
9254
10505
11804
13068
14392
753
2135
3554
5011
6450
7947
9445
10976
12533
14075
668
2294
3967
5645
7365
9084
10832
12608
14364
1185
3041
4931
6813
8747
10690
12657
14611
1639
3690
5763
7870
9982
12127
14255
1446
3668
5919
8197
10476
12776
89
2460
4866
7283
9713
12190
14626
2132
4703
7259
9837
12457
54
2721
5419
8136
10866
13582
1366
4191
7028
9883
12759
632
3578
6551
9530
12543
528
3598
6689
9784
12911
1039
4244
7472
10684
13895
2177
5510
8842
12197
525
3950
7408
10849
14289
2808
6335
9890
13438
2032
5681
9340
12997
1687
5438
9198
12946
1737
5581
9436
13286
2185
6133
10088
14032
3044
7081
11152
173
4300
8440
12597
1738
5954
10179
14407
3703
8025
12353
1665
6070
10479
14877
4341
8834
13310
2850
7432
12001
1562
6218
10882
519
5244
9994
14700
4520
9330
14139
4007
8900
13760
3719
8689
13637
3660
8716
13729
3851
8963
14072
4248
9440
14617
4887
10140
401
5742
11104
1419
6827
12253
2664
8160
13610
4151
9695
226
5853
11483
2085
7797
13452
4189
9947
684
6507
12338
3160
9057
14924
5874
11834
2787
8798
14796
5876
11963
3037
9194
315
6517
12717
3943
10205
1467
7811
14116
5495
11891
3277
9724
1160
7694
14175
5723
12304
3884
10520
2114
8817
481
7232
13944
5743
12555
4365
11232
3075
10003
1896
8879
825
7862
14858
6934
13987
6128
13234
5411
12618
4816
12060
4308
11617
3912
11276
3611
11040
3421
10893
3338
10863
3358
10935
3478
11120
3715
11396
4055
11783
4500
12265
5043
12834
5678
13516
6431
14326
7295
213
8251
1239
9313
2347
10478
3574
11761
4929
13102
6355
14568
7896
1161
9523
2867
11287
4686
13094
6592
48
8590
2096
10702
4288
12909
6574
203
8942
2635
11435
5190
13977
7846
1668
10589
4496
13414
7420
1358
10407
4449
13495
7635
1715
10894
5066
14242
8496
2726
12042
6343
643
10041
4420
13803
8289
2723
12246
6760
1286
10888
5487
82
9750
4442
14135
8888
3623
13406
8247
3060
12934
7847
2739
12703
7695
2647
12702
7764
2828
12932
8083
3223
13405
8639
3874
14134
9439
4765
83
10487
5889
1290
11781
7248
2732
13266
8861
4444
31
10703
6373
2031
12782
8541
4309
94
10964
6804
2661
13580
9547
5516
1477
12529
8569
4651
715
11883
8031
4198
387
11660
7922
4195
492
11877
8242
4643
1023
12518
8995
5500
1995
13563
10162
6786
3409
75
11811
8523
5262
2014
13828
10688
7555
4427
1319
13261
10251
7249
4263
1299
13380
10508
7649
4803
1949
14185
11444
8710
6000
3300
640
13031
10454
7898
5332
2823
327
12880
10458
8058
5679
3311
975
13687
11460
9226
7000
4824
2620
502
13415
11369
9320
7298
5288
3315
1376
14465
12621
10764
8937
7123
5354
3597
1875
179
13533
11934
10315
8742
7183
5666
4162
2675
1240
14827
13449
12120
10797
9489
8223
6964
5751
4569
3375
2231
1122
51
14002
12990
12020
11057
10095
9201
8316
7466
6622
5820
5053
4290
3558
2882
2206
1576
962
393
14844
14333
13831
13363
12936
12548
12170
11815
11486
11201
10912
10670
10449
10262
10100
9977
9867
9789
9744
9729
9739
9774
9851
9951
10076
10218
10411
10625
10864
11137
11422
11743
12091
12466
12852
13271
13726
14229
14724
282
857
1460
2077
2760
3437
4163
4925
5685
6478
7314
8174
9050
9965
10920
11905
12876
13889
14944
1020
2130
3282
4471
5662
6877
8145
9415
10747
12096
13436
14824
1254
2699
4197
5713
7245
8809
10416
12058
13669
359
2057
3821
5589
7400
9213
11090
12945
14840
1774
3755
5764
7787
9819
11945
14020
1146
3324
5542
7760
10019
12323
14589
1933
4322
6714
9145
11624
14083
1584
4138
6707
9310
11968
14574
2267
5017
7742
10531
13309
1125
4008
6885
9797
12765
721
3733
6766
9817
12923
1022
4193
7386
10591
13798
2055
5368
8683
12069
412
3837
7271
10761
14238
2768
6324
9900
13512
2147
5844
9527
13252
2003
5819
9619
13473
2332
6264
10180
14162
3134
7161
11246
291
4416
8542
12725
1897
6148
10394
14660
3996
8346
12716
2093
6548
11036
486
5031
9557
14151
3743
8391
13047
2745
7495
12251
1992
6823
11694
1532
6443
11401
1329
6333
11375
1389
6476
11612
1716
6891
12117
2303
7595
12865
3172
8520
13887
4305
9718
177
5694
11240
1755
7366
12969
3590
9274
14968
5707
11488
2246
8076
13916
4819
10727
1637
7640
13615
4666
10717
1776
7923
14061
5231
11465
2665
8946
225
6578
12927
4320
10745
2164
8647
140
6694
13251
4872
11505
3127
9807
1525
8295
52
6862
13693
5572
12481
4398
11368
3323
10350
2391
9465
1560
8717
870
8079
301
7579
14838
7162
14497
6884
14305
6733
14209
6699
14234
6784
14379
7004
14636
7341
27
7795
547
8365
1169
9048
1923
9858
2824
10818
3812
11881
4948
13029
6165
14336
7542
743
9016
2288
10628
3964
12367
5754
14194
7677
1137
9680
3248
11871
5472
14119
7816
1510
10267
4041
12837
6675
542
9437
3369
12359
6317
337
9390
3468
12612
6727
895
10108
4352
13599
7919
2225
11616
5979
391
9843
4339
13835
8397
2960
12585
7197
1848
11589
6288
1030
10858
5650
500
10393
5291
232
10223
5222
253
10341
5437
564
10744
5926
1121
11415
6676
1979
12368
7727
3118
13557
9041
4561
62
10657
6233
1845
12540
8221
3925
14657
10464
6275
2106
12998
8903
4848
796
11836
7851
3903
14985
11155
7284
3458
14667
10963
7214
3520
14868
11282
7676
4098
567
12097
8606
5161
1752
13383
10052
6734
3448
188
12024
8811
5651
2522
14437
11410
8373
5359
2401
14458
11598
8700
5871
3048
272
12567
9809
7144
4521
1872
14299
11770
9230
6730
4275
1826
14443
12119
9741
7480
5180
2955
745
13569
11459
9328
7253
5194
3186
1202
14259
12372
10460
8602
6773
5001
3222
1494
14788
13130
11541
9907
8354
6801
5290
3835
2393
966
14591
13255
11983
10683
9419
8224
7029
5887
4768
3662
2593
1581
594
14628
13697
12818
11986
11156
10328
9554
8830
8133
7477
6811
6209
5630
5100
4609
4113
3664
3255
2884
2518
2215
1926
1672
1457
1281
1114
994
912
861
838
847
891
956
1064
1218
1388
1593
1820
2099
2412
2755
3106
3508
3948
4422
4923
5444
6006
6593
7216
7892
8566
9292
10050
10851
11677
12524
13374
14301
231
1237
2266
3318
4421
5534
6669
7871
9078
10316
11619
12900
14230
603
2028
3482
4984
6466
8028
9583
11222
12826
14482
1201
2962
4751
6537
8392
10246
12183
14065
1032
3059
5108
7172
9275
11427
13554
752
3007
5276
7607
9912
12302
14649
2103
4606
7080
9607
12204
14743
2408
5085
7792
10523
13246
1040
3906
6764
9657
12615
533
3549
6591
9645
12752
853
4051
7252
10485
13708
2018
5367
8734
12155
534
4033
7545
11078
14580
3211
6852
10533
14196
2944
6705
10529
14329
3204
7108
11066
14984
4022
8054
12140
1199
5348
9510
13690
2957
7237
11557
843
5238
9636
14056
3546
8068
12622
2163
6778
11438
1066
5814
10560
299
5133
9979
14823
4779
9693
14652
4723
9730
14799
4965
10090
238
5505
10762
996
6345
11718
2063
7527
12955
3441
8967
14488
5117
10759
1386
7089
12810
3573
9364
160
6075
11987
2896
8865
14833
5907
11985
3058
9202
352
6580
12812
4099
10399
1729
8135
14492
5983
12469
3979
10536
2082
8720
345
7052
13738
5541
12337
4148
11025
2890
9800
1763
8775
777
7891
14937
7102
14247
6459
13668
5989
13264
5627
13002
5420
12853
5327
12844
5401
12983
5606
13229
5950
13636
6416
14191
7041
14885
7815
699
8687
1673
9709
2799
10914
4044
12228
5426
13638
6952
219
8610
1971
10413
3867
12366
5890
14400
8038
1636
10311
4019
12741
6508
298
9155
3018
11952
5894
14829
8877
2917
12018
6125
242
9457
3683
12940
7258
1554
10958
5320
14730
9244
3742
13265
7885
2467
12143
6805
1511
11297
6071
868
10763
5634
550
10549
5539
551
10655
5753
874
11095
6283
1516
11823
7136
2476
12868
8313
3757
14227
9765
5337
934
11615
7302
2980
13696
9496
5302
1159
12079
8004
3949
14918
11000
7044
3137
14262
10453
6662
2909
14168
10518
6864
3247
14637
11163
7658
4169
702
12354
8973
5646
2351
14076
10904
7725
4583
1442
13355
10337
7378
4386
1434
13529
10706
7905
5089
2333
14592
11971
9308
6703
4145
1600
14082
11670
9228
6845
4508
2169
14878
12659
10443
8294
6149
4048
1965
14931
12967
11044
9097
7231
5369
3555
1782
36
13343
11723
10075
8493
6948
5424
3940
2495
1072
14686
13368
12109
10850
9594
8429
7301
6160
5074
4043
3026
2051
1113
200
14361
13536
12769
12046
11338
10656
10005
9392
8844
8330
7837
7403
6958
6564
6224
5930
5644
5407
5198
5056
4944
4852
4806
4793
4820
4885
4987
5110
5272
5513
5761
6047
6363
6717
7118
7583
8036
8527
9069
9634
10250
10938
11629
12356
13082
13867
14695
587
1514
2466
3447
4498
5565
6658
7829
8984
10171
11458
12726
14008
384
1785
3234
4719
6237
7808
9366
11022
12661
14330
1050
2847
4665
6514
8421
10326
12308
14265
1305
3374
5511
7687
9836
12082
14306
1605
3941
6339
8757
11226
13649
1188
3751
6376
9020
11710
14375
2131
4937
7791
10651
13506
1452
4450
7503
10543
13586
1724
4907
8146
11379
14599
2939
6315
9697
13123
1595
5109
8669
12277
846
4539
8262
12000
717
4566
8432
12330
1221
5178
9212
13220
2311
6440
10618
14760
4018
8326
12629
1939
6348
10799
186
4731
9283
13821
3443
8149
12802
2524
7348
12154
1948
6861
11800
1722
6743
11801
1832
6989
12159
2301
7587
12814
3107
8488
13836
4269
9735
204
5793
11384
1962
7673
13319
4057
9838
618
6493
12414
3295
9290
252
6326
12433
3509
9681
863
7140
13391
4716
11108
2451
8910
343
6887
13413
5015
11657
3286
10020
1735
8550
333
7239
14089
6061
13030
5047
12131
4188
11351
3486
10736
2958
10258
2571
9968
2358
9805
2289
9823
2390
10013
2618
10332
3035
10839
3603
11481
4329
12283
5200
13194
6253
14311
7483
572
8800
2006
10299
3604
11995
5353
13770
7304
748
9333
2908
11578
5205
13903
7711
1441
10292
4158
13065
7032
968
10042
4092
13190
7398
1518
10796
5030
14321
8679
3049
12511
6971
1428
11042
5591
162
9878
4591
14310
9110
3917
13772
8712
3630
13608
8654
3700
13791
8969
4142
14360
9626
4950
256
10691
6102
1540
12090
7650
3183
13799
9488
5185
916
11759
7601
3407
14325
10285
6279
2285
13352
9478
5637
1798
13046
9327
5643
1968
13367
9803
6296
2797
14352
10991
7628
4260
951
12747
9539
6388
3246
135
12181
9147
6187
3258
371
12579
9749
7022
4287
1603
13962
11421
8857
6347
3864
1415
14025
11735
9400
7156
4918
2714
570
13479
11457
9408
7479
5515
3585
1733
14914
13143
11456
9731
8116
6485
4920
3378
1891
438
14037
12706
11402
10107
8875
7705
6519
5398
4326
3280
2291
1335
424
14547
13732
12981
12263
11565
10902
10257
9672
9148
8649
8228
7826
7462
7103
6815
6571
6369
6199
6087
6011
5969
5974
6027
6113
6245
6419
6638
6900
7204
7563
7948
8357
8801
9304
9860
10451
11114
11772
12477
13195
13981
14817
692
1632
2586
3612
4672
5771
6915
8111
9309
10592
11897
13193
14555
985
2475
3990
5555
7175
8805
10502
12235
13943
741
2591
4513
6446
8446
10468
12539
14577
1740
3923
6172
8465
10810
13114
493
2945
5451
8007
10581
13145
785
3487
6251
9047
11893
14696
2604
5580
8597
11655
14674
2815
5984
9211
12476
709
4070
7506
10917
14343
2839
6403
10018
13616
2284
6025
9790
13585
2433
6344
10288
14237
3260
7389
11484
575
4777
9040
13298
2596
7012
11434
823
5313
9901
14449
4078
8766
13459
3194
8043
12859
2710
7703
12652
2609
7732
12796
2921
8162
13341
3608
8951
14288
4693
10147
607
6158
11776
2338
8049
13710
4470
10283
1079
7005
12915
3863
9903
915
7051
13168
4361
10627
1837
8218
14514
5937
12422
3868
10436
1966
8626
248
7009
13724
5536
12416
4253
11235
3146
10182
2222
9358
1470
8701
903
8237
496
7937
288
7803
222
7848
376
8061
679
8449
1177
9025
1827
9754
2672
10721
3693
11821
4896
13059
6269
14496
7854
1131
9549
2959
11480
4961
13509
7142
754
9483
3193
12029
5817
14670
8624
2544
11620
5617
14697
8889
3030
12315
6559
845
10243
4637
14078
8604
3110
12733
7395
2005
11788
6511
1306
11221
6073
997
11063
6042
1101
11296
6421
1619
11927
7218
2523
12953
8407
3856
14384
9992
5576
1242
12003
7746
3498
14356
10268
6179
2150
13181
9273
5350
1522
12758
9019
5261
1622
13028
9471
5931
2444
14003
10679
7344
4001
728
12587
9405
6287
3201
147
12257
9303
6406
3542
739
13027
10348
7701
5040
2472
14945
12522
10084
7716
5304
3033
776
13595
11490
9355
7316
5234
3284
1347
14469
12673
10909
9140
7475
5777
4174
2590
1083
14623
13219
11888
10566
9258
8040
6828
5671
4585
3514
2506
1550
626
14765
13950
13192
12499
11829
11205
10604
10055
9543
9095
8691
8351
8042
7783
7570
7412
7262
7173
7139
7158
7225
7359
7518
7717
7971
8260
8581
8974
9404
9897
10432
11035
11641
12305
12995
13728
14522
378
1295
2236
3239
4279
5347
6516
7739
8954
10228
11584
12921
14324
768
2283
3854
5460
7119
8851
10623
12413
14201
1076
3014
5004
7046
9153
11310
13434
616
2899
5186
7626
10036
12493
14942
2493
5080
7796
10489
13189
949
3794
6685
9640
12640
598
3684
6810
10029
13208
1453
4760
8182
11594
14983
3475
7043
10696
14283
2968
6711
10562
14349
3214
7168
11202
128
4236
8400
12577
1746
6008
10367
14680
4103
8587
13083
2601
7254
11925
1565
6313
11188
945
5842
10857
764
5809
10969
1017
6203
11501
1714
7049
12465
2842
8359
13838
4396
10057
654
6389
12207
2953
8852
14709
5669
11736
2720
8869
14976
6169
12472
3716
10098
1447
7951
14389
5912
12564
4147
10891
2546
9373
1175
8102
14979
6970
13976
6054
13202
5321
12633
4836
12220
4548
12013
4419
11991
4505
12179
4772
12547
5223
13085
5914
13841
6791
14787
7908
942
9141
2300
10621
3869
12273
5610
14074
7623
1116
9737
3361
12116
5806
14600
8489
2342
11345
5256
14347
8462
2554
11816
5999
290
9664
4027
13489
8006
2494
12157
6738
1413
11224
5943
779
10740
5603
590
10700
5726
875
11130
6304
1590
11979
7372
2761
13268
8815
4372
4
10768
6441
2217
13090
8990
4880
883
11976
8064
4155
335
11643
7936
4223
593
12108
8578
5073
1689
13351
10065
6776
3550
399
12374
9291
6254
3298
386
12613
9764
7015
4297
1656
14057
11564
9052
6587
4172
1822
14524
12358
10130
8011
5866
3829
1858
14908
13051
11251
9434
7721
5982
4367
2785
1264
14764
13379
12028
10699
9402
8208
6996
5855
4784
3768
2818
1902
1028
187
14461
13754
13115
12549
11980
11474
11045
10624
10247
9958
9691
9511
9367
9271
9238
9250
9315
9425
9587
9802
10092
10417
10819
11238
11708
12238
12794
13424
14081
14807
578
1427
2316
3267
4256
5269
6405
7602
8777
10058
11372
12734
14104
539
2064
3633
5221
6931
8663
10471
12324
14153
1065
3054
5071
7200
9345
11579
13776
1055
3405
5804
8310
10853
13385
954
3622
6342
9133
12004
14816
2741
5710
8776
11906
14992
3169
6423
9733
13103
1481
4916
8458
12061
605
4277
8037
11837
586
4480
8434
12461
1438
5512
9685
13879
3105
7465
11833
1195
5624
10181
14721
4350
9046
13766
3524
8401
13293
3192
8233
13274
3341
8519
13714
3959
9305
14646
5055
10599
1077
6655
12363
2981
8745
14515
5333
11331
2227
8276
14323
5405
11654
2829
9126
427
6832
13301
4749
11357
2911
9591
1296
8077
14876
6735
13664
5620
12722
4750
11958
4094
11398
3653
11082
3420
10962
3408
11061
3620
11355
4042
11898
4683
12653
5532
13575
6621
14732
7946
1138
9447
2743
11208
4598
13118
6647
234
8935
2616
11464
5203
14141
8095
2045
11160
5163
14374
8576
2831
12217
6529
948
10481
4976
14563
9248
3920
13701
8522
3364
13332
8308
3305
13441
8563
3740
14005
9339
4677
93
10633
6103
1702
12409
8063
3784
14595
10501
6382
2343
13421
9495
5590
1800
13079
9383
5718
2136
13635
10160
6736
3360
70
11874
8641
5481
2403
14399
11469
8516
5628
2843
91
12470
9788
7211
4664
2195
14804
12504
10157
7931
5705
3567
1513
14489
12600
10674
8790
6988
5204
3541
1930
364
13871
12456
11064
9674
8389
7151
5955
4833
3782
2779
1824
933
101
14351
13627
12979
12396
11840
11334
10900
10503
10151
9896
9670
9519
9421
9375
9394
9473
9596
9776
10046
10345
10725
11143
11609
12149
12714
13337
14007
14761
563
1443
2362
3342
4390
5478
6642
7883
9134
10504
11909
13325
14802
1350
2950
4627
6358
8175
10030
11956
13878
881
2937
5060
7303
9538
11882
14203
1616
4083
6619
9217
11924
14573
2329
5136
8066
11058
13997
2044
5129
8349
11628
14886
3185
6606
10099
13614
2160
5791
9515
13284
2056
5927
9892
13868
2883
6997
11219
381
4648
8991
13428
2838
7388
11988
1552
6217
11047
784
5625
10617
540
5567
10749
837
6050
11381
1664
7055
12578
3001
8574
14214
4864
10678
1426
7322
13239
4187
10255
1334
7517
13716
4964
11358
2682
9156
658
7255
13884
5533
12379
4102
11038
2891
9910
1925
9031
1211
8422
688
8051
436
7925
417
8013
636
8360
1106
8923
1797
9745
2716
10854
3899
12163
5274
13633
6961
374
8864
2395
11056
4632
13398
7128
965
9891
3813
12882
6896
1042
10271
4488
13830
8203
2599
12196
6663
1303
11033
5692
487
10388
5241
239
10330
5370
546
10840
6056
1406
11866
7294
2794
13418
9024
4717
476
11378
7213
3150
14183
10261
6359
2538
13834
10137
6484
2933
14440
11060
7633
4274
1026
12873
9690
6609
3588
635
12795
9943
7149
4437
1793
14217
11740
9215
6799
4467
2189
14980
12862
10786
8677
6700
4788
2961
1180
14452
12819
11242
9637
8172
6723
5330
4074
2854
1691
562
14523
13560
12676
11812
11017
10229
9551
8925
8384
7903
7493
7086
6780
6536
6354
6229
6178
6185
6262
6398
6604
6863
7199
7604
8027
8529
9096
9734
10457
11253
12070
12920
13848
14839
898
2021
3210
4462
5773
7192
8633
10156
11773
13387
38
1801
3617
5479
7498
9490
11614
13703
889
3135
5445
7888
10360
12891
406
3056
5741
8539
11437
14282
2216
5183
8347
11552
14693
2969
6286
9721
13207
1718
5250
8961
12745
1478
5259
9235
13233
2237
6322
10573
14747
4023
8410
12871
2293
6850
11544
1155
5862
10773
559
5470
10556
553
5664
10949
1142
6437
11913
2275
7817
13422
3994
9723
464
6295
12296
3173
9209
289
6438
12737
3938
10351
1732
8226
14745
6327
13058
4736
11639
3422
10397
2356
9428
1553
8743
990
8331
690
8177
664
8265
902
8617
1390
9234
2122
10128
3129
11317
4394
12697
5910
14319
7744
1248
9808
3402
12193
5834
14673
8565
2505
11606
5577
14766
8986
3263
12672
7018
1507
11122
5607
314
10097
4839
14737
9689
4661
14754
9927
5051
350
10777
6079
1577
12191
7712
3356
14108
9922
5725
1694
12746
8748
4838
1067
12412
8658
5018
1528
13078
9649
6272
3015
14830
11747
8609
5559
2640
14791
12059
9252
6561
3944
1424
13961
11626
9210
6932
4710
2576
506
13555
11668
9738
7935
6153
4503
2915
1387
14927
13549
12272
11002
9747
8603
7560
6535
5578
4733
3951
3244
2568
2000
1493
1021
631
312
68
14903
14769
14710
14734
14852
14998
183
491
880
1318
1813
2372
3000
3695
4457
5252
6184
7196
8240
9343
10571
11819
13099
14438
905
2423
4002
5639
7435
9183
11123
13012
14967
2040
4168
6375
8655
11074
13442
886
3432
6031
8740
11556
14308
2204
5119
8213
11350
14453
2687
5977
9395
12870
1346
4899
8572
12376
1092
4921
8887
12916
1947
6064
10323
14537
3895
8333
12842
2365
6983
11739
1451
6248
11244
1152
6157
11353
1497
6729
12123
2442
7914
13467
4024
9711
416
6221
12212
3086
9102
151
6341
12648
3876
10291
1713
8222
14772
6436
13182
4933
11886
3744
10825
2840
10014
2194
9500
1862
9270
1775
9344
1980
9696
2469
10361
3253
11305
4284
12509
5602
13919
7306
672
9172
2730
11433
5038
13858
7709
1628
10663
4640
13793
7994
2262
11683
6005
483
10109
4687
14398
9174
4020
13941
8928
3984
14123
9334
4589
14938
10406
5836
1410
12132
7763
3526
14382
10349
6284
2371
13525
9720
5964
2349
13778
10309
6847
3481
161
12065
8849
5758
2791
14867
12085
9239
6528
3889
1337
13856
11500
9086
6821
4607
2498
421
13492
11634
9746
7977
6259
4646
3119
1661
214
13935
12739
11574
10447
9379
8415
7551
6718
5949
5263
4711
4209
3756
3394
3095
2873
2712
2631
2629
2701
2865
3085
3380
3732
4177
4678
5228
5918
6678
7515
8371
9325
10386
11513
12677
13876
146
1592
3069
4603
6215
7955
9717
11621
13487
429
2508
4656
6895
9171
11605
13972
1489
4079
6753
9504
12380
132
3142
6154
9298
12552
711
4068
7521
11041
14500
3156
6880
10726
14487
3451
7500
11613
682
4926
9261
13644
3094
7668
12329
1928
6698
11603
1440
6444
11571
1646
6872
12234
2501
7983
13500
4073
9769
454
6301
12290
3182
9233
326
6566
12887
4186
10677
2104
8709
329
7104
13904
5762
12791
4774
11974
4090
11411
3694
11194
3624
11260
3834
11648
4371
12334
5159
13259
6349
14508
7820
1124
9572
3036
11695
5213
13984
7809
1662
10680
4636
13756
7972
2190
11630
5944
435
10078
4679
14404
9219
4105
14058
9089
4215
14391
9679
4999
408
11007
6532
2159
12964
8730
4608
569
11713
7775
3942
190
11680
8052
4549
1132
12860
9577
6392
3294
227
12426
9501
6701
3983
1353
13819
11403
8949
6654
4408
2243
134
13209
11326
9454
7690
5959
4377
2852
1397
22
13750
12627
11477
10415
9410
8499
7708
6973
6282
5698
5170
4795
4458
4211
4014
3904
3888
3939
4106
4316
4614
4990
5432
5970
6625
7355
8106
8930
9915
10941
12052
13160
14385
705
2111
3616
5165
6889
8607
10463
12394
14266
1315
3446
5667
7998
10402
12857
317
2938
5632
8448
11349
14223
2228
5312
8543
11879
103
3536
7093
10730
14312
3043
6918
10876
14767
3839
8041
12341
1556
5940
10498
14974
4619
9372
14154
4025
9007
14040
4166
9409
14641
5028
10569
1007
6665
12437
3103
8994
14920
5941
12164
3243
9563
860
7375
13837
5400
12206
3853
10808
2607
9686
1756
8929
1182
8526
927
8457
1015
8723
1455
9317
2186
10244
3287
11528
4708
13072
6457
14926
8521
2154
11004
4753
13658
7685
1739
10971
5107
14445
8883
3349
12992
7634
2313
12255
7096
2039
12232
7353
2514
12924
8296
3750
14346
10066
5744
1573
12584
8492
4563
708
12066
8328
4732
1227
12874
9518
6212
3046
14972
12075
9088
6239
3494
822
13314
10869
8398
6058
3806
1670
14575
12690
10814
8920
7222
5525
3972
2489
1107
14808
13613
12560
11489
10527
9611
8791
8099
7496
6937
6470
6088
5795
5584
5482
5458
5518
5672
5899
6219
6653
7159
7729
8379
9112
9997
10932
11937
13001
14112
340
1712
3121
4655
6267
7989
9796
11698
13570
561
2668
4901
7261
9632
12162
14584
2223
4968
7828
10781
13680
1753
4890
8190
11573
14904
3399
7039
10788
14450
3303
7317
11356
375
4593
8916
13318
2704
7361
12033
1655
6492
11451
1352
6462
11714
1869
7260
12709
3125
8774
14433
5171
11181
2022
8122
14208
5395
11844
3111
9666
1184
7884
14564
6445
13397
5318
12571
4633
12032
4281
11851
4278
12026
4624
12561
5300
13381
6426
14549
7864
1158
9647
3092
11814
5391
14205
8124
2029
11189
5193
14470
8822
3196
12781
7369
1957
11843
6629
1539
11679
6745
1916
12345
7672
3089
13700
9397
5079
929
11982
7953
4005
184
11600
7952
4374
928
12688
9396
6171
3088
104
12350
9487
6755
4088
1564
14142
11872
9573
7428
5235
3281
1373
14561
12949
11316
9781
8309
6963
5653
4481
3414
2419
1537
725
20
14409
13894
13482
13138
12914
12762
12686
12707
12811
13015
13281
13647
14117
14663
324
1082
1938
2864
3894
5024
6247
7612
8980
10522
12125
13722
457
2323
4283
6361
8501
10794
13086
432
2936
5548
8288
11119
13931
1900
4959
8166
11428
14699
3149
6716
10358
14030
2820
6777
10820
14837
3999
8323
12736
2109
6709
11388
1057
5903
10915
856
5991
11269
1520
6959
12503
2988
8718
14463
5292
11347
2348
8537
14748
6097
12631
4064
10769
2410
9260
1130
8186
201
7497
14701
7137
14552
7194
14821
7625
414
8418
1421
9617
2798
11210
4557
13131
6739
402
9259
3120
12223
6205
395
9759
4072
13576
8168
2778
12642
7473
2360
12507
7615
2789
13180
8614
4114
14714
10526
6276
2173
13240
9347
5490
1809
13248
9762
6294
2967
14742
11719
8640
5675
2846
99
12575
10011
7550
5116
2888
742
13709
11813
9948
8154
6464
4859
3410
2015
749
14545
13524
12598
11699
10896
10170
9581
9067
8665
8376
8181
8065
8053
8155
8342
8625
9009
9516
10110
10809
11569
12467
13401
14416
585
1870
3238
4694
6236
7950
9753
11638
13543
566
2693
4974
7402
9869
12445
8
2725
5570
8579
11692
14740
2991
6353
9873
13395
1978
5716
9624
13558
2537
6732
11034
279
4739
9322
13946
3661
8534
13499
3501
8667
13907
4232
9727
185
5846
11704
2441
8426
14444
5562
11936
3199
9694
1208
7863
14586
6453
13448
5415
12687
4845
12318
4670
12343
4882
12755
5497
13534
6583
14715
8015
1359
9921
3419
12194
5850
14736
8760
2788
12083
6273
669
10202
4743
14439
9272
4133
14158
9281
4435
14763
10213
5668
1301
12106
7858
3738
14806
10990
7177
3474
14933
11520
8127
4827
1704
13663
10780
7881
5093
2465
14973
12626
10256
7996
5845
3822
1934
114
13471
11914
10384
8956
7675
6479
5328
4387
3523
2734
2081
1544
1080
734
479
336
300
363
537
814
1224
1698
2261
2965
3754
4660
5670
6826
8030
9368
10835
12388
13926
660
2497
4455
6555
8726
11039
13356
805
3396
6083
8912
11865
14781
2895
6111
9503
12948
1408
5044
8840
12750
1640
5688
9952
14150
3531
8048
12695
2312
7178
12161
2072
7268
12544
2786
8285
13822
4469
10307
1128
7146
13241
4401
10803
2118
8686
260
7053
13882
5812
12947
5029
12417
4700
12281
4782
12589
5265
13262
6249
14381
7671
979
9505
3008
11767
5464
14369
8411
2473
11785
6030
459
10086
4657
14418
9338
4261
14363
9614
4855
263
10881
6467
2171
13080
9029
5050
1260
12625
8955
5406
2047
13787
10676
7600
4595
1783
14060
11496
8959
6575
4241
2062
14
13105
11267
9535
7873
6356
4922
3637
2443
1374
409
14542
13847
13225
12760
12357
12047
11856
11769
11807
11960
12230
12607
13041
13611
14278
85
1016
2053
3227
4453
5835
7387
8934
10669
12521
14367
1404
3561
5822
8241
10754
13335
1003
3820
6812
9899
13039
1278
4644
8193
11831
494
4323
8312
12435
1541
5813
10272
14716
4347
9128
13970
3908
9039
14202
4510
10008
469
6116
11953
2750
8773
14879
6068
12479
3828
10455
2071
8886
773
7800
14919
7187
14495
7014
14543
7320
77
8026
1051
9245
2488
10945
4370
13045
6768
592
9592
3625
12888
7148
1567
11147
5731
507
10444
5361
508
10816
6086
1571
12213
7838
3634
14535
10658
6792
3021
14405
10989
7585
4267
1153
13142
10227
7454
4726
2155
14685
12455
10196
8101
6089
4222
2480
854
14331
13008
11726
10572
9508
8554
7749
7063
6487
5995
5642
5413
5293
5306
5471
5737
6105
6632
7256
7961
8795
9798
10875
12073
13345
14708
1297
2940
4735
6674
8699
10886
13119
446
2935
5543
8345
11225
14140
2226
5396
8807
12311
803
4468
8338
12312
1291
5404
9816
14147
3656
8362
13128
2973
7997
13146
3350
8758
14199
4804
10605
1396
7430
13494
4629
11080
2436
9060
712
7562
14456
6546
13704
5968
13456
5932
13630
6404
14280
7383
455
8765
2112
10692
4238
13057
6924
906
10081
4230
13641
8143
2678
12525
7347
2257
12446
7622
2914
13433
9012
4663
513
11516
7590
3724
67
11560
8120
4764
1615
13564
10654
7802
5059
2509
71
12815
10607
8504
6556
4688
2992
1423
14971
13651
12498
11377
10429
9598
8867
8274
7804
7488
7270
7163
7207
7409
7662
8072
8608
9278
10087
11005
12035
13153
14394
810
2327
3965
5767
7726
9828
11977
14188
1630
4117
6834
9662
12617
574
3701
7036
10521
13996
2634
6473
10450
14446
3601
7964
12450
1919
6623
11470
1364
6424
11690
1943
7449
13024
3651
9560
448
6557
12822
4060
10631
2144
8914
735
7730
14834
7058
14396
6904
14504
7305
113
8187
1277
9578
2897
11472
5034
13860
7767
1786
11018
5153
14633
9223
3830
13681
8634
3643
13869
9205
4587
175
10997
6771
2692
13846
10120
6397
2880
14510
11321
8196
5103
2279
14548
12038
9552
7164
4914
2855
925
14099
12495
10936
9484
8189
6990
5901
5012
4243
3614
3123
2719
2499
2394
2411
2550
2848
3276
3790
4474
5248
6211
7393
8564
9961
11390
12999
14655
1548
3517
5629
7978
10391
12928
522
3326
6226
9376
12611
842
4276
7933
11703
480
4459
8657
12939
2250
6831
11521
1272
6156
11313
1465
6809
12344
2845
8636
14460
5430
11673
2866
9346
829
7547
14296
6234
13393
5526
12978
5331
13073
5752
13682
6710
14890
8220
1608
10206
3840
12778
6692
798
10117
4399
13954
8651
3390
13365
8441
3570
13942
9474
4995
774
11728
7713
3803
111
11627
8192
4817
1700
13670
10865
8084
5373
2947
630
13475
11416
9531
7704
6012
4502
3155
1917
844
14905
14070
13435
12910
12534
12267
12151
12172
12316
12630
13021
13572
14239
90
1098
2203
3470
4869
6435
8179
10033
11970
14017
1275
3636
6137
8884
11688
14570
2623
5860
9297
12813
1402
5135
9150
13214
2376
6759
11264
873
5585
10596
601
5760
11183
1624
7264
13026
3860
9999
1111
7482
13908
5469
12328
4127
11230
3357
10742
3148
10824
3479
11414
4385
12667
5885
14366
7993
1742
10661
4601
13816
8180
2558
12260
6965
1834
11919
7062
2341
12894
8471
4164
79
11184
7370
3628
105
11791
8525
5326
2430
14638
12049
9529
7105
4844
2771
866
14063
12483
10972
9616
8393
7326
6364
5549
4939
4439
4111
3913
3873
3971
4227
4613
5134
5852
6722
7718
8854
10132
11529
13107
14762
1633
3582
5750
8117
10577
13150
848
3706
6796
10035
13323
1766
5309
9187
13121
2110
6370
10798
199
4870
9782
14648
4748
10091
400
5947
11734
2492
8558
14650
5935
12474
3952
10813
2580
9742
1863
9240
1692
9380
2087
10122
3128
11413
4755
13346
7023
827
9909
3922
13297
7724
2252
12099
6940
1941
12225
7540
2984
13656
9493
5323
1488
12799
9170
5680
2382
14252
11314
8472
5724
3208
820
13629
11576
9669
7860
6182
4725
3403
2233
1256
369
14678
14148
13752
13530
13451
13505
13699
14049
14551
211
1071
2034
3197
4461
5917
7576
9329
11229
13277
447
2817
5289
8087
10937
13880
1983
5240
8802
12431
1129
5022
9149
13386
2688
7327
12025
1815
6858
12050
2282
7821
13458
4179
10186
1252
7539
13920
5452
12268
4054
11176
3314
10715
3179
10906
3657
11709
4780
13116
6565
125
8953
2821
11981
6144
568
10164
4823
14694
9830
4917
258
10855
6474
2251
13294
9455
5687
2129
13788
10601
7536
4556
1841
14251
11890
9628
7514
5488
3705
2067
633
14317
13204
12259
11386
10750
10231
9929
9716
9699
9859
10129
10583
11206
12007
12926
13989
212
1674
3268
4994
6945
9027
11270
13648
1200
3879
6819
9911
13077
1403
4938
8666
12586
1524
5690
10111
14546
4213
9090
14084
4207
9601
42
5682
11549
2479
8661
14959
6420
13092
4830
11873
3907
11274
3672
11342
4082
12136
5126
13498
6923
505
9314
3231
12419
6631
1041
10694
5374
344
10499
5712
1172
11809
7565
3434
14538
10874
7291
3802
613
12634
9676
6914
4304
1913
14684
12691
10778
9010
7474
6021
4781
3709
2819
2092
1563
1183
953
909
1005
1308
1765
2368
3159
4110
5196
6588
8045
9704
11485
13466
556
2863
5296
8039
10892
13839
1963
5255
8838
12569
1322
5279
9564
13888
3382
8134
12996
2983
8249
13596
4107
9919
720
6837
13055
4411
11083
2718
9748
1777
9068
1480
9105
1877
9902
2934
11290
4714
13410
7221
1178
10375
4658
14186
8893
3699
13768
8978
4317
14900
10659
6524
2552
13850
10294
6871
3577
532
12738
10039
7486
5062
2875
890
14062
12463
10983
9652
8487
7567
6763
6122
5702
5435
5325
5465
5757
6192
6869
7684
8645
9862
11174
12685
14302
1176
3216
5393
7868
10456
13191
1060
4170
7531
11019
14569
3381
7453
11633
918
5425
10201
37
5084
10419
771
6402
12244
3109
9301
591
7115
13785
5605
12749
4865
12373
4841
12689
5546
13695
7019
422
9135
2928
12044
6163
544
10168
4847
14814
9984
5139
652
11346
7188
3151
14358
10815
7371
4003
963
13112
10414
7880
5476
3319
1345
14534
12988
11551
10314
9207
8367
7669
7122
6798
6649
6684
6925
7373
7930
8705
9675
10844
12184
13628
270
2156
4219
6509
8965
11625
14371
2325
5508
8931
12536
1212
5069
9253
13546
2978
7702
12605
2520
7823
13227
3745
9625
520
6725
13101
4543
11348
3206
10370
2564
10136
2676
10650
3579
11916
5184
13893
7697
1642
10878
5101
14689
9467
4319
14468
9852
5179
938
11878
7910
4077
535
12269
9035
6013
3200
608
13230
11051
8939
7091
5365
3901
2619
1602
689
7
14485
14180
14064
14129
14377
14855
440
1316
2299
3518
4951
6600
8413
10408
12636
14928
2453
5174
8261
11394
14679
3235
6999
10965
11
4293
8850
13550
3404
8535
13801
4247
10028
807
6910
13169
4555
11292
3066
10173
2328
9879
2404
10305
3272
11533
4876
13538
7396
1321
10575
4889
14486
9323
4249
14454
9926
5380
1215
12239
8383
4682
1287
13070
10073
7209
4495
2052
14872
12847
11046
9337
7901
6627
5553
4690
4026
3568
3344
3304
3445
3774
4337
5090
6069
7278
8596
10166
11938
13843
969
3313
5895
8678
11672
14773
3084
6712
10537
14413
3552
8005
12638
2271
7384
12563
2816
8481
14228
5177
11487
2782
9481
1257
8304
439
7940
485
8395
1369
9667
3012
11764
5538
14594
8890
3302
13020
7900
2893
13256
8750
4376
268
11454
7762
4217
961
12954
10112
7451
4924
2624
646
13851
12285
10873
9639
8619
7833
7247
6859
6672
6719
6991
7471
8139
8989
10105
11364
12875
14507
1445
3527
5893
8475
11257
14165
2281
5720
9361
13149
2075
6338
10872
385
5226
10424
625
6101
11899
2654
8891
141
6747
13515
5422
12700
4996
12696
5409
13510
6737
130
8874
2646
11884
6099
629
10435
5246
431
10934
6428
2187
13290
9540
5906
2529
14431
11595
8871
6346
4037
1990
149
13600
12237
11070
10071
9264
8728
8404
8292
8399
8719
9249
10054
11030
12205
13567
116
1953
3991
6305
8835
11583
14430
2534
5936
9586
13370
2298
6601
11131
716
5582
10811
1046
6615
12454
3345
9641
1001
7693
14513
6618
13948
6448
14200
7212
334
8816
2385
11329
5270
14643
9188
3865
13899
9093
4417
78
11054
7047
3299
14866
11661
8561
5721
3100
783
13655
11799
10104
8573
7364
6260
5454
4857
4517
4381
4485
4810
5345
6151
7235
8442
9960
11604
13476
554
2862
5467
8339
11391
14588
3025
6807
10805
14906
4225
8938
13747
3762
9158
14635
5319
11445
2536
9085
706
7653
14731
7111
14665
7546
512
8845
2248
11132
4967
14179
8637
3241
13171
8287
3540
14164
10063
5976
2207
13773
10565
7510
4574
2004
14704
12670
10800
9103
7682
6447
5480
4737
4240
3976
3946
4171
4612
5273
6244
7478
8832
10490
12352
14309
1647
4134
7021
10101
13299
1747
5447
9506
13646
3005
7776
12713
2684
8215
13774
4551
10779
1960
8613
332
7463
14659
7217
14939
7958
1123
9671
3250
12299
6383
794
10545
5247
425
10939
6422
2214
13400
9786
6208
2999
80
12464
10004
7720
5648
3845
2346
1134
81
14285
13759
13478
13416
13581
13980
14624
515
1677
3019
4628
6582
8732
11135
13645
1492
4523
7949
11545
259
4306
8715
13224
2964
8105
13344
3800
9725
671
6955
13461
5121
12270
4380
12016
4615
12731
5880
14354
8151
2011
11339
5756
444
10513
5613
1100
11885
7799
3887
366
12188
9099
6207
3640
1381
14293
12595
11062
9722
8618
7812
7265
6929
6866
7064
7533
8234
9163
10373
11830
13472
356
2528
4993
7786
10793
13925
2306
6049
10139
14243
3673
8491
13462
3599
9195
14910
5857
12203
3551
10459
2321
9755
2100
10044
2907
11319
4745
13604
7674
1898
11580
6300
1385
11806
7379
3097
14233
10686
7269
4031
1238
13625
11315
9196
7399
5715
4345
3312
2483
1940
1703
1667
1881
2354
3099
4109
5371
6993
8796
10903
13125
677
3464
6611
10061
13589
2400
6598
11100
644
5547
10856
1214
6944
12919
4053
10697
2314
9469
1679
9316
2001
10224
3452
12192
5951
76
9575
4124
14102
9371
4728
461
11567
7798
4224
1044
13134
10542
8090
5878
3933
2357
1045
14993
14171
13654
13375
13369
13643
14157
14965
1027
2310
3915
5847
8056
10500
13110
1048
4250
7836
11644
582
4854
9545
14295
4393
9934
456
6415
12681
4046
10961
2814
10249
2657
10662
3647
12167
5735
14647
8915
3322
13108
8200
3392
13998
9953
5965
2304
14038
11112
8273
5709
3459
1538
14897
13497
12432
11590
11068
10731
10712
11014
11518
12362
13362
14749
1384
3291
5504
8060
10879
13853
2090
5765
9707
13807
3203
7995
12985
3217
8846
14639
5779
12249
3804
10922
3027
10667
3387
11588
4851
13559
7534
1701
11272
5997
1054
11493
7078
2920
14187
10735
7511
4473
1816
14472
12462
10637
9092
7866
6899
6188
5833
5746
5939
6434
7244
8311
9663
11301
13157
316
2772
5579
8735
12135
691
4572
8895
13354
3090
8293
13640
4242
10306
1490
8075
14889
7001
14376
7092
58
8403
1884
10885
4905
14383
9165
4100
14475
10159
6004
2140
13719
10557
7621
4910
2555
595
13863
12473
11309
10434
9895
9600
9623
9981
10585
11504
12708
14136
943
2986
5356
8183
11207
14401
2919
6878
11150
504
5197
10426
761
6408
12478
3615
10287
2033
9299
1727
9548
2513
11069
4554
13594
7886
2378
12392
7522
2877
13739
9885
6147
2806
14898
12236
9832
7670
5821
4299
3104
2196
1663
1394
1425
1759
2352
3328
4538
6121
8023
10212
12693
355
3457
6892
10638
14550
3814
8513
13429
3602
9208
28
6161
12735
4383
11610
3844
11717
4573
12966
6572
473
9841
4270
14178
9416
4822
674
11889
8258
4936
1945
14357
12121
10113
8377
6977
5861
5067
4621
4499
4698
5144
6035
7198
8635
10425
12526
14847
2452
5503
8913
12620
1472
5774
10441
237
5492
11187
1892
8204
14630
6480
13618
6055
13864
6976
319
9118
3082
12623
7286
2162
12658
8280
4143
488
12215
9106
6325
3849
1788
46
13622
12573
11786
11278
11148
11289
11803
12614
13676
106
1868
3937
6471
9257
12397
736
4410
8549
12961
2569
7719
13054
3686
9856
1119
7839
14845
7169
14842
7835
1127
9863
3691
13074
7737
2585
12994
8622
4509
849
12535
9451
6688
4251
2174
501
14124
13088
12420
12027
11965
12224
12820
13730
14994
1570
3472
5782
8436
11406
14619
3191
7220
11532
1097
6039
11404
1921
7981
14235
5877
12905
5111
12885
5810
14160
7855
1803
11237
5841
908
11312
6984
2942
14387
11190
8236
5540
3297
1412
14893
13642
12789
12266
12062
12200
12679
13468
14613
1145
2924
5113
7757
10668
13896
2406
6371
10681
210
5137
10570
1213
7206
13541
5140
12333
4597
12451
5399
13937
7715
1792
11337
6104
1307
11900
7731
3861
477
12496
9761
7410
5207
3564
2247
1340
755
430
576
995
1779
2879
4397
6299
8530
11129
13986
2193
5875
9932
14189
3810
8958
14313
5032
11239
2597
9522
1660
9243
2059
10389
3926
12989
7346
1937
12087
7499
3174
14328
10889
7696
4826
2415
325
13667
12383
11363
10732
10448
10555
11072
11868
13018
14529
1462
3681
6379
9399
12793
1484
5535
10080
14901
5014
10648
1536
7877
14484
6526
13927
6677
14825
8336
2097
11436
5966
955
11330
7026
3032
14505
11376
8528
6063
3931
2239
967
18
14412
14193
14344
14921
799
2013
3670
5701
8176
10954
14018
2516
6452
10746
311
5277
10823
1533
7699
14173
6090
13340
6015
14023
7507
1263
10387
4903
14896
10172
5815
1878
13317
10158
7422
4875
2827
1245
14963
14016
13513
13357
13621
14241
233
1678
3433
5574
8230
11145
14395
3072
7227
11731
1526
6781
12428
3379
9839
1589
8779
1320
9266
2563
11344
5340
14950
9855
5035
766
11860
8300
5036
2270
14954
12938
11370
10143
9312
8894
8853
9184
9988
11140
12671
14539
1866
4533
7733
11247
108
4353
9091
14163
4616
10563
1812
8500
584
8047
913
9143
2773
11941
6319
1225
11498
7097
3133
14603
11511
8725
6365
4362
2834
1749
992
676
740
1230
2038
3343
4983
7110
9603
12532
786
4426
8588
13067
2982
8363
14013
5112
11789
3650
11096
3749
12017
5501
14502
8936
3692
13918
9570
5566
2009
13885
11203
8837
6938
5351
4295
3632
3384
3511
4065
5048
6502
8318
10514
13117
1190
4588
8514
12824
2471
7648
13164
4084
10530
2241
9517
2078
10192
3589
12581
6842
1535
11753
7296
3195
14609
11492
8698
6334
4388
2881
1847
1235
981
1206
1804
2810
4307
6216
8560
11327
14428
3016
7084
11582
1367
6696
12453
3528
10161
2115
9609
2431
10795
4445
13593
8245
3198
13634
9546
5829
2530
14717
12385
10354
8823
7743
7059
6818
7020
7644
8713
10198
12169
14442
2219
5483
9185
13272
2775
7852
13222
4050
10392
2069
9335
1885
10012
3436
12436
6767
1551
11892
7549
3605
157
12289
9715
7614
5920
4696
3897
3575
3714
4258
5220
6775
8673
11077
13765
1961
5665
9886
14365
4378
9955
788
7201
13965
6235
13951
7147
724
9868
4280
14250
9760
5551
1861
13652
10959
8585
6693
5191
4273
3771
3729
4129
4998
6340
8158
10356
13014
1118
4741
8826
13287
3261
8752
14583
5938
12784
4979
12775
5909
14531
8693
3181
13237
8785
4685
1089
13005
10363
8206
6439
5097
4314
3961
4097
4740
5803
7429
9377
11862
14718
3053
7030
11380
1081
6401
12189
3296
10079
2098
9865
2784
11519
5448
14997
10037
5360
1324
12786
9658
7006
4762
3006
1796
1043
793
977
1659
2763
4452
6633
9189
12298
738
4789
9351
14225
4724
10734
2026
9037
1348
9287
2533
11497
5739
449
10898
6610
2717
14511
11848
9491
7689
6323
5459
5081
5172
5896
7038
8612
10719
13218
1282
4811
8940
13412
3401
8999
14957
6496
13427
5933
13872
7446
1293
10845
5699
1109
12147
8538
5383
2780
756
14156
13104
12602
12501
12855
13731
109
1985
4412
7447
10834
14644
3993
9011
14334
5208
11766
3538
11113
3885
12427
6314
694
10723
6132
2010
13520
10550
8009
5972
4379
3388
2858
2869
3430
4475
6077
8150
10701
13713
2234
6458
11110
1091
6840
12922
4537
11842
4406
12710
6410
560
10374
5611
1377
12768
9569
6917
4707
3039
1922
1371
1317
1762
2670
4212
6316
8885
11962
377
4553
9256
14304
5020
11298
2902
10278
2929
11371
5098
14467
9427
4785
680
12276
9229
6795
4776
3339
2438
2066
2260
2989
4231
6100
8425
11263
14556
3466
8000
12935
3413
9544
1002
8267
808
9087
2680
12114
6951
2148
13111
9605
6594
3962
1988
610
14797
14425
14671
354
1721
3559
6044
8996
12482
1416
6072
11211
1764
8098
14774
7179
14935
8417
2249
11908
6950
2425
13591
10365
7665
5372
3734
2603
2086
2117
2658
3859
5595
7912
10673
13940
2809
7468
12434
2906
9142
757
8148
834
9352
3180
12767
7861
3373
14526
11409
8714
6605
4975
3924
3505
3659
4346
5658
7588
9985
12866
1331
5496
10215
292
6257
12654
4529
12111
5125
13783
8144
2765
13232
9284
5781
2729
404
13743
12664
12074
12055
12639
13675
309
2611
5598
9081
13049
2582
7967
13612
5005
12006
4447
12641
6308
407
10422
5867
1772
13431
10698
8470
6882
5789
5253
5433
6197
7584
9444
11926
14929
3556
7969
12780
3136
9294
804
8191
869
9414
3309
12963
8250
3900
228
12395
10038
8232
7027
6386
6381
6992
8185
9986
12321
165
3808
8156
12898
3254
9385
882
8246
920
9486
3427
13109
8439
4182
639
12827
10559
8863
7780
7345
7484
8235
9584
11550
14021
2172
6118
10594
465
6266
12583
4368
12002
5042
13802
8291
3115
13781
10124
6953
4312
2379
1117
394
361
1006
2200
4071
6656
9792
13353
2617
7773
13276
4514
11442
3793
12030
5733
35
10175
5759
1910
13891
11512
9706
8469
7926
7988
8722
10083
12022
14520
2709
6794
11323
1393
7358
13694
5823
13522
7008
896
10671
5942
1781
13444
10804
8648
7195
6328
6140
6652
7790
9574
11969
14952
3654
8132
13075
3712
10155
1955
9804
2874
11978
6567
1680
12729
9295
6504
4254
2724
1946
1807
2322
3521
5329
7986
11159
14864
4324
9602
182
6856
13911
6790
112
9422
4066
14541
10848
7624
4985
3087
1888
1409
1569
2397
3905
6155
9063
12574
1634
6651
12199
3325
10334
2713
11191
5016
14608
10062
5946
2490
14892
12957
11721
11116
11172
11912
13258
276
3153
6772
10981
665
6351
12628
4463
12175
5362
14353
9162
4489
490
12411
9944
8070
6913
6475
6704
7664
9307
11664
14544
3289
7850
12930
3708
10343
2437
10544
4039
13443
8559
4194
638
12906
10861
9417
8676
8671
9398
10833
12886
609
4157
8517
13439
4047
10588
2515
10507
3902
13221
8282
3807
166
12468
10303
8866
8142
8126
8862
10302
12452
168
3817
8320
13285
4000
10652
2656
10901
4432
13883
9073
4884
1454
13849
11990
10829
10297
10586
11608
13242
641
3833
7904
12610
2835
9120
926
8659
1886
11196
5952
1487
12908
10047
7810
6372
5612
5673
6553
8109
10420
13407
2061
6788
12098
2985
9967
2287
10826
4744
14493
10183
6465
3435
1268
14887
14195
14269
107
1723
4131
7423
11284
809
6290
12550
4389
12208
5569
14836
9966
5597
2060
14435
12662
11522
11142
11540
12678
14480
2146
5706
10072
3
5837
12490
4770
12970
6898
1471
12076
8348
5201
3040
1641
1031
1229
2121
3892
6543
9880
13886
3711
9482
832
8229
1115
10094
4611
13
11324
8340
6053
4617
3956
4152
5123
7060
9612
12943
1969
7132
12864
4348
11852
4952
13952
8792
4272
655
12987
11065
9876
9463
9950
11200
13184
970
4727
9263
14479
5626
12680
5280
13953
8408
3473
14519
11503
9108
7620
6968
7088
8002
9842
12407
701
5002
10190
952
7789
195
8767
2822
13032
8924
5552
3057
1466
663
727
1612
3351
5994
9438
13603
3619
9688
1311
9021
2315
11777
6883
2652
14598
12348
10918
10235
10442
11524
13333
1012
4676
9173
14408
5599
12754
5493
14211
8905
4235
498
12821
10910
9766
9462
10115
11597
13813
1912
6091
11106
1725
8467
919
9424
3544
13775
9875
6687
4343
2932
2445
2781
4086
6281
9324
13172
2795
8568
23
7528
657
10009
4945
818
12772
10480
9015
8473
8848
10152
12287
143
4115
9008
14664
6291
13782
7266
1401
11746
7747
4692
2487
1304
974
1580
3038
5457
8804
13022
3002
9109
935
8860
2462
12264
7765
4156
1530
14854
14048
14130
127
2073
5025
8856
13527
4085
10802
3081
11653
5856
1000
12294
9365
7418
6242
6123
6980
8642
11362
14826
4330
9933
1156
8511
1706
11085
6084
2030
14091
12145
11087
10908
11665
13267
833
4484
9065
14466
5963
13339
6731
901
11266
7452
4516
2517
1601
1604
2531
4528
7470
11311
946
6841
13490
6145
14755
9459
4946
1431
13969
12515
11948
12336
13650
914
4245
8595
13852
5061
12361
5421
14615
9893
5900
2925
1033
74
117
1205
3228
6265
10317
118
6176
13133
6067
14948
10007
5811
2614
514
14457
14338
191
2126
5070
9023
13854
4763
11742
4550
13445
8387
4203
1166
14073
13044
13013
13949
885
3836
7944
12937
3878
11102
3992
13141
8299
4335
1501
14651
13857
14045
205
2512
5898
10279
413
7040
14263
7830
2201
12797
9370
6998
5491
5131
5888
7643
10446
14122
3982
10056
1844
9991
3855
13988
10234
7440
5556
4860
5150
6667
9075
12604
2016
7761
14318
7243
887
10911
6789
3629
1709
778
983
2218
4600
8021
12486
2904
9661
2178
11111
5838
1666
13661
11817
10994
11199
12430
14750
3230
7842
13417
5114
12976
6949
1794
12925
10184
8419
7758
8254
9820
12408
1088
6018
11966
3890
12160
6449
1690
13197
10868
9513
9262
10207
12186
153
4479
9940
1284
8919
2521
12439
8380
5285
3499
2767
3269
4834
7577
11407
1233
7419
14422
7869
2205
12884
9660
7516
6506
6634
7895
10333
13777
3449
9391
1285
9521
3666
14101
10831
8459
7415
7433
8548
10984
14274
3910
9906
1726
10000
4119
14601
11322
9042
7980
8089
9401
11857
280
5128
11245
3249
11711
6095
1710
13574
11716
10942
11271
12808
382
4429
9653
806
8424
1996
12037
8044
5217
3688
3370
4216
6387
9678
14014
4704
11669
4596
13881
9406
6038
3811
2948
3279
4853
7636
11676
1651
8147
606
9622
4575
759
13329
12105
12063
13170
398
4118
9049
49
7501
930
10899
6857
3987
2491
2238
3262
5521
9033
13711
4695
11954
5267
12
11127
8279
6754
6497
7467
9756
13152
2758
8945
1165
9848
4532
495
13009
11697
11568
12692
2
3675
8759
14947
7561
1300
11507
7818
5382
4342
4622
6143
8976
13052
3353
10199
2979
12391
7917
4761
2756
2269
3042
5141
8571
13235
4122
11581
5054
14925
11255
8746
7597
7728
9220
12071
1035
6602
13320
6417
681
11647
8615
7066
6748
7772
10269
13877
3787
10421
2963
12216
7591
4234
2307
1784
2557
4809
8368
13174
4289
11997
5788
989
12771
10765
10134
10837
12832
1193
6033
12282
4752
13657
8960
5550
3503
2886
3689
5973
9576
14368
5704
13460
7543
2837
14795
13093
12770
13736
1099
4977
10312
1760
9971
4180
30
12389
11079
11118
12545
192
4582
10371
2292
11021
5881
2119
14981
14176
14811
1819
5284
10357
1561
9452
3506
14198
11408
9931
9866
11249
13991
3205
9004
1133
9887
4862
1333
14276
13744
14620
1903
5778
11133
2610
11016
5558
1621
14212
13321
13809
704
4214
9224
521
8533
2812
13755
11215
10064
10344
12139
240
5106
11515
4126
13481
9199
6560
5188
5507
7333
10626
218
6690
14388
8761
4570
1865
685
1140
2997
6562
11530
2748
10986
5324
1422
14024
13165
13790
911
4747
10077
1748
10203
5021
1430
14386
13973
19
2583
6994
12698
4970
13794
9227
6277
4802
4915
6664
9945
14654
6124
14034
8594
4754
2374
1669
2510
5072
9111
14702
7072
650
11261
8231
6868
7077
8784
12233
2094
8789
1920
11911
8301
6384
6014
7323
10239
14629
5787
13528
7959
3792
1517
731
1671
4183
8451
14181
6762
628
11635
8898
7911
8544
10968
14794
5375
12763
6686
2143
14403
13349
13930
1167
5078
10751
2844
11920
7513
4713
3563
4228
6683
10687
1274
8704
2627
13488
11052
10178
11043
13469
2588
8662
1276
10728
6824
4476
3875
5157
8121
12790
3997
12243
7083
3442
1730
1693
3416
7035
12178
3918
12753
8110
5169
4016
4790
7246
11393
2050
9918
4121
215
13275
12984
14342
2525
7646
14279
7921
3101
133
14071
14692
2046
6412
12382
5095
14634
11136
9182
9137
10970
14340
4792
11972
5904
1582
14149
13568
14805
2686
7698
14256
7844
3068
150
14166
14996
2565
7210
13394
6637
1503
13327
12092
12624
14915
4052
10319
3117
12958
9682
8171
8497
10821
14857
5879
13659
8444
5049
3469
3778
6189
10379
1298
9300
3966
666
14292
14884
2211
6661
12817
5985
892
12896
11818
12570
136
4873
11446
4868
137
12593
11850
12982
1037
6198
13137
7189
2922
760
489
2295
6115
11765
4282
13859
10486
8944
9435
11859
1228
7647
910
11385
8646
7982
9268
12556
2666
10133
4268
420
13796
14052
1342
5640
11951
5189
373
12848
12219
13535
1909
7448
14800
9331
5816
4313
4956
7599
12222
3785
12684
8478
6413
6309
8270
12293
3308
11577
6843
3914
3333
4842
8386
13923
6697
1354
13203
12187
13166
1294
6613
13805
8317
4799
3359
4035
7106
11993
3921
13205
9615
8016
8583
11286
1009
8067
2049
13342
11793
12307
14932
4794
11763
5891
2054
443
1179
3831
8933
939
10339
6848
5301
6201
9180
14281
6833
1270
13025
12012
13095
1464
7121
14757
9813
7042
6390
7970
11794
2681
11162
6657
4298
4252
6599
11015
2562
11656
7805
6200
7010
9913
14991
7532
2108
14107
13403
14917
3626
9898
3093
13742
11758
11950
14390
4149
11343
5695
2364
1382
2600
6396
12310
5523
1018
13963
14125
1720
6682
13740
8405
5173
4430
6045
10034
1189
9920
5796
4017
4840
7945
13305
6150
1283
13820
13723
1029
5797
12854
7460
4154
3431
5154
9336
614
9714
5987
4647
5798
9430
208
8794
4564
2715
3485
6874
12355
5294
730
13717
14113
1951
7456
59
10440
8118
8344
10967
959
8739
3663
1356
1469
3927
9166
1681
11826
9492
9579
12141
2183
10040
5087
2649
2966
5831
11167
3773
14254
12292
12757
619
6482
14462
10284
8495
9363
12740
3576
12295
8443
7279
8480
12403
3730
12962
9763
8997
10928
275
7605
2220
14640
14632
2224
7613
310
11026
9160
10089
13399
4526
13270
9810
8827
10611
14986
7170
1818
14224
14373
2166
7754
839
11846
10491
11741
577
7485
1806
13956
13749
1400
6806
14722
10582
9059
10353
14215
6043
367
12785
12788
405
6129
14370
10553
9420
11055
306
7657
2573
328
999
4438
10682
4673
1529
1151
3530
8947
1993
12993
11805
13372
2832
10277
5299
3340
4205
8034
14596
9100
6533
6779
9853
678
9726
6510
6119
8675
14080
7558
3680
2946
5102
10264
3076
13990
12841
14612
4331
12036
7656
6206
7745
12202
4645
32
13425
14818
4056
11542
6933
5138
6547
10838
3051
13396
11790
13081
2446
10027
5283
3726
5278
9995
2420
13076
11854
13542
3330
11303
7328
6303
8409
13532
6966
3152
2572
5192
10952
4662
1555
1557
4705
10987
5254
2669
3383
7352
14106
9289
7571
8907
13404
6177
1972
1058
3307
8821
2381
14197
14207
2416
8927
3461
1351
2396
6865
14177
10116
9030
11233
1644
10488
7461
7679
11192
2783
12895
11283
12816
2605
10948
7445
7251
10290
1583
11341
9357
10664
171
8337
4605
4237
7414
13617
8428
6540
7973
12719
5921
2413
2344
5728
12513
7652
6134
8108
13334
7267
4259
4954
9000
1379
12370
11729
14471
5684
304
13577
148
5307
13958
11124
11678
545
8278
4185
3735
7068
13507
8692
7401
9559
98
9542
7329
8632
13503
7100
3893
4650
8906
1609
12977
12913
1502
8727
4407
3678
6901
13389
8733
7619
10165
1226
11151
9633
11712
2369
11931
10144
11910
2268
11611
9524
11115
1312
10438
8093
9595
14691
8601
6228
7686
12800
6741
4296
5717
11081
4960
2579
4132
9703
3562
1631
3321
9043
3270
1534
3495
9567
4081
2641
5160
11559
6670
5601
8552
176
11097
10606
13982
6378
2485
2644
7013
14912
11959
12801
2507
11478
9225
10985
1549
11336
10025
12559
3977
14706
14290
2859
10634
7313
7941
12656
6394
4028
6010
12014
6972
5882
9062
1094
12523
12831
2153
10905
8506
10382
1144
11354
10532
13727
6174
2683
3490
8515
2532
811
3331
10163
5923
5990
10362
3641
1432
3316
9684
4989
4631
8575
1717
14131
751
6979
2007
1653
5531
13712
11328
13036
4011
14560
14348
3424
12077
9969
12101
3497
14521
14899
4592
13686
12303
92
7593
4246
5475
11216
6220
5691
9821
3098
978
3425
10496
6879
7722
13037
7975
7427
11365
4759
2577
5229
12448
9083
10369
947
11586
11546
888
10282
8988
12441
5297
2954
5258
12360
8882
10195
893
11724
11957
1787
11596
10890
14911
8680
7293
10538
3288
1036
3512
10925
7907
9743
1192
12665
13737
4742
342
971
6597
1773
1873
6981
1650
1338
5953
251
14719
3816
13126
12214
982
10106
8824
12668
6393
5027
8697
2212
775
4527
13144
11820
207
9045
7740
11455
5120
3801
7894
1771
627
4962
14090
13464
2727
12475
12113
1835
11870
11947
2036
12647
13185
3786
14909
958
7538
3985
5928
13019
10347
12892
5621
3655
7226
599
14698
3841
13545
13430
3510
14111
21
6331
2805
4913
12261
10060
13127
6751
5592
10096
4891
5094
10836
7113
8623
573
13326
1444
10126
9168
13823
8981
9740
791
12777
65
8114
6702
10775
5498
5859
11915
8433
10714
3493
2095
6495
1289
1890
8244
5162
7968
1332
353
5440
1047
2459
9835
7827
11642
6141
6608
12774
9840
12712
6488
6022
11473
7843
10127
3071
2124
7307
2994
4902
12715
11441
941
11845
13493
6107
4798
9514
5147
7098
14768
13653
3467
14559
1736
10015
9265
14672
11268
13983
7893
7916
14051
11467
16
9882
10860
2976
1500
6210
2107
4375
12974
12766
3723
1231
4982
26
1463
9251
8374
13906
10771
14046
8764
9972
2373
1407
7031
3679
7309
1976
3346
11395
10711
1626
14098
3083
13733
762
9719
10141
1959
403
5818
2621
6298
1456
3266
12015
12242
4139
2849
8372
5564
9565
5239
7889
2074
3233
11300
11138
2578
1085
6645
3739
8019
3932
7134
1871
3658
12609
13306
6093
5772
12594
11359
1982
14888
4825
1757
5769
1880
5122
281
2872
12643
14286
8335
9450
2587
3168
11020
10999
3113
2504
9426
8430
14683
13330
4355
2500
8305
6391
11748
9475
14536
12245
2149
14653
4618
1915
7048
4204
9131
6641
11558
8987
14001
11750
1846
14690
5167
3236
9066
7526
13511
12331
3667
2856
9970
9562
1883
2035
10248
10996
4562
6041
129
2366
12528
181
11227
14907
11691
1075
13786
4418
2868
9502
9074
1598
2277
11164
12917
7840
10842
7133
11306
8731
14267
13140
5149
5384
13827
338
10576
13715
10377
73
13311
4940
4815
13034
14604
9751
13163
10135
255
14210
6640
7450
1610
4552
722
5945
4477
11682
12393
6860
9785
6568
11901
10880
3583
5166
267
4454
2179
8788
9175
3395
6628
3400
9255
8941
2474
5152
1586
7290
6728
14978
2417
13960
4531
4045
12851
419
12637
3553
3770
13249
1805
14585
6854
8018
3455
8355
7556
648
3591
571
7441
8253
3444
8264
7525
836
4141
1758
8964
10641
7045
12674
13063
8194
12787
12103
6096
9793
8164
1049
3988
1596
9117
11397
8381
87
1911
13583
5143
6740
2916
9403
10689
7160
13359
14746
11258
2673
4504
1073
8216
10325
7586
14894
2541
349
8780
12301
11117
5210
9705
9532
4775
10445
11448
7939
14853
2290
180
8921
13043
12761
8033
13913
294
12718
5614
9232
8551
3618
9651
11294
8754
1997
6367
6499
2331
9423
12317
11186
6009
11943
13800
11876
5858
11166
12491
10051
3516
8454
9673
7076
388
5529
6903
4415
13446
3682
5527
3713
13502
4659
7424
6603
2210
9779
13639
14222
11645
5461
11180
13539
12655
8484
1173
5776
7324
5486
470
7832
12019
13006
11048
6108
13257
2405
3737
2188
12975
5686
10757
13064
12596
9387
3393
10121
13909
29
13767
9975
3292
9556
13179
14291
13053
9382
3274
10189
14419
1365
1247
13966
9216
2439
8503
12553
14420
14226
12057
7755
1519
8402
13457
1355
2566
1929
14509
10403
4373
11745
2255
6311
8553
9353
8455
6170
2229
12011
5076
11921
2165
6289
8892
10431
10524
9285
7071
3363
13817
7929
878
8100
14206
4176
8269
11547
13734
61
463
246
14393
12645
10226
7073
3122
13746
8660
3154
12171
5568
13602
6181
13423
5215
11808
2998
8983
14848
5363
10862
1052
6518
11701
1778
7135
12327
2549
8035
13705
4558
10598
1825
8414
271
7678
278
8464
2088
11332
5925
1103
12118
8507
5722
3721
2402
1864
2180
3423
5530
8591
12666
2642
8793
816
9448
3862
14571
11651
9942
9460
10461
12675
1336
6770
13485
6844
1591
13212
11443
11419
13038
1418
6876
14019
7985
4013
1981
2023
4301
8388
14874
8364
4321
2324
2702
5522
10675
3265
13477
11028
11218
14067
4524
12644
8416
7241
8621
13033
5232
330
13779
14990
4360
11825
7476
6312
8324
13939
7611
4879
5366
9608
2019
13322
13199
1587
8833
4908
4674
8198
565
12221
12669
2116
10704
8366
10398
1339
11907
11637
445
9113
7166
9677
1558
13307
14658
5615
1327
1964
7519
2887
3177
8463
3882
4512
10233
6023
7202
13619
10494
12650
5264
3515
7406
1741
1799
7642
4266
6793
17
14316
4602
621
3219
11867
11658
2581
14964
3645
13914
296
8630
8302
14813
12903
2751
14476
3063
13573
831
10597
12198
6024
7101
131
687
8902
9374
2297
2851
10973
11855
5392
6853
800
3184
13308
1495
12830
2317
14995
6032
5281
13035
14257
9044
12375
9461
60
14627
7928
10329
6589
11858
11214
4934
7637
4849
11213
12158
7554
12510
12104
6451
10484
9326
3074
6902
5575
14464
3477
2694
12319
2168
2574
13540
4997
7145
4947
13526
2977
3367
14758
7315
10756
10613
6835
14236
3158
3580
370
9169
14540
1657
600
11775
4927
10048
12209
11754
8556
2901
9712
13999
645
322
12899
8097
1326
7666
12054
14512
169
14473
12040
7990
2651
10877
3028
8783
13588
2286
5099
7154
8205
8756
8631
7987
7085
5622
4004
2138
145
13338
11468
10001
8385
7438
6802
6650
7273
8272
10462
13206
1935
6912
12907
5096
13865
8762
5168
3371
3163
4807
8113
13666
6098
612
12756
12048
13861
3010
10031
4578
1907
2424
5786
12410
7308
5242
6851
11796
5489
2913
4093
9348
3484
1623
4327
11099
7490
8219
13890
9034
9098
14120
9200
9638
39
10947
12425
4478
2058
5745
144
620
7535
5439
9938
5560
7865
1904
2926
10760
10653
2636
1914
8803
7906
14846
14410
6893
7319
523
2447
12520
795
13091
3826
3460
11918
14434
11177
2120
2630
12663
2340
1751
11220
475
159
10338
452
1505
13223
5677
9130
8524
4363
11254
14832
14946
11768
5587
11250
14213
14380
12067
7272
44
5749
9550
11125
11179
9772
6552
2232
11662
5057
12562
4413
10510
964
6522
11715
1821
7312
12828
3789
10355
2696
10738
5058
320
12218
10390
10281
12009
362
6256
14261
9775
7680
8352
12195
3896
13975
12278
14145
4829
14303
12897
517
7751
4669
6034
12406
8736
10352
2456
53
3504
12764
13113
4797
2825
7523
4034
7573
3275
6214
1654
5052
1008
5378
2918
8772
8227
1515
4032
389
6549
7117
2392
7616
7934
3764
10125
12081
10102
4108
9646
11440
10237
5839
13623
3753
6411
6797
5124
1546
11640
5105
12512
3766
9362
14297
3898
8350
13040
2807
8209
14429
6503
14779
9558
5747
3934
4200
6894
11928
4886
462
14809
2276
8664
3866
3256
7180
331
13974
2264
11157
10636
851
12502
121
9822
10907
4451
5082
13508
14676
9055
11707
8017
13437
12878
6691
10295
8812
2496
6820
6906
2803
10275
14118
14934
12869
8055
987
7311
11420
14170
686
1361
1512
1302
1194
1246
1895
3535
6130
10286
904
9082
4490
2398
3368
7596
154
12122
13124
3669
13992
14474
5573
2421
5394
14771
850
9494
10265
3872
5619
510
4895
2871
10474
12798
10381
3492
7431
7530
4257
12783
3731
7336
8724
8486
7238
4978
1817
13912
10974
8876
7552
7574
9293
13011
4425
13483
10783
11917
1901
11482
10870
351
10710
12168
5013
4720
11426
10940
3758
5033
56
4812
4040
13597
3781
5237
3020
12829
5142
10146
13552
358
1780
3003
4140
5883
8370
12572
3765
12387
8948
8819
12531
5785
3584
7033
732
1222
8468
7991
96
673
10322
14044
12530
6520
11204
12421
10578
6183
14677
6783
13004
3727
9767
1102
9138
3870
695
700
4594
11999
9190
11563
5026
4730
11049
10318
2575
3761
14190
4904
5851
2774
11894
3327
7831
11010
13679
907
4402
8456
14728
8508
5660
6523
11787
7603
9071
1882
2254
10602
12541
8744
14923
1767
110
10774
4576
11429
2737
9464
1449
10535
6617
5934
8808
1253
14248
3332
14270
3034
9
6581
7899
5473
14332
6066
10660
14705
3832
8598
43
9296
6636
8115
14930
12823
2152
14517
5738
6263
1970
9668
14027
1645
3772
5897
8771
13578
6489
3144
4909
12078
11105
3108
3947
14169
5780
8908
9930
9801
9566
10154
12968
3644
13688
13985
5616
4721
12053
14086
12023
6930
14436
6430
13514
7362
3417
3525
8593
5063
8431
5975
12942
782
1265
194
14092
14004
932
7174
2594
4972
14103
2464
957
11262
4712
11725
5065
14902
13279
1643
11399
13707
10467
2458
7034
9687
12284
1498
9129
6186
9161
5075
9989
10593
8653
6080
3534
3454
7457
1314
2990
13200
4161
7318
9094
11527
1473
10830
11094
4196
6746
5588
2440
14631
13606
1271
10114
11098
7067
13902
4623
10469
3638
1203
5703
3164
11382
1950
7723
14873
11012
13315
9136
84
4021
7651
13196
8238
10193
6159
13100
3954
10587
5957
7011
580
6082
8971
12576
4654
1833
7807
9768
9845
10709
410
12201
2503
5211
7152
11223
5840
8074
6644
3532
2139
5956
1360
8046
13139
4971
579
5251
5230
4165
5554
12347
12849
10548
8255
10085
3471
7834
11003
1255
13136
3986
7963
13660
9861
14558
1998
6757
707
4981
6616
10145
4530
8901
12086
2738
877
10693
5892
5316
13691
5631
14865
1034
14414
13480
3064
2700
2540
7390
5652
3011
4832
14987
9476
7502
13947
4980
14491
3728
7777
924
6060
10608
7186
14775
10580
14144
1761
9818
12651
2202
14815
10924
11795
8968
8085
596
9497
9186
7382
10068
9541
12182
10293
10619
5260
634
6127
11461
10200
9894
2048
11447
13587
2418
383
1341
12912
12825
9959
12248
13350
7459
1991
7641
1392
8644
7999
8917
5484
7508
9341
5649
6680
7240
1770
1635
1768
12890
14725
3958
6321
1973
3548
7037
7801
3273
6094
11652
2463
6939
6164
13016
10665
11760
14359
1744
3141
765
10552
14088
12381
3871
3372
11462
12240
6385
9028
6292
13556
2012
4328
5227
7700
13003
9107
13247
13295
12619
14345
7416
9987
11599
1508
221
13050
14010
9429
5039
7741
8297
14688
3242
12471
5003
3929
3065
12034
9904
6332
11684
7114
2632
11231
14035
8003
6911
7992
10770
14218
2548
7426
12649
5412
2278
6427
4160
14669
11757
86
14966
900
11732
7710
11228
1150
2429
8628
158
4333
770
5164
13631
11121
12918
4756
2995
10817
1236
10026
10551
10216
538
7436
7074
10666
198
4173
4580
1578
12732
8438
8423
1936
11198
12364
14503
13824
6232
5282
10603
9080
3067
12742
14055
64
10646
13260
5586
3592
10093
14499
8217
357
3189
13905
3220
5295
10067
11432
5019
4808
12146
922
10327
4460
11810
4773
2698
396
10620
3147
13236
4340
4061
14490
12100
7631
100
11209
5443
11439
