19.889
17.684
14.790
4.441
23.571
27.852
2.406
48.971
24.400
25.052
11.395
7.382
34.778
21.558
23.516
51.873
16.705
32.821
27.314
38.577
8.087
21.585
13.059
13.204
47.868
17.479
44.985
40.700
26.225
40.357
32.492
53.795
37.595
16.791
24.235
28.588
48.122
9.444
30.159
13.695
18.525
38.109
23.018
6.129
36.302
32.595
28.908
12.895
21.960
16.763
44.533
7.749
15.136
32.111
42.826
19.718
51.675
12.587
20.270
53.608
41.629
34.225
36.590
56.868
55.804
8.644
21.160
25.071
38.327
31.625
29.251
50.123
40.971
45.037
19.028
44.726
7.354
33.442
8.286
59.467
12.135
32.928
38.941
17.584
26.463
50.265
59.325
29.238
40.441
38.328
28.855
19.733
34.663
2.481
48.248
28.940
7.302
5.694
22.225
20.326
30.687
49.815
36.115
22.862
38.104
57.582
37.717
7.360
36.993
52.176
37.232
55.965
34.503
28.144
61.107
33.882
54.905
41.741
44.550
53.883
38.184
31.624
9.213
41.108
15.453
5.618
10.537
46.076
30.162
5.077
40.037
59.336
39.495
10.451
16.048
45.537
48.960
41.026
47.994
17.937
15.918
20.680
14.633
12.175
25.837
18.576
14.585
9.873
11.436
32.102
8.724
14.372
24.399
21.488
7.342
13.911
8.279
15.019
10.201
57.125
3.155
56.245
32.885
58.486
46.404
24.894
23.215
38.845
45.858
50.604
35.649
35.521
15.450
50.410
37.501
44.057
17.551
31.694
11.072
17.786
45.568
20.065
29.741
23.116
23.598
52.568
28.252
50.939
20.322
14.088
37.726
39.134
43.528
54.338
57.510
40.182
56.838
36.570
4.033
35.618
53.630
49.470
9.366
57.695
44.525
36.211
51.649
59.328
15.651
51.329
5.487
31.044
18.162
2.219
37.647
36.155
58.416
15.318
23.941
56.635
60.483
13.634
56.025
8.059
52.688
8.825
44.565
3.364
29.877
28.255
57.053
10.301
21.601
51.414
44.599
15.139
41.625
55.513
56.479
11.412
22.223
8.188
18.121
31.615
53.165
17.250
57.359
49.136
50.896
49.442
38.624
39.988
57.467
51.797
15.522
16.722
59.503
13.542
25.602
14.812
54.395
53.058
14.720
19.215
27.704
6.732
57.093
8.995
41.117
48.254
22.800
23.654
12.540
59.621
25.115
29.657
8.287
48.544
51.106
51.299
20.036
29.848
31.540
44.574
30.356
7.799
25.186
50.580
55.795
23.387
44.342
8.548
25.346
32.814
57.230
51.260
36.038
59.067
32.178
42.879
51.074
6.315
11.201
9.660
54.249
26.872
19.686
29.860
2.500
53.356
6.476
45.502
49.771
8.542
44.429
24.366
25.514
48.411
45.872
49.231
60.235
11.198
54.254
51.813
16.857
16.264
47.085
59.490
34.045
30.523
45.392
38.982
51.200
47.716
46.960
10.539
35.165
8.757
40.793
34.939
20.394
47.509
21.869
56.486
16.619
14.643
9.801
18.617
27.165
46.206
9.339
50.877
10.239
58.772
21.597
45.268
11.927
51.874
22.328
48.630
59.707
36.291
26.755
19.877
38.043
26.055
24.139
37.850
41.602
50.667
56.680
54.466
52.473
49.704
8.266
13.677
7.767
11.003
44.958
46.816
13.344
32.204
21.386
47.855
44.908
50.425
4.913
44.097
29.124
12.670
44.857
48.214
4.892
30.710
38.026
21.420
10.434
35.413
32.619
16.419
7.352
26.742
41.532
35.972
49.745
28.551
44.408
9.946
35.975
35.769
52.787
47.102
15.598
28.989
39.659
50.245
53.178
56.883
56.845
10.121
9.511
17.454
8.427
28.565
6.805
32.742
41.123
28.976
41.727
30.659
36.493
40.152
8.023
31.268
22.959
41.857
14.374
55.911
15.518
26.032
39.925
36.249
37.225
32.036
46.501
43.398
14.597
42.058
38.902
33.213
59.142
14.174
58.546
57.813
18.705
55.349
40.220
12.858
40.877
58.553
59.583
7.418
41.954
31.524
37.173
26.321
49.719
7.684
39.235
31.500
21.806
52.042
40.291
47.946
19.024
33.428
18.610
43.833
42.410
40.840
29.320
35.997
53.388
52.666
27.059
49.132
47.155
39.490
36.872
27.973
13.545
11.490
9.929
11.245
31.939
49.540
36.580
40.875
55.300
57.069
59.759
40.422
37.245
59.629
28.946
23.470
34.968
21.604
22.324
32.555
23.547
36.043
25.191
16.267
13.223
14.719
43.622
34.092
34.490
52.787
45.092
16.619
34.142
49.835
50.326
48.088
8.657
8.011
32.885
57.980
11.736
59.588
43.509
54.143
9.990
29.689
8.558
30.129
21.552
19.762
6.608
15.248
8.301
14.828
13.161
45.485
41.008
10.186
30.282
30.838
29.350
28.501
56.317
51.655
48.392
43.271
38.491
35.198
11.690
50.420
19.293
11.293
53.916
7.513
34.300
38.821
42.268
45.584
55.074
7.777
54.847
38.546
50.652
54.840
27.680
41.629
11.667
13.565
51.710
13.266
42.100
52.278
21.147
42.474
20.589
36.958
21.773
57.303
39.611
27.713
27.129
48.488
43.073
28.894
18.520
39.480
42.006
30.974
41.774
7.268
15.484
18.512
37.811
52.749
42.933
22.110
53.689
15.389
45.550
8.625
52.084
56.886
57.212
44.462
51.911
53.050
51.111
44.022
56.767
18.254
14.255
47.130
22.816
16.541
50.558
35.745
58.378
57.328
27.631
12.923
19.884
33.529
45.552
4.479
16.557
37.848
33.629
41.025
32.337
42.032
51.240
38.864
12.731
14.427
39.242
36.113
18.687
31.437
30.980
13.118
25.862
44.966
44.434
43.004
36.202
32.252
12.869
30.138
40.832
35.275
38.899
56.279
37.370
18.603
36.659
55.037
51.887
50.075
15.696
22.840
52.647
20.595
29.391
13.849
19.835
29.875
50.366
45.292
16.278
40.145
37.813
47.151
55.648
47.935
32.928
40.998
28.395
52.795
30.294
29.556
55.947
43.752
45.806
35.168
56.218
18.787
55.604
14.551
22.335
48.769
41.796
44.662
13.744
26.393
61.269
51.563
38.698
42.813
15.256
38.070
11.401
41.710
57.090
58.423
41.501
42.399
57.812
35.705
36.974
7.450
11.298
45.560
43.252
48.025
58.077
59.713
60.149
24.097
28.565
20.508
23.855
41.758
38.070
17.868
41.949
32.336
15.820
46.574
23.860
27.619
12.666
45.723
6.916
18.729
15.955
48.649
26.615
30.288
32.271
52.174
47.029
56.614
50.006
57.269
42.138
25.717
16.151
32.301
9.638
56.610
25.146
33.423
42.611
52.874
32.176
58.360
25.835
60.126
14.935
49.274
50.951
46.925
27.343
25.122
57.587
36.960
47.030
16.378
25.982
52.620
51.622
24.663
49.176
17.483
44.254
34.505
60.110
14.971
14.940
50.329
53.233
59.601
44.557
37.672
15.746
45.784
35.623
19.503
13.957
42.200
46.304
13.039
51.619
50.566
15.200
37.942
32.584
41.227
47.714
15.054
47.927
6.732
38.619
5.524
58.500
11.148
27.388
56.303
38.440
52.602
44.369
47.505
33.209
39.714
19.647
47.777
51.391
36.635
26.813
47.961
49.088
44.411
32.083
1.567
42.270
29.860
38.028
37.827
27.981
38.114
42.448
6.981
44.265
14.852
12.690
15.039
25.499
34.680
52.549
44.221
47.856
20.481
57.002
52.482
54.032
33.082
55.679
7.062
54.915
10.291
56.950
49.101
47.109
43.289
40.064
42.460
33.696
10.134
47.422
51.222
18.532
48.957
37.913
12.684
35.585
45.070
36.584
43.249
54.787
51.204
43.798
26.837
43.884
12.460
36.575
19.489
47.023
39.037
4.190
24.226
28.132
22.629
49.421
40.442
11.919
49.787
47.836
58.430
36.682
42.059
45.659
60.037
14.558
47.139
21.422
51.511
27.892
8.233
20.918
53.798
50.191
56.437
58.213
24.321
57.003
59.712
31.253
5.842
14.069
57.058
30.259
37.527
50.078
11.640
34.173
39.006
9.277
34.517
48.581
23.022
23.430
10.819
44.360
30.747
54.185
58.139
28.553
23.883
56.749
24.183
34.691
8.728
18.609
33.978
10.677
26.732
36.678
17.587
59.273
52.038
56.243
39.720
9.921
19.757
25.995
29.159
30.600
30.662
34.490
31.234
7.330
22.517
43.038
26.317
12.545
56.242
29.660
40.419
23.847
31.964
38.613
31.566
16.324
28.632
57.836
15.430
17.862
51.644
41.788
19.968
26.749
58.314
58.898
54.260
58.997
28.591
50.115
27.924
58.494
32.940
28.566
52.361
31.767
17.894
45.609
51.793
29.859
41.347
15.321
26.377
52.700
59.943
35.910
40.969
8.047
4.971
48.961
59.660
48.929
37.025
12.462
48.748
51.786
52.295
12.687
52.103
9.479
14.338
47.823
19.072
7.718
48.748
6.006
6.890
57.467
26.077
11.680
60.001
42.171
40.496
55.797
36.173
36.756
54.785
51.844
59.056
61.094
3.449
25.965
41.665
51.965
38.665
55.917
33.182
58.554
56.012
5.467
50.797
32.018
10.451
53.937
57.531
55.593
14.973
38.351
13.625
26.932
31.756
39.710
30.062
23.580
51.267
62.542
8.415
12.550
33.835
11.752
7.236
51.044
18.716
43.629
33.845
44.354
13.596
49.660
57.707
7.187
58.758
34.349
29.813
29.814
25.121
48.135
8.249
49.369
8.461
45.239
39.412
20.757
5.859
50.265
41.574
10.111
47.286
59.232
58.672
48.044
61.195
46.120
33.662
52.645
51.175
51.652
49.591
38.191
32.359
35.970
18.886
17.156
49.787
42.742
46.956
21.114
42.060
33.642
10.932
29.984
15.579
50.899
45.126
20.991
20.491
9.004
36.387
26.622
43.910
49.297
32.439
38.661
41.585
47.508
38.376
27.757
28.471
57.126
6.801
18.953
31.454
54.163
9.538
53.028
42.018
59.832
52.173
57.889
54.083
56.885
55.093
39.881
52.115
43.299
30.942
42.010
38.404
55.534
56.573
48.993
7.658
40.401
60.724
10.664
38.409
38.572
52.979
38.892
14.215
9.643
22.184
37.253
10.491
19.497
43.184
58.597
30.849
18.272
40.424
14.936
49.160
51.690
11.594
45.582
47.645
56.017
47.474
26.947
39.608
60.337
34.912
18.897
24.451
6.338
51.561
48.468
48.347
43.226
15.184
51.828
48.221
41.113
17.499
52.299
5.482
48.445
44.121
20.667
48.855
29.575
13.853
56.164
48.178
52.439
41.074
3.975
4.289
49.738
59.560
27.255
39.199
57.629
49.117
43.348
51.967
48.762
16.167
41.248
39.620
16.879
17.638
35.711
37.368
36.253
10.047
35.124
37.881
22.406
29.669
40.578
28.898
46.077
45.946
29.913
33.472
25.472
34.251
42.486
47.592
37.651
53.893
42.769
42.087
29.799
29.227
7.519
4.685
53.697
58.494
29.695
21.990
14.776
42.302
24.629
54.646
45.126
56.872
22.552
50.198
10.435
33.379
49.421
34.258
40.471
23.652
56.830
44.873
55.663
59.390
33.801
17.302
12.549
46.846
34.865
20.598
56.099
24.436
52.672
33.665
38.722
27.564
29.305
51.162
54.716
28.102
7.119
3.552
48.187
7.907
41.536
35.104
38.111
40.475
46.908
47.803
34.798
33.521
39.606
56.577
7.519
24.808
29.779
38.189
43.370
26.100
28.018
50.703
32.707
46.604
37.747
47.000
33.886
43.898
36.374
49.707
27.243
45.226
33.362
48.048
12.312
7.577
20.051
40.431
6.904
35.155
12.999
11.852
45.854
52.790
8.918
26.579
27.701
37.394
15.876
48.466
43.962
47.804
40.727
26.119
7.243
44.405
46.483
48.358
52.056
48.377
36.858
44.859
49.551
46.372
52.632
54.290
5.007
55.109
59.175
48.041
27.161
45.980
17.364
37.149
8.569
36.832
37.228
45.487
33.471
25.961
25.136
32.809
38.202
41.571
13.553
55.197
50.744
36.596
53.394
55.783
52.759
47.099
50.072
36.727
22.639
6.825
22.957
52.791
28.992
19.288
45.752
1.793
48.054
43.754
46.709
56.476
55.988
34.444
48.475
5.067
20.811
40.288
47.615
20.825
30.773
10.989
39.443
10.460
24.576
53.872
11.475
14.044
20.571
17.480
21.875
60.309
9.783
56.976
4.495
53.950
39.518
28.579
52.442
6.266
36.445
19.387
54.615
20.211
43.514
49.978
41.136
18.658
35.290
11.153
54.036
35.392
5.421
43.356
35.259
57.337
35.308
42.093
40.019
42.136
43.683
33.530
41.470
31.621
8.501
17.825
33.342
16.080
32.189
8.563
36.674
15.876
7.728
21.320
22.839
43.159
49.082
44.728
7.360
19.111
27.387
26.565
53.404
31.099
0.912
35.313
21.441
10.739
39.979
36.256
12.489
11.405
8.701
55.281
59.146
33.029
24.796
17.019
53.487
34.397
44.921
25.386
10.929
6.792
60.285
59.625
58.064
7.685
18.404
24.362
58.440
44.051
34.689
45.937
16.576
35.972
13.444
48.778
16.379
32.415
26.377
4.403
57.860
3.007
10.426
55.502
49.165
29.102
24.758
38.202
27.744
45.447
41.733
46.194
15.491
46.471
56.821
37.145
42.230
31.866
21.891
34.489
15.932
38.605
44.149
6.594
47.850
16.123
46.310
23.666
51.019
51.356
49.496
46.677
60.762
34.433
51.207
42.903
55.569
39.547
13.278
42.497
33.861
37.802
51.539
32.179
20.888
37.674
53.217
46.924
49.273
47.710
47.119
36.838
23.633
24.253
52.834
9.400
52.041
20.758
8.667
30.339
10.159
54.287
37.176
42.282
52.321
48.805
41.126
47.839
57.500
38.619
46.496
28.106
32.949
57.628
10.567
8.220
29.433
23.036
20.279
26.406
18.160
21.897
19.126
12.140
46.576
12.198
19.494
5.897
23.531
21.199
25.678
14.432
51.969
35.964
43.033
51.047
42.551
31.447
37.527
51.422
43.634
43.930
15.310
54.633
57.150
28.730
17.985
46.467
28.094
4.909
47.636
25.047
36.450
50.301
33.533
44.371
36.736
39.684
39.680
29.551
7.875
35.376
59.305
46.029
32.426
5.894
9.384
58.669
23.567
56.805
7.582
36.605
7.004
18.531
27.641
18.783
32.639
38.741
55.589
54.920
20.597
38.344
23.153
11.142
19.984
22.768
16.359
16.405
16.927
19.656
34.444
28.846
19.228
54.959
45.994
43.470
24.681
11.355
44.233
53.247
30.624
19.735
32.925
34.946
13.618
7.034
34.892
12.487
15.553
14.736
12.597
10.600
37.462
27.203
8.148
51.736
44.931
4.576
43.117
32.987
12.476
34.749
47.090
57.692
33.879
39.279
19.235
7.253
18.470
13.610
52.280
20.219
34.556
17.928
23.525
5.903
31.115
56.726
40.610
41.049
37.821
6.388
45.724
40.681
20.477
57.596
26.811
31.444
36.860
32.121
44.868
58.027
40.975
26.797
40.165
34.632
22.759
7.266
4.573
42.232
53.508
45.547
26.421
55.910
36.111
8.625
38.731
35.085
15.578
51.119
49.798
24.353
32.257
55.825
55.278
52.524
2.817
45.157
37.225
59.236
43.784
57.976
43.362
4.022
38.296
25.349
55.005
28.464
7.119
22.388
39.243
40.785
60.094
17.990
50.914
37.521
49.709
40.271
39.644
38.047
43.222
33.204
45.725
9.210
59.733
24.608
54.899
60.080
10.627
48.909
54.184
59.069
13.514
54.616
12.177
51.588
15.110
9.699
12.857
44.924
49.118
49.587
5.887
19.202
41.360
46.692
31.867
45.774
2.564
42.676
42.830
43.968
47.649
53.832
37.277
58.453
53.183
52.029
17.890
36.680
40.825
53.243
21.761
3.749
33.836
38.761
35.582
6.526
51.990
38.861
34.721
28.410
54.136
42.632
45.953
9.321
48.732
39.690
49.211
16.931
46.314
8.406
30.259
46.986
43.763
6.785
12.592
7.342
32.009
41.199
37.997
44.281
40.421
37.125
23.529
31.084
27.867
35.127
48.054
55.559
20.372
27.363
27.388
33.386
34.987
49.491
42.002
48.794
55.333
15.713
41.602
55.094
23.925
47.806
47.493
46.599
14.565
49.506
46.753
45.596
44.211
34.536
42.952
33.321
11.274
53.142
58.644
28.319
55.449
36.809
33.242
48.252
44.441
42.009
45.691
54.772
28.874
58.144
52.090
44.820
39.982
40.982
55.696
46.942
12.505
19.476
9.547
47.859
17.332
54.390
7.450
1.854
47.078
45.583
48.061
29.401
34.702
13.413
33.732
46.409
9.499
42.106
34.105
2.368
46.624
37.566
41.885
33.953
28.495
58.305
28.907
18.089
48.718
47.105
35.206
36.916
48.480
27.251
18.869
51.576
58.665
59.491
7.635
24.151
33.907
52.664
24.603
37.333
34.407
24.223
15.297
11.508
49.701
43.615
40.957
36.708
20.975
57.716
44.305
27.221
33.024
32.937
50.086
14.843
34.917
46.126
43.075
34.289
28.517
45.837
14.665
49.671
4.012
3.820
35.703
2.922
46.032
5.576
53.518
58.588
55.091
47.203
37.133
4.847
43.484
53.952
14.650
7.457
48.612
37.291
38.678
57.575
55.049
39.441
1.185
21.159
52.447
48.483
17.197
23.095
48.694
59.198
54.439
39.018
23.733
13.548
14.517
17.474
10.575
36.066
36.074
33.735
42.413
15.136
6.023
32.488
54.374
5.463
27.118
39.888
49.801
4.357
40.515
41.474
25.213
50.726
21.564
30.253
8.597
33.009
31.994
31.281
18.393
45.528
40.135
37.827
24.231
40.076
41.782
39.849
48.859
43.296
55.199
7.151
37.673
56.208
27.913
29.590
56.639
31.733
43.675
10.611
8.048
41.356
20.200
45.482
22.524
15.777
29.016
44.360
23.134
39.735
10.285
26.619
34.166
47.281
7.967
56.555
16.474
31.486
41.807
59.073
49.328
30.751
25.011
36.436
17.914
45.412
12.881
40.615
21.520
52.882
42.129
55.234
17.670
12.970
29.713
6.125
47.985
34.136
55.839
14.762
19.183
32.381
32.480
10.180
25.975
16.917
59.364
45.033
45.832
33.544
9.887
11.546
19.708
14.528
44.342
52.499
57.342
37.204
10.458
59.371
19.291
58.087
13.740
11.199
2.434
11.474
48.476
42.976
28.084
48.759
7.660
33.991
54.129
35.220
35.636
31.710
35.766
25.124
45.525
37.239
23.928
50.237
33.233
60.326
22.480
0.737
11.098
44.014
10.601
24.851
24.749
54.164
38.758
7.644
20.095
59.046
37.722
11.209
59.340
35.635
32.637
26.412
42.243
36.393
43.880
44.830
30.455
12.030
19.902
50.625
36.327
33.346
29.845
43.349
37.834
50.713
42.372
29.314
41.880
19.217
11.170
24.648
14.208
6.688
32.781
16.347
40.289
50.295
8.942
48.795
11.062
45.525
17.251
28.462
18.753
5.044
51.775
58.321
21.806
54.407
25.735
59.814
45.579
32.115
9.658
7.132
8.104
46.389
21.985
46.736
49.373
37.977
37.443
11.225
12.589
24.477
16.016
47.974
47.921
10.237
34.864
42.966
38.185
35.408
43.274
39.942
12.757
39.137
28.580
33.688
38.498
58.300
37.934
28.207
49.838
52.781
36.550
53.416
37.694
39.748
5.151
31.248
50.736
45.222
46.667
50.646
55.167
26.511
49.895
41.906
11.484
9.527
38.837
17.985
60.072
47.521
19.114
57.619
8.426
60.274
15.793
59.443
56.529
53.758
12.081
22.353
47.326
47.375
47.509
19.745
21.436
11.894
8.565
57.235
5.858
22.112
37.169
31.671
40.053
11.077
16.869
50.961
45.839
40.346
44.401
46.429
39.999
12.785
11.294
13.422
15.262
4.506
32.558
37.014
28.654
40.825
49.418
48.803
35.635
44.092
16.919
47.003
12.147
35.777
54.366
58.004
32.977
45.810
46.973
42.837
26.054
49.035
57.128
27.561
15.575
32.833
49.464
34.644
18.030
56.818
19.728
39.381
48.260
23.938
26.226
18.321
37.192
58.500
47.876
25.255
30.943
48.616
26.176
25.493
21.289
27.539
19.224
36.711
51.443
49.418
59.427
33.201
43.550
20.207
33.987
35.130
40.400
28.255
34.221
4.980
11.116
46.068
7.895
47.645
43.909
52.546
31.037
36.416
6.758
39.175
40.948
12.895
41.883
50.158
38.437
32.976
58.898
42.798
42.583
53.754
49.185
10.719
44.238
6.905
56.493
50.359
10.958
32.980
20.250
39.048
17.286
23.458
46.685
57.162
56.584
40.505
39.768
37.229
54.136
39.463
54.546
22.528
47.106
51.941
18.467
39.792
33.244
9.148
37.548
27.297
54.551
11.590
23.529
57.415
20.072
39.975
7.304
6.185
46.918
40.751
39.211
59.076
44.746
5.937
14.938
52.687
23.499
18.841
38.567
21.287
46.937
18.715
55.293
42.700
32.531
54.197
52.506
33.270
30.802
19.828
47.450
29.232
13.467
48.696
58.194
37.236
42.319
43.823
50.235
16.913
48.826
59.454
40.906
15.203
46.983
8.739
5.208
13.541
12.030
43.558
51.838
50.824
6.802
14.333
55.626
16.035
58.255
6.668
16.370
58.680
48.985
41.705
12.367
44.010
60.368
55.551
35.645
16.599
26.871
41.650
34.767
10.800
18.774
26.573
37.552
18.718
15.749
50.266
36.969
44.929
29.473
37.353
48.489
13.955
52.504
52.178
36.287
16.420
20.554
42.540
40.737
51.435
54.676
48.022
20.824
20.966
15.888
37.590
50.379
14.849
40.879
45.683
13.485
37.862
54.506
9.999
11.853
29.026
13.195
47.603
20.602
36.328
45.478
49.922
54.350
36.331
44.604
37.866
27.884
56.775
5.811
50.755
60.361
59.509
56.081
52.072
16.795
32.770
27.491
35.386
5.795
27.334
45.840
48.561
50.199
15.204
59.389
51.359
16.162
28.261
29.720
37.076
54.196
25.562
41.352
8.923
51.407
16.483
27.174
57.604
30.492
40.860
32.627
55.284
35.123
24.121
32.397
34.501
56.802
5.527
43.721
21.577
27.556
22.804
7.016
50.716
42.032
45.936
53.002
38.653
56.885
8.222
12.685
50.347
40.407
29.433
16.282
12.084
25.592
26.550
32.706
22.439
11.623
13.315
23.227
8.331
46.497
42.307
39.364
51.734
40.477
38.107
42.694
38.656
55.636
53.623
45.424
4.218
17.540
11.838
41.217
17.380
36.352
18.553
56.852
21.038
42.557
49.740
8.895
37.696
57.906
40.295
52.147
30.257
45.815
12.627
13.531
17.817
53.173
50.954
54.862
49.052
11.095
35.774
7.556
58.718
21.294
60.043
32.485
27.828
45.995
38.405
31.027
31.926
55.317
6.155
56.185
22.854
31.654
40.222
25.705
27.766
7.768
15.165
7.008
53.201
48.093
13.538
49.112
48.064
50.807
35.358
41.159
33.462
33.508
26.993
30.923
41.489
21.212
46.939
60.794
12.527
58.213
2.562
22.964
54.915
58.981
50.126
52.238
53.717
49.625
44.151
46.748
20.668
13.280
11.882
50.115
46.623
15.926
49.334
33.385
53.547
29.657
46.880
40.316
43.419
25.767
55.770
39.374
57.975
58.034
56.502
42.629
33.108
39.947
44.374
53.872
40.941
7.578
6.580
24.918
20.685
31.900
28.270
9.214
10.892
34.448
19.932
44.022
41.122
36.782
40.649
31.386
29.716
52.645
29.878
7.400
56.992
48.208
53.572
39.386
57.488
9.463
56.901
22.034
41.720
32.611
23.768
20.815
12.716
42.840
52.538
13.697
54.254
31.652
6.908
57.663
47.155
46.154
25.582
10.785
6.739
31.808
26.602
21.745
17.528
50.171
15.215
52.159
51.096
50.764
44.588
22.759
29.854
43.452
31.383
12.297
34.462
7.364
33.195
33.860
29.721
33.892
58.670
44.406
11.729
52.669
40.244
40.622
25.506
13.468
6.348
20.344
46.834
28.637
30.813
55.187
39.725
55.737
49.564
35.005
46.196
59.287
38.907
34.635
25.230
20.706
7.199
13.237
44.504
58.594
51.897
51.135
55.722
47.515
3.479
27.438
48.240
28.622
14.288
40.843
39.391
42.522
54.679
9.409
21.713
34.958
43.503
33.673
46.434
35.085
49.153
48.170
10.212
9.820
17.664
2.435
60.910
52.029
50.908
24.819
37.550
37.984
36.001
24.620
47.403
7.358
22.754
47.901
34.182
48.420
25.275
53.268
33.999
47.725
2.850
56.929
50.813
48.708
46.062
15.014
26.569
33.293
59.206
33.024
36.498
5.130
7.739
28.096
56.458
19.574
23.810
14.418
43.842
36.256
42.989
10.858
5.293
37.107
12.097
54.148
56.190
9.157
37.076
47.728
45.544
37.862
57.328
56.919
53.869
58.834
45.619
39.119
28.314
45.795
29.996
44.726
47.416
30.915
31.233
8.830
56.995
35.227
40.277
44.165
33.535
3.036
57.492
7.095
7.183
40.191
11.095
32.572
49.068
28.811
55.529
25.889
49.103
50.572
52.109
35.020
54.048
38.374
54.057
38.353
7.073
11.217
29.308
34.454
19.368
26.170
20.588
52.279
57.804
40.497
9.168
54.881
41.103
16.237
53.911
48.129
60.003
7.626
25.357
28.556
18.241
14.125
43.198
36.572
28.478
42.794
21.802
55.615
55.018
35.919
53.877
40.813
59.852
45.663
58.866
38.169
43.243
34.424
33.566
31.016
47.548
51.066
21.722
34.180
21.857
33.472
29.360
8.324
51.203
36.934
37.583
58.305
49.766
50.699
14.110
47.049
26.126
11.138
27.253
17.758
30.642
42.216
41.624
48.434
26.752
22.054
59.392
22.767
52.960
49.586
52.816
50.078
49.597
21.897
45.029
53.964
16.396
13.823
29.617
44.009
36.690
18.117
55.758
33.534
52.047
44.107
56.450
10.588
31.898
15.562
20.400
44.920
56.815
41.639
59.110
38.553
12.279
21.368
25.166
24.129
20.895
18.533
49.002
10.054
48.171
55.688
58.334
25.729
36.305
7.505
28.449
12.246
13.135
46.875
55.702
58.541
11.141
30.550
19.135
30.223
48.850
44.497
40.189
44.593
31.211
5.829
43.826
51.467
45.381
45.927
57.325
39.571
54.900
29.219
48.901
53.324
9.981
36.286
12.526
22.049
26.811
55.256
23.650
42.580
27.193
27.640
36.430
38.470
60.529
56.716
18.678
25.274
42.251
54.204
9.172
42.305
16.603
46.988
46.500
17.353
52.150
49.530
60.141
43.013
49.648
24.370
35.709
11.592
29.017
22.889
58.982
57.904
55.278
46.317
52.446
30.626
29.910
25.481
18.047
16.827
47.063
60.524
61.471
59.507
53.165
56.135
57.014
33.493
22.728
23.480
16.488
35.586
28.110
40.137
34.373
38.203
10.474
39.500
51.020
41.911
35.867
18.245
6.061
10.285
23.186
24.511
28.572
26.996
47.190
43.052
48.204
36.450
46.644
53.769
24.556
51.719
31.868
29.976
35.848
40.939
41.365
48.512
31.909
54.538
53.366
54.618
43.733
38.261
57.299
35.939
38.139
59.787
51.304
35.005
8.962
38.955
19.156
8.347
57.619
56.930
59.872
37.017
42.144
20.987
47.060
51.752
31.733
47.655
50.942
51.641
13.431
41.660
50.597
47.502
18.221
29.517
36.514
34.496
56.340
24.471
36.025
4.858
44.965
54.339
48.933
41.133
59.687
34.183
7.393
30.106
22.063
27.761
19.194
7.262
18.968
52.879
18.448
41.147
43.921
13.130
7.397
58.535
13.465
19.255
18.465
22.285
42.662
12.117
32.700
52.231
7.783
51.129
28.577
16.802
18.628
32.818
51.286
48.917
10.845
41.825
53.946
54.801
55.001
13.639
5.359
39.784
36.126
37.946
53.577
25.771
25.684
6.696
9.482
55.076
44.165
31.234
44.566
35.857
20.471
36.126
38.011
7.127
6.606
47.237
48.838
55.622
33.371
33.005
36.836
48.619
53.785
41.160
9.327
34.929
19.894
20.468
50.301
54.425
54.686
48.734
7.383
49.298
44.509
16.394
53.342
44.044
35.213
51.057
48.373
41.448
32.926
42.952
18.247
20.877
56.284
12.449
29.591
14.663
48.089
29.362
9.966
50.565
18.147
54.921
15.325
9.701
59.723
8.309
8.554
21.128
47.995
16.769
55.454
24.790
37.336
54.331
6.188
43.210
25.214
24.654
25.770
37.066
58.966
7.085
9.212
34.905
41.914
18.562
38.370
43.513
31.217
56.801
10.902
35.549
45.719
53.373
5.164
58.462
56.358
50.512
41.142
56.760
42.022
44.159
13.679
21.588
25.485
45.848
44.311
41.684
38.078
39.822
60.031
51.065
7.261
16.288
30.933
39.922
8.438
36.612
55.397
16.804
42.562
46.453
57.515
5.554
40.050
24.210
28.968
16.006
42.160
48.828
48.194
8.449
17.371
17.300
42.260
45.948
45.417
9.417
53.078
11.040
9.883
7.491
59.665
21.834
58.904
59.349
13.316
46.838
57.068
44.422
15.068
11.292
36.189
40.625
35.891
47.870
14.941
41.162
33.320
52.444
30.107
6.262
8.626
43.133
3.051
41.075
36.252
28.077
48.470
41.709
35.933
29.562
35.547
12.602
21.106
40.775
41.713
30.906
51.546
39.424
33.441
19.586
9.040
43.670
20.765
15.371
32.590
47.992
15.101
30.154
28.809
52.306
43.207
54.257
40.021
59.789
6.792
30.405
55.940
41.036
21.789
13.423
51.348
58.533
49.642
7.433
53.259
24.386
15.692
17.842
46.393
11.842
5.996
45.094
47.249
46.076
40.051
34.278
40.439
49.400
13.419
18.808
7.028
12.819
11.448
49.360
35.510
60.312
38.071
33.983
27.970
37.393
41.447
8.183
7.758
27.495
38.841
50.788
46.844
52.343
34.594
21.210
30.909
23.231
45.417
40.684
47.667
40.544
54.349
52.019
40.646
11.709
36.797
33.485
35.674
30.104
20.697
44.631
39.058
3.614
43.205
50.862
18.877
11.213
53.418
51.928
16.474
39.344
44.819
30.052
40.876
40.443
53.500
44.056
23.455
56.418
9.467
8.583
34.088
17.614
47.679
48.584
50.587
17.042
17.595
58.375
44.616
50.512
11.760
51.164
48.431
56.634
42.716
22.195
38.699
38.563
8.715
9.735
6.274
35.205
17.113
19.451
16.478
55.558
41.420
31.006
32.417
47.586
29.169
43.553
31.822
47.350
39.429
2.229
16.149
33.012
26.580
28.512
13.115
9.911
53.110
35.682
40.789
10.988
19.362
50.665
25.567
53.314
38.338
54.173
58.459
22.638
21.901
15.860
47.548
59.146
46.554
4.756
4.686
40.425
17.236
7.299
48.339
58.900
53.576
50.707
31.260
43.926
46.563
39.253
52.666
60.191
43.188
49.883
34.189
31.773
39.199
18.751
46.398
10.926
23.980
14.554
37.261
44.687
46.273
39.234
42.180
58.089
33.815
34.527
26.482
37.108
20.586
49.724
59.122
52.276
7.829
6.544
24.907
41.845
19.442
8.824
28.108
49.028
16.502
35.053
13.384
26.648
4.558
49.639
29.786
27.996
6.020
49.354
50.550
22.890
39.743
14.114
36.561
42.253
45.683
43.323
50.656
13.074
53.337
53.235
57.143
8.637
39.329
31.117
56.824
52.304
23.678
37.147
56.688
28.717
40.524
47.762
47.121
14.597
25.531
39.192
43.828
26.465
58.753
53.639
53.368
27.696
28.812
9.664
16.693
32.490
49.572
43.028
10.066
45.071
56.185
55.094
52.972
55.992
50.278
47.658
37.106
41.239
14.160
7.917
58.678
59.310
16.677
6.878
41.775
49.984
10.565
38.403
15.982
28.312
28.917
55.444
39.604
60.145
39.003
26.530
39.171
58.512
37.474
40.947
53.417
44.782
43.925
16.278
38.942
59.646
42.438
52.664
43.926
26.256
14.407
46.977
38.708
26.894
38.847
44.479
35.481
52.554
20.212
28.319
46.118
26.780
18.867
58.003
10.454
37.652
41.778
49.996
5.084
48.951
17.525
18.259
34.600
44.037
8.067
13.352
7.548
48.281
31.662
31.369
32.597
35.810
51.806
11.507
60.054
51.075
39.782
32.526
37.321
34.993
9.748
39.693
22.610
22.228
7.479
19.530
8.627
33.695
17.628
43.106
54.360
7.139
54.379
31.034
51.528
47.863
24.598
31.172
7.324
58.187
37.353
42.182
17.063
60.294
30.398
56.843
44.390
44.969
45.262
27.525
28.481
23.258
45.038
10.550
38.352
17.783
9.046
38.531
49.929
31.993
58.214
38.227
40.963
42.354
55.398
39.916
29.773
32.202
38.279
15.964
41.631
14.064
15.137
21.907
13.985
54.922
12.410
44.215
45.277
44.399
59.977
56.038
16.787
19.362
40.260
50.485
21.841
7.170
40.273
30.051
16.264
30.634
57.735
29.309
40.737
24.370
50.331
6.407
56.677
39.454
35.789
39.197
20.782
17.218
58.164
35.691
56.535
39.982
28.756
42.587
13.960
19.225
27.846
30.728
56.839
59.849
26.628
45.059
58.303
6.582
6.408
9.184
14.082
59.623
53.547
44.572
43.117
50.768
39.010
46.133
35.820
53.709
57.958
14.588
23.308
25.184
17.037
39.934
41.900
26.256
37.386
10.326
38.687
44.866
54.369
10.690
38.597
24.186
51.173
54.091
54.285
0.338
8.852
22.644
50.360
55.636
35.214
51.635
20.753
42.812
11.148
57.841
59.557
58.347
58.693
8.708
12.642
56.615
59.651
29.764
43.368
13.292
45.033
53.122
51.406
21.219
26.000
22.481
19.488
13.555
49.695
29.255
23.478
34.846
12.011
45.594
42.621
10.793
40.932
19.723
44.269
53.837
51.374
46.986
48.688
53.556
26.617
55.301
22.974
12.267
21.594
40.801
42.817
30.296
32.705
45.090
30.830
53.913
37.623
42.546
51.317
51.443
57.643
49.454
50.062
42.751
31.592
15.285
13.856
26.703
22.651
8.485
53.430
36.849
23.351
51.070
27.034
14.380
37.199
5.991
28.528
27.729
33.030
36.804
45.165
58.468
48.395
54.222
6.947
14.128
17.598
41.123
14.913
15.058
14.905
8.581
7.341
52.838
59.678
47.441
32.828
11.827
29.431
11.721
53.864
12.635
35.913
47.599
23.923
10.367
12.914
45.132
9.010
8.970
44.703
15.613
44.557
16.298
41.484
21.621
58.015
57.803
8.040
44.696
47.291
35.384
51.883
22.435
34.659
28.071
46.875
49.791
47.331
52.514
58.461
31.055
16.319
24.201
54.647
48.221
20.957
26.024
46.308
48.318
8.290
27.413
46.604
48.268
56.485
47.020
24.702
19.901
52.810
53.429
49.532
30.542
52.840
50.990
56.404
56.710
6.450
41.079
46.704
44.254
23.747
59.365
39.848
54.835
47.663
59.374
18.258
45.966
6.185
28.572
41.347
41.271
10.122
5.065
50.572
26.395
15.578
28.481
28.163
39.846
28.948
47.261
26.665
49.826
28.948
33.535
43.305
17.588
26.975
22.589
17.115
20.208
18.588
22.196
56.282
28.142
44.824
58.191
54.909
7.379
28.856
9.543
13.599
36.421
6.997
54.010
12.048
18.171
5.779
25.512
18.247
26.712
14.229
16.828
31.361
9.100
39.614
44.525
31.316
48.090
26.015
45.455
14.252
12.810
56.860
34.042
7.257
30.996
8.392
12.200
43.358
14.353
19.911
4.619
29.642
32.013
6.159
17.258
15.768
8.844
36.731
38.146
46.504
11.066
40.490
27.145
45.149
57.687
42.806
31.204
44.828
50.426
36.966
42.229
25.411
25.762
27.745
52.417
53.981
48.486
0.257
38.757
35.483
7.006
14.038
35.710
52.691
33.709
27.311
37.002
44.941
51.924
31.645
27.029
48.417
10.466
32.928
46.228
44.872
46.456
33.208
40.472
31.998
41.262
59.057
26.891
58.913
41.264
58.891
45.616
6.895
12.426
12.082
12.144
13.251
11.940
19.796
4.396
14.551
13.170
36.091
54.222
15.544
55.833
28.668
43.552
52.698
44.123
41.031
39.290
29.303
18.776
26.513
39.070
28.751
28.911
15.898
54.739
30.620
47.245
20.276
3.798
7.900
30.693
33.298
44.181
34.069
9.179
43.882
15.389
9.792
18.681
15.454
13.867
1.264
55.580
41.510
40.524
22.308
24.522
30.884
5.690
36.321
20.316
50.874
40.184
56.054
40.592
35.604
55.561
33.820
18.616
26.762
7.514
15.808
33.040
44.280
10.071
8.083
49.246
9.924
40.316
22.435
18.766
50.601
8.867
38.806
26.932
58.938
27.590
38.417
24.464
23.737
12.390
54.511
42.486
8.251
39.860
44.425
50.898
55.732
18.823
55.918
45.217
5.739
15.434
49.835
15.350
20.979
7.191
56.992
31.566
35.026
42.593
41.523
40.065
43.164
46.889
28.197
45.786
47.403
17.165
1.757
19.220
47.508
40.216
35.986
55.841
38.812
26.087
32.023
54.339
40.699
38.430
14.309
10.040
5.753
12.851
11.321
5.161
35.624
36.835
10.397
21.816
48.721
25.604
12.725
35.367
21.409
30.720
38.675
40.289
42.578
51.672
44.953
47.766
53.974
16.986
38.123
41.913
53.778
50.931
40.451
55.827
9.751
21.922
18.947
28.868
15.200
23.079
47.488
50.528
60.562
27.608
25.721
33.166
46.850
47.601
8.870
52.842
29.658
8.882
57.676
13.472
47.807
47.041
34.852
56.074
62.188
31.160
43.782
18.271
11.303
55.987
50.204
13.756
46.804
57.011
51.258
57.297
44.515
43.865
25.811
10.407
36.394
43.720
17.358
7.685
25.118
7.854
35.386
30.639
32.492
39.276
35.520
33.774
35.818
33.669
52.766
47.977
47.330
56.022
37.781
54.055
10.524
17.200
40.764
50.399
24.370
54.676
56.023
40.168
33.769
28.838
48.401
42.118
25.499
54.663
48.821
45.167
41.908
6.315
19.258
36.857
54.663
54.854
25.852
58.926
49.636
54.632
56.183
43.025
29.367
23.506
36.056
10.820
18.504
41.469
21.741
34.705
35.355
26.235
48.636
10.720
32.968
27.211
35.422
27.999
12.572
51.283
33.683
51.199
27.455
42.739
14.736
22.161
31.365
7.464
57.202
45.866
18.702
41.035
51.745
8.021
12.244
22.788
18.263
32.644
36.952
45.057
34.851
43.230
12.251
36.882
35.100
46.677
37.959
50.406
49.875
19.287
43.067
57.826
33.645
20.402
32.714
31.375
36.549
11.946
21.639
10.910
14.310
41.811
16.342
11.771
57.849
57.913
29.358
49.302
7.298
15.128
5.498
48.810
25.692
42.342
48.560
47.070
42.257
26.260
8.336
44.236
42.382
53.129
46.732
38.059
58.414
54.723
36.098
28.046
42.417
34.645
13.276
22.206
34.655
10.423
38.055
32.435
9.329
55.065
10.653
44.610
28.552
33.280
36.049
55.213
54.307
16.791
59.583
40.632
59.510
37.140
49.095
15.093
13.884
6.799
9.438
33.939
52.487
34.769
44.052
59.466
52.211
37.389
44.527
41.239
43.324
43.057
35.457
47.720
41.353
7.684
31.711
59.153
20.997
39.280
26.671
41.863
24.124
51.762
37.198
53.218
44.586
24.129
10.583
55.015
45.523
49.350
56.844
12.028
15.281
13.026
24.586
41.195
52.463
41.767
56.402
30.061
5.405
6.522
11.432
17.613
22.175
38.601
32.515
40.979
15.825
50.773
39.849
11.442
33.866
24.599
44.041
42.050
37.918
27.308
35.700
56.401
47.506
47.949
42.498
50.168
53.863
52.517
19.093
50.368
32.188
7.113
39.198
33.196
51.790
11.532
34.996
44.346
33.130
9.177
35.931
12.232
24.308
6.890
31.261
45.200
41.365
6.010
39.739
44.245
33.202
45.469
50.304
45.930
61.548
14.196
36.363
27.535
14.259
56.847
11.813
11.812
7.335
52.020
52.574
26.985
33.980
58.239
49.538
38.563
32.486
20.830
8.080
50.141
9.136
48.931
4.306
1.119
45.313
32.707
30.059
31.176
42.963
45.313
50.684
7.927
22.798
39.644
34.675
29.763
48.934
40.657
48.865
42.263
54.699
4.986
48.192
50.756
21.334
23.105
46.435
40.351
38.622
57.414
27.350
60.531
58.939
56.938
58.372
51.261
39.536
29.348
47.946
7.810
20.898
25.464
36.032
22.736
38.446
20.517
60.674
29.379
53.688
44.222
42.430
44.125
32.203
53.102
53.212
25.906
58.147
51.150
49.391
51.414
8.032
19.945
29.538
53.639
42.701
45.222
33.654
6.947
39.075
7.420
45.206
30.668
37.633
34.960
29.592
27.794
54.111
59.950
57.736
53.126
47.049
10.447
10.515
34.892
53.887
52.612
56.877
24.572
14.967
44.438
7.735
23.915
4.454
18.650
46.307
47.185
52.190
46.199
16.629
12.764
54.227
39.258
56.701
16.421
48.194
12.657
37.970
55.503
57.167
6.126
19.619
41.732
27.814
25.755
8.241
23.765
52.787
48.729
43.792
40.274
22.781
8.142
43.372
14.018
42.644
58.864
15.505
39.794
52.242
12.285
17.447
54.780
18.720
49.384
46.262
41.145
23.554
29.493
22.708
48.166
57.663
50.401
40.083
32.712
50.226
48.051
29.606
31.815
44.285
59.469
52.181
10.678
21.121
55.165
41.080
44.674
56.427
47.862
32.142
6.242
44.653
24.733
46.980
11.205
17.208
7.227
56.578
15.444
59.225
55.589
4.240
45.557
33.234
57.104
24.714
28.689
13.115
28.129
23.427
25.845
35.342
56.167
48.069
48.607
22.465
20.180
13.022
28.224
44.176
46.470
43.187
29.599
36.031
8.219
15.134
37.372
38.362
27.749
14.708
10.941
46.925
35.513
30.961
33.733
39.469
39.739
55.399
51.148
43.543
40.482
46.362
37.322
38.020
32.116
52.140
47.060
11.178
57.883
25.202
47.278
30.570
30.179
30.783
58.444
50.229
43.176
41.072
38.445
35.916
5.754
41.561
14.663
33.880
51.808
51.264
49.136
33.749
41.558
46.424
49.158
34.622
6.384
41.434
57.329
48.856
54.954
40.763
19.375
36.291
37.983
43.839
10.442
10.465
25.947
42.037
44.324
41.812
34.304
8.723
30.006
47.477
29.202
30.225
10.938
17.358
45.037
22.539
54.390
39.537
18.373
40.660
20.319
24.043
21.310
32.587
56.720
22.705
5.771
45.172
8.339
35.451
31.732
49.056
7.443
52.532
13.253
47.777
43.854
44.910
54.880
40.106
55.934
51.348
42.593
36.763
49.644
43.450
52.839
48.271
53.758
33.664
57.065
44.894
55.938
6.343
56.451
34.445
38.847
9.110
53.082
35.711
40.582
25.213
19.597
41.006
8.939
48.473
58.121
9.101
49.953
27.825
23.358
5.430
32.491
56.109
43.012
54.749
35.435
42.000
44.532
40.345
36.789
38.176
34.416
46.791
20.825
52.267
35.768
37.482
45.287
42.251
16.934
39.940
18.908
50.915
53.749
57.594
39.881
44.342
53.018
13.411
8.864
53.552
57.713
48.685
28.024
12.742
10.172
19.055
37.110
35.419
36.528
45.090
42.125
32.323
39.361
45.478
17.093
48.723
25.292
21.204
26.282
8.817
56.760
44.576
55.146
60.298
46.638
36.191
20.252
18.636
35.559
49.589
35.281
37.633
3.991
17.903
24.760
47.094
32.600
58.148
24.754
20.453
55.450
49.502
51.631
54.467
7.638
7.243
50.050
48.718
46.893
59.083
48.293
39.104
11.497
13.833
9.274
46.852
33.056
15.047
46.987
39.494
9.866
10.721
33.804
18.933
13.047
8.628
27.831
27.450
39.270
7.370
52.004
40.339
38.641
23.290
46.267
58.914
16.303
41.741
48.277
50.032
51.633
40.614
44.509
38.733
16.999
56.995
43.396
50.512
5.882
58.000
33.227
38.008
45.547
34.213
51.584
50.331
25.605
16.457
9.523
53.191
26.835
25.643
30.925
18.105
9.288
48.771
41.325
43.115
29.992
15.934
6.195
43.918
12.449
5.859
23.761
40.418
40.305
48.058
28.179
42.110
16.218
5.575
50.544
52.403
57.835
13.297
41.201
10.805
22.145
41.700
7.777
26.662
56.731
35.909
9.778
51.204
48.343
42.057
31.022
57.737
53.923
31.099
6.766
38.367
44.701
39.241
9.746
41.953
59.161
47.642
55.018
11.555
54.153
47.155
42.872
46.775
55.586
15.658
6.833
15.465
12.168
38.323
25.333
50.958
55.800
55.562
49.877
54.501
49.295
29.245
14.843
23.556
11.881
35.005
48.956
21.925
18.065
38.089
29.110
36.139
26.100
58.940
8.537
59.796
49.819
46.412
57.564
40.574
43.632
47.381
8.113
51.530
33.525
37.458
11.696
20.721
51.173
55.979
44.479
44.424
10.210
46.351
46.343
9.164
16.736
18.346
33.827
7.823
17.535
25.324
17.550
13.010
7.541
36.710
43.196
39.670
37.018
11.544
32.668
41.926
51.052
47.898
11.354
18.816
45.369
10.367
10.497
54.186
6.189
16.476
8.636
26.880
13.841
53.430
57.553
55.997
54.680
44.786
15.572
35.412
33.827
36.079
56.957
52.567
59.603
49.027
53.899
27.579
41.267
37.061
43.954
55.863
6.613
33.164
43.836
8.801
54.623
45.329
45.687
39.713
48.167
50.187
40.518
56.254
46.478
54.397
52.514
40.619
48.112
37.588
36.157
20.245
49.138
36.070
53.603
18.490
20.476
33.146
28.217
15.801
25.762
19.344
8.860
6.323
14.285
40.957
36.612
44.301
45.527
46.028
46.860
49.570
50.608
36.990
11.542
41.679
40.970
35.855
26.766
33.389
50.179
20.318
29.641
34.805
13.431
10.201
57.169
58.669
25.292
16.489
27.963
57.703
48.330
22.362
49.496
13.727
11.989
54.960
14.826
55.590
27.179
56.138
9.278
44.643
10.199
12.718
38.062
14.153
24.388
43.147
38.691
50.456
52.160
39.173
30.205
25.359
44.298
41.860
47.130
56.527
44.900
48.322
35.217
45.377
31.777
17.042
41.380
37.124
52.140
59.512
7.361
54.262
50.691
23.548
16.454
45.121
13.559
34.558
35.873
54.345
32.989
41.596
18.818
30.389
42.855
58.589
12.302
45.049
50.925
40.507
17.576
30.688
9.978
52.620
40.883
58.234
43.175
36.538
37.547
42.947
11.966
45.511
53.224
32.788
32.095
36.170
7.735
15.710
47.813
31.446
11.705
30.556
42.345
13.094
16.211
5.110
19.991
25.979
7.819
55.181
47.431
33.947
14.629
5.611
6.403
51.194
33.119
46.913
39.718
45.562
48.353
40.839
54.447
35.547
53.593
36.134
43.265
35.919
39.017
32.941
41.860
57.119
30.443
34.528
45.004
52.132
50.002
11.386
7.195
46.029
37.155
53.353
50.526
44.257
51.945
59.329
5.033
5.734
47.500
43.002
24.080
44.943
14.897
14.420
58.554
52.923
60.803
50.217
39.122
57.628
36.558
47.715
44.041
51.623
39.762
55.234
41.926
52.151
21.871
49.255
54.144
41.627
41.451
35.507
24.045
33.521
13.346
38.393
11.983
42.762
46.107
22.619
23.415
50.670
53.211
53.276
15.280
12.974
55.879
10.238
40.111
54.775
51.021
1.593
46.312
31.228
37.839
34.946
20.275
25.793
46.746
45.670
20.552
18.485
11.402
31.234
36.383
41.256
43.122
42.658
19.419
59.003
40.914
24.668
27.785
22.038
37.428
24.162
23.401
32.984
47.663
47.225
36.820
8.619
22.562
31.756
26.030
46.091
58.552
44.400
56.894
21.030
43.212
24.180
41.438
6.641
42.846
15.765
19.708
51.535
34.192
3.907
20.702
59.874
36.737
49.683
45.195
8.848
25.626
34.792
31.990
31.094
43.632
49.895
58.564
59.887
56.836
37.779
44.984
27.277
39.913
55.193
20.917
13.470
25.395
28.523
39.284
48.889
48.890
30.345
60.293
42.175
35.449
23.636
43.324
28.884
8.254
25.127
28.402
32.645
25.331
24.223
31.813
26.095
32.260
26.999
36.764
6.512
53.277
57.233
43.916
59.680
54.154
39.524
15.586
35.841
15.464
35.810
28.772
37.978
30.412
11.956
44.195
6.933
10.447
7.935
45.291
16.582
46.065
30.996
29.638
21.138
47.313
17.129
43.478
43.007
45.032
9.692
46.765
53.816
4.262
32.782
43.886
50.788
47.527
40.470
33.787
40.714
27.806
46.914
56.293
59.146
52.002
12.500
35.327
26.532
24.438
25.806
39.531
29.511
18.098
16.547
19.257
27.239
44.359
43.575
28.357
36.417
44.620
42.826
38.673
5.413
25.546
21.660
14.749
17.591
18.678
32.205
24.717
35.544
42.881
7.403
5.171
10.121
42.335
46.164
24.479
10.299
39.373
25.901
26.985
51.628
19.165
24.920
32.761
35.162
20.112
28.790
50.593
9.218
45.593
21.594
18.986
29.294
8.729
38.096
22.816
26.361
8.114
15.725
16.018
4.946
29.414
6.994
44.652
52.598
54.189
56.309
48.828
11.784
41.321
22.237
8.950
14.120
6.115
13.514
58.951
29.355
46.744
22.962
49.259
53.430
57.074
40.604
46.731
18.897
48.862
46.615
5.310
56.267
32.539
31.853
17.274
49.624
20.102
53.086
31.609
44.566
14.397
36.803
59.715
41.919
30.910
31.410
45.159
20.861
47.298
26.463
62.255
54.738
39.694
54.629
28.004
23.488
10.845
35.007
57.395
34.877
43.287
43.263
34.011
34.812
7.844
54.737
53.956
60.092
27.479
41.543
34.913
14.433
41.062
34.362
52.763
17.628
22.264
12.998
55.759
43.010
37.438
20.809
47.623
31.387
23.805
15.795
19.565
23.540
22.195
52.323
52.900
4.242
50.075
46.893
53.646
13.091
53.817
55.148
51.687
49.471
47.736
11.168
23.505
40.828
27.753
11.153
48.827
9.223
46.419
8.796
9.205
35.324
6.102
38.558
43.383
13.823
50.280
55.749
56.740
50.801
55.846
40.662
12.036
51.719
28.173
29.347
30.930
30.063
53.952
45.346
48.843
31.888
7.582
48.349
49.666
5.063
31.213
39.768
29.486
26.717
48.974
30.100
19.755
46.993
25.390
40.341
47.830
33.753
11.174
6.478
41.153
56.174
27.465
31.436
6.847
15.076
46.675
57.665
41.342
14.823
43.501
46.674
48.346
39.885
38.152
7.949
29.168
35.450
20.397
32.407
16.686
28.143
12.082
18.629
10.987
16.021
13.471
41.776
8.672
59.339
24.454
24.915
51.502
21.821
28.558
10.951
48.465
44.644
47.342
24.450
10.529
60.671
33.470
28.276
31.069
44.273
23.755
43.668
11.495
27.914
46.861
57.691
61.236
12.893
6.178
13.342
60.803
7.514
21.484
43.564
17.999
47.092
40.523
48.209
15.350
5.556
56.675
14.740
34.986
13.732
16.481
29.838
53.694
4.259
52.495
13.973
49.419
33.398
45.451
38.131
54.272
45.362
44.836
12.531
29.088
45.584
9.978
58.295
21.971
51.891
42.024
56.390
49.097
16.139
16.213
46.915
43.131
47.857
47.978
17.552
18.159
20.660
54.578
21.635
22.709
47.150
52.988
8.114
33.595
59.916
15.358
29.168
36.975
42.200
43.089
14.396
34.079
39.085
43.111
48.578
42.617
7.715
44.390
54.276
7.577
43.551
10.618
21.556
30.900
57.707
26.049
5.806
47.982
35.648
49.735
7.977
32.974
41.743
35.107
47.549
36.742
49.757
24.265
11.740
29.603
29.187
28.251
32.838
41.977
18.569
29.152
23.230
25.068
55.094
57.789
51.235
48.767
25.182
30.900
29.623
11.377
13.160
15.348
17.151
13.769
22.179
11.940
11.283
6.569
42.878
16.058
46.330
57.069
51.823
31.586
45.006
27.569
44.871
55.831
12.486
39.806
23.510
26.396
23.107
36.379
37.258
16.111
12.407
51.906
32.669
46.905
5.143
6.097
53.925
15.470
18.551
36.207
12.139
33.620
13.998
37.813
31.480
15.615
27.788
33.055
15.799
26.381
7.743
11.789
53.453
50.779
29.675
41.735
41.856
38.794
42.173
44.197
47.067
17.294
38.118
43.991
49.496
48.417
16.146
7.075
49.541
12.223
20.134
14.703
45.883
56.678
3.216
53.387
24.576
36.925
5.863
12.340
9.524
21.723
5.238
17.566
54.488
60.090
51.866
45.091
57.925
29.634
43.310
28.623
53.873
9.124
43.814
46.632
22.653
52.697
34.093
56.993
15.857
6.162
57.337
54.961
46.081
43.955
12.213
19.382
46.696
29.446
28.055
46.678
50.929
19.606
47.378
14.894
6.862
19.092
28.078
47.884
39.463
38.906
39.926
59.448
54.597
30.984
51.102
53.942
49.888
49.511
51.901
27.203
30.905
36.553
15.829
55.202
58.502
13.059
8.913
31.282
31.763
16.554
32.528
20.491
34.826
16.295
23.284
10.229
10.058
48.619
33.261
46.935
21.521
39.492
53.676
34.926
17.317
11.353
12.283
43.805
29.018
14.468
19.557
53.432
28.309
37.064
45.708
21.908
37.486
22.316
36.559
18.057
19.105
15.183
16.623
13.268
11.999
12.617
21.913
24.190
26.163
13.078
37.973
16.736
14.493
9.999
55.032
46.698
8.198
32.735
40.590
33.719
35.682
23.897
26.377
12.427
3.733
31.281
42.569
21.966
28.467
28.815
11.643
5.223
18.821
10.204
19.247
3.755
57.598
11.709
16.701
25.627
53.560
41.140
15.798
11.622
19.484
9.236
14.542
34.288
40.123
50.569
39.581
43.761
52.784
45.577
30.674
14.278
54.164
29.162
13.215
33.824
54.498
28.347
49.352
39.974
50.910
27.409
43.353
35.225
45.094
37.565
31.187
43.231
59.792
53.441
23.614
6.995
22.127
40.047
10.140
32.007
15.914
41.691
58.909
58.424
33.059
43.972
59.021
9.003
58.810
32.650
54.606
21.844
36.983
56.432
28.326
57.000
14.292
50.648
37.274
35.882
6.923
46.061
42.827
36.075
6.527
23.370
40.533
17.154
27.933
7.807
48.845
11.268
34.104
17.196
59.887
10.819
39.365
44.172
11.300
34.946
42.906
2.899
26.254
9.939
37.527
45.120
19.840
23.759
18.640
33.067
45.361
40.933
43.166
24.532
25.702
12.633
49.284
54.565
7.016
45.608
40.211
42.023
23.449
16.772
39.038
35.109
16.192
44.269
58.260
61.440
56.703
14.200
9.799
23.022
6.179
14.396
46.070
36.359
12.700
43.468
27.682
11.535
41.647
16.053
16.714
13.596
51.654
34.799
48.372
57.413
21.400
11.770
53.552
27.806
11.511
50.245
27.006
45.725
27.089
24.635
43.816
32.062
6.759
35.018
38.535
36.800
36.725
36.771
48.636
16.178
38.141
48.306
26.904
12.612
53.530
44.821
11.970
38.331
12.322
48.260
14.382
14.153
9.168
40.997
59.124
14.517
33.298
37.496
17.547
7.131
16.914
52.973
22.829
16.961
52.176
1.041
26.417
51.341
38.755
21.978
18.934
9.113
44.704
37.457
50.997
8.000
47.788
12.854
49.694
49.731
39.932
31.741
32.591
6.224
11.935
43.240
36.852
51.224
25.391
48.647
35.888
60.108
3.415
49.678
56.768
56.003
54.271
31.094
14.922
17.204
11.908
54.019
18.016
47.936
46.884
9.380
22.335
22.738
4.909
58.955
13.286
4.761
44.101
8.130
39.041
35.636
50.038
61.005
27.522
45.794
47.927
14.453
10.363
4.015
37.595
7.391
51.682
59.280
18.424
21.277
7.831
38.315
47.211
6.816
29.688
33.890
9.228
6.546
15.975
34.099
13.457
30.769
12.880
41.512
41.511
31.083
14.628
25.557
26.831
36.442
30.812
55.502
51.865
15.916
12.501
25.198
54.540
44.853
38.529
40.220
21.205
13.547
43.742
27.843
38.796
41.120
35.593
44.653
37.208
44.089
45.569
51.745
27.964
51.104
48.641
24.610
52.204
20.612
5.197
19.795
46.074
36.815
59.445
31.800
26.419
52.760
11.646
21.783
18.387
48.925
51.389
30.057
12.011
10.636
57.579
17.767
12.453
10.313
50.590
24.855
49.719
36.287
43.544
8.050
7.362
20.489
9.776
28.729
59.086
18.283
15.369
13.900
50.545
35.341
44.425
12.397
52.599
35.466
33.044
42.662
22.906
34.502
12.792
44.937
10.475
34.055
35.765
20.195
9.973
7.482
58.171
24.558
49.877
32.559
54.764
43.881
40.970
24.673
18.390
49.366
14.319
10.266
36.995
39.148
58.562
54.195
12.497
10.579
33.745
10.410
2.471
50.832
11.618
14.699
6.791
56.220
15.745
34.856
16.053
11.738
56.588
55.357
6.166
10.047
26.690
45.609
32.523
41.071
13.047
27.699
51.828
5.887
17.931
37.896
13.394
61.029
21.028
18.019
12.186
46.257
47.233
15.780
13.825
17.390
20.526
56.036
60.682
30.195
45.180
46.581
55.909
49.432
25.648
47.560
20.535
13.380
58.672
40.020
24.221
30.965
12.664
34.128
50.542
8.081
13.950
28.955
19.246
13.550
45.615
34.690
24.940
27.898
40.012
47.569
42.397
43.355
24.281
38.810
56.725
56.311
5.941
53.203
23.872
9.341
41.909
14.818
45.389
43.792
54.646
60.787
34.008
18.313
11.914
46.177
48.940
48.773
19.331
48.161
45.619
30.478
52.076
20.157
37.493
42.437
33.492
49.887
22.639
44.963
18.603
19.637
33.378
29.036
12.129
26.590
10.913
26.547
14.172
43.282
8.411
33.804
4.127
60.020
18.223
29.517
47.717
54.204
18.966
44.010
15.665
12.587
35.364
26.621
17.009
8.881
16.380
12.596
51.363
40.548
53.656
42.603
49.155
41.984
52.277
46.555
52.864
17.552
5.647
12.972
15.352
13.263
25.421
37.620
28.470
17.251
44.094
7.832
62.293
1.845
8.995
54.493
43.646
58.089
35.527
33.265
41.320
43.751
57.357
43.569
30.352
35.838
38.051
41.671
31.305
40.671
41.600
45.491
31.500
47.009
26.715
7.868
53.468
8.343
43.075
50.287
42.640
39.685
30.549
12.054
37.798
13.494
14.696
5.467
6.432
5.263
47.926
33.669
24.832
33.861
52.059
56.117
40.085
52.408
37.550
36.326
41.484
53.159
8.780
31.304
49.236
35.329
27.966
11.960
30.739
26.404
60.098
60.644
23.187
49.205
50.391
40.053
18.740
19.225
37.583
51.520
30.199
44.159
37.045
16.063
51.664
31.619
59.776
13.868
48.378
24.733
6.404
49.539
27.961
10.083
40.476
54.962
56.925
50.639
33.669
12.861
34.448
42.202
8.593
43.857
7.210
47.397
5.668
16.231
17.093
45.505
23.422
47.598
32.313
34.066
12.936
49.129
57.264
46.879
46.369
43.674
55.926
51.510
33.160
18.984
40.009
24.849
34.677
39.681
33.657
47.884
45.489
46.679
29.174
57.099
37.287
32.675
55.966
54.108
38.571
36.369
48.985
49.551
42.343
18.249
12.020
42.935
46.236
23.964
54.518
31.843
29.226
44.924
42.687
36.448
51.071
32.585
24.469
45.023
36.949
40.156
38.858
16.914
9.543
8.982
20.747
5.433
19.047
31.941
35.058
33.618
9.751
30.746
24.399
39.039
43.132
39.622
50.375
13.131
34.907
55.399
42.056
41.732
46.803
25.844
47.214
25.004
19.139
11.135
30.608
13.559
22.361
33.936
20.207
30.258
11.714
22.975
5.824
46.530
54.387
44.526
29.375
52.333
5.456
41.703
52.141
33.766
15.496
35.432
39.476
9.399
48.309
28.300
40.482
8.940
26.641
29.179
30.590
43.641
17.158
50.785
36.719
20.065
16.911
40.007
54.907
46.733
48.083
21.635
14.661
32.966
29.600
44.066
5.543
12.735
53.548
44.458
22.842
49.977
11.032
47.972
12.839
47.214
30.676
21.039
59.327
12.332
30.641
22.771
24.748
15.087
30.661
49.899
43.378
53.413
38.726
38.944
35.536
22.144
35.634
17.870
41.184
7.421
39.538
26.628
21.816
51.497
15.330
43.453
37.753
37.637
29.089
44.747
15.004
50.892
56.349
24.213
52.838
14.255
43.687
54.067
53.780
10.340
16.763
12.692
21.278
43.386
9.423
27.915
15.171
49.287
14.598
43.216
41.979
41.684
16.570
46.690
15.290
56.345
39.430
25.226
25.864
39.738
35.359
55.875
4.329
35.882
48.689
37.564
29.789
21.679
7.220
12.354
37.393
8.742
36.565
55.512
9.292
50.999
49.992
39.814
6.321
29.106
38.317
25.128
13.267
8.641
40.253
34.388
51.399
11.242
29.199
26.204
4.275
7.914
15.071
43.472
34.331
34.847
22.166
38.952
40.380
30.478
23.528
21.431
11.091
7.104
13.221
54.434
29.639
26.980
33.427
38.094
42.014
11.136
58.402
11.395
10.987
52.054
38.895
28.763
27.488
30.848
60.012
51.444
12.197
32.062
52.413
12.420
58.484
52.875
27.685
32.591
27.577
18.314
4.286
32.802
17.292
36.805
8.101
9.072
42.474
31.104
39.827
48.423
56.002
41.324
53.462
1.640
20.262
10.158
39.595
30.971
21.571
6.905
21.304
44.147
28.673
51.168
18.244
15.172
40.341
52.042
17.110
21.420
28.242
51.794
56.592
41.594
38.142
41.087
17.389
21.114
28.364
46.885
59.183
4.918
22.594
43.178
19.739
45.199
55.882
5.027
18.711
46.450
58.351
47.386
25.049
44.951
29.655
47.977
11.232
56.350
21.396
29.652
9.339
56.092
28.978
43.394
47.349
44.071
40.920
59.414
23.955
11.368
4.877
30.704
47.788
23.691
50.460
43.270
10.482
58.713
19.064
53.009
43.519
20.933
28.597
37.667
20.851
57.988
51.675
46.818
43.859
50.305
54.306
16.608
44.794
34.341
28.812
48.428
14.929
12.879
13.836
51.906
37.357
57.240
52.097
41.498
53.341
14.552
38.531
52.031
37.992
55.418
57.531
51.654
27.682
50.402
11.657
35.951
24.616
40.328
48.528
51.053
23.050
58.277
60.036
11.438
17.629
48.999
29.024
54.775
7.885
33.896
53.572
60.568
48.679
20.286
14.595
29.429
39.272
57.782
46.204
46.732
59.818
32.224
44.854
42.362
58.760
27.289
31.236
8.304
21.149
8.496
13.760
14.889
26.143
26.325
17.429
34.874
5.388
23.329
16.328
20.668
31.868
19.213
11.905
8.900
43.700
16.728
25.312
49.501
55.306
56.466
56.657
13.576
19.311
45.162
57.599
52.803
58.813
45.578
42.404
11.459
42.492
8.104
36.577
8.533
48.476
29.558
53.004
49.857
56.589
7.424
52.002
37.585
55.030
52.153
45.781
36.112
14.970
26.015
13.688
37.752
35.930
10.726
49.762
54.617
58.657
37.062
43.130
11.119
45.599
20.477
26.749
5.993
12.082
52.178
23.924
43.777
47.844
29.259
42.730
40.468
28.114
41.131
15.634
38.728
45.628
11.333
51.120
10.430
6.383
8.638
38.329
18.033
18.603
43.719
9.795
52.971
48.819
47.337
55.054
51.341
12.889
22.161
41.986
41.653
51.792
34.860
5.586
44.276
39.779
19.096
27.665
11.388
24.285
37.819
44.225
10.226
30.393
51.171
33.490
56.422
31.722
55.198
44.081
48.997
20.344
35.714
23.898
6.644
39.965
42.019
59.692
8.613
37.426
43.573
49.985
52.136
21.097
24.909
45.058
30.655
13.074
31.678
32.327
23.388
35.295
12.749
29.576
45.606
46.416
6.744
39.806
19.808
37.339
9.620
6.598
56.647
56.507
8.629
4.467
9.917
35.908
31.626
25.100
4.965
45.660
44.749
41.905
44.612
46.441
51.439
14.440
10.670
36.858
43.719
6.641
12.272
28.395
21.906
10.464
16.456
25.082
21.367
17.516
44.616
50.087
13.820
16.238
47.736
52.813
53.792
10.988
14.976
4.991
55.569
18.740
28.727
49.245
12.427
50.971
32.012
6.222
39.402
50.066
46.490
5.612
9.595
30.455
7.514
27.126
36.819
23.989
31.602
30.693
11.752
15.574
56.397
24.332
6.412
37.503
33.136
44.790
26.399
13.482
5.178
19.781
46.783
15.377
24.142
41.667
40.223
9.851
42.180
42.390
49.003
13.615
8.627
52.144
12.832
21.922
12.039
36.409
21.648
5.691
18.544
10.134
16.685
54.009
12.160
13.389
55.698
55.232
8.826
47.154
39.894
24.488
7.422
22.218
20.201
47.097
44.011
7.697
46.853
12.604
6.926
48.553
38.027
36.082
11.628
44.708
35.172
38.201
43.880
10.124
8.093
12.935
12.624
8.056
17.611
20.935
26.047
47.238
12.760
25.778
39.874
13.105
11.486
34.264
6.989
34.865
37.191
20.911
16.807
39.790
44.829
57.087
15.887
56.836
28.885
35.175
43.570
56.241
12.723
52.853
41.501
43.694
42.038
12.395
16.348
6.846
21.326
14.796
51.972
52.395
12.221
8.462
11.779
5.989
19.985
20.370
49.498
33.220
34.679
53.104
46.234
7.655
32.042
10.483
44.110
24.254
9.440
6.816
16.023
23.508
12.965
49.967
25.960
24.974
46.564
41.385
41.219
15.703
53.000
24.579
8.237
23.662
36.994
56.061
10.905
39.565
55.381
47.298
9.509
22.070
53.916
44.967
6.952
49.422
37.338
55.347
49.635
10.804
43.316
11.310
11.955
32.467
33.351
44.821
43.863
18.322
52.539
33.919
30.507
60.902
2.360
9.522
20.356
22.804
15.356
54.439
56.143
58.951
9.833
23.861
26.383
18.587
35.400
58.371
30.340
56.649
35.776
8.993
50.246
12.269
57.082
55.121
15.573
37.194
39.522
26.662
10.508
16.921
58.034
13.137
9.455
15.045
37.151
45.730
61.089
58.422
19.993
25.752
41.838
57.046
9.133
55.260
52.502
55.638
9.784
3.374
28.983
51.098
43.935
29.329
9.994
19.881
8.843
28.120
17.708
16.393
14.531
19.989
29.658
7.733
37.579
37.507
58.058
16.298
9.347
21.652
27.572
35.199
35.486
17.191
38.611
52.322
41.751
47.514
9.928
37.712
42.434
20.906
20.008
18.112
19.948
38.031
22.748
55.934
52.042
50.916
35.888
57.858
10.734
25.855
11.913
21.421
12.425
32.014
22.536
53.435
3.257
10.425
54.979
54.055
11.286
31.849
38.902
29.869
53.268
6.348
39.538
22.435
37.972
29.364
9.007
9.968
60.027
12.013
42.860
45.406
40.351
25.945
13.389
54.444
9.036
11.121
6.786
5.688
48.222
56.297
42.655
6.112
50.557
51.538
25.703
41.288
35.324
16.573
35.922
11.278
9.204
24.390
25.577
13.670
52.669
25.508
38.128
20.365
52.407
34.772
18.563
24.106
29.379
27.068
35.007
41.898
43.010
47.031
44.672
24.307
46.917
25.065
50.623
47.165
6.217
11.188
60.075
50.886
58.233
50.166
7.434
20.191
37.264
44.929
20.367
13.509
47.184
38.522
18.943
29.231
56.226
9.912
11.491
38.576
9.658
25.847
14.876
26.343
57.675
7.523
49.692
21.717
31.762
40.076
18.207
31.682
29.230
11.282
10.791
13.747
17.822
49.051
42.986
48.909
35.813
39.438
7.435
12.605
31.768
57.643
8.783
11.329
35.722
8.363
49.667
8.273
34.795
6.723
27.838
33.249
27.053
22.416
45.280
7.063
29.090
56.619
30.405
28.600
29.911
22.702
30.774
47.624
36.157
53.925
32.577
41.542
36.184
44.493
42.995
45.342
41.730
54.429
10.528
13.575
38.235
54.089
41.271
29.245
26.250
8.279
24.849
35.475
16.551
26.738
49.437
12.059
27.519
50.122
29.690
43.114
28.353
29.700
29.540
16.499
13.747
11.261
14.921
22.192
45.576
12.608
14.369
50.493
43.676
48.112
52.494
15.598
35.838
41.094
24.133
40.728
20.860
49.675
13.863
47.671
51.155
45.557
42.989
18.248
46.193
48.337
50.378
15.495
35.656
27.073
7.207
58.080
55.118
51.174
52.343
5.121
55.192
18.374
17.699
53.712
57.130
18.120
15.479
17.655
10.851
16.614
5.621
47.727
50.517
6.130
9.785
5.900
12.875
32.481
13.898
34.936
45.706
29.627
35.552
45.822
14.377
46.785
16.254
24.343
6.719
16.709
37.408
17.538
37.521
42.220
33.023
17.732
7.895
11.157
20.990
14.599
39.560
40.684
47.457
48.166
26.660
18.206
32.504
21.282
17.306
28.541
47.422
20.920
23.617
13.582
26.895
12.635
36.081
59.579
22.271
27.340
1.106
5.577
32.158
27.270
7.175
38.686
55.964
49.606
10.288
13.613
10.137
2.585
29.669
7.570
40.642
28.919
22.168
50.155
16.003
31.491
5.495
31.018
53.278
57.082
54.478
5.528
35.085
50.690
42.687
21.468
57.010
14.945
30.854
19.359
10.423
46.296
32.957
49.731
32.324
6.273
38.720
43.227
27.433
42.054
16.745
35.871
20.801
54.513
56.786
31.850
16.728
49.765
16.159
40.414
14.850
27.031
28.036
28.351
14.066
22.902
6.065
14.196
43.322
32.859
14.294
19.655
53.572
24.187
23.840
9.013
45.301
8.268
24.489
24.628
42.544
36.762
24.127
44.006
47.541
51.580
44.111
40.040
50.761
50.093
55.038
4.987
11.617
55.892
50.181
36.755
18.821
18.128
14.286
32.267
13.309
10.152
17.487
39.200
16.608
11.490
19.589
40.270
8.042
44.220
50.254
43.415
35.949
9.960
26.156
19.591
20.283
37.459
39.501
44.012
47.360
11.050
17.984
32.594
9.043
10.709
37.394
7.670
16.302
23.368
14.780
20.802
28.933
41.904
31.353
14.830
44.515
46.990
38.771
28.916
31.185
13.245
39.039
57.482
54.344
35.261
44.598
42.558
28.663
19.370
11.029
9.633
48.210
32.598
53.908
19.748
46.265
27.493
58.260
20.248
10.350
31.476
16.039
42.075
8.150
22.014
13.169
10.592
16.870
28.228
36.802
50.550
36.364
40.531
15.464
36.664
15.492
38.468
44.690
56.244
58.044
26.266
33.027
38.264
44.499
54.016
54.965
42.693
38.795
46.484
49.554
18.299
26.221
42.249
15.663
20.005
15.695
8.435
41.074
24.637
29.613
21.899
45.332
46.741
24.362
26.382
31.087
56.508
12.073
52.861
41.819
35.489
34.161
47.897
43.257
56.087
56.440
55.079
33.370
28.977
12.171
9.499
42.710
34.521
14.948
24.725
35.533
30.770
10.906
37.796
13.722
33.629
47.441
43.222
14.205
15.659
10.473
10.022
15.949
10.283
36.090
34.874
52.662
39.308
56.702
19.554
18.453
10.498
19.747
10.514
21.837
9.438
22.827
22.991
11.497
8.436
33.396
25.625
38.379
36.434
19.148
34.023
28.846
44.140
42.050
29.840
22.916
48.571
41.665
27.976
37.393
42.503
28.792
46.660
31.055
34.624
41.307
43.249
10.767
43.643
47.941
51.125
42.348
50.431
20.400
25.696
34.212
29.628
47.201
40.057
51.185
10.116
36.503
28.644
45.600
51.808
23.452
10.993
12.405
26.678
45.224
24.049
41.551
32.920
53.280
12.826
40.329
8.301
10.936
33.621
2.485
51.974
44.294
14.127
6.785
10.903
5.565
31.501
10.088
10.620
17.728
32.607
13.897
14.787
8.730
18.369
7.653
38.169
12.026
50.406
29.621
46.466
46.300
54.062
43.864
43.226
50.215
10.883
15.416
7.519
35.463
36.936
52.233
42.160
39.750
42.320
26.053
20.914
12.014
22.465
32.536
38.653
9.803
38.578
41.674
16.274
23.599
29.086
7.453
9.288
11.659
4.188
29.540
20.706
8.622
13.590
20.127
16.342
33.063
29.934
31.435
45.555
36.447
20.287
13.071
23.249
43.242
45.176
12.783
47.994
26.700
34.128
11.361
6.804
10.188
57.452
15.696
28.018
41.897
14.300
12.295
14.230
50.053
19.036
48.320
41.518
54.060
37.044
43.778
20.336
29.718
39.185
41.814
41.027
44.275
42.702
41.592
52.464
43.177
41.847
32.511
10.738
46.117
10.429
23.798
8.534
19.716
46.056
48.421
5.344
25.963
30.290
10.814
47.696
29.042
25.723
20.802
32.949
5.654
29.961
28.892
11.600
15.779
60.360
60.006
57.834
48.062
34.694
34.246
46.435
5.545
23.504
53.697
22.011
43.518
29.304
35.385
7.446
39.120
13.723
33.007
36.603
7.517
19.763
31.293
56.272
46.276
13.550
21.123
17.915
43.347
35.918
9.956
28.665
8.288
6.655
11.083
29.454
9.149
23.853
34.032
48.488
57.863
31.697
36.377
3.602
38.471
30.391
13.894
33.312
25.147
40.318
14.704
54.593
53.105
7.305
25.933
48.987
39.090
45.543
33.205
44.965
7.417
27.898
55.157
49.463
8.916
32.266
32.493
40.321
9.794
42.508
44.749
49.441
33.231
49.332
13.033
38.959
19.873
46.254
50.297
51.966
50.475
45.376
32.699
26.358
32.361
7.434
24.390
6.046
57.230
45.145
41.055
39.287
45.713
30.090
21.613
49.161
35.049
22.387
44.835
4.157
10.418
7.851
52.048
47.964
43.129
21.705
42.022
41.872
15.714
37.475
58.044
7.829
13.613
12.223
15.395
25.817
14.388
29.042
13.174
11.083
41.989
57.419
53.597
49.437
6.091
13.916
22.712
15.593
21.234
34.723
43.281
21.333
13.755
5.669
47.209
17.151
49.471
7.227
50.603
51.775
54.157
45.950
8.811
43.259
11.519
29.627
11.489
41.362
25.332
30.898
8.947
23.702
28.453
57.723
13.676
40.310
16.710
14.481
22.294
21.316
36.929
27.670
29.085
46.903
18.002
6.910
40.399
11.410
11.960
28.837
9.935
36.767
30.153
28.694
15.415
48.865
11.979
9.795
15.416
50.013
51.559
39.509
49.131
52.973
17.495
10.598
39.478
22.799
39.510
51.361
12.811
10.140
21.457
50.227
38.749
51.666
44.635
55.996
58.301
9.593
35.140
58.941
31.290
30.336
23.498
47.759
18.327
51.023
26.597
20.725
55.997
23.122
4.196
58.828
10.074
12.833
14.190
55.118
13.322
26.907
34.991
35.819
6.325
32.387
15.257
31.628
6.982
23.314
39.441
48.984
35.974
55.278
9.853
48.173
56.391
47.684
12.699
5.310
23.565
59.194
34.694
21.104
27.073
20.882
24.554
56.804
21.345
10.026
53.625
21.006
34.194
30.940
5.634
49.478
44.100
60.081
17.608
20.468
38.888
16.945
22.683
25.281
20.132
27.648
41.050
24.071
17.806
37.421
19.345
35.053
10.781
33.841
35.241
54.291
10.840
41.148
51.597
8.985
26.866
9.284
11.593
54.323
18.160
39.220
7.098
33.049
16.933
13.499
37.242
47.628
34.140
54.281
3.926
55.424
14.384
15.244
51.374
53.249
36.714
45.775
27.012
50.796
29.789
29.228
8.901
31.435
23.638
24.075
40.558
22.905
17.533
12.716
20.631
28.853
46.759
35.777
48.022
57.100
17.709
5.613
8.161
19.699
16.627
29.504
12.172
13.745
7.433
58.741
8.215
41.181
44.770
19.198
29.890
34.121
9.262
29.847
34.346
31.458
11.539
44.528
43.946
38.506
15.987
33.268
27.650
36.180
6.824
56.317
57.386
22.259
16.759
10.862
13.817
57.054
56.504
38.624
22.816
55.397
24.771
16.271
6.867
28.394
54.849
21.168
45.602
15.137
44.908
16.690
43.598
48.785
14.485
38.934
10.561
32.152
24.067
33.574
36.677
39.837
18.980
32.209
34.900
35.092
49.459
13.391
10.738
6.393
20.043
37.709
20.947
12.191
23.069
27.946
28.436
15.190
25.130
25.127
16.414
16.842
10.031
7.999
29.836
30.663
38.414
31.318
20.795
17.771
15.148
7.147
57.125
45.809
15.727
23.910
13.408
10.050
56.966
6.689
55.286
51.035
30.008
33.203
59.245
5.938
33.558
12.577
12.967
47.634
30.001
38.569
38.842
30.676
44.496
38.087
13.619
55.917
17.602
51.578
52.811
57.013
10.764
56.015
48.269
51.867
36.742
49.810
24.824
6.998
23.422
6.495
10.989
30.814
38.070
29.620
9.259
3.291
7.991
5.784
28.990
21.232
36.740
52.306
53.196
12.537
51.545
37.394
51.431
51.477
15.353
14.639
38.721
52.960
31.709
41.517
38.831
7.114
45.034
53.396
28.051
36.835
38.127
40.258
11.066
28.646
31.790
48.553
47.398
28.300
30.922
14.242
49.525
13.557
18.827
13.080
23.025
48.864
48.806
28.844
30.135
39.206
11.241
20.590
4.690
32.992
32.147
32.213
40.216
15.558
45.816
54.769
45.918
2.054
44.807
46.051
39.560
50.716
49.136
24.095
18.334
35.532
33.600
32.316
17.214
6.551
26.872
23.718
25.397
10.708
6.666
36.629
19.792
15.656
27.250
54.903
9.510
20.272
16.808
6.014
57.670
34.935
59.891
8.686
51.917
3.707
55.082
55.724
7.530
33.907
27.057
12.979
40.706
30.832
13.922
53.296
9.208
11.939
10.084
34.742
12.683
6.225
15.391
43.980
55.231
26.694
6.350
19.575
7.715
44.745
49.412
36.600
28.324
38.009
6.243
43.596
43.773
39.384
32.575
42.136
52.316
30.984
36.439
14.101
29.906
46.508
44.508
35.134
61.998
34.962
42.722
13.046
28.959
12.423
8.760
59.188
19.584
29.601
32.453
10.391
8.939
48.509
5.325
7.361
13.815
36.257
18.403
20.428
60.586
19.315
27.891
24.074
30.275
37.938
43.424
41.473
48.778
12.796
52.549
30.091
9.366
25.861
8.613
31.793
32.577
28.496
7.042
1.317
37.124
33.107
9.881
58.794
30.544
28.817
46.290
49.746
11.937
8.163
22.006
11.539
38.740
32.649
40.084
37.843
39.919
20.094
11.127
24.212
36.823
40.225
55.572
44.011
43.842
29.581
25.028
58.850
58.743
7.008
9.442
9.191
18.300
44.118
52.932
44.178
33.292
35.690
29.649
32.640
23.726
25.931
58.207
47.380
44.027
45.711
19.192
22.627
13.024
15.921
18.558
34.064
5.532
31.344
35.447
11.353
52.883
48.151
29.593
40.366
32.470
23.771
18.164
59.414
16.834
50.931
39.584
9.132
7.757
50.433
51.959
49.431
4.626
31.391
53.521
47.852
45.572
9.622
25.148
20.773
52.918
15.176
50.014
21.913
43.245
42.413
47.498
38.281
17.896
29.009
33.068
35.387
32.679
50.780
29.269
43.375
33.571
11.206
33.855
59.326
11.796
29.184
25.876
40.242
15.201
26.869
30.738
36.299
27.882
50.866
57.432
36.592
19.318
20.398
22.188
49.811
46.358
32.330
53.058
56.966
55.974
53.681
57.613
39.808
24.745
25.503
18.334
7.618
8.319
19.781
37.444
7.316
17.617
32.140
34.329
6.040
27.570
41.590
40.400
26.581
47.249
15.125
52.882
22.802
52.996
10.416
37.330
25.546
22.356
48.459
34.803
34.919
31.357
53.027
5.071
41.420
35.855
52.800
36.079
61.319
41.222
30.814
7.351
11.299
21.840
21.985
24.325
9.237
8.886
18.952
15.288
20.018
28.239
32.716
20.339
4.869
30.858
17.509
19.342
56.621
18.410
49.586
33.691
32.849
35.779
52.992
6.191
7.642
8.873
16.205
16.704
23.247
13.326
34.058
35.706
48.185
34.963
33.165
61.462
23.219
24.594
10.591
31.169
42.823
8.796
36.412
37.290
40.521
36.418
55.775
45.804
17.414
59.835
53.056
32.533
56.682
21.547
10.914
53.648
28.155
35.936
47.044
10.459
18.777
36.499
23.363
26.673
40.924
10.909
31.032
49.571
24.795
10.673
12.164
19.880
12.264
9.095
12.409
19.832
17.304
22.828
11.142
26.053
23.478
8.793
19.907
47.315
14.082
56.362
30.946
18.507
22.919
7.159
8.768
54.922
11.474
12.578
18.807
18.705
42.954
31.535
35.268
10.548
53.314
47.921
43.139
18.174
60.903
9.504
25.857
28.273
58.957
40.271
41.420
45.170
60.425
55.014
53.355
46.538
34.754
10.174
9.632
11.076
31.949
6.540
28.591
4.586
41.640
16.799
45.682
27.357
46.514
28.045
46.036
22.071
34.867
49.013
39.262
10.521
34.553
36.990
32.884
45.968
10.381
37.329
12.795
7.038
58.438
10.737
22.588
34.684
4.556
16.744
12.286
40.592
53.119
46.662
12.150
19.205
17.454
33.464
17.659
8.007
39.648
28.010
33.714
8.369
58.904
37.639
28.681
31.082
25.303
49.042
37.028
38.801
50.011
40.729
28.971
13.216
43.041
41.388
4.808
37.749
15.439
13.072
28.804
21.171
20.402
5.625
2.977
18.742
11.561
6.268
13.846
41.238
26.087
10.725
50.708
46.813
43.827
51.317
6.476
28.806
30.025
21.751
17.790
6.382
15.349
17.629
8.382
30.354
33.281
10.727
22.380
33.414
17.399
10.388
44.186
38.488
42.234
27.002
52.849
48.007
38.140
48.845
51.037
33.999
44.308
35.885
31.214
54.954
37.783
6.186
13.461
41.444
6.734
40.657
33.116
41.537
56.668
40.740
49.374
35.124
37.106
42.158
53.139
48.475
22.881
25.000
29.675
59.999
24.017
37.961
17.396
13.580
42.754
59.275
22.014
56.935
32.425
30.241
50.133
45.870
51.404
52.842
23.424
23.546
48.512
27.629
42.220
44.934
8.164
50.715
9.100
12.584
23.574
32.608
22.250
22.410
20.009
29.923
24.104
17.735
16.090
56.077
14.151
51.263
45.123
46.710
59.252
35.309
31.703
28.315
30.669
53.072
13.969
54.898
55.088
26.191
38.554
26.375
32.469
55.697
9.112
50.927
34.436
21.982
15.402
14.497
32.399
17.621
30.562
8.924
15.294
25.096
9.903
10.861
34.257
34.865
32.436
23.330
30.906
57.414
49.380
38.532
29.340
27.488
39.266
47.154
31.500
36.631
39.639
29.971
10.914
28.398
21.773
21.460
24.933
44.998
16.337
59.741
10.937
51.991
21.287
7.929
12.049
39.292
38.025
26.542
16.089
19.935
42.196
25.923
8.582
26.323
51.262
45.178
21.874
37.464
27.206
50.470
29.117
40.920
44.539
17.812
25.920
17.033
32.158
52.115
55.571
55.922
53.234
56.216
43.298
14.101
22.252
13.713
30.409
29.362
46.233
17.516
40.407
29.079
20.985
31.931
12.547
51.168
12.037
29.310
49.924
46.268
56.166
43.303
39.357
53.133
37.894
5.413
40.037
38.956
19.477
19.065
17.406
53.640
53.185
56.633
38.819
51.970
35.216
47.345
21.029
15.840
18.557
48.322
46.448
50.094
45.209
31.219
10.651
57.230
13.073
45.370
18.433
15.382
18.275
22.929
12.517
22.880
10.263
38.595
52.346
37.573
52.478
20.937
31.418
32.001
5.177
38.363
31.551
8.009
19.675
9.811
53.026
56.411
52.415
4.385
10.276
2.776
31.662
31.785
13.606
29.821
12.468
27.379
34.175
26.077
54.259
8.040
35.082
27.817
25.069
17.632
41.730
56.323
18.519
4.652
30.278
49.130
13.744
14.800
18.187
35.837
19.065
6.474
26.947
12.679
27.613
57.809
59.894
39.845
56.100
42.164
6.889
25.429
10.297
49.708
9.148
12.401
26.814
22.213
8.018
12.607
56.539
43.636
30.975
12.670
5.150
40.355
5.962
23.310
48.970
24.683
43.744
52.867
51.736
26.555
37.733
21.398
6.879
14.156
15.089
28.403
27.692
21.738
14.704
7.768
15.395
52.386
9.643
35.011
26.921
36.305
4.294
37.608
28.367
14.918
34.871
14.764
31.908
10.036
43.360
52.526
30.278
14.482
40.256
55.281
13.695
53.590
24.799
6.724
54.788
39.607
53.256
38.325
33.255
35.028
50.481
36.827
53.877
21.427
20.327
49.058
12.864
17.427
30.222
27.723
37.924
29.533
46.039
9.208
55.810
51.681
14.910
30.578
40.799
25.412
57.020
59.392
11.011
50.576
42.880
11.970
8.620
47.297
16.399
5.293
46.371
30.793
19.075
28.644
60.310
34.115
32.636
23.541
34.841
16.374
7.641
12.190
31.827
33.436
18.635
49.641
21.578
7.746
48.509
55.105
43.912
55.483
27.375
17.663
55.455
56.340
43.462
24.700
27.994
8.331
16.509
56.965
38.461
51.254
52.868
44.984
44.379
43.632
11.747
35.023
22.313
19.362
27.524
12.496
59.674
42.957
43.493
48.899
26.564
21.343
7.958
41.812
31.080
40.123
44.819
31.402
31.080
41.792
45.666
33.117
55.804
51.240
47.033
51.921
61.153
46.832
25.422
10.496
49.557
34.136
48.717
35.801
6.278
29.486
33.805
23.224
10.819
12.344
21.353
5.917
11.816
55.902
45.884
47.963
31.869
17.466
13.308
14.478
20.229
20.008
9.931
12.434
13.970
48.111
54.363
41.348
19.693
20.493
57.309
16.362
34.499
32.854
44.036
18.087
9.850
12.596
55.587
22.697
30.747
46.963
51.494
33.779
35.032
7.521
45.500
31.647
23.553
23.580
31.811
42.794
43.958
13.670
41.896
42.164
11.097
44.576
55.326
27.439
46.802
17.925
22.012
14.050
51.696
28.800
33.377
4.135
36.907
47.863
36.104
40.612
14.703
47.453
48.061
42.976
39.478
47.459
3.818
45.056
42.624
43.841
9.175
14.670
15.207
52.773
53.182
9.559
7.534
8.754
8.595
47.397
46.721
50.109
42.450
32.764
31.362
59.336
37.881
8.675
19.968
32.218
46.237
30.664
47.356
23.547
5.777
38.135
28.631
15.571
43.794
56.912
51.147
14.777
45.885
13.914
8.124
8.183
6.680
12.694
10.052
10.092
32.772
58.067
13.449
11.287
14.835
14.882
19.255
45.341
20.461
6.104
33.089
11.862
25.735
8.795
52.506
58.576
15.711
14.278
45.097
49.804
9.979
50.345
56.444
15.179
29.331
22.548
9.874
16.940
28.904
9.602
52.386
50.284
54.046
44.843
8.865
44.034
4.530
50.705
15.192
14.186
23.246
3.615
56.745
42.134
35.793
12.006
15.865
14.138
17.866
26.163
22.271
26.764
27.253
43.927
12.857
9.676
17.801
43.190
18.154
11.879
43.740
27.332
27.593
28.334
35.421
11.494
22.478
25.615
47.842
39.714
37.718
40.728
22.339
36.564
37.860
20.636
14.263
24.675
56.319
49.794
36.267
44.598
37.047
33.229
13.518
11.263
28.011
41.774
14.284
22.091
37.383
53.214
18.194
13.540
14.801
28.190
24.855
45.044
44.242
11.775
35.459
33.447
53.863
48.005
6.557
30.125
19.845
31.872
27.506
15.110
37.055
10.880
29.933
49.019
46.184
6.743
35.448
54.094
49.152
58.583
59.842
55.600
58.984
58.775
14.427
26.186
53.417
45.928
58.566
43.722
19.557
60.246
49.548
32.034
52.070
28.705
14.978
45.072
47.021
43.872
48.217
26.823
11.350
8.113
17.292
31.109
56.229
30.879
36.253
31.963
46.315
19.821
40.290
9.585
44.075
31.788
8.826
30.640
28.706
29.570
27.660
17.997
14.738
2.685
9.220
15.895
32.986
42.366
33.463
52.493
34.132
46.087
10.234
14.985
23.916
14.346
17.074
16.110
20.694
13.054
20.556
18.822
7.470
15.598
22.675
48.748
33.121
9.139
52.585
8.478
22.216
46.121
13.470
14.530
20.611
19.941
40.549
21.985
11.667
40.034
58.171
13.578
24.075
48.110
26.702
50.145
53.822
34.349
59.240
8.200
39.802
7.983
8.334
23.670
15.430
42.390
29.757
35.402
51.180
6.445
39.688
20.351
20.287
22.393
14.866
6.225
9.936
41.420
11.280
47.788
30.004
32.248
29.410
11.341
50.610
19.371
27.614
41.786
50.720
37.675
5.637
39.906
6.359
10.463
29.055
44.095
6.376
49.298
28.316
44.508
3.691
6.911
36.430
7.504
39.537
28.729
44.813
59.604
50.430
59.787
36.912
44.550
49.315
8.004
26.154
11.247
39.624
46.138
15.649
12.166
33.767
45.203
12.086
43.098
41.522
43.012
42.904
13.508
21.124
7.205
25.244
24.931
24.178
15.343
15.147
32.272
44.879
36.597
34.881
46.180
0.566
57.254
34.124
13.884
38.212
35.681
55.815
47.978
52.705
50.036
58.472
45.876
42.870
14.995
19.249
30.968
40.739
13.182
24.161
39.136
25.801
39.686
39.034
45.341
20.676
51.320
35.939
42.978
29.280
11.110
38.980
9.618
12.219
33.418
30.203
17.495
27.047
15.284
7.203
52.822
5.435
27.168
37.069
36.737
27.727
36.408
15.888
39.307
21.271
6.242
8.059
44.893
24.363
11.680
22.885
29.335
27.406
8.221
15.903
26.207
10.176
40.076
49.964
40.342
35.601
28.571
49.941
41.302
21.988
13.250
59.836
9.423
41.526
17.978
12.503
16.346
52.957
9.905
13.087
40.421
11.786
2.223
16.477
23.276
10.471
8.625
8.896
18.795
54.261
5.182
40.080
54.326
35.929
17.873
30.847
9.422
56.296
33.576
27.523
42.489
20.812
49.987
27.188
10.311
22.587
20.524
46.243
50.267
47.193
8.805
14.246
19.862
34.339
59.181
40.639
14.014
11.664
28.896
51.070
45.188
14.681
31.343
36.892
31.078
55.495
6.114
57.768
43.066
5.511
4.156
50.320
6.994
51.659
42.754
22.013
40.553
17.375
18.360
9.695
15.141
29.714
45.191
50.005
42.047
14.409
6.908
24.302
18.866
12.255
11.264
28.342
14.195
12.931
36.315
8.235
18.499
41.229
35.376
47.992
37.528
22.783
21.462
21.193
31.943
54.665
36.833
31.393
21.277
25.054
12.017
58.985
40.744
56.805
51.805
53.533
8.030
57.002
34.779
11.024
29.055
27.542
28.630
40.206
35.000
10.036
53.171
37.757
52.443
35.975
17.550
38.297
42.756
12.675
52.230
57.229
40.109
9.880
29.658
56.261
33.000
14.366
4.574
42.354
14.881
25.045
60.304
35.989
10.568
10.541
24.812
37.291
30.315
8.868
49.260
54.228
53.011
29.049
27.602
33.721
52.413
21.662
23.718
27.188
9.527
15.824
11.710
15.467
53.131
10.277
60.633
45.586
22.747
33.561
46.127
10.756
20.108
29.199
26.177
13.621
24.901
40.404
25.936
28.816
56.185
51.775
53.538
20.635
40.415
52.082
59.113
54.447
35.518
11.548
12.423
44.760
10.017
25.535
29.483
40.271
42.773
45.318
26.431
17.500
9.392
58.681
36.427
38.832
42.175
3.497
21.231
9.669
30.010
12.179
7.161
10.500
35.337
31.721
34.213
53.247
42.645
40.434
28.185
8.141
32.839
60.842
46.890
40.894
16.998
57.516
26.865
21.937
39.009
37.069
36.169
40.346
21.767
38.873
22.594
14.911
27.637
20.271
14.143
15.200
7.419
42.806
55.253
34.494
11.141
37.293
6.903
30.057
37.831
46.964
45.491
51.064
6.999
54.630
11.069
26.703
12.662
9.862
51.156
24.665
25.664
40.889
22.004
5.217
13.845
24.407
35.189
10.488
7.157
3.701
49.054
24.830
13.008
16.349
7.390
19.825
8.923
44.620
13.705
37.491
17.004
11.401
42.643
35.859
11.634
47.337
57.886
52.558
58.141
12.918
24.359
13.505
60.323
20.853
16.816
9.629
20.304
16.333
12.125
22.327
35.245
28.352
17.684
49.254
29.791
31.659
50.014
19.635
7.621
19.274
55.915
22.949
43.551
23.968
8.129
18.638
15.513
44.964
21.647
14.917
24.975
25.409
7.480
14.138
39.431
16.997
8.321
9.676
12.967
22.896
36.949
44.165
29.178
54.170
19.005
18.006
54.274
52.780
53.274
16.448
55.883
8.384
10.319
11.684
17.989
40.325
40.066
8.069
47.975
47.066
46.438
42.258
22.076
46.651
17.002
30.101
35.241
61.313
15.751
26.179
55.823
20.120
14.549
8.097
45.317
31.241
20.958
19.422
21.700
35.155
16.212
55.922
13.540
28.544
5.552
5.437
22.239
37.153
56.777
55.974
12.956
12.585
26.672
59.715
28.791
45.516
34.230
37.437
5.786
27.775
26.108
34.936
33.786
49.419
55.444
50.679
54.072
23.435
21.657
15.904
23.663
9.571
18.624
23.182
41.169
38.797
41.660
35.896
31.514
27.703
21.731
16.893
7.623
23.595
18.228
61.109
29.814
24.796
23.251
4.047
46.254
33.315
49.558
23.338
16.060
28.160
22.727
7.429
52.005
9.846
55.406
50.437
11.511
28.358
31.635
35.320
45.279
47.385
38.005
59.647
53.114
52.772
35.121
14.610
14.680
24.056
21.226
41.429
51.982
9.826
27.659
12.899
51.634
22.553
29.956
9.592
35.006
31.867
20.691
31.437
59.910
54.821
60.788
46.070
13.425
47.659
28.072
4.515
28.233
6.487
40.592
41.655
17.196
50.458
54.489
51.946
20.309
13.282
42.616
20.882
20.041
36.216
14.255
29.856
9.948
7.055
27.516
31.053
16.097
21.668
43.811
36.805
24.716
45.577
58.051
19.639
50.589
25.097
18.759
24.597
30.000
45.723
14.277
25.411
32.301
6.270
6.499
3.447
53.278
9.581
22.016
34.974
12.920
23.124
35.811
47.637
17.176
7.471
22.768
15.495
19.764
19.710
21.279
18.501
14.813
35.634
31.661
40.598
25.908
27.602
59.913
17.882
13.557
58.402
46.625
57.279
9.297
50.982
11.756
33.093
45.891
28.717
39.169
37.333
39.210
44.295
17.881
41.704
18.995
19.661
19.817
24.253
21.339
45.950
40.994
45.053
49.417
56.682
21.507
34.623
13.772
37.149
18.996
51.282
54.494
13.494
55.276
24.969
27.995
25.976
51.713
18.910
12.753
11.945
22.898
60.707
36.376
23.818
46.892
49.185
21.036
30.543
6.591
18.385
53.022
58.502
35.448
32.632
28.606
44.628
27.476
54.394
43.583
55.228
6.397
5.886
20.512
28.397
57.210
51.674
7.751
30.973
35.934
31.105
18.880
29.387
14.710
20.683
23.965
10.832
34.998
9.146
23.061
53.431
13.842
14.890
21.546
11.092
24.214
19.426
54.955
15.088
8.867
51.518
45.965
28.319
45.210
59.150
59.138
43.216
29.229
0.996
39.117
50.125
14.011
19.595
13.781
34.515
18.158
41.198
23.164
49.517
37.528
39.998
55.430
11.253
16.466
27.668
36.403
36.084
42.715
34.483
16.667
13.427
22.363
8.229
9.980
11.939
19.554
8.916
7.505
38.823
22.069
19.838
27.328
31.224
8.924
37.981
33.292
6.778
48.970
37.520
17.391
14.700
47.592
18.868
11.674
10.281
21.604
54.035
8.318
5.464
55.224
56.124
38.314
53.342
5.485
55.517
24.266
38.024
44.679
16.692
39.017
52.949
20.980
39.086
22.318
41.127
13.389
36.915
21.648
22.680
47.258
8.344
17.338
24.004
10.167
5.604
22.524
7.524
6.267
17.214
15.020
13.919
34.182
41.754
13.179
30.843
28.897
37.018
46.905
46.675
35.414
44.487
11.351
34.108
31.929
56.219
40.137
20.849
34.350
10.460
17.288
20.066
39.505
28.106
25.861
44.523
41.118
14.826
41.549
9.062
9.134
47.672
36.744
16.814
19.576
39.766
37.066
7.329
46.005
58.784
8.270
11.727
22.047
28.448
44.552
10.109
10.395
14.648
48.839
12.946
52.597
38.007
9.020
9.188
29.442
35.056
10.253
40.020
25.368
41.297
10.829
37.424
25.776
30.439
22.183
52.569
58.521
11.678
60.033
24.819
49.959
52.326
6.623
17.840
23.807
29.850
32.913
37.087
31.103
29.671
37.411
28.211
41.626
32.640
37.901
44.651
8.394
11.146
8.622
31.726
34.436
58.401
14.883
19.784
16.330
40.980
31.135
15.521
26.981
48.714
54.419
35.665
20.146
37.765
45.622
36.598
32.531
27.613
42.280
18.776
9.769
45.036
22.841
24.313
8.939
54.242
54.045
22.661
53.176
27.376
5.998
8.264
55.396
18.215
10.506
5.570
28.309
30.788
13.625
24.596
38.517
40.481
28.921
25.620
56.097
36.857
14.290
10.866
28.581
42.957
38.127
21.850
18.898
12.668
40.302
33.548
58.348
22.206
5.679
17.580
38.351
28.603
29.133
27.018
6.654
22.790
11.632
18.129
57.123
50.838
6.984
26.270
30.519
32.824
32.339
44.521
47.811
58.977
28.216
38.825
3.456
47.238
32.066
26.851
16.112
59.518
49.379
54.227
50.070
54.761
55.777
51.487
24.881
11.320
11.146
16.617
13.142
27.037
30.451
37.181
16.659
36.695
42.146
25.349
29.754
27.625
17.151
23.094
40.398
42.288
40.063
10.312
43.569
60.051
51.655
34.957
55.601
12.922
34.890
7.999
44.917
7.141
47.884
42.249
45.513
31.881
7.638
43.161
19.500
26.218
15.079
10.845
11.965
57.907
14.762
43.392
47.193
18.597
13.350
36.440
36.932
33.316
21.212
48.947
45.720
13.329
39.862
35.458
7.850
45.041
42.393
58.167
59.887
43.866
40.330
13.538
14.456
53.975
26.994
56.339
23.856
8.609
24.794
27.392
24.631
49.231
17.613
10.912
7.273
15.782
50.020
8.589
15.600
31.091
15.911
44.127
42.973
50.586
29.186
58.667
11.450
51.576
52.822
8.005
39.817
42.149
40.579
23.661
49.615
40.324
41.332
45.465
15.747
6.914
10.199
56.685
41.204
49.160
50.927
15.947
58.116
34.286
52.603
45.695
38.952
36.039
38.298
12.444
16.919
36.370
52.395
52.240
51.897
12.406
30.335
15.377
34.497
43.684
10.387
42.510
47.079
50.060
7.892
28.137
18.120
6.192
19.736
35.989
51.277
15.139
45.973
47.587
23.212
60.618
43.993
38.174
49.432
41.895
12.581
48.495
48.641
49.463
40.904
40.013
48.300
12.028
21.543
45.093
18.226
17.827
44.742
14.520
8.162
48.169
50.282
47.683
60.372
48.768
46.785
31.161
26.233
31.973
41.963
47.865
55.830
39.322
38.042
38.744
15.698
10.851
16.128
52.184
29.063
23.581
34.729
5.504
11.283
25.598
36.694
44.682
41.687
42.966
47.159
30.871
14.973
31.783
7.558
42.552
35.783
11.036
21.221
16.228
19.724
37.102
7.111
21.418
20.181
6.010
47.945
12.101
32.254
48.652
9.592
17.714
46.663
40.159
9.644
39.224
45.285
46.683
17.853
20.993
50.072
47.128
44.611
55.112
22.965
42.324
22.013
38.696
36.652
29.939
6.081
14.696
28.954
11.047
52.870
8.612
59.660
45.467
21.694
41.092
43.508
58.057
40.518
30.155
33.752
41.141
41.150
33.614
12.475
48.476
29.100
17.614
13.661
49.661
56.545
22.096
49.085
49.734
11.310
56.489
43.235
46.779
48.247
47.076
28.847
33.349
41.351
25.305
43.491
43.568
9.647
43.815
49.060
44.738
32.256
51.297
37.453
42.442
50.244
54.694
47.560
17.426
60.699
7.504
28.070
32.517
25.520
31.592
41.910
48.007
26.767
53.710
9.731
52.652
14.582
56.433
9.790
26.503
49.989
12.404
56.275
1.954
28.538
31.410
45.110
26.014
39.714
32.439
34.710
17.157
21.132
23.098
19.243
45.304
53.038
55.014
19.866
39.781
39.304
11.763
52.408
43.790
10.648
18.953
39.146
5.703
43.911
38.119
37.425
56.848
10.735
8.729
52.194
13.783
11.438
40.438
28.829
47.751
34.256
28.195
15.734
52.772
43.310
40.860
59.572
26.223
50.994
7.585
42.495
30.100
20.146
44.110
9.464
50.610
13.689
19.987
46.663
12.312
48.138
24.083
19.174
24.854
29.037
45.658
49.954
60.300
37.591
25.459
13.699
40.817
16.699
14.341
21.221
20.567
48.738
27.617
31.114
47.570
19.589
45.327
21.070
15.745
31.015
58.356
24.832
46.867
30.280
28.159
46.623
50.754
36.651
37.858
31.306
48.470
44.406
47.532
38.170
12.968
37.019
53.929
56.103
15.990
50.896
58.701
41.955
32.338
45.960
12.834
24.386
33.560
42.814
55.884
13.186
4.029
36.457
57.041
21.942
19.663
23.254
7.051
28.453
39.718
20.269
39.216
22.234
40.589
50.820
53.091
54.023
21.152
11.945
59.865
52.142
25.593
16.434
8.059
10.119
10.975
22.109
9.017
34.138
55.065
28.986
48.105
12.103
35.976
11.591
44.806
37.835
45.502
52.442
37.850
48.784
48.296
8.578
9.214
4.966
9.089
44.065
12.440
25.173
13.117
37.264
53.135
7.846
54.310
19.678
49.032
39.117
33.505
36.411
12.192
36.622
4.499
