1 0 1
3 0 1
5 0 1
8 0 1
45 0 1
0 1 1
2 1 1
3 1 1
4 1 1
5 1 1
6 1 1
39 1 1
10 1 1
46 1 1
60 1 1
1 2 1
3 2 1
6 2 1
41 2 1
47 2 1
0 3 1
1 3 1
2 3 1
4 3 1
5 3 1
6 3 1
7 3 1
44 3 1
45 3 1
46 3 1
47 3 1
48 3 1
16 3 1
24 3 1
1 4 1
3 4 1
5 4 1
6 4 1
7 4 1
42 4 1
13 4 1
48 4 1
22 4 1
60 4 1
0 5 1
1 5 1
3 5 1
4 5 1
7 5 1
8 5 1
10 5 1
13 5 1
15 5 1
16 5 1
1 6 1
2 6 1
3 6 1
4 6 1
39 6 1
41 6 1
42 6 1
44 6 1
3 7 1
4 7 1
5 7 1
15 7 1
22 7 1
24 7 1
0 8 1
5 8 1
10 8 1
11 8 1
45 8 1
15 8 1
16 8 1
17 8 1
10 9 1
11 9 1
54 9 1
14 9 1
1 10 1
5 10 1
8 10 1
9 10 1
11 10 1
13 10 1
14 10 1
55 10 1
60 10 1
8 11 1
9 11 1
10 11 1
12 11 1
14 11 1
15 11 1
19 11 1
51 11 1
57 11 1
11 12 1
13 12 1
14 12 1
15 12 1
51 12 1
52 12 1
53 12 1
23 12 1
4 13 1
5 13 1
10 13 1
12 13 1
14 13 1
15 13 1
53 13 1
22 13 1
58 13 1
60 13 1
9 14 1
10 14 1
11 14 1
12 14 1
13 14 1
52 14 1
54 14 1
55 14 1
57 14 1
58 14 1
5 15 1
7 15 1
8 15 1
11 15 1
12 15 1
13 15 1
16 15 1
17 15 1
19 15 1
22 15 1
23 15 1
24 15 1
3 16 1
5 16 1
8 16 1
45 16 1
15 16 1
24 16 1
32 17 1
8 17 1
45 17 1
15 17 1
18 17 1
19 17 1
21 17 1
24 17 1
33 18 1
17 18 1
50 18 1
19 18 1
20 18 1
21 18 1
23 18 1
25 18 1
11 19 1
15 19 1
17 19 1
18 19 1
51 19 1
23 19 1
18 20 1
21 20 1
22 20 1
23 20 1
25 20 1
27 20 1
28 20 1
30 20 1
32 21 1
33 21 1
35 21 1
36 21 1
17 21 1
18 21 1
20 21 1
22 21 1
24 21 1
27 21 1
35 22 1
4 22 1
7 22 1
13 22 1
15 22 1
48 22 1
20 22 1
21 22 1
53 22 1
23 22 1
24 22 1
28 22 1
12 23 1
15 23 1
50 23 1
18 23 1
19 23 1
51 23 1
20 23 1
53 23 1
22 23 1
30 23 1
3 24 1
36 24 1
7 24 1
45 24 1
15 24 1
16 24 1
17 24 1
48 24 1
21 24 1
22 24 1
31 25 1
33 25 1
40 25 1
18 25 1
50 25 1
20 25 1
56 25 1
26 25 1
27 25 1
29 25 1
30 25 1
34 26 1
41 26 1
25 26 1
27 26 1
29 26 1
33 27 1
34 27 1
35 27 1
37 27 1
20 27 1
21 27 1
25 27 1
26 27 1
28 27 1
29 27 1
31 28 1
35 28 1
42 28 1
20 28 1
53 28 1
22 28 1
58 28 1
27 28 1
29 28 1
30 28 1
31 29 1
37 29 1
40 29 1
41 29 1
42 29 1
43 29 1
25 29 1
26 29 1
27 29 1
28 29 1
31 30 1
50 30 1
20 30 1
53 30 1
52 30 1
23 30 1
25 30 1
28 30 1
43 31 1
52 31 1
56 31 1
25 31 1
58 31 1
28 31 1
29 31 1
30 31 1
33 32 1
34 32 1
36 32 1
45 32 1
17 32 1
21 32 1
32 33 1
34 33 1
18 33 1
21 33 1
25 33 1
27 33 1
32 34 1
33 34 1
36 34 1
37 34 1
41 34 1
47 34 1
26 34 1
27 34 1
36 35 1
37 35 1
42 35 1
48 35 1
21 35 1
22 35 1
27 35 1
28 35 1
32 36 1
34 36 1
35 36 1
37 36 1
44 36 1
45 36 1
47 36 1
48 36 1
21 36 1
24 36 1
34 37 1
35 37 1
36 37 1
41 37 1
42 37 1
44 37 1
27 37 1
29 37 1
39 38 1
40 38 1
41 38 1
42 38 1
43 38 1
54 38 1
59 38 1
1 39 1
38 39 1
6 39 1
41 39 1
42 39 1
60 39 1
38 40 1
41 40 1
43 40 1
56 40 1
25 40 1
29 40 1
2 41 1
34 41 1
37 41 1
38 41 1
6 41 1
39 41 1
40 41 1
44 41 1
47 41 1
26 41 1
29 41 1
35 42 1
4 42 1
37 42 1
38 42 1
6 42 1
39 42 1
43 42 1
44 42 1
48 42 1
60 42 1
58 42 1
59 42 1
28 42 1
29 42 1
31 43 1
38 43 1
40 43 1
42 43 1
54 43 1
56 43 1
58 43 1
29 43 1
3 44 1
36 44 1
37 44 1
6 44 1
41 44 1
42 44 1
47 44 1
48 44 1
0 45 1
32 45 1
3 45 1
36 45 1
8 45 1
46 45 1
47 45 1
16 45 1
17 45 1
24 45 1
47 46 1
1 46 1
3 46 1
45 46 1
2 47 1
34 47 1
3 47 1
36 47 1
41 47 1
44 47 1
45 47 1
46 47 1
3 48 1
36 48 1
4 48 1
35 48 1
42 48 1
44 48 1
22 48 1
24 48 1
50 49 1
51 49 1
52 49 1
54 49 1
49 50 1
18 50 1
51 50 1
52 50 1
23 50 1
56 50 1
25 50 1
30 50 1
11 51 1
12 51 1
49 51 1
50 51 1
19 51 1
52 51 1
23 51 1
57 51 1
31 52 1
12 52 1
14 52 1
49 52 1
50 52 1
51 52 1
53 52 1
54 52 1
56 52 1
57 52 1
58 52 1
30 52 1
12 53 1
13 53 1
52 53 1
22 53 1
23 53 1
58 53 1
28 53 1
30 53 1
38 54 1
9 54 1
43 54 1
14 54 1
49 54 1
52 54 1
55 54 1
56 54 1
57 54 1
58 54 1
59 54 1
10 55 1
14 55 1
54 55 1
58 55 1
60 55 1
31 56 1
40 56 1
43 56 1
50 56 1
52 56 1
54 56 1
25 56 1
11 57 1
14 57 1
51 57 1
52 57 1
54 57 1
31 58 1
42 58 1
43 58 1
13 58 1
14 58 1
60 58 1
52 58 1
53 58 1
54 58 1
55 58 1
59 58 1
28 58 1
38 59 1
42 59 1
54 59 1
58 59 1
60 59 1
1 60 1
4 60 1
39 60 1
10 60 1
42 60 1
13 60 1
55 60 1
58 60 1
59 60 1
