1 0 1
2 0 1
3 0 1
13 0 1
20 0 1
88 0 1
0 1 1
2 1 1
4 1 1
13 1 1
19 1 1
20 1 1
0 2 1
1 2 1
3 2 1
4 2 1
19 2 1
88 2 1
0 3 1
2 3 1
7 3 1
9 3 1
88 3 1
90 3 1
1 4 1
2 4 1
5 4 1
16 4 1
19 4 1
27 4 1
4 5 1
6 5 1
14 5 1
16 5 1
82 5 1
27 5 1
5 6 1
7 6 1
8 6 1
14 6 1
81 6 1
82 6 1
3 7 1
6 7 1
8 7 1
9 7 1
81 7 1
90 7 1
6 8 1
7 8 1
9 8 1
10 8 1
81 8 1
85 8 1
3 9 1
7 9 1
8 9 1
10 9 1
85 9 1
90 9 1
8 10 1
9 10 1
11 10 1
14 10 1
85 10 1
87 10 1
10 11 1
12 11 1
14 11 1
15 11 1
52 11 1
87 11 1
36 12 1
11 12 1
13 12 1
15 12 1
17 12 1
52 12 1
0 13 1
1 13 1
36 13 1
12 13 1
17 13 1
20 13 1
5 14 1
6 14 1
10 14 1
11 14 1
82 14 1
87 14 1
35 15 1
11 15 1
12 15 1
16 15 1
17 15 1
52 15 1
35 16 1
4 16 1
5 16 1
15 16 1
17 16 1
27 16 1
35 17 1
36 17 1
12 17 1
13 17 1
15 17 1
16 17 1
38 18 1
19 18 1
21 18 1
25 18 1
29 18 1
1 19 1
2 19 1
4 19 1
18 19 1
25 19 1
0 20 1
1 20 1
36 20 1
39 20 1
13 20 1
21 20 1
36 21 1
38 21 1
39 21 1
18 21 1
20 21 1
29 21 1
99 22 1
23 22 1
24 22 1
25 22 1
28 22 1
98 23 1
99 23 1
22 23 1
24 23 1
26 23 1
28 23 1
98 24 1
22 24 1
23 24 1
25 24 1
26 24 1
24 25 1
18 25 1
19 25 1
22 25 1
98 26 1
34 26 1
102 26 1
23 26 1
24 26 1
27 26 1
34 27 1
4 27 1
5 27 1
102 27 1
16 27 1
26 27 1
31 28 1
96 28 1
99 28 1
22 28 1
23 28 1
30 28 1
33 29 1
38 29 1
45 29 1
18 29 1
21 29 1
30 29 1
31 30 1
96 30 1
33 30 1
45 30 1
28 30 1
29 30 1
32 31 1
97 31 1
34 31 1
96 31 1
28 31 1
30 31 1
31 32 1
97 32 1
34 32 1
33 32 1
35 32 1
51 32 1
32 33 1
35 33 1
45 33 1
51 33 1
29 33 1
30 33 1
31 34 1
32 34 1
97 34 1
102 34 1
26 34 1
27 34 1
32 35 1
33 35 1
15 35 1
16 35 1
17 35 1
51 35 1
39 36 1
12 36 1
13 36 1
17 36 1
20 36 1
21 36 1
67 37 1
38 37 1
40 37 1
41 37 1
44 37 1
37 38 1
44 38 1
18 38 1
21 38 1
29 38 1
36 39 1
68 39 1
40 39 1
50 39 1
20 39 1
21 39 1
67 40 1
68 40 1
37 40 1
39 40 1
41 40 1
50 40 1
67 41 1
37 41 1
40 41 1
42 41 1
46 41 1
53 41 1
41 42 1
43 42 1
46 42 1
47 42 1
53 42 1
57 42 1
95 43 1
42 43 1
44 43 1
45 43 1
47 43 1
57 43 1
95 44 1
37 44 1
38 44 1
43 44 1
45 44 1
95 45 1
33 45 1
43 45 1
44 45 1
29 45 1
30 45 1
41 46 1
42 46 1
48 46 1
49 46 1
53 46 1
61 46 1
42 47 1
43 47 1
48 47 1
51 47 1
57 47 1
62 47 1
46 48 1
47 48 1
49 48 1
51 48 1
61 48 1
62 48 1
74 49 1
46 49 1
48 49 1
50 49 1
52 49 1
61 49 1
68 50 1
39 50 1
40 50 1
74 50 1
49 50 1
52 50 1
32 51 1
33 51 1
35 51 1
47 51 1
48 51 1
62 51 1
74 52 1
11 52 1
12 52 1
15 52 1
49 52 1
50 52 1
70 53 1
41 53 1
42 53 1
46 53 1
54 53 1
58 53 1
70 54 1
83 54 1
53 54 1
55 54 1
58 54 1
59 54 1
65 55 1
83 55 1
84 55 1
54 55 1
56 55 1
59 55 1
65 56 1
66 56 1
84 56 1
55 56 1
57 56 1
94 56 1
66 57 1
42 57 1
43 57 1
47 57 1
56 57 1
94 57 1
70 58 1
72 58 1
53 58 1
54 58 1
59 58 1
60 58 1
72 59 1
83 59 1
54 59 1
55 59 1
58 59 1
60 59 1
64 60 1
72 60 1
73 60 1
58 60 1
59 60 1
61 60 1
64 61 1
73 61 1
46 61 1
48 61 1
49 61 1
60 61 1
63 62 1
97 62 1
66 62 1
47 62 1
48 62 1
51 62 1
64 63 1
97 63 1
66 63 1
65 63 1
86 63 1
62 63 1
63 64 1
65 64 1
73 64 1
86 64 1
60 64 1
61 64 1
63 65 1
64 65 1
84 65 1
86 65 1
55 65 1
56 65 1
63 66 1
97 66 1
56 66 1
57 66 1
62 66 1
94 66 1
37 67 1
70 67 1
69 67 1
40 67 1
41 67 1
69 68 1
39 68 1
40 68 1
71 68 1
50 68 1
89 68 1
67 69 1
68 69 1
70 69 1
71 69 1
89 69 1
67 70 1
69 70 1
53 70 1
54 70 1
58 70 1
68 71 1
69 71 1
72 71 1
75 71 1
85 71 1
89 71 1
71 72 1
75 72 1
85 72 1
58 72 1
59 72 1
60 72 1
64 73 1
74 73 1
75 73 1
87 73 1
60 73 1
61 73 1
73 74 1
75 74 1
49 74 1
50 74 1
52 74 1
87 74 1
71 75 1
72 75 1
73 75 1
74 75 1
85 75 1
87 75 1
80 76 1
81 76 1
83 76 1
77 76 1
103 77 1
76 77 1
78 77 1
81 77 1
82 77 1
101 78 1
103 78 1
77 78 1
79 78 1
82 78 1
86 78 1
100 79 1
101 79 1
78 79 1
80 79 1
84 79 1
86 79 1
100 80 1
76 80 1
79 80 1
83 80 1
84 80 1
6 81 1
7 81 1
8 81 1
76 81 1
77 81 1
5 82 1
6 82 1
103 82 1
77 82 1
14 82 1
78 82 1
76 83 1
80 83 1
54 83 1
55 83 1
59 83 1
65 84 1
100 84 1
79 84 1
80 84 1
55 84 1
56 84 1
71 85 1
8 85 1
9 85 1
10 85 1
72 85 1
75 85 1
63 86 1
64 86 1
65 86 1
101 86 1
78 86 1
79 86 1
73 87 1
74 87 1
10 87 1
11 87 1
75 87 1
14 87 1
0 88 1
2 88 1
3 88 1
89 88 1
90 88 1
68 89 1
69 89 1
71 89 1
88 89 1
90 89 1
3 90 1
7 90 1
9 90 1
88 90 1
89 90 1
95 91 1
100 91 1
92 91 1
93 91 1
94 91 1
96 92 1
99 92 1
100 92 1
91 92 1
93 92 1
94 92 1
95 93 1
96 93 1
99 93 1
91 93 1
92 93 1
66 94 1
100 94 1
56 94 1
57 94 1
91 94 1
92 94 1
43 95 1
44 95 1
45 95 1
91 95 1
93 95 1
31 96 1
99 96 1
28 96 1
92 96 1
93 96 1
30 96 1
31 97 1
32 97 1
63 97 1
66 97 1
34 97 1
62 97 1
101 98 1
102 98 1
103 98 1
23 98 1
24 98 1
26 98 1
96 99 1
28 99 1
22 99 1
23 99 1
92 99 1
93 99 1
79 100 1
80 100 1
84 100 1
91 100 1
92 100 1
94 100 1
98 101 1
102 101 1
103 101 1
78 101 1
79 101 1
86 101 1
34 102 1
98 102 1
101 102 1
103 102 1
26 102 1
27 102 1
98 103 1
101 103 1
102 103 1
77 103 1
78 103 1
82 103 1
