0 0 4
1 0 -1
7 0 -1
56 0 -1
0 1 -1
1 1 4
2 1 -1
8 1 -1
57 1 -1
1 2 -1
2 2 4
3 2 -1
9 2 -1
58 2 -1
2 3 -1
3 3 4
4 3 -1
10 3 -1
59 3 -1
3 4 -1
4 4 4
5 4 -1
11 4 -1
60 4 -1
4 5 -1
5 5 4
6 5 -1
12 5 -1
61 5 -1
5 6 -1
6 6 4
13 6 -1
62 6 -1
0 7 -1
7 7 5
8 7 -1
14 7 -1
63 7 -1
1 8 -1
7 8 -1
8 8 5
9 8 -1
15 8 -1
64 8 -1
2 9 -1
8 9 -1
9 9 5
10 9 -1
16 9 -1
65 9 -1
3 10 -1
9 10 -1
10 10 5
11 10 -1
17 10 -1
66 10 -1
4 11 -1
10 11 -1
11 11 5
12 11 -1
18 11 -1
67 11 -1
5 12 -1
11 12 -1
12 12 5
13 12 -1
19 12 -1
68 12 -1
6 13 -1
12 13 -1
13 13 5
20 13 -1
69 13 -1
7 14 -1
14 14 5
15 14 -1
21 14 -1
70 14 -1
8 15 -1
14 15 -1
15 15 5
16 15 -1
22 15 -1
71 15 -1
9 16 -1
15 16 -1
16 16 5
17 16 -1
23 16 -1
72 16 -1
10 17 -1
16 17 -1
17 17 5
18 17 -1
24 17 -1
73 17 -1
11 18 -1
17 18 -1
18 18 5
19 18 -1
25 18 -1
74 18 -1
12 19 -1
18 19 -1
19 19 5
20 19 -1
26 19 -1
75 19 -1
13 20 -1
19 20 -1
20 20 5
27 20 -1
76 20 -1
14 21 -1
21 21 5
22 21 -1
28 21 -1
77 21 -1
15 22 -1
21 22 -1
22 22 5
23 22 -1
29 22 -1
78 22 -1
16 23 -1
22 23 -1
23 23 5
24 23 -1
30 23 -1
79 23 -1
17 24 -1
23 24 -1
24 24 5
25 24 -1
31 24 -1
80 24 -1
18 25 -1
24 25 -1
25 25 5
26 25 -1
32 25 -1
81 25 -1
19 26 -1
25 26 -1
26 26 5
27 26 -1
33 26 -1
82 26 -1
20 27 -1
26 27 -1
27 27 5
34 27 -1
83 27 -1
21 28 -1
28 28 5
29 28 -1
35 28 -1
84 28 -1
22 29 -1
28 29 -1
29 29 5
30 29 -1
36 29 -1
85 29 -1
23 30 -1
29 30 -1
30 30 5
31 30 -1
37 30 -1
86 30 -1
24 31 -1
30 31 -1
31 31 5
32 31 -1
38 31 -1
87 31 -1
25 32 -1
31 32 -1
32 32 5
33 32 -1
39 32 -1
88 32 -1
26 33 -1
32 33 -1
33 33 5
34 33 -1
40 33 -1
89 33 -1
27 34 -1
33 34 -1
34 34 5
41 34 -1
90 34 -1
28 35 -1
35 35 5
36 35 -1
42 35 -1
91 35 -1
29 36 -1
35 36 -1
36 36 5
37 36 -1
43 36 -1
92 36 -1
30 37 -1
36 37 -1
37 37 5
38 37 -1
44 37 -1
93 37 -1
31 38 -1
37 38 -1
38 38 5
39 38 -1
45 38 -1
94 38 -1
32 39 -1
38 39 -1
39 39 5
40 39 -1
46 39 -1
95 39 -1
33 40 -1
39 40 -1
40 40 5
41 40 -1
47 40 -1
96 40 -1
34 41 -1
40 41 -1
41 41 5
48 41 -1
97 41 -1
35 42 -1
42 42 5
43 42 -1
49 42 -1
98 42 -1
36 43 -1
42 43 -1
43 43 5
44 43 -1
50 43 -1
99 43 -1
37 44 -1
43 44 -1
44 44 5
45 44 -1
51 44 -1
100 44 -1
38 45 -1
44 45 -1
45 45 5
46 45 -1
52 45 -1
101 45 -1
39 46 -1
45 46 -1
46 46 5
47 46 -1
53 46 -1
102 46 -1
40 47 -1
46 47 -1
47 47 5
48 47 -1
54 47 -1
103 47 -1
41 48 -1
47 48 -1
48 48 5
55 48 -1
104 48 -1
42 49 -1
49 49 4
50 49 -1
105 49 -1
43 50 -1
49 50 -1
50 50 4
51 50 -1
106 50 -1
44 51 -1
50 51 -1
51 51 4
52 51 -1
107 51 -1
45 52 -1
51 52 -1
52 52 4
53 52 -1
108 52 -1
46 53 -1
52 53 -1
53 53 4
54 53 -1
109 53 -1
47 54 -1
53 54 -1
54 54 4
55 54 -1
110 54 -1
48 55 -1
54 55 -1
55 55 4
111 55 -1
0 56 -1
56 56 5
57 56 -1
63 56 -1
112 56 -1
1 57 -1
56 57 -1
57 57 5
58 57 -1
64 57 -1
113 57 -1
2 58 -1
57 58 -1
58 58 5
59 58 -1
65 58 -1
114 58 -1
3 59 -1
58 59 -1
59 59 5
60 59 -1
66 59 -1
115 59 -1
4 60 -1
59 60 -1
60 60 5
61 60 -1
67 60 -1
116 60 -1
5 61 -1
60 61 -1
61 61 5
62 61 -1
68 61 -1
117 61 -1
6 62 -1
61 62 -1
62 62 5
69 62 -1
118 62 -1
7 63 -1
56 63 -1
63 63 6
64 63 -1
70 63 -1
119 63 -1
8 64 -1
57 64 -1
63 64 -1
64 64 6
65 64 -1
71 64 -1
120 64 -1
9 65 -1
58 65 -1
64 65 -1
65 65 6
66 65 -1
72 65 -1
121 65 -1
10 66 -1
59 66 -1
65 66 -1
66 66 6
67 66 -1
73 66 -1
122 66 -1
11 67 -1
60 67 -1
66 67 -1
67 67 6
68 67 -1
74 67 -1
123 67 -1
12 68 -1
61 68 -1
67 68 -1
68 68 6
69 68 -1
75 68 -1
124 68 -1
13 69 -1
62 69 -1
68 69 -1
69 69 6
76 69 -1
125 69 -1
14 70 -1
63 70 -1
70 70 6
71 70 -1
77 70 -1
126 70 -1
15 71 -1
64 71 -1
70 71 -1
71 71 6
72 71 -1
78 71 -1
127 71 -1
16 72 -1
65 72 -1
71 72 -1
72 72 6
73 72 -1
79 72 -1
128 72 -1
17 73 -1
66 73 -1
72 73 -1
73 73 6
74 73 -1
80 73 -1
129 73 -1
18 74 -1
67 74 -1
73 74 -1
74 74 6
75 74 -1
81 74 -1
130 74 -1
19 75 -1
68 75 -1
74 75 -1
75 75 6
76 75 -1
82 75 -1
131 75 -1
20 76 -1
69 76 -1
75 76 -1
76 76 6
83 76 -1
132 76 -1
21 77 -1
70 77 -1
77 77 6
78 77 -1
84 77 -1
133 77 -1
22 78 -1
71 78 -1
77 78 -1
78 78 6
79 78 -1
85 78 -1
134 78 -1
23 79 -1
72 79 -1
78 79 -1
79 79 6
80 79 -1
86 79 -1
135 79 -1
24 80 -1
73 80 -1
79 80 -1
80 80 6
81 80 -1
87 80 -1
136 80 -1
25 81 -1
74 81 -1
80 81 -1
81 81 6
82 81 -1
88 81 -1
137 81 -1
26 82 -1
75 82 -1
81 82 -1
82 82 6
83 82 -1
89 82 -1
138 82 -1
27 83 -1
76 83 -1
82 83 -1
83 83 6
90 83 -1
139 83 -1
28 84 -1
77 84 -1
84 84 6
85 84 -1
91 84 -1
140 84 -1
29 85 -1
78 85 -1
84 85 -1
85 85 6
86 85 -1
92 85 -1
141 85 -1
30 86 -1
79 86 -1
85 86 -1
86 86 6
87 86 -1
93 86 -1
142 86 -1
31 87 -1
80 87 -1
86 87 -1
87 87 6
88 87 -1
94 87 -1
143 87 -1
32 88 -1
81 88 -1
87 88 -1
88 88 6
89 88 -1
95 88 -1
144 88 -1
33 89 -1
82 89 -1
88 89 -1
89 89 6
90 89 -1
96 89 -1
145 89 -1
34 90 -1
83 90 -1
89 90 -1
90 90 6
97 90 -1
146 90 -1
35 91 -1
84 91 -1
91 91 6
92 91 -1
98 91 -1
147 91 -1
36 92 -1
85 92 -1
91 92 -1
92 92 6
93 92 -1
99 92 -1
148 92 -1
37 93 -1
86 93 -1
92 93 -1
93 93 6
94 93 -1
100 93 -1
149 93 -1
38 94 -1
87 94 -1
93 94 -1
94 94 6
95 94 -1
101 94 -1
150 94 -1
39 95 -1
88 95 -1
94 95 -1
95 95 6
96 95 -1
102 95 -1
151 95 -1
40 96 -1
89 96 -1
95 96 -1
96 96 6
97 96 -1
103 96 -1
152 96 -1
41 97 -1
90 97 -1
96 97 -1
97 97 6
104 97 -1
153 97 -1
42 98 -1
91 98 -1
98 98 6
99 98 -1
105 98 -1
154 98 -1
43 99 -1
92 99 -1
98 99 -1
99 99 6
100 99 -1
106 99 -1
155 99 -1
44 100 -1
93 100 -1
99 100 -1
100 100 6
101 100 -1
107 100 -1
156 100 -1
45 101 -1
94 101 -1
100 101 -1
101 101 6
102 101 -1
108 101 -1
157 101 -1
46 102 -1
95 102 -1
101 102 -1
102 102 6
103 102 -1
109 102 -1
158 102 -1
47 103 -1
96 103 -1
102 103 -1
103 103 6
104 103 -1
110 103 -1
159 103 -1
48 104 -1
97 104 -1
103 104 -1
104 104 6
111 104 -1
160 104 -1
49 105 -1
98 105 -1
105 105 5
106 105 -1
161 105 -1
50 106 -1
99 106 -1
105 106 -1
106 106 5
107 106 -1
162 106 -1
51 107 -1
100 107 -1
106 107 -1
107 107 5
108 107 -1
163 107 -1
52 108 -1
101 108 -1
107 108 -1
108 108 5
109 108 -1
164 108 -1
53 109 -1
102 109 -1
108 109 -1
109 109 5
110 109 -1
165 109 -1
54 110 -1
103 110 -1
109 110 -1
110 110 5
111 110 -1
166 110 -1
55 111 -1
104 111 -1
110 111 -1
111 111 5
167 111 -1
56 112 -1
112 112 5
113 112 -1
119 112 -1
168 112 -1
57 113 -1
112 113 -1
113 113 5
114 113 -1
120 113 -1
169 113 -1
58 114 -1
113 114 -1
114 114 5
115 114 -1
121 114 -1
170 114 -1
59 115 -1
114 115 -1
115 115 5
116 115 -1
122 115 -1
171 115 -1
60 116 -1
115 116 -1
116 116 5
117 116 -1
123 116 -1
172 116 -1
61 117 -1
116 117 -1
117 117 5
118 117 -1
124 117 -1
173 117 -1
62 118 -1
117 118 -1
118 118 5
125 118 -1
174 118 -1
63 119 -1
112 119 -1
119 119 6
120 119 -1
126 119 -1
175 119 -1
64 120 -1
113 120 -1
119 120 -1
120 120 6
121 120 -1
127 120 -1
176 120 -1
65 121 -1
114 121 -1
120 121 -1
121 121 6
122 121 -1
128 121 -1
177 121 -1
66 122 -1
115 122 -1
121 122 -1
122 122 6
123 122 -1
129 122 -1
178 122 -1
67 123 -1
116 123 -1
122 123 -1
123 123 6
124 123 -1
130 123 -1
179 123 -1
68 124 -1
117 124 -1
123 124 -1
124 124 6
125 124 -1
131 124 -1
180 124 -1
69 125 -1
118 125 -1
124 125 -1
125 125 6
132 125 -1
181 125 -1
70 126 -1
119 126 -1
126 126 6
127 126 -1
133 126 -1
182 126 -1
71 127 -1
120 127 -1
126 127 -1
127 127 6
128 127 -1
134 127 -1
183 127 -1
72 128 -1
121 128 -1
127 128 -1
128 128 6
129 128 -1
135 128 -1
184 128 -1
73 129 -1
122 129 -1
128 129 -1
129 129 6
130 129 -1
136 129 -1
185 129 -1
74 130 -1
123 130 -1
129 130 -1
130 130 6
131 130 -1
137 130 -1
186 130 -1
75 131 -1
124 131 -1
130 131 -1
131 131 6
132 131 -1
138 131 -1
187 131 -1
76 132 -1
125 132 -1
131 132 -1
132 132 6
139 132 -1
188 132 -1
77 133 -1
126 133 -1
133 133 6
134 133 -1
140 133 -1
189 133 -1
78 134 -1
127 134 -1
133 134 -1
134 134 6
135 134 -1
141 134 -1
190 134 -1
79 135 -1
128 135 -1
134 135 -1
135 135 6
136 135 -1
142 135 -1
191 135 -1
80 136 -1
129 136 -1
135 136 -1
136 136 6
137 136 -1
143 136 -1
192 136 -1
81 137 -1
130 137 -1
136 137 -1
137 137 6
138 137 -1
144 137 -1
193 137 -1
82 138 -1
131 138 -1
137 138 -1
138 138 6
139 138 -1
145 138 -1
194 138 -1
83 139 -1
132 139 -1
138 139 -1
139 139 6
146 139 -1
195 139 -1
84 140 -1
133 140 -1
140 140 6
141 140 -1
147 140 -1
196 140 -1
85 141 -1
134 141 -1
140 141 -1
141 141 6
142 141 -1
148 141 -1
197 141 -1
86 142 -1
135 142 -1
141 142 -1
142 142 6
143 142 -1
149 142 -1
198 142 -1
87 143 -1
136 143 -1
142 143 -1
143 143 6
144 143 -1
150 143 -1
199 143 -1
88 144 -1
137 144 -1
143 144 -1
144 144 6
145 144 -1
151 144 -1
200 144 -1
89 145 -1
138 145 -1
144 145 -1
145 145 6
146 145 -1
152 145 -1
201 145 -1
90 146 -1
139 146 -1
145 146 -1
146 146 6
153 146 -1
202 146 -1
91 147 -1
140 147 -1
147 147 6
148 147 -1
154 147 -1
203 147 -1
92 148 -1
141 148 -1
147 148 -1
148 148 6
149 148 -1
155 148 -1
204 148 -1
93 149 -1
142 149 -1
148 149 -1
149 149 6
150 149 -1
156 149 -1
205 149 -1
94 150 -1
143 150 -1
149 150 -1
150 150 6
151 150 -1
157 150 -1
206 150 -1
95 151 -1
144 151 -1
150 151 -1
151 151 6
152 151 -1
158 151 -1
207 151 -1
96 152 -1
145 152 -1
151 152 -1
152 152 6
153 152 -1
159 152 -1
208 152 -1
97 153 -1
146 153 -1
152 153 -1
153 153 6
160 153 -1
209 153 -1
98 154 -1
147 154 -1
154 154 6
155 154 -1
161 154 -1
210 154 -1
99 155 -1
148 155 -1
154 155 -1
155 155 6
156 155 -1
162 155 -1
211 155 -1
100 156 -1
149 156 -1
155 156 -1
156 156 6
157 156 -1
163 156 -1
212 156 -1
101 157 -1
150 157 -1
156 157 -1
157 157 6
158 157 -1
164 157 -1
213 157 -1
102 158 -1
151 158 -1
157 158 -1
158 158 6
159 158 -1
165 158 -1
214 158 -1
103 159 -1
152 159 -1
158 159 -1
159 159 6
160 159 -1
166 159 -1
215 159 -1
104 160 -1
153 160 -1
159 160 -1
160 160 6
167 160 -1
216 160 -1
105 161 -1
154 161 -1
161 161 5
162 161 -1
217 161 -1
106 162 -1
155 162 -1
161 162 -1
162 162 5
163 162 -1
218 162 -1
107 163 -1
156 163 -1
162 163 -1
163 163 5
164 163 -1
219 163 -1
108 164 -1
157 164 -1
163 164 -1
164 164 5
165 164 -1
220 164 -1
109 165 -1
158 165 -1
164 165 -1
165 165 5
166 165 -1
221 165 -1
110 166 -1
159 166 -1
165 166 -1
166 166 5
167 166 -1
222 166 -1
111 167 -1
160 167 -1
166 167 -1
167 167 5
223 167 -1
112 168 -1
168 168 5
169 168 -1
175 168 -1
224 168 -1
113 169 -1
168 169 -1
169 169 5
170 169 -1
176 169 -1
225 169 -1
114 170 -1
169 170 -1
170 170 5
171 170 -1
177 170 -1
226 170 -1
115 171 -1
170 171 -1
171 171 5
172 171 -1
178 171 -1
227 171 -1
116 172 -1
171 172 -1
172 172 5
173 172 -1
179 172 -1
228 172 -1
117 173 -1
172 173 -1
173 173 5
174 173 -1
180 173 -1
229 173 -1
118 174 -1
173 174 -1
174 174 5
181 174 -1
230 174 -1
119 175 -1
168 175 -1
175 175 6
176 175 -1
182 175 -1
231 175 -1
120 176 -1
169 176 -1
175 176 -1
176 176 6
177 176 -1
183 176 -1
232 176 -1
121 177 -1
170 177 -1
176 177 -1
177 177 6
178 177 -1
184 177 -1
233 177 -1
122 178 -1
171 178 -1
177 178 -1
178 178 6
179 178 -1
185 178 -1
234 178 -1
123 179 -1
172 179 -1
178 179 -1
179 179 6
180 179 -1
186 179 -1
235 179 -1
124 180 -1
173 180 -1
179 180 -1
180 180 6
181 180 -1
187 180 -1
236 180 -1
125 181 -1
174 181 -1
180 181 -1
181 181 6
188 181 -1
237 181 -1
126 182 -1
175 182 -1
182 182 6
183 182 -1
189 182 -1
238 182 -1
127 183 -1
176 183 -1
182 183 -1
183 183 6
184 183 -1
190 183 -1
239 183 -1
128 184 -1
177 184 -1
183 184 -1
184 184 6
185 184 -1
191 184 -1
240 184 -1
129 185 -1
178 185 -1
184 185 -1
185 185 6
186 185 -1
192 185 -1
241 185 -1
130 186 -1
179 186 -1
185 186 -1
186 186 6
187 186 -1
193 186 -1
242 186 -1
131 187 -1
180 187 -1
186 187 -1
187 187 6
188 187 -1
194 187 -1
243 187 -1
132 188 -1
181 188 -1
187 188 -1
188 188 6
195 188 -1
244 188 -1
133 189 -1
182 189 -1
189 189 6
190 189 -1
196 189 -1
245 189 -1
134 190 -1
183 190 -1
189 190 -1
190 190 6
191 190 -1
197 190 -1
246 190 -1
135 191 -1
184 191 -1
190 191 -1
191 191 6
192 191 -1
198 191 -1
247 191 -1
136 192 -1
185 192 -1
191 192 -1
192 192 6
193 192 -1
199 192 -1
248 192 -1
137 193 -1
186 193 -1
192 193 -1
193 193 6
194 193 -1
200 193 -1
249 193 -1
138 194 -1
187 194 -1
193 194 -1
194 194 6
195 194 -1
201 194 -1
250 194 -1
139 195 -1
188 195 -1
194 195 -1
195 195 6
202 195 -1
251 195 -1
140 196 -1
189 196 -1
196 196 6
197 196 -1
203 196 -1
252 196 -1
141 197 -1
190 197 -1
196 197 -1
197 197 6
198 197 -1
204 197 -1
253 197 -1
142 198 -1
191 198 -1
197 198 -1
198 198 6
199 198 -1
205 198 -1
254 198 -1
143 199 -1
192 199 -1
198 199 -1
199 199 6
200 199 -1
206 199 -1
255 199 -1
144 200 -1
193 200 -1
199 200 -1
200 200 6
201 200 -1
207 200 -1
256 200 -1
145 201 -1
194 201 -1
200 201 -1
201 201 6
202 201 -1
208 201 -1
257 201 -1
146 202 -1
195 202 -1
201 202 -1
202 202 6
209 202 -1
258 202 -1
147 203 -1
196 203 -1
203 203 6
204 203 -1
210 203 -1
259 203 -1
148 204 -1
197 204 -1
203 204 -1
204 204 6
205 204 -1
211 204 -1
260 204 -1
149 205 -1
198 205 -1
204 205 -1
205 205 6
206 205 -1
212 205 -1
261 205 -1
150 206 -1
199 206 -1
205 206 -1
206 206 6
207 206 -1
213 206 -1
262 206 -1
151 207 -1
200 207 -1
206 207 -1
207 207 6
208 207 -1
214 207 -1
263 207 -1
152 208 -1
201 208 -1
207 208 -1
208 208 6
209 208 -1
215 208 -1
264 208 -1
153 209 -1
202 209 -1
208 209 -1
209 209 6
216 209 -1
265 209 -1
154 210 -1
203 210 -1
210 210 6
211 210 -1
217 210 -1
266 210 -1
155 211 -1
204 211 -1
210 211 -1
211 211 6
212 211 -1
218 211 -1
267 211 -1
156 212 -1
205 212 -1
211 212 -1
212 212 6
213 212 -1
219 212 -1
268 212 -1
157 213 -1
206 213 -1
212 213 -1
213 213 6
214 213 -1
220 213 -1
269 213 -1
158 214 -1
207 214 -1
213 214 -1
214 214 6
215 214 -1
221 214 -1
270 214 -1
159 215 -1
208 215 -1
214 215 -1
215 215 6
216 215 -1
222 215 -1
271 215 -1
160 216 -1
209 216 -1
215 216 -1
216 216 6
223 216 -1
272 216 -1
161 217 -1
210 217 -1
217 217 5
218 217 -1
273 217 -1
162 218 -1
211 218 -1
217 218 -1
218 218 5
219 218 -1
274 218 -1
163 219 -1
212 219 -1
218 219 -1
219 219 5
220 219 -1
275 219 -1
164 220 -1
213 220 -1
219 220 -1
220 220 5
221 220 -1
276 220 -1
165 221 -1
214 221 -1
220 221 -1
221 221 5
222 221 -1
277 221 -1
166 222 -1
215 222 -1
221 222 -1
222 222 5
223 222 -1
278 222 -1
167 223 -1
216 223 -1
222 223 -1
223 223 5
279 223 -1
168 224 -1
224 224 5
225 224 -1
231 224 -1
280 224 -1
169 225 -1
224 225 -1
225 225 5
226 225 -1
232 225 -1
281 225 -1
170 226 -1
225 226 -1
226 226 5
227 226 -1
233 226 -1
282 226 -1
171 227 -1
226 227 -1
227 227 5
228 227 -1
234 227 -1
283 227 -1
172 228 -1
227 228 -1
228 228 5
229 228 -1
235 228 -1
284 228 -1
173 229 -1
228 229 -1
229 229 5
230 229 -1
236 229 -1
285 229 -1
174 230 -1
229 230 -1
230 230 5
237 230 -1
286 230 -1
175 231 -1
224 231 -1
231 231 6
232 231 -1
238 231 -1
287 231 -1
176 232 -1
225 232 -1
231 232 -1
232 232 6
233 232 -1
239 232 -1
288 232 -1
177 233 -1
226 233 -1
232 233 -1
233 233 6
234 233 -1
240 233 -1
289 233 -1
178 234 -1
227 234 -1
233 234 -1
234 234 6
235 234 -1
241 234 -1
290 234 -1
179 235 -1
228 235 -1
234 235 -1
235 235 6
236 235 -1
242 235 -1
291 235 -1
180 236 -1
229 236 -1
235 236 -1
236 236 6
237 236 -1
243 236 -1
292 236 -1
181 237 -1
230 237 -1
236 237 -1
237 237 6
244 237 -1
293 237 -1
182 238 -1
231 238 -1
238 238 6
239 238 -1
245 238 -1
294 238 -1
183 239 -1
232 239 -1
238 239 -1
239 239 6
240 239 -1
246 239 -1
295 239 -1
184 240 -1
233 240 -1
239 240 -1
240 240 6
241 240 -1
247 240 -1
296 240 -1
185 241 -1
234 241 -1
240 241 -1
241 241 6
242 241 -1
248 241 -1
297 241 -1
186 242 -1
235 242 -1
241 242 -1
242 242 6
243 242 -1
249 242 -1
298 242 -1
187 243 -1
236 243 -1
242 243 -1
243 243 6
244 243 -1
250 243 -1
299 243 -1
188 244 -1
237 244 -1
243 244 -1
244 244 6
251 244 -1
300 244 -1
189 245 -1
238 245 -1
245 245 6
246 245 -1
252 245 -1
301 245 -1
190 246 -1
239 246 -1
245 246 -1
246 246 6
247 246 -1
253 246 -1
302 246 -1
191 247 -1
240 247 -1
246 247 -1
247 247 6
248 247 -1
254 247 -1
303 247 -1
192 248 -1
241 248 -1
247 248 -1
248 248 6
249 248 -1
255 248 -1
304 248 -1
193 249 -1
242 249 -1
248 249 -1
249 249 6
250 249 -1
256 249 -1
305 249 -1
194 250 -1
243 250 -1
249 250 -1
250 250 6
251 250 -1
257 250 -1
306 250 -1
195 251 -1
244 251 -1
250 251 -1
251 251 6
258 251 -1
307 251 -1
196 252 -1
245 252 -1
252 252 6
253 252 -1
259 252 -1
308 252 -1
197 253 -1
246 253 -1
252 253 -1
253 253 6
254 253 -1
260 253 -1
309 253 -1
198 254 -1
247 254 -1
253 254 -1
254 254 6
255 254 -1
261 254 -1
310 254 -1
199 255 -1
248 255 -1
254 255 -1
255 255 6
256 255 -1
262 255 -1
311 255 -1
200 256 -1
249 256 -1
255 256 -1
256 256 6
257 256 -1
263 256 -1
312 256 -1
201 257 -1
250 257 -1
256 257 -1
257 257 6
258 257 -1
264 257 -1
313 257 -1
202 258 -1
251 258 -1
257 258 -1
258 258 6
265 258 -1
314 258 -1
203 259 -1
252 259 -1
259 259 6
260 259 -1
266 259 -1
315 259 -1
204 260 -1
253 260 -1
259 260 -1
260 260 6
261 260 -1
267 260 -1
316 260 -1
205 261 -1
254 261 -1
260 261 -1
261 261 6
262 261 -1
268 261 -1
317 261 -1
206 262 -1
255 262 -1
261 262 -1
262 262 6
263 262 -1
269 262 -1
318 262 -1
207 263 -1
256 263 -1
262 263 -1
263 263 6
264 263 -1
270 263 -1
319 263 -1
208 264 -1
257 264 -1
263 264 -1
264 264 6
265 264 -1
271 264 -1
320 264 -1
209 265 -1
258 265 -1
264 265 -1
265 265 6
272 265 -1
321 265 -1
210 266 -1
259 266 -1
266 266 6
267 266 -1
273 266 -1
322 266 -1
211 267 -1
260 267 -1
266 267 -1
267 267 6
268 267 -1
274 267 -1
323 267 -1
212 268 -1
261 268 -1
267 268 -1
268 268 6
269 268 -1
275 268 -1
324 268 -1
213 269 -1
262 269 -1
268 269 -1
269 269 6
270 269 -1
276 269 -1
325 269 -1
214 270 -1
263 270 -1
269 270 -1
270 270 6
271 270 -1
277 270 -1
326 270 -1
215 271 -1
264 271 -1
270 271 -1
271 271 6
272 271 -1
278 271 -1
327 271 -1
216 272 -1
265 272 -1
271 272 -1
272 272 6
279 272 -1
328 272 -1
217 273 -1
266 273 -1
273 273 5
274 273 -1
329 273 -1
218 274 -1
267 274 -1
273 274 -1
274 274 5
275 274 -1
330 274 -1
219 275 -1
268 275 -1
274 275 -1
275 275 5
276 275 -1
331 275 -1
220 276 -1
269 276 -1
275 276 -1
276 276 5
277 276 -1
332 276 -1
221 277 -1
270 277 -1
276 277 -1
277 277 5
278 277 -1
333 277 -1
222 278 -1
271 278 -1
277 278 -1
278 278 5
279 278 -1
334 278 -1
223 279 -1
272 279 -1
278 279 -1
279 279 5
335 279 -1
224 280 -1
280 280 5
281 280 -1
287 280 -1
336 280 -1
225 281 -1
280 281 -1
281 281 5
282 281 -1
288 281 -1
337 281 -1
226 282 -1
281 282 -1
282 282 5
283 282 -1
289 282 -1
338 282 -1
227 283 -1
282 283 -1
283 283 5
284 283 -1
290 283 -1
339 283 -1
228 284 -1
283 284 -1
284 284 5
285 284 -1
291 284 -1
340 284 -1
229 285 -1
284 285 -1
285 285 5
286 285 -1
292 285 -1
341 285 -1
230 286 -1
285 286 -1
286 286 5
293 286 -1
342 286 -1
231 287 -1
280 287 -1
287 287 6
288 287 -1
294 287 -1
343 287 -1
232 288 -1
281 288 -1
287 288 -1
288 288 6
289 288 -1
295 288 -1
344 288 -1
233 289 -1
282 289 -1
288 289 -1
289 289 6
290 289 -1
296 289 -1
345 289 -1
234 290 -1
283 290 -1
289 290 -1
290 290 6
291 290 -1
297 290 -1
346 290 -1
235 291 -1
284 291 -1
290 291 -1
291 291 6
292 291 -1
298 291 -1
347 291 -1
236 292 -1
285 292 -1
291 292 -1
292 292 6
293 292 -1
299 292 -1
348 292 -1
237 293 -1
286 293 -1
292 293 -1
293 293 6
300 293 -1
349 293 -1
238 294 -1
287 294 -1
294 294 6
295 294 -1
301 294 -1
350 294 -1
239 295 -1
288 295 -1
294 295 -1
295 295 6
296 295 -1
302 295 -1
351 295 -1
240 296 -1
289 296 -1
295 296 -1
296 296 6
297 296 -1
303 296 -1
352 296 -1
241 297 -1
290 297 -1
296 297 -1
297 297 6
298 297 -1
304 297 -1
353 297 -1
242 298 -1
291 298 -1
297 298 -1
298 298 6
299 298 -1
305 298 -1
354 298 -1
243 299 -1
292 299 -1
298 299 -1
299 299 6
300 299 -1
306 299 -1
355 299 -1
244 300 -1
293 300 -1
299 300 -1
300 300 6
307 300 -1
356 300 -1
245 301 -1
294 301 -1
301 301 6
302 301 -1
308 301 -1
357 301 -1
246 302 -1
295 302 -1
301 302 -1
302 302 6
303 302 -1
309 302 -1
358 302 -1
247 303 -1
296 303 -1
302 303 -1
303 303 6
304 303 -1
310 303 -1
359 303 -1
248 304 -1
297 304 -1
303 304 -1
304 304 6
305 304 -1
311 304 -1
360 304 -1
249 305 -1
298 305 -1
304 305 -1
305 305 6
306 305 -1
312 305 -1
361 305 -1
250 306 -1
299 306 -1
305 306 -1
306 306 6
307 306 -1
313 306 -1
362 306 -1
251 307 -1
300 307 -1
306 307 -1
307 307 6
314 307 -1
363 307 -1
252 308 -1
301 308 -1
308 308 6
309 308 -1
315 308 -1
364 308 -1
253 309 -1
302 309 -1
308 309 -1
309 309 6
310 309 -1
316 309 -1
365 309 -1
254 310 -1
303 310 -1
309 310 -1
310 310 6
311 310 -1
317 310 -1
366 310 -1
255 311 -1
304 311 -1
310 311 -1
311 311 6
312 311 -1
318 311 -1
367 311 -1
256 312 -1
305 312 -1
311 312 -1
312 312 6
313 312 -1
319 312 -1
368 312 -1
257 313 -1
306 313 -1
312 313 -1
313 313 6
314 313 -1
320 313 -1
369 313 -1
258 314 -1
307 314 -1
313 314 -1
314 314 6
321 314 -1
370 314 -1
259 315 -1
308 315 -1
315 315 6
316 315 -1
322 315 -1
371 315 -1
260 316 -1
309 316 -1
315 316 -1
316 316 6
317 316 -1
323 316 -1
372 316 -1
261 317 -1
310 317 -1
316 317 -1
317 317 6
318 317 -1
324 317 -1
373 317 -1
262 318 -1
311 318 -1
317 318 -1
318 318 6
319 318 -1
325 318 -1
374 318 -1
263 319 -1
312 319 -1
318 319 -1
319 319 6
320 319 -1
326 319 -1
375 319 -1
264 320 -1
313 320 -1
319 320 -1
320 320 6
321 320 -1
327 320 -1
376 320 -1
265 321 -1
314 321 -1
320 321 -1
321 321 6
328 321 -1
377 321 -1
266 322 -1
315 322 -1
322 322 6
323 322 -1
329 322 -1
378 322 -1
267 323 -1
316 323 -1
322 323 -1
323 323 6
324 323 -1
330 323 -1
379 323 -1
268 324 -1
317 324 -1
323 324 -1
324 324 6
325 324 -1
331 324 -1
380 324 -1
269 325 -1
318 325 -1
324 325 -1
325 325 6
326 325 -1
332 325 -1
381 325 -1
270 326 -1
319 326 -1
325 326 -1
326 326 6
327 326 -1
333 326 -1
382 326 -1
271 327 -1
320 327 -1
326 327 -1
327 327 6
328 327 -1
334 327 -1
383 327 -1
272 328 -1
321 328 -1
327 328 -1
328 328 6
335 328 -1
384 328 -1
273 329 -1
322 329 -1
329 329 5
330 329 -1
385 329 -1
274 330 -1
323 330 -1
329 330 -1
330 330 5
331 330 -1
386 330 -1
275 331 -1
324 331 -1
330 331 -1
331 331 5
332 331 -1
387 331 -1
276 332 -1
325 332 -1
331 332 -1
332 332 5
333 332 -1
388 332 -1
277 333 -1
326 333 -1
332 333 -1
333 333 5
334 333 -1
389 333 -1
278 334 -1
327 334 -1
333 334 -1
334 334 5
335 334 -1
390 334 -1
279 335 -1
328 335 -1
334 335 -1
335 335 5
391 335 -1
280 336 -1
336 336 5
337 336 -1
343 336 -1
392 336 -1
281 337 -1
336 337 -1
337 337 5
338 337 -1
344 337 -1
393 337 -1
282 338 -1
337 338 -1
338 338 5
339 338 -1
345 338 -1
394 338 -1
283 339 -1
338 339 -1
339 339 5
340 339 -1
346 339 -1
395 339 -1
284 340 -1
339 340 -1
340 340 5
341 340 -1
347 340 -1
396 340 -1
285 341 -1
340 341 -1
341 341 5
342 341 -1
348 341 -1
397 341 -1
286 342 -1
341 342 -1
342 342 5
349 342 -1
398 342 -1
287 343 -1
336 343 -1
343 343 6
344 343 -1
350 343 -1
399 343 -1
288 344 -1
337 344 -1
343 344 -1
344 344 6
345 344 -1
351 344 -1
400 344 -1
289 345 -1
338 345 -1
344 345 -1
345 345 6
346 345 -1
352 345 -1
401 345 -1
290 346 -1
339 346 -1
345 346 -1
346 346 6
347 346 -1
353 346 -1
402 346 -1
291 347 -1
340 347 -1
346 347 -1
347 347 6
348 347 -1
354 347 -1
403 347 -1
292 348 -1
341 348 -1
347 348 -1
348 348 6
349 348 -1
355 348 -1
404 348 -1
293 349 -1
342 349 -1
348 349 -1
349 349 6
356 349 -1
405 349 -1
294 350 -1
343 350 -1
350 350 6
351 350 -1
357 350 -1
406 350 -1
295 351 -1
344 351 -1
350 351 -1
351 351 6
352 351 -1
358 351 -1
407 351 -1
296 352 -1
345 352 -1
351 352 -1
352 352 6
353 352 -1
359 352 -1
408 352 -1
297 353 -1
346 353 -1
352 353 -1
353 353 6
354 353 -1
360 353 -1
409 353 -1
298 354 -1
347 354 -1
353 354 -1
354 354 6
355 354 -1
361 354 -1
410 354 -1
299 355 -1
348 355 -1
354 355 -1
355 355 6
356 355 -1
362 355 -1
411 355 -1
300 356 -1
349 356 -1
355 356 -1
356 356 6
363 356 -1
412 356 -1
301 357 -1
350 357 -1
357 357 6
358 357 -1
364 357 -1
413 357 -1
302 358 -1
351 358 -1
357 358 -1
358 358 6
359 358 -1
365 358 -1
414 358 -1
303 359 -1
352 359 -1
358 359 -1
359 359 6
360 359 -1
366 359 -1
415 359 -1
304 360 -1
353 360 -1
359 360 -1
360 360 6
361 360 -1
367 360 -1
416 360 -1
305 361 -1
354 361 -1
360 361 -1
361 361 6
362 361 -1
368 361 -1
417 361 -1
306 362 -1
355 362 -1
361 362 -1
362 362 6
363 362 -1
369 362 -1
418 362 -1
307 363 -1
356 363 -1
362 363 -1
363 363 6
370 363 -1
419 363 -1
308 364 -1
357 364 -1
364 364 6
365 364 -1
371 364 -1
420 364 -1
309 365 -1
358 365 -1
364 365 -1
365 365 6
366 365 -1
372 365 -1
421 365 -1
310 366 -1
359 366 -1
365 366 -1
366 366 6
367 366 -1
373 366 -1
422 366 -1
311 367 -1
360 367 -1
366 367 -1
367 367 6
368 367 -1
374 367 -1
423 367 -1
312 368 -1
361 368 -1
367 368 -1
368 368 6
369 368 -1
375 368 -1
424 368 -1
313 369 -1
362 369 -1
368 369 -1
369 369 6
370 369 -1
376 369 -1
425 369 -1
314 370 -1
363 370 -1
369 370 -1
370 370 6
377 370 -1
426 370 -1
315 371 -1
364 371 -1
371 371 6
372 371 -1
378 371 -1
427 371 -1
316 372 -1
365 372 -1
371 372 -1
372 372 6
373 372 -1
379 372 -1
428 372 -1
317 373 -1
366 373 -1
372 373 -1
373 373 6
374 373 -1
380 373 -1
429 373 -1
318 374 -1
367 374 -1
373 374 -1
374 374 6
375 374 -1
381 374 -1
430 374 -1
319 375 -1
368 375 -1
374 375 -1
375 375 6
376 375 -1
382 375 -1
431 375 -1
320 376 -1
369 376 -1
375 376 -1
376 376 6
377 376 -1
383 376 -1
432 376 -1
321 377 -1
370 377 -1
376 377 -1
377 377 6
384 377 -1
433 377 -1
322 378 -1
371 378 -1
378 378 6
379 378 -1
385 378 -1
434 378 -1
323 379 -1
372 379 -1
378 379 -1
379 379 6
380 379 -1
386 379 -1
435 379 -1
324 380 -1
373 380 -1
379 380 -1
380 380 6
381 380 -1
387 380 -1
436 380 -1
325 381 -1
374 381 -1
380 381 -1
381 381 6
382 381 -1
388 381 -1
437 381 -1
326 382 -1
375 382 -1
381 382 -1
382 382 6
383 382 -1
389 382 -1
438 382 -1
327 383 -1
376 383 -1
382 383 -1
383 383 6
384 383 -1
390 383 -1
439 383 -1
328 384 -1
377 384 -1
383 384 -1
384 384 6
391 384 -1
440 384 -1
329 385 -1
378 385 -1
385 385 5
386 385 -1
441 385 -1
330 386 -1
379 386 -1
385 386 -1
386 386 5
387 386 -1
442 386 -1
331 387 -1
380 387 -1
386 387 -1
387 387 5
388 387 -1
443 387 -1
332 388 -1
381 388 -1
387 388 -1
388 388 5
389 388 -1
444 388 -1
333 389 -1
382 389 -1
388 389 -1
389 389 5
390 389 -1
445 389 -1
334 390 -1
383 390 -1
389 390 -1
390 390 5
391 390 -1
446 390 -1
335 391 -1
384 391 -1
390 391 -1
391 391 5
447 391 -1
336 392 -1
392 392 4
393 392 -1
399 392 -1
337 393 -1
392 393 -1
393 393 4
394 393 -1
400 393 -1
338 394 -1
393 394 -1
394 394 4
395 394 -1
401 394 -1
339 395 -1
394 395 -1
395 395 4
396 395 -1
402 395 -1
340 396 -1
395 396 -1
396 396 4
397 396 -1
403 396 -1
341 397 -1
396 397 -1
397 397 4
398 397 -1
404 397 -1
342 398 -1
397 398 -1
398 398 4
405 398 -1
343 399 -1
392 399 -1
399 399 5
400 399 -1
406 399 -1
344 400 -1
393 400 -1
399 400 -1
400 400 5
401 400 -1
407 400 -1
345 401 -1
394 401 -1
400 401 -1
401 401 5
402 401 -1
408 401 -1
346 402 -1
395 402 -1
401 402 -1
402 402 5
403 402 -1
409 402 -1
347 403 -1
396 403 -1
402 403 -1
403 403 5
404 403 -1
410 403 -1
348 404 -1
397 404 -1
403 404 -1
404 404 5
405 404 -1
411 404 -1
349 405 -1
398 405 -1
404 405 -1
405 405 5
412 405 -1
350 406 -1
399 406 -1
406 406 5
407 406 -1
413 406 -1
351 407 -1
400 407 -1
406 407 -1
407 407 5
408 407 -1
414 407 -1
352 408 -1
401 408 -1
407 408 -1
408 408 5
409 408 -1
415 408 -1
353 409 -1
402 409 -1
408 409 -1
409 409 5
410 409 -1
416 409 -1
354 410 -1
403 410 -1
409 410 -1
410 410 5
411 410 -1
417 410 -1
355 411 -1
404 411 -1
410 411 -1
411 411 5
412 411 -1
418 411 -1
356 412 -1
405 412 -1
411 412 -1
412 412 5
419 412 -1
357 413 -1
406 413 -1
413 413 5
414 413 -1
420 413 -1
358 414 -1
407 414 -1
413 414 -1
414 414 5
415 414 -1
421 414 -1
359 415 -1
408 415 -1
414 415 -1
415 415 5
416 415 -1
422 415 -1
360 416 -1
409 416 -1
415 416 -1
416 416 5
417 416 -1
423 416 -1
361 417 -1
410 417 -1
416 417 -1
417 417 5
418 417 -1
424 417 -1
362 418 -1
411 418 -1
417 418 -1
418 418 5
419 418 -1
425 418 -1
363 419 -1
412 419 -1
418 419 -1
419 419 5
426 419 -1
364 420 -1
413 420 -1
420 420 5
421 420 -1
427 420 -1
365 421 -1
414 421 -1
420 421 -1
421 421 5
422 421 -1
428 421 -1
366 422 -1
415 422 -1
421 422 -1
422 422 5
423 422 -1
429 422 -1
367 423 -1
416 423 -1
422 423 -1
423 423 5
424 423 -1
430 423 -1
368 424 -1
417 424 -1
423 424 -1
424 424 5
425 424 -1
431 424 -1
369 425 -1
418 425 -1
424 425 -1
425 425 5
426 425 -1
432 425 -1
370 426 -1
419 426 -1
425 426 -1
426 426 5
433 426 -1
371 427 -1
420 427 -1
427 427 5
428 427 -1
434 427 -1
372 428 -1
421 428 -1
427 428 -1
428 428 5
429 428 -1
435 428 -1
373 429 -1
422 429 -1
428 429 -1
429 429 5
430 429 -1
436 429 -1
374 430 -1
423 430 -1
429 430 -1
430 430 5
431 430 -1
437 430 -1
375 431 -1
424 431 -1
430 431 -1
431 431 5
432 431 -1
438 431 -1
376 432 -1
425 432 -1
431 432 -1
432 432 5
433 432 -1
439 432 -1
377 433 -1
426 433 -1
432 433 -1
433 433 5
440 433 -1
378 434 -1
427 434 -1
434 434 5
435 434 -1
441 434 -1
379 435 -1
428 435 -1
434 435 -1
435 435 5
436 435 -1
442 435 -1
380 436 -1
429 436 -1
435 436 -1
436 436 5
437 436 -1
443 436 -1
381 437 -1
430 437 -1
436 437 -1
437 437 5
438 437 -1
444 437 -1
382 438 -1
431 438 -1
437 438 -1
438 438 5
439 438 -1
445 438 -1
383 439 -1
432 439 -1
438 439 -1
439 439 5
440 439 -1
446 439 -1
384 440 -1
433 440 -1
439 440 -1
440 440 5
447 440 -1
385 441 -1
434 441 -1
441 441 4
442 441 -1
386 442 -1
435 442 -1
441 442 -1
442 442 4
443 442 -1
387 443 -1
436 443 -1
442 443 -1
443 443 4
444 443 -1
388 444 -1
437 444 -1
443 444 -1
444 444 4
445 444 -1
389 445 -1
438 445 -1
444 445 -1
445 445 4
446 445 -1
390 446 -1
439 446 -1
445 446 -1
446 446 4
447 446 -1
391 447 -1
440 447 -1
446 447 -1
447 447 4
448 448 4
449 448 -1
456 448 -1
504 448 -1
448 449 -1
449 449 5
450 449 -1
457 449 -1
505 449 -1
449 450 -1
450 450 5
451 450 -1
458 450 -1
506 450 -1
450 451 -1
451 451 5
452 451 -1
459 451 -1
507 451 -1
451 452 -1
452 452 5
453 452 -1
460 452 -1
508 452 -1
452 453 -1
453 453 5
454 453 -1
461 453 -1
509 453 -1
453 454 -1
454 454 5
455 454 -1
462 454 -1
510 454 -1
454 455 -1
455 455 4
463 455 -1
511 455 -1
448 456 -1
456 456 4
457 456 -1
464 456 -1
512 456 -1
449 457 -1
456 457 -1
457 457 5
458 457 -1
465 457 -1
513 457 -1
450 458 -1
457 458 -1
458 458 5
459 458 -1
466 458 -1
514 458 -1
451 459 -1
458 459 -1
459 459 5
460 459 -1
467 459 -1
515 459 -1
452 460 -1
459 460 -1
460 460 5
461 460 -1
468 460 -1
516 460 -1
453 461 -1
460 461 -1
461 461 5
462 461 -1
469 461 -1
517 461 -1
454 462 -1
461 462 -1
462 462 5
463 462 -1
470 462 -1
518 462 -1
455 463 -1
462 463 -1
463 463 4
471 463 -1
519 463 -1
456 464 -1
464 464 4
465 464 -1
472 464 -1
520 464 -1
457 465 -1
464 465 -1
465 465 5
466 465 -1
473 465 -1
521 465 -1
458 466 -1
465 466 -1
466 466 5
467 466 -1
474 466 -1
522 466 -1
459 467 -1
466 467 -1
467 467 5
468 467 -1
475 467 -1
523 467 -1
460 468 -1
467 468 -1
468 468 5
469 468 -1
476 468 -1
524 468 -1
461 469 -1
468 469 -1
469 469 5
470 469 -1
477 469 -1
525 469 -1
462 470 -1
469 470 -1
470 470 5
471 470 -1
478 470 -1
526 470 -1
463 471 -1
470 471 -1
471 471 4
479 471 -1
527 471 -1
464 472 -1
472 472 4
473 472 -1
480 472 -1
528 472 -1
465 473 -1
472 473 -1
473 473 5
474 473 -1
481 473 -1
529 473 -1
466 474 -1
473 474 -1
474 474 5
475 474 -1
482 474 -1
530 474 -1
467 475 -1
474 475 -1
475 475 5
476 475 -1
483 475 -1
531 475 -1
468 476 -1
475 476 -1
476 476 5
477 476 -1
484 476 -1
532 476 -1
469 477 -1
476 477 -1
477 477 5
478 477 -1
485 477 -1
533 477 -1
470 478 -1
477 478 -1
478 478 5
479 478 -1
486 478 -1
534 478 -1
471 479 -1
478 479 -1
479 479 4
487 479 -1
535 479 -1
472 480 -1
480 480 4
481 480 -1
488 480 -1
536 480 -1
473 481 -1
480 481 -1
481 481 5
482 481 -1
489 481 -1
537 481 -1
474 482 -1
481 482 -1
482 482 5
483 482 -1
490 482 -1
538 482 -1
475 483 -1
482 483 -1
483 483 5
484 483 -1
491 483 -1
539 483 -1
476 484 -1
483 484 -1
484 484 5
485 484 -1
492 484 -1
540 484 -1
477 485 -1
484 485 -1
485 485 5
486 485 -1
493 485 -1
541 485 -1
478 486 -1
485 486 -1
486 486 5
487 486 -1
494 486 -1
542 486 -1
479 487 -1
486 487 -1
487 487 4
495 487 -1
543 487 -1
480 488 -1
488 488 4
489 488 -1
496 488 -1
544 488 -1
481 489 -1
488 489 -1
489 489 5
490 489 -1
497 489 -1
545 489 -1
482 490 -1
489 490 -1
490 490 5
491 490 -1
498 490 -1
546 490 -1
483 491 -1
490 491 -1
491 491 5
492 491 -1
499 491 -1
547 491 -1
484 492 -1
491 492 -1
492 492 5
493 492 -1
500 492 -1
548 492 -1
485 493 -1
492 493 -1
493 493 5
494 493 -1
501 493 -1
549 493 -1
486 494 -1
493 494 -1
494 494 5
495 494 -1
502 494 -1
550 494 -1
487 495 -1
494 495 -1
495 495 4
503 495 -1
551 495 -1
488 496 -1
496 496 4
497 496 -1
552 496 -1
489 497 -1
496 497 -1
497 497 5
498 497 -1
553 497 -1
490 498 -1
497 498 -1
498 498 5
499 498 -1
554 498 -1
491 499 -1
498 499 -1
499 499 5
500 499 -1
555 499 -1
492 500 -1
499 500 -1
500 500 5
501 500 -1
556 500 -1
493 501 -1
500 501 -1
501 501 5
502 501 -1
557 501 -1
494 502 -1
501 502 -1
502 502 5
503 502 -1
558 502 -1
495 503 -1
502 503 -1
503 503 4
559 503 -1
448 504 -1
504 504 5
505 504 -1
512 504 -1
560 504 -1
449 505 -1
504 505 -1
505 505 6
506 505 -1
513 505 -1
561 505 -1
450 506 -1
505 506 -1
506 506 6
507 506 -1
514 506 -1
562 506 -1
451 507 -1
506 507 -1
507 507 6
508 507 -1
515 507 -1
563 507 -1
452 508 -1
507 508 -1
508 508 6
509 508 -1
516 508 -1
564 508 -1
453 509 -1
508 509 -1
509 509 6
510 509 -1
517 509 -1
565 509 -1
454 510 -1
509 510 -1
510 510 6
511 510 -1
518 510 -1
566 510 -1
455 511 -1
510 511 -1
511 511 5
519 511 -1
567 511 -1
456 512 -1
504 512 -1
512 512 5
513 512 -1
520 512 -1
568 512 -1
457 513 -1
505 513 -1
512 513 -1
513 513 6
514 513 -1
521 513 -1
569 513 -1
458 514 -1
506 514 -1
513 514 -1
514 514 6
515 514 -1
522 514 -1
570 514 -1
459 515 -1
507 515 -1
514 515 -1
515 515 6
516 515 -1
523 515 -1
571 515 -1
460 516 -1
508 516 -1
515 516 -1
516 516 6
517 516 -1
524 516 -1
572 516 -1
461 517 -1
509 517 -1
516 517 -1
517 517 6
518 517 -1
525 517 -1
573 517 -1
462 518 -1
510 518 -1
517 518 -1
518 518 6
519 518 -1
526 518 -1
574 518 -1
463 519 -1
511 519 -1
518 519 -1
519 519 5
527 519 -1
575 519 -1
464 520 -1
512 520 -1
520 520 5
521 520 -1
528 520 -1
576 520 -1
465 521 -1
513 521 -1
520 521 -1
521 521 6
522 521 -1
529 521 -1
577 521 -1
466 522 -1
514 522 -1
521 522 -1
522 522 6
523 522 -1
530 522 -1
578 522 -1
467 523 -1
515 523 -1
522 523 -1
523 523 6
524 523 -1
531 523 -1
579 523 -1
468 524 -1
516 524 -1
523 524 -1
524 524 6
525 524 -1
532 524 -1
580 524 -1
469 525 -1
517 525 -1
524 525 -1
525 525 6
526 525 -1
533 525 -1
581 525 -1
470 526 -1
518 526 -1
525 526 -1
526 526 6
527 526 -1
534 526 -1
582 526 -1
471 527 -1
519 527 -1
526 527 -1
527 527 5
535 527 -1
583 527 -1
472 528 -1
520 528 -1
528 528 5
529 528 -1
536 528 -1
584 528 -1
473 529 -1
521 529 -1
528 529 -1
529 529 6
530 529 -1
537 529 -1
585 529 -1
474 530 -1
522 530 -1
529 530 -1
530 530 6
531 530 -1
538 530 -1
586 530 -1
475 531 -1
523 531 -1
530 531 -1
531 531 6
532 531 -1
539 531 -1
587 531 -1
476 532 -1
524 532 -1
531 532 -1
532 532 6
533 532 -1
540 532 -1
588 532 -1
477 533 -1
525 533 -1
532 533 -1
533 533 6
534 533 -1
541 533 -1
589 533 -1
478 534 -1
526 534 -1
533 534 -1
534 534 6
535 534 -1
542 534 -1
590 534 -1
479 535 -1
527 535 -1
534 535 -1
535 535 5
543 535 -1
591 535 -1
480 536 -1
528 536 -1
536 536 5
537 536 -1
544 536 -1
592 536 -1
481 537 -1
529 537 -1
536 537 -1
537 537 6
538 537 -1
545 537 -1
593 537 -1
482 538 -1
530 538 -1
537 538 -1
538 538 6
539 538 -1
546 538 -1
594 538 -1
483 539 -1
531 539 -1
538 539 -1
539 539 6
540 539 -1
547 539 -1
595 539 -1
484 540 -1
532 540 -1
539 540 -1
540 540 6
541 540 -1
548 540 -1
596 540 -1
485 541 -1
533 541 -1
540 541 -1
541 541 6
542 541 -1
549 541 -1
597 541 -1
486 542 -1
534 542 -1
541 542 -1
542 542 6
543 542 -1
550 542 -1
598 542 -1
487 543 -1
535 543 -1
542 543 -1
543 543 5
551 543 -1
599 543 -1
488 544 -1
536 544 -1
544 544 5
545 544 -1
552 544 -1
600 544 -1
489 545 -1
537 545 -1
544 545 -1
545 545 6
546 545 -1
553 545 -1
601 545 -1
490 546 -1
538 546 -1
545 546 -1
546 546 6
547 546 -1
554 546 -1
602 546 -1
491 547 -1
539 547 -1
546 547 -1
547 547 6
548 547 -1
555 547 -1
603 547 -1
492 548 -1
540 548 -1
547 548 -1
548 548 6
549 548 -1
556 548 -1
604 548 -1
493 549 -1
541 549 -1
548 549 -1
549 549 6
550 549 -1
557 549 -1
605 549 -1
494 550 -1
542 550 -1
549 550 -1
550 550 6
551 550 -1
558 550 -1
606 550 -1
495 551 -1
543 551 -1
550 551 -1
551 551 5
559 551 -1
607 551 -1
496 552 -1
544 552 -1
552 552 5
553 552 -1
608 552 -1
497 553 -1
545 553 -1
552 553 -1
553 553 6
554 553 -1
609 553 -1
498 554 -1
546 554 -1
553 554 -1
554 554 6
555 554 -1
610 554 -1
499 555 -1
547 555 -1
554 555 -1
555 555 6
556 555 -1
611 555 -1
500 556 -1
548 556 -1
555 556 -1
556 556 6
557 556 -1
612 556 -1
501 557 -1
549 557 -1
556 557 -1
557 557 6
558 557 -1
613 557 -1
502 558 -1
550 558 -1
557 558 -1
558 558 6
559 558 -1
614 558 -1
503 559 -1
551 559 -1
558 559 -1
559 559 5
615 559 -1
504 560 -1
560 560 5
561 560 -1
568 560 -1
616 560 -1
505 561 -1
560 561 -1
561 561 6
562 561 -1
569 561 -1
617 561 -1
506 562 -1
561 562 -1
562 562 6
563 562 -1
570 562 -1
618 562 -1
507 563 -1
562 563 -1
563 563 6
564 563 -1
571 563 -1
619 563 -1
508 564 -1
563 564 -1
564 564 6
565 564 -1
572 564 -1
620 564 -1
509 565 -1
564 565 -1
565 565 6
566 565 -1
573 565 -1
621 565 -1
510 566 -1
565 566 -1
566 566 6
567 566 -1
574 566 -1
622 566 -1
511 567 -1
566 567 -1
567 567 5
575 567 -1
623 567 -1
512 568 -1
560 568 -1
568 568 5
569 568 -1
576 568 -1
624 568 -1
513 569 -1
561 569 -1
568 569 -1
569 569 6
570 569 -1
577 569 -1
625 569 -1
514 570 -1
562 570 -1
569 570 -1
570 570 6
571 570 -1
578 570 -1
626 570 -1
515 571 -1
563 571 -1
570 571 -1
571 571 6
572 571 -1
579 571 -1
627 571 -1
516 572 -1
564 572 -1
571 572 -1
572 572 6
573 572 -1
580 572 -1
628 572 -1
517 573 -1
565 573 -1
572 573 -1
573 573 6
574 573 -1
581 573 -1
629 573 -1
518 574 -1
566 574 -1
573 574 -1
574 574 6
575 574 -1
582 574 -1
630 574 -1
519 575 -1
567 575 -1
574 575 -1
575 575 5
583 575 -1
631 575 -1
520 576 -1
568 576 -1
576 576 5
577 576 -1
584 576 -1
632 576 -1
521 577 -1
569 577 -1
576 577 -1
577 577 6
578 577 -1
585 577 -1
633 577 -1
522 578 -1
570 578 -1
577 578 -1
578 578 6
579 578 -1
586 578 -1
634 578 -1
523 579 -1
571 579 -1
578 579 -1
579 579 6
580 579 -1
587 579 -1
635 579 -1
524 580 -1
572 580 -1
579 580 -1
580 580 6
581 580 -1
588 580 -1
636 580 -1
525 581 -1
573 581 -1
580 581 -1
581 581 6
582 581 -1
589 581 -1
637 581 -1
526 582 -1
574 582 -1
581 582 -1
582 582 6
583 582 -1
590 582 -1
638 582 -1
527 583 -1
575 583 -1
582 583 -1
583 583 5
591 583 -1
639 583 -1
528 584 -1
576 584 -1
584 584 5
585 584 -1
592 584 -1
640 584 -1
529 585 -1
577 585 -1
584 585 -1
585 585 6
586 585 -1
593 585 -1
641 585 -1
530 586 -1
578 586 -1
585 586 -1
586 586 6
587 586 -1
594 586 -1
642 586 -1
531 587 -1
579 587 -1
586 587 -1
587 587 6
588 587 -1
595 587 -1
643 587 -1
532 588 -1
580 588 -1
587 588 -1
588 588 6
589 588 -1
596 588 -1
644 588 -1
533 589 -1
581 589 -1
588 589 -1
589 589 6
590 589 -1
597 589 -1
645 589 -1
534 590 -1
582 590 -1
589 590 -1
590 590 6
591 590 -1
598 590 -1
646 590 -1
535 591 -1
583 591 -1
590 591 -1
591 591 5
599 591 -1
647 591 -1
536 592 -1
584 592 -1
592 592 5
593 592 -1
600 592 -1
648 592 -1
537 593 -1
585 593 -1
592 593 -1
593 593 6
594 593 -1
601 593 -1
649 593 -1
538 594 -1
586 594 -1
593 594 -1
594 594 6
595 594 -1
602 594 -1
650 594 -1
539 595 -1
587 595 -1
594 595 -1
595 595 6
596 595 -1
603 595 -1
651 595 -1
540 596 -1
588 596 -1
595 596 -1
596 596 6
597 596 -1
604 596 -1
652 596 -1
541 597 -1
589 597 -1
596 597 -1
597 597 6
598 597 -1
605 597 -1
653 597 -1
542 598 -1
590 598 -1
597 598 -1
598 598 6
599 598 -1
606 598 -1
654 598 -1
543 599 -1
591 599 -1
598 599 -1
599 599 5
607 599 -1
655 599 -1
544 600 -1
592 600 -1
600 600 5
601 600 -1
608 600 -1
656 600 -1
545 601 -1
593 601 -1
600 601 -1
601 601 6
602 601 -1
609 601 -1
657 601 -1
546 602 -1
594 602 -1
601 602 -1
602 602 6
603 602 -1
610 602 -1
658 602 -1
547 603 -1
595 603 -1
602 603 -1
603 603 6
604 603 -1
611 603 -1
659 603 -1
548 604 -1
596 604 -1
603 604 -1
604 604 6
605 604 -1
612 604 -1
660 604 -1
549 605 -1
597 605 -1
604 605 -1
605 605 6
606 605 -1
613 605 -1
661 605 -1
550 606 -1
598 606 -1
605 606 -1
606 606 6
607 606 -1
614 606 -1
662 606 -1
551 607 -1
599 607 -1
606 607 -1
607 607 5
615 607 -1
663 607 -1
552 608 -1
600 608 -1
608 608 5
609 608 -1
664 608 -1
553 609 -1
601 609 -1
608 609 -1
609 609 6
610 609 -1
665 609 -1
554 610 -1
602 610 -1
609 610 -1
610 610 6
611 610 -1
666 610 -1
555 611 -1
603 611 -1
610 611 -1
611 611 6
612 611 -1
667 611 -1
556 612 -1
604 612 -1
611 612 -1
612 612 6
613 612 -1
668 612 -1
557 613 -1
605 613 -1
612 613 -1
613 613 6
614 613 -1
669 613 -1
558 614 -1
606 614 -1
613 614 -1
614 614 6
615 614 -1
670 614 -1
559 615 -1
607 615 -1
614 615 -1
615 615 5
671 615 -1
560 616 -1
616 616 5
617 616 -1
624 616 -1
672 616 -1
561 617 -1
616 617 -1
617 617 6
618 617 -1
625 617 -1
673 617 -1
562 618 -1
617 618 -1
618 618 6
619 618 -1
626 618 -1
674 618 -1
563 619 -1
618 619 -1
619 619 6
620 619 -1
627 619 -1
675 619 -1
564 620 -1
619 620 -1
620 620 6
621 620 -1
628 620 -1
676 620 -1
565 621 -1
620 621 -1
621 621 6
622 621 -1
629 621 -1
677 621 -1
566 622 -1
621 622 -1
622 622 6
623 622 -1
630 622 -1
678 622 -1
567 623 -1
622 623 -1
623 623 5
631 623 -1
679 623 -1
568 624 -1
616 624 -1
624 624 5
625 624 -1
632 624 -1
680 624 -1
569 625 -1
617 625 -1
624 625 -1
625 625 6
626 625 -1
633 625 -1
681 625 -1
570 626 -1
618 626 -1
625 626 -1
626 626 6
627 626 -1
634 626 -1
682 626 -1
571 627 -1
619 627 -1
626 627 -1
627 627 6
628 627 -1
635 627 -1
683 627 -1
572 628 -1
620 628 -1
627 628 -1
628 628 6
629 628 -1
636 628 -1
684 628 -1
573 629 -1
621 629 -1
628 629 -1
629 629 6
630 629 -1
637 629 -1
685 629 -1
574 630 -1
622 630 -1
629 630 -1
630 630 6
631 630 -1
638 630 -1
686 630 -1
575 631 -1
623 631 -1
630 631 -1
631 631 5
639 631 -1
687 631 -1
576 632 -1
624 632 -1
632 632 5
633 632 -1
640 632 -1
688 632 -1
577 633 -1
625 633 -1
632 633 -1
633 633 6
634 633 -1
641 633 -1
689 633 -1
578 634 -1
626 634 -1
633 634 -1
634 634 6
635 634 -1
642 634 -1
690 634 -1
579 635 -1
627 635 -1
634 635 -1
635 635 6
636 635 -1
643 635 -1
691 635 -1
580 636 -1
628 636 -1
635 636 -1
636 636 6
637 636 -1
644 636 -1
692 636 -1
581 637 -1
629 637 -1
636 637 -1
637 637 6
638 637 -1
645 637 -1
693 637 -1
582 638 -1
630 638 -1
637 638 -1
638 638 6
639 638 -1
646 638 -1
694 638 -1
583 639 -1
631 639 -1
638 639 -1
639 639 5
647 639 -1
695 639 -1
584 640 -1
632 640 -1
640 640 5
641 640 -1
648 640 -1
696 640 -1
585 641 -1
633 641 -1
640 641 -1
641 641 6
642 641 -1
649 641 -1
697 641 -1
586 642 -1
634 642 -1
641 642 -1
642 642 6
643 642 -1
650 642 -1
698 642 -1
587 643 -1
635 643 -1
642 643 -1
643 643 6
644 643 -1
651 643 -1
699 643 -1
588 644 -1
636 644 -1
643 644 -1
644 644 6
645 644 -1
652 644 -1
700 644 -1
589 645 -1
637 645 -1
644 645 -1
645 645 6
646 645 -1
653 645 -1
701 645 -1
590 646 -1
638 646 -1
645 646 -1
646 646 6
647 646 -1
654 646 -1
702 646 -1
591 647 -1
639 647 -1
646 647 -1
647 647 5
655 647 -1
703 647 -1
592 648 -1
640 648 -1
648 648 5
649 648 -1
656 648 -1
704 648 -1
593 649 -1
641 649 -1
648 649 -1
649 649 6
650 649 -1
657 649 -1
705 649 -1
594 650 -1
642 650 -1
649 650 -1
650 650 6
651 650 -1
658 650 -1
706 650 -1
595 651 -1
643 651 -1
650 651 -1
651 651 6
652 651 -1
659 651 -1
707 651 -1
596 652 -1
644 652 -1
651 652 -1
652 652 6
653 652 -1
660 652 -1
708 652 -1
597 653 -1
645 653 -1
652 653 -1
653 653 6
654 653 -1
661 653 -1
709 653 -1
598 654 -1
646 654 -1
653 654 -1
654 654 6
655 654 -1
662 654 -1
710 654 -1
599 655 -1
647 655 -1
654 655 -1
655 655 5
663 655 -1
711 655 -1
600 656 -1
648 656 -1
656 656 5
657 656 -1
664 656 -1
712 656 -1
601 657 -1
649 657 -1
656 657 -1
657 657 6
658 657 -1
665 657 -1
713 657 -1
602 658 -1
650 658 -1
657 658 -1
658 658 6
659 658 -1
666 658 -1
714 658 -1
603 659 -1
651 659 -1
658 659 -1
659 659 6
660 659 -1
667 659 -1
715 659 -1
604 660 -1
652 660 -1
659 660 -1
660 660 6
661 660 -1
668 660 -1
716 660 -1
605 661 -1
653 661 -1
660 661 -1
661 661 6
662 661 -1
669 661 -1
717 661 -1
606 662 -1
654 662 -1
661 662 -1
662 662 6
663 662 -1
670 662 -1
718 662 -1
607 663 -1
655 663 -1
662 663 -1
663 663 5
671 663 -1
719 663 -1
608 664 -1
656 664 -1
664 664 5
665 664 -1
720 664 -1
609 665 -1
657 665 -1
664 665 -1
665 665 6
666 665 -1
721 665 -1
610 666 -1
658 666 -1
665 666 -1
666 666 6
667 666 -1
722 666 -1
611 667 -1
659 667 -1
666 667 -1
667 667 6
668 667 -1
723 667 -1
612 668 -1
660 668 -1
667 668 -1
668 668 6
669 668 -1
724 668 -1
613 669 -1
661 669 -1
668 669 -1
669 669 6
670 669 -1
725 669 -1
614 670 -1
662 670 -1
669 670 -1
670 670 6
671 670 -1
726 670 -1
615 671 -1
663 671 -1
670 671 -1
671 671 5
727 671 -1
616 672 -1
672 672 5
673 672 -1
680 672 -1
728 672 -1
617 673 -1
672 673 -1
673 673 6
674 673 -1
681 673 -1
729 673 -1
618 674 -1
673 674 -1
674 674 6
675 674 -1
682 674 -1
730 674 -1
619 675 -1
674 675 -1
675 675 6
676 675 -1
683 675 -1
731 675 -1
620 676 -1
675 676 -1
676 676 6
677 676 -1
684 676 -1
732 676 -1
621 677 -1
676 677 -1
677 677 6
678 677 -1
685 677 -1
733 677 -1
622 678 -1
677 678 -1
678 678 6
679 678 -1
686 678 -1
734 678 -1
623 679 -1
678 679 -1
679 679 5
687 679 -1
735 679 -1
624 680 -1
672 680 -1
680 680 5
681 680 -1
688 680 -1
736 680 -1
625 681 -1
673 681 -1
680 681 -1
681 681 6
682 681 -1
689 681 -1
737 681 -1
626 682 -1
674 682 -1
681 682 -1
682 682 6
683 682 -1
690 682 -1
738 682 -1
627 683 -1
675 683 -1
682 683 -1
683 683 6
684 683 -1
691 683 -1
739 683 -1
628 684 -1
676 684 -1
683 684 -1
684 684 6
685 684 -1
692 684 -1
740 684 -1
629 685 -1
677 685 -1
684 685 -1
685 685 6
686 685 -1
693 685 -1
741 685 -1
630 686 -1
678 686 -1
685 686 -1
686 686 6
687 686 -1
694 686 -1
742 686 -1
631 687 -1
679 687 -1
686 687 -1
687 687 5
695 687 -1
743 687 -1
632 688 -1
680 688 -1
688 688 5
689 688 -1
696 688 -1
744 688 -1
633 689 -1
681 689 -1
688 689 -1
689 689 6
690 689 -1
697 689 -1
745 689 -1
634 690 -1
682 690 -1
689 690 -1
690 690 6
691 690 -1
698 690 -1
746 690 -1
635 691 -1
683 691 -1
690 691 -1
691 691 6
692 691 -1
699 691 -1
747 691 -1
636 692 -1
684 692 -1
691 692 -1
692 692 6
693 692 -1
700 692 -1
748 692 -1
637 693 -1
685 693 -1
692 693 -1
693 693 6
694 693 -1
701 693 -1
749 693 -1
638 694 -1
686 694 -1
693 694 -1
694 694 6
695 694 -1
702 694 -1
750 694 -1
639 695 -1
687 695 -1
694 695 -1
695 695 5
703 695 -1
751 695 -1
640 696 -1
688 696 -1
696 696 5
697 696 -1
704 696 -1
752 696 -1
641 697 -1
689 697 -1
696 697 -1
697 697 6
698 697 -1
705 697 -1
753 697 -1
642 698 -1
690 698 -1
697 698 -1
698 698 6
699 698 -1
706 698 -1
754 698 -1
643 699 -1
691 699 -1
698 699 -1
699 699 6
700 699 -1
707 699 -1
755 699 -1
644 700 -1
692 700 -1
699 700 -1
700 700 6
701 700 -1
708 700 -1
756 700 -1
645 701 -1
693 701 -1
700 701 -1
701 701 6
702 701 -1
709 701 -1
757 701 -1
646 702 -1
694 702 -1
701 702 -1
702 702 6
703 702 -1
710 702 -1
758 702 -1
647 703 -1
695 703 -1
702 703 -1
703 703 5
711 703 -1
759 703 -1
648 704 -1
696 704 -1
704 704 5
705 704 -1
712 704 -1
760 704 -1
649 705 -1
697 705 -1
704 705 -1
705 705 6
706 705 -1
713 705 -1
761 705 -1
650 706 -1
698 706 -1
705 706 -1
706 706 6
707 706 -1
714 706 -1
762 706 -1
651 707 -1
699 707 -1
706 707 -1
707 707 6
708 707 -1
715 707 -1
763 707 -1
652 708 -1
700 708 -1
707 708 -1
708 708 6
709 708 -1
716 708 -1
764 708 -1
653 709 -1
701 709 -1
708 709 -1
709 709 6
710 709 -1
717 709 -1
765 709 -1
654 710 -1
702 710 -1
709 710 -1
710 710 6
711 710 -1
718 710 -1
766 710 -1
655 711 -1
703 711 -1
710 711 -1
711 711 5
719 711 -1
767 711 -1
656 712 -1
704 712 -1
712 712 5
713 712 -1
720 712 -1
768 712 -1
657 713 -1
705 713 -1
712 713 -1
713 713 6
714 713 -1
721 713 -1
769 713 -1
658 714 -1
706 714 -1
713 714 -1
714 714 6
715 714 -1
722 714 -1
770 714 -1
659 715 -1
707 715 -1
714 715 -1
715 715 6
716 715 -1
723 715 -1
771 715 -1
660 716 -1
708 716 -1
715 716 -1
716 716 6
717 716 -1
724 716 -1
772 716 -1
661 717 -1
709 717 -1
716 717 -1
717 717 6
718 717 -1
725 717 -1
773 717 -1
662 718 -1
710 718 -1
717 718 -1
718 718 6
719 718 -1
726 718 -1
774 718 -1
663 719 -1
711 719 -1
718 719 -1
719 719 5
727 719 -1
775 719 -1
664 720 -1
712 720 -1
720 720 5
721 720 -1
776 720 -1
665 721 -1
713 721 -1
720 721 -1
721 721 6
722 721 -1
777 721 -1
666 722 -1
714 722 -1
721 722 -1
722 722 6
723 722 -1
778 722 -1
667 723 -1
715 723 -1
722 723 -1
723 723 6
724 723 -1
779 723 -1
668 724 -1
716 724 -1
723 724 -1
724 724 6
725 724 -1
780 724 -1
669 725 -1
717 725 -1
724 725 -1
725 725 6
726 725 -1
781 725 -1
670 726 -1
718 726 -1
725 726 -1
726 726 6
727 726 -1
782 726 -1
671 727 -1
719 727 -1
726 727 -1
727 727 5
783 727 -1
672 728 -1
728 728 5
729 728 -1
736 728 -1
784 728 -1
673 729 -1
728 729 -1
729 729 6
730 729 -1
737 729 -1
785 729 -1
674 730 -1
729 730 -1
730 730 6
731 730 -1
738 730 -1
786 730 -1
675 731 -1
730 731 -1
731 731 6
732 731 -1
739 731 -1
787 731 -1
676 732 -1
731 732 -1
732 732 6
733 732 -1
740 732 -1
788 732 -1
677 733 -1
732 733 -1
733 733 6
734 733 -1
741 733 -1
789 733 -1
678 734 -1
733 734 -1
734 734 6
735 734 -1
742 734 -1
790 734 -1
679 735 -1
734 735 -1
735 735 5
743 735 -1
791 735 -1
680 736 -1
728 736 -1
736 736 5
737 736 -1
744 736 -1
792 736 -1
681 737 -1
729 737 -1
736 737 -1
737 737 6
738 737 -1
745 737 -1
793 737 -1
682 738 -1
730 738 -1
737 738 -1
738 738 6
739 738 -1
746 738 -1
794 738 -1
683 739 -1
731 739 -1
738 739 -1
739 739 6
740 739 -1
747 739 -1
795 739 -1
684 740 -1
732 740 -1
739 740 -1
740 740 6
741 740 -1
748 740 -1
796 740 -1
685 741 -1
733 741 -1
740 741 -1
741 741 6
742 741 -1
749 741 -1
797 741 -1
686 742 -1
734 742 -1
741 742 -1
742 742 6
743 742 -1
750 742 -1
798 742 -1
687 743 -1
735 743 -1
742 743 -1
743 743 5
751 743 -1
799 743 -1
688 744 -1
736 744 -1
744 744 5
745 744 -1
752 744 -1
800 744 -1
689 745 -1
737 745 -1
744 745 -1
745 745 6
746 745 -1
753 745 -1
801 745 -1
690 746 -1
738 746 -1
745 746 -1
746 746 6
747 746 -1
754 746 -1
802 746 -1
691 747 -1
739 747 -1
746 747 -1
747 747 6
748 747 -1
755 747 -1
803 747 -1
692 748 -1
740 748 -1
747 748 -1
748 748 6
749 748 -1
756 748 -1
804 748 -1
693 749 -1
741 749 -1
748 749 -1
749 749 6
750 749 -1
757 749 -1
805 749 -1
694 750 -1
742 750 -1
749 750 -1
750 750 6
751 750 -1
758 750 -1
806 750 -1
695 751 -1
743 751 -1
750 751 -1
751 751 5
759 751 -1
807 751 -1
696 752 -1
744 752 -1
752 752 5
753 752 -1
760 752 -1
808 752 -1
697 753 -1
745 753 -1
752 753 -1
753 753 6
754 753 -1
761 753 -1
809 753 -1
698 754 -1
746 754 -1
753 754 -1
754 754 6
755 754 -1
762 754 -1
810 754 -1
699 755 -1
747 755 -1
754 755 -1
755 755 6
756 755 -1
763 755 -1
811 755 -1
700 756 -1
748 756 -1
755 756 -1
756 756 6
757 756 -1
764 756 -1
812 756 -1
701 757 -1
749 757 -1
756 757 -1
757 757 6
758 757 -1
765 757 -1
813 757 -1
702 758 -1
750 758 -1
757 758 -1
758 758 6
759 758 -1
766 758 -1
814 758 -1
703 759 -1
751 759 -1
758 759 -1
759 759 5
767 759 -1
815 759 -1
704 760 -1
752 760 -1
760 760 5
761 760 -1
768 760 -1
816 760 -1
705 761 -1
753 761 -1
760 761 -1
761 761 6
762 761 -1
769 761 -1
817 761 -1
706 762 -1
754 762 -1
761 762 -1
762 762 6
763 762 -1
770 762 -1
818 762 -1
707 763 -1
755 763 -1
762 763 -1
763 763 6
764 763 -1
771 763 -1
819 763 -1
708 764 -1
756 764 -1
763 764 -1
764 764 6
765 764 -1
772 764 -1
820 764 -1
709 765 -1
757 765 -1
764 765 -1
765 765 6
766 765 -1
773 765 -1
821 765 -1
710 766 -1
758 766 -1
765 766 -1
766 766 6
767 766 -1
774 766 -1
822 766 -1
711 767 -1
759 767 -1
766 767 -1
767 767 5
775 767 -1
823 767 -1
712 768 -1
760 768 -1
768 768 5
769 768 -1
776 768 -1
824 768 -1
713 769 -1
761 769 -1
768 769 -1
769 769 6
770 769 -1
777 769 -1
825 769 -1
714 770 -1
762 770 -1
769 770 -1
770 770 6
771 770 -1
778 770 -1
826 770 -1
715 771 -1
763 771 -1
770 771 -1
771 771 6
772 771 -1
779 771 -1
827 771 -1
716 772 -1
764 772 -1
771 772 -1
772 772 6
773 772 -1
780 772 -1
828 772 -1
717 773 -1
765 773 -1
772 773 -1
773 773 6
774 773 -1
781 773 -1
829 773 -1
718 774 -1
766 774 -1
773 774 -1
774 774 6
775 774 -1
782 774 -1
830 774 -1
719 775 -1
767 775 -1
774 775 -1
775 775 5
783 775 -1
831 775 -1
720 776 -1
768 776 -1
776 776 5
777 776 -1
832 776 -1
721 777 -1
769 777 -1
776 777 -1
777 777 6
778 777 -1
833 777 -1
722 778 -1
770 778 -1
777 778 -1
778 778 6
779 778 -1
834 778 -1
723 779 -1
771 779 -1
778 779 -1
779 779 6
780 779 -1
835 779 -1
724 780 -1
772 780 -1
779 780 -1
780 780 6
781 780 -1
836 780 -1
725 781 -1
773 781 -1
780 781 -1
781 781 6
782 781 -1
837 781 -1
726 782 -1
774 782 -1
781 782 -1
782 782 6
783 782 -1
838 782 -1
727 783 -1
775 783 -1
782 783 -1
783 783 5
839 783 -1
728 784 -1
784 784 5
785 784 -1
792 784 -1
840 784 -1
729 785 -1
784 785 -1
785 785 6
786 785 -1
793 785 -1
841 785 -1
730 786 -1
785 786 -1
786 786 6
787 786 -1
794 786 -1
842 786 -1
731 787 -1
786 787 -1
787 787 6
788 787 -1
795 787 -1
843 787 -1
732 788 -1
787 788 -1
788 788 6
789 788 -1
796 788 -1
844 788 -1
733 789 -1
788 789 -1
789 789 6
790 789 -1
797 789 -1
845 789 -1
734 790 -1
789 790 -1
790 790 6
791 790 -1
798 790 -1
846 790 -1
735 791 -1
790 791 -1
791 791 5
799 791 -1
847 791 -1
736 792 -1
784 792 -1
792 792 5
793 792 -1
800 792 -1
848 792 -1
737 793 -1
785 793 -1
792 793 -1
793 793 6
794 793 -1
801 793 -1
849 793 -1
738 794 -1
786 794 -1
793 794 -1
794 794 6
795 794 -1
802 794 -1
850 794 -1
739 795 -1
787 795 -1
794 795 -1
795 795 6
796 795 -1
803 795 -1
851 795 -1
740 796 -1
788 796 -1
795 796 -1
796 796 6
797 796 -1
804 796 -1
852 796 -1
741 797 -1
789 797 -1
796 797 -1
797 797 6
798 797 -1
805 797 -1
853 797 -1
742 798 -1
790 798 -1
797 798 -1
798 798 6
799 798 -1
806 798 -1
854 798 -1
743 799 -1
791 799 -1
798 799 -1
799 799 5
807 799 -1
855 799 -1
744 800 -1
792 800 -1
800 800 5
801 800 -1
808 800 -1
856 800 -1
745 801 -1
793 801 -1
800 801 -1
801 801 6
802 801 -1
809 801 -1
857 801 -1
746 802 -1
794 802 -1
801 802 -1
802 802 6
803 802 -1
810 802 -1
858 802 -1
747 803 -1
795 803 -1
802 803 -1
803 803 6
804 803 -1
811 803 -1
859 803 -1
748 804 -1
796 804 -1
803 804 -1
804 804 6
805 804 -1
812 804 -1
860 804 -1
749 805 -1
797 805 -1
804 805 -1
805 805 6
806 805 -1
813 805 -1
861 805 -1
750 806 -1
798 806 -1
805 806 -1
806 806 6
807 806 -1
814 806 -1
862 806 -1
751 807 -1
799 807 -1
806 807 -1
807 807 5
815 807 -1
863 807 -1
752 808 -1
800 808 -1
808 808 5
809 808 -1
816 808 -1
864 808 -1
753 809 -1
801 809 -1
808 809 -1
809 809 6
810 809 -1
817 809 -1
865 809 -1
754 810 -1
802 810 -1
809 810 -1
810 810 6
811 810 -1
818 810 -1
866 810 -1
755 811 -1
803 811 -1
810 811 -1
811 811 6
812 811 -1
819 811 -1
867 811 -1
756 812 -1
804 812 -1
811 812 -1
812 812 6
813 812 -1
820 812 -1
868 812 -1
757 813 -1
805 813 -1
812 813 -1
813 813 6
814 813 -1
821 813 -1
869 813 -1
758 814 -1
806 814 -1
813 814 -1
814 814 6
815 814 -1
822 814 -1
870 814 -1
759 815 -1
807 815 -1
814 815 -1
815 815 5
823 815 -1
871 815 -1
760 816 -1
808 816 -1
816 816 5
817 816 -1
824 816 -1
872 816 -1
761 817 -1
809 817 -1
816 817 -1
817 817 6
818 817 -1
825 817 -1
873 817 -1
762 818 -1
810 818 -1
817 818 -1
818 818 6
819 818 -1
826 818 -1
874 818 -1
763 819 -1
811 819 -1
818 819 -1
819 819 6
820 819 -1
827 819 -1
875 819 -1
764 820 -1
812 820 -1
819 820 -1
820 820 6
821 820 -1
828 820 -1
876 820 -1
765 821 -1
813 821 -1
820 821 -1
821 821 6
822 821 -1
829 821 -1
877 821 -1
766 822 -1
814 822 -1
821 822 -1
822 822 6
823 822 -1
830 822 -1
878 822 -1
767 823 -1
815 823 -1
822 823 -1
823 823 5
831 823 -1
879 823 -1
768 824 -1
816 824 -1
824 824 5
825 824 -1
832 824 -1
880 824 -1
769 825 -1
817 825 -1
824 825 -1
825 825 6
826 825 -1
833 825 -1
881 825 -1
770 826 -1
818 826 -1
825 826 -1
826 826 6
827 826 -1
834 826 -1
882 826 -1
771 827 -1
819 827 -1
826 827 -1
827 827 6
828 827 -1
835 827 -1
883 827 -1
772 828 -1
820 828 -1
827 828 -1
828 828 6
829 828 -1
836 828 -1
884 828 -1
773 829 -1
821 829 -1
828 829 -1
829 829 6
830 829 -1
837 829 -1
885 829 -1
774 830 -1
822 830 -1
829 830 -1
830 830 6
831 830 -1
838 830 -1
886 830 -1
775 831 -1
823 831 -1
830 831 -1
831 831 5
839 831 -1
887 831 -1
776 832 -1
824 832 -1
832 832 5
833 832 -1
888 832 -1
777 833 -1
825 833 -1
832 833 -1
833 833 6
834 833 -1
889 833 -1
778 834 -1
826 834 -1
833 834 -1
834 834 6
835 834 -1
890 834 -1
779 835 -1
827 835 -1
834 835 -1
835 835 6
836 835 -1
891 835 -1
780 836 -1
828 836 -1
835 836 -1
836 836 6
837 836 -1
892 836 -1
781 837 -1
829 837 -1
836 837 -1
837 837 6
838 837 -1
893 837 -1
782 838 -1
830 838 -1
837 838 -1
838 838 6
839 838 -1
894 838 -1
783 839 -1
831 839 -1
838 839 -1
839 839 5
895 839 -1
784 840 -1
840 840 4
841 840 -1
848 840 -1
785 841 -1
840 841 -1
841 841 5
842 841 -1
849 841 -1
786 842 -1
841 842 -1
842 842 5
843 842 -1
850 842 -1
787 843 -1
842 843 -1
843 843 5
844 843 -1
851 843 -1
788 844 -1
843 844 -1
844 844 5
845 844 -1
852 844 -1
789 845 -1
844 845 -1
845 845 5
846 845 -1
853 845 -1
790 846 -1
845 846 -1
846 846 5
847 846 -1
854 846 -1
791 847 -1
846 847 -1
847 847 4
855 847 -1
792 848 -1
840 848 -1
848 848 4
849 848 -1
856 848 -1
793 849 -1
841 849 -1
848 849 -1
849 849 5
850 849 -1
857 849 -1
794 850 -1
842 850 -1
849 850 -1
850 850 5
851 850 -1
858 850 -1
795 851 -1
843 851 -1
850 851 -1
851 851 5
852 851 -1
859 851 -1
796 852 -1
844 852 -1
851 852 -1
852 852 5
853 852 -1
860 852 -1
797 853 -1
845 853 -1
852 853 -1
853 853 5
854 853 -1
861 853 -1
798 854 -1
846 854 -1
853 854 -1
854 854 5
855 854 -1
862 854 -1
799 855 -1
847 855 -1
854 855 -1
855 855 4
863 855 -1
800 856 -1
848 856 -1
856 856 4
857 856 -1
864 856 -1
801 857 -1
849 857 -1
856 857 -1
857 857 5
858 857 -1
865 857 -1
802 858 -1
850 858 -1
857 858 -1
858 858 5
859 858 -1
866 858 -1
803 859 -1
851 859 -1
858 859 -1
859 859 5
860 859 -1
867 859 -1
804 860 -1
852 860 -1
859 860 -1
860 860 5
861 860 -1
868 860 -1
805 861 -1
853 861 -1
860 861 -1
861 861 5
862 861 -1
869 861 -1
806 862 -1
854 862 -1
861 862 -1
862 862 5
863 862 -1
870 862 -1
807 863 -1
855 863 -1
862 863 -1
863 863 4
871 863 -1
808 864 -1
856 864 -1
864 864 4
865 864 -1
872 864 -1
809 865 -1
857 865 -1
864 865 -1
865 865 5
866 865 -1
873 865 -1
810 866 -1
858 866 -1
865 866 -1
866 866 5
867 866 -1
874 866 -1
811 867 -1
859 867 -1
866 867 -1
867 867 5
868 867 -1
875 867 -1
812 868 -1
860 868 -1
867 868 -1
868 868 5
869 868 -1
876 868 -1
813 869 -1
861 869 -1
868 869 -1
869 869 5
870 869 -1
877 869 -1
814 870 -1
862 870 -1
869 870 -1
870 870 5
871 870 -1
878 870 -1
815 871 -1
863 871 -1
870 871 -1
871 871 4
879 871 -1
816 872 -1
864 872 -1
872 872 4
873 872 -1
880 872 -1
817 873 -1
865 873 -1
872 873 -1
873 873 5
874 873 -1
881 873 -1
818 874 -1
866 874 -1
873 874 -1
874 874 5
875 874 -1
882 874 -1
819 875 -1
867 875 -1
874 875 -1
875 875 5
876 875 -1
883 875 -1
820 876 -1
868 876 -1
875 876 -1
876 876 5
877 876 -1
884 876 -1
821 877 -1
869 877 -1
876 877 -1
877 877 5
878 877 -1
885 877 -1
822 878 -1
870 878 -1
877 878 -1
878 878 5
879 878 -1
886 878 -1
823 879 -1
871 879 -1
878 879 -1
879 879 4
887 879 -1
824 880 -1
872 880 -1
880 880 4
881 880 -1
888 880 -1
825 881 -1
873 881 -1
880 881 -1
881 881 5
882 881 -1
889 881 -1
826 882 -1
874 882 -1
881 882 -1
882 882 5
883 882 -1
890 882 -1
827 883 -1
875 883 -1
882 883 -1
883 883 5
884 883 -1
891 883 -1
828 884 -1
876 884 -1
883 884 -1
884 884 5
885 884 -1
892 884 -1
829 885 -1
877 885 -1
884 885 -1
885 885 5
886 885 -1
893 885 -1
830 886 -1
878 886 -1
885 886 -1
886 886 5
887 886 -1
894 886 -1
831 887 -1
879 887 -1
886 887 -1
887 887 4
895 887 -1
832 888 -1
880 888 -1
888 888 4
889 888 -1
833 889 -1
881 889 -1
888 889 -1
889 889 5
890 889 -1
834 890 -1
882 890 -1
889 890 -1
890 890 5
891 890 -1
835 891 -1
883 891 -1
890 891 -1
891 891 5
892 891 -1
836 892 -1
884 892 -1
891 892 -1
892 892 5
893 892 -1
837 893 -1
885 893 -1
892 893 -1
893 893 5
894 893 -1
838 894 -1
886 894 -1
893 894 -1
894 894 5
895 894 -1
839 895 -1
887 895 -1
894 895 -1
895 895 4
896 896 4
897 896 -1
904 896 -1
960 896 -1
896 897 -1
897 897 5
898 897 -1
905 897 -1
961 897 -1
897 898 -1
898 898 5
899 898 -1
906 898 -1
962 898 -1
898 899 -1
899 899 5
900 899 -1
907 899 -1
963 899 -1
899 900 -1
900 900 5
901 900 -1
908 900 -1
964 900 -1
900 901 -1
901 901 5
902 901 -1
909 901 -1
965 901 -1
901 902 -1
902 902 5
903 902 -1
910 902 -1
966 902 -1
902 903 -1
903 903 4
911 903 -1
967 903 -1
896 904 -1
904 904 5
905 904 -1
912 904 -1
968 904 -1
897 905 -1
904 905 -1
905 905 6
906 905 -1
913 905 -1
969 905 -1
898 906 -1
905 906 -1
906 906 6
907 906 -1
914 906 -1
970 906 -1
899 907 -1
906 907 -1
907 907 6
908 907 -1
915 907 -1
971 907 -1
900 908 -1
907 908 -1
908 908 6
909 908 -1
916 908 -1
972 908 -1
901 909 -1
908 909 -1
909 909 6
910 909 -1
917 909 -1
973 909 -1
902 910 -1
909 910 -1
910 910 6
911 910 -1
918 910 -1
974 910 -1
903 911 -1
910 911 -1
911 911 5
919 911 -1
975 911 -1
904 912 -1
912 912 5
913 912 -1
920 912 -1
976 912 -1
905 913 -1
912 913 -1
913 913 6
914 913 -1
921 913 -1
977 913 -1
906 914 -1
913 914 -1
914 914 6
915 914 -1
922 914 -1
978 914 -1
907 915 -1
914 915 -1
915 915 6
916 915 -1
923 915 -1
979 915 -1
908 916 -1
915 916 -1
916 916 6
917 916 -1
924 916 -1
980 916 -1
909 917 -1
916 917 -1
917 917 6
918 917 -1
925 917 -1
981 917 -1
910 918 -1
917 918 -1
918 918 6
919 918 -1
926 918 -1
982 918 -1
911 919 -1
918 919 -1
919 919 5
927 919 -1
983 919 -1
912 920 -1
920 920 5
921 920 -1
928 920 -1
984 920 -1
913 921 -1
920 921 -1
921 921 6
922 921 -1
929 921 -1
985 921 -1
914 922 -1
921 922 -1
922 922 6
923 922 -1
930 922 -1
986 922 -1
915 923 -1
922 923 -1
923 923 6
924 923 -1
931 923 -1
987 923 -1
916 924 -1
923 924 -1
924 924 6
925 924 -1
932 924 -1
988 924 -1
917 925 -1
924 925 -1
925 925 6
926 925 -1
933 925 -1
989 925 -1
918 926 -1
925 926 -1
926 926 6
927 926 -1
934 926 -1
990 926 -1
919 927 -1
926 927 -1
927 927 5
935 927 -1
991 927 -1
920 928 -1
928 928 5
929 928 -1
936 928 -1
992 928 -1
921 929 -1
928 929 -1
929 929 6
930 929 -1
937 929 -1
993 929 -1
922 930 -1
929 930 -1
930 930 6
931 930 -1
938 930 -1
994 930 -1
923 931 -1
930 931 -1
931 931 6
932 931 -1
939 931 -1
995 931 -1
924 932 -1
931 932 -1
932 932 6
933 932 -1
940 932 -1
996 932 -1
925 933 -1
932 933 -1
933 933 6
934 933 -1
941 933 -1
997 933 -1
926 934 -1
933 934 -1
934 934 6
935 934 -1
942 934 -1
998 934 -1
927 935 -1
934 935 -1
935 935 5
943 935 -1
999 935 -1
928 936 -1
936 936 5
937 936 -1
944 936 -1
1000 936 -1
929 937 -1
936 937 -1
937 937 6
938 937 -1
945 937 -1
1001 937 -1
930 938 -1
937 938 -1
938 938 6
939 938 -1
946 938 -1
1002 938 -1
931 939 -1
938 939 -1
939 939 6
940 939 -1
947 939 -1
1003 939 -1
932 940 -1
939 940 -1
940 940 6
941 940 -1
948 940 -1
1004 940 -1
933 941 -1
940 941 -1
941 941 6
942 941 -1
949 941 -1
1005 941 -1
934 942 -1
941 942 -1
942 942 6
943 942 -1
950 942 -1
1006 942 -1
935 943 -1
942 943 -1
943 943 5
951 943 -1
1007 943 -1
936 944 -1
944 944 5
945 944 -1
952 944 -1
1008 944 -1
937 945 -1
944 945 -1
945 945 6
946 945 -1
953 945 -1
1009 945 -1
938 946 -1
945 946 -1
946 946 6
947 946 -1
954 946 -1
1010 946 -1
939 947 -1
946 947 -1
947 947 6
948 947 -1
955 947 -1
1011 947 -1
940 948 -1
947 948 -1
948 948 6
949 948 -1
956 948 -1
1012 948 -1
941 949 -1
948 949 -1
949 949 6
950 949 -1
957 949 -1
1013 949 -1
942 950 -1
949 950 -1
950 950 6
951 950 -1
958 950 -1
1014 950 -1
943 951 -1
950 951 -1
951 951 5
959 951 -1
1015 951 -1
944 952 -1
952 952 4
953 952 -1
1016 952 -1
945 953 -1
952 953 -1
953 953 5
954 953 -1
1017 953 -1
946 954 -1
953 954 -1
954 954 5
955 954 -1
1018 954 -1
947 955 -1
954 955 -1
955 955 5
956 955 -1
1019 955 -1
948 956 -1
955 956 -1
956 956 5
957 956 -1
1020 956 -1
949 957 -1
956 957 -1
957 957 5
958 957 -1
1021 957 -1
950 958 -1
957 958 -1
958 958 5
959 958 -1
1022 958 -1
951 959 -1
958 959 -1
959 959 4
1023 959 -1
896 960 -1
960 960 4
961 960 -1
968 960 -1
1024 960 -1
897 961 -1
960 961 -1
961 961 5
962 961 -1
969 961 -1
1025 961 -1
898 962 -1
961 962 -1
962 962 5
963 962 -1
970 962 -1
1026 962 -1
899 963 -1
962 963 -1
963 963 5
964 963 -1
971 963 -1
1027 963 -1
900 964 -1
963 964 -1
964 964 5
965 964 -1
972 964 -1
1028 964 -1
901 965 -1
964 965 -1
965 965 5
966 965 -1
973 965 -1
1029 965 -1
902 966 -1
965 966 -1
966 966 5
967 966 -1
974 966 -1
1030 966 -1
903 967 -1
966 967 -1
967 967 4
975 967 -1
1031 967 -1
904 968 -1
960 968 -1
968 968 5
969 968 -1
976 968 -1
1032 968 -1
905 969 -1
961 969 -1
968 969 -1
969 969 6
970 969 -1
977 969 -1
1033 969 -1
906 970 -1
962 970 -1
969 970 -1
970 970 6
971 970 -1
978 970 -1
1034 970 -1
907 971 -1
963 971 -1
970 971 -1
971 971 6
972 971 -1
979 971 -1
1035 971 -1
908 972 -1
964 972 -1
971 972 -1
972 972 6
973 972 -1
980 972 -1
1036 972 -1
909 973 -1
965 973 -1
972 973 -1
973 973 6
974 973 -1
981 973 -1
1037 973 -1
910 974 -1
966 974 -1
973 974 -1
974 974 6
975 974 -1
982 974 -1
1038 974 -1
911 975 -1
967 975 -1
974 975 -1
975 975 5
983 975 -1
1039 975 -1
912 976 -1
968 976 -1
976 976 5
977 976 -1
984 976 -1
1040 976 -1
913 977 -1
969 977 -1
976 977 -1
977 977 6
978 977 -1
985 977 -1
1041 977 -1
914 978 -1
970 978 -1
977 978 -1
978 978 6
979 978 -1
986 978 -1
1042 978 -1
915 979 -1
971 979 -1
978 979 -1
979 979 6
980 979 -1
987 979 -1
1043 979 -1
916 980 -1
972 980 -1
979 980 -1
980 980 6
981 980 -1
988 980 -1
1044 980 -1
917 981 -1
973 981 -1
980 981 -1
981 981 6
982 981 -1
989 981 -1
1045 981 -1
918 982 -1
974 982 -1
981 982 -1
982 982 6
983 982 -1
990 982 -1
1046 982 -1
919 983 -1
975 983 -1
982 983 -1
983 983 5
991 983 -1
1047 983 -1
920 984 -1
976 984 -1
984 984 5
985 984 -1
992 984 -1
1048 984 -1
921 985 -1
977 985 -1
984 985 -1
985 985 6
986 985 -1
993 985 -1
1049 985 -1
922 986 -1
978 986 -1
985 986 -1
986 986 6
987 986 -1
994 986 -1
1050 986 -1
923 987 -1
979 987 -1
986 987 -1
987 987 6
988 987 -1
995 987 -1
1051 987 -1
924 988 -1
980 988 -1
987 988 -1
988 988 6
989 988 -1
996 988 -1
1052 988 -1
925 989 -1
981 989 -1
988 989 -1
989 989 6
990 989 -1
997 989 -1
1053 989 -1
926 990 -1
982 990 -1
989 990 -1
990 990 6
991 990 -1
998 990 -1
1054 990 -1
927 991 -1
983 991 -1
990 991 -1
991 991 5
999 991 -1
1055 991 -1
928 992 -1
984 992 -1
992 992 5
993 992 -1
1000 992 -1
1056 992 -1
929 993 -1
985 993 -1
992 993 -1
993 993 6
994 993 -1
1001 993 -1
1057 993 -1
930 994 -1
986 994 -1
993 994 -1
994 994 6
995 994 -1
1002 994 -1
1058 994 -1
931 995 -1
987 995 -1
994 995 -1
995 995 6
996 995 -1
1003 995 -1
1059 995 -1
932 996 -1
988 996 -1
995 996 -1
996 996 6
997 996 -1
1004 996 -1
1060 996 -1
933 997 -1
989 997 -1
996 997 -1
997 997 6
998 997 -1
1005 997 -1
1061 997 -1
934 998 -1
990 998 -1
997 998 -1
998 998 6
999 998 -1
1006 998 -1
1062 998 -1
935 999 -1
991 999 -1
998 999 -1
999 999 5
1007 999 -1
1063 999 -1
936 1000 -1
992 1000 -1
1000 1000 5
1001 1000 -1
1008 1000 -1
1064 1000 -1
937 1001 -1
993 1001 -1
1000 1001 -1
1001 1001 6
1002 1001 -1
1009 1001 -1
1065 1001 -1
938 1002 -1
994 1002 -1
1001 1002 -1
1002 1002 6
1003 1002 -1
1010 1002 -1
1066 1002 -1
939 1003 -1
995 1003 -1
1002 1003 -1
1003 1003 6
1004 1003 -1
1011 1003 -1
1067 1003 -1
940 1004 -1
996 1004 -1
1003 1004 -1
1004 1004 6
1005 1004 -1
1012 1004 -1
1068 1004 -1
941 1005 -1
997 1005 -1
1004 1005 -1
1005 1005 6
1006 1005 -1
1013 1005 -1
1069 1005 -1
942 1006 -1
998 1006 -1
1005 1006 -1
1006 1006 6
1007 1006 -1
1014 1006 -1
1070 1006 -1
943 1007 -1
999 1007 -1
1006 1007 -1
1007 1007 5
1015 1007 -1
1071 1007 -1
944 1008 -1
1000 1008 -1
1008 1008 5
1009 1008 -1
1016 1008 -1
1072 1008 -1
945 1009 -1
1001 1009 -1
1008 1009 -1
1009 1009 6
1010 1009 -1
1017 1009 -1
1073 1009 -1
946 1010 -1
1002 1010 -1
1009 1010 -1
1010 1010 6
1011 1010 -1
1018 1010 -1
1074 1010 -1
947 1011 -1
1003 1011 -1
1010 1011 -1
1011 1011 6
1012 1011 -1
1019 1011 -1
1075 1011 -1
948 1012 -1
1004 1012 -1
1011 1012 -1
1012 1012 6
1013 1012 -1
1020 1012 -1
1076 1012 -1
949 1013 -1
1005 1013 -1
1012 1013 -1
1013 1013 6
1014 1013 -1
1021 1013 -1
1077 1013 -1
950 1014 -1
1006 1014 -1
1013 1014 -1
1014 1014 6
1015 1014 -1
1022 1014 -1
1078 1014 -1
951 1015 -1
1007 1015 -1
1014 1015 -1
1015 1015 5
1023 1015 -1
1079 1015 -1
952 1016 -1
1008 1016 -1
1016 1016 4
1017 1016 -1
1080 1016 -1
953 1017 -1
1009 1017 -1
1016 1017 -1
1017 1017 5
1018 1017 -1
1081 1017 -1
954 1018 -1
1010 1018 -1
1017 1018 -1
1018 1018 5
1019 1018 -1
1082 1018 -1
955 1019 -1
1011 1019 -1
1018 1019 -1
1019 1019 5
1020 1019 -1
1083 1019 -1
956 1020 -1
1012 1020 -1
1019 1020 -1
1020 1020 5
1021 1020 -1
1084 1020 -1
957 1021 -1
1013 1021 -1
1020 1021 -1
1021 1021 5
1022 1021 -1
1085 1021 -1
958 1022 -1
1014 1022 -1
1021 1022 -1
1022 1022 5
1023 1022 -1
1086 1022 -1
959 1023 -1
1015 1023 -1
1022 1023 -1
1023 1023 4
1087 1023 -1
960 1024 -1
1024 1024 4
1025 1024 -1
1032 1024 -1
1088 1024 -1
961 1025 -1
1024 1025 -1
1025 1025 5
1026 1025 -1
1033 1025 -1
1089 1025 -1
962 1026 -1
1025 1026 -1
1026 1026 5
1027 1026 -1
1034 1026 -1
1090 1026 -1
963 1027 -1
1026 1027 -1
1027 1027 5
1028 1027 -1
1035 1027 -1
1091 1027 -1
964 1028 -1
1027 1028 -1
1028 1028 5
1029 1028 -1
1036 1028 -1
1092 1028 -1
965 1029 -1
1028 1029 -1
1029 1029 5
1030 1029 -1
1037 1029 -1
1093 1029 -1
966 1030 -1
1029 1030 -1
1030 1030 5
1031 1030 -1
1038 1030 -1
1094 1030 -1
967 1031 -1
1030 1031 -1
1031 1031 4
1039 1031 -1
1095 1031 -1
968 1032 -1
1024 1032 -1
1032 1032 5
1033 1032 -1
1040 1032 -1
1096 1032 -1
969 1033 -1
1025 1033 -1
1032 1033 -1
1033 1033 6
1034 1033 -1
1041 1033 -1
1097 1033 -1
970 1034 -1
1026 1034 -1
1033 1034 -1
1034 1034 6
1035 1034 -1
1042 1034 -1
1098 1034 -1
971 1035 -1
1027 1035 -1
1034 1035 -1
1035 1035 6
1036 1035 -1
1043 1035 -1
1099 1035 -1
972 1036 -1
1028 1036 -1
1035 1036 -1
1036 1036 6
1037 1036 -1
1044 1036 -1
1100 1036 -1
973 1037 -1
1029 1037 -1
1036 1037 -1
1037 1037 6
1038 1037 -1
1045 1037 -1
1101 1037 -1
974 1038 -1
1030 1038 -1
1037 1038 -1
1038 1038 6
1039 1038 -1
1046 1038 -1
1102 1038 -1
975 1039 -1
1031 1039 -1
1038 1039 -1
1039 1039 5
1047 1039 -1
1103 1039 -1
976 1040 -1
1032 1040 -1
1040 1040 5
1041 1040 -1
1048 1040 -1
1104 1040 -1
977 1041 -1
1033 1041 -1
1040 1041 -1
1041 1041 6
1042 1041 -1
1049 1041 -1
1105 1041 -1
978 1042 -1
1034 1042 -1
1041 1042 -1
1042 1042 6
1043 1042 -1
1050 1042 -1
1106 1042 -1
979 1043 -1
1035 1043 -1
1042 1043 -1
1043 1043 6
1044 1043 -1
1051 1043 -1
1107 1043 -1
980 1044 -1
1036 1044 -1
1043 1044 -1
1044 1044 6
1045 1044 -1
1052 1044 -1
1108 1044 -1
981 1045 -1
1037 1045 -1
1044 1045 -1
1045 1045 6
1046 1045 -1
1053 1045 -1
1109 1045 -1
982 1046 -1
1038 1046 -1
1045 1046 -1
1046 1046 6
1047 1046 -1
1054 1046 -1
1110 1046 -1
983 1047 -1
1039 1047 -1
1046 1047 -1
1047 1047 5
1055 1047 -1
1111 1047 -1
984 1048 -1
1040 1048 -1
1048 1048 5
1049 1048 -1
1056 1048 -1
1112 1048 -1
985 1049 -1
1041 1049 -1
1048 1049 -1
1049 1049 6
1050 1049 -1
1057 1049 -1
1113 1049 -1
986 1050 -1
1042 1050 -1
1049 1050 -1
1050 1050 6
1051 1050 -1
1058 1050 -1
1114 1050 -1
987 1051 -1
1043 1051 -1
1050 1051 -1
1051 1051 6
1052 1051 -1
1059 1051 -1
1115 1051 -1
988 1052 -1
1044 1052 -1
1051 1052 -1
1052 1052 6
1053 1052 -1
1060 1052 -1
1116 1052 -1
989 1053 -1
1045 1053 -1
1052 1053 -1
1053 1053 6
1054 1053 -1
1061 1053 -1
1117 1053 -1
990 1054 -1
1046 1054 -1
1053 1054 -1
1054 1054 6
1055 1054 -1
1062 1054 -1
1118 1054 -1
991 1055 -1
1047 1055 -1
1054 1055 -1
1055 1055 5
1063 1055 -1
1119 1055 -1
992 1056 -1
1048 1056 -1
1056 1056 5
1057 1056 -1
1064 1056 -1
1120 1056 -1
993 1057 -1
1049 1057 -1
1056 1057 -1
1057 1057 6
1058 1057 -1
1065 1057 -1
1121 1057 -1
994 1058 -1
1050 1058 -1
1057 1058 -1
1058 1058 6
1059 1058 -1
1066 1058 -1
1122 1058 -1
995 1059 -1
1051 1059 -1
1058 1059 -1
1059 1059 6
1060 1059 -1
1067 1059 -1
1123 1059 -1
996 1060 -1
1052 1060 -1
1059 1060 -1
1060 1060 6
1061 1060 -1
1068 1060 -1
1124 1060 -1
997 1061 -1
1053 1061 -1
1060 1061 -1
1061 1061 6
1062 1061 -1
1069 1061 -1
1125 1061 -1
998 1062 -1
1054 1062 -1
1061 1062 -1
1062 1062 6
1063 1062 -1
1070 1062 -1
1126 1062 -1
999 1063 -1
1055 1063 -1
1062 1063 -1
1063 1063 5
1071 1063 -1
1127 1063 -1
1000 1064 -1
1056 1064 -1
1064 1064 5
1065 1064 -1
1072 1064 -1
1128 1064 -1
1001 1065 -1
1057 1065 -1
1064 1065 -1
1065 1065 6
1066 1065 -1
1073 1065 -1
1129 1065 -1
1002 1066 -1
1058 1066 -1
1065 1066 -1
1066 1066 6
1067 1066 -1
1074 1066 -1
1130 1066 -1
1003 1067 -1
1059 1067 -1
1066 1067 -1
1067 1067 6
1068 1067 -1
1075 1067 -1
1131 1067 -1
1004 1068 -1
1060 1068 -1
1067 1068 -1
1068 1068 6
1069 1068 -1
1076 1068 -1
1132 1068 -1
1005 1069 -1
1061 1069 -1
1068 1069 -1
1069 1069 6
1070 1069 -1
1077 1069 -1
1133 1069 -1
1006 1070 -1
1062 1070 -1
1069 1070 -1
1070 1070 6
1071 1070 -1
1078 1070 -1
1134 1070 -1
1007 1071 -1
1063 1071 -1
1070 1071 -1
1071 1071 5
1079 1071 -1
1135 1071 -1
1008 1072 -1
1064 1072 -1
1072 1072 5
1073 1072 -1
1080 1072 -1
1136 1072 -1
1009 1073 -1
1065 1073 -1
1072 1073 -1
1073 1073 6
1074 1073 -1
1081 1073 -1
1137 1073 -1
1010 1074 -1
1066 1074 -1
1073 1074 -1
1074 1074 6
1075 1074 -1
1082 1074 -1
1138 1074 -1
1011 1075 -1
1067 1075 -1
1074 1075 -1
1075 1075 6
1076 1075 -1
1083 1075 -1
1139 1075 -1
1012 1076 -1
1068 1076 -1
1075 1076 -1
1076 1076 6
1077 1076 -1
1084 1076 -1
1140 1076 -1
1013 1077 -1
1069 1077 -1
1076 1077 -1
1077 1077 6
1078 1077 -1
1085 1077 -1
1141 1077 -1
1014 1078 -1
1070 1078 -1
1077 1078 -1
1078 1078 6
1079 1078 -1
1086 1078 -1
1142 1078 -1
1015 1079 -1
1071 1079 -1
1078 1079 -1
1079 1079 5
1087 1079 -1
1143 1079 -1
1016 1080 -1
1072 1080 -1
1080 1080 4
1081 1080 -1
1144 1080 -1
1017 1081 -1
1073 1081 -1
1080 1081 -1
1081 1081 5
1082 1081 -1
1145 1081 -1
1018 1082 -1
1074 1082 -1
1081 1082 -1
1082 1082 5
1083 1082 -1
1146 1082 -1
1019 1083 -1
1075 1083 -1
1082 1083 -1
1083 1083 5
1084 1083 -1
1147 1083 -1
1020 1084 -1
1076 1084 -1
1083 1084 -1
1084 1084 5
1085 1084 -1
1148 1084 -1
1021 1085 -1
1077 1085 -1
1084 1085 -1
1085 1085 5
1086 1085 -1
1149 1085 -1
1022 1086 -1
1078 1086 -1
1085 1086 -1
1086 1086 5
1087 1086 -1
1150 1086 -1
1023 1087 -1
1079 1087 -1
1086 1087 -1
1087 1087 4
1151 1087 -1
1024 1088 -1
1088 1088 4
1089 1088 -1
1096 1088 -1
1152 1088 -1
1025 1089 -1
1088 1089 -1
1089 1089 5
1090 1089 -1
1097 1089 -1
1153 1089 -1
1026 1090 -1
1089 1090 -1
1090 1090 5
1091 1090 -1
1098 1090 -1
1154 1090 -1
1027 1091 -1
1090 1091 -1
1091 1091 5
1092 1091 -1
1099 1091 -1
1155 1091 -1
1028 1092 -1
1091 1092 -1
1092 1092 5
1093 1092 -1
1100 1092 -1
1156 1092 -1
1029 1093 -1
1092 1093 -1
1093 1093 5
1094 1093 -1
1101 1093 -1
1157 1093 -1
1030 1094 -1
1093 1094 -1
1094 1094 5
1095 1094 -1
1102 1094 -1
1158 1094 -1
1031 1095 -1
1094 1095 -1
1095 1095 4
1103 1095 -1
1159 1095 -1
1032 1096 -1
1088 1096 -1
1096 1096 5
1097 1096 -1
1104 1096 -1
1160 1096 -1
1033 1097 -1
1089 1097 -1
1096 1097 -1
1097 1097 6
1098 1097 -1
1105 1097 -1
1161 1097 -1
1034 1098 -1
1090 1098 -1
1097 1098 -1
1098 1098 6
1099 1098 -1
1106 1098 -1
1162 1098 -1
1035 1099 -1
1091 1099 -1
1098 1099 -1
1099 1099 6
1100 1099 -1
1107 1099 -1
1163 1099 -1
1036 1100 -1
1092 1100 -1
1099 1100 -1
1100 1100 6
1101 1100 -1
1108 1100 -1
1164 1100 -1
1037 1101 -1
1093 1101 -1
1100 1101 -1
1101 1101 6
1102 1101 -1
1109 1101 -1
1165 1101 -1
1038 1102 -1
1094 1102 -1
1101 1102 -1
1102 1102 6
1103 1102 -1
1110 1102 -1
1166 1102 -1
1039 1103 -1
1095 1103 -1
1102 1103 -1
1103 1103 5
1111 1103 -1
1167 1103 -1
1040 1104 -1
1096 1104 -1
1104 1104 5
1105 1104 -1
1112 1104 -1
1168 1104 -1
1041 1105 -1
1097 1105 -1
1104 1105 -1
1105 1105 6
1106 1105 -1
1113 1105 -1
1169 1105 -1
1042 1106 -1
1098 1106 -1
1105 1106 -1
1106 1106 6
1107 1106 -1
1114 1106 -1
1170 1106 -1
1043 1107 -1
1099 1107 -1
1106 1107 -1
1107 1107 6
1108 1107 -1
1115 1107 -1
1171 1107 -1
1044 1108 -1
1100 1108 -1
1107 1108 -1
1108 1108 6
1109 1108 -1
1116 1108 -1
1172 1108 -1
1045 1109 -1
1101 1109 -1
1108 1109 -1
1109 1109 6
1110 1109 -1
1117 1109 -1
1173 1109 -1
1046 1110 -1
1102 1110 -1
1109 1110 -1
1110 1110 6
1111 1110 -1
1118 1110 -1
1174 1110 -1
1047 1111 -1
1103 1111 -1
1110 1111 -1
1111 1111 5
1119 1111 -1
1175 1111 -1
1048 1112 -1
1104 1112 -1
1112 1112 5
1113 1112 -1
1120 1112 -1
1176 1112 -1
1049 1113 -1
1105 1113 -1
1112 1113 -1
1113 1113 6
1114 1113 -1
1121 1113 -1
1177 1113 -1
1050 1114 -1
1106 1114 -1
1113 1114 -1
1114 1114 6
1115 1114 -1
1122 1114 -1
1178 1114 -1
1051 1115 -1
1107 1115 -1
1114 1115 -1
1115 1115 6
1116 1115 -1
1123 1115 -1
1179 1115 -1
1052 1116 -1
1108 1116 -1
1115 1116 -1
1116 1116 6
1117 1116 -1
1124 1116 -1
1180 1116 -1
1053 1117 -1
1109 1117 -1
1116 1117 -1
1117 1117 6
1118 1117 -1
1125 1117 -1
1181 1117 -1
1054 1118 -1
1110 1118 -1
1117 1118 -1
1118 1118 6
1119 1118 -1
1126 1118 -1
1182 1118 -1
1055 1119 -1
1111 1119 -1
1118 1119 -1
1119 1119 5
1127 1119 -1
1183 1119 -1
1056 1120 -1
1112 1120 -1
1120 1120 5
1121 1120 -1
1128 1120 -1
1184 1120 -1
1057 1121 -1
1113 1121 -1
1120 1121 -1
1121 1121 6
1122 1121 -1
1129 1121 -1
1185 1121 -1
1058 1122 -1
1114 1122 -1
1121 1122 -1
1122 1122 6
1123 1122 -1
1130 1122 -1
1186 1122 -1
1059 1123 -1
1115 1123 -1
1122 1123 -1
1123 1123 6
1124 1123 -1
1131 1123 -1
1187 1123 -1
1060 1124 -1
1116 1124 -1
1123 1124 -1
1124 1124 6
1125 1124 -1
1132 1124 -1
1188 1124 -1
1061 1125 -1
1117 1125 -1
1124 1125 -1
1125 1125 6
1126 1125 -1
1133 1125 -1
1189 1125 -1
1062 1126 -1
1118 1126 -1
1125 1126 -1
1126 1126 6
1127 1126 -1
1134 1126 -1
1190 1126 -1
1063 1127 -1
1119 1127 -1
1126 1127 -1
1127 1127 5
1135 1127 -1
1191 1127 -1
1064 1128 -1
1120 1128 -1
1128 1128 5
1129 1128 -1
1136 1128 -1
1192 1128 -1
1065 1129 -1
1121 1129 -1
1128 1129 -1
1129 1129 6
1130 1129 -1
1137 1129 -1
1193 1129 -1
1066 1130 -1
1122 1130 -1
1129 1130 -1
1130 1130 6
1131 1130 -1
1138 1130 -1
1194 1130 -1
1067 1131 -1
1123 1131 -1
1130 1131 -1
1131 1131 6
1132 1131 -1
1139 1131 -1
1195 1131 -1
1068 1132 -1
1124 1132 -1
1131 1132 -1
1132 1132 6
1133 1132 -1
1140 1132 -1
1196 1132 -1
1069 1133 -1
1125 1133 -1
1132 1133 -1
1133 1133 6
1134 1133 -1
1141 1133 -1
1197 1133 -1
1070 1134 -1
1126 1134 -1
1133 1134 -1
1134 1134 6
1135 1134 -1
1142 1134 -1
1198 1134 -1
1071 1135 -1
1127 1135 -1
1134 1135 -1
1135 1135 5
1143 1135 -1
1199 1135 -1
1072 1136 -1
1128 1136 -1
1136 1136 5
1137 1136 -1
1144 1136 -1
1200 1136 -1
1073 1137 -1
1129 1137 -1
1136 1137 -1
1137 1137 6
1138 1137 -1
1145 1137 -1
1201 1137 -1
1074 1138 -1
1130 1138 -1
1137 1138 -1
1138 1138 6
1139 1138 -1
1146 1138 -1
1202 1138 -1
1075 1139 -1
1131 1139 -1
1138 1139 -1
1139 1139 6
1140 1139 -1
1147 1139 -1
1203 1139 -1
1076 1140 -1
1132 1140 -1
1139 1140 -1
1140 1140 6
1141 1140 -1
1148 1140 -1
1204 1140 -1
1077 1141 -1
1133 1141 -1
1140 1141 -1
1141 1141 6
1142 1141 -1
1149 1141 -1
1205 1141 -1
1078 1142 -1
1134 1142 -1
1141 1142 -1
1142 1142 6
1143 1142 -1
1150 1142 -1
1206 1142 -1
1079 1143 -1
1135 1143 -1
1142 1143 -1
1143 1143 5
1151 1143 -1
1207 1143 -1
1080 1144 -1
1136 1144 -1
1144 1144 4
1145 1144 -1
1208 1144 -1
1081 1145 -1
1137 1145 -1
1144 1145 -1
1145 1145 5
1146 1145 -1
1209 1145 -1
1082 1146 -1
1138 1146 -1
1145 1146 -1
1146 1146 5
1147 1146 -1
1210 1146 -1
1083 1147 -1
1139 1147 -1
1146 1147 -1
1147 1147 5
1148 1147 -1
1211 1147 -1
1084 1148 -1
1140 1148 -1
1147 1148 -1
1148 1148 5
1149 1148 -1
1212 1148 -1
1085 1149 -1
1141 1149 -1
1148 1149 -1
1149 1149 5
1150 1149 -1
1213 1149 -1
1086 1150 -1
1142 1150 -1
1149 1150 -1
1150 1150 5
1151 1150 -1
1214 1150 -1
1087 1151 -1
1143 1151 -1
1150 1151 -1
1151 1151 4
1215 1151 -1
1088 1152 -1
1152 1152 4
1153 1152 -1
1160 1152 -1
1216 1152 -1
1089 1153 -1
1152 1153 -1
1153 1153 5
1154 1153 -1
1161 1153 -1
1217 1153 -1
1090 1154 -1
1153 1154 -1
1154 1154 5
1155 1154 -1
1162 1154 -1
1218 1154 -1
1091 1155 -1
1154 1155 -1
1155 1155 5
1156 1155 -1
1163 1155 -1
1219 1155 -1
1092 1156 -1
1155 1156 -1
1156 1156 5
1157 1156 -1
1164 1156 -1
1220 1156 -1
1093 1157 -1
1156 1157 -1
1157 1157 5
1158 1157 -1
1165 1157 -1
1221 1157 -1
1094 1158 -1
1157 1158 -1
1158 1158 5
1159 1158 -1
1166 1158 -1
1222 1158 -1
1095 1159 -1
1158 1159 -1
1159 1159 4
1167 1159 -1
1223 1159 -1
1096 1160 -1
1152 1160 -1
1160 1160 5
1161 1160 -1
1168 1160 -1
1224 1160 -1
1097 1161 -1
1153 1161 -1
1160 1161 -1
1161 1161 6
1162 1161 -1
1169 1161 -1
1225 1161 -1
1098 1162 -1
1154 1162 -1
1161 1162 -1
1162 1162 6
1163 1162 -1
1170 1162 -1
1226 1162 -1
1099 1163 -1
1155 1163 -1
1162 1163 -1
1163 1163 6
1164 1163 -1
1171 1163 -1
1227 1163 -1
1100 1164 -1
1156 1164 -1
1163 1164 -1
1164 1164 6
1165 1164 -1
1172 1164 -1
1228 1164 -1
1101 1165 -1
1157 1165 -1
1164 1165 -1
1165 1165 6
1166 1165 -1
1173 1165 -1
1229 1165 -1
1102 1166 -1
1158 1166 -1
1165 1166 -1
1166 1166 6
1167 1166 -1
1174 1166 -1
1230 1166 -1
1103 1167 -1
1159 1167 -1
1166 1167 -1
1167 1167 5
1175 1167 -1
1231 1167 -1
1104 1168 -1
1160 1168 -1
1168 1168 5
1169 1168 -1
1176 1168 -1
1232 1168 -1
1105 1169 -1
1161 1169 -1
1168 1169 -1
1169 1169 6
1170 1169 -1
1177 1169 -1
1233 1169 -1
1106 1170 -1
1162 1170 -1
1169 1170 -1
1170 1170 6
1171 1170 -1
1178 1170 -1
1234 1170 -1
1107 1171 -1
1163 1171 -1
1170 1171 -1
1171 1171 6
1172 1171 -1
1179 1171 -1
1235 1171 -1
1108 1172 -1
1164 1172 -1
1171 1172 -1
1172 1172 6
1173 1172 -1
1180 1172 -1
1236 1172 -1
1109 1173 -1
1165 1173 -1
1172 1173 -1
1173 1173 6
1174 1173 -1
1181 1173 -1
1237 1173 -1
1110 1174 -1
1166 1174 -1
1173 1174 -1
1174 1174 6
1175 1174 -1
1182 1174 -1
1238 1174 -1
1111 1175 -1
1167 1175 -1
1174 1175 -1
1175 1175 5
1183 1175 -1
1239 1175 -1
1112 1176 -1
1168 1176 -1
1176 1176 5
1177 1176 -1
1184 1176 -1
1240 1176 -1
1113 1177 -1
1169 1177 -1
1176 1177 -1
1177 1177 6
1178 1177 -1
1185 1177 -1
1241 1177 -1
1114 1178 -1
1170 1178 -1
1177 1178 -1
1178 1178 6
1179 1178 -1
1186 1178 -1
1242 1178 -1
1115 1179 -1
1171 1179 -1
1178 1179 -1
1179 1179 6
1180 1179 -1
1187 1179 -1
1243 1179 -1
1116 1180 -1
1172 1180 -1
1179 1180 -1
1180 1180 6
1181 1180 -1
1188 1180 -1
1244 1180 -1
1117 1181 -1
1173 1181 -1
1180 1181 -1
1181 1181 6
1182 1181 -1
1189 1181 -1
1245 1181 -1
1118 1182 -1
1174 1182 -1
1181 1182 -1
1182 1182 6
1183 1182 -1
1190 1182 -1
1246 1182 -1
1119 1183 -1
1175 1183 -1
1182 1183 -1
1183 1183 5
1191 1183 -1
1247 1183 -1
1120 1184 -1
1176 1184 -1
1184 1184 5
1185 1184 -1
1192 1184 -1
1248 1184 -1
1121 1185 -1
1177 1185 -1
1184 1185 -1
1185 1185 6
1186 1185 -1
1193 1185 -1
1249 1185 -1
1122 1186 -1
1178 1186 -1
1185 1186 -1
1186 1186 6
1187 1186 -1
1194 1186 -1
1250 1186 -1
1123 1187 -1
1179 1187 -1
1186 1187 -1
1187 1187 6
1188 1187 -1
1195 1187 -1
1251 1187 -1
1124 1188 -1
1180 1188 -1
1187 1188 -1
1188 1188 6
1189 1188 -1
1196 1188 -1
1252 1188 -1
1125 1189 -1
1181 1189 -1
1188 1189 -1
1189 1189 6
1190 1189 -1
1197 1189 -1
1253 1189 -1
1126 1190 -1
1182 1190 -1
1189 1190 -1
1190 1190 6
1191 1190 -1
1198 1190 -1
1254 1190 -1
1127 1191 -1
1183 1191 -1
1190 1191 -1
1191 1191 5
1199 1191 -1
1255 1191 -1
1128 1192 -1
1184 1192 -1
1192 1192 5
1193 1192 -1
1200 1192 -1
1256 1192 -1
1129 1193 -1
1185 1193 -1
1192 1193 -1
1193 1193 6
1194 1193 -1
1201 1193 -1
1257 1193 -1
1130 1194 -1
1186 1194 -1
1193 1194 -1
1194 1194 6
1195 1194 -1
1202 1194 -1
1258 1194 -1
1131 1195 -1
1187 1195 -1
1194 1195 -1
1195 1195 6
1196 1195 -1
1203 1195 -1
1259 1195 -1
1132 1196 -1
1188 1196 -1
1195 1196 -1
1196 1196 6
1197 1196 -1
1204 1196 -1
1260 1196 -1
1133 1197 -1
1189 1197 -1
1196 1197 -1
1197 1197 6
1198 1197 -1
1205 1197 -1
1261 1197 -1
1134 1198 -1
1190 1198 -1
1197 1198 -1
1198 1198 6
1199 1198 -1
1206 1198 -1
1262 1198 -1
1135 1199 -1
1191 1199 -1
1198 1199 -1
1199 1199 5
1207 1199 -1
1263 1199 -1
1136 1200 -1
1192 1200 -1
1200 1200 5
1201 1200 -1
1208 1200 -1
1264 1200 -1
1137 1201 -1
1193 1201 -1
1200 1201 -1
1201 1201 6
1202 1201 -1
1209 1201 -1
1265 1201 -1
1138 1202 -1
1194 1202 -1
1201 1202 -1
1202 1202 6
1203 1202 -1
1210 1202 -1
1266 1202 -1
1139 1203 -1
1195 1203 -1
1202 1203 -1
1203 1203 6
1204 1203 -1
1211 1203 -1
1267 1203 -1
1140 1204 -1
1196 1204 -1
1203 1204 -1
1204 1204 6
1205 1204 -1
1212 1204 -1
1268 1204 -1
1141 1205 -1
1197 1205 -1
1204 1205 -1
1205 1205 6
1206 1205 -1
1213 1205 -1
1269 1205 -1
1142 1206 -1
1198 1206 -1
1205 1206 -1
1206 1206 6
1207 1206 -1
1214 1206 -1
1270 1206 -1
1143 1207 -1
1199 1207 -1
1206 1207 -1
1207 1207 5
1215 1207 -1
1271 1207 -1
1144 1208 -1
1200 1208 -1
1208 1208 4
1209 1208 -1
1272 1208 -1
1145 1209 -1
1201 1209 -1
1208 1209 -1
1209 1209 5
1210 1209 -1
1273 1209 -1
1146 1210 -1
1202 1210 -1
1209 1210 -1
1210 1210 5
1211 1210 -1
1274 1210 -1
1147 1211 -1
1203 1211 -1
1210 1211 -1
1211 1211 5
1212 1211 -1
1275 1211 -1
1148 1212 -1
1204 1212 -1
1211 1212 -1
1212 1212 5
1213 1212 -1
1276 1212 -1
1149 1213 -1
1205 1213 -1
1212 1213 -1
1213 1213 5
1214 1213 -1
1277 1213 -1
1150 1214 -1
1206 1214 -1
1213 1214 -1
1214 1214 5
1215 1214 -1
1278 1214 -1
1151 1215 -1
1207 1215 -1
1214 1215 -1
1215 1215 4
1279 1215 -1
1152 1216 -1
1216 1216 4
1217 1216 -1
1224 1216 -1
1280 1216 -1
1153 1217 -1
1216 1217 -1
1217 1217 5
1218 1217 -1
1225 1217 -1
1281 1217 -1
1154 1218 -1
1217 1218 -1
1218 1218 5
1219 1218 -1
1226 1218 -1
1282 1218 -1
1155 1219 -1
1218 1219 -1
1219 1219 5
1220 1219 -1
1227 1219 -1
1283 1219 -1
1156 1220 -1
1219 1220 -1
1220 1220 5
1221 1220 -1
1228 1220 -1
1284 1220 -1
1157 1221 -1
1220 1221 -1
1221 1221 5
1222 1221 -1
1229 1221 -1
1285 1221 -1
1158 1222 -1
1221 1222 -1
1222 1222 5
1223 1222 -1
1230 1222 -1
1286 1222 -1
1159 1223 -1
1222 1223 -1
1223 1223 4
1231 1223 -1
1287 1223 -1
1160 1224 -1
1216 1224 -1
1224 1224 5
1225 1224 -1
1232 1224 -1
1288 1224 -1
1161 1225 -1
1217 1225 -1
1224 1225 -1
1225 1225 6
1226 1225 -1
1233 1225 -1
1289 1225 -1
1162 1226 -1
1218 1226 -1
1225 1226 -1
1226 1226 6
1227 1226 -1
1234 1226 -1
1290 1226 -1
1163 1227 -1
1219 1227 -1
1226 1227 -1
1227 1227 6
1228 1227 -1
1235 1227 -1
1291 1227 -1
1164 1228 -1
1220 1228 -1
1227 1228 -1
1228 1228 6
1229 1228 -1
1236 1228 -1
1292 1228 -1
1165 1229 -1
1221 1229 -1
1228 1229 -1
1229 1229 6
1230 1229 -1
1237 1229 -1
1293 1229 -1
1166 1230 -1
1222 1230 -1
1229 1230 -1
1230 1230 6
1231 1230 -1
1238 1230 -1
1294 1230 -1
1167 1231 -1
1223 1231 -1
1230 1231 -1
1231 1231 5
1239 1231 -1
1295 1231 -1
1168 1232 -1
1224 1232 -1
1232 1232 5
1233 1232 -1
1240 1232 -1
1296 1232 -1
1169 1233 -1
1225 1233 -1
1232 1233 -1
1233 1233 6
1234 1233 -1
1241 1233 -1
1297 1233 -1
1170 1234 -1
1226 1234 -1
1233 1234 -1
1234 1234 6
1235 1234 -1
1242 1234 -1
1298 1234 -1
1171 1235 -1
1227 1235 -1
1234 1235 -1
1235 1235 6
1236 1235 -1
1243 1235 -1
1299 1235 -1
1172 1236 -1
1228 1236 -1
1235 1236 -1
1236 1236 6
1237 1236 -1
1244 1236 -1
1300 1236 -1
1173 1237 -1
1229 1237 -1
1236 1237 -1
1237 1237 6
1238 1237 -1
1245 1237 -1
1301 1237 -1
1174 1238 -1
1230 1238 -1
1237 1238 -1
1238 1238 6
1239 1238 -1
1246 1238 -1
1302 1238 -1
1175 1239 -1
1231 1239 -1
1238 1239 -1
1239 1239 5
1247 1239 -1
1303 1239 -1
1176 1240 -1
1232 1240 -1
1240 1240 5
1241 1240 -1
1248 1240 -1
1304 1240 -1
1177 1241 -1
1233 1241 -1
1240 1241 -1
1241 1241 6
1242 1241 -1
1249 1241 -1
1305 1241 -1
1178 1242 -1
1234 1242 -1
1241 1242 -1
1242 1242 6
1243 1242 -1
1250 1242 -1
1306 1242 -1
1179 1243 -1
1235 1243 -1
1242 1243 -1
1243 1243 6
1244 1243 -1
1251 1243 -1
1307 1243 -1
1180 1244 -1
1236 1244 -1
1243 1244 -1
1244 1244 6
1245 1244 -1
1252 1244 -1
1308 1244 -1
1181 1245 -1
1237 1245 -1
1244 1245 -1
1245 1245 6
1246 1245 -1
1253 1245 -1
1309 1245 -1
1182 1246 -1
1238 1246 -1
1245 1246 -1
1246 1246 6
1247 1246 -1
1254 1246 -1
1310 1246 -1
1183 1247 -1
1239 1247 -1
1246 1247 -1
1247 1247 5
1255 1247 -1
1311 1247 -1
1184 1248 -1
1240 1248 -1
1248 1248 5
1249 1248 -1
1256 1248 -1
1312 1248 -1
1185 1249 -1
1241 1249 -1
1248 1249 -1
1249 1249 6
1250 1249 -1
1257 1249 -1
1313 1249 -1
1186 1250 -1
1242 1250 -1
1249 1250 -1
1250 1250 6
1251 1250 -1
1258 1250 -1
1314 1250 -1
1187 1251 -1
1243 1251 -1
1250 1251 -1
1251 1251 6
1252 1251 -1
1259 1251 -1
1315 1251 -1
1188 1252 -1
1244 1252 -1
1251 1252 -1
1252 1252 6
1253 1252 -1
1260 1252 -1
1316 1252 -1
1189 1253 -1
1245 1253 -1
1252 1253 -1
1253 1253 6
1254 1253 -1
1261 1253 -1
1317 1253 -1
1190 1254 -1
1246 1254 -1
1253 1254 -1
1254 1254 6
1255 1254 -1
1262 1254 -1
1318 1254 -1
1191 1255 -1
1247 1255 -1
1254 1255 -1
1255 1255 5
1263 1255 -1
1319 1255 -1
1192 1256 -1
1248 1256 -1
1256 1256 5
1257 1256 -1
1264 1256 -1
1320 1256 -1
1193 1257 -1
1249 1257 -1
1256 1257 -1
1257 1257 6
1258 1257 -1
1265 1257 -1
1321 1257 -1
1194 1258 -1
1250 1258 -1
1257 1258 -1
1258 1258 6
1259 1258 -1
1266 1258 -1
1322 1258 -1
1195 1259 -1
1251 1259 -1
1258 1259 -1
1259 1259 6
1260 1259 -1
1267 1259 -1
1323 1259 -1
1196 1260 -1
1252 1260 -1
1259 1260 -1
1260 1260 6
1261 1260 -1
1268 1260 -1
1324 1260 -1
1197 1261 -1
1253 1261 -1
1260 1261 -1
1261 1261 6
1262 1261 -1
1269 1261 -1
1325 1261 -1
1198 1262 -1
1254 1262 -1
1261 1262 -1
1262 1262 6
1263 1262 -1
1270 1262 -1
1326 1262 -1
1199 1263 -1
1255 1263 -1
1262 1263 -1
1263 1263 5
1271 1263 -1
1327 1263 -1
1200 1264 -1
1256 1264 -1
1264 1264 5
1265 1264 -1
1272 1264 -1
1328 1264 -1
1201 1265 -1
1257 1265 -1
1264 1265 -1
1265 1265 6
1266 1265 -1
1273 1265 -1
1329 1265 -1
1202 1266 -1
1258 1266 -1
1265 1266 -1
1266 1266 6
1267 1266 -1
1274 1266 -1
1330 1266 -1
1203 1267 -1
1259 1267 -1
1266 1267 -1
1267 1267 6
1268 1267 -1
1275 1267 -1
1331 1267 -1
1204 1268 -1
1260 1268 -1
1267 1268 -1
1268 1268 6
1269 1268 -1
1276 1268 -1
1332 1268 -1
1205 1269 -1
1261 1269 -1
1268 1269 -1
1269 1269 6
1270 1269 -1
1277 1269 -1
1333 1269 -1
1206 1270 -1
1262 1270 -1
1269 1270 -1
1270 1270 6
1271 1270 -1
1278 1270 -1
1334 1270 -1
1207 1271 -1
1263 1271 -1
1270 1271 -1
1271 1271 5
1279 1271 -1
1335 1271 -1
1208 1272 -1
1264 1272 -1
1272 1272 4
1273 1272 -1
1336 1272 -1
1209 1273 -1
1265 1273 -1
1272 1273 -1
1273 1273 5
1274 1273 -1
1337 1273 -1
1210 1274 -1
1266 1274 -1
1273 1274 -1
1274 1274 5
1275 1274 -1
1338 1274 -1
1211 1275 -1
1267 1275 -1
1274 1275 -1
1275 1275 5
1276 1275 -1
1339 1275 -1
1212 1276 -1
1268 1276 -1
1275 1276 -1
1276 1276 5
1277 1276 -1
1340 1276 -1
1213 1277 -1
1269 1277 -1
1276 1277 -1
1277 1277 5
1278 1277 -1
1341 1277 -1
1214 1278 -1
1270 1278 -1
1277 1278 -1
1278 1278 5
1279 1278 -1
1342 1278 -1
1215 1279 -1
1271 1279 -1
1278 1279 -1
1279 1279 4
1343 1279 -1
1216 1280 -1
1280 1280 4
1281 1280 -1
1288 1280 -1
1217 1281 -1
1280 1281 -1
1281 1281 5
1282 1281 -1
1289 1281 -1
1218 1282 -1
1281 1282 -1
1282 1282 5
1283 1282 -1
1290 1282 -1
1219 1283 -1
1282 1283 -1
1283 1283 5
1284 1283 -1
1291 1283 -1
1220 1284 -1
1283 1284 -1
1284 1284 5
1285 1284 -1
1292 1284 -1
1221 1285 -1
1284 1285 -1
1285 1285 5
1286 1285 -1
1293 1285 -1
1222 1286 -1
1285 1286 -1
1286 1286 5
1287 1286 -1
1294 1286 -1
1223 1287 -1
1286 1287 -1
1287 1287 4
1295 1287 -1
1224 1288 -1
1280 1288 -1
1288 1288 5
1289 1288 -1
1296 1288 -1
1225 1289 -1
1281 1289 -1
1288 1289 -1
1289 1289 6
1290 1289 -1
1297 1289 -1
1226 1290 -1
1282 1290 -1
1289 1290 -1
1290 1290 6
1291 1290 -1
1298 1290 -1
1227 1291 -1
1283 1291 -1
1290 1291 -1
1291 1291 6
1292 1291 -1
1299 1291 -1
1228 1292 -1
1284 1292 -1
1291 1292 -1
1292 1292 6
1293 1292 -1
1300 1292 -1
1229 1293 -1
1285 1293 -1
1292 1293 -1
1293 1293 6
1294 1293 -1
1301 1293 -1
1230 1294 -1
1286 1294 -1
1293 1294 -1
1294 1294 6
1295 1294 -1
1302 1294 -1
1231 1295 -1
1287 1295 -1
1294 1295 -1
1295 1295 5
1303 1295 -1
1232 1296 -1
1288 1296 -1
1296 1296 5
1297 1296 -1
1304 1296 -1
1233 1297 -1
1289 1297 -1
1296 1297 -1
1297 1297 6
1298 1297 -1
1305 1297 -1
1234 1298 -1
1290 1298 -1
1297 1298 -1
1298 1298 6
1299 1298 -1
1306 1298 -1
1235 1299 -1
1291 1299 -1
1298 1299 -1
1299 1299 6
1300 1299 -1
1307 1299 -1
1236 1300 -1
1292 1300 -1
1299 1300 -1
1300 1300 6
1301 1300 -1
1308 1300 -1
1237 1301 -1
1293 1301 -1
1300 1301 -1
1301 1301 6
1302 1301 -1
1309 1301 -1
1238 1302 -1
1294 1302 -1
1301 1302 -1
1302 1302 6
1303 1302 -1
1310 1302 -1
1239 1303 -1
1295 1303 -1
1302 1303 -1
1303 1303 5
1311 1303 -1
1240 1304 -1
1296 1304 -1
1304 1304 5
1305 1304 -1
1312 1304 -1
1241 1305 -1
1297 1305 -1
1304 1305 -1
1305 1305 6
1306 1305 -1
1313 1305 -1
1242 1306 -1
1298 1306 -1
1305 1306 -1
1306 1306 6
1307 1306 -1
1314 1306 -1
1243 1307 -1
1299 1307 -1
1306 1307 -1
1307 1307 6
1308 1307 -1
1315 1307 -1
1244 1308 -1
1300 1308 -1
1307 1308 -1
1308 1308 6
1309 1308 -1
1316 1308 -1
1245 1309 -1
1301 1309 -1
1308 1309 -1
1309 1309 6
1310 1309 -1
1317 1309 -1
1246 1310 -1
1302 1310 -1
1309 1310 -1
1310 1310 6
1311 1310 -1
1318 1310 -1
1247 1311 -1
1303 1311 -1
1310 1311 -1
1311 1311 5
1319 1311 -1
1248 1312 -1
1304 1312 -1
1312 1312 5
1313 1312 -1
1320 1312 -1
1249 1313 -1
1305 1313 -1
1312 1313 -1
1313 1313 6
1314 1313 -1
1321 1313 -1
1250 1314 -1
1306 1314 -1
1313 1314 -1
1314 1314 6
1315 1314 -1
1322 1314 -1
1251 1315 -1
1307 1315 -1
1314 1315 -1
1315 1315 6
1316 1315 -1
1323 1315 -1
1252 1316 -1
1308 1316 -1
1315 1316 -1
1316 1316 6
1317 1316 -1
1324 1316 -1
1253 1317 -1
1309 1317 -1
1316 1317 -1
1317 1317 6
1318 1317 -1
1325 1317 -1
1254 1318 -1
1310 1318 -1
1317 1318 -1
1318 1318 6
1319 1318 -1
1326 1318 -1
1255 1319 -1
1311 1319 -1
1318 1319 -1
1319 1319 5
1327 1319 -1
1256 1320 -1
1312 1320 -1
1320 1320 5
1321 1320 -1
1328 1320 -1
1257 1321 -1
1313 1321 -1
1320 1321 -1
1321 1321 6
1322 1321 -1
1329 1321 -1
1258 1322 -1
1314 1322 -1
1321 1322 -1
1322 1322 6
1323 1322 -1
1330 1322 -1
1259 1323 -1
1315 1323 -1
1322 1323 -1
1323 1323 6
1324 1323 -1
1331 1323 -1
1260 1324 -1
1316 1324 -1
1323 1324 -1
1324 1324 6
1325 1324 -1
1332 1324 -1
1261 1325 -1
1317 1325 -1
1324 1325 -1
1325 1325 6
1326 1325 -1
1333 1325 -1
1262 1326 -1
1318 1326 -1
1325 1326 -1
1326 1326 6
1327 1326 -1
1334 1326 -1
1263 1327 -1
1319 1327 -1
1326 1327 -1
1327 1327 5
1335 1327 -1
1264 1328 -1
1320 1328 -1
1328 1328 5
1329 1328 -1
1336 1328 -1
1265 1329 -1
1321 1329 -1
1328 1329 -1
1329 1329 6
1330 1329 -1
1337 1329 -1
1266 1330 -1
1322 1330 -1
1329 1330 -1
1330 1330 6
1331 1330 -1
1338 1330 -1
1267 1331 -1
1323 1331 -1
1330 1331 -1
1331 1331 6
1332 1331 -1
1339 1331 -1
1268 1332 -1
1324 1332 -1
1331 1332 -1
1332 1332 6
1333 1332 -1
1340 1332 -1
1269 1333 -1
1325 1333 -1
1332 1333 -1
1333 1333 6
1334 1333 -1
1341 1333 -1
1270 1334 -1
1326 1334 -1
1333 1334 -1
1334 1334 6
1335 1334 -1
1342 1334 -1
1271 1335 -1
1327 1335 -1
1334 1335 -1
1335 1335 5
1343 1335 -1
1272 1336 -1
1328 1336 -1
1336 1336 4
1337 1336 -1
1273 1337 -1
1329 1337 -1
1336 1337 -1
1337 1337 5
1338 1337 -1
1274 1338 -1
1330 1338 -1
1337 1338 -1
1338 1338 5
1339 1338 -1
1275 1339 -1
1331 1339 -1
1338 1339 -1
1339 1339 5
1340 1339 -1
1276 1340 -1
1332 1340 -1
1339 1340 -1
1340 1340 5
1341 1340 -1
1277 1341 -1
1333 1341 -1
1340 1341 -1
1341 1341 5
1342 1341 -1
1278 1342 -1
1334 1342 -1
1341 1342 -1
1342 1342 5
1343 1342 -1
1279 1343 -1
1335 1343 -1
1342 1343 -1
1343 1343 4
