1 0 1
8 0 1
64 0 1
0 1 1
2 1 1
9 1 1
65 1 1
1 2 1
3 2 1
10 2 1
66 2 1
2 3 1
4 3 1
11 3 1
67 3 1
3 4 1
5 4 1
12 4 1
68 4 1
4 5 1
6 5 1
13 5 1
69 5 1
5 6 1
7 6 1
14 6 1
70 6 1
6 7 1
15 7 1
71 7 1
9 8 1
0 8 1
16 8 1
72 8 1
8 9 1
10 9 1
1 9 1
17 9 1
73 9 1
9 10 1
11 10 1
2 10 1
18 10 1
74 10 1
10 11 1
12 11 1
3 11 1
19 11 1
75 11 1
11 12 1
13 12 1
4 12 1
20 12 1
76 12 1
12 13 1
14 13 1
5 13 1
21 13 1
77 13 1
13 14 1
15 14 1
6 14 1
22 14 1
78 14 1
14 15 1
7 15 1
23 15 1
79 15 1
17 16 1
8 16 1
24 16 1
80 16 1
16 17 1
18 17 1
9 17 1
25 17 1
81 17 1
17 18 1
19 18 1
10 18 1
26 18 1
82 18 1
18 19 1
20 19 1
11 19 1
27 19 1
83 19 1
19 20 1
21 20 1
12 20 1
28 20 1
84 20 1
20 21 1
22 21 1
13 21 1
29 21 1
85 21 1
21 22 1
23 22 1
14 22 1
30 22 1
86 22 1
22 23 1
15 23 1
31 23 1
87 23 1
25 24 1
16 24 1
32 24 1
88 24 1
24 25 1
26 25 1
17 25 1
33 25 1
89 25 1
25 26 1
27 26 1
18 26 1
34 26 1
90 26 1
26 27 1
28 27 1
19 27 1
35 27 1
91 27 1
27 28 1
29 28 1
20 28 1
36 28 1
92 28 1
28 29 1
30 29 1
21 29 1
37 29 1
93 29 1
29 30 1
31 30 1
22 30 1
38 30 1
94 30 1
30 31 1
23 31 1
39 31 1
95 31 1
33 32 1
24 32 1
40 32 1
96 32 1
32 33 1
34 33 1
25 33 1
41 33 1
97 33 1
33 34 1
35 34 1
26 34 1
42 34 1
98 34 1
34 35 1
36 35 1
27 35 1
43 35 1
99 35 1
35 36 1
37 36 1
28 36 1
44 36 1
100 36 1
36 37 1
38 37 1
29 37 1
45 37 1
101 37 1
37 38 1
39 38 1
30 38 1
46 38 1
102 38 1
38 39 1
31 39 1
47 39 1
103 39 1
41 40 1
32 40 1
48 40 1
104 40 1
40 41 1
42 41 1
33 41 1
49 41 1
105 41 1
41 42 1
43 42 1
34 42 1
50 42 1
106 42 1
42 43 1
44 43 1
35 43 1
51 43 1
107 43 1
43 44 1
45 44 1
36 44 1
52 44 1
108 44 1
44 45 1
46 45 1
37 45 1
53 45 1
109 45 1
45 46 1
47 46 1
38 46 1
54 46 1
110 46 1
46 47 1
39 47 1
55 47 1
111 47 1
49 48 1
40 48 1
56 48 1
112 48 1
48 49 1
50 49 1
41 49 1
57 49 1
113 49 1
49 50 1
51 50 1
42 50 1
58 50 1
114 50 1
50 51 1
52 51 1
43 51 1
59 51 1
115 51 1
51 52 1
53 52 1
44 52 1
60 52 1
116 52 1
52 53 1
54 53 1
45 53 1
61 53 1
117 53 1
53 54 1
55 54 1
46 54 1
62 54 1
118 54 1
54 55 1
47 55 1
63 55 1
119 55 1
57 56 1
48 56 1
120 56 1
56 57 1
58 57 1
49 57 1
121 57 1
57 58 1
59 58 1
50 58 1
122 58 1
58 59 1
60 59 1
51 59 1
123 59 1
59 60 1
61 60 1
52 60 1
124 60 1
60 61 1
62 61 1
53 61 1
125 61 1
61 62 1
63 62 1
54 62 1
126 62 1
62 63 1
55 63 1
127 63 1
65 64 1
72 64 1
0 64 1
128 64 1
64 65 1
66 65 1
73 65 1
1 65 1
129 65 1
65 66 1
67 66 1
74 66 1
2 66 1
130 66 1
66 67 1
68 67 1
75 67 1
3 67 1
131 67 1
67 68 1
69 68 1
76 68 1
4 68 1
132 68 1
68 69 1
70 69 1
77 69 1
5 69 1
133 69 1
69 70 1
71 70 1
78 70 1
6 70 1
134 70 1
70 71 1
79 71 1
7 71 1
135 71 1
73 72 1
64 72 1
80 72 1
8 72 1
136 72 1
72 73 1
74 73 1
65 73 1
81 73 1
9 73 1
137 73 1
73 74 1
75 74 1
66 74 1
82 74 1
10 74 1
138 74 1
74 75 1
76 75 1
67 75 1
83 75 1
11 75 1
139 75 1
75 76 1
77 76 1
68 76 1
84 76 1
12 76 1
140 76 1
76 77 1
78 77 1
69 77 1
85 77 1
13 77 1
141 77 1
77 78 1
79 78 1
70 78 1
86 78 1
14 78 1
142 78 1
78 79 1
71 79 1
87 79 1
15 79 1
143 79 1
81 80 1
72 80 1
88 80 1
16 80 1
144 80 1
80 81 1
82 81 1
73 81 1
89 81 1
17 81 1
145 81 1
81 82 1
83 82 1
74 82 1
90 82 1
18 82 1
146 82 1
82 83 1
84 83 1
75 83 1
91 83 1
19 83 1
147 83 1
83 84 1
85 84 1
76 84 1
92 84 1
20 84 1
148 84 1
84 85 1
86 85 1
77 85 1
93 85 1
21 85 1
149 85 1
85 86 1
87 86 1
78 86 1
94 86 1
22 86 1
150 86 1
86 87 1
79 87 1
95 87 1
23 87 1
151 87 1
89 88 1
80 88 1
96 88 1
24 88 1
152 88 1
88 89 1
90 89 1
81 89 1
97 89 1
25 89 1
153 89 1
89 90 1
91 90 1
82 90 1
98 90 1
26 90 1
154 90 1
90 91 1
92 91 1
83 91 1
99 91 1
27 91 1
155 91 1
91 92 1
93 92 1
84 92 1
100 92 1
28 92 1
156 92 1
92 93 1
94 93 1
85 93 1
101 93 1
29 93 1
157 93 1
93 94 1
95 94 1
86 94 1
102 94 1
30 94 1
158 94 1
94 95 1
87 95 1
103 95 1
31 95 1
159 95 1
97 96 1
88 96 1
104 96 1
32 96 1
160 96 1
96 97 1
98 97 1
89 97 1
105 97 1
33 97 1
161 97 1
97 98 1
99 98 1
90 98 1
106 98 1
34 98 1
162 98 1
98 99 1
100 99 1
91 99 1
107 99 1
35 99 1
163 99 1
99 100 1
101 100 1
92 100 1
108 100 1
36 100 1
164 100 1
100 101 1
102 101 1
93 101 1
109 101 1
37 101 1
165 101 1
101 102 1
103 102 1
94 102 1
110 102 1
38 102 1
166 102 1
102 103 1
95 103 1
111 103 1
39 103 1
167 103 1
105 104 1
96 104 1
112 104 1
40 104 1
168 104 1
104 105 1
106 105 1
97 105 1
113 105 1
41 105 1
169 105 1
105 106 1
107 106 1
98 106 1
114 106 1
42 106 1
170 106 1
106 107 1
108 107 1
99 107 1
115 107 1
43 107 1
171 107 1
107 108 1
109 108 1
100 108 1
116 108 1
44 108 1
172 108 1
108 109 1
110 109 1
101 109 1
117 109 1
45 109 1
173 109 1
109 110 1
111 110 1
102 110 1
118 110 1
46 110 1
174 110 1
110 111 1
103 111 1
119 111 1
47 111 1
175 111 1
113 112 1
104 112 1
120 112 1
48 112 1
176 112 1
112 113 1
114 113 1
105 113 1
121 113 1
49 113 1
177 113 1
113 114 1
115 114 1
106 114 1
122 114 1
50 114 1
178 114 1
114 115 1
116 115 1
107 115 1
123 115 1
51 115 1
179 115 1
115 116 1
117 116 1
108 116 1
124 116 1
52 116 1
180 116 1
116 117 1
118 117 1
109 117 1
125 117 1
53 117 1
181 117 1
117 118 1
119 118 1
110 118 1
126 118 1
54 118 1
182 118 1
118 119 1
111 119 1
127 119 1
55 119 1
183 119 1
121 120 1
112 120 1
56 120 1
184 120 1
120 121 1
122 121 1
113 121 1
57 121 1
185 121 1
121 122 1
123 122 1
114 122 1
58 122 1
186 122 1
122 123 1
124 123 1
115 123 1
59 123 1
187 123 1
123 124 1
125 124 1
116 124 1
60 124 1
188 124 1
124 125 1
126 125 1
117 125 1
61 125 1
189 125 1
125 126 1
127 126 1
118 126 1
62 126 1
190 126 1
126 127 1
119 127 1
63 127 1
191 127 1
129 128 1
136 128 1
64 128 1
192 128 1
128 129 1
130 129 1
137 129 1
65 129 1
193 129 1
129 130 1
131 130 1
138 130 1
66 130 1
194 130 1
130 131 1
132 131 1
139 131 1
67 131 1
195 131 1
131 132 1
133 132 1
140 132 1
68 132 1
196 132 1
132 133 1
134 133 1
141 133 1
69 133 1
197 133 1
133 134 1
135 134 1
142 134 1
70 134 1
198 134 1
134 135 1
143 135 1
71 135 1
199 135 1
137 136 1
128 136 1
144 136 1
72 136 1
200 136 1
136 137 1
138 137 1
129 137 1
145 137 1
73 137 1
201 137 1
137 138 1
139 138 1
130 138 1
146 138 1
74 138 1
202 138 1
138 139 1
140 139 1
131 139 1
147 139 1
75 139 1
203 139 1
139 140 1
141 140 1
132 140 1
148 140 1
76 140 1
204 140 1
140 141 1
142 141 1
133 141 1
149 141 1
77 141 1
205 141 1
141 142 1
143 142 1
134 142 1
150 142 1
78 142 1
206 142 1
142 143 1
135 143 1
151 143 1
79 143 1
207 143 1
145 144 1
136 144 1
152 144 1
80 144 1
208 144 1
144 145 1
146 145 1
137 145 1
153 145 1
81 145 1
209 145 1
145 146 1
147 146 1
138 146 1
154 146 1
82 146 1
210 146 1
146 147 1
148 147 1
139 147 1
155 147 1
83 147 1
211 147 1
147 148 1
149 148 1
140 148 1
156 148 1
84 148 1
212 148 1
148 149 1
150 149 1
141 149 1
157 149 1
85 149 1
213 149 1
149 150 1
151 150 1
142 150 1
158 150 1
86 150 1
214 150 1
150 151 1
143 151 1
159 151 1
87 151 1
215 151 1
153 152 1
144 152 1
160 152 1
88 152 1
216 152 1
152 153 1
154 153 1
145 153 1
161 153 1
89 153 1
217 153 1
153 154 1
155 154 1
146 154 1
162 154 1
90 154 1
218 154 1
154 155 1
156 155 1
147 155 1
163 155 1
91 155 1
219 155 1
155 156 1
157 156 1
148 156 1
164 156 1
92 156 1
220 156 1
156 157 1
158 157 1
149 157 1
165 157 1
93 157 1
221 157 1
157 158 1
159 158 1
150 158 1
166 158 1
94 158 1
222 158 1
158 159 1
151 159 1
167 159 1
95 159 1
223 159 1
161 160 1
152 160 1
168 160 1
96 160 1
224 160 1
160 161 1
162 161 1
153 161 1
169 161 1
97 161 1
225 161 1
161 162 1
163 162 1
154 162 1
170 162 1
98 162 1
226 162 1
162 163 1
164 163 1
155 163 1
171 163 1
99 163 1
227 163 1
163 164 1
165 164 1
156 164 1
172 164 1
100 164 1
228 164 1
164 165 1
166 165 1
157 165 1
173 165 1
101 165 1
229 165 1
165 166 1
167 166 1
158 166 1
174 166 1
102 166 1
230 166 1
166 167 1
159 167 1
175 167 1
103 167 1
231 167 1
169 168 1
160 168 1
176 168 1
104 168 1
232 168 1
168 169 1
170 169 1
161 169 1
177 169 1
105 169 1
233 169 1
169 170 1
171 170 1
162 170 1
178 170 1
106 170 1
234 170 1
170 171 1
172 171 1
163 171 1
179 171 1
107 171 1
235 171 1
171 172 1
173 172 1
164 172 1
180 172 1
108 172 1
236 172 1
172 173 1
174 173 1
165 173 1
181 173 1
109 173 1
237 173 1
173 174 1
175 174 1
166 174 1
182 174 1
110 174 1
238 174 1
174 175 1
167 175 1
183 175 1
111 175 1
239 175 1
177 176 1
168 176 1
184 176 1
112 176 1
240 176 1
176 177 1
178 177 1
169 177 1
185 177 1
113 177 1
241 177 1
177 178 1
179 178 1
170 178 1
186 178 1
114 178 1
242 178 1
178 179 1
180 179 1
171 179 1
187 179 1
115 179 1
243 179 1
179 180 1
181 180 1
172 180 1
188 180 1
116 180 1
244 180 1
180 181 1
182 181 1
173 181 1
189 181 1
117 181 1
245 181 1
181 182 1
183 182 1
174 182 1
190 182 1
118 182 1
246 182 1
182 183 1
175 183 1
191 183 1
119 183 1
247 183 1
185 184 1
176 184 1
120 184 1
248 184 1
184 185 1
186 185 1
177 185 1
121 185 1
249 185 1
185 186 1
187 186 1
178 186 1
122 186 1
250 186 1
186 187 1
188 187 1
179 187 1
123 187 1
251 187 1
187 188 1
189 188 1
180 188 1
124 188 1
252 188 1
188 189 1
190 189 1
181 189 1
125 189 1
253 189 1
189 190 1
191 190 1
182 190 1
126 190 1
254 190 1
190 191 1
183 191 1
127 191 1
255 191 1
193 192 1
200 192 1
128 192 1
256 192 1
192 193 1
194 193 1
201 193 1
129 193 1
257 193 1
193 194 1
195 194 1
202 194 1
130 194 1
258 194 1
194 195 1
196 195 1
203 195 1
131 195 1
259 195 1
195 196 1
197 196 1
204 196 1
132 196 1
260 196 1
196 197 1
198 197 1
205 197 1
133 197 1
261 197 1
197 198 1
199 198 1
206 198 1
134 198 1
262 198 1
198 199 1
207 199 1
135 199 1
263 199 1
201 200 1
192 200 1
208 200 1
136 200 1
264 200 1
200 201 1
202 201 1
193 201 1
209 201 1
137 201 1
265 201 1
201 202 1
203 202 1
194 202 1
210 202 1
138 202 1
266 202 1
202 203 1
204 203 1
195 203 1
211 203 1
139 203 1
267 203 1
203 204 1
205 204 1
196 204 1
212 204 1
140 204 1
268 204 1
204 205 1
206 205 1
197 205 1
213 205 1
141 205 1
269 205 1
205 206 1
207 206 1
198 206 1
214 206 1
142 206 1
270 206 1
206 207 1
199 207 1
215 207 1
143 207 1
271 207 1
209 208 1
200 208 1
216 208 1
144 208 1
272 208 1
208 209 1
210 209 1
201 209 1
217 209 1
145 209 1
273 209 1
209 210 1
211 210 1
202 210 1
218 210 1
146 210 1
274 210 1
210 211 1
212 211 1
203 211 1
219 211 1
147 211 1
275 211 1
211 212 1
213 212 1
204 212 1
220 212 1
148 212 1
276 212 1
212 213 1
214 213 1
205 213 1
221 213 1
149 213 1
277 213 1
213 214 1
215 214 1
206 214 1
222 214 1
150 214 1
278 214 1
214 215 1
207 215 1
223 215 1
151 215 1
279 215 1
217 216 1
208 216 1
224 216 1
152 216 1
280 216 1
216 217 1
218 217 1
209 217 1
225 217 1
153 217 1
281 217 1
217 218 1
219 218 1
210 218 1
226 218 1
154 218 1
282 218 1
218 219 1
220 219 1
211 219 1
227 219 1
155 219 1
283 219 1
219 220 1
221 220 1
212 220 1
228 220 1
156 220 1
284 220 1
220 221 1
222 221 1
213 221 1
229 221 1
157 221 1
285 221 1
221 222 1
223 222 1
214 222 1
230 222 1
158 222 1
286 222 1
222 223 1
215 223 1
231 223 1
159 223 1
287 223 1
225 224 1
216 224 1
232 224 1
160 224 1
288 224 1
224 225 1
226 225 1
217 225 1
233 225 1
161 225 1
289 225 1
225 226 1
227 226 1
218 226 1
234 226 1
162 226 1
290 226 1
226 227 1
228 227 1
219 227 1
235 227 1
163 227 1
291 227 1
227 228 1
229 228 1
220 228 1
236 228 1
164 228 1
292 228 1
228 229 1
230 229 1
221 229 1
237 229 1
165 229 1
293 229 1
229 230 1
231 230 1
222 230 1
238 230 1
166 230 1
294 230 1
230 231 1
223 231 1
239 231 1
167 231 1
295 231 1
233 232 1
224 232 1
240 232 1
168 232 1
296 232 1
232 233 1
234 233 1
225 233 1
241 233 1
169 233 1
297 233 1
233 234 1
235 234 1
226 234 1
242 234 1
170 234 1
298 234 1
234 235 1
236 235 1
227 235 1
243 235 1
171 235 1
299 235 1
235 236 1
237 236 1
228 236 1
244 236 1
172 236 1
300 236 1
236 237 1
238 237 1
229 237 1
245 237 1
173 237 1
301 237 1
237 238 1
239 238 1
230 238 1
246 238 1
174 238 1
302 238 1
238 239 1
231 239 1
247 239 1
175 239 1
303 239 1
241 240 1
232 240 1
248 240 1
176 240 1
304 240 1
240 241 1
242 241 1
233 241 1
249 241 1
177 241 1
305 241 1
241 242 1
243 242 1
234 242 1
250 242 1
178 242 1
306 242 1
242 243 1
244 243 1
235 243 1
251 243 1
179 243 1
307 243 1
243 244 1
245 244 1
236 244 1
252 244 1
180 244 1
308 244 1
244 245 1
246 245 1
237 245 1
253 245 1
181 245 1
309 245 1
245 246 1
247 246 1
238 246 1
254 246 1
182 246 1
310 246 1
246 247 1
239 247 1
255 247 1
183 247 1
311 247 1
249 248 1
240 248 1
184 248 1
312 248 1
248 249 1
250 249 1
241 249 1
185 249 1
313 249 1
249 250 1
251 250 1
242 250 1
186 250 1
314 250 1
250 251 1
252 251 1
243 251 1
187 251 1
315 251 1
251 252 1
253 252 1
244 252 1
188 252 1
316 252 1
252 253 1
254 253 1
245 253 1
189 253 1
317 253 1
253 254 1
255 254 1
246 254 1
190 254 1
318 254 1
254 255 1
247 255 1
191 255 1
319 255 1
257 256 1
264 256 1
192 256 1
320 256 1
256 257 1
258 257 1
265 257 1
193 257 1
321 257 1
257 258 1
259 258 1
266 258 1
194 258 1
322 258 1
258 259 1
260 259 1
267 259 1
195 259 1
323 259 1
259 260 1
261 260 1
268 260 1
196 260 1
324 260 1
260 261 1
262 261 1
269 261 1
197 261 1
325 261 1
261 262 1
263 262 1
270 262 1
198 262 1
326 262 1
262 263 1
271 263 1
199 263 1
327 263 1
265 264 1
256 264 1
272 264 1
200 264 1
328 264 1
264 265 1
266 265 1
257 265 1
273 265 1
201 265 1
329 265 1
265 266 1
267 266 1
258 266 1
274 266 1
202 266 1
330 266 1
266 267 1
268 267 1
259 267 1
275 267 1
203 267 1
331 267 1
267 268 1
269 268 1
260 268 1
276 268 1
204 268 1
332 268 1
268 269 1
270 269 1
261 269 1
277 269 1
205 269 1
333 269 1
269 270 1
271 270 1
262 270 1
278 270 1
206 270 1
334 270 1
270 271 1
263 271 1
279 271 1
207 271 1
335 271 1
273 272 1
264 272 1
280 272 1
208 272 1
336 272 1
272 273 1
274 273 1
265 273 1
281 273 1
209 273 1
337 273 1
273 274 1
275 274 1
266 274 1
282 274 1
210 274 1
338 274 1
274 275 1
276 275 1
267 275 1
283 275 1
211 275 1
339 275 1
275 276 1
277 276 1
268 276 1
284 276 1
212 276 1
340 276 1
276 277 1
278 277 1
269 277 1
285 277 1
213 277 1
341 277 1
277 278 1
279 278 1
270 278 1
286 278 1
214 278 1
342 278 1
278 279 1
271 279 1
287 279 1
215 279 1
343 279 1
281 280 1
272 280 1
288 280 1
216 280 1
344 280 1
280 281 1
282 281 1
273 281 1
289 281 1
217 281 1
345 281 1
281 282 1
283 282 1
274 282 1
290 282 1
218 282 1
346 282 1
282 283 1
284 283 1
275 283 1
291 283 1
219 283 1
347 283 1
283 284 1
285 284 1
276 284 1
292 284 1
220 284 1
348 284 1
284 285 1
286 285 1
277 285 1
293 285 1
221 285 1
349 285 1
285 286 1
287 286 1
278 286 1
294 286 1
222 286 1
350 286 1
286 287 1
279 287 1
295 287 1
223 287 1
351 287 1
289 288 1
280 288 1
296 288 1
224 288 1
352 288 1
288 289 1
290 289 1
281 289 1
297 289 1
225 289 1
353 289 1
289 290 1
291 290 1
282 290 1
298 290 1
226 290 1
354 290 1
290 291 1
292 291 1
283 291 1
299 291 1
227 291 1
355 291 1
291 292 1
293 292 1
284 292 1
300 292 1
228 292 1
356 292 1
292 293 1
294 293 1
285 293 1
301 293 1
229 293 1
357 293 1
293 294 1
295 294 1
286 294 1
302 294 1
230 294 1
358 294 1
294 295 1
287 295 1
303 295 1
231 295 1
359 295 1
297 296 1
288 296 1
304 296 1
232 296 1
360 296 1
296 297 1
298 297 1
289 297 1
305 297 1
233 297 1
361 297 1
297 298 1
299 298 1
290 298 1
306 298 1
234 298 1
362 298 1
298 299 1
300 299 1
291 299 1
307 299 1
235 299 1
363 299 1
299 300 1
301 300 1
292 300 1
308 300 1
236 300 1
364 300 1
300 301 1
302 301 1
293 301 1
309 301 1
237 301 1
365 301 1
301 302 1
303 302 1
294 302 1
310 302 1
238 302 1
366 302 1
302 303 1
295 303 1
311 303 1
239 303 1
367 303 1
305 304 1
296 304 1
312 304 1
240 304 1
368 304 1
304 305 1
306 305 1
297 305 1
313 305 1
241 305 1
369 305 1
305 306 1
307 306 1
298 306 1
314 306 1
242 306 1
370 306 1
306 307 1
308 307 1
299 307 1
315 307 1
243 307 1
371 307 1
307 308 1
309 308 1
300 308 1
316 308 1
244 308 1
372 308 1
308 309 1
310 309 1
301 309 1
317 309 1
245 309 1
373 309 1
309 310 1
311 310 1
302 310 1
318 310 1
246 310 1
374 310 1
310 311 1
303 311 1
319 311 1
247 311 1
375 311 1
313 312 1
304 312 1
248 312 1
376 312 1
312 313 1
314 313 1
305 313 1
249 313 1
377 313 1
313 314 1
315 314 1
306 314 1
250 314 1
378 314 1
314 315 1
316 315 1
307 315 1
251 315 1
379 315 1
315 316 1
317 316 1
308 316 1
252 316 1
380 316 1
316 317 1
318 317 1
309 317 1
253 317 1
381 317 1
317 318 1
319 318 1
310 318 1
254 318 1
382 318 1
318 319 1
311 319 1
255 319 1
383 319 1
321 320 1
328 320 1
256 320 1
384 320 1
320 321 1
322 321 1
329 321 1
257 321 1
385 321 1
321 322 1
323 322 1
330 322 1
258 322 1
386 322 1
322 323 1
324 323 1
331 323 1
259 323 1
387 323 1
323 324 1
325 324 1
332 324 1
260 324 1
388 324 1
324 325 1
326 325 1
333 325 1
261 325 1
389 325 1
325 326 1
327 326 1
334 326 1
262 326 1
390 326 1
326 327 1
335 327 1
263 327 1
391 327 1
329 328 1
320 328 1
336 328 1
264 328 1
392 328 1
328 329 1
330 329 1
321 329 1
337 329 1
265 329 1
393 329 1
329 330 1
331 330 1
322 330 1
338 330 1
266 330 1
394 330 1
330 331 1
332 331 1
323 331 1
339 331 1
267 331 1
395 331 1
331 332 1
333 332 1
324 332 1
340 332 1
268 332 1
396 332 1
332 333 1
334 333 1
325 333 1
341 333 1
269 333 1
397 333 1
333 334 1
335 334 1
326 334 1
342 334 1
270 334 1
398 334 1
334 335 1
327 335 1
343 335 1
271 335 1
399 335 1
337 336 1
328 336 1
344 336 1
272 336 1
400 336 1
336 337 1
338 337 1
329 337 1
345 337 1
273 337 1
401 337 1
337 338 1
339 338 1
330 338 1
346 338 1
274 338 1
402 338 1
338 339 1
340 339 1
331 339 1
347 339 1
275 339 1
403 339 1
339 340 1
341 340 1
332 340 1
348 340 1
276 340 1
404 340 1
340 341 1
342 341 1
333 341 1
349 341 1
277 341 1
405 341 1
341 342 1
343 342 1
334 342 1
350 342 1
278 342 1
406 342 1
342 343 1
335 343 1
351 343 1
279 343 1
407 343 1
345 344 1
336 344 1
352 344 1
280 344 1
408 344 1
344 345 1
346 345 1
337 345 1
353 345 1
281 345 1
409 345 1
345 346 1
347 346 1
338 346 1
354 346 1
282 346 1
410 346 1
346 347 1
348 347 1
339 347 1
355 347 1
283 347 1
411 347 1
347 348 1
349 348 1
340 348 1
356 348 1
284 348 1
412 348 1
348 349 1
350 349 1
341 349 1
357 349 1
285 349 1
413 349 1
349 350 1
351 350 1
342 350 1
358 350 1
286 350 1
414 350 1
350 351 1
343 351 1
359 351 1
287 351 1
415 351 1
353 352 1
344 352 1
360 352 1
288 352 1
416 352 1
352 353 1
354 353 1
345 353 1
361 353 1
289 353 1
417 353 1
353 354 1
355 354 1
346 354 1
362 354 1
290 354 1
418 354 1
354 355 1
356 355 1
347 355 1
363 355 1
291 355 1
419 355 1
355 356 1
357 356 1
348 356 1
364 356 1
292 356 1
420 356 1
356 357 1
358 357 1
349 357 1
365 357 1
293 357 1
421 357 1
357 358 1
359 358 1
350 358 1
366 358 1
294 358 1
422 358 1
358 359 1
351 359 1
367 359 1
295 359 1
423 359 1
361 360 1
352 360 1
368 360 1
296 360 1
424 360 1
360 361 1
362 361 1
353 361 1
369 361 1
297 361 1
425 361 1
361 362 1
363 362 1
354 362 1
370 362 1
298 362 1
426 362 1
362 363 1
364 363 1
355 363 1
371 363 1
299 363 1
427 363 1
363 364 1
365 364 1
356 364 1
372 364 1
300 364 1
428 364 1
364 365 1
366 365 1
357 365 1
373 365 1
301 365 1
429 365 1
365 366 1
367 366 1
358 366 1
374 366 1
302 366 1
430 366 1
366 367 1
359 367 1
375 367 1
303 367 1
431 367 1
369 368 1
360 368 1
376 368 1
304 368 1
432 368 1
368 369 1
370 369 1
361 369 1
377 369 1
305 369 1
433 369 1
369 370 1
371 370 1
362 370 1
378 370 1
306 370 1
434 370 1
370 371 1
372 371 1
363 371 1
379 371 1
307 371 1
435 371 1
371 372 1
373 372 1
364 372 1
380 372 1
308 372 1
436 372 1
372 373 1
374 373 1
365 373 1
381 373 1
309 373 1
437 373 1
373 374 1
375 374 1
366 374 1
382 374 1
310 374 1
438 374 1
374 375 1
367 375 1
383 375 1
311 375 1
439 375 1
377 376 1
368 376 1
312 376 1
440 376 1
376 377 1
378 377 1
369 377 1
313 377 1
441 377 1
377 378 1
379 378 1
370 378 1
314 378 1
442 378 1
378 379 1
380 379 1
371 379 1
315 379 1
443 379 1
379 380 1
381 380 1
372 380 1
316 380 1
444 380 1
380 381 1
382 381 1
373 381 1
317 381 1
445 381 1
381 382 1
383 382 1
374 382 1
318 382 1
446 382 1
382 383 1
375 383 1
319 383 1
447 383 1
385 384 1
392 384 1
320 384 1
448 384 1
384 385 1
386 385 1
393 385 1
321 385 1
449 385 1
385 386 1
387 386 1
394 386 1
322 386 1
450 386 1
386 387 1
388 387 1
395 387 1
323 387 1
451 387 1
387 388 1
389 388 1
396 388 1
324 388 1
452 388 1
388 389 1
390 389 1
397 389 1
325 389 1
453 389 1
389 390 1
391 390 1
398 390 1
326 390 1
454 390 1
390 391 1
399 391 1
327 391 1
455 391 1
393 392 1
384 392 1
400 392 1
328 392 1
456 392 1
392 393 1
394 393 1
385 393 1
401 393 1
329 393 1
457 393 1
393 394 1
395 394 1
386 394 1
402 394 1
330 394 1
458 394 1
394 395 1
396 395 1
387 395 1
403 395 1
331 395 1
459 395 1
395 396 1
397 396 1
388 396 1
404 396 1
332 396 1
460 396 1
396 397 1
398 397 1
389 397 1
405 397 1
333 397 1
461 397 1
397 398 1
399 398 1
390 398 1
406 398 1
334 398 1
462 398 1
398 399 1
391 399 1
407 399 1
335 399 1
463 399 1
401 400 1
392 400 1
408 400 1
336 400 1
464 400 1
400 401 1
402 401 1
393 401 1
409 401 1
337 401 1
465 401 1
401 402 1
403 402 1
394 402 1
410 402 1
338 402 1
466 402 1
402 403 1
404 403 1
395 403 1
411 403 1
339 403 1
467 403 1
403 404 1
405 404 1
396 404 1
412 404 1
340 404 1
468 404 1
404 405 1
406 405 1
397 405 1
413 405 1
341 405 1
469 405 1
405 406 1
407 406 1
398 406 1
414 406 1
342 406 1
470 406 1
406 407 1
399 407 1
415 407 1
343 407 1
471 407 1
409 408 1
400 408 1
416 408 1
344 408 1
472 408 1
408 409 1
410 409 1
401 409 1
417 409 1
345 409 1
473 409 1
409 410 1
411 410 1
402 410 1
418 410 1
346 410 1
474 410 1
410 411 1
412 411 1
403 411 1
419 411 1
347 411 1
475 411 1
411 412 1
413 412 1
404 412 1
420 412 1
348 412 1
476 412 1
412 413 1
414 413 1
405 413 1
421 413 1
349 413 1
477 413 1
413 414 1
415 414 1
406 414 1
422 414 1
350 414 1
478 414 1
414 415 1
407 415 1
423 415 1
351 415 1
479 415 1
417 416 1
408 416 1
424 416 1
352 416 1
480 416 1
416 417 1
418 417 1
409 417 1
425 417 1
353 417 1
481 417 1
417 418 1
419 418 1
410 418 1
426 418 1
354 418 1
482 418 1
418 419 1
420 419 1
411 419 1
427 419 1
355 419 1
483 419 1
419 420 1
421 420 1
412 420 1
428 420 1
356 420 1
484 420 1
420 421 1
422 421 1
413 421 1
429 421 1
357 421 1
485 421 1
421 422 1
423 422 1
414 422 1
430 422 1
358 422 1
486 422 1
422 423 1
415 423 1
431 423 1
359 423 1
487 423 1
425 424 1
416 424 1
432 424 1
360 424 1
488 424 1
424 425 1
426 425 1
417 425 1
433 425 1
361 425 1
489 425 1
425 426 1
427 426 1
418 426 1
434 426 1
362 426 1
490 426 1
426 427 1
428 427 1
419 427 1
435 427 1
363 427 1
491 427 1
427 428 1
429 428 1
420 428 1
436 428 1
364 428 1
492 428 1
428 429 1
430 429 1
421 429 1
437 429 1
365 429 1
493 429 1
429 430 1
431 430 1
422 430 1
438 430 1
366 430 1
494 430 1
430 431 1
423 431 1
439 431 1
367 431 1
495 431 1
433 432 1
424 432 1
440 432 1
368 432 1
496 432 1
432 433 1
434 433 1
425 433 1
441 433 1
369 433 1
497 433 1
433 434 1
435 434 1
426 434 1
442 434 1
370 434 1
498 434 1
434 435 1
436 435 1
427 435 1
443 435 1
371 435 1
499 435 1
435 436 1
437 436 1
428 436 1
444 436 1
372 436 1
500 436 1
436 437 1
438 437 1
429 437 1
445 437 1
373 437 1
501 437 1
437 438 1
439 438 1
430 438 1
446 438 1
374 438 1
502 438 1
438 439 1
431 439 1
447 439 1
375 439 1
503 439 1
441 440 1
432 440 1
376 440 1
504 440 1
440 441 1
442 441 1
433 441 1
377 441 1
505 441 1
441 442 1
443 442 1
434 442 1
378 442 1
506 442 1
442 443 1
444 443 1
435 443 1
379 443 1
507 443 1
443 444 1
445 444 1
436 444 1
380 444 1
508 444 1
444 445 1
446 445 1
437 445 1
381 445 1
509 445 1
445 446 1
447 446 1
438 446 1
382 446 1
510 446 1
446 447 1
439 447 1
383 447 1
511 447 1
449 448 1
456 448 1
384 448 1
448 449 1
450 449 1
457 449 1
385 449 1
449 450 1
451 450 1
458 450 1
386 450 1
450 451 1
452 451 1
459 451 1
387 451 1
451 452 1
453 452 1
460 452 1
388 452 1
452 453 1
454 453 1
461 453 1
389 453 1
453 454 1
455 454 1
462 454 1
390 454 1
454 455 1
463 455 1
391 455 1
457 456 1
448 456 1
464 456 1
392 456 1
456 457 1
458 457 1
449 457 1
465 457 1
393 457 1
457 458 1
459 458 1
450 458 1
466 458 1
394 458 1
458 459 1
460 459 1
451 459 1
467 459 1
395 459 1
459 460 1
461 460 1
452 460 1
468 460 1
396 460 1
460 461 1
462 461 1
453 461 1
469 461 1
397 461 1
461 462 1
463 462 1
454 462 1
470 462 1
398 462 1
462 463 1
455 463 1
471 463 1
399 463 1
465 464 1
456 464 1
472 464 1
400 464 1
464 465 1
466 465 1
457 465 1
473 465 1
401 465 1
465 466 1
467 466 1
458 466 1
474 466 1
402 466 1
466 467 1
468 467 1
459 467 1
475 467 1
403 467 1
467 468 1
469 468 1
460 468 1
476 468 1
404 468 1
468 469 1
470 469 1
461 469 1
477 469 1
405 469 1
469 470 1
471 470 1
462 470 1
478 470 1
406 470 1
470 471 1
463 471 1
479 471 1
407 471 1
473 472 1
464 472 1
480 472 1
408 472 1
472 473 1
474 473 1
465 473 1
481 473 1
409 473 1
473 474 1
475 474 1
466 474 1
482 474 1
410 474 1
474 475 1
476 475 1
467 475 1
483 475 1
411 475 1
475 476 1
477 476 1
468 476 1
484 476 1
412 476 1
476 477 1
478 477 1
469 477 1
485 477 1
413 477 1
477 478 1
479 478 1
470 478 1
486 478 1
414 478 1
478 479 1
471 479 1
487 479 1
415 479 1
481 480 1
472 480 1
488 480 1
416 480 1
480 481 1
482 481 1
473 481 1
489 481 1
417 481 1
481 482 1
483 482 1
474 482 1
490 482 1
418 482 1
482 483 1
484 483 1
475 483 1
491 483 1
419 483 1
483 484 1
485 484 1
476 484 1
492 484 1
420 484 1
484 485 1
486 485 1
477 485 1
493 485 1
421 485 1
485 486 1
487 486 1
478 486 1
494 486 1
422 486 1
486 487 1
479 487 1
495 487 1
423 487 1
489 488 1
480 488 1
496 488 1
424 488 1
488 489 1
490 489 1
481 489 1
497 489 1
425 489 1
489 490 1
491 490 1
482 490 1
498 490 1
426 490 1
490 491 1
492 491 1
483 491 1
499 491 1
427 491 1
491 492 1
493 492 1
484 492 1
500 492 1
428 492 1
492 493 1
494 493 1
485 493 1
501 493 1
429 493 1
493 494 1
495 494 1
486 494 1
502 494 1
430 494 1
494 495 1
487 495 1
503 495 1
431 495 1
497 496 1
488 496 1
504 496 1
432 496 1
496 497 1
498 497 1
489 497 1
505 497 1
433 497 1
497 498 1
499 498 1
490 498 1
506 498 1
434 498 1
498 499 1
500 499 1
491 499 1
507 499 1
435 499 1
499 500 1
501 500 1
492 500 1
508 500 1
436 500 1
500 501 1
502 501 1
493 501 1
509 501 1
437 501 1
501 502 1
503 502 1
494 502 1
510 502 1
438 502 1
502 503 1
495 503 1
511 503 1
439 503 1
505 504 1
496 504 1
440 504 1
504 505 1
506 505 1
497 505 1
441 505 1
505 506 1
507 506 1
498 506 1
442 506 1
506 507 1
508 507 1
499 507 1
443 507 1
507 508 1
509 508 1
500 508 1
444 508 1
508 509 1
510 509 1
501 509 1
445 509 1
509 510 1
511 510 1
502 510 1
446 510 1
510 511 1
503 511 1
447 511 1
