392 0 1
784 0 -1
393 1 1
785 1 -1
394 2 1
786 2 -1
395 3 1
787 3 -1
396 4 1
788 4 -1
397 5 1
789 5 -1
398 6 1
790 6 -1
399 7 1
784 7 1
791 7 -1
400 8 1
785 8 1
792 8 -1
401 9 1
786 9 1
793 9 -1
402 10 1
787 10 1
794 10 -1
403 11 1
788 11 1
795 11 -1
404 12 1
789 12 1
796 12 -1
405 13 1
790 13 1
797 13 -1
406 14 1
791 14 1
798 14 -1
407 15 1
792 15 1
799 15 -1
408 16 1
793 16 1
800 16 -1
409 17 1
794 17 1
801 17 -1
410 18 1
795 18 1
802 18 -1
411 19 1
796 19 1
803 19 -1
412 20 1
797 20 1
804 20 -1
413 21 1
798 21 1
805 21 -1
414 22 1
799 22 1
806 22 -1
415 23 1
800 23 1
807 23 -1
416 24 1
801 24 1
808 24 -1
417 25 1
802 25 1
809 25 -1
418 26 1
803 26 1
810 26 -1
419 27 1
804 27 1
811 27 -1
420 28 1
805 28 1
812 28 -1
421 29 1
806 29 1
813 29 -1
422 30 1
807 30 1
814 30 -1
423 31 1
808 31 1
815 31 -1
424 32 1
809 32 1
816 32 -1
425 33 1
810 33 1
817 33 -1
426 34 1
811 34 1
818 34 -1
427 35 1
812 35 1
819 35 -1
428 36 1
813 36 1
820 36 -1
429 37 1
814 37 1
821 37 -1
430 38 1
815 38 1
822 38 -1
431 39 1
816 39 1
823 39 -1
432 40 1
817 40 1
824 40 -1
433 41 1
818 41 1
825 41 -1
434 42 1
819 42 1
826 42 -1
435 43 1
820 43 1
827 43 -1
436 44 1
821 44 1
828 44 -1
437 45 1
822 45 1
829 45 -1
438 46 1
823 46 1
830 46 -1
439 47 1
824 47 1
831 47 -1
440 48 1
825 48 1
832 48 -1
441 49 1
826 49 1
442 50 1
827 50 1
443 51 1
828 51 1
444 52 1
829 52 1
445 53 1
830 53 1
446 54 1
831 54 1
447 55 1
832 55 1
392 56 -1
448 56 1
833 56 -1
393 57 -1
449 57 1
834 57 -1
394 58 -1
450 58 1
835 58 -1
395 59 -1
451 59 1
836 59 -1
396 60 -1
452 60 1
837 60 -1
397 61 -1
453 61 1
838 61 -1
398 62 -1
454 62 1
839 62 -1
399 63 -1
455 63 1
833 63 1
840 63 -1
400 64 -1
456 64 1
834 64 1
841 64 -1
401 65 -1
457 65 1
835 65 1
842 65 -1
402 66 -1
458 66 1
836 66 1
843 66 -1
403 67 -1
459 67 1
837 67 1
844 67 -1
404 68 -1
460 68 1
838 68 1
845 68 -1
405 69 -1
461 69 1
839 69 1
846 69 -1
406 70 -1
462 70 1
840 70 1
847 70 -1
407 71 -1
463 71 1
841 71 1
848 71 -1
408 72 -1
464 72 1
842 72 1
849 72 -1
409 73 -1
465 73 1
843 73 1
850 73 -1
410 74 -1
466 74 1
844 74 1
851 74 -1
411 75 -1
467 75 1
845 75 1
852 75 -1
412 76 -1
468 76 1
846 76 1
853 76 -1
413 77 -1
469 77 1
847 77 1
854 77 -1
414 78 -1
470 78 1
848 78 1
855 78 -1
415 79 -1
471 79 1
849 79 1
856 79 -1
416 80 -1
472 80 1
850 80 1
857 80 -1
417 81 -1
473 81 1
851 81 1
858 81 -1
418 82 -1
474 82 1
852 82 1
859 82 -1
419 83 -1
475 83 1
853 83 1
860 83 -1
420 84 -1
476 84 1
854 84 1
861 84 -1
421 85 -1
477 85 1
855 85 1
862 85 -1
422 86 -1
478 86 1
856 86 1
863 86 -1
423 87 -1
479 87 1
857 87 1
864 87 -1
424 88 -1
480 88 1
858 88 1
865 88 -1
425 89 -1
481 89 1
859 89 1
866 89 -1
426 90 -1
482 90 1
860 90 1
867 90 -1
427 91 -1
483 91 1
861 91 1
868 91 -1
428 92 -1
484 92 1
862 92 1
869 92 -1
429 93 -1
485 93 1
863 93 1
870 93 -1
430 94 -1
486 94 1
864 94 1
871 94 -1
431 95 -1
487 95 1
865 95 1
872 95 -1
432 96 -1
488 96 1
866 96 1
873 96 -1
433 97 -1
489 97 1
867 97 1
874 97 -1
434 98 -1
490 98 1
868 98 1
875 98 -1
435 99 -1
491 99 1
869 99 1
876 99 -1
436 100 -1
492 100 1
870 100 1
877 100 -1
437 101 -1
493 101 1
871 101 1
878 101 -1
438 102 -1
494 102 1
872 102 1
879 102 -1
439 103 -1
495 103 1
873 103 1
880 103 -1
440 104 -1
496 104 1
874 104 1
881 104 -1
441 105 -1
497 105 1
875 105 1
442 106 -1
498 106 1
876 106 1
443 107 -1
499 107 1
877 107 1
444 108 -1
500 108 1
878 108 1
445 109 -1
501 109 1
879 109 1
446 110 -1
502 110 1
880 110 1
447 111 -1
503 111 1
881 111 1
448 112 -1
504 112 1
882 112 -1
449 113 -1
505 113 1
883 113 -1
450 114 -1
506 114 1
884 114 -1
451 115 -1
507 115 1
885 115 -1
452 116 -1
508 116 1
886 116 -1
453 117 -1
509 117 1
887 117 -1
454 118 -1
510 118 1
888 118 -1
455 119 -1
511 119 1
882 119 1
889 119 -1
456 120 -1
512 120 1
883 120 1
890 120 -1
457 121 -1
513 121 1
884 121 1
891 121 -1
458 122 -1
514 122 1
885 122 1
892 122 -1
459 123 -1
515 123 1
886 123 1
893 123 -1
460 124 -1
516 124 1
887 124 1
894 124 -1
461 125 -1
517 125 1
888 125 1
895 125 -1
462 126 -1
518 126 1
889 126 1
896 126 -1
463 127 -1
519 127 1
890 127 1
897 127 -1
464 128 -1
520 128 1
891 128 1
898 128 -1
465 129 -1
521 129 1
892 129 1
899 129 -1
466 130 -1
522 130 1
893 130 1
900 130 -1
467 131 -1
523 131 1
894 131 1
901 131 -1
468 132 -1
524 132 1
895 132 1
902 132 -1
469 133 -1
525 133 1
896 133 1
903 133 -1
470 134 -1
526 134 1
897 134 1
904 134 -1
471 135 -1
527 135 1
898 135 1
905 135 -1
472 136 -1
528 136 1
899 136 1
906 136 -1
473 137 -1
529 137 1
900 137 1
907 137 -1
474 138 -1
530 138 1
901 138 1
908 138 -1
475 139 -1
531 139 1
902 139 1
909 139 -1
476 140 -1
532 140 1
903 140 1
910 140 -1
477 141 -1
533 141 1
904 141 1
911 141 -1
478 142 -1
534 142 1
905 142 1
912 142 -1
479 143 -1
535 143 1
906 143 1
913 143 -1
480 144 -1
536 144 1
907 144 1
914 144 -1
481 145 -1
537 145 1
908 145 1
915 145 -1
482 146 -1
538 146 1
909 146 1
916 146 -1
483 147 -1
539 147 1
910 147 1
917 147 -1
484 148 -1
540 148 1
911 148 1
918 148 -1
485 149 -1
541 149 1
912 149 1
919 149 -1
486 150 -1
542 150 1
913 150 1
920 150 -1
487 151 -1
543 151 1
914 151 1
921 151 -1
488 152 -1
544 152 1
915 152 1
922 152 -1
489 153 -1
545 153 1
916 153 1
923 153 -1
490 154 -1
546 154 1
917 154 1
924 154 -1
491 155 -1
547 155 1
918 155 1
925 155 -1
492 156 -1
548 156 1
919 156 1
926 156 -1
493 157 -1
549 157 1
920 157 1
927 157 -1
494 158 -1
550 158 1
921 158 1
928 158 -1
495 159 -1
551 159 1
922 159 1
929 159 -1
496 160 -1
552 160 1
923 160 1
930 160 -1
497 161 -1
553 161 1
924 161 1
498 162 -1
554 162 1
925 162 1
499 163 -1
555 163 1
926 163 1
500 164 -1
556 164 1
927 164 1
501 165 -1
557 165 1
928 165 1
502 166 -1
558 166 1
929 166 1
503 167 -1
559 167 1
930 167 1
504 168 -1
560 168 1
931 168 -1
505 169 -1
561 169 1
932 169 -1
506 170 -1
562 170 1
933 170 -1
507 171 -1
563 171 1
934 171 -1
508 172 -1
564 172 1
935 172 -1
509 173 -1
565 173 1
936 173 -1
510 174 -1
566 174 1
937 174 -1
511 175 -1
567 175 1
931 175 1
938 175 -1
512 176 -1
568 176 1
932 176 1
939 176 -1
513 177 -1
569 177 1
933 177 1
940 177 -1
514 178 -1
570 178 1
934 178 1
941 178 -1
515 179 -1
571 179 1
935 179 1
942 179 -1
516 180 -1
572 180 1
936 180 1
943 180 -1
517 181 -1
573 181 1
937 181 1
944 181 -1
518 182 -1
574 182 1
938 182 1
945 182 -1
519 183 -1
575 183 1
939 183 1
946 183 -1
520 184 -1
576 184 1
940 184 1
947 184 -1
521 185 -1
577 185 1
941 185 1
948 185 -1
522 186 -1
578 186 1
942 186 1
949 186 -1
523 187 -1
579 187 1
943 187 1
950 187 -1
524 188 -1
580 188 1
944 188 1
951 188 -1
525 189 -1
581 189 1
945 189 1
952 189 -1
526 190 -1
582 190 1
946 190 1
953 190 -1
527 191 -1
583 191 1
947 191 1
954 191 -1
528 192 -1
584 192 1
948 192 1
955 192 -1
529 193 -1
585 193 1
949 193 1
956 193 -1
530 194 -1
586 194 1
950 194 1
957 194 -1
531 195 -1
587 195 1
951 195 1
958 195 -1
532 196 -1
588 196 1
952 196 1
959 196 -1
533 197 -1
589 197 1
953 197 1
960 197 -1
534 198 -1
590 198 1
954 198 1
961 198 -1
535 199 -1
591 199 1
955 199 1
962 199 -1
536 200 -1
592 200 1
956 200 1
963 200 -1
537 201 -1
593 201 1
957 201 1
964 201 -1
538 202 -1
594 202 1
958 202 1
965 202 -1
539 203 -1
595 203 1
959 203 1
966 203 -1
540 204 -1
596 204 1
960 204 1
967 204 -1
541 205 -1
597 205 1
961 205 1
968 205 -1
542 206 -1
598 206 1
962 206 1
969 206 -1
543 207 -1
599 207 1
963 207 1
970 207 -1
544 208 -1
600 208 1
964 208 1
971 208 -1
545 209 -1
601 209 1
965 209 1
972 209 -1
546 210 -1
602 210 1
966 210 1
973 210 -1
547 211 -1
603 211 1
967 211 1
974 211 -1
548 212 -1
604 212 1
968 212 1
975 212 -1
549 213 -1
605 213 1
969 213 1
976 213 -1
550 214 -1
606 214 1
970 214 1
977 214 -1
551 215 -1
607 215 1
971 215 1
978 215 -1
552 216 -1
608 216 1
972 216 1
979 216 -1
553 217 -1
609 217 1
973 217 1
554 218 -1
610 218 1
974 218 1
555 219 -1
611 219 1
975 219 1
556 220 -1
612 220 1
976 220 1
557 221 -1
613 221 1
977 221 1
558 222 -1
614 222 1
978 222 1
559 223 -1
615 223 1
979 223 1
560 224 -1
616 224 1
980 224 -1
561 225 -1
617 225 1
981 225 -1
562 226 -1
618 226 1
982 226 -1
563 227 -1
619 227 1
983 227 -1
564 228 -1
620 228 1
984 228 -1
565 229 -1
621 229 1
985 229 -1
566 230 -1
622 230 1
986 230 -1
567 231 -1
623 231 1
980 231 1
987 231 -1
568 232 -1
624 232 1
981 232 1
988 232 -1
569 233 -1
625 233 1
982 233 1
989 233 -1
570 234 -1
626 234 1
983 234 1
990 234 -1
571 235 -1
627 235 1
984 235 1
991 235 -1
572 236 -1
628 236 1
985 236 1
992 236 -1
573 237 -1
629 237 1
986 237 1
993 237 -1
574 238 -1
630 238 1
987 238 1
994 238 -1
575 239 -1
631 239 1
988 239 1
995 239 -1
576 240 -1
632 240 1
989 240 1
996 240 -1
577 241 -1
633 241 1
990 241 1
997 241 -1
578 242 -1
634 242 1
991 242 1
998 242 -1
579 243 -1
635 243 1
992 243 1
999 243 -1
580 244 -1
636 244 1
993 244 1
1000 244 -1
581 245 -1
637 245 1
994 245 1
1001 245 -1
582 246 -1
638 246 1
995 246 1
1002 246 -1
583 247 -1
639 247 1
996 247 1
1003 247 -1
584 248 -1
640 248 1
997 248 1
1004 248 -1
585 249 -1
641 249 1
998 249 1
1005 249 -1
586 250 -1
642 250 1
999 250 1
1006 250 -1
587 251 -1
643 251 1
1000 251 1
1007 251 -1
588 252 -1
644 252 1
1001 252 1
1008 252 -1
589 253 -1
645 253 1
1002 253 1
1009 253 -1
590 254 -1
646 254 1
1003 254 1
1010 254 -1
591 255 -1
647 255 1
1004 255 1
1011 255 -1
592 256 -1
648 256 1
1005 256 1
1012 256 -1
593 257 -1
649 257 1
1006 257 1
1013 257 -1
594 258 -1
650 258 1
1007 258 1
1014 258 -1
595 259 -1
651 259 1
1008 259 1
1015 259 -1
596 260 -1
652 260 1
1009 260 1
1016 260 -1
597 261 -1
653 261 1
1010 261 1
1017 261 -1
598 262 -1
654 262 1
1011 262 1
1018 262 -1
599 263 -1
655 263 1
1012 263 1
1019 263 -1
600 264 -1
656 264 1
1013 264 1
1020 264 -1
601 265 -1
657 265 1
1014 265 1
1021 265 -1
602 266 -1
658 266 1
1015 266 1
1022 266 -1
603 267 -1
659 267 1
1016 267 1
1023 267 -1
604 268 -1
660 268 1
1017 268 1
1024 268 -1
605 269 -1
661 269 1
1018 269 1
1025 269 -1
606 270 -1
662 270 1
1019 270 1
1026 270 -1
607 271 -1
663 271 1
1020 271 1
1027 271 -1
608 272 -1
664 272 1
1021 272 1
1028 272 -1
609 273 -1
665 273 1
1022 273 1
610 274 -1
666 274 1
1023 274 1
611 275 -1
667 275 1
1024 275 1
612 276 -1
668 276 1
1025 276 1
613 277 -1
669 277 1
1026 277 1
614 278 -1
670 278 1
1027 278 1
615 279 -1
671 279 1
1028 279 1
616 280 -1
672 280 1
1029 280 -1
617 281 -1
673 281 1
1030 281 -1
618 282 -1
674 282 1
1031 282 -1
619 283 -1
675 283 1
1032 283 -1
620 284 -1
676 284 1
1033 284 -1
621 285 -1
677 285 1
1034 285 -1
622 286 -1
678 286 1
1035 286 -1
623 287 -1
679 287 1
1029 287 1
1036 287 -1
624 288 -1
680 288 1
1030 288 1
1037 288 -1
625 289 -1
681 289 1
1031 289 1
1038 289 -1
626 290 -1
682 290 1
1032 290 1
1039 290 -1
627 291 -1
683 291 1
1033 291 1
1040 291 -1
628 292 -1
684 292 1
1034 292 1
1041 292 -1
629 293 -1
685 293 1
1035 293 1
1042 293 -1
630 294 -1
686 294 1
1036 294 1
1043 294 -1
631 295 -1
687 295 1
1037 295 1
1044 295 -1
632 296 -1
688 296 1
1038 296 1
1045 296 -1
633 297 -1
689 297 1
1039 297 1
1046 297 -1
634 298 -1
690 298 1
1040 298 1
1047 298 -1
635 299 -1
691 299 1
1041 299 1
1048 299 -1
636 300 -1
692 300 1
1042 300 1
1049 300 -1
637 301 -1
693 301 1
1043 301 1
1050 301 -1
638 302 -1
694 302 1
1044 302 1
1051 302 -1
639 303 -1
695 303 1
1045 303 1
1052 303 -1
640 304 -1
696 304 1
1046 304 1
1053 304 -1
641 305 -1
697 305 1
1047 305 1
1054 305 -1
642 306 -1
698 306 1
1048 306 1
1055 306 -1
643 307 -1
699 307 1
1049 307 1
1056 307 -1
644 308 -1
700 308 1
1050 308 1
1057 308 -1
645 309 -1
701 309 1
1051 309 1
1058 309 -1
646 310 -1
702 310 1
1052 310 1
1059 310 -1
647 311 -1
703 311 1
1053 311 1
1060 311 -1
648 312 -1
704 312 1
1054 312 1
1061 312 -1
649 313 -1
705 313 1
1055 313 1
1062 313 -1
650 314 -1
706 314 1
1056 314 1
1063 314 -1
651 315 -1
707 315 1
1057 315 1
1064 315 -1
652 316 -1
708 316 1
1058 316 1
1065 316 -1
653 317 -1
709 317 1
1059 317 1
1066 317 -1
654 318 -1
710 318 1
1060 318 1
1067 318 -1
655 319 -1
711 319 1
1061 319 1
1068 319 -1
656 320 -1
712 320 1
1062 320 1
1069 320 -1
657 321 -1
713 321 1
1063 321 1
1070 321 -1
658 322 -1
714 322 1
1064 322 1
1071 322 -1
659 323 -1
715 323 1
1065 323 1
1072 323 -1
660 324 -1
716 324 1
1066 324 1
1073 324 -1
661 325 -1
717 325 1
1067 325 1
1074 325 -1
662 326 -1
718 326 1
1068 326 1
1075 326 -1
663 327 -1
719 327 1
1069 327 1
1076 327 -1
664 328 -1
720 328 1
1070 328 1
1077 328 -1
665 329 -1
721 329 1
1071 329 1
666 330 -1
722 330 1
1072 330 1
667 331 -1
723 331 1
1073 331 1
668 332 -1
724 332 1
1074 332 1
669 333 -1
725 333 1
1075 333 1
670 334 -1
726 334 1
1076 334 1
671 335 -1
727 335 1
1077 335 1
672 336 -1
728 336 1
1078 336 -1
673 337 -1
729 337 1
1079 337 -1
674 338 -1
730 338 1
1080 338 -1
675 339 -1
731 339 1
1081 339 -1
676 340 -1
732 340 1
1082 340 -1
677 341 -1
733 341 1
1083 341 -1
678 342 -1
734 342 1
1084 342 -1
679 343 -1
735 343 1
1078 343 1
1085 343 -1
680 344 -1
736 344 1
1079 344 1
1086 344 -1
681 345 -1
737 345 1
1080 345 1
1087 345 -1
682 346 -1
738 346 1
1081 346 1
1088 346 -1
683 347 -1
739 347 1
1082 347 1
1089 347 -1
684 348 -1
740 348 1
1083 348 1
1090 348 -1
685 349 -1
741 349 1
1084 349 1
1091 349 -1
686 350 -1
742 350 1
1085 350 1
1092 350 -1
687 351 -1
743 351 1
1086 351 1
1093 351 -1
688 352 -1
744 352 1
1087 352 1
1094 352 -1
689 353 -1
745 353 1
1088 353 1
1095 353 -1
690 354 -1
746 354 1
1089 354 1
1096 354 -1
691 355 -1
747 355 1
1090 355 1
1097 355 -1
692 356 -1
748 356 1
1091 356 1
1098 356 -1
693 357 -1
749 357 1
1092 357 1
1099 357 -1
694 358 -1
750 358 1
1093 358 1
1100 358 -1
695 359 -1
751 359 1
1094 359 1
1101 359 -1
696 360 -1
752 360 1
1095 360 1
1102 360 -1
697 361 -1
753 361 1
1096 361 1
1103 361 -1
698 362 -1
754 362 1
1097 362 1
1104 362 -1
699 363 -1
755 363 1
1098 363 1
1105 363 -1
700 364 -1
756 364 1
1099 364 1
1106 364 -1
701 365 -1
757 365 1
1100 365 1
1107 365 -1
702 366 -1
758 366 1
1101 366 1
1108 366 -1
703 367 -1
759 367 1
1102 367 1
1109 367 -1
704 368 -1
760 368 1
1103 368 1
1110 368 -1
705 369 -1
761 369 1
1104 369 1
1111 369 -1
706 370 -1
762 370 1
1105 370 1
1112 370 -1
707 371 -1
763 371 1
1106 371 1
1113 371 -1
708 372 -1
764 372 1
1107 372 1
1114 372 -1
709 373 -1
765 373 1
1108 373 1
1115 373 -1
710 374 -1
766 374 1
1109 374 1
1116 374 -1
711 375 -1
767 375 1
1110 375 1
1117 375 -1
712 376 -1
768 376 1
1111 376 1
1118 376 -1
713 377 -1
769 377 1
1112 377 1
1119 377 -1
714 378 -1
770 378 1
1113 378 1
1120 378 -1
715 379 -1
771 379 1
1114 379 1
1121 379 -1
716 380 -1
772 380 1
1115 380 1
1122 380 -1
717 381 -1
773 381 1
1116 381 1
1123 381 -1
718 382 -1
774 382 1
1117 382 1
1124 382 -1
719 383 -1
775 383 1
1118 383 1
1125 383 -1
720 384 -1
776 384 1
1119 384 1
1126 384 -1
721 385 -1
777 385 1
1120 385 1
722 386 -1
778 386 1
1121 386 1
723 387 -1
779 387 1
1122 387 1
724 388 -1
780 388 1
1123 388 1
725 389 -1
781 389 1
1124 389 1
726 390 -1
782 390 1
1125 390 1
727 391 -1
783 391 1
1126 391 1
728 392 -1
1127 392 -1
729 393 -1
1128 393 -1
730 394 -1
1129 394 -1
731 395 -1
1130 395 -1
732 396 -1
1131 396 -1
733 397 -1
1132 397 -1
734 398 -1
1133 398 -1
735 399 -1
1127 399 1
1134 399 -1
736 400 -1
1128 400 1
1135 400 -1
737 401 -1
1129 401 1
1136 401 -1
738 402 -1
1130 402 1
1137 402 -1
739 403 -1
1131 403 1
1138 403 -1
740 404 -1
1132 404 1
1139 404 -1
741 405 -1
1133 405 1
1140 405 -1
742 406 -1
1134 406 1
1141 406 -1
743 407 -1
1135 407 1
1142 407 -1
744 408 -1
1136 408 1
1143 408 -1
745 409 -1
1137 409 1
1144 409 -1
746 410 -1
1138 410 1
1145 410 -1
747 411 -1
1139 411 1
1146 411 -1
748 412 -1
1140 412 1
1147 412 -1
749 413 -1
1141 413 1
1148 413 -1
750 414 -1
1142 414 1
1149 414 -1
751 415 -1
1143 415 1
1150 415 -1
752 416 -1
1144 416 1
1151 416 -1
753 417 -1
1145 417 1
1152 417 -1
754 418 -1
1146 418 1
1153 418 -1
755 419 -1
1147 419 1
1154 419 -1
756 420 -1
1148 420 1
1155 420 -1
757 421 -1
1149 421 1
1156 421 -1
758 422 -1
1150 422 1
1157 422 -1
759 423 -1
1151 423 1
1158 423 -1
760 424 -1
1152 424 1
1159 424 -1
761 425 -1
1153 425 1
1160 425 -1
762 426 -1
1154 426 1
1161 426 -1
763 427 -1
1155 427 1
1162 427 -1
764 428 -1
1156 428 1
1163 428 -1
765 429 -1
1157 429 1
1164 429 -1
766 430 -1
1158 430 1
1165 430 -1
767 431 -1
1159 431 1
1166 431 -1
768 432 -1
1160 432 1
1167 432 -1
769 433 -1
1161 433 1
1168 433 -1
770 434 -1
1162 434 1
1169 434 -1
771 435 -1
1163 435 1
1170 435 -1
772 436 -1
1164 436 1
1171 436 -1
773 437 -1
1165 437 1
1172 437 -1
774 438 -1
1166 438 1
1173 438 -1
775 439 -1
1167 439 1
1174 439 -1
776 440 -1
1168 440 1
1175 440 -1
777 441 -1
1169 441 1
778 442 -1
1170 442 1
779 443 -1
1171 443 1
780 444 -1
1172 444 1
781 445 -1
1173 445 1
782 446 -1
1174 446 1
783 447 -1
1175 447 1
0 448 -1
784 448 1
1 449 -1
784 449 -1
785 449 1
2 450 -1
785 450 -1
786 450 1
3 451 -1
786 451 -1
787 451 1
4 452 -1
787 452 -1
788 452 1
5 453 -1
788 453 -1
789 453 1
6 454 -1
789 454 -1
790 454 1
7 455 -1
790 455 -1
8 456 -1
791 456 1
9 457 -1
791 457 -1
792 457 1
10 458 -1
792 458 -1
793 458 1
11 459 -1
793 459 -1
794 459 1
12 460 -1
794 460 -1
795 460 1
13 461 -1
795 461 -1
796 461 1
14 462 -1
796 462 -1
797 462 1
15 463 -1
797 463 -1
16 464 -1
798 464 1
17 465 -1
798 465 -1
799 465 1
18 466 -1
799 466 -1
800 466 1
19 467 -1
800 467 -1
801 467 1
20 468 -1
801 468 -1
802 468 1
21 469 -1
802 469 -1
803 469 1
22 470 -1
803 470 -1
804 470 1
23 471 -1
804 471 -1
24 472 -1
805 472 1
25 473 -1
805 473 -1
806 473 1
26 474 -1
806 474 -1
807 474 1
27 475 -1
807 475 -1
808 475 1
28 476 -1
808 476 -1
809 476 1
29 477 -1
809 477 -1
810 477 1
30 478 -1
810 478 -1
811 478 1
31 479 -1
811 479 -1
32 480 -1
812 480 1
33 481 -1
812 481 -1
813 481 1
34 482 -1
813 482 -1
814 482 1
35 483 -1
814 483 -1
815 483 1
36 484 -1
815 484 -1
816 484 1
37 485 -1
816 485 -1
817 485 1
38 486 -1
817 486 -1
818 486 1
39 487 -1
818 487 -1
40 488 -1
819 488 1
41 489 -1
819 489 -1
820 489 1
42 490 -1
820 490 -1
821 490 1
43 491 -1
821 491 -1
822 491 1
44 492 -1
822 492 -1
823 492 1
45 493 -1
823 493 -1
824 493 1
46 494 -1
824 494 -1
825 494 1
47 495 -1
825 495 -1
48 496 -1
826 496 1
49 497 -1
826 497 -1
827 497 1
50 498 -1
827 498 -1
828 498 1
51 499 -1
828 499 -1
829 499 1
52 500 -1
829 500 -1
830 500 1
53 501 -1
830 501 -1
831 501 1
54 502 -1
831 502 -1
832 502 1
55 503 -1
832 503 -1
0 504 1
56 504 -1
833 504 1
1 505 1
57 505 -1
833 505 -1
834 505 1
2 506 1
58 506 -1
834 506 -1
835 506 1
3 507 1
59 507 -1
835 507 -1
836 507 1
4 508 1
60 508 -1
836 508 -1
837 508 1
5 509 1
61 509 -1
837 509 -1
838 509 1
6 510 1
62 510 -1
838 510 -1
839 510 1
7 511 1
63 511 -1
839 511 -1
8 512 1
64 512 -1
840 512 1
9 513 1
65 513 -1
840 513 -1
841 513 1
10 514 1
66 514 -1
841 514 -1
842 514 1
11 515 1
67 515 -1
842 515 -1
843 515 1
12 516 1
68 516 -1
843 516 -1
844 516 1
13 517 1
69 517 -1
844 517 -1
845 517 1
14 518 1
70 518 -1
845 518 -1
846 518 1
15 519 1
71 519 -1
846 519 -1
16 520 1
72 520 -1
847 520 1
17 521 1
73 521 -1
847 521 -1
848 521 1
18 522 1
74 522 -1
848 522 -1
849 522 1
19 523 1
75 523 -1
849 523 -1
850 523 1
20 524 1
76 524 -1
850 524 -1
851 524 1
21 525 1
77 525 -1
851 525 -1
852 525 1
22 526 1
78 526 -1
852 526 -1
853 526 1
23 527 1
79 527 -1
853 527 -1
24 528 1
80 528 -1
854 528 1
25 529 1
81 529 -1
854 529 -1
855 529 1
26 530 1
82 530 -1
855 530 -1
856 530 1
27 531 1
83 531 -1
856 531 -1
857 531 1
28 532 1
84 532 -1
857 532 -1
858 532 1
29 533 1
85 533 -1
858 533 -1
859 533 1
30 534 1
86 534 -1
859 534 -1
860 534 1
31 535 1
87 535 -1
860 535 -1
32 536 1
88 536 -1
861 536 1
33 537 1
89 537 -1
861 537 -1
862 537 1
34 538 1
90 538 -1
862 538 -1
863 538 1
35 539 1
91 539 -1
863 539 -1
864 539 1
36 540 1
92 540 -1
864 540 -1
865 540 1
37 541 1
93 541 -1
865 541 -1
866 541 1
38 542 1
94 542 -1
866 542 -1
867 542 1
39 543 1
95 543 -1
867 543 -1
40 544 1
96 544 -1
868 544 1
41 545 1
97 545 -1
868 545 -1
869 545 1
42 546 1
98 546 -1
869 546 -1
870 546 1
43 547 1
99 547 -1
870 547 -1
871 547 1
44 548 1
100 548 -1
871 548 -1
872 548 1
45 549 1
101 549 -1
872 549 -1
873 549 1
46 550 1
102 550 -1
873 550 -1
874 550 1
47 551 1
103 551 -1
874 551 -1
48 552 1
104 552 -1
875 552 1
49 553 1
105 553 -1
875 553 -1
876 553 1
50 554 1
106 554 -1
876 554 -1
877 554 1
51 555 1
107 555 -1
877 555 -1
878 555 1
52 556 1
108 556 -1
878 556 -1
879 556 1
53 557 1
109 557 -1
879 557 -1
880 557 1
54 558 1
110 558 -1
880 558 -1
881 558 1
55 559 1
111 559 -1
881 559 -1
56 560 1
112 560 -1
882 560 1
57 561 1
113 561 -1
882 561 -1
883 561 1
58 562 1
114 562 -1
883 562 -1
884 562 1
59 563 1
115 563 -1
884 563 -1
885 563 1
60 564 1
116 564 -1
885 564 -1
886 564 1
61 565 1
117 565 -1
886 565 -1
887 565 1
62 566 1
118 566 -1
887 566 -1
888 566 1
63 567 1
119 567 -1
888 567 -1
64 568 1
120 568 -1
889 568 1
65 569 1
121 569 -1
889 569 -1
890 569 1
66 570 1
122 570 -1
890 570 -1
891 570 1
67 571 1
123 571 -1
891 571 -1
892 571 1
68 572 1
124 572 -1
892 572 -1
893 572 1
69 573 1
125 573 -1
893 573 -1
894 573 1
70 574 1
126 574 -1
894 574 -1
895 574 1
71 575 1
127 575 -1
895 575 -1
72 576 1
128 576 -1
896 576 1
73 577 1
129 577 -1
896 577 -1
897 577 1
74 578 1
130 578 -1
897 578 -1
898 578 1
75 579 1
131 579 -1
898 579 -1
899 579 1
76 580 1
132 580 -1
899 580 -1
900 580 1
77 581 1
133 581 -1
900 581 -1
901 581 1
78 582 1
134 582 -1
901 582 -1
902 582 1
79 583 1
135 583 -1
902 583 -1
80 584 1
136 584 -1
903 584 1
81 585 1
137 585 -1
903 585 -1
904 585 1
82 586 1
138 586 -1
904 586 -1
905 586 1
83 587 1
139 587 -1
905 587 -1
906 587 1
84 588 1
140 588 -1
906 588 -1
907 588 1
85 589 1
141 589 -1
907 589 -1
908 589 1
86 590 1
142 590 -1
908 590 -1
909 590 1
87 591 1
143 591 -1
909 591 -1
88 592 1
144 592 -1
910 592 1
89 593 1
145 593 -1
910 593 -1
911 593 1
90 594 1
146 594 -1
911 594 -1
912 594 1
91 595 1
147 595 -1
912 595 -1
913 595 1
92 596 1
148 596 -1
913 596 -1
914 596 1
93 597 1
149 597 -1
914 597 -1
915 597 1
94 598 1
150 598 -1
915 598 -1
916 598 1
95 599 1
151 599 -1
916 599 -1
96 600 1
152 600 -1
917 600 1
97 601 1
153 601 -1
917 601 -1
918 601 1
98 602 1
154 602 -1
918 602 -1
919 602 1
99 603 1
155 603 -1
919 603 -1
920 603 1
100 604 1
156 604 -1
920 604 -1
921 604 1
101 605 1
157 605 -1
921 605 -1
922 605 1
102 606 1
158 606 -1
922 606 -1
923 606 1
103 607 1
159 607 -1
923 607 -1
104 608 1
160 608 -1
924 608 1
105 609 1
161 609 -1
924 609 -1
925 609 1
106 610 1
162 610 -1
925 610 -1
926 610 1
107 611 1
163 611 -1
926 611 -1
927 611 1
108 612 1
164 612 -1
927 612 -1
928 612 1
109 613 1
165 613 -1
928 613 -1
929 613 1
110 614 1
166 614 -1
929 614 -1
930 614 1
111 615 1
167 615 -1
930 615 -1
112 616 1
168 616 -1
931 616 1
113 617 1
169 617 -1
931 617 -1
932 617 1
114 618 1
170 618 -1
932 618 -1
933 618 1
115 619 1
171 619 -1
933 619 -1
934 619 1
116 620 1
172 620 -1
934 620 -1
935 620 1
117 621 1
173 621 -1
935 621 -1
936 621 1
118 622 1
174 622 -1
936 622 -1
937 622 1
119 623 1
175 623 -1
937 623 -1
120 624 1
176 624 -1
938 624 1
121 625 1
177 625 -1
938 625 -1
939 625 1
122 626 1
178 626 -1
939 626 -1
940 626 1
123 627 1
179 627 -1
940 627 -1
941 627 1
124 628 1
180 628 -1
941 628 -1
942 628 1
125 629 1
181 629 -1
942 629 -1
943 629 1
126 630 1
182 630 -1
943 630 -1
944 630 1
127 631 1
183 631 -1
944 631 -1
128 632 1
184 632 -1
945 632 1
129 633 1
185 633 -1
945 633 -1
946 633 1
130 634 1
186 634 -1
946 634 -1
947 634 1
131 635 1
187 635 -1
947 635 -1
948 635 1
132 636 1
188 636 -1
948 636 -1
949 636 1
133 637 1
189 637 -1
949 637 -1
950 637 1
134 638 1
190 638 -1
950 638 -1
951 638 1
135 639 1
191 639 -1
951 639 -1
136 640 1
192 640 -1
952 640 1
137 641 1
193 641 -1
952 641 -1
953 641 1
138 642 1
194 642 -1
953 642 -1
954 642 1
139 643 1
195 643 -1
954 643 -1
955 643 1
140 644 1
196 644 -1
955 644 -1
956 644 1
141 645 1
197 645 -1
956 645 -1
957 645 1
142 646 1
198 646 -1
957 646 -1
958 646 1
143 647 1
199 647 -1
958 647 -1
144 648 1
200 648 -1
959 648 1
145 649 1
201 649 -1
959 649 -1
960 649 1
146 650 1
202 650 -1
960 650 -1
961 650 1
147 651 1
203 651 -1
961 651 -1
962 651 1
148 652 1
204 652 -1
962 652 -1
963 652 1
149 653 1
205 653 -1
963 653 -1
964 653 1
150 654 1
206 654 -1
964 654 -1
965 654 1
151 655 1
207 655 -1
965 655 -1
152 656 1
208 656 -1
966 656 1
153 657 1
209 657 -1
966 657 -1
967 657 1
154 658 1
210 658 -1
967 658 -1
968 658 1
155 659 1
211 659 -1
968 659 -1
969 659 1
156 660 1
212 660 -1
969 660 -1
970 660 1
157 661 1
213 661 -1
970 661 -1
971 661 1
158 662 1
214 662 -1
971 662 -1
972 662 1
159 663 1
215 663 -1
972 663 -1
160 664 1
216 664 -1
973 664 1
161 665 1
217 665 -1
973 665 -1
974 665 1
162 666 1
218 666 -1
974 666 -1
975 666 1
163 667 1
219 667 -1
975 667 -1
976 667 1
164 668 1
220 668 -1
976 668 -1
977 668 1
165 669 1
221 669 -1
977 669 -1
978 669 1
166 670 1
222 670 -1
978 670 -1
979 670 1
167 671 1
223 671 -1
979 671 -1
168 672 1
224 672 -1
980 672 1
169 673 1
225 673 -1
980 673 -1
981 673 1
170 674 1
226 674 -1
981 674 -1
982 674 1
171 675 1
227 675 -1
982 675 -1
983 675 1
172 676 1
228 676 -1
983 676 -1
984 676 1
173 677 1
229 677 -1
984 677 -1
985 677 1
174 678 1
230 678 -1
985 678 -1
986 678 1
175 679 1
231 679 -1
986 679 -1
176 680 1
232 680 -1
987 680 1
177 681 1
233 681 -1
987 681 -1
988 681 1
178 682 1
234 682 -1
988 682 -1
989 682 1
179 683 1
235 683 -1
989 683 -1
990 683 1
180 684 1
236 684 -1
990 684 -1
991 684 1
181 685 1
237 685 -1
991 685 -1
992 685 1
182 686 1
238 686 -1
992 686 -1
993 686 1
183 687 1
239 687 -1
993 687 -1
184 688 1
240 688 -1
994 688 1
185 689 1
241 689 -1
994 689 -1
995 689 1
186 690 1
242 690 -1
995 690 -1
996 690 1
187 691 1
243 691 -1
996 691 -1
997 691 1
188 692 1
244 692 -1
997 692 -1
998 692 1
189 693 1
245 693 -1
998 693 -1
999 693 1
190 694 1
246 694 -1
999 694 -1
1000 694 1
191 695 1
247 695 -1
1000 695 -1
192 696 1
248 696 -1
1001 696 1
193 697 1
249 697 -1
1001 697 -1
1002 697 1
194 698 1
250 698 -1
1002 698 -1
1003 698 1
195 699 1
251 699 -1
1003 699 -1
1004 699 1
196 700 1
252 700 -1
1004 700 -1
1005 700 1
197 701 1
253 701 -1
1005 701 -1
1006 701 1
198 702 1
254 702 -1
1006 702 -1
1007 702 1
199 703 1
255 703 -1
1007 703 -1
200 704 1
256 704 -1
1008 704 1
201 705 1
257 705 -1
1008 705 -1
1009 705 1
202 706 1
258 706 -1
1009 706 -1
1010 706 1
203 707 1
259 707 -1
1010 707 -1
1011 707 1
204 708 1
260 708 -1
1011 708 -1
1012 708 1
205 709 1
261 709 -1
1012 709 -1
1013 709 1
206 710 1
262 710 -1
1013 710 -1
1014 710 1
207 711 1
263 711 -1
1014 711 -1
208 712 1
264 712 -1
1015 712 1
209 713 1
265 713 -1
1015 713 -1
1016 713 1
210 714 1
266 714 -1
1016 714 -1
1017 714 1
211 715 1
267 715 -1
1017 715 -1
1018 715 1
212 716 1
268 716 -1
1018 716 -1
1019 716 1
213 717 1
269 717 -1
1019 717 -1
1020 717 1
214 718 1
270 718 -1
1020 718 -1
1021 718 1
215 719 1
271 719 -1
1021 719 -1
216 720 1
272 720 -1
1022 720 1
217 721 1
273 721 -1
1022 721 -1
1023 721 1
218 722 1
274 722 -1
1023 722 -1
1024 722 1
219 723 1
275 723 -1
1024 723 -1
1025 723 1
220 724 1
276 724 -1
1025 724 -1
1026 724 1
221 725 1
277 725 -1
1026 725 -1
1027 725 1
222 726 1
278 726 -1
1027 726 -1
1028 726 1
223 727 1
279 727 -1
1028 727 -1
224 728 1
280 728 -1
1029 728 1
225 729 1
281 729 -1
1029 729 -1
1030 729 1
226 730 1
282 730 -1
1030 730 -1
1031 730 1
227 731 1
283 731 -1
1031 731 -1
1032 731 1
228 732 1
284 732 -1
1032 732 -1
1033 732 1
229 733 1
285 733 -1
1033 733 -1
1034 733 1
230 734 1
286 734 -1
1034 734 -1
1035 734 1
231 735 1
287 735 -1
1035 735 -1
232 736 1
288 736 -1
1036 736 1
233 737 1
289 737 -1
1036 737 -1
1037 737 1
234 738 1
290 738 -1
1037 738 -1
1038 738 1
235 739 1
291 739 -1
1038 739 -1
1039 739 1
236 740 1
292 740 -1
1039 740 -1
1040 740 1
237 741 1
293 741 -1
1040 741 -1
1041 741 1
238 742 1
294 742 -1
1041 742 -1
1042 742 1
239 743 1
295 743 -1
1042 743 -1
240 744 1
296 744 -1
1043 744 1
241 745 1
297 745 -1
1043 745 -1
1044 745 1
242 746 1
298 746 -1
1044 746 -1
1045 746 1
243 747 1
299 747 -1
1045 747 -1
1046 747 1
244 748 1
300 748 -1
1046 748 -1
1047 748 1
245 749 1
301 749 -1
1047 749 -1
1048 749 1
246 750 1
302 750 -1
1048 750 -1
1049 750 1
247 751 1
303 751 -1
1049 751 -1
248 752 1
304 752 -1
1050 752 1
249 753 1
305 753 -1
1050 753 -1
1051 753 1
250 754 1
306 754 -1
1051 754 -1
1052 754 1
251 755 1
307 755 -1
1052 755 -1
1053 755 1
252 756 1
308 756 -1
1053 756 -1
1054 756 1
253 757 1
309 757 -1
1054 757 -1
1055 757 1
254 758 1
310 758 -1
1055 758 -1
1056 758 1
255 759 1
311 759 -1
1056 759 -1
256 760 1
312 760 -1
1057 760 1
257 761 1
313 761 -1
1057 761 -1
1058 761 1
258 762 1
314 762 -1
1058 762 -1
1059 762 1
259 763 1
315 763 -1
1059 763 -1
1060 763 1
260 764 1
316 764 -1
1060 764 -1
1061 764 1
261 765 1
317 765 -1
1061 765 -1
1062 765 1
262 766 1
318 766 -1
1062 766 -1
1063 766 1
263 767 1
319 767 -1
1063 767 -1
264 768 1
320 768 -1
1064 768 1
265 769 1
321 769 -1
1064 769 -1
1065 769 1
266 770 1
322 770 -1
1065 770 -1
1066 770 1
267 771 1
323 771 -1
1066 771 -1
1067 771 1
268 772 1
324 772 -1
1067 772 -1
1068 772 1
269 773 1
325 773 -1
1068 773 -1
1069 773 1
270 774 1
326 774 -1
1069 774 -1
1070 774 1
271 775 1
327 775 -1
1070 775 -1
272 776 1
328 776 -1
1071 776 1
273 777 1
329 777 -1
1071 777 -1
1072 777 1
274 778 1
330 778 -1
1072 778 -1
1073 778 1
275 779 1
331 779 -1
1073 779 -1
1074 779 1
276 780 1
332 780 -1
1074 780 -1
1075 780 1
277 781 1
333 781 -1
1075 781 -1
1076 781 1
278 782 1
334 782 -1
1076 782 -1
1077 782 1
279 783 1
335 783 -1
1077 783 -1
280 784 1
336 784 -1
1078 784 1
281 785 1
337 785 -1
1078 785 -1
1079 785 1
282 786 1
338 786 -1
1079 786 -1
1080 786 1
283 787 1
339 787 -1
1080 787 -1
1081 787 1
284 788 1
340 788 -1
1081 788 -1
1082 788 1
285 789 1
341 789 -1
1082 789 -1
1083 789 1
286 790 1
342 790 -1
1083 790 -1
1084 790 1
287 791 1
343 791 -1
1084 791 -1
288 792 1
344 792 -1
1085 792 1
289 793 1
345 793 -1
1085 793 -1
1086 793 1
290 794 1
346 794 -1
1086 794 -1
1087 794 1
291 795 1
347 795 -1
1087 795 -1
1088 795 1
292 796 1
348 796 -1
1088 796 -1
1089 796 1
293 797 1
349 797 -1
1089 797 -1
1090 797 1
294 798 1
350 798 -1
1090 798 -1
1091 798 1
295 799 1
351 799 -1
1091 799 -1
296 800 1
352 800 -1
1092 800 1
297 801 1
353 801 -1
1092 801 -1
1093 801 1
298 802 1
354 802 -1
1093 802 -1
1094 802 1
299 803 1
355 803 -1
1094 803 -1
1095 803 1
300 804 1
356 804 -1
1095 804 -1
1096 804 1
301 805 1
357 805 -1
1096 805 -1
1097 805 1
302 806 1
358 806 -1
1097 806 -1
1098 806 1
303 807 1
359 807 -1
1098 807 -1
304 808 1
360 808 -1
1099 808 1
305 809 1
361 809 -1
1099 809 -1
1100 809 1
306 810 1
362 810 -1
1100 810 -1
1101 810 1
307 811 1
363 811 -1
1101 811 -1
1102 811 1
308 812 1
364 812 -1
1102 812 -1
1103 812 1
309 813 1
365 813 -1
1103 813 -1
1104 813 1
310 814 1
366 814 -1
1104 814 -1
1105 814 1
311 815 1
367 815 -1
1105 815 -1
312 816 1
368 816 -1
1106 816 1
313 817 1
369 817 -1
1106 817 -1
1107 817 1
314 818 1
370 818 -1
1107 818 -1
1108 818 1
315 819 1
371 819 -1
1108 819 -1
1109 819 1
316 820 1
372 820 -1
1109 820 -1
1110 820 1
317 821 1
373 821 -1
1110 821 -1
1111 821 1
318 822 1
374 822 -1
1111 822 -1
1112 822 1
319 823 1
375 823 -1
1112 823 -1
320 824 1
376 824 -1
1113 824 1
321 825 1
377 825 -1
1113 825 -1
1114 825 1
322 826 1
378 826 -1
1114 826 -1
1115 826 1
323 827 1
379 827 -1
1115 827 -1
1116 827 1
324 828 1
380 828 -1
1116 828 -1
1117 828 1
325 829 1
381 829 -1
1117 829 -1
1118 829 1
326 830 1
382 830 -1
1118 830 -1
1119 830 1
327 831 1
383 831 -1
1119 831 -1
328 832 1
384 832 -1
1120 832 1
329 833 1
385 833 -1
1120 833 -1
1121 833 1
330 834 1
386 834 -1
1121 834 -1
1122 834 1
331 835 1
387 835 -1
1122 835 -1
1123 835 1
332 836 1
388 836 -1
1123 836 -1
1124 836 1
333 837 1
389 837 -1
1124 837 -1
1125 837 1
334 838 1
390 838 -1
1125 838 -1
1126 838 1
335 839 1
391 839 -1
1126 839 -1
336 840 1
1127 840 1
337 841 1
1127 841 -1
1128 841 1
338 842 1
1128 842 -1
1129 842 1
339 843 1
1129 843 -1
1130 843 1
340 844 1
1130 844 -1
1131 844 1
341 845 1
1131 845 -1
1132 845 1
342 846 1
1132 846 -1
1133 846 1
343 847 1
1133 847 -1
344 848 1
1134 848 1
345 849 1
1134 849 -1
1135 849 1
346 850 1
1135 850 -1
1136 850 1
347 851 1
1136 851 -1
1137 851 1
348 852 1
1137 852 -1
1138 852 1
349 853 1
1138 853 -1
1139 853 1
350 854 1
1139 854 -1
1140 854 1
351 855 1
1140 855 -1
352 856 1
1141 856 1
353 857 1
1141 857 -1
1142 857 1
354 858 1
1142 858 -1
1143 858 1
355 859 1
1143 859 -1
1144 859 1
356 860 1
1144 860 -1
1145 860 1
357 861 1
1145 861 -1
1146 861 1
358 862 1
1146 862 -1
1147 862 1
359 863 1
1147 863 -1
360 864 1
1148 864 1
361 865 1
1148 865 -1
1149 865 1
362 866 1
1149 866 -1
1150 866 1
363 867 1
1150 867 -1
1151 867 1
364 868 1
1151 868 -1
1152 868 1
365 869 1
1152 869 -1
1153 869 1
366 870 1
1153 870 -1
1154 870 1
367 871 1
1154 871 -1
368 872 1
1155 872 1
369 873 1
1155 873 -1
1156 873 1
370 874 1
1156 874 -1
1157 874 1
371 875 1
1157 875 -1
1158 875 1
372 876 1
1158 876 -1
1159 876 1
373 877 1
1159 877 -1
1160 877 1
374 878 1
1160 878 -1
1161 878 1
375 879 1
1161 879 -1
376 880 1
1162 880 1
377 881 1
1162 881 -1
1163 881 1
378 882 1
1163 882 -1
1164 882 1
379 883 1
1164 883 -1
1165 883 1
380 884 1
1165 884 -1
1166 884 1
381 885 1
1166 885 -1
1167 885 1
382 886 1
1167 886 -1
1168 886 1
383 887 1
1168 887 -1
384 888 1
1169 888 1
385 889 1
1169 889 -1
1170 889 1
386 890 1
1170 890 -1
1171 890 1
387 891 1
1171 891 -1
1172 891 1
388 892 1
1172 892 -1
1173 892 1
389 893 1
1173 893 -1
1174 893 1
390 894 1
1174 894 -1
1175 894 1
391 895 1
1175 895 -1
0 896 1
392 896 -1
1 897 1
392 897 1
393 897 -1
2 898 1
393 898 1
394 898 -1
3 899 1
394 899 1
395 899 -1
4 900 1
395 900 1
396 900 -1
5 901 1
396 901 1
397 901 -1
6 902 1
397 902 1
398 902 -1
7 903 1
398 903 1
0 904 -1
8 904 1
399 904 -1
1 905 -1
9 905 1
399 905 1
400 905 -1
2 906 -1
10 906 1
400 906 1
401 906 -1
3 907 -1
11 907 1
401 907 1
402 907 -1
4 908 -1
12 908 1
402 908 1
403 908 -1
5 909 -1
13 909 1
403 909 1
404 909 -1
6 910 -1
14 910 1
404 910 1
405 910 -1
7 911 -1
15 911 1
405 911 1
8 912 -1
16 912 1
406 912 -1
9 913 -1
17 913 1
406 913 1
407 913 -1
10 914 -1
18 914 1
407 914 1
408 914 -1
11 915 -1
19 915 1
408 915 1
409 915 -1
12 916 -1
20 916 1
409 916 1
410 916 -1
13 917 -1
21 917 1
410 917 1
411 917 -1
14 918 -1
22 918 1
411 918 1
412 918 -1
15 919 -1
23 919 1
412 919 1
16 920 -1
24 920 1
413 920 -1
17 921 -1
25 921 1
413 921 1
414 921 -1
18 922 -1
26 922 1
414 922 1
415 922 -1
19 923 -1
27 923 1
415 923 1
416 923 -1
20 924 -1
28 924 1
416 924 1
417 924 -1
21 925 -1
29 925 1
417 925 1
418 925 -1
22 926 -1
30 926 1
418 926 1
419 926 -1
23 927 -1
31 927 1
419 927 1
24 928 -1
32 928 1
420 928 -1
25 929 -1
33 929 1
420 929 1
421 929 -1
26 930 -1
34 930 1
421 930 1
422 930 -1
27 931 -1
35 931 1
422 931 1
423 931 -1
28 932 -1
36 932 1
423 932 1
424 932 -1
29 933 -1
37 933 1
424 933 1
425 933 -1
30 934 -1
38 934 1
425 934 1
426 934 -1
31 935 -1
39 935 1
426 935 1
32 936 -1
40 936 1
427 936 -1
33 937 -1
41 937 1
427 937 1
428 937 -1
34 938 -1
42 938 1
428 938 1
429 938 -1
35 939 -1
43 939 1
429 939 1
430 939 -1
36 940 -1
44 940 1
430 940 1
431 940 -1
37 941 -1
45 941 1
431 941 1
432 941 -1
38 942 -1
46 942 1
432 942 1
433 942 -1
39 943 -1
47 943 1
433 943 1
40 944 -1
48 944 1
434 944 -1
41 945 -1
49 945 1
434 945 1
435 945 -1
42 946 -1
50 946 1
435 946 1
436 946 -1
43 947 -1
51 947 1
436 947 1
437 947 -1
44 948 -1
52 948 1
437 948 1
438 948 -1
45 949 -1
53 949 1
438 949 1
439 949 -1
46 950 -1
54 950 1
439 950 1
440 950 -1
47 951 -1
55 951 1
440 951 1
48 952 -1
441 952 -1
49 953 -1
441 953 1
442 953 -1
50 954 -1
442 954 1
443 954 -1
51 955 -1
443 955 1
444 955 -1
52 956 -1
444 956 1
445 956 -1
53 957 -1
445 957 1
446 957 -1
54 958 -1
446 958 1
447 958 -1
55 959 -1
447 959 1
56 960 1
448 960 -1
57 961 1
448 961 1
449 961 -1
58 962 1
449 962 1
450 962 -1
59 963 1
450 963 1
451 963 -1
60 964 1
451 964 1
452 964 -1
61 965 1
452 965 1
453 965 -1
62 966 1
453 966 1
454 966 -1
63 967 1
454 967 1
56 968 -1
64 968 1
455 968 -1
57 969 -1
65 969 1
455 969 1
456 969 -1
58 970 -1
66 970 1
456 970 1
457 970 -1
59 971 -1
67 971 1
457 971 1
458 971 -1
60 972 -1
68 972 1
458 972 1
459 972 -1
61 973 -1
69 973 1
459 973 1
460 973 -1
62 974 -1
70 974 1
460 974 1
461 974 -1
63 975 -1
71 975 1
461 975 1
64 976 -1
72 976 1
462 976 -1
65 977 -1
73 977 1
462 977 1
463 977 -1
66 978 -1
74 978 1
463 978 1
464 978 -1
67 979 -1
75 979 1
464 979 1
465 979 -1
68 980 -1
76 980 1
465 980 1
466 980 -1
69 981 -1
77 981 1
466 981 1
467 981 -1
70 982 -1
78 982 1
467 982 1
468 982 -1
71 983 -1
79 983 1
468 983 1
72 984 -1
80 984 1
469 984 -1
73 985 -1
81 985 1
469 985 1
470 985 -1
74 986 -1
82 986 1
470 986 1
471 986 -1
75 987 -1
83 987 1
471 987 1
472 987 -1
76 988 -1
84 988 1
472 988 1
473 988 -1
77 989 -1
85 989 1
473 989 1
474 989 -1
78 990 -1
86 990 1
474 990 1
475 990 -1
79 991 -1
87 991 1
475 991 1
80 992 -1
88 992 1
476 992 -1
81 993 -1
89 993 1
476 993 1
477 993 -1
82 994 -1
90 994 1
477 994 1
478 994 -1
83 995 -1
91 995 1
478 995 1
479 995 -1
84 996 -1
92 996 1
479 996 1
480 996 -1
85 997 -1
93 997 1
480 997 1
481 997 -1
86 998 -1
94 998 1
481 998 1
482 998 -1
87 999 -1
95 999 1
482 999 1
88 1000 -1
96 1000 1
483 1000 -1
89 1001 -1
97 1001 1
483 1001 1
484 1001 -1
90 1002 -1
98 1002 1
484 1002 1
485 1002 -1
91 1003 -1
99 1003 1
485 1003 1
486 1003 -1
92 1004 -1
100 1004 1
486 1004 1
487 1004 -1
93 1005 -1
101 1005 1
487 1005 1
488 1005 -1
94 1006 -1
102 1006 1
488 1006 1
489 1006 -1
95 1007 -1
103 1007 1
489 1007 1
96 1008 -1
104 1008 1
490 1008 -1
97 1009 -1
105 1009 1
490 1009 1
491 1009 -1
98 1010 -1
106 1010 1
491 1010 1
492 1010 -1
99 1011 -1
107 1011 1
492 1011 1
493 1011 -1
100 1012 -1
108 1012 1
493 1012 1
494 1012 -1
101 1013 -1
109 1013 1
494 1013 1
495 1013 -1
102 1014 -1
110 1014 1
495 1014 1
496 1014 -1
103 1015 -1
111 1015 1
496 1015 1
104 1016 -1
497 1016 -1
105 1017 -1
497 1017 1
498 1017 -1
106 1018 -1
498 1018 1
499 1018 -1
107 1019 -1
499 1019 1
500 1019 -1
108 1020 -1
500 1020 1
501 1020 -1
109 1021 -1
501 1021 1
502 1021 -1
110 1022 -1
502 1022 1
503 1022 -1
111 1023 -1
503 1023 1
112 1024 1
504 1024 -1
113 1025 1
504 1025 1
505 1025 -1
114 1026 1
505 1026 1
506 1026 -1
115 1027 1
506 1027 1
507 1027 -1
116 1028 1
507 1028 1
508 1028 -1
117 1029 1
508 1029 1
509 1029 -1
118 1030 1
509 1030 1
510 1030 -1
119 1031 1
510 1031 1
112 1032 -1
120 1032 1
511 1032 -1
113 1033 -1
121 1033 1
511 1033 1
512 1033 -1
114 1034 -1
122 1034 1
512 1034 1
513 1034 -1
115 1035 -1
123 1035 1
513 1035 1
514 1035 -1
116 1036 -1
124 1036 1
514 1036 1
515 1036 -1
117 1037 -1
125 1037 1
515 1037 1
516 1037 -1
118 1038 -1
126 1038 1
516 1038 1
517 1038 -1
119 1039 -1
127 1039 1
517 1039 1
120 1040 -1
128 1040 1
518 1040 -1
121 1041 -1
129 1041 1
518 1041 1
519 1041 -1
122 1042 -1
130 1042 1
519 1042 1
520 1042 -1
123 1043 -1
131 1043 1
520 1043 1
521 1043 -1
124 1044 -1
132 1044 1
521 1044 1
522 1044 -1
125 1045 -1
133 1045 1
522 1045 1
523 1045 -1
126 1046 -1
134 1046 1
523 1046 1
524 1046 -1
127 1047 -1
135 1047 1
524 1047 1
128 1048 -1
136 1048 1
525 1048 -1
129 1049 -1
137 1049 1
525 1049 1
526 1049 -1
130 1050 -1
138 1050 1
526 1050 1
527 1050 -1
131 1051 -1
139 1051 1
527 1051 1
528 1051 -1
132 1052 -1
140 1052 1
528 1052 1
529 1052 -1
133 1053 -1
141 1053 1
529 1053 1
530 1053 -1
134 1054 -1
142 1054 1
530 1054 1
531 1054 -1
135 1055 -1
143 1055 1
531 1055 1
136 1056 -1
144 1056 1
532 1056 -1
137 1057 -1
145 1057 1
532 1057 1
533 1057 -1
138 1058 -1
146 1058 1
533 1058 1
534 1058 -1
139 1059 -1
147 1059 1
534 1059 1
535 1059 -1
140 1060 -1
148 1060 1
535 1060 1
536 1060 -1
141 1061 -1
149 1061 1
536 1061 1
537 1061 -1
142 1062 -1
150 1062 1
537 1062 1
538 1062 -1
143 1063 -1
151 1063 1
538 1063 1
144 1064 -1
152 1064 1
539 1064 -1
145 1065 -1
153 1065 1
539 1065 1
540 1065 -1
146 1066 -1
154 1066 1
540 1066 1
541 1066 -1
147 1067 -1
155 1067 1
541 1067 1
542 1067 -1
148 1068 -1
156 1068 1
542 1068 1
543 1068 -1
149 1069 -1
157 1069 1
543 1069 1
544 1069 -1
150 1070 -1
158 1070 1
544 1070 1
545 1070 -1
151 1071 -1
159 1071 1
545 1071 1
152 1072 -1
160 1072 1
546 1072 -1
153 1073 -1
161 1073 1
546 1073 1
547 1073 -1
154 1074 -1
162 1074 1
547 1074 1
548 1074 -1
155 1075 -1
163 1075 1
548 1075 1
549 1075 -1
156 1076 -1
164 1076 1
549 1076 1
550 1076 -1
157 1077 -1
165 1077 1
550 1077 1
551 1077 -1
158 1078 -1
166 1078 1
551 1078 1
552 1078 -1
159 1079 -1
167 1079 1
552 1079 1
160 1080 -1
553 1080 -1
161 1081 -1
553 1081 1
554 1081 -1
162 1082 -1
554 1082 1
555 1082 -1
163 1083 -1
555 1083 1
556 1083 -1
164 1084 -1
556 1084 1
557 1084 -1
165 1085 -1
557 1085 1
558 1085 -1
166 1086 -1
558 1086 1
559 1086 -1
167 1087 -1
559 1087 1
168 1088 1
560 1088 -1
169 1089 1
560 1089 1
561 1089 -1
170 1090 1
561 1090 1
562 1090 -1
171 1091 1
562 1091 1
563 1091 -1
172 1092 1
563 1092 1
564 1092 -1
173 1093 1
564 1093 1
565 1093 -1
174 1094 1
565 1094 1
566 1094 -1
175 1095 1
566 1095 1
168 1096 -1
176 1096 1
567 1096 -1
169 1097 -1
177 1097 1
567 1097 1
568 1097 -1
170 1098 -1
178 1098 1
568 1098 1
569 1098 -1
171 1099 -1
179 1099 1
569 1099 1
570 1099 -1
172 1100 -1
180 1100 1
570 1100 1
571 1100 -1
173 1101 -1
181 1101 1
571 1101 1
572 1101 -1
174 1102 -1
182 1102 1
572 1102 1
573 1102 -1
175 1103 -1
183 1103 1
573 1103 1
176 1104 -1
184 1104 1
574 1104 -1
177 1105 -1
185 1105 1
574 1105 1
575 1105 -1
178 1106 -1
186 1106 1
575 1106 1
576 1106 -1
179 1107 -1
187 1107 1
576 1107 1
577 1107 -1
180 1108 -1
188 1108 1
577 1108 1
578 1108 -1
181 1109 -1
189 1109 1
578 1109 1
579 1109 -1
182 1110 -1
190 1110 1
579 1110 1
580 1110 -1
183 1111 -1
191 1111 1
580 1111 1
184 1112 -1
192 1112 1
581 1112 -1
185 1113 -1
193 1113 1
581 1113 1
582 1113 -1
186 1114 -1
194 1114 1
582 1114 1
583 1114 -1
187 1115 -1
195 1115 1
583 1115 1
584 1115 -1
188 1116 -1
196 1116 1
584 1116 1
585 1116 -1
189 1117 -1
197 1117 1
585 1117 1
586 1117 -1
190 1118 -1
198 1118 1
586 1118 1
587 1118 -1
191 1119 -1
199 1119 1
587 1119 1
192 1120 -1
200 1120 1
588 1120 -1
193 1121 -1
201 1121 1
588 1121 1
589 1121 -1
194 1122 -1
202 1122 1
589 1122 1
590 1122 -1
195 1123 -1
203 1123 1
590 1123 1
591 1123 -1
196 1124 -1
204 1124 1
591 1124 1
592 1124 -1
197 1125 -1
205 1125 1
592 1125 1
593 1125 -1
198 1126 -1
206 1126 1
593 1126 1
594 1126 -1
199 1127 -1
207 1127 1
594 1127 1
200 1128 -1
208 1128 1
595 1128 -1
201 1129 -1
209 1129 1
595 1129 1
596 1129 -1
202 1130 -1
210 1130 1
596 1130 1
597 1130 -1
203 1131 -1
211 1131 1
597 1131 1
598 1131 -1
204 1132 -1
212 1132 1
598 1132 1
599 1132 -1
205 1133 -1
213 1133 1
599 1133 1
600 1133 -1
206 1134 -1
214 1134 1
600 1134 1
601 1134 -1
207 1135 -1
215 1135 1
601 1135 1
208 1136 -1
216 1136 1
602 1136 -1
209 1137 -1
217 1137 1
602 1137 1
603 1137 -1
210 1138 -1
218 1138 1
603 1138 1
604 1138 -1
211 1139 -1
219 1139 1
604 1139 1
605 1139 -1
212 1140 -1
220 1140 1
605 1140 1
606 1140 -1
213 1141 -1
221 1141 1
606 1141 1
607 1141 -1
214 1142 -1
222 1142 1
607 1142 1
608 1142 -1
215 1143 -1
223 1143 1
608 1143 1
216 1144 -1
609 1144 -1
217 1145 -1
609 1145 1
610 1145 -1
218 1146 -1
610 1146 1
611 1146 -1
219 1147 -1
611 1147 1
612 1147 -1
220 1148 -1
612 1148 1
613 1148 -1
221 1149 -1
613 1149 1
614 1149 -1
222 1150 -1
614 1150 1
615 1150 -1
223 1151 -1
615 1151 1
224 1152 1
616 1152 -1
225 1153 1
616 1153 1
617 1153 -1
226 1154 1
617 1154 1
618 1154 -1
227 1155 1
618 1155 1
619 1155 -1
228 1156 1
619 1156 1
620 1156 -1
229 1157 1
620 1157 1
621 1157 -1
230 1158 1
621 1158 1
622 1158 -1
231 1159 1
622 1159 1
224 1160 -1
232 1160 1
623 1160 -1
225 1161 -1
233 1161 1
623 1161 1
624 1161 -1
226 1162 -1
234 1162 1
624 1162 1
625 1162 -1
227 1163 -1
235 1163 1
625 1163 1
626 1163 -1
228 1164 -1
236 1164 1
626 1164 1
627 1164 -1
229 1165 -1
237 1165 1
627 1165 1
628 1165 -1
230 1166 -1
238 1166 1
628 1166 1
629 1166 -1
231 1167 -1
239 1167 1
629 1167 1
232 1168 -1
240 1168 1
630 1168 -1
233 1169 -1
241 1169 1
630 1169 1
631 1169 -1
234 1170 -1
242 1170 1
631 1170 1
632 1170 -1
235 1171 -1
243 1171 1
632 1171 1
633 1171 -1
236 1172 -1
244 1172 1
633 1172 1
634 1172 -1
237 1173 -1
245 1173 1
634 1173 1
635 1173 -1
238 1174 -1
246 1174 1
635 1174 1
636 1174 -1
239 1175 -1
247 1175 1
636 1175 1
240 1176 -1
248 1176 1
637 1176 -1
241 1177 -1
249 1177 1
637 1177 1
638 1177 -1
242 1178 -1
250 1178 1
638 1178 1
639 1178 -1
243 1179 -1
251 1179 1
639 1179 1
640 1179 -1
244 1180 -1
252 1180 1
640 1180 1
641 1180 -1
245 1181 -1
253 1181 1
641 1181 1
642 1181 -1
246 1182 -1
254 1182 1
642 1182 1
643 1182 -1
247 1183 -1
255 1183 1
643 1183 1
248 1184 -1
256 1184 1
644 1184 -1
249 1185 -1
257 1185 1
644 1185 1
645 1185 -1
250 1186 -1
258 1186 1
645 1186 1
646 1186 -1
251 1187 -1
259 1187 1
646 1187 1
647 1187 -1
252 1188 -1
260 1188 1
647 1188 1
648 1188 -1
253 1189 -1
261 1189 1
648 1189 1
649 1189 -1
254 1190 -1
262 1190 1
649 1190 1
650 1190 -1
255 1191 -1
263 1191 1
650 1191 1
256 1192 -1
264 1192 1
651 1192 -1
257 1193 -1
265 1193 1
651 1193 1
652 1193 -1
258 1194 -1
266 1194 1
652 1194 1
653 1194 -1
259 1195 -1
267 1195 1
653 1195 1
654 1195 -1
260 1196 -1
268 1196 1
654 1196 1
655 1196 -1
261 1197 -1
269 1197 1
655 1197 1
656 1197 -1
262 1198 -1
270 1198 1
656 1198 1
657 1198 -1
263 1199 -1
271 1199 1
657 1199 1
264 1200 -1
272 1200 1
658 1200 -1
265 1201 -1
273 1201 1
658 1201 1
659 1201 -1
266 1202 -1
274 1202 1
659 1202 1
660 1202 -1
267 1203 -1
275 1203 1
660 1203 1
661 1203 -1
268 1204 -1
276 1204 1
661 1204 1
662 1204 -1
269 1205 -1
277 1205 1
662 1205 1
663 1205 -1
270 1206 -1
278 1206 1
663 1206 1
664 1206 -1
271 1207 -1
279 1207 1
664 1207 1
272 1208 -1
665 1208 -1
273 1209 -1
665 1209 1
666 1209 -1
274 1210 -1
666 1210 1
667 1210 -1
275 1211 -1
667 1211 1
668 1211 -1
276 1212 -1
668 1212 1
669 1212 -1
277 1213 -1
669 1213 1
670 1213 -1
278 1214 -1
670 1214 1
671 1214 -1
279 1215 -1
671 1215 1
280 1216 1
672 1216 -1
281 1217 1
672 1217 1
673 1217 -1
282 1218 1
673 1218 1
674 1218 -1
283 1219 1
674 1219 1
675 1219 -1
284 1220 1
675 1220 1
676 1220 -1
285 1221 1
676 1221 1
677 1221 -1
286 1222 1
677 1222 1
678 1222 -1
287 1223 1
678 1223 1
280 1224 -1
288 1224 1
679 1224 -1
281 1225 -1
289 1225 1
679 1225 1
680 1225 -1
282 1226 -1
290 1226 1
680 1226 1
681 1226 -1
283 1227 -1
291 1227 1
681 1227 1
682 1227 -1
284 1228 -1
292 1228 1
682 1228 1
683 1228 -1
285 1229 -1
293 1229 1
683 1229 1
684 1229 -1
286 1230 -1
294 1230 1
684 1230 1
685 1230 -1
287 1231 -1
295 1231 1
685 1231 1
288 1232 -1
296 1232 1
686 1232 -1
289 1233 -1
297 1233 1
686 1233 1
687 1233 -1
290 1234 -1
298 1234 1
687 1234 1
688 1234 -1
291 1235 -1
299 1235 1
688 1235 1
689 1235 -1
292 1236 -1
300 1236 1
689 1236 1
690 1236 -1
293 1237 -1
301 1237 1
690 1237 1
691 1237 -1
294 1238 -1
302 1238 1
691 1238 1
692 1238 -1
295 1239 -1
303 1239 1
692 1239 1
296 1240 -1
304 1240 1
693 1240 -1
297 1241 -1
305 1241 1
693 1241 1
694 1241 -1
298 1242 -1
306 1242 1
694 1242 1
695 1242 -1
299 1243 -1
307 1243 1
695 1243 1
696 1243 -1
300 1244 -1
308 1244 1
696 1244 1
697 1244 -1
301 1245 -1
309 1245 1
697 1245 1
698 1245 -1
302 1246 -1
310 1246 1
698 1246 1
699 1246 -1
303 1247 -1
311 1247 1
699 1247 1
304 1248 -1
312 1248 1
700 1248 -1
305 1249 -1
313 1249 1
700 1249 1
701 1249 -1
306 1250 -1
314 1250 1
701 1250 1
702 1250 -1
307 1251 -1
315 1251 1
702 1251 1
703 1251 -1
308 1252 -1
316 1252 1
703 1252 1
704 1252 -1
309 1253 -1
317 1253 1
704 1253 1
705 1253 -1
310 1254 -1
318 1254 1
705 1254 1
706 1254 -1
311 1255 -1
319 1255 1
706 1255 1
312 1256 -1
320 1256 1
707 1256 -1
313 1257 -1
321 1257 1
707 1257 1
708 1257 -1
314 1258 -1
322 1258 1
708 1258 1
709 1258 -1
315 1259 -1
323 1259 1
709 1259 1
710 1259 -1
316 1260 -1
324 1260 1
710 1260 1
711 1260 -1
317 1261 -1
325 1261 1
711 1261 1
712 1261 -1
318 1262 -1
326 1262 1
712 1262 1
713 1262 -1
319 1263 -1
327 1263 1
713 1263 1
320 1264 -1
328 1264 1
714 1264 -1
321 1265 -1
329 1265 1
714 1265 1
715 1265 -1
322 1266 -1
330 1266 1
715 1266 1
716 1266 -1
323 1267 -1
331 1267 1
716 1267 1
717 1267 -1
324 1268 -1
332 1268 1
717 1268 1
718 1268 -1
325 1269 -1
333 1269 1
718 1269 1
719 1269 -1
326 1270 -1
334 1270 1
719 1270 1
720 1270 -1
327 1271 -1
335 1271 1
720 1271 1
328 1272 -1
721 1272 -1
329 1273 -1
721 1273 1
722 1273 -1
330 1274 -1
722 1274 1
723 1274 -1
331 1275 -1
723 1275 1
724 1275 -1
332 1276 -1
724 1276 1
725 1276 -1
333 1277 -1
725 1277 1
726 1277 -1
334 1278 -1
726 1278 1
727 1278 -1
335 1279 -1
727 1279 1
336 1280 1
728 1280 -1
337 1281 1
728 1281 1
729 1281 -1
338 1282 1
729 1282 1
730 1282 -1
339 1283 1
730 1283 1
731 1283 -1
340 1284 1
731 1284 1
732 1284 -1
341 1285 1
732 1285 1
733 1285 -1
342 1286 1
733 1286 1
734 1286 -1
343 1287 1
734 1287 1
336 1288 -1
344 1288 1
735 1288 -1
337 1289 -1
345 1289 1
735 1289 1
736 1289 -1
338 1290 -1
346 1290 1
736 1290 1
737 1290 -1
339 1291 -1
347 1291 1
737 1291 1
738 1291 -1
340 1292 -1
348 1292 1
738 1292 1
739 1292 -1
341 1293 -1
349 1293 1
739 1293 1
740 1293 -1
342 1294 -1
350 1294 1
740 1294 1
741 1294 -1
343 1295 -1
351 1295 1
741 1295 1
344 1296 -1
352 1296 1
742 1296 -1
345 1297 -1
353 1297 1
742 1297 1
743 1297 -1
346 1298 -1
354 1298 1
743 1298 1
744 1298 -1
347 1299 -1
355 1299 1
744 1299 1
745 1299 -1
348 1300 -1
356 1300 1
745 1300 1
746 1300 -1
349 1301 -1
357 1301 1
746 1301 1
747 1301 -1
350 1302 -1
358 1302 1
747 1302 1
748 1302 -1
351 1303 -1
359 1303 1
748 1303 1
352 1304 -1
360 1304 1
749 1304 -1
353 1305 -1
361 1305 1
749 1305 1
750 1305 -1
354 1306 -1
362 1306 1
750 1306 1
751 1306 -1
355 1307 -1
363 1307 1
751 1307 1
752 1307 -1
356 1308 -1
364 1308 1
752 1308 1
753 1308 -1
357 1309 -1
365 1309 1
753 1309 1
754 1309 -1
358 1310 -1
366 1310 1
754 1310 1
755 1310 -1
359 1311 -1
367 1311 1
755 1311 1
360 1312 -1
368 1312 1
756 1312 -1
361 1313 -1
369 1313 1
756 1313 1
757 1313 -1
362 1314 -1
370 1314 1
757 1314 1
758 1314 -1
363 1315 -1
371 1315 1
758 1315 1
759 1315 -1
364 1316 -1
372 1316 1
759 1316 1
760 1316 -1
365 1317 -1
373 1317 1
760 1317 1
761 1317 -1
366 1318 -1
374 1318 1
761 1318 1
762 1318 -1
367 1319 -1
375 1319 1
762 1319 1
368 1320 -1
376 1320 1
763 1320 -1
369 1321 -1
377 1321 1
763 1321 1
764 1321 -1
370 1322 -1
378 1322 1
764 1322 1
765 1322 -1
371 1323 -1
379 1323 1
765 1323 1
766 1323 -1
372 1324 -1
380 1324 1
766 1324 1
767 1324 -1
373 1325 -1
381 1325 1
767 1325 1
768 1325 -1
374 1326 -1
382 1326 1
768 1326 1
769 1326 -1
375 1327 -1
383 1327 1
769 1327 1
376 1328 -1
384 1328 1
770 1328 -1
377 1329 -1
385 1329 1
770 1329 1
771 1329 -1
378 1330 -1
386 1330 1
771 1330 1
772 1330 -1
379 1331 -1
387 1331 1
772 1331 1
773 1331 -1
380 1332 -1
388 1332 1
773 1332 1
774 1332 -1
381 1333 -1
389 1333 1
774 1333 1
775 1333 -1
382 1334 -1
390 1334 1
775 1334 1
776 1334 -1
383 1335 -1
391 1335 1
776 1335 1
384 1336 -1
777 1336 -1
385 1337 -1
777 1337 1
778 1337 -1
386 1338 -1
778 1338 1
779 1338 -1
387 1339 -1
779 1339 1
780 1339 -1
388 1340 -1
780 1340 1
781 1340 -1
389 1341 -1
781 1341 1
782 1341 -1
390 1342 -1
782 1342 1
783 1342 -1
391 1343 -1
783 1343 1
