0.016887594857 0.181381736214
0.857150589922 0.716451625749
0.531862177357 0.818357065409
0.423040555082 0.213141902806
0.010824385412 0.563408442923
0.486635605891 0.433947610569
0.401037622674 0.308734163226
0.902268065690 0.816822567923
0.723668865629 0.507293688615
0.284345018733 0.629574972885
0.717376763027 0.892815647203
0.173100996791 0.385768997618
0.370169337445 0.421701055555
0.338918487503 0.244107510936
0.415934984601 0.261834770157
0.849687286568 0.780132224895
0.936102939101 0.741287754328
0.672231178321 0.696300524216
0.661452967816 0.264036855417
0.505394846251 0.329258661556
0.485913286653 0.628897820424
0.439399933046 0.374373875559
