40.858
36.706
49.134
35.799
51.759
57.521
43.891
38.937
23.330
57.581
44.161
43.793
41.330
38.254
33.234
56.702
46.141
36.691
53.993
37.012
45.839
30.911
24.404
45.909
22.687
47.912
50.949
37.029
49.023
32.091
51.370
21.485
37.892
31.834
49.621
16.409
47.361
27.922
47.791
54.376
29.426
35.211
46.687
47.606
30.497
33.011
35.339
13.261
52.581
41.743
44.187
55.705
55.655
43.844
48.586
51.420
48.164
22.970
25.112
34.992
26.762
42.334
29.255
30.828
35.076
29.831
26.313
50.156
56.816
43.251
58.589
44.753
43.427
43.574
44.690
54.365
58.145
44.596
60.123
55.571
38.523
43.918
29.616
30.368
36.964
38.535
43.783
39.109
32.612
55.002
36.482
33.940
50.520
58.921
56.978
57.576
52.105
44.632
38.971
49.464
50.416
45.973
32.017
50.281
28.223
23.655
51.074
42.559
22.244
49.554
56.748
34.675
25.547
47.224
39.044
51.648
39.374
50.000
35.238
35.187
13.873
52.281
48.107
42.250
48.143
43.804
29.772
55.282
53.374
27.769
52.949
32.359
26.260
50.504
34.259
54.802
51.155
50.087
42.510
38.214
37.085
56.007
44.895
20.887
49.329
59.737
36.575
43.517
21.471
50.091
57.934
55.383
28.647
54.818
32.638
39.397
46.186
17.705
53.034
36.721
32.713
60.613
43.621
27.665
27.977
22.932
46.949
29.891
27.016
39.799
44.123
52.715
45.563
49.453
46.746
36.179
35.761
56.094
28.204
49.276
38.984
10.670
30.976
33.690
39.414
47.952
39.656
27.908
31.190
46.658
37.096
44.055
13.721
30.601
45.209
44.925
42.652
59.079
43.175
32.898
35.449
43.496
57.943
52.027
52.249
56.827
24.131
54.995
28.248
52.541
46.998
36.782
30.278
52.216
18.700
56.990
56.417
38.968
42.036
29.852
28.704
15.403
33.280
40.124
51.410
53.384
31.766
49.373
49.144
47.484
13.591
12.770
40.342
52.687
57.401
22.716
48.578
43.090
49.590
45.333
14.739
55.401
43.029
15.659
14.718
21.958
41.085
36.010
39.058
41.316
27.939
38.855
22.757
22.108
40.192
40.157
34.614
24.478
43.707
56.189
19.142
26.287
36.411
42.862
48.869
31.531
50.130
41.352
38.676
45.763
29.648
41.745
48.063
51.534
46.390
46.992
55.262
55.860
45.963
28.945
51.558
39.098
48.032
39.872
45.702
51.354
31.733
28.320
32.366
53.390
60.124
24.816
49.565
43.284
42.722
44.296
32.112
27.992
56.339
13.220
9.362
21.153
34.504
39.398
42.548
36.988
40.529
42.628
35.933
33.672
54.020
47.296
43.251
60.392
33.779
39.400
44.486
19.251
38.825
26.662
25.861
30.923
39.379
47.360
38.174
26.892
20.840
44.395
51.822
43.767
17.823
44.194
58.995
35.049
48.509
28.418
49.154
25.540
41.417
24.957
54.712
51.335
20.913
33.527
21.507
51.013
39.862
57.820
43.101
41.586
39.981
32.258
41.177
42.513
18.074
28.595
34.575
50.897
43.671
41.051
40.061
50.751
60.594
43.386
43.190
26.368
45.708
38.866
51.964
31.990
28.817
44.175
23.478
53.189
43.661
43.783
49.944
52.854
57.800
35.100
35.964
58.391
6.396
58.902
20.698
41.248
43.473
39.681
57.688
39.784
44.069
7.584
56.393
36.083
47.218
20.241
46.668
48.736
56.932
12.912
41.855
43.068
52.554
43.233
56.103
47.500
56.711
48.220
35.557
54.671
50.335
28.279
28.877
28.784
48.535
44.039
58.470
35.900
40.655
20.372
56.885
43.244
49.092
23.877
55.818
40.240
11.739
40.127
46.732
35.183
46.575
30.538
42.511
53.084
48.466
22.461
42.493
15.151
39.975
30.346
59.625
34.031
4.716
32.275
51.615
47.189
43.029
48.531
28.816
31.361
29.574
29.049
57.965
54.192
25.996
35.258
53.501
58.313
56.354
45.539
49.601
49.599
56.777
49.507
53.619
49.180
49.979
36.653
51.501
42.243
42.885
42.976
38.171
31.678
20.465
44.272
18.718
2.020
42.051
40.152
17.439
39.923
45.464
43.254
31.601
54.013
46.936
47.836
49.526
43.862
41.280
50.998
58.142
54.711
44.227
18.464
47.664
55.741
25.702
8.204
40.642
46.291
4.913
57.885
8.700
47.917
58.996
57.403
49.513
36.538
28.263
45.030
49.578
28.522
19.883
29.483
61.204
45.073
29.241
13.739
52.169
54.017
40.951
39.924
47.195
43.776
40.554
33.189
16.857
44.730
45.044
45.114
15.473
39.432
35.726
39.774
32.407
59.318
24.188
37.505
56.137
35.409
57.171
52.743
59.074
36.462
30.451
24.278
49.031
25.589
56.191
55.864
52.641
56.416
43.561
48.436
44.107
58.946
58.936
39.238
54.868
54.060
39.065
14.208
50.848
48.050
45.989
41.699
47.662
55.142
61.718
40.431
28.359
32.610
52.421
17.583
43.569
52.871
37.166
53.016
40.098
43.317
33.902
22.995
52.096
54.723
32.630
20.167
57.498
51.543
48.250
34.630
42.671
33.471
60.062
42.547
31.946
38.094
35.669
31.462
48.020
39.598
42.299
20.354
25.065
2.321
54.792
10.852
51.347
57.680
37.370
6.243
27.954
12.735
42.409
34.194
36.632
42.230
19.440
24.845
31.877
40.608
53.056
50.131
50.414
42.318
39.265
53.321
28.051
53.584
23.294
43.679
47.825
34.660
42.723
58.388
49.662
35.695
55.712
17.190
56.495
18.541
40.720
47.879
42.012
28.499
10.828
17.657
38.919
50.263
25.045
37.179
32.189
46.859
45.076
29.423
46.147
29.832
56.401
19.914
58.134
45.577
1.255
26.664
21.324
0.319
54.491
44.847
26.159
53.820
48.689
45.576
17.041
34.104
37.729
35.820
44.779
25.789
37.383
46.724
32.096
49.907
53.811
28.925
48.361
48.744
31.373
33.125
50.680
49.438
46.823
38.129
34.899
56.906
47.453
44.886
57.864
31.618
23.363
40.948
34.490
41.794
46.486
33.078
52.198
41.078
47.746
57.437
48.035
56.627
49.233
1.404
37.367
22.824
35.057
42.869
35.113
29.244
32.075
57.345
49.120
29.195
28.759
36.834
36.251
30.712
26.409
49.709
20.424
25.044
33.520
36.308
48.336
57.550
44.828
34.812
45.220
52.412
35.286
50.696
60.966
58.567
40.464
50.840
41.230
25.369
40.476
50.271
42.439
48.171
41.898
28.725
40.941
46.445
50.094
40.304
38.688
45.540
43.689
56.085
48.886
42.136
45.677
44.510
18.002
35.294
38.095
17.490
32.062
27.713
37.994
44.597
45.794
37.465
40.128
44.589
44.270
55.836
40.695
25.490
53.484
45.595
57.694
53.439
45.210
51.089
36.931
51.295
50.790
45.393
42.876
7.647
42.310
0.473
35.596
46.346
38.227
53.693
46.853
36.323
55.211
34.723
46.106
38.392
45.983
53.481
57.707
30.556
14.432
41.346
11.656
52.080
25.952
41.894
50.282
44.925
43.735
33.338
57.660
40.490
38.778
57.557
51.092
30.707
25.257
57.030
30.908
35.944
54.770
50.945
54.678
49.657
51.891
46.433
32.344
35.368
40.210
25.429
17.713
24.666
33.801
26.890
20.061
49.506
23.450
23.140
42.221
47.467
30.789
35.321
36.785
45.505
54.006
36.241
36.071
49.103
59.281
31.062
15.459
55.775
47.968
36.657
16.690
42.296
42.283
36.734
51.641
7.313
6.962
39.100
51.339
32.809
32.715
43.653
50.236
27.304
36.333
25.117
56.767
58.809
48.140
32.059
50.060
57.440
43.191
0.512
27.797
37.038
53.456
43.176
40.564
51.298
19.856
38.299
11.616
40.411
58.097
42.735
2.558
37.141
28.018
38.340
25.071
37.926
41.551
61.398
43.356
54.764
42.433
43.984
51.573
55.379
40.061
32.046
45.506
57.348
43.101
50.515
36.194
41.607
42.405
34.798
41.509
38.450
43.303
35.418
40.476
40.395
41.043
40.822
56.823
35.833
48.239
40.121
49.410
44.760
44.695
32.125
34.583
56.318
41.109
41.168
30.589
51.243
16.423
35.506
11.633
53.649
56.856
35.527
44.214
23.806
43.869
56.829
36.569
49.424
43.944
28.468
46.577
30.937
34.613
53.342
39.291
38.070
15.481
40.225
55.285
50.288
33.354
55.691
50.607
29.381
52.858
26.194
8.937
47.053
36.535
42.651
41.258
50.789
45.452
40.991
44.978
58.941
40.335
6.194
23.632
32.121
33.795
19.014
35.425
32.770
38.455
26.689
33.547
37.902
44.692
38.193
28.339
34.151
38.553
43.070
2.138
48.849
15.364
41.885
11.109
40.205
55.707
47.956
33.979
32.743
36.715
44.775
55.809
44.333
44.409
46.485
43.881
39.726
56.888
29.413
49.572
19.441
40.386
55.529
31.591
30.150
9.271
33.312
57.071
36.593
40.138
58.398
48.861
46.817
28.449
46.649
41.285
1.341
33.294
36.958
41.686
34.306
44.146
27.850
42.772
39.274
27.930
36.728
39.125
56.009
41.299
31.168
53.014
37.861
48.640
48.689
55.954
52.407
50.026
57.414
28.684
50.962
43.316
38.423
51.570
53.985
37.956
29.650
41.237
59.516
39.493
47.978
40.056
49.128
44.649
3.736
56.551
36.641
28.504
47.987
46.534
31.710
40.875
17.312
33.543
56.314
43.884
40.985
32.965
26.765
47.712
34.024
30.927
43.894
43.445
40.658
56.047
44.394
31.985
30.149
19.309
36.143
32.253
49.492
56.494
41.031
58.801
27.074
4.437
15.307
33.722
44.546
58.816
5.281
45.064
41.529
25.394
41.054
49.960
52.115
36.067
15.319
32.137
31.647
31.385
44.495
23.969
44.289
50.828
24.392
34.798
45.663
5.096
13.359
22.835
38.734
49.500
49.517
32.673
31.147
39.165
48.202
50.999
42.200
53.793
33.983
51.935
30.621
25.181
57.746
35.961
38.472
47.056
1.692
19.586
55.844
34.746
33.944
59.302
52.260
29.203
28.732
40.175
54.007
7.093
44.063
40.058
32.967
28.547
14.571
55.024
43.513
43.064
56.342
39.152
21.259
40.686
28.572
44.812
48.817
43.677
44.551
8.980
34.117
47.466
38.112
49.352
34.784
44.519
29.551
46.183
52.077
48.110
25.316
39.691
30.746
51.940
47.826
34.461
17.556
50.253
21.952
25.523
20.693
1.843
0.774
55.738
34.738
59.024
28.072
56.508
50.731
23.002
35.455
59.411
14.667
38.305
53.652
50.716
35.685
36.315
44.041
50.969
39.399
40.712
31.107
32.026
42.869
40.827
49.881
24.499
49.239
46.157
45.524
42.904
16.618
29.490
30.860
17.306
33.850
37.603
48.289
42.729
38.869
44.048
4.177
44.008
46.116
20.369
51.606
34.578
43.991
54.933
11.935
50.257
26.099
45.532
48.112
59.667
53.578
43.673
36.550
4.079
52.941
47.047
49.126
23.477
36.513
31.322
26.138
33.120
42.504
32.741
51.377
42.344
26.798
49.188
34.060
51.853
1.886
0.803
50.986
50.906
37.160
34.727
19.354
36.234
21.914
60.558
6.980
38.626
50.747
37.664
58.972
49.973
50.799
59.826
22.412
12.909
33.562
32.518
9.125
48.711
48.966
54.489
39.060
39.205
20.380
21.163
42.318
11.975
41.736
52.171
59.713
30.688
48.902
43.059
44.251
44.604
41.292
12.063
2.062
15.138
33.836
6.122
14.996
35.958
36.587
42.424
45.612
44.994
43.959
12.426
56.411
29.439
44.873
43.459
41.092
43.786
47.672
30.968
30.202
42.119
41.120
39.209
50.690
50.584
33.982
27.460
48.609
37.614
10.891
31.954
47.682
14.411
36.311
45.437
15.523
34.433
35.987
43.856
58.071
39.354
51.166
52.834
46.905
59.605
55.518
25.137
41.402
58.286
17.769
27.814
49.862
29.302
18.301
12.997
50.185
44.345
46.823
39.348
36.556
44.656
27.988
0.556
20.331
20.350
57.692
50.063
47.188
42.148
38.794
56.166
34.365
37.651
39.922
48.482
50.164
37.965
35.441
43.332
37.004
57.699
57.861
49.212
54.433
37.812
10.476
49.646
34.779
48.390
44.375
38.278
56.954
36.040
34.194
45.971
43.238
38.147
24.680
51.751
55.498
36.634
42.035
36.276
35.590
25.927
41.613
16.170
49.616
54.262
14.944
52.261
33.033
32.173
54.323
51.206
13.953
46.717
60.766
45.341
22.972
36.836
29.685
32.714
41.815
50.469
54.260
54.491
60.792
15.864
33.878
46.942
43.685
20.521
16.025
46.442
47.648
54.951
19.827
40.045
34.993
29.631
55.731
28.567
19.654
58.055
20.986
40.326
46.186
44.988
39.661
43.856
17.537
46.857
43.917
52.246
43.465
39.357
30.297
39.480
29.584
57.398
55.594
37.010
48.379
55.778
20.457
36.469
33.729
28.874
38.554
55.197
51.240
30.910
14.685
55.630
8.919
46.254
3.412
35.161
48.595
25.821
39.674
30.188
35.439
34.507
39.288
46.815
52.223
50.367
5.957
22.551
41.634
33.652
46.015
54.513
26.775
43.075
44.194
41.626
41.668
36.184
32.414
32.873
34.117
17.898
33.978
47.627
40.024
43.947
47.318
53.283
24.102
13.917
54.292
40.034
39.351
31.633
37.202
34.412
59.044
47.790
33.123
43.985
29.529
52.554
56.214
56.694
36.584
22.865
12.611
56.635
45.134
42.350
33.151
48.547
39.884
39.327
36.967
47.919
45.999
31.561
40.903
46.188
53.544
30.902
49.789
53.167
43.340
27.199
45.844
56.119
44.358
40.299
31.451
21.655
57.251
43.747
41.999
49.736
44.484
41.591
50.444
34.861
12.032
2.171
52.039
47.789
58.572
11.027
48.313
39.974
60.305
44.901
39.137
46.951
38.491
44.739
7.599
45.074
55.302
13.373
6.731
49.251
10.527
48.520
54.974
51.837
22.889
43.810
39.200
54.668
42.281
35.170
23.139
48.735
41.433
53.839
47.451
15.223
50.903
44.098
9.643
43.773
36.666
40.273
46.003
46.367
24.043
51.010
26.685
35.210
46.130
33.627
32.320
51.982
44.970
19.211
57.119
36.641
52.554
53.520
20.163
48.148
19.027
54.803
27.102
30.210
28.176
49.856
8.397
34.803
53.763
8.175
59.411
46.637
45.756
54.485
33.510
34.467
46.578
26.311
57.708
43.351
53.237
43.629
60.287
12.645
14.773
22.173
45.477
50.132
49.167
45.842
48.790
35.031
45.021
27.602
34.140
42.555
11.005
50.659
45.038
40.466
30.841
43.414
40.824
34.547
51.182
42.200
22.018
36.920
42.895
39.928
47.580
51.628
60.739
56.840
48.924
46.566
60.092
60.023
42.799
32.709
44.818
44.200
8.831
28.485
43.829
60.205
43.293
34.290
53.779
47.567
45.928
47.090
28.862
54.368
52.772
49.568
55.410
21.427
54.777
19.582
50.268
28.759
58.616
46.071
30.807
43.950
21.906
51.866
39.876
34.208
20.273
36.928
38.733
33.859
57.975
44.323
55.385
50.448
26.691
36.678
53.482
32.049
45.596
39.114
50.054
39.445
42.025
37.149
10.319
47.812
24.803
51.015
56.843
44.133
54.783
37.029
45.671
35.020
41.418
51.805
55.225
12.444
45.381
52.720
43.612
48.548
16.358
47.410
26.172
44.713
40.185
27.328
53.449
29.394
34.466
40.950
16.450
56.724
45.616
19.707
56.952
39.700
49.367
60.186
36.819
52.470
20.083
33.619
44.297
57.958
54.830
38.604
29.497
45.853
51.894
30.508
56.550
28.127
51.252
29.713
33.153
33.527
31.332
29.560
43.468
36.664
42.982
59.110
3.080
50.071
22.682
34.752
50.508
31.442
48.695
53.655
54.917
41.184
26.174
46.639
20.486
58.500
54.096
29.050
44.651
31.152
52.078
38.002
40.627
22.327
45.254
33.393
19.574
46.039
54.507
31.269
17.952
36.581
44.155
47.629
32.728
40.520
52.693
47.504
40.103
26.168
7.458
32.578
58.056
42.209
47.075
28.623
34.645
50.592
45.019
44.535
58.265
51.486
36.001
45.056
30.233
41.424
45.437
52.440
25.589
46.999
39.154
24.331
57.514
43.994
19.836
53.011
42.619
37.606
46.496
35.045
14.042
44.645
43.098
35.169
44.833
36.862
40.147
35.469
17.829
43.501
60.045
44.085
42.556
36.644
51.892
49.149
39.854
33.013
57.136
33.377
56.912
56.284
33.073
52.344
45.951
14.788
52.585
43.018
20.835
18.446
49.623
31.599
30.435
39.860
47.966
48.276
46.927
32.547
22.710
38.260
43.459
52.567
51.698
24.586
17.260
60.474
25.466
47.101
57.150
38.228
38.648
54.000
45.191
54.412
50.457
44.277
16.260
9.023
39.704
20.746
34.350
44.757
33.692
39.347
51.723
48.574
31.772
50.707
38.792
45.856
30.459
44.807
58.093
59.134
55.712
51.640
55.825
39.124
26.519
43.930
49.423
51.508
29.332
53.596
57.621
46.868
55.413
49.314
41.687
40.511
22.749
38.565
34.533
59.649
51.675
29.997
44.684
52.404
45.592
29.427
48.254
38.773
30.086
51.728
25.382
52.468
45.370
45.031
55.106
39.484
18.361
49.760
1.752
45.209
36.798
24.863
51.197
46.976
52.967
50.376
38.782
19.596
57.841
19.366
51.551
47.293
45.496
55.329
50.444
35.145
54.825
53.931
43.234
17.589
51.473
30.852
41.685
48.609
46.209
18.697
45.511
55.372
42.371
25.496
25.713
32.419
46.997
47.690
38.886
39.438
26.001
46.001
54.866
50.981
21.924
35.154
57.427
42.777
43.135
50.821
52.802
53.753
26.160
58.163
33.549
23.437
57.622
55.100
39.651
15.561
37.976
37.472
46.433
33.066
51.150
45.570
44.324
32.905
35.263
39.510
50.082
48.827
48.846
45.463
58.783
54.972
38.555
40.483
46.610
13.400
26.528
41.921
39.400
31.562
41.358
50.034
35.136
23.668
48.991
45.333
12.267
30.140
35.048
40.840
36.109
27.602
52.345
33.795
41.128
32.334
33.392
42.327
42.051
18.035
31.050
21.036
48.349
55.184
34.825
23.501
16.452
38.963
59.207
28.924
44.813
45.365
35.765
48.295
25.921
53.394
52.905
27.245
35.126
29.777
27.227
48.786
47.437
20.552
53.167
45.105
40.134
29.471
36.794
56.088
41.118
47.606
50.098
29.041
54.756
24.397
48.004
44.669
51.509
35.558
48.137
58.825
48.441
45.330
57.765
12.972
24.085
55.609
28.053
56.767
43.887
58.025
49.122
27.111
32.617
36.917
39.915
42.511
55.283
35.879
53.258
45.818
61.372
6.607
53.976
44.712
52.868
53.290
57.785
47.338
43.412
57.607
60.868
39.269
41.235
17.969
44.948
53.655
42.574
55.223
47.745
28.456
48.466
56.228
40.894
47.267
50.329
40.880
53.361
53.463
57.524
60.276
24.097
35.052
58.122
41.869
45.728
54.593
50.914
48.168
7.161
57.700
47.615
23.048
28.209
52.553
37.707
45.094
21.379
12.471
29.279
36.727
36.994
57.237
21.693
24.244
41.714
39.661
38.357
45.679
46.842
51.880
43.879
38.092
41.657
58.245
37.670
29.991
38.369
46.188
34.357
48.923
49.901
58.065
47.119
57.857
43.213
28.708
34.279
44.564
51.135
44.291
39.909
55.192
57.137
31.052
46.712
36.103
2.689
43.646
34.109
41.771
29.238
28.354
46.616
53.732
48.330
31.409
61.102
46.744
58.934
42.124
14.148
35.880
30.602
42.048
49.015
54.640
24.589
19.448
50.734
46.391
34.757
31.843
45.430
38.853
52.256
52.809
51.310
48.839
17.984
41.851
53.147
37.238
55.109
49.080
49.613
55.835
26.929
50.136
46.656
36.341
60.085
46.927
35.394
32.033
7.731
41.584
3.264
32.293
24.148
45.602
46.452
31.255
26.519
24.121
35.713
28.838
14.096
37.516
25.164
23.877
22.629
47.200
40.019
39.402
46.243
39.240
22.678
38.034
39.030
33.578
31.772
32.870
58.496
57.933
51.327
54.423
39.427
23.785
48.579
43.836
56.796
51.750
61.221
46.889
31.487
56.213
45.834
54.818
20.290
34.172
32.423
58.369
58.909
5.634
18.506
18.711
35.701
25.138
50.254
47.532
43.707
54.785
53.666
41.643
32.531
36.171
42.926
34.009
44.319
34.545
58.467
40.888
36.006
31.922
17.273
21.433
17.153
44.995
25.649
10.053
4.579
29.302
55.311
43.876
35.615
20.972
35.074
60.607
7.883
47.276
42.941
38.104
53.721
50.263
52.095
42.126
23.463
19.653
35.858
30.352
41.033
56.532
28.942
40.426
27.294
29.297
44.672
40.559
52.602
51.793
42.070
30.890
9.053
31.773
28.997
35.021
47.431
47.160
45.900
48.169
26.960
46.737
22.863
50.348
56.595
40.515
42.098
36.453
49.124
28.360
44.192
36.350
43.729
42.935
51.594
14.518
24.303
40.081
34.953
40.916
45.414
49.799
43.389
41.259
28.096
37.748
34.499
36.623
28.399
58.642
30.226
28.480
51.954
38.081
52.671
49.094
11.215
29.217
41.329
21.334
27.447
24.798
13.439
32.386
57.961
46.685
30.229
39.689
32.708
45.214
38.208
32.288
2.674
19.375
51.485
37.350
30.226
48.224
50.602
49.044
55.243
40.669
31.020
34.120
46.652
35.138
34.569
25.201
43.991
42.937
27.874
42.903
52.966
38.498
39.258
43.461
35.091
39.745
21.330
37.158
12.342
36.526
31.256
44.225
42.444
49.901
16.118
32.368
7.579
50.879
44.999
54.272
56.032
48.629
58.760
35.913
60.976
59.144
47.657
32.764
47.171
54.402
28.984
44.845
39.745
58.739
44.932
47.959
46.212
55.991
56.720
36.796
17.853
41.494
29.555
50.697
32.781
56.793
39.268
52.422
47.695
48.125
13.760
23.237
49.928
51.450
49.407
42.527
9.152
4.818
39.032
38.084
25.402
59.072
53.239
40.094
56.259
34.013
52.658
52.004
39.158
31.551
25.174
15.962
54.182
49.146
51.724
49.776
23.646
30.238
39.285
44.549
52.979
50.070
39.384
29.354
54.389
54.669
18.901
45.933
47.360
35.957
20.885
34.549
32.017
47.622
20.285
47.017
39.202
20.851
46.503
40.901
29.435
47.148
55.568
26.350
39.300
47.726
29.579
54.774
47.769
24.289
42.971
31.688
18.397
44.648
41.567
38.919
44.268
43.937
39.469
46.451
57.696
44.960
36.935
38.167
13.422
35.129
48.210
57.500
35.082
46.961
58.818
48.213
31.616
22.658
46.718
47.441
57.013
39.674
46.740
38.238
26.983
24.814
36.256
47.135
49.589
36.527
33.279
47.049
51.465
49.503
35.503
50.536
33.847
56.860
35.154
42.947
55.997
39.739
35.780
36.638
46.964
62.264
7.203
39.210
29.360
27.831
46.305
39.015
41.069
17.549
46.533
55.356
7.154
40.495
42.254
28.885
40.112
38.955
28.580
41.729
36.730
36.208
33.906
45.966
24.890
18.293
26.437
47.964
59.497
23.857
28.682
45.678
13.700
19.711
50.666
30.286
37.252
40.879
41.743
26.808
29.898
31.909
21.981
27.481
26.022
50.234
33.304
46.150
46.912
42.192
50.397
36.212
50.686
33.869
42.140
42.038
47.711
46.680
53.037
33.104
39.851
7.797
18.281
44.972
14.901
46.310
38.057
28.643
45.229
40.548
30.262
45.603
29.461
41.148
46.557
47.059
32.527
9.043
51.675
47.024
31.702
51.981
20.020
26.936
33.921
24.886
36.316
31.615
34.451
34.222
55.972
44.831
36.125
41.827
48.295
31.592
47.714
40.452
22.018
50.922
41.242
47.463
38.582
47.779
32.121
32.148
55.200
41.614
16.902
57.436
42.960
44.236
37.349
32.260
52.283
42.483
30.188
52.922
41.034
37.114
25.102
24.345
25.716
46.548
50.793
51.478
47.791
37.862
48.405
46.004
57.312
38.332
39.998
21.933
35.405
37.448
58.193
49.287
45.011
47.609
19.183
22.951
28.283
41.689
37.901
33.525
29.218
19.861
34.385
29.235
39.916
33.224
31.811
53.070
55.028
50.617
38.020
49.003
24.859
44.588
43.747
53.260
29.623
32.682
44.178
56.780
60.009
52.057
58.807
36.789
16.264
52.767
52.716
38.036
46.000
61.600
48.142
58.379
41.832
42.293
54.068
18.835
40.704
60.400
50.180
49.695
45.451
53.546
37.124
50.364
46.283
46.735
36.886
12.263
48.396
3.904
17.544
24.880
43.169
44.232
29.453
48.269
42.399
37.180
52.583
53.180
29.294
29.063
58.288
53.217
56.452
45.551
23.089
50.127
30.191
48.234
38.414
17.764
59.814
56.368
51.919
54.675
46.057
38.667
49.066
34.442
32.911
47.324
39.722
29.908
30.855
49.999
49.577
39.167
21.626
44.519
41.162
54.725
57.357
8.618
30.746
39.302
38.376
30.359
27.884
56.343
19.667
40.393
20.438
46.463
53.247
38.748
35.508
34.954
35.294
53.602
34.852
36.088
18.239
28.856
34.781
53.177
52.611
40.966
40.973
31.647
31.634
45.416
24.516
29.336
50.038
59.938
50.484
38.433
53.543
40.686
47.590
42.535
52.882
36.682
43.301
20.647
44.833
57.897
36.638
52.105
58.783
51.575
41.949
31.930
42.960
52.344
43.772
39.942
55.784
48.141
44.329
53.029
26.889
45.403
49.163
45.051
21.145
32.587
17.053
43.063
19.562
54.535
56.378
53.431
46.626
49.050
17.524
49.844
45.259
34.812
31.193
54.698
36.326
19.319
31.005
51.104
34.086
27.434
57.629
33.544
37.152
45.187
31.830
60.070
51.443
36.466
37.171
52.917
58.851
29.819
55.818
28.379
60.652
56.086
45.594
59.886
56.553
26.562
49.736
49.145
53.454
3.745
57.950
42.200
40.934
57.522
43.120
25.590
47.294
46.228
35.024
42.727
46.493
50.417
35.623
35.360
25.183
37.653
45.140
22.597
24.090
30.521
28.848
50.272
49.840
49.326
40.043
34.143
57.784
57.876
18.799
56.952
18.808
46.979
24.800
53.939
54.316
44.395
50.479
28.193
16.494
24.275
38.597
52.605
50.681
27.820
46.114
43.381
38.098
56.094
59.671
46.226
47.009
44.952
46.665
49.855
50.714
15.325
26.562
38.085
59.108
55.447
61.059
57.365
2.346
44.797
25.540
34.132
23.662
25.484
32.526
49.510
47.977
40.909
27.457
45.265
26.564
29.249
21.706
61.872
37.027
52.485
47.366
26.204
27.055
59.161
24.965
29.030
29.998
48.283
39.557
41.167
60.377
12.861
50.104
14.646
43.027
40.263
53.935
31.016
38.407
56.525
33.368
52.287
33.691
15.489
30.301
19.851
45.792
46.524
43.149
13.744
46.437
48.250
42.040
36.999
54.574
46.858
40.386
3.279
7.977
55.285
43.626
59.491
19.106
37.487
34.584
30.730
20.633
51.159
55.345
42.307
49.504
43.994
47.665
51.287
39.534
44.705
41.195
25.514
44.988
33.186
29.955
44.076
36.126
36.946
36.214
33.649
38.158
40.875
27.170
61.088
47.552
39.572
54.376
28.279
39.783
45.330
35.955
49.999
30.234
46.667
41.230
36.542
52.411
6.908
45.295
35.923
52.544
34.124
28.337
34.006
49.736
36.688
31.555
19.029
24.099
26.117
45.291
56.520
52.894
52.430
45.550
42.685
48.964
36.351
25.554
17.341
59.853
54.807
56.997
51.851
53.534
21.774
46.697
50.057
19.564
57.284
29.790
47.190
44.796
41.786
19.580
47.501
46.056
44.134
46.730
24.427
28.885
46.878
39.033
56.880
23.371
35.941
34.589
38.724
38.864
52.260
36.906
44.351
22.429
23.134
19.590
43.662
39.013
49.389
57.108
39.828
57.206
34.546
56.221
50.795
41.104
32.238
57.570
39.473
47.155
45.039
48.099
34.010
49.709
38.005
53.068
48.865
49.336
9.691
38.715
36.767
58.388
37.806
23.008
45.685
30.561
42.701
59.387
60.234
12.834
41.245
46.776
49.931
54.721
41.644
46.505
54.860
44.249
28.681
48.171
46.850
31.576
49.444
45.482
50.801
29.886
35.654
34.982
5.349
21.577
44.348
32.341
21.820
56.162
21.254
36.657
25.203
39.134
44.662
51.324
35.655
40.272
17.421
22.736
29.081
39.725
23.478
37.712
29.932
57.309
35.664
35.654
17.791
49.501
50.665
6.493
46.589
50.507
18.359
55.321
56.686
48.696
51.099
45.023
38.370
20.190
40.559
39.321
21.209
46.837
41.261
53.627
39.392
58.382
21.974
47.618
39.581
61.374
50.227
51.917
31.257
52.334
36.069
20.072
35.797
55.689
43.710
36.113
35.470
31.076
42.486
58.942
39.502
43.471
39.151
39.189
48.827
55.266
33.844
25.020
51.866
37.086
41.532
53.645
51.449
51.820
20.169
37.506
20.817
49.022
45.444
26.530
47.349
56.289
30.742
37.344
52.632
37.770
46.881
47.429
32.678
53.759
32.610
45.449
30.658
26.343
41.563
54.603
39.293
26.403
34.393
47.717
56.359
56.843
33.670
23.641
49.921
37.362
38.531
29.790
34.487
35.014
28.979
12.731
51.192
53.665
33.539
50.569
34.339
50.641
12.765
50.305
25.811
54.094
57.425
38.195
29.203
56.665
33.336
40.866
33.639
46.546
36.050
34.681
44.452
34.406
33.345
43.044
33.945
35.199
30.537
44.978
54.670
50.939
56.616
47.642
30.674
50.439
37.349
47.378
44.221
26.339
37.619
10.418
46.538
42.888
52.729
46.595
46.737
46.435
57.124
48.443
31.027
37.307
38.802
38.635
44.118
60.174
38.878
15.028
35.924
42.455
39.759
60.215
30.838
31.114
56.164
59.998
58.148
24.473
43.109
45.126
44.534
47.261
51.482
47.545
34.667
34.541
44.091
3.944
49.223
2.442
24.058
29.152
54.486
11.756
40.625
40.771
38.879
43.406
42.625
54.246
58.243
49.002
41.884
46.822
12.308
34.701
15.550
22.617
50.504
29.093
43.410
44.619
39.154
35.681
36.215
36.395
30.701
34.491
32.912
46.266
23.749
50.709
35.908
46.455
48.154
24.717
44.326
33.170
42.102
36.674
55.949
54.658
57.056
49.992
45.129
57.968
43.678
33.655
43.172
36.310
28.813
60.869
38.131
38.560
43.298
54.377
32.597
35.024
41.203
38.606
26.580
50.530
39.991
38.194
39.477
43.527
45.909
43.974
36.040
34.708
50.428
49.937
54.885
33.213
55.457
45.436
34.108
28.789
55.647
39.832
52.074
25.800
45.738
53.921
53.257
42.266
49.587
45.980
58.762
38.158
35.810
38.284
43.901
42.870
22.287
13.873
22.275
51.124
51.585
45.370
44.579
53.946
40.796
3.510
1.213
55.078
15.979
34.665
38.754
51.230
38.976
42.399
28.977
31.787
1.624
45.311
50.492
51.414
46.518
47.768
52.063
48.423
39.270
43.390
29.136
32.854
38.989
40.631
44.050
52.952
40.430
55.217
37.507
51.725
28.767
45.278
30.018
45.423
39.728
45.749
55.692
52.000
33.746
3.414
2.427
36.148
30.522
59.302
53.637
48.470
54.491
18.766
34.744
49.725
50.899
58.808
56.508
59.590
28.872
49.020
13.727
60.703
22.088
43.963
30.767
20.011
51.973
53.754
30.136
19.816
45.712
56.918
38.596
52.478
45.224
39.870
51.499
58.350
20.348
48.396
52.372
59.288
27.569
57.133
37.124
23.687
3.262
12.457
32.082
45.386
23.089
21.112
29.194
28.888
53.733
31.389
49.163
26.062
46.137
51.636
57.013
39.158
43.822
42.336
1.669
8.411
59.023
33.981
47.953
33.807
37.521
40.992
44.392
1.467
26.902
41.847
50.337
24.190
41.940
56.255
17.166
34.702
54.430
35.938
45.662
24.507
22.472
7.595
55.177
44.616
24.687
41.550
37.318
58.532
55.145
41.151
37.382
46.786
51.718
32.082
43.853
48.926
42.474
32.589
50.943
39.760
43.250
48.632
28.794
23.633
27.456
51.302
45.828
55.404
34.965
37.553
42.220
25.765
45.909
39.599
25.449
29.949
35.968
22.807
45.534
27.001
52.421
2.760
46.133
47.995
48.955
33.909
21.654
46.524
37.397
30.258
48.853
39.810
36.952
33.848
34.922
28.038
49.542
3.061
34.091
36.326
39.288
52.708
35.771
54.044
32.139
53.228
32.970
33.047
23.806
35.355
47.148
44.139
32.911
56.749
37.433
32.094
55.395
26.404
28.524
41.435
29.718
44.511
41.951
29.041
39.056
56.595
33.287
32.084
46.099
37.559
30.125
33.167
11.572
56.574
37.850
43.207
53.697
60.110
30.900
33.733
17.529
58.815
32.483
55.792
51.677
57.316
36.581
58.754
42.671
40.381
48.457
58.170
56.926
47.355
45.809
50.057
54.504
44.269
35.326
42.792
48.185
57.343
55.676
56.526
45.730
41.692
39.565
56.687
44.091
23.281
44.217
47.326
47.445
17.045
30.850
51.789
41.652
56.867
31.331
29.205
59.083
56.067
23.377
56.713
25.621
36.470
48.173
24.642
8.147
35.192
40.148
48.117
58.408
37.474
48.249
34.942
54.365
26.550
55.574
45.544
40.858
47.833
58.424
53.138
34.057
45.386
30.838
52.099
27.249
41.559
33.707
30.704
16.728
35.078
53.122
40.808
53.964
37.981
46.688
1.317
54.747
47.763
48.381
57.336
24.428
42.804
40.446
41.616
37.077
44.937
59.525
57.020
53.580
33.535
57.554
45.678
40.743
33.045
47.608
51.444
51.132
35.928
30.241
31.045
59.199
44.081
32.328
42.270
32.464
43.672
49.349
15.498
17.992
61.042
33.185
39.416
39.862
41.400
39.211
41.059
31.418
39.573
9.681
28.408
37.160
47.997
49.085
48.766
60.009
41.424
41.186
27.768
53.438
51.342
42.168
31.060
21.926
26.464
53.115
44.422
54.425
5.404
39.238
56.008
27.818
41.839
39.017
44.463
54.150
47.610
51.400
23.802
48.143
42.782
53.661
46.875
33.370
44.108
45.540
53.707
15.088
56.382
44.134
34.110
38.430
40.276
8.413
47.810
36.769
41.926
54.175
55.453
37.324
55.942
42.782
54.168
24.845
39.025
21.646
24.056
54.881
35.977
47.831
47.832
23.711
29.615
40.171
49.776
53.789
56.170
56.891
31.615
38.063
30.268
42.698
47.127
8.021
33.362
44.361
35.875
58.828
51.887
19.716
38.957
42.450
39.854
52.696
43.721
45.940
58.188
42.458
36.857
46.051
49.495
47.151
44.500
51.862
37.409
49.737
25.067
23.393
51.605
22.313
55.682
48.058
20.154
39.223
36.270
46.954
41.199
37.538
55.334
43.739
10.041
47.468
37.987
57.405
38.780
21.435
53.021
39.067
51.591
43.856
51.321
45.603
17.219
57.991
43.704
33.933
42.153
36.628
38.160
40.270
42.741
43.195
38.526
14.074
42.961
56.823
21.216
52.570
50.984
36.807
16.632
43.971
5.276
34.474
45.132
46.667
33.680
58.764
60.630
29.368
42.920
56.849
13.719
43.186
39.338
15.580
45.075
30.537
55.952
38.939
42.110
54.279
36.081
43.758
32.993
40.839
44.130
31.447
35.367
47.799
41.126
55.814
33.168
59.645
32.511
38.259
34.218
41.574
5.423
35.725
21.673
23.741
55.014
31.941
54.655
22.852
58.472
48.178
58.013
53.613
35.121
44.541
59.022
60.400
38.893
25.916
30.825
57.461
37.209
30.852
45.545
18.181
41.632
33.665
53.586
44.040
42.434
39.017
40.280
47.485
58.282
53.614
36.231
60.578
31.856
27.505
47.777
24.204
24.979
53.116
52.994
39.968
22.353
24.237
34.501
9.087
28.576
39.000
58.082
31.394
33.460
40.160
57.510
14.770
36.818
28.407
44.302
51.062
21.107
51.978
52.968
45.111
57.061
26.133
48.168
54.422
51.754
36.804
11.398
38.856
49.914
36.818
52.976
34.134
25.587
49.767
48.748
56.942
53.197
32.688
31.606
19.519
56.219
38.760
24.829
36.563
29.663
49.176
21.169
35.787
28.539
45.661
35.940
23.117
40.266
57.404
51.471
36.414
42.484
36.451
41.692
23.211
40.264
42.050
20.947
38.934
36.210
52.433
57.173
38.236
33.647
57.261
29.209
27.632
32.478
41.924
16.792
45.817
53.132
41.786
38.979
46.897
35.720
31.817
39.456
19.879
39.128
57.016
44.664
46.625
36.460
36.458
46.097
40.595
40.919
59.284
38.010
50.048
30.485
31.853
50.866
31.159
48.588
39.151
58.439
38.136
42.980
38.228
44.364
25.161
51.780
60.225
51.255
24.500
49.292
22.499
14.453
59.965
34.588
34.392
52.448
45.141
31.737
31.863
29.455
12.046
23.182
44.046
36.328
52.088
44.709
57.338
38.840
33.983
36.479
24.220
50.222
50.399
27.535
39.884
29.144
37.590
50.227
38.715
45.735
33.980
46.946
16.620
56.083
38.014
42.081
42.850
58.249
45.354
50.439
32.687
53.581
46.151
43.707
12.012
28.385
48.971
47.627
38.674
21.779
43.046
32.909
15.397
39.691
38.120
55.216
44.230
44.236
36.348
33.204
57.028
33.397
44.800
42.343
40.709
30.216
45.830
45.679
46.853
43.167
33.202
29.021
48.332
13.782
54.710
30.328
23.887
52.749
38.751
47.489
29.278
28.719
45.685
43.785
31.344
57.785
28.088
37.002
50.813
46.891
40.689
33.802
21.271
31.651
47.030
46.893
48.364
53.650
25.875
53.988
53.851
55.225
49.276
39.556
28.854
56.428
45.177
57.416
37.614
33.198
34.863
49.303
33.361
60.583
53.643
32.739
54.863
39.959
29.737
21.388
47.553
46.390
47.817
26.766
18.996
34.173
48.702
29.782
16.355
52.009
51.712
24.540
23.282
39.079
38.856
38.018
46.350
40.464
39.166
56.697
46.819
8.861
32.249
35.776
56.303
38.068
46.127
52.728
46.801
23.936
37.211
35.403
36.241
26.942
12.540
45.240
38.546
39.012
44.378
18.722
49.336
33.019
23.802
39.693
39.363
54.236
33.999
48.398
28.255
38.430
21.510
40.796
53.145
46.453
47.931
59.034
51.845
45.928
39.936
37.608
37.923
58.736
44.432
53.631
40.664
13.578
42.128
38.256
32.555
2.896
48.167
30.126
55.636
40.348
44.610
44.693
21.356
50.642
37.835
51.328
34.829
49.536
52.510
50.101
30.770
24.052
44.854
21.218
50.177
48.182
31.748
59.050
7.233
27.103
53.111
34.318
23.664
22.853
44.072
34.226
56.764
33.720
47.705
41.100
19.424
44.812
30.008
44.449
54.579
48.197
35.004
54.228
44.179
49.753
19.691
44.601
18.801
47.113
58.163
25.739
54.537
47.403
39.222
51.806
31.926
56.983
47.990
59.379
45.814
47.627
53.402
33.411
35.711
54.768
56.818
11.216
31.704
43.289
59.294
18.424
35.653
30.788
45.375
29.253
31.168
44.967
38.247
59.887
21.630
28.821
48.048
46.907
36.925
54.704
59.366
36.669
57.242
49.470
28.757
52.685
47.889
44.286
46.672
24.774
39.619
33.751
22.669
28.797
22.350
54.147
54.166
29.964
46.851
41.104
44.459
30.542
48.971
26.548
36.362
54.935
30.086
49.826
22.965
48.568
45.349
32.039
33.634
45.941
31.159
43.418
34.969
30.511
45.787
35.329
51.185
44.200
53.541
43.257
36.504
40.233
54.829
41.499
29.370
31.716
45.107
35.999
33.693
39.280
27.934
50.498
51.330
43.380
34.350
44.393
42.469
40.821
31.436
57.761
34.615
37.568
42.420
49.222
44.945
37.504
43.328
26.202
34.873
40.198
34.878
45.387
41.106
45.328
34.990
53.534
49.753
43.497
22.964
42.026
50.749
44.964
43.003
48.846
50.665
51.712
47.025
47.894
32.495
48.260
30.864
15.578
14.690
33.678
53.694
31.776
39.138
30.715
45.602
45.268
46.610
24.795
40.665
30.706
50.888
41.700
23.708
21.863
37.581
41.647
43.875
4.474
34.161
47.831
44.387
35.309
58.038
42.176
42.886
43.970
53.906
45.978
26.620
31.921
37.731
43.845
35.967
37.480
35.443
34.996
53.047
49.808
48.191
28.198
59.542
45.486
33.787
6.433
15.138
27.046
27.763
37.524
22.725
43.648
42.505
41.450
42.032
36.930
51.523
26.052
25.258
42.454
57.831
44.305
37.830
35.921
23.449
50.773
35.042
37.560
39.707
54.898
48.477
31.252
46.244
45.082
48.737
55.052
39.694
5.189
56.343
45.310
23.617
41.587
15.744
32.000
30.003
44.337
11.064
41.804
26.013
28.373
50.453
19.147
25.480
33.135
51.477
11.304
50.758
49.420
50.599
48.551
47.127
38.042
12.522
54.818
34.668
15.110
32.255
45.968
53.248
60.050
26.106
31.738
49.236
27.052
46.651
49.576
39.917
38.062
30.348
35.338
29.517
57.382
51.374
43.888
38.031
56.676
41.363
40.552
42.910
47.145
57.905
42.049
22.587
55.569
42.984
26.672
23.914
35.281
45.344
49.199
52.057
55.457
16.344
24.604
55.335
39.527
20.619
43.575
21.328
41.878
25.123
36.399
47.519
46.368
52.915
59.781
34.505
51.625
53.989
46.806
34.671
51.272
53.516
49.378
44.090
31.415
44.649
27.283
36.428
38.354
53.230
32.023
55.806
32.312
47.279
45.777
59.396
40.736
47.556
36.462
55.365
25.297
38.787
41.671
15.728
42.095
50.481
12.890
51.069
53.893
52.124
37.066
46.785
44.144
22.593
47.105
50.050
41.050
51.110
32.370
34.244
34.714
46.943
48.476
39.219
53.372
42.447
27.183
43.115
55.669
41.825
29.636
35.469
16.272
57.070
44.452
45.010
35.607
53.028
59.080
44.575
55.278
35.614
47.949
34.998
49.576
35.198
34.024
39.928
52.496
20.176
34.735
55.099
27.015
46.211
55.008
29.748
27.477
45.154
40.660
56.891
48.936
55.585
48.019
31.985
28.427
45.415
46.205
48.779
33.776
55.209
52.381
52.675
48.588
53.056
30.975
50.689
55.590
28.102
24.889
41.610
59.530
20.347
45.080
40.172
57.951
48.094
36.211
59.031
57.331
59.563
54.252
29.596
57.280
22.764
42.243
48.226
21.707
30.075
29.135
38.739
51.746
27.921
38.145
56.704
54.797
45.255
31.986
36.411
11.472
59.393
46.978
49.706
37.463
59.839
41.028
53.841
45.484
41.079
45.816
17.469
43.837
19.037
54.146
38.749
54.569
42.441
48.348
57.412
45.880
50.829
52.573
50.197
30.605
37.561
26.626
49.398
53.604
20.698
34.873
52.421
60.833
45.307
49.170
40.002
54.585
44.692
24.438
30.293
47.841
37.948
35.159
49.517
43.567
27.595
46.275
26.068
47.452
51.515
42.946
48.149
39.193
42.239
47.030
52.398
44.264
29.766
11.114
31.076
41.337
38.496
36.532
26.181
35.043
39.824
48.876
53.264
52.928
35.281
35.145
41.181
49.308
38.293
41.219
40.207
38.699
22.676
51.262
50.498
49.605
51.174
48.616
40.751
46.704
40.617
47.135
57.346
41.960
44.710
43.005
52.383
31.977
41.936
20.659
42.134
32.630
35.351
45.621
58.535
31.598
48.971
19.219
28.555
23.201
44.204
59.016
41.554
39.955
42.538
22.506
37.766
31.964
37.045
52.334
31.473
50.877
54.646
47.249
29.835
55.231
28.838
38.705
32.958
51.106
25.299
42.280
38.826
29.805
34.606
31.791
49.707
6.225
30.411
33.580
43.774
25.493
53.758
43.444
49.461
49.450
46.858
52.313
60.479
42.665
34.081
46.417
46.094
44.422
38.204
46.983
53.798
48.074
56.501
51.188
25.148
33.748
52.958
27.404
20.246
34.573
48.378
44.050
37.194
10.062
32.271
52.867
50.736
36.279
30.570
60.289
43.418
15.710
51.417
41.492
58.882
51.778
17.434
55.328
54.544
54.477
49.778
33.232
30.228
45.366
47.657
42.214
42.916
43.410
42.673
40.163
45.809
53.064
26.633
36.750
51.412
54.607
47.243
50.050
57.614
20.672
30.439
45.646
49.377
45.494
49.125
29.562
46.197
34.690
18.599
47.268
51.281
42.744
37.862
19.362
42.912
37.057
50.921
59.864
55.034
36.623
50.194
30.095
41.834
46.083
34.725
41.306
32.479
45.483
50.068
45.020
42.797
26.103
21.715
28.940
51.238
34.186
46.858
28.688
35.456
49.474
39.416
31.917
36.506
27.787
25.444
25.501
34.304
21.566
26.793
26.509
40.530
46.013
56.551
28.039
51.581
51.531
42.888
55.126
26.516
27.783
38.459
32.874
55.082
34.858
56.473
39.603
7.791
31.843
48.495
47.001
35.776
40.285
29.136
53.623
39.375
35.208
34.477
49.794
51.396
47.597
41.351
20.561
60.933
15.476
37.773
33.037
55.199
42.342
39.814
55.231
45.628
29.794
60.840
13.264
36.161
37.726
47.775
14.638
50.573
16.952
58.535
49.657
54.930
32.517
53.028
29.784
57.586
54.828
38.713
38.516
54.093
47.664
31.255
38.698
15.339
33.809
24.227
24.692
38.060
59.165
31.500
25.016
48.030
43.995
44.753
34.666
22.219
11.928
38.072
44.991
36.894
48.801
19.479
47.828
16.290
52.574
48.041
41.094
45.927
49.941
26.272
48.489
42.176
54.919
50.808
52.367
51.569
3.822
52.194
52.319
53.231
49.989
46.086
42.717
6.905
27.490
50.249
42.574
48.482
53.668
27.185
42.401
11.930
40.444
52.350
38.677
37.708
34.868
32.140
57.853
55.971
49.345
50.783
46.725
42.054
34.727
25.608
37.271
8.288
31.636
33.720
38.165
28.293
52.304
29.284
40.007
35.263
50.347
28.186
37.992
51.743
21.085
40.106
44.621
49.290
37.927
34.977
34.500
26.072
43.692
51.703
51.236
51.039
43.038
28.458
56.075
30.677
42.385
22.888
37.490
30.428
45.306
44.747
46.450
7.194
33.510
56.784
39.547
47.743
51.898
49.096
43.910
50.795
29.584
40.910
58.013
45.694
55.293
45.221
52.881
40.044
5.320
28.082
26.585
35.439
38.460
19.752
18.887
44.129
28.331
37.900
53.252
48.567
38.641
34.604
35.459
50.982
33.079
49.349
49.904
39.017
54.756
56.660
40.606
46.593
22.735
23.718
26.345
34.131
50.093
37.124
39.935
15.725
45.405
43.324
41.673
55.566
35.460
36.960
32.210
33.938
44.988
49.007
33.522
41.414
40.183
44.178
54.194
11.297
48.596
41.441
37.867
42.084
56.349
21.141
18.456
16.358
29.870
26.864
55.315
48.865
33.214
49.971
46.060
55.973
32.651
55.559
53.126
44.164
37.720
41.737
48.247
54.994
58.085
34.062
52.474
34.659
18.808
45.053
48.462
1.469
53.023
41.860
47.355
19.335
13.072
44.641
51.462
24.626
34.520
32.406
44.499
31.712
15.446
42.223
45.483
55.710
22.064
54.762
42.395
48.142
35.707
9.308
38.388
51.359
44.227
27.647
37.010
44.559
53.669
60.063
42.739
38.612
50.188
57.939
47.020
38.567
23.091
47.449
53.312
16.769
14.471
39.996
27.709
35.705
30.564
0.638
44.556
47.703
53.322
52.661
57.198
28.666
45.876
54.552
58.934
51.221
26.614
52.028
52.765
51.707
48.854
58.800
40.432
48.121
43.576
36.147
36.191
22.150
29.584
34.505
49.236
49.992
43.459
37.508
31.172
45.174
11.819
33.416
34.586
53.936
46.774
43.903
34.103
57.934
47.887
52.564
56.216
51.489
40.364
22.946
18.188
45.557
54.069
36.666
47.162
53.972
44.135
45.365
22.382
51.423
34.664
50.425
44.858
17.407
34.110
17.650
45.110
41.409
33.174
44.634
30.180
33.574
56.675
29.363
7.008
47.784
53.698
44.461
39.261
50.251
51.992
29.824
20.294
31.432
39.177
29.144
25.753
25.824
31.152
16.689
57.790
47.671
42.646
39.572
40.532
50.269
56.492
57.242
44.504
39.134
41.119
55.164
55.299
6.838
25.319
34.417
46.975
43.496
41.755
28.845
28.326
14.616
27.583
22.632
10.820
37.245
37.509
44.550
38.596
50.902
25.361
13.536
30.637
32.349
41.551
47.716
23.143
51.844
39.512
40.399
33.288
47.943
43.588
44.221
55.573
46.193
29.252
32.702
35.379
27.992
46.582
40.602
54.566
32.137
28.824
38.156
44.087
58.926
46.991
55.128
25.670
51.493
51.741
56.286
29.261
37.566
37.830
54.784
32.351
56.709
35.710
36.896
25.958
23.829
36.741
34.208
42.007
15.881
59.069
20.967
41.764
39.863
60.218
48.894
56.242
47.963
52.325
32.705
34.889
16.227
28.781
22.489
31.516
20.711
55.285
38.342
26.389
33.800
23.220
43.973
22.639
34.392
39.316
30.860
43.634
25.532
59.247
53.084
26.355
28.268
47.439
57.893
43.863
20.067
24.056
51.229
43.104
53.537
39.066
26.880
26.248
44.785
37.495
32.046
30.148
50.193
59.088
50.130
54.263
25.637
18.533
50.044
51.237
39.620
33.882
58.714
31.762
50.985
51.262
52.458
33.571
30.647
41.810
34.681
59.633
56.206
43.483
50.670
46.842
46.587
25.573
59.105
55.565
12.089
52.441
18.778
39.492
45.601
49.379
43.559
40.457
32.220
12.150
34.124
42.156
46.132
14.100
37.457
55.191
43.650
48.869
21.938
47.095
49.585
42.955
19.666
36.653
27.330
25.254
38.937
20.704
36.209
54.211
37.653
36.478
42.806
32.171
42.847
55.526
42.428
32.792
44.861
55.783
25.795
27.385
48.653
38.315
43.140
41.303
53.283
54.646
30.592
35.947
43.740
44.341
47.742
42.836
35.801
44.371
32.154
47.559
39.418
36.716
15.683
59.383
26.151
29.091
28.784
53.105
40.180
59.186
53.480
55.582
48.023
30.603
37.372
33.408
44.590
33.095
50.002
27.220
41.639
16.171
25.694
42.882
51.441
25.792
43.698
33.845
34.390
50.163
13.665
31.794
55.893
17.693
35.112
27.311
46.609
46.130
49.690
45.718
43.678
25.112
42.045
26.303
38.994
55.625
51.694
53.500
47.927
41.320
41.296
40.568
41.663
29.578
9.166
54.021
57.452
33.719
25.069
33.308
37.074
48.493
44.361
53.663
46.758
47.544
53.235
8.843
52.817
44.955
38.155
47.109
35.750
34.500
40.301
22.400
32.177
33.489
48.259
50.350
12.020
42.706
25.241
55.956
59.081
42.583
52.141
9.943
49.395
34.017
31.996
26.590
43.522
18.394
53.298
31.528
43.649
57.471
20.115
44.830
43.767
37.500
44.807
43.811
47.171
39.214
46.321
45.908
58.555
45.188
42.012
40.267
47.982
41.580
33.194
40.946
46.452
28.640
43.575
54.184
27.863
25.639
31.953
28.314
57.306
30.436
52.287
29.115
45.782
44.113
57.307
36.444
51.486
48.989
52.247
50.564
37.021
52.743
37.120
34.013
35.192
40.141
32.708
46.041
23.831
48.250
34.976
51.202
41.327
17.953
32.924
37.371
58.361
9.991
15.850
30.015
52.986
43.619
60.013
39.322
29.232
17.529
26.427
57.687
49.714
54.323
29.538
44.167
33.011
41.164
57.285
52.883
51.328
39.627
54.124
52.892
31.555
44.483
18.272
59.947
42.178
45.847
42.291
58.358
32.078
45.677
56.639
59.052
30.224
14.141
45.263
43.131
39.649
49.273
44.519
47.140
44.103
46.058
18.487
49.485
53.269
25.468
47.688
34.265
55.148
32.665
39.853
58.230
54.870
42.511
11.495
41.244
1.496
58.803
41.352
36.028
21.749
29.421
51.470
25.787
22.568
51.344
49.351
14.384
55.287
35.611
44.135
29.396
50.509
38.597
47.072
34.614
44.666
47.700
36.117
32.488
51.423
55.544
52.698
38.627
35.209
34.027
55.059
41.907
51.080
45.218
30.595
44.045
22.883
33.092
29.707
49.809
33.387
29.968
50.801
38.927
58.337
33.969
50.795
41.311
37.756
39.974
52.880
27.374
24.039
15.637
49.941
47.509
47.251
42.905
36.407
51.322
36.944
26.815
35.474
19.415
54.610
24.985
51.800
1.561
44.165
37.057
46.892
17.470
38.686
48.532
44.762
48.070
46.251
38.614
41.659
42.965
39.997
30.855
48.419
40.712
37.487
15.896
40.348
18.140
37.367
18.486
41.875
42.699
36.107
40.694
26.173
33.435
49.026
43.919
53.383
27.281
59.382
33.465
59.288
35.447
33.535
42.464
30.447
11.437
44.430
10.946
38.441
46.716
48.179
57.572
33.366
47.932
32.359
32.018
36.094
31.970
14.450
37.429
33.662
52.743
50.006
43.142
29.107
47.429
29.279
49.734
55.403
42.598
41.068
46.435
43.031
40.758
17.870
49.465
59.451
54.969
17.680
33.882
16.445
40.020
41.582
43.664
16.117
34.964
42.595
27.860
21.768
45.345
29.922
18.999
32.772
37.599
48.930
48.353
20.323
17.165
36.944
26.814
36.291
30.805
22.223
54.388
52.538
37.733
50.926
55.633
44.610
49.546
32.579
47.869
32.323
35.247
31.748
51.273
23.331
22.151
56.912
1.483
41.442
44.174
44.052
52.385
39.458
43.606
33.177
49.842
41.698
27.932
58.769
34.068
33.670
31.494
29.557
43.222
20.379
33.413
40.502
51.648
13.803
26.694
13.539
51.844
52.313
25.707
28.913
40.888
40.081
39.901
48.168
45.797
17.165
42.300
30.286
57.647
25.550
45.400
48.181
19.255
36.539
58.029
21.502
51.983
30.575
43.401
40.505
46.546
50.746
53.185
40.506
41.735
28.870
11.152
3.336
40.928
53.638
39.450
41.838
31.346
29.158
46.264
38.184
26.127
52.141
50.923
56.624
54.625
33.463
48.696
51.950
34.821
54.495
24.973
32.054
31.953
38.551
43.973
34.613
43.396
55.955
44.752
12.423
54.842
48.730
39.137
50.029
51.527
26.589
48.261
29.015
52.461
20.912
25.675
34.814
37.964
44.246
41.046
39.311
39.639
27.182
43.941
47.758
33.681
45.030
44.094
30.459
39.582
57.753
46.895
45.363
41.249
48.342
19.336
56.217
31.481
46.480
45.308
47.424
59.647
34.270
36.037
40.372
52.041
43.086
13.155
57.263
47.272
43.397
43.610
54.261
45.697
45.514
56.541
58.772
52.063
40.584
42.097
41.915
46.510
41.224
41.001
35.922
35.680
28.359
13.366
33.198
60.021
55.555
51.782
22.509
27.797
37.498
43.586
31.677
44.884
33.200
18.071
33.274
43.336
37.158
42.843
46.122
27.691
46.387
36.241
7.607
54.475
50.761
32.391
29.806
40.427
53.045
38.444
26.629
38.143
43.701
42.710
49.781
29.743
46.201
50.797
31.900
19.915
35.117
26.387
54.272
33.284
47.441
21.858
17.709
36.880
33.337
44.626
27.000
45.412
54.005
52.051
29.480
26.736
60.372
30.130
43.316
40.085
35.787
38.366
15.898
49.579
58.014
30.850
41.034
17.225
31.362
22.818
56.249
43.305
32.603
36.751
30.156
37.215
45.687
38.402
50.739
45.519
35.610
48.925
43.557
43.111
33.359
52.685
30.268
51.170
44.470
36.769
31.585
32.800
20.801
59.231
47.204
52.562
49.434
45.181
50.822
14.247
50.706
17.475
36.098
37.692
59.531
49.836
41.848
37.735
43.309
46.295
47.493
52.694
27.517
46.506
55.772
47.948
39.894
54.381
20.276
43.008
53.684
39.236
47.690
35.270
15.199
54.897
46.798
36.840
52.977
26.462
54.374
52.487
17.710
49.410
23.816
55.973
13.567
55.856
19.930
31.538
56.212
39.382
54.646
28.478
10.486
57.838
38.297
14.914
48.055
38.630
13.593
50.880
46.162
53.728
16.630
36.168
39.022
11.962
24.414
33.174
46.917
50.503
53.541
44.411
56.841
22.713
44.841
31.675
55.516
17.224
47.608
34.761
46.675
18.391
56.170
32.487
47.084
51.066
17.773
37.327
35.024
47.074
36.640
40.264
39.693
45.374
32.677
18.489
5.936
35.963
29.412
57.483
44.975
59.748
56.404
13.251
59.818
13.303
39.886
58.841
53.280
45.177
20.131
41.452
18.960
43.735
46.562
37.390
49.481
21.253
56.533
27.535
49.507
50.650
49.360
36.671
50.998
31.035
24.899
32.628
39.600
44.460
52.457
57.279
35.091
34.719
57.410
44.615
31.711
40.744
43.527
35.337
52.930
43.342
37.551
53.223
29.157
18.500
28.030
28.816
29.629
36.424
40.869
44.535
29.071
36.689
56.249
51.148
35.043
47.853
25.588
37.979
43.596
40.908
31.404
32.820
40.219
34.062
30.952
22.180
24.732
25.930
24.937
32.909
43.405
59.904
38.819
49.691
13.828
30.076
39.308
47.687
42.791
50.953
57.037
59.720
56.675
53.143
46.127
58.023
19.795
44.381
28.392
39.373
43.931
31.951
41.135
50.445
38.543
20.387
52.066
42.952
44.877
55.507
47.546
34.052
18.336
56.198
47.881
32.639
50.273
49.207
38.643
47.446
32.701
27.505
38.833
24.094
55.113
34.646
32.537
31.383
28.627
36.999
33.824
27.238
37.693
48.135
49.683
41.409
50.890
35.225
34.307
47.290
39.767
43.761
42.119
53.432
30.708
49.402
44.954
41.139
26.968
45.769
38.256
43.910
38.023
51.537
40.183
50.000
31.357
34.538
34.156
56.171
47.105
56.598
41.795
39.101
43.119
54.139
23.188
32.173
53.666
52.661
15.137
59.465
25.780
39.822
22.479
42.388
41.437
54.229
54.556
35.820
33.361
33.987
59.674
47.066
52.006
40.554
36.939
51.539
39.039
34.971
26.996
42.563
43.496
25.991
40.718
48.987
37.664
57.277
34.024
24.049
8.127
51.253
35.292
44.722
46.897
23.735
51.966
30.120
36.887
45.237
24.602
47.956
53.107
51.369
38.638
28.151
49.973
43.378
26.482
47.335
41.621
38.682
33.928
51.287
15.393
28.269
47.730
44.981
22.504
35.499
48.568
29.043
48.033
41.028
38.991
35.390
12.875
34.829
40.707
30.425
39.287
37.751
44.888
28.063
59.130
32.059
30.279
36.587
56.502
53.898
57.780
49.827
43.158
46.559
44.819
38.673
29.372
35.530
52.016
43.103
53.231
15.646
43.388
13.534
28.794
46.377
33.292
36.520
51.571
43.441
55.160
29.503
34.601
32.802
50.920
60.321
51.256
42.628
50.055
23.247
37.887
43.522
47.710
14.646
21.702
18.434
32.994
31.038
16.807
50.491
38.211
41.571
46.543
22.429
19.100
43.069
48.281
52.191
45.138
30.813
39.172
44.343
55.508
17.187
51.444
27.497
43.711
26.052
47.706
52.930
47.378
52.066
51.802
34.276
38.956
33.171
51.210
50.307
55.607
30.742
37.710
9.258
29.757
49.060
29.641
47.844
34.135
30.935
16.054
50.268
32.063
41.451
52.379
39.400
45.329
33.878
53.320
56.754
57.432
43.314
37.632
38.130
45.732
55.776
52.651
47.497
49.247
60.199
57.856
34.639
29.862
36.234
26.175
47.226
39.631
41.049
51.814
41.867
48.454
58.599
48.475
53.109
40.909
44.721
16.565
52.416
38.659
51.327
39.304
7.912
32.119
45.621
48.231
38.776
57.614
22.205
31.243
38.478
28.795
46.607
48.673
55.823
50.374
53.727
28.733
4.101
33.272
28.520
38.556
38.940
27.986
49.496
36.833
44.887
52.793
41.903
40.468
28.500
49.315
45.869
31.262
48.860
19.513
27.969
38.603
34.256
43.383
48.389
53.718
46.846
31.413
41.916
42.420
44.935
51.042
58.504
56.475
49.568
34.072
6.981
42.915
57.675
35.926
45.044
16.664
41.619
44.461
32.830
33.842
51.329
40.401
45.415
51.351
49.277
38.535
45.733
55.221
41.151
19.911
16.353
38.430
14.215
25.329
41.457
57.187
38.068
49.497
45.597
46.556
36.520
36.028
31.275
48.506
25.672
56.917
47.840
51.029
24.803
53.592
22.796
48.956
53.523
31.707
54.288
29.682
41.815
35.886
30.314
59.072
23.728
52.130
44.428
43.108
45.362
29.091
57.220
27.648
57.726
8.846
40.401
50.248
39.896
59.928
35.521
57.801
40.459
44.443
39.721
53.385
29.330
52.774
43.595
57.352
43.158
42.695
31.792
42.083
52.158
59.075
21.855
52.630
25.566
47.651
24.884
29.710
28.854
15.515
45.420
17.180
46.434
48.124
52.578
53.249
32.749
56.801
38.080
45.091
20.195
35.365
42.262
44.483
37.046
22.719
48.106
41.128
46.987
18.586
27.563
53.714
38.902
42.774
53.316
21.513
38.505
46.240
43.310
54.763
58.477
40.084
55.236
25.808
29.615
53.407
47.942
24.639
41.864
27.108
18.508
39.194
41.380
27.609
48.856
20.090
52.389
22.234
57.824
49.322
41.365
55.030
42.055
53.927
48.470
12.086
55.065
49.374
28.812
44.385
31.881
32.572
48.438
45.157
20.004
32.936
48.320
39.009
38.327
24.615
54.509
42.614
49.774
37.403
36.201
52.157
37.465
30.784
44.132
45.839
43.759
31.280
53.406
29.742
32.498
26.144
15.644
55.023
24.159
42.011
50.175
46.083
42.094
33.894
34.724
38.796
29.581
6.362
22.287
42.996
46.673
53.405
43.522
37.965
54.319
59.158
34.220
51.942
43.499
31.074
25.944
37.931
48.903
46.265
53.057
43.467
34.729
38.020
29.718
31.698
44.596
49.870
30.969
35.230
36.201
43.985
57.737
47.755
58.575
33.041
42.732
42.236
58.530
37.090
48.052
42.947
46.391
46.152
50.583
50.231
51.638
45.484
41.136
55.711
43.446
44.602
44.456
35.280
27.833
23.460
24.317
28.648
37.619
53.379
42.246
47.994
43.855
47.182
51.766
47.921
47.259
53.276
52.563
44.784
20.304
40.795
58.352
35.314
43.614
30.047
41.758
44.060
55.031
47.111
30.710
39.396
32.515
54.752
23.777
46.534
40.444
38.660
11.981
53.988
37.635
20.525
34.314
25.328
27.638
55.310
38.406
57.570
47.185
42.340
26.869
41.279
57.543
49.358
44.523
29.117
44.718
23.111
51.902
26.135
42.812
53.146
31.207
30.940
16.625
38.270
41.326
23.094
52.628
30.829
15.843
30.008
47.162
28.966
44.418
52.041
42.826
24.222
26.651
49.241
58.802
36.326
45.025
32.384
31.492
19.742
59.823
38.128
39.683
33.011
49.759
47.254
49.409
35.041
42.935
24.613
43.541
46.992
43.830
45.325
40.722
56.075
29.983
45.194
48.712
46.414
23.850
40.003
53.097
31.773
27.253
36.023
47.263
9.244
55.141
32.659
46.315
57.866
47.176
24.129
45.020
51.736
11.326
32.165
31.138
53.154
18.957
16.194
19.224
46.886
45.687
31.367
23.159
43.669
32.484
26.076
49.933
51.273
57.034
2.562
40.891
59.421
52.224
31.975
52.558
23.876
33.900
24.740
37.387
52.854
20.687
51.216
42.834
27.883
43.372
46.227
41.818
28.691
33.000
56.879
17.140
55.049
41.970
36.194
51.807
31.256
41.885
40.369
32.517
17.544
28.965
44.646
55.739
32.363
18.663
33.603
30.742
55.813
50.752
43.360
26.542
37.513
21.960
36.540
46.367
49.924
20.669
45.478
35.926
33.479
38.728
32.707
46.711
34.543
32.246
55.210
30.969
27.423
39.262
36.420
52.182
49.610
44.383
40.281
51.797
45.507
38.555
52.087
48.612
51.425
38.050
43.729
47.758
45.062
29.379
56.538
37.818
27.357
57.967
47.154
54.796
36.277
33.157
34.495
43.975
37.642
27.875
43.863
41.860
25.892
35.802
28.939
42.660
53.292
33.436
57.595
12.698
52.211
35.547
37.413
35.394
53.567
36.851
32.303
49.420
20.130
19.070
31.868
10.854
40.601
34.394
32.180
58.293
28.534
29.578
34.930
33.286
54.364
54.187
31.581
39.256
35.111
34.921
50.870
36.861
41.544
24.944
44.608
54.985
26.023
25.421
38.942
27.200
47.359
31.161
38.243
45.348
43.598
55.556
45.427
44.734
45.108
45.209
37.985
42.811
45.433
28.185
46.799
29.075
50.509
45.143
35.180
28.433
38.733
47.679
20.069
42.702
57.942
59.912
39.950
32.240
34.141
30.885
12.443
43.021
45.539
50.797
44.355
45.180
27.764
45.679
36.827
22.958
13.278
52.548
37.652
42.861
45.752
59.058
40.137
40.627
39.344
47.293
52.170
41.118
35.025
43.890
34.412
45.659
51.567
46.675
41.680
43.506
32.035
37.879
56.021
32.132
48.931
33.061
55.639
19.454
58.930
26.613
26.432
49.038
48.036
35.958
17.811
18.722
54.395
47.446
57.288
39.270
49.216
8.997
30.505
33.472
47.358
36.981
46.633
48.771
50.464
44.825
6.403
19.567
42.055
42.689
37.043
40.339
49.506
56.345
58.877
46.121
49.417
56.649
52.878
32.285
45.969
44.586
55.617
52.967
29.458
21.296
45.231
23.269
50.174
53.341
48.661
38.725
24.811
45.231
28.491
48.031
33.637
57.709
38.080
47.713
47.475
38.223
53.774
31.611
45.996
32.825
36.878
45.719
45.487
43.292
31.294
45.557
34.728
43.586
38.297
43.481
57.431
27.708
44.001
52.944
39.520
59.135
51.304
44.263
34.855
36.636
36.233
39.966
40.760
19.909
28.006
47.546
52.048
40.114
44.379
45.231
29.203
43.145
36.003
28.160
46.538
43.846
16.657
49.734
37.021
13.095
55.838
48.136
40.800
25.875
54.344
54.943
48.532
43.165
31.320
35.898
44.837
52.981
25.520
29.680
43.226
42.919
58.282
43.489
51.399
53.359
46.244
46.535
11.783
57.845
46.328
35.105
27.101
59.811
38.777
26.582
26.162
22.766
54.638
44.028
40.188
40.600
49.714
59.015
56.267
46.157
47.119
19.652
30.975
37.267
47.209
44.144
30.974
38.969
48.135
38.247
48.903
37.434
7.635
43.570
48.842
47.272
39.023
45.676
57.708
60.837
34.232
48.080
58.109
40.891
33.944
33.245
27.449
22.889
38.849
44.202
55.847
42.540
40.923
52.817
5.220
35.950
59.909
46.377
41.653
44.900
34.814
59.756
43.012
45.948
53.259
37.547
38.725
41.471
47.558
49.497
37.746
23.591
46.165
47.490
56.949
59.187
34.600
41.800
54.183
54.241
27.617
49.017
30.966
48.000
40.974
26.744
30.045
24.661
33.066
58.327
23.258
31.093
46.915
36.318
31.935
41.670
37.358
32.915
52.481
49.312
43.515
34.468
14.441
44.003
41.514
34.949
58.717
53.509
45.446
22.824
30.335
20.692
27.435
43.540
48.073
37.797
30.902
10.944
35.129
51.942
40.207
22.208
45.318
48.266
54.442
9.726
40.502
54.632
39.936
35.507
47.732
54.420
40.347
55.783
53.030
19.231
41.136
46.585
44.664
50.749
54.620
32.276
54.719
51.870
34.988
41.638
21.284
52.912
56.224
51.140
50.835
23.416
34.305
57.557
56.892
33.567
44.648
43.837
42.677
46.093
58.831
16.133
36.327
29.792
42.653
49.440
43.919
28.821
5.255
40.782
50.502
30.268
59.436
36.604
40.658
36.511
37.627
33.184
2.767
55.824
47.966
33.383
35.435
44.747
42.792
38.757
33.132
47.528
30.308
48.787
31.412
28.425
34.360
48.496
55.997
35.453
39.089
38.457
55.480
60.253
51.245
18.086
44.735
36.597
43.311
52.434
39.217
23.714
59.748
48.716
12.029
30.228
48.968
39.669
40.160
50.370
21.832
58.229
40.945
47.362
42.711
46.010
45.391
46.297
21.853
28.037
50.921
32.241
42.240
41.328
40.438
35.883
37.130
38.744
43.007
32.115
47.717
37.697
42.636
48.186
42.612
43.744
39.006
32.824
56.996
2.028
61.566
56.135
41.636
33.481
17.644
48.136
38.058
21.336
33.383
60.069
57.942
20.644
31.001
28.137
44.989
34.146
43.903
49.675
58.651
14.065
47.044
30.963
30.872
47.135
55.993
31.600
38.319
47.237
45.605
55.680
50.184
39.091
10.324
39.689
46.074
53.809
46.981
33.689
33.687
19.413
57.375
44.525
45.806
29.940
51.629
26.007
48.067
45.217
17.759
26.863
22.495
51.467
59.627
31.913
55.898
14.671
13.156
31.543
59.373
20.312
57.101
22.071
34.767
36.760
61.963
48.388
26.185
57.827
51.313
47.916
31.502
39.454
28.610
34.217
50.083
50.377
51.149
46.128
12.121
44.428
33.507
56.346
49.309
36.620
33.876
16.268
25.557
38.834
39.886
59.332
44.533
20.111
56.718
48.046
21.469
43.634
42.114
56.184
58.011
39.585
59.446
49.075
41.550
40.856
36.029
36.753
57.919
56.089
53.529
34.273
34.332
49.475
15.966
41.120
34.676
49.311
54.232
36.221
43.489
25.421
41.049
34.802
46.520
59.773
41.744
31.279
48.547
28.225
35.422
43.640
53.978
28.996
48.463
12.872
35.562
54.321
27.860
18.515
18.227
41.085
39.857
45.129
38.392
28.150
59.950
46.314
57.098
53.287
43.591
8.770
10.814
18.616
51.666
16.514
44.612
44.375
54.701
50.578
42.070
38.362
54.591
62.000
46.696
31.671
3.085
38.943
21.738
45.047
25.104
21.509
50.159
57.034
52.291
46.397
43.337
48.903
37.715
35.838
40.607
33.668
38.014
59.605
44.244
45.119
23.860
36.949
49.212
58.029
41.838
41.075
55.653
27.144
52.188
35.095
42.294
35.432
16.058
55.594
58.524
44.637
49.944
45.897
47.255
30.574
53.747
45.037
24.931
38.306
47.623
43.005
53.942
37.538
57.582
37.846
27.755
26.581
44.258
18.867
31.614
45.050
20.546
50.116
31.983
42.617
47.479
35.124
20.306
45.957
21.140
43.102
33.284
51.548
49.948
38.132
25.575
22.702
45.259
27.002
37.625
44.365
49.412
44.081
34.516
29.918
25.198
37.625
41.995
52.388
46.540
24.982
30.639
57.260
56.334
60.854
34.177
43.680
54.018
33.622
21.144
58.453
41.457
54.662
8.659
28.342
17.433
22.617
36.255
45.350
41.223
39.293
29.243
33.939
46.839
47.101
55.089
18.802
37.888
30.587
29.928
38.776
20.436
49.069
48.896
21.087
55.336
4.750
44.334
46.335
3.446
51.417
50.861
57.361
32.849
56.552
21.741
53.077
21.394
28.092
56.284
44.686
39.923
36.114
43.086
29.799
50.184
33.122
41.620
56.408
39.512
24.749
31.602
41.264
30.879
52.379
22.261
37.239
24.985
54.383
49.450
37.303
55.497
50.801
37.514
18.040
57.078
13.487
54.863
51.634
20.832
56.539
24.980
48.261
19.192
25.621
45.594
11.021
48.289
21.449
21.089
23.934
55.325
43.668
60.627
37.561
47.076
47.746
55.501
37.173
44.832
19.742
58.018
28.382
54.426
43.859
36.728
53.968
49.446
54.402
54.412
36.394
52.903
45.360
39.672
43.563
44.781
43.664
38.788
56.821
40.232
41.835
11.839
28.006
59.589
50.316
59.396
54.355
51.972
49.704
34.872
40.467
44.823
29.212
56.621
31.420
44.170
49.998
45.042
48.497
45.890
43.541
45.224
55.526
34.307
43.772
20.632
60.623
42.134
41.984
31.414
51.082
39.380
42.099
58.642
7.209
53.645
43.701
49.617
19.680
56.606
42.348
31.442
56.717
29.853
34.865
57.810
42.456
2.731
0.602
4.466
36.396
47.394
53.018
53.945
9.763
2.836
23.526
54.261
32.819
51.516
44.470
41.164
41.902
39.994
27.483
36.964
27.751
25.742
56.618
45.883
31.373
46.022
25.718
35.003
34.494
35.752
59.912
27.137
53.180
39.298
37.100
33.100
11.552
54.315
45.999
36.426
26.445
31.565
22.167
29.723
57.466
45.686
22.743
34.647
29.549
55.657
30.833
29.764
36.559
26.049
54.354
42.063
43.171
28.873
47.696
49.674
4.892
7.242
50.112
44.645
57.732
47.276
58.563
31.072
46.183
44.710
30.607
50.666
35.446
26.767
46.180
20.598
44.476
38.785
26.212
42.951
54.684
52.952
52.015
10.296
11.516
41.297
47.437
37.838
33.488
43.274
46.831
58.312
31.169
45.440
55.274
46.374
40.932
50.362
24.129
42.206
42.802
48.137
40.958
31.503
36.726
30.053
47.326
42.175
52.315
52.299
49.899
24.488
41.569
38.805
36.289
38.930
33.923
29.473
46.713
23.472
58.116
47.918
25.085
39.480
43.924
49.705
46.342
57.056
46.545
59.031
54.613
38.182
57.559
51.712
60.310
3.961
20.777
44.326
28.913
48.275
40.256
57.749
51.237
29.878
32.927
19.524
36.085
32.882
15.425
38.159
36.730
13.913
58.561
44.889
52.791
40.136
50.203
39.046
38.122
56.355
44.851
40.020
47.429
24.252
42.891
37.694
41.808
33.585
37.562
34.735
54.974
45.269
60.585
39.279
57.110
26.356
41.425
45.666
14.907
21.560
45.582
33.610
29.070
58.070
43.091
43.330
51.492
43.432
46.393
43.915
49.167
24.086
49.369
50.264
48.565
37.097
49.880
21.696
37.987
28.957
31.556
55.514
60.386
44.498
30.724
5.602
50.311
39.558
39.801
53.486
44.336
42.774
19.284
53.398
54.575
45.999
19.874
45.643
55.406
43.748
47.876
30.820
39.916
44.002
39.848
44.780
44.511
45.712
45.596
45.547
22.039
45.839
7.462
3.675
40.698
48.175
41.607
53.319
43.441
35.147
47.765
52.368
45.958
48.734
60.311
36.295
53.226
53.920
31.155
34.734
55.708
36.797
39.373
51.200
50.699
47.434
59.876
34.937
30.086
38.028
45.351
13.763
53.163
18.054
46.056
55.803
6.147
44.997
40.845
39.577
39.965
47.656
46.183
55.030
45.444
45.990
29.437
44.011
12.809
42.000
48.692
37.617
46.436
26.608
59.811
0.614
35.036
21.277
57.917
33.427
24.034
54.551
30.036
42.133
39.277
20.758
38.287
29.345
46.429
56.176
32.828
52.333
30.429
38.911
40.640
37.495
38.756
44.462
52.254
51.379
32.591
31.942
42.100
34.108
25.945
41.764
48.523
25.157
36.325
50.294
51.491
52.191
46.783
32.705
31.593
43.462
27.020
45.555
26.343
41.197
46.108
43.919
21.865
20.988
30.303
26.505
44.959
36.608
55.649
43.479
35.289
36.459
59.402
56.416
58.942
3.316
49.066
37.034
27.993
34.940
45.897
37.499
55.977
48.873
28.210
40.078
52.530
44.721
39.506
46.296
54.824
53.179
57.008
40.919
46.073
60.602
46.194
10.914
48.005
54.035
30.428
22.141
42.748
3.941
58.789
33.583
46.646
46.235
33.205
50.878
55.601
41.216
37.734
42.010
47.466
44.709
24.276
43.658
51.015
52.348
54.779
36.594
41.544
38.337
47.887
42.391
51.197
50.884
47.477
27.169
52.498
53.830
23.364
54.953
55.745
39.344
51.343
44.880
33.501
47.696
54.642
46.465
38.858
36.955
19.877
54.258
42.336
22.526
16.254
14.255
21.377
48.415
50.615
59.425
42.161
42.848
54.633
37.981
34.499
40.614
52.441
33.607
58.486
33.573
48.546
21.153
45.120
24.284
40.832
41.506
46.582
37.893
45.158
41.707
42.113
53.885
43.478
49.837
59.949
36.574
21.160
29.016
55.511
33.227
21.637
60.077
35.806
40.878
45.374
43.759
44.556
46.939
40.475
35.409
31.417
24.122
53.616
32.811
44.207
49.713
58.755
51.770
29.730
13.018
55.408
58.564
53.810
53.956
9.552
39.838
6.961
43.327
43.922
46.374
53.581
20.227
51.434
36.945
45.295
35.728
51.909
40.338
45.961
59.868
43.284
43.655
42.511
20.919
31.008
38.749
47.059
47.318
51.096
45.110
37.018
38.474
30.945
45.996
41.738
37.941
31.493
37.577
58.332
42.195
26.317
55.633
51.276
46.332
27.612
49.179
49.304
56.793
30.007
27.653
46.220
44.742
14.216
51.435
27.155
19.422
46.268
32.349
39.422
36.564
45.227
58.129
36.449
42.198
41.542
48.924
41.352
38.995
11.819
51.718
44.553
48.369
47.135
52.156
47.064
35.191
44.310
29.301
50.203
29.424
42.641
27.616
34.040
56.531
36.669
25.433
47.241
47.214
41.919
51.589
47.160
54.774
51.219
33.776
43.550
19.378
55.757
53.400
34.583
48.618
38.113
6.095
48.205
46.565
36.221
43.960
45.287
3.305
3.213
45.693
49.248
43.042
50.069
43.693
34.502
35.182
22.325
51.496
28.308
50.349
42.494
35.979
40.759
45.978
46.799
35.344
31.284
40.506
21.478
46.567
16.950
46.128
39.597
43.443
33.879
40.420
40.079
55.423
37.128
42.640
18.213
41.807
45.423
19.746
47.930
40.183
34.161
48.621
40.199
53.690
20.747
43.103
30.326
40.880
49.144
39.235
48.867
45.861
38.575
52.083
58.535
46.421
44.242
51.247
38.200
50.750
43.702
31.875
40.274
36.590
36.869
27.912
41.674
36.792
43.763
18.636
39.091
21.504
37.956
42.570
37.770
28.350
12.497
45.708
32.336
17.664
40.174
54.781
57.386
6.798
32.102
11.696
1.063
29.066
18.745
41.865
38.349
21.636
20.463
52.832
35.072
35.992
55.079
43.371
52.456
46.844
33.738
32.831
41.465
45.253
57.127
43.274
31.323
39.650
43.709
38.386
35.143
20.837
4.218
52.236
10.776
48.567
40.005
56.871
57.785
36.999
26.862
18.297
42.874
24.833
53.026
42.069
36.435
40.057
42.694
48.240
31.919
54.284
37.075
55.297
39.389
48.809
27.101
10.352
40.571
46.546
54.692
40.842
34.208
40.641
38.065
49.066
53.940
42.644
37.132
54.651
32.362
26.396
34.728
35.225
59.727
54.496
22.892
45.929
59.264
39.950
39.490
43.888
53.207
46.420
35.817
60.502
8.033
39.600
37.866
40.338
22.784
2.976
57.266
44.633
37.864
48.090
54.174
47.674
55.085
55.489
43.525
47.308
39.816
32.263
42.982
57.458
49.205
36.814
36.699
27.504
5.826
35.813
42.153
60.046
42.301
21.160
41.633
42.702
41.064
32.964
35.497
48.517
41.369
51.870
41.094
37.451
36.355
45.472
27.003
56.757
47.764
49.916
52.605
43.330
40.688
29.104
43.285
42.135
46.660
49.895
49.938
46.242
36.300
51.527
48.548
43.363
29.430
55.817
60.851
25.320
45.366
28.733
35.862
50.093
55.488
18.294
37.098
46.215
39.096
39.703
43.402
32.304
28.525
40.003
35.841
42.620
55.911
46.579
51.636
35.581
54.124
51.831
18.718
58.237
35.028
34.378
59.248
33.232
19.488
16.705
30.893
53.194
36.512
48.398
39.592
7.607
48.137
45.266
42.798
53.138
5.912
55.663
56.984
23.936
50.441
34.529
26.701
44.423
50.161
50.300
49.961
57.997
42.104
52.208
36.928
43.283
42.405
18.436
37.608
42.262
57.156
22.698
46.340
32.201
48.438
54.709
41.198
53.451
22.821
26.763
58.594
59.881
43.665
39.540
47.004
36.369
36.220
28.058
33.163
44.952
47.320
59.063
43.799
36.469
35.843
51.940
12.212
51.235
41.337
45.561
41.604
36.927
36.200
20.392
36.979
18.226
45.640
59.753
42.963
47.237
35.702
32.070
29.947
49.752
58.179
57.244
45.085
42.283
37.814
41.706
44.664
50.970
38.602
41.733
53.263
50.574
22.614
45.185
24.162
37.582
23.928
50.534
50.275
34.464
58.418
32.496
55.900
19.888
19.242
30.383
48.624
31.696
36.194
56.963
31.202
32.435
38.923
43.372
57.841
53.549
37.348
3.681
45.767
55.365
45.245
26.631
47.297
45.121
22.021
42.794
42.723
26.095
49.668
33.300
39.720
35.862
29.804
40.295
35.846
44.238
24.974
48.130
57.099
29.934
43.821
57.231
33.823
30.829
32.525
49.501
25.319
50.369
50.081
34.505
30.387
16.983
40.485
42.359
42.197
34.843
10.203
31.127
62.586
54.357
27.652
48.560
38.266
39.191
27.012
47.538
51.929
57.697
25.704
36.876
31.788
17.377
30.462
59.964
20.668
50.574
27.091
50.129
32.386
48.641
39.227
43.112
26.725
37.259
40.463
43.879
44.481
32.249
30.351
47.875
22.202
39.305
37.433
57.689
50.038
50.838
44.341
55.561
32.717
58.383
19.206
49.697
26.864
27.741
52.228
21.190
44.545
2.697
41.517
51.914
35.901
44.837
28.126
56.192
41.731
42.010
56.565
38.361
50.215
59.036
3.603
33.459
44.295
43.618
25.236
33.902
34.144
50.782
45.351
18.513
52.529
37.548
24.315
56.281
52.874
55.456
25.835
47.709
39.195
41.767
43.980
40.116
41.260
29.705
33.427
27.169
50.400
36.745
33.542
26.963
55.304
46.454
50.475
43.000
52.133
26.775
30.314
37.449
48.362
38.245
37.706
48.299
18.254
47.216
58.079
20.306
47.378
48.833
34.995
30.374
41.962
37.088
51.829
59.903
48.268
25.055
54.031
47.312
22.172
28.127
60.252
40.040
35.216
44.166
42.640
45.325
26.695
47.336
55.549
58.323
50.413
32.449
53.859
55.487
46.533
19.836
48.938
46.835
60.133
39.658
46.386
48.662
49.968
37.176
4.529
59.739
41.890
46.177
44.015
21.890
44.458
44.422
31.440
55.955
30.058
33.224
39.273
34.549
11.802
36.560
33.589
40.382
49.248
29.056
44.641
46.990
38.827
38.878
15.482
46.220
38.227
37.584
57.365
43.285
54.619
49.022
44.182
54.970
44.831
42.315
57.262
51.894
49.390
49.706
34.052
53.314
13.252
37.158
50.477
51.491
39.348
40.353
56.862
33.276
48.083
53.664
33.054
36.009
50.174
43.860
54.773
22.771
52.050
47.299
35.362
57.528
44.221
33.598
46.332
46.298
42.466
25.079
43.500
52.476
43.881
50.520
47.413
39.752
38.511
32.540
54.187
23.495
35.870
59.503
45.191
51.182
50.484
48.905
31.161
45.324
20.147
21.897
35.869
22.993
54.108
34.133
43.261
51.988
26.168
47.380
41.070
53.289
34.876
19.235
24.982
60.280
45.680
20.052
32.440
28.861
45.626
43.612
52.092
33.816
38.961
29.740
16.376
54.681
31.405
33.964
30.746
40.846
50.186
26.753
35.084
54.935
28.654
25.706
49.981
39.277
27.402
58.816
33.730
55.187
21.722
32.149
28.989
42.362
39.197
30.617
22.656
43.975
44.170
26.933
6.235
34.087
47.897
30.594
31.909
43.063
58.405
59.838
42.739
16.615
26.421
32.857
35.046
43.360
52.485
40.480
48.510
42.343
33.066
56.904
42.953
52.789
55.899
35.685
31.558
11.301
39.124
32.927
50.437
31.419
31.770
42.270
12.469
38.095
47.761
45.516
22.012
34.954
45.214
52.578
47.841
26.094
36.342
11.799
50.337
26.985
27.396
34.381
55.074
13.693
42.996
51.041
35.455
58.473
27.470
45.728
22.378
35.653
32.562
58.412
2.484
55.005
39.728
49.297
48.030
40.485
40.101
32.304
52.194
59.246
31.064
49.631
29.212
24.707
29.146
47.787
46.610
37.204
47.535
27.585
47.049
41.897
17.498
28.322
39.201
20.633
30.256
16.782
29.599
36.879
39.803
39.528
50.654
39.985
38.993
26.924
48.136
26.777
42.904
36.073
33.367
18.062
42.871
49.667
24.940
29.913
39.977
9.339
16.322
57.749
44.936
51.426
23.382
13.529
28.189
59.589
52.554
39.729
49.966
54.244
48.548
55.649
60.813
7.793
46.936
51.775
46.530
35.491
52.329
41.071
54.869
53.703
60.049
44.931
37.811
49.500
26.534
17.268
48.656
43.885
44.803
43.286
37.378
58.919
39.316
28.784
20.551
33.454
24.967
18.839
57.579
19.097
46.856
48.388
39.421
26.244
41.311
24.056
35.785
20.989
57.761
41.622
43.147
32.154
43.904
39.830
56.446
54.414
31.575
41.637
37.712
29.231
45.285
42.188
39.623
29.549
53.376
42.674
1.040
54.430
47.185
47.378
31.788
40.731
41.074
27.806
44.044
37.047
49.132
11.073
49.859
35.661
53.540
21.524
27.761
41.214
59.470
22.549
26.140
50.725
41.436
49.040
50.210
14.350
37.001
58.765
35.676
47.082
53.275
41.471
37.066
49.642
38.966
34.111
43.506
35.194
52.959
52.796
36.551
57.637
55.325
45.467
53.864
51.236
36.082
52.771
54.480
45.470
34.598
43.071
44.315
44.367
54.536
39.394
33.220
30.321
30.995
51.129
42.680
34.781
28.076
27.780
53.283
36.914
48.502
58.006
29.052
42.221
51.140
51.965
27.868
29.424
22.988
20.863
35.916
54.977
16.761
18.990
53.107
39.530
23.116
54.273
38.200
58.422
50.676
42.900
45.298
45.033
40.329
41.569
41.607
48.197
49.681
37.243
58.129
48.509
58.307
29.736
46.111
37.114
16.791
32.830
35.283
22.104
53.580
33.259
41.951
55.694
26.273
40.994
32.843
50.498
57.667
46.172
52.554
15.933
28.743
42.077
53.907
48.656
53.238
40.892
54.993
40.193
44.311
31.857
45.885
50.657
33.971
36.894
59.520
24.002
52.963
47.026
45.062
43.209
56.749
28.046
40.818
32.726
50.865
49.993
50.512
12.463
51.937
54.011
46.690
20.016
56.067
38.812
28.401
33.438
50.673
45.092
55.186
54.974
32.721
27.781
36.852
43.737
54.887
19.371
30.914
8.353
1.928
36.197
58.929
37.279
52.271
34.871
46.865
56.397
34.643
31.491
41.580
42.579
48.057
56.187
57.760
43.266
39.134
41.058
41.125
39.497
35.865
35.160
26.491
54.073
22.715
48.301
21.761
56.274
30.712
43.361
27.148
3.338
40.241
34.621
41.577
46.363
40.223
37.480
45.382
48.743
32.829
7.458
57.126
28.981
44.176
12.606
46.511
50.201
43.033
29.102
47.282
28.114
47.016
15.366
39.522
11.784
29.409
50.566
22.538
36.613
27.703
21.570
51.039
33.749
30.462
43.407
40.581
54.653
37.173
7.501
49.837
51.027
53.579
51.254
33.491
40.321
26.721
40.252
47.478
36.265
50.303
44.612
25.277
37.307
58.144
47.648
45.769
53.459
44.052
36.903
34.050
49.932
36.291
25.057
18.522
47.885
35.454
39.924
36.194
32.431
55.456
51.171
33.055
3.343
55.177
38.048
49.025
30.080
44.422
48.954
1.223
17.151
57.515
43.480
45.100
51.761
23.382
34.925
49.451
49.142
22.247
26.624
59.709
53.415
31.969
43.184
42.782
55.514
41.519
23.175
54.809
53.861
50.890
28.743
53.710
37.586
59.750
14.435
52.656
55.517
9.898
40.978
44.493
42.740
41.161
48.201
46.635
43.886
40.474
45.410
41.488
42.601
18.467
46.152
47.877
55.540
26.340
45.869
31.656
27.606
38.436
39.736
27.400
3.708
33.615
50.962
48.377
27.710
51.288
30.749
47.491
58.360
29.121
58.718
45.389
46.595
51.362
43.881
51.301
60.974
57.400
56.146
43.765
42.419
57.644
53.538
50.420
21.780
41.910
38.428
33.837
30.264
44.531
49.551
47.789
33.808
56.432
51.747
37.609
34.748
51.462
51.408
58.710
9.329
55.378
22.465
34.234
47.327
20.647
28.241
49.642
50.027
48.244
36.624
41.642
32.022
30.674
31.683
44.373
54.603
41.372
45.776
47.583
58.702
57.753
60.452
23.053
54.479
34.933
34.104
38.291
19.654
58.376
53.511
39.177
36.563
18.911
7.820
41.421
50.510
32.639
26.449
17.889
45.333
44.677
10.099
39.906
23.199
34.112
55.825
51.197
47.200
43.406
45.254
31.579
51.321
43.695
15.586
50.954
46.343
47.392
32.479
50.561
22.489
37.203
53.626
36.352
23.043
55.022
59.052
48.771
52.511
37.767
49.126
36.918
20.981
23.118
42.282
60.239
43.807
55.184
18.474
50.244
39.128
24.982
49.067
42.275
41.640
27.897
56.132
47.269
59.251
31.341
60.439
44.794
52.093
42.224
9.957
43.748
50.883
43.513
29.221
19.408
37.360
32.818
37.558
23.471
46.191
47.760
56.068
26.815
50.944
45.558
41.635
32.681
40.150
47.092
35.823
41.570
49.717
52.796
48.870
11.405
56.433
18.054
26.452
41.637
41.174
50.470
19.879
44.065
39.654
29.982
43.842
8.382
50.010
60.219
35.145
32.601
47.852
43.777
30.726
52.386
49.787
50.238
46.978
47.163
43.776
18.698
38.682
41.001
18.443
58.247
37.162
40.973
42.624
49.848
42.816
46.143
45.201
44.000
40.063
38.988
25.985
25.050
54.143
50.222
40.504
24.742
56.975
41.633
47.589
36.272
44.003
51.329
32.441
40.255
54.893
55.420
40.030
52.971
32.840
38.010
31.277
43.544
50.113
36.593
37.748
37.473
41.683
36.837
45.798
40.580
28.569
44.495
40.016
28.826
24.094
48.542
5.458
41.746
52.739
46.849
38.249
35.223
40.628
48.797
36.049
53.711
47.714
47.868
27.229
46.579
41.693
22.362
50.117
57.721
52.772
26.681
50.998
32.931
45.762
8.091
20.328
36.926
25.702
37.096
44.979
47.388
46.186
33.610
26.576
44.466
58.126
46.291
57.185
40.026
54.476
20.203
39.190
13.077
49.770
35.366
22.131
53.834
50.715
36.106
54.879
53.661
38.373
37.099
44.928
26.848
39.684
35.371
44.896
31.583
50.881
59.739
53.090
43.320
54.697
32.652
46.991
42.668
16.023
42.524
16.224
43.309
36.453
34.020
36.158
35.060
50.941
41.375
26.217
39.257
36.067
43.289
44.579
29.663
20.864
8.611
17.219
58.623
21.602
33.643
56.756
31.737
31.865
32.363
34.655
53.402
18.642
21.033
58.774
50.542
59.572
40.562
21.498
39.109
41.833
25.009
43.281
44.755
48.574
6.102
36.886
30.709
41.190
44.839
46.637
59.326
33.234
54.681
43.267
43.102
39.507
56.534
27.443
35.984
42.625
41.883
36.421
37.170
36.230
26.347
36.390
56.739
29.774
36.550
46.829
58.621
29.076
58.860
52.836
36.208
48.508
38.152
40.424
50.170
30.487
37.118
54.060
7.792
24.307
30.848
44.350
40.740
14.860
40.893
44.165
38.569
40.793
37.244
50.975
47.429
37.117
45.586
16.933
43.270
59.212
40.362
40.185
38.947
45.303
39.203
32.825
44.339
38.971
42.059
43.504
53.633
54.202
56.865
55.663
59.478
38.411
49.278
20.727
35.812
45.168
47.945
51.790
25.625
53.805
35.913
41.465
33.609
32.142
37.241
53.822
16.646
37.562
56.648
54.686
18.340
35.747
51.051
56.198
43.063
32.040
48.822
33.074
43.751
29.257
50.127
44.249
54.101
58.274
48.700
27.497
32.562
7.649
35.118
31.618
15.517
2.935
58.854
45.628
42.675
20.110
56.810
34.463
15.010
40.640
54.617
54.199
58.574
10.458
40.657
45.014
34.471
43.833
8.910
42.161
55.288
58.182
22.396
38.323
38.097
22.044
40.852
40.908
32.660
56.189
43.924
31.295
41.182
59.123
39.150
56.289
25.442
39.265
26.589
36.582
27.660
33.844
18.239
48.011
44.639
53.953
44.886
37.265
52.800
28.757
35.795
46.201
34.763
41.450
23.239
56.078
49.011
47.679
34.830
35.240
53.160
34.530
34.443
36.935
40.047
23.018
30.055
46.896
35.156
57.933
46.523
39.189
32.380
24.304
22.562
38.685
49.666
42.251
57.586
39.995
44.199
43.659
23.145
51.667
21.598
45.001
58.841
59.792
31.513
44.603
27.385
41.694
41.991
47.217
59.365
27.223
32.454
26.134
34.773
43.527
59.942
61.243
36.253
44.955
29.497
39.599
49.405
34.839
44.315
17.757
57.674
53.349
24.075
57.368
30.349
49.861
30.391
52.446
34.662
58.609
36.554
51.014
45.361
39.542
8.906
43.990
45.300
21.338
50.523
48.012
46.046
53.305
44.488
57.940
49.446
9.204
50.336
56.423
42.642
36.014
29.434
44.945
37.664
40.372
38.921
40.483
42.766
56.386
45.112
57.686
36.475
51.095
40.182
29.623
6.496
49.681
30.836
38.591
41.020
36.608
42.307
54.047
13.486
36.253
55.828
45.762
51.914
53.914
29.546
42.194
40.938
46.209
48.927
40.439
18.051
53.583
50.809
46.151
49.095
38.883
41.123
48.380
41.657
40.788
46.453
43.201
29.328
37.139
30.266
44.401
42.643
29.048
30.825
26.683
51.634
38.560
23.601
59.569
39.220
12.877
45.804
46.006
53.785
18.915
30.877
26.565
16.546
35.278
57.345
30.499
27.385
51.008
38.790
22.197
44.424
58.336
21.425
27.594
34.564
49.270
41.395
53.299
25.203
59.071
50.061
41.641
16.486
20.175
34.740
31.195
41.149
37.427
56.004
48.975
58.949
26.272
25.027
28.009
27.413
52.994
38.544
47.044
21.094
36.394
42.116
12.178
40.581
42.162
53.618
58.537
47.676
35.127
50.143
51.572
47.906
50.415
29.941
34.034
43.106
42.373
56.124
40.695
43.583
57.921
44.138
23.216
32.061
43.979
36.372
21.932
49.795
55.175
39.711
38.502
22.057
46.695
41.846
53.290
33.271
17.913
51.340
57.521
53.883
54.805
59.835
47.324
15.113
49.916
46.615
30.307
52.458
34.278
53.431
43.156
21.113
58.361
30.452
51.589
46.299
36.888
42.769
33.223
33.723
8.473
45.300
30.795
37.177
19.181
52.062
15.078
37.301
11.203
28.955
33.530
48.247
45.500
39.903
36.256
42.222
21.779
55.757
56.544
42.518
51.979
37.758
42.391
41.077
52.719
9.331
11.858
38.251
35.056
58.616
19.889
17.962
42.854
52.369
46.137
44.506
28.712
38.428
41.238
56.875
41.098
41.248
30.737
42.417
53.130
41.288
51.908
49.132
57.226
49.514
38.234
46.736
25.477
31.649
41.055
61.160
59.150
22.834
39.453
44.363
43.898
22.437
57.672
41.811
43.973
40.571
30.544
34.479
49.126
29.730
43.758
19.540
45.511
42.406
42.377
28.372
43.567
47.294
39.793
41.497
42.183
55.286
10.345
27.933
33.136
36.636
40.310
50.591
45.751
17.256
29.996
55.439
31.954
28.265
47.110
22.342
42.932
54.800
26.757
32.910
53.636
24.814
51.185
54.562
37.325
50.563
14.148
30.802
28.818
41.310
27.257
48.237
39.415
58.292
23.545
47.725
48.688
31.383
11.655
46.030
18.049
35.718
48.260
40.565
25.518
38.999
32.477
19.317
7.223
38.990
54.192
52.658
31.288
46.719
50.464
41.065
46.349
38.623
48.285
34.429
32.731
49.483
35.976
59.652
44.322
39.093
47.218
23.329
51.267
35.349
25.076
12.389
23.353
35.034
34.551
52.839
31.721
44.450
37.416
43.982
40.138
53.034
47.833
54.543
52.122
53.812
42.278
39.438
22.996
39.666
27.574
52.740
58.006
60.158
44.310
50.246
48.737
34.224
33.178
35.502
39.721
39.982
33.001
21.717
35.746
34.949
53.616
49.025
46.553
46.994
28.049
37.731
41.148
42.627
48.904
34.356
47.457
30.741
30.403
25.716
32.483
7.652
36.041
42.894
27.183
48.355
34.083
40.556
57.053
50.692
31.708
52.895
45.864
43.451
45.471
58.164
58.350
45.165
35.778
40.068
25.439
24.340
49.438
26.405
50.759
57.666
39.832
51.161
40.883
40.668
32.893
37.055
53.636
28.817
40.894
26.003
56.200
57.871
32.988
28.259
54.469
50.607
39.554
45.948
35.955
57.445
24.443
52.333
26.155
32.490
19.478
58.467
47.620
35.451
50.393
53.618
38.149
52.520
42.847
40.783
53.718
44.211
49.132
51.337
44.720
44.530
55.313
47.801
36.581
42.979
47.113
57.813
47.226
47.621
43.113
59.550
41.936
39.955
28.391
16.649
34.032
58.264
29.582
51.389
37.524
10.391
33.923
27.029
17.771
35.456
18.508
48.439
41.199
59.439
51.220
23.065
48.120
42.215
52.491
23.190
14.412
9.595
32.931
20.508
45.461
33.335
44.419
59.584
56.941
34.291
59.368
33.066
25.006
60.531
45.290
51.256
39.639
43.878
28.784
49.477
40.388
41.912
30.931
23.678
44.902
43.644
39.182
28.458
39.049
28.652
43.283
25.048
34.004
45.103
15.797
18.623
55.264
55.392
41.424
48.921
42.595
50.390
38.970
50.163
55.741
39.369
16.348
30.933
23.599
55.777
44.192
44.466
54.232
37.994
33.435
50.235
34.731
47.543
34.500
57.929
38.415
18.074
49.112
48.332
59.261
33.623
24.975
45.242
41.186
44.863
41.957
40.116
11.998
53.213
55.550
28.533
44.833
23.511
35.419
43.671
41.110
27.512
45.856
36.337
25.252
26.565
39.224
39.972
31.972
54.724
42.995
53.959
38.259
48.125
29.385
30.052
16.489
32.691
50.923
44.473
56.056
27.053
45.123
51.663
18.443
29.533
33.004
45.463
57.275
40.334
34.580
48.859
25.493
49.870
44.186
35.529
51.028
34.819
45.993
55.757
33.726
47.074
29.430
48.280
51.656
41.799
52.671
57.148
40.677
25.148
53.585
37.209
43.803
40.768
22.918
32.614
50.484
43.699
48.077
43.794
52.399
29.082
52.759
36.080
32.167
43.932
51.173
37.122
46.646
52.349
51.038
31.866
54.253
49.803
47.474
40.598
36.612
1.348
54.301
38.309
38.255
46.375
21.014
38.458
56.095
37.570
50.177
22.731
35.762
51.416
34.106
45.833
50.538
27.600
50.595
42.092
28.550
58.986
42.311
17.525
54.946
38.859
21.547
52.273
41.182
51.598
43.241
39.939
43.593
10.039
44.196
51.360
30.397
58.861
25.001
54.809
21.740
54.875
54.483
45.663
56.802
47.171
33.679
42.557
57.297
41.437
39.349
38.451
38.629
55.466
39.549
56.770
30.385
54.836
44.220
39.991
30.096
44.447
43.357
51.109
53.481
51.112
49.370
17.827
45.862
44.248
37.184
58.727
45.576
37.785
46.309
13.775
37.032
41.201
26.246
6.518
17.412
16.342
44.409
43.474
32.758
26.118
57.279
27.728
46.291
50.709
47.133
46.721
34.933
28.773
30.011
45.235
35.228
45.628
47.916
31.017
36.333
1.924
50.141
50.106
53.420
23.070
52.878
49.145
44.592
33.035
48.999
35.172
52.826
51.796
37.247
37.672
37.809
39.852
39.611
13.919
27.041
22.847
18.980
15.708
44.002
36.127
55.739
42.742
36.495
38.865
35.320
52.161
20.052
55.642
52.094
47.538
38.101
59.135
52.878
33.150
32.509
58.267
46.166
44.534
39.074
51.827
29.141
11.181
25.763
53.232
48.230
24.555
27.964
38.040
49.812
34.333
33.170
33.597
50.326
35.552
52.890
26.704
53.973
17.449
40.275
56.092
19.695
46.998
49.127
53.912
59.904
53.249
34.139
36.420
39.184
45.483
42.784
45.660
24.109
11.934
28.429
8.446
38.380
53.122
41.049
37.818
41.662
58.083
53.985
35.508
30.864
21.402
22.731
20.114
38.165
43.501
44.105
25.071
46.869
34.795
40.396
51.469
40.601
45.107
22.234
31.935
37.741
32.964
53.317
48.160
53.320
38.987
34.366
42.794
32.923
47.737
17.544
30.268
44.862
54.850
33.200
25.106
45.835
46.033
34.138
50.884
38.020
39.748
27.120
38.842
39.120
59.666
44.778
47.965
32.352
45.598
19.897
43.318
29.674
59.225
57.653
46.712
28.442
32.833
38.554
32.551
53.435
43.217
56.832
55.842
56.036
19.120
37.756
36.678
46.785
33.118
47.894
53.476
52.134
38.552
46.137
43.288
50.049
57.904
52.293
57.730
42.598
20.915
20.357
52.178
51.572
26.544
36.198
24.404
43.575
48.310
47.575
28.386
33.334
40.405
43.889
29.072
53.714
59.138
53.531
13.207
13.330
28.774
45.576
28.373
52.619
59.627
35.798
33.226
12.510
20.099
29.561
51.396
36.665
45.382
30.473
40.450
33.746
52.522
53.793
50.666
45.399
56.046
44.270
46.580
31.753
50.096
46.364
45.656
36.848
23.314
34.469
38.019
36.549
54.633
59.139
59.070
39.190
43.617
50.270
38.004
44.258
18.878
39.305
37.078
36.943
35.148
43.285
