0 0 1
0 1 -1
228 1 1
0 2 1
437 2 -1
0 3 -1
191 3 1
0 4 1
473 4 -1
0 5 1
209 5 -1
0 6 -1
451 6 1
0 7 -1
293 7 1
1 8 -1
3 8 1
1 9 -1
294 9 1
1 10 -1
131 10 1
1 11 -1
432 11 1
1 12 -1
399 12 1
1 13 1
461 13 -1
1 14 -1
88 14 1
1 15 1
164 15 -1
1 16 -1
255 16 1
1 17 1
51 17 -1
1 18 -1
429 18 1
2 19 1
2 20 -1
112 20 1
2 21 -1
20 21 1
2 22 -1
130 22 1
2 23 -1
71 23 1
2 24 -1
198 24 1
2 25 1
240 25 -1
2 26 1
306 26 -1
2 27 1
377 27 -1
2 28 1
262 28 -1
2 29 -1
464 29 1
2 30 -1
224 30 1
2 31 1
400 31 -1
2 32 -1
287 32 1
3 33 -1
399 33 1
3 34 -1
294 34 1
3 35 -1
164 35 1
3 36 -1
279 36 1
3 37 1
432 37 -1
3 38 -1
277 38 1
3 39 1
408 39 -1
3 40 1
58 40 -1
3 41 1
461 41 -1
3 42 1
255 42 -1
3 43 1
227 43 -1
3 44 1
273 44 -1
3 45 1
6 45 -1
4 46 1
4 47 1
4 48 1
4 49 -1
252 49 1
4 50 -1
188 50 1
4 51 -1
305 51 1
4 52 -1
199 52 1
4 53 -1
197 53 1
4 54 -1
34 54 1
5 55 -1
426 55 1
5 56 -1
14 56 1
5 57 -1
196 57 1
5 58 -1
290 58 1
5 59 1
359 59 -1
5 60 1
447 60 -1
5 61 1
161 61 -1
5 62 -1
201 62 1
5 63 -1
352 63 1
5 64 1
102 64 -1
5 65 1
430 65 -1
6 66 1
6 67 1
118 67 -1
6 68 -1
268 68 1
6 69 -1
392 69 1
6 70 -1
12 70 1
6 71 1
310 71 -1
6 72 -1
295 72 1
6 73 -1
376 73 1
6 74 -1
487 74 1
6 75 -1
411 75 1
6 76 -1
33 76 1
6 77 -1
122 77 1
6 78 -1
273 78 1
6 79 -1
227 79 1
6 80 -1
277 80 1
6 81 -1
432 81 1
7 82 1
7 83 -1
496 83 1
7 84 -1
107 84 1
7 85 -1
469 85 1
7 86 1
247 86 -1
7 87 -1
401 87 1
7 88 -1
333 88 1
7 89 -1
345 89 1
7 90 -1
121 90 1
7 91 -1
221 91 1
8 92 1
394 92 -1
8 93 -1
206 93 1
8 94 -1
296 94 1
8 95 1
349 95 -1
8 96 1
310 96 -1
8 97 1
146 97 -1
8 98 -1
483 98 1
8 99 1
498 99 -1
8 100 1
53 100 -1
8 101 1
297 101 -1
8 102 1
169 102 -1
8 103 1
55 103 -1
8 104 1
227 104 -1
8 105 1
432 105 -1
8 106 1
374 106 -1
9 107 1
219 107 -1
9 108 -1
35 108 1
9 109 1
462 109 -1
9 110 1
217 110 -1
9 111 -1
160 111 1
9 112 1
421 112 -1
9 113 -1
341 113 1
9 114 -1
96 114 1
9 115 -1
402 115 1
9 116 -1
200 116 1
9 117 -1
17 117 1
9 118 1
383 118 -1
10 119 -1
428 119 1
10 120 -1
157 120 1
10 121 -1
275 121 1
10 122 -1
210 122 1
10 123 -1
162 123 1
10 124 1
63 124 -1
10 125 -1
474 125 1
10 126 -1
79 126 1
10 127 -1
234 127 1
10 128 -1
161 128 1
10 129 1
196 129 -1
10 130 1
245 130 -1
10 131 -1
345 131 1
10 132 -1
426 132 1
10 133 1
447 133 -1
10 134 1
239 134 -1
10 135 1
216 135 -1
10 136 -1
236 136 1
10 137 -1
333 137 1
10 138 1
13 138 -1
10 139 1
124 139 -1
10 140 1
183 140 -1
11 141 1
11 142 1
311 142 -1
11 143 1
332 143 -1
11 144 1
434 144 -1
11 145 1
153 145 -1
11 146 1
475 146 -1
11 147 1
395 147 -1
11 148 1
180 148 -1
11 149 -1
192 149 1
11 150 1
114 150 -1
11 151 -1
335 151 1
11 152 -1
449 152 1
11 153 -1
144 153 1
11 154 -1
497 154 1
11 155 -1
421 155 1
11 156 -1
403 156 1
12 157 1
12 158 -1
392 158 1
12 159 -1
224 159 1
12 160 -1
419 160 1
12 161 -1
284 161 1
12 162 1
343 162 -1
12 163 -1
310 163 1
12 164 -1
268 164 1
12 165 1
198 165 -1
12 166 1
235 166 -1
12 167 -1
118 167 1
12 168 -1
134 168 1
12 169 1
146 169 -1
12 170 -1
122 170 1
12 171 1
33 171 -1
12 172 1
376 172 -1
12 173 1
400 173 -1
12 174 1
20 174 -1
13 175 1
13 176 -1
216 176 1
13 177 1
183 177 -1
13 178 1
333 178 -1
13 179 1
234 179 -1
13 180 1
387 180 -1
13 181 1
124 181 -1
13 182 1
237 182 -1
13 183 1
412 183 -1
13 184 -1
157 184 1
13 185 1
304 185 -1
13 186 1
319 186 -1
14 187 -1
97 187 1
14 188 1
491 188 -1
14 189 1
290 189 -1
14 190 -1
233 190 1
14 191 1
426 191 -1
14 192 -1
359 192 1
14 193 -1
447 193 1
14 194 -1
433 194 1
14 195 1
102 195 -1
14 196 -1
430 196 1
14 197 -1
201 197 1
15 198 1
15 199 1
165 199 -1
15 200 1
181 200 -1
15 201 -1
293 201 1
15 202 -1
173 202 1
15 203 -1
156 203 1
15 204 -1
221 204 1
15 205 -1
228 205 1
15 206 -1
231 206 1
16 207 1
16 208 1
16 209 1
478 209 -1
16 210 1
59 210 -1
16 211 -1
89 211 1
16 212 1
194 212 -1
16 213 -1
149 213 1
16 214 -1
456 214 1
16 215 -1
298 215 1
16 216 -1
391 216 1
16 217 -1
363 217 1
16 218 -1
317 218 1
16 219 -1
344 219 1
16 220 -1
264 220 1
16 221 1
453 221 -1
17 222 -1
472 222 1
17 223 -1
133 223 1
17 224 1
421 224 -1
17 225 1
402 225 -1
17 226 1
128 226 -1
17 227 -1
259 227 1
17 228 -1
398 228 1
17 229 1
200 229 -1
17 230 1
460 230 -1
17 231 -1
335 231 1
17 232 -1
341 232 1
17 233 -1
180 233 1
17 234 -1
160 234 1
17 235 -1
314 235 1
18 236 1
18 237 -1
117 237 1
18 238 -1
278 238 1
18 239 -1
356 239 1
18 240 -1
492 240 1
18 241 1
351 241 -1
18 242 1
381 242 -1
18 243 1
39 243 -1
18 244 -1
420 244 1
18 245 -1
170 245 1
18 246 -1
143 246 1
18 247 -1
404 247 1
19 248 1
396 248 -1
19 249 1
88 249 -1
19 250 -1
467 250 1
19 251 -1
203 251 1
19 252 -1
248 252 1
19 253 -1
22 253 1
19 254 -1
477 254 1
19 255 -1
448 255 1
19 256 -1
254 256 1
19 257 -1
413 257 1
19 258 -1
78 258 1
19 259 -1
209 259 1
19 260 1
191 260 -1
20 261 1
20 262 -1
71 262 1
20 263 -1
377 263 1
20 264 -1
424 264 1
20 265 1
198 265 -1
20 266 -1
46 266 1
20 267 -1
122 267 1
20 268 -1
134 268 1
20 269 1
265 269 -1
20 270 -1
224 270 1
20 271 1
105 271 -1
20 272 1
287 272 -1
21 273 1
21 274 1
138 274 -1
21 275 -1
92 275 1
21 276 1
441 276 -1
21 277 1
136 277 -1
21 278 -1
414 278 1
21 279 -1
435 279 1
21 280 -1
50 280 1
21 281 -1
110 281 1
21 282 -1
152 282 1
21 283 1
187 283 -1
21 284 -1
347 284 1
21 285 -1
337 285 1
22 286 1
477 286 -1
22 287 1
150 287 -1
22 288 -1
320 288 1
22 289 -1
467 289 1
22 290 1
88 290 -1
22 291 1
248 291 -1
22 292 -1
413 292 1
22 293 1
379 293 -1
22 294 1
38 294 -1
22 295 -1
78 295 1
22 296 -1
253 296 1
23 297 -1
129 297 1
23 298 -1
312 298 1
23 299 1
108 299 -1
23 300 -1
30 300 1
23 301 1
40 301 -1
23 302 1
104 302 -1
23 303 -1
258 303 1
23 304 1
341 304 -1
23 305 -1
85 305 1
23 306 1
244 306 -1
23 307 -1
425 307 1
23 308 -1
414 308 1
23 309 1
383 309 -1
23 310 -1
462 310 1
23 311 1
52 311 -1
23 312 -1
285 312 1
23 313 -1
499 313 1
24 314 1
24 315 1
110 315 -1
24 316 1
347 316 -1
24 317 -1
136 317 1
24 318 1
205 318 -1
24 319 -1
283 319 1
24 320 -1
409 320 1
25 321 1
25 322 1
25 323 -1
320 323 1
25 324 1
150 324 -1
25 325 1
484 325 -1
25 326 1
100 326 -1
25 327 1
116 327 -1
25 328 1
480 328 -1
25 329 -1
173 329 1
25 330 1
38 330 -1
25 331 1
477 331 -1
25 332 -1
181 332 1
26 333 1
26 334 1
494 334 -1
26 335 -1
495 335 1
26 336 1
99 336 -1
26 337 1
174 337 -1
26 338 1
223 338 -1
26 339 1
155 339 -1
26 340 -1
344 340 1
26 341 1
141 341 -1
26 342 -1
70 342 1
26 343 1
83 343 -1
26 344 -1
315 344 1
26 345 -1
120 345 1
26 346 -1
301 346 1
26 347 -1
68 347 1
26 348 1
261 348 -1
26 349 -1
350 349 1
26 350 1
62 350 -1
26 351 1
453 351 -1
27 352 1
109 352 -1
27 353 -1
314 353 1
27 354 1
417 354 -1
27 355 1
80 355 -1
27 356 1
148 356 -1
27 357 1
153 357 -1
27 358 -1
378 358 1
27 359 1
292 359 -1
27 360 1
260 360 -1
27 361 -1
323 361 1
27 362 -1
440 362 1
27 363 -1
386 363 1
27 364 1
332 364 -1
27 365 -1
67 365 1
27 366 -1
147 366 1
27 367 -1
389 367 1
27 368 1
451 368 -1
27 369 -1
246 369 1
28 370 -1
459 370 1
28 371 1
101 371 -1
28 372 1
152 372 -1
28 373 1
185 373 -1
28 374 1
482 374 -1
28 375 1
187 375 -1
28 376 1
105 376 -1
28 377 1
360 377 -1
28 378 1
328 378 -1
28 379 -1
418 379 1
28 380 -1
197 380 1
28 381 1
414 381 -1
28 382 -1
337 382 1
29 383 -1
322 383 1
29 384 -1
32 384 1
29 385 1
457 385 -1
29 386 -1
369 386 1
29 387 1
212 387 -1
29 388 1
166 388 -1
29 389 1
54 389 -1
29 390 1
295 390 -1
29 391 1
58 391 -1
29 392 1
277 392 -1
29 393 1
91 393 -1
29 394 1
385 394 -1
30 395 -1
288 395 1
30 396 1
258 396 -1
30 397 -1
195 397 1
30 398 -1
341 398 1
30 399 1
241 399 -1
30 400 -1
129 400 1
30 401 1
468 401 -1
30 402 -1
85 402 1
30 403 -1
217 403 1
30 404 1
462 404 -1
31 405 1
31 406 -1
367 406 1
31 407 -1
98 407 1
31 408 1
239 408 -1
31 409 -1
352 409 1
31 410 1
234 410 -1
31 411 1
371 411 -1
31 412 -1
82 412 1
31 413 1
373 413 -1
31 414 1
213 414 -1
31 415 1
420 415 -1
31 416 -1
143 416 1
31 417 -1
115 417 1
32 418 1
32 419 1
32 420 -1
322 420 1
32 421 1
457 421 -1
32 422 -1
212 422 1
32 423 -1
54 423 1
32 424 -1
295 424 1
32 425 -1
166 425 1
32 426 1
91 426 -1
32 427 -1
481 427 1
32 428 -1
220 428 1
33 429 -1
376 429 1
33 430 -1
134 430 1
33 431 -1
132 431 1
33 432 -1
105 432 1
33 433 -1
168 433 1
33 434 1
122 434 -1
33 435 -1
365 435 1
33 436 -1
435 436 1
33 437 -1
86 437 1
33 438 -1
369 438 1
33 439 -1
295 439 1
34 440 1
34 441 1
34 442 1
334 442 -1
34 443 -1
37 443 1
34 444 1
321 444 -1
34 445 -1
360 445 1
34 446 -1
418 446 1
34 447 -1
249 447 1
34 448 1
305 448 -1
34 449 1
494 449 -1
34 450 -1
424 450 1
34 451 -1
300 451 1
34 452 -1
197 452 1
35 453 -1
219 453 1
35 454 -1
462 454 1
35 455 -1
217 455 1
35 456 1
225 456 -1
35 457 -1
479 457 1
35 458 -1
421 458 1
35 459 1
436 459 -1
35 460 -1
142 460 1
35 461 -1
403 461 1
35 462 -1
192 462 1
35 463 1
84 463 -1
35 464 1
431 464 -1
35 465 1
375 465 -1
35 466 -1
77 466 1
36 467 -1
178 467 1
36 468 -1
359 468 1
36 469 1
97 469 -1
36 470 -1
290 470 1
36 471 1
256 471 -1
36 472 1
233 472 -1
36 473 -1
384 473 1
36 474 -1
433 474 1
36 475 -1
436 475 1
36 476 1
161 476 -1
36 477 -1
245 477 1
36 478 1
450 478 -1
36 479 1
445 479 -1
36 480 1
45 480 -1
36 481 1
225 481 -1
37 482 1
37 483 1
410 483 -1
37 484 1
287 484 -1
37 485 -1
334 485 1
37 486 -1
464 486 1
37 487 -1
424 487 1
37 488 1
321 488 -1
37 489 1
83 489 -1
37 490 1
170 490 -1
37 491 -1
120 491 1
38 492 1
38 493 -1
150 493 1
38 494 -1
116 494 1
38 495 -1
327 495 1
38 496 -1
319 496 1
38 497 -1
480 497 1
38 498 -1
320 498 1
38 499 -1
173 499 1
38 500 -1
313 500 1
38 501 1
493 501 -1
38 502 1
253 502 -1
38 503 1
379 503 -1
38 504 -1
221 504 1
38 505 1
137 505 -1
38 506 -1
387 506 1
38 507 1
53 507 -1
38 508 -1
490 508 1
38 509 -1
51 509 1
38 510 -1
248 510 1
38 511 -1
231 511 1
39 512 1
39 513 1
381 513 -1
39 514 1
115 514 -1
39 515 -1
291 515 1
39 516 1
143 516 -1
39 517 1
336 517 -1
39 518 -1
117 518 1
39 519 -1
420 519 1
40 520 1
40 521 -1
104 521 1
40 522 1
129 522 -1
40 523 1
283 523 -1
40 524 1
108 524 -1
40 525 -1
425 525 1
40 526 1
274 526 -1
40 527 -1
258 527 1
41 528 1
41 529 1
41 530 -1
486 530 1
41 531 -1
362 531 1
41 532 -1
49 532 1
41 533 -1
386 533 1
41 534 -1
48 534 1
41 535 1
186 535 -1
42 536 -1
142 536 1
42 537 -1
84 537 1
42 538 1
72 538 -1
42 539 -1
73 539 1
42 540 -1
256 540 1
42 541 1
431 541 -1
42 542 -1
281 542 1
42 543 -1
436 543 1
42 544 -1
270 544 1
42 545 1
382 545 -1
42 546 -1
87 546 1
42 547 -1
433 547 1
42 548 -1
380 548 1
42 549 -1
222 549 1
42 550 -1
465 550 1
42 551 1
257 551 -1
43 552 1
481 552 -1
43 553 1
113 553 -1
43 554 1
272 554 -1
43 555 -1
266 555 1
43 556 1
212 556 -1
43 557 -1
458 557 1
43 558 -1
220 558 1
43 559 -1
244 559 1
43 560 -1
207 560 1
43 561 -1
184 561 1
43 562 1
135 562 -1
43 563 -1
322 563 1
43 564 -1
302 564 1
43 565 -1
289 565 1
44 566 1
44 567 1
236 567 -1
44 568 -1
167 568 1
44 569 -1
226 569 1
44 570 -1
63 570 1
44 571 -1
114 571 1
44 572 1
263 572 -1
44 573 -1
423 573 1
44 574 -1
422 574 1
44 575 -1
69 575 1
44 576 1
489 576 -1
45 577 -1
253 577 1
45 578 1
445 578 -1
45 579 1
387 579 -1
45 580 -1
327 580 1
45 581 -1
183 581 1
45 582 1
331 582 -1
45 583 -1
247 583 1
45 584 -1
178 584 1
45 585 -1
245 585 1
45 586 -1
345 586 1
45 587 1
490 587 -1
45 588 1
51 588 -1
46 589 -1
482 589 1
46 590 1
300 590 -1
46 591 -1
101 591 1
46 592 1
424 592 -1
46 593 1
377 593 -1
46 594 -1
71 594 1
46 595 -1
249 595 1
46 596 -1
281 596 1
46 597 -1
218 597 1
46 598 -1
105 598 1
46 599 -1
360 599 1
46 600 -1
57 600 1
46 601 1
324 601 -1
46 602 -1
380 602 1
46 603 -1
134 603 1
46 604 -1
418 604 1
46 605 -1
265 605 1
47 606 1
47 607 -1
177 607 1
47 608 1
476 608 -1
47 609 -1
186 609 1
47 610 -1
48 610 1
47 611 -1
163 611 1
47 612 -1
171 612 1
47 613 1
259 613 -1
47 614 -1
96 614 1
47 615 1
49 615 -1
47 616 -1
109 616 1
48 617 1
48 618 1
186 618 -1
48 619 -1
308 619 1
48 620 1
163 620 -1
48 621 1
362 621 -1
48 622 1
406 622 -1
48 623 -1
49 623 1
49 624 1
49 625 -1
486 625 1
49 626 -1
76 626 1
49 627 1
455 627 -1
49 628 -1
259 628 1
49 629 -1
128 629 1
49 630 1
80 630 -1
49 631 1
246 631 -1
49 632 1
378 632 -1
49 633 1
109 633 -1
49 634 -1
177 634 1
49 635 1
314 635 -1
49 636 1
186 636 -1
50 637 1
50 638 -1
205 638 1
50 639 -1
325 639 1
50 640 1
347 640 -1
50 641 -1
110 641 1
50 642 -1
309 642 1
50 643 -1
274 643 1
50 644 1
414 644 -1
50 645 -1
243 645 1
50 646 -1
136 646 1
50 647 1
302 647 -1
50 648 1
108 648 -1
50 649 -1
481 649 1
50 650 -1
166 650 1
50 651 -1
139 651 1
50 652 -1
441 652 1
51 653 1
490 653 -1
51 654 -1
123 654 1
51 655 -1
498 655 1
51 656 -1
318 656 1
51 657 -1
331 657 1
51 658 1
131 658 -1
51 659 -1
432 659 1
51 660 -1
384 660 1
51 661 -1
253 661 1
51 662 -1
248 662 1
51 663 -1
375 663 1
51 664 1
445 664 -1
51 665 -1
294 665 1
51 666 1
178 666 -1
51 667 1
225 667 -1
51 668 -1
461 668 1
51 669 1
150 669 -1
51 670 1
137 670 -1
52 671 -1
171 671 1
52 672 -1
184 672 1
52 673 1
383 673 -1
52 674 1
266 674 -1
52 675 1
96 675 -1
52 676 1
244 676 -1
52 677 1
186 677 -1
52 678 1
276 678 -1
52 679 1
406 679 -1
52 680 1
442 680 -1
52 681 1
312 681 -1
52 682 -1
289 682 1
52 683 1
476 683 -1
52 684 1
393 684 -1
52 685 -1
341 685 1
53 686 1
53 687 -1
297 687 1
53 688 1
493 688 -1
53 689 -1
366 689 1
53 690 1
206 690 -1
53 691 -1
319 691 1
53 692 1
490 692 -1
53 693 -1
331 693 1
53 694 -1
116 694 1
53 695 -1
55 695 1
53 696 1
374 696 -1
53 697 -1
498 697 1
53 698 1
137 698 -1
53 699 -1
304 699 1
53 700 -1
169 700 1
53 701 -1
432 701 1
53 702 -1
461 702 1
54 703 1
54 704 1
81 704 -1
54 705 1
66 705 -1
54 706 1
91 706 -1
54 707 1
385 707 -1
54 708 -1
207 708 1
54 709 -1
212 709 1
54 710 1
322 710 -1
54 711 1
279 711 -1
54 712 -1
58 712 1
54 713 -1
277 713 1
55 714 -1
64 714 1
55 715 1
169 715 -1
55 716 -1
370 716 1
55 717 -1
304 717 1
55 718 1
182 718 -1
55 719 -1
331 719 1
55 720 -1
483 720 1
55 721 1
280 721 -1
55 722 -1
146 722 1
55 723 1
493 723 -1
55 724 -1
498 724 1
55 725 -1
206 725 1
56 726 1
56 727 -1
145 727 1
56 728 -1
349 728 1
56 729 -1
140 729 1
56 730 -1
394 730 1
56 731 -1
94 731 1
56 732 -1
343 732 1
56 733 -1
358 733 1
56 734 -1
206 734 1
56 735 1
372 735 -1
56 736 -1
227 736 1
56 737 -1
297 737 1
56 738 1
374 738 -1
57 739 1
218 739 -1
57 740 1
87 740 -1
57 741 1
182 741 -1
57 742 1
465 742 -1
57 743 1
281 743 -1
57 744 -1
388 744 1
57 745 -1
256 745 1
57 746 -1
380 746 1
57 747 -1
324 747 1
57 748 -1
482 748 1
57 749 -1
300 749 1
57 750 -1
71 750 1
57 751 -1
170 751 1
57 752 -1
359 752 1
58 753 1
277 753 -1
58 754 -1
279 754 1
58 755 -1
289 755 1
58 756 -1
168 756 1
58 757 -1
164 757 1
58 758 -1
294 758 1
58 759 -1
408 759 1
58 760 -1
385 760 1
58 761 -1
322 761 1
58 762 1
369 762 -1
58 763 1
66 763 -1
58 764 -1
207 764 1
58 765 1
166 765 -1
59 766 1
89 766 -1
59 767 1
149 767 -1
59 768 1
456 768 -1
59 769 1
238 769 -1
59 770 -1
250 770 1
59 771 -1
452 771 1
59 772 -1
298 772 1
59 773 -1
194 773 1
59 774 -1
264 774 1
60 775 -1
185 775 1
60 776 1
380 776 -1
60 777 -1
328 777 1
60 778 -1
141 778 1
60 779 -1
72 779 1
60 780 1
249 780 -1
60 781 1
101 781 -1
60 782 1
300 782 -1
60 783 1
68 783 -1
60 784 1
99 784 -1
60 785 -1
321 785 1
60 786 1
360 786 -1
60 787 -1
446 787 1
60 788 -1
261 788 1
60 789 -1
337 789 1
60 790 -1
315 790 1
60 791 -1
305 791 1
60 792 1
307 792 -1
61 793 1
365 793 -1
61 794 -1
152 794 1
61 795 1
499 795 -1
61 796 1
441 796 -1
61 797 1
459 797 -1
61 798 1
139 798 -1
61 799 -1
414 799 1
61 800 -1
168 800 1
61 801 -1
243 801 1
61 802 -1
166 802 1
61 803 -1
132 803 1
62 804 1
189 804 -1
62 805 1
222 805 -1
62 806 -1
479 806 1
62 807 1
68 807 -1
62 808 1
261 808 -1
62 809 1
301 809 -1
62 810 -1
271 810 1
62 811 1
453 811 -1
62 812 1
77 812 -1
62 813 -1
257 813 1
62 814 -1
217 814 1
62 815 -1
142 815 1
62 816 -1
446 816 1
62 817 -1
344 817 1
63 818 1
63 819 -1
423 819 1
63 820 1
428 820 -1
63 821 1
236 821 -1
63 822 1
79 822 -1
63 823 -1
157 823 1
63 824 1
69 824 -1
63 825 -1
474 825 1
63 826 -1
447 826 1
63 827 1
489 827 -1
63 828 1
426 828 -1
64 829 1
370 829 -1
64 830 -1
169 830 1
64 831 1
388 831 -1
64 832 1
182 832 -1
64 833 1
304 833 -1
64 834 1
373 834 -1
64 835 1
331 835 -1
64 836 1
280 836 -1
64 837 1
115 837 -1
65 838 1
65 839 -1
303 839 1
65 840 -1
372 840 1
65 841 -1
227 841 1
65 842 -1
282 842 1
65 843 1
411 843 -1
65 844 -1
273 844 1
65 845 -1
267 845 1
65 846 1
355 846 -1
66 847 1
66 848 -1
207 848 1
66 849 -1
81 849 1
66 850 1
164 850 -1
66 851 -1
279 851 1
66 852 -1
385 852 1
66 853 -1
408 853 1
66 854 -1
429 854 1
66 855 -1
442 855 1
67 856 -1
260 856 1
67 857 -1
175 857 1
67 858 -1
473 858 1
67 859 -1
293 859 1
67 860 -1
78 860 1
67 861 -1
179 861 1
67 862 1
451 862 -1
67 863 -1
444 863 1
67 864 -1
405 864 1
67 865 1
389 865 -1
67 866 -1
148 866 1
67 867 -1
311 867 1
67 868 -1
332 868 1
67 869 1
314 869 -1
67 870 1
292 870 -1
67 871 1
192 871 -1
67 872 1
153 872 -1
68 873 1
141 873 -1
68 874 -1
261 874 1
68 875 -1
222 875 1
68 876 1
380 876 -1
68 877 -1
99 877 1
68 878 -1
257 878 1
68 879 -1
328 879 1
68 880 -1
301 880 1
68 881 1
446 881 -1
68 882 -1
142 882 1
68 883 -1
72 883 1
68 884 -1
83 884 1
68 885 -1
217 885 1
69 886 1
69 887 1
69 888 1
423 888 -1
69 889 1
488 889 -1
69 890 1
275 890 -1
69 891 1
90 891 -1
69 892 -1
474 892 1
69 893 -1
489 893 1
69 894 1
111 894 -1
69 895 -1
159 895 1
69 896 -1
127 896 1
69 897 -1
422 897 1
69 898 -1
263 898 1
70 899 1
70 900 -1
223 900 1
70 901 -1
495 901 1
70 902 -1
315 902 1
70 903 -1
204 903 1
70 904 -1
397 904 1
70 905 1
354 905 -1
70 906 1
494 906 -1
71 907 -1
377 907 1
71 908 1
218 908 -1
71 909 1
262 909 -1
71 910 1
134 910 -1
71 911 1
286 911 -1
71 912 -1
324 912 1
71 913 -1
400 913 1
71 914 -1
240 914 1
71 915 -1
146 915 1
71 916 -1
198 916 1
71 917 1
291 917 -1
71 918 -1
182 918 1
71 919 1
105 919 -1
72 920 -1
270 920 1
72 921 1
185 921 -1
72 922 -1
328 922 1
72 923 1
142 923 -1
72 924 1
281 924 -1
72 925 1
73 925 -1
72 926 1
459 926 -1
72 927 1
380 927 -1
72 928 1
101 928 -1
72 929 1
285 929 -1
72 930 1
482 930 -1
72 931 1
300 931 -1
73 932 -1
84 932 1
73 933 1
270 933 -1
73 934 -1
142 934 1
73 935 -1
281 935 1
73 936 -1
285 936 1
73 937 -1
431 937 1
73 938 -1
375 938 1
73 939 -1
499 939 1
73 940 1
459 940 -1
73 941 -1
328 941 1
73 942 -1
382 942 1
73 943 -1
318 943 1
73 944 -1
132 944 1
73 945 -1
383 945 1
73 946 -1
168 946 1
74 947 1
74 948 1
74 949 1
74 950 -1
190 950 1
74 951 -1
299 951 1
74 952 1
278 952 -1
75 953 1
75 954 1
75 955 1
267 955 -1
75 956 -1
443 956 1
75 957 -1
374 957 1
75 958 -1
137 958 1
75 959 -1
484 959 1
75 960 1
116 960 -1
76 961 1
76 962 1
76 963 1
76 964 -1
455 964 1
76 965 -1
486 965 1
76 966 -1
378 966 1
76 967 -1
147 967 1
77 968 1
200 968 -1
77 969 1
402 969 -1
77 970 -1
271 970 1
77 971 -1
453 971 1
77 972 -1
479 972 1
77 973 -1
217 973 1
77 974 -1
398 974 1
77 975 -1
119 975 1
77 976 1
317 976 -1
77 977 1
421 977 -1
77 978 1
261 978 -1
77 979 -1
202 979 1
77 980 -1
89 980 1
77 981 1
288 981 -1
78 982 1
251 982 -1
78 983 1
473 983 -1
78 984 1
209 984 -1
78 985 1
379 985 -1
78 986 -1
191 986 1
78 987 -1
467 987 1
78 988 -1
437 988 1
78 989 -1
248 989 1
78 990 -1
203 990 1
78 991 -1
389 991 1
78 992 1
293 992 -1
78 993 -1
444 993 1
78 994 -1
405 994 1
78 995 -1
477 995 1
78 996 -1
254 996 1
78 997 -1
179 997 1
78 998 -1
440 998 1
78 999 -1
292 999 1
79 1000 1
79 1001 -1
121 1001 1
79 1002 -1
345 1002 1
79 1003 -1
236 1003 1
79 1004 1
167 1004 -1
79 1005 -1
428 1005 1
79 1006 1
230 1006 -1
79 1007 1
245 1007 -1
79 1008 -1
157 1008 1
79 1009 1
161 1009 -1
79 1010 1
447 1010 -1
79 1011 -1
469 1011 1
79 1012 1
497 1012 -1
79 1013 -1
124 1013 1
80 1014 1
80 1015 1
417 1015 -1
80 1016 -1
378 1016 1
80 1017 -1
147 1017 1
80 1018 -1
486 1018 1
80 1019 -1
386 1019 1
80 1020 -1
109 1020 1
80 1021 -1
246 1021 1
80 1022 -1
314 1022 1
81 1023 1
81 1024 -1
207 1024 1
81 1025 1
212 1025 -1
81 1026 1
220 1026 -1
81 1027 1
113 1027 -1
82 1028 1
82 1029 1
82 1030 -1
367 1030 1
82 1031 1
346 1031 -1
82 1032 -1
371 1032 1
82 1033 -1
348 1033 1
82 1034 -1
420 1034 1
82 1035 -1
213 1035 1
83 1036 1
83 1037 -1
99 1037 1
83 1038 -1
120 1038 1
83 1039 -1
494 1039 1
83 1040 -1
321 1040 1
83 1041 -1
174 1041 1
83 1042 -1
380 1042 1
83 1043 -1
141 1043 1
83 1044 -1
300 1044 1
83 1045 -1
257 1045 1
83 1046 1
465 1046 -1
83 1047 -1
102 1047 1
83 1048 -1
301 1048 1
83 1049 -1
218 1049 1
83 1050 1
424 1050 -1
83 1051 -1
170 1051 1
83 1052 -1
464 1052 1
84 1053 -1
142 1053 1
84 1054 1
431 1054 -1
84 1055 1
285 1055 -1
84 1056 -1
375 1056 1
84 1057 1
462 1057 -1
84 1058 1
225 1058 -1
84 1059 1
383 1059 -1
85 1060 1
446 1060 -1
85 1061 -1
285 1061 1
85 1062 -1
217 1062 1
85 1063 -1
328 1063 1
85 1064 -1
462 1064 1
85 1065 -1
258 1065 1
85 1066 1
261 1066 -1
85 1067 -1
414 1067 1
85 1068 -1
108 1068 1
85 1069 -1
499 1069 1
85 1070 -1
307 1070 1
85 1071 -1
337 1071 1
85 1072 -1
425 1072 1
85 1073 -1
485 1073 1
86 1074 1
86 1075 -1
265 1075 1
86 1076 -1
435 1076 1
86 1077 1
187 1077 -1
86 1078 -1
105 1078 1
86 1079 -1
122 1079 1
86 1080 1
138 1080 -1
86 1081 -1
369 1081 1
86 1082 -1
418 1082 1
87 1083 -1
382 1083 1
87 1084 1
281 1084 -1
87 1085 1
256 1085 -1
87 1086 1
324 1086 -1
87 1087 -1
318 1087 1
87 1088 -1
182 1088 1
87 1089 -1
123 1089 1
87 1090 -1
465 1090 1
87 1091 -1
178 1091 1
87 1092 -1
380 1092 1
87 1093 -1
331 1093 1
88 1094 1
396 1094 -1
88 1095 1
467 1095 -1
88 1096 -1
255 1096 1
88 1097 -1
203 1097 1
88 1098 -1
448 1098 1
88 1099 1
248 1099 -1
88 1100 1
131 1100 -1
88 1101 1
413 1101 -1
88 1102 1
150 1102 -1
88 1103 1
461 1103 -1
88 1104 1
399 1104 -1
89 1105 1
149 1105 -1
89 1106 1
238 1106 -1
89 1107 1
202 1107 -1
89 1108 1
250 1108 -1
89 1109 -1
456 1109 1
89 1110 1
298 1110 -1
89 1111 -1
271 1111 1
89 1112 1
449 1112 -1
89 1113 1
398 1113 -1
89 1114 1
264 1114 -1
89 1115 -1
402 1115 1
89 1116 -1
317 1116 1
89 1117 -1
453 1117 1
89 1118 1
478 1118 -1
89 1119 1
119 1119 -1
89 1120 1
344 1120 -1
90 1121 1
90 1122 -1
488 1122 1
90 1123 -1
474 1123 1
90 1124 -1
210 1124 1
90 1125 -1
346 1125 1
90 1126 -1
371 1126 1
90 1127 -1
489 1127 1
90 1128 -1
338 1128 1
91 1129 1
91 1130 1
91 1131 -1
353 1131 1
91 1132 1
487 1132 -1
91 1133 -1
385 1133 1
91 1134 -1
295 1134 1
91 1135 -1
457 1135 1
91 1136 -1
277 1136 1
92 1137 1
92 1138 -1
138 1138 1
92 1139 -1
197 1139 1
92 1140 -1
136 1140 1
92 1141 -1
418 1141 1
92 1142 -1
337 1142 1
92 1143 -1
466 1143 1
92 1144 -1
229 1144 1
92 1145 1
152 1145 -1
92 1146 1
414 1146 -1
92 1147 -1
187 1147 1
92 1148 1
252 1148 -1
93 1149 1
93 1150 -1
443 1150 1
93 1151 1
461 1151 -1
93 1152 -1
374 1152 1
93 1153 -1
267 1153 1
93 1154 -1
364 1154 1
93 1155 -1
137 1155 1
93 1156 -1
413 1156 1
93 1157 -1
227 1157 1
93 1158 -1
303 1158 1
94 1159 1
94 1160 1
94 1161 -1
140 1161 1
94 1162 1
284 1162 -1
94 1163 1
343 1163 -1
94 1164 -1
176 1164 1
94 1165 1
392 1165 -1
94 1166 1
235 1166 -1
95 1167 1
95 1168 1
149 1168 -1
95 1169 1
144 1169 -1
95 1170 1
264 1170 -1
95 1171 -1
449 1171 1
95 1172 -1
452 1172 1
95 1173 -1
194 1173 1
95 1174 -1
395 1174 1
95 1175 -1
226 1175 1
96 1176 -1
160 1176 1
96 1177 -1
476 1177 1
96 1178 1
148 1178 -1
96 1179 -1
186 1179 1
96 1180 1
259 1180 -1
96 1181 1
109 1181 -1
96 1182 1
393 1182 -1
96 1183 1
171 1183 -1
96 1184 1
341 1184 -1
96 1185 -1
383 1185 1
96 1186 1
276 1186 -1
96 1187 1
242 1187 -1
96 1188 -1
440 1188 1
96 1189 1
462 1189 -1
96 1190 1
312 1190 -1
96 1191 -1
406 1191 1
97 1192 -1
233 1192 1
97 1193 -1
290 1193 1
97 1194 1
359 1194 -1
97 1195 1
491 1195 -1
97 1196 1
447 1196 -1
97 1197 -1
433 1197 1
97 1198 1
450 1198 -1
98 1199 1
98 1200 -1
239 1200 1
98 1201 -1
216 1201 1
98 1202 -1
234 1202 1
98 1203 -1
373 1203 1
99 1204 1
321 1204 -1
99 1205 1
141 1205 -1
99 1206 1
494 1206 -1
99 1207 -1
380 1207 1
99 1208 -1
300 1208 1
99 1209 1
315 1209 -1
99 1210 -1
305 1210 1
100 1211 1
100 1212 -1
484 1212 1
100 1213 -1
413 1213 1
100 1214 -1
150 1214 1
100 1215 -1
443 1215 1
100 1216 1
477 1216 -1
100 1217 -1
137 1217 1
100 1218 -1
254 1218 1
100 1219 1
116 1219 -1
101 1220 1
249 1220 -1
101 1221 -1
185 1221 1
101 1222 -1
360 1222 1
101 1223 -1
482 1223 1
101 1224 -1
459 1224 1
101 1225 -1
300 1225 1
101 1226 -1
418 1226 1
101 1227 -1
270 1227 1
101 1228 -1
105 1228 1
101 1229 -1
380 1229 1
102 1230 -1
257 1230 1
102 1231 -1
465 1231 1
102 1232 -1
433 1232 1
102 1233 1
359 1233 -1
102 1234 -1
189 1234 1
102 1235 -1
491 1235 1
102 1236 -1
301 1236 1
102 1237 -1
201 1237 1
102 1238 -1
174 1238 1
102 1239 1
120 1239 -1
102 1240 1
170 1240 -1
102 1241 1
388 1241 -1
102 1242 1
352 1242 -1
102 1243 1
213 1243 -1
103 1244 -1
376 1244 1
103 1245 -1
324 1245 1
103 1246 1
132 1246 -1
103 1247 -1
134 1247 1
103 1248 -1
498 1248 1
103 1249 -1
432 1249 1
103 1250 -1
168 1250 1
103 1251 1
318 1251 -1
103 1252 -1
310 1252 1
103 1253 1
146 1253 -1
103 1254 1
294 1254 -1
104 1255 1
104 1256 -1
129 1256 1
104 1257 -1
312 1257 1
104 1258 -1
357 1258 1
104 1259 -1
274 1259 1
104 1260 1
108 1260 -1
104 1261 -1
126 1261 1
104 1262 1
244 1262 -1
104 1263 1
272 1263 -1
104 1264 -1
283 1264 1
104 1265 1
266 1265 -1
104 1266 1
163 1266 -1
104 1267 -1
205 1267 1
105 1268 -1
187 1268 1
105 1269 -1
152 1269 1
105 1270 1
265 1270 -1
105 1271 -1
482 1271 1
105 1272 1
365 1272 -1
105 1273 1
435 1273 -1
105 1274 1
132 1274 -1
105 1275 1
459 1275 -1
105 1276 1
122 1276 -1
105 1277 1
134 1277 -1
105 1278 -1
418 1278 1
105 1279 1
360 1279 -1
106 1280 1
106 1281 -1
368 1281 1
106 1282 1
496 1282 -1
106 1283 1
339 1283 -1
106 1284 1
401 1284 -1
106 1285 -1
230 1285 1
106 1286 1
427 1286 -1
106 1287 1
156 1287 -1
106 1288 1
121 1288 -1
106 1289 1
345 1289 -1
106 1290 1
405 1290 -1
107 1291 1
107 1292 1
107 1293 -1
469 1293 1
107 1294 -1
215 1294 1
107 1295 -1
125 1295 1
107 1296 -1
412 1296 1
107 1297 -1
124 1297 1
107 1298 -1
247 1298 1
107 1299 1
333 1299 -1
107 1300 1
401 1300 -1
107 1301 -1
221 1301 1
107 1302 -1
231 1302 1
108 1303 -1
302 1303 1
108 1304 -1
243 1304 1
108 1305 -1
414 1305 1
108 1306 -1
244 1306 1
108 1307 -1
274 1307 1
108 1308 -1
312 1308 1
108 1309 -1
499 1309 1
108 1310 1
283 1310 -1
108 1311 -1
383 1311 1
108 1312 1
205 1312 -1
108 1313 1
425 1313 -1
109 1314 -1
314 1314 1
109 1315 -1
148 1315 1
109 1316 -1
160 1316 1
109 1317 1
128 1317 -1
109 1318 -1
259 1318 1
109 1319 1
440 1319 -1
109 1320 -1
292 1320 1
109 1321 -1
323 1321 1
109 1322 -1
476 1322 1
109 1323 -1
386 1323 1
109 1324 -1
486 1324 1
109 1325 -1
186 1325 1
110 1326 1
110 1327 -1
347 1327 1
110 1328 -1
136 1328 1
110 1329 -1
229 1329 1
110 1330 -1
409 1330 1
110 1331 -1
205 1331 1
110 1332 1
283 1332 -1
110 1333 -1
466 1333 1
110 1334 -1
414 1334 1
111 1335 1
111 1336 1
111 1337 -1
329 1337 1
111 1338 -1
159 1338 1
111 1339 -1
127 1339 1
111 1340 -1
157 1340 1
111 1341 -1
237 1341 1
111 1342 -1
275 1342 1
111 1343 1
423 1343 -1
112 1344 1
112 1345 -1
306 1345 1
112 1346 -1
269 1346 1
112 1347 -1
130 1347 1
112 1348 1
240 1348 -1
112 1349 -1
262 1349 1
112 1350 1
190 1350 -1
112 1351 -1
464 1351 1
112 1352 -1
299 1352 1
112 1353 -1
287 1353 1
113 1354 1
113 1355 1
415 1355 -1
113 1356 1
416 1356 -1
113 1357 1
220 1357 -1
113 1358 -1
135 1358 1
113 1359 -1
266 1359 1
113 1360 1
207 1360 -1
113 1361 -1
184 1361 1
113 1362 1
212 1362 -1
113 1363 1
458 1363 -1
113 1364 -1
406 1364 1
113 1365 -1
442 1365 1
114 1366 1
114 1367 1
434 1367 -1
114 1368 1
167 1368 -1
114 1369 -1
226 1369 1
114 1370 -1
144 1370 1
114 1371 -1
236 1371 1
114 1372 1
497 1372 -1
114 1373 1
250 1373 -1
114 1374 -1
403 1374 1
114 1375 1
427 1375 -1
114 1376 -1
311 1376 1
114 1377 -1
449 1377 1
114 1378 1
447 1378 -1
114 1379 1
491 1379 -1
115 1380 1
115 1381 -1
280 1381 1
115 1382 -1
169 1382 1
115 1383 -1
336 1383 1
115 1384 -1
470 1384 1
115 1385 -1
143 1385 1
115 1386 -1
388 1386 1
115 1387 1
373 1387 -1
115 1388 1
291 1388 -1
116 1389 1
116 1390 -1
480 1390 1
116 1391 -1
366 1391 1
116 1392 -1
313 1392 1
116 1393 -1
137 1393 1
116 1394 -1
150 1394 1
116 1395 -1
374 1395 1
116 1396 1
297 1396 -1
116 1397 1
443 1397 -1
116 1398 -1
484 1398 1
116 1399 1
493 1399 -1
116 1400 1
490 1400 -1
117 1401 1
117 1402 1
117 1403 1
278 1403 -1
117 1404 1
356 1404 -1
117 1405 1
381 1405 -1
117 1406 1
420 1406 -1
117 1407 -1
143 1407 1
118 1408 1
118 1409 1
208 1409 -1
118 1410 -1
268 1410 1
118 1411 -1
176 1411 1
118 1412 -1
419 1412 1
118 1413 -1
392 1413 1
118 1414 -1
284 1414 1
118 1415 1
411 1415 -1
118 1416 1
282 1416 -1
118 1417 -1
487 1417 1
118 1418 1
273 1418 -1
119 1419 1
453 1419 -1
119 1420 1
485 1420 -1
119 1421 -1
261 1421 1
119 1422 1
438 1422 -1
119 1423 1
155 1423 -1
119 1424 1
344 1424 -1
119 1425 1
200 1425 -1
119 1426 1
223 1426 -1
119 1427 1
478 1427 -1
119 1428 1
154 1428 -1
119 1429 -1
317 1429 1
119 1430 1
315 1430 -1
119 1431 -1
397 1431 1
119 1432 1
195 1432 -1
119 1433 -1
217 1433 1
119 1434 -1
288 1434 1
120 1435 1
120 1436 -1
174 1436 1
120 1437 -1
494 1437 1
120 1438 -1
201 1438 1
120 1439 -1
465 1439 1
120 1440 1
170 1440 -1
120 1441 -1
404 1441 1
121 1442 1
121 1443 -1
345 1443 1
121 1444 -1
167 1444 1
121 1445 -1
236 1445 1
121 1446 -1
368 1446 1
121 1447 -1
496 1447 1
121 1448 1
230 1448 -1
121 1449 -1
469 1449 1
122 1450 1
122 1451 -1
265 1451 1
122 1452 1
134 1452 -1
122 1453 -1
435 1453 1
122 1454 -1
224 1454 1
122 1455 1
369 1455 -1
122 1456 -1
295 1456 1
122 1457 -1
457 1457 1
123 1458 -1
318 1458 1
123 1459 1
498 1459 -1
123 1460 1
490 1460 -1
123 1461 -1
382 1461 1
123 1462 -1
331 1462 1
123 1463 -1
384 1463 1
123 1464 -1
178 1464 1
123 1465 -1
324 1465 1
123 1466 -1
182 1466 1
124 1467 1
124 1468 1
124 1469 -1
125 1469 1
124 1470 -1
469 1470 1
124 1471 -1
333 1471 1
124 1472 1
215 1472 -1
124 1473 1
237 1473 -1
124 1474 1
412 1474 -1
124 1475 1
157 1475 -1
124 1476 1
345 1476 -1
125 1477 1
125 1478 1
125 1479 -1
215 1479 1
125 1480 -1
469 1480 1
125 1481 1
412 1481 -1
126 1482 1
126 1483 -1
458 1483 1
126 1484 1
274 1484 -1
126 1485 -1
272 1485 1
126 1486 -1
309 1486 1
126 1487 -1
266 1487 1
126 1488 -1
135 1488 1
126 1489 1
244 1489 -1
126 1490 -1
407 1490 1
126 1491 -1
163 1491 1
126 1492 1
312 1492 -1
127 1493 1
127 1494 1
127 1495 1
127 1496 -1
159 1496 1
127 1497 -1
348 1497 1
127 1498 -1
346 1498 1
127 1499 -1
488 1499 1
128 1500 1
128 1501 1
259 1501 -1
128 1502 -1
180 1502 1
128 1503 -1
314 1503 1
128 1504 -1
475 1504 1
128 1505 -1
460 1505 1
128 1506 -1
472 1506 1
128 1507 -1
335 1507 1
128 1508 -1
246 1508 1
128 1509 -1
160 1509 1
128 1510 -1
133 1510 1
128 1511 1
455 1511 -1
129 1512 1
129 1513 1
357 1513 -1
129 1514 -1
312 1514 1
129 1515 -1
468 1515 1
129 1516 -1
341 1516 1
129 1517 -1
258 1517 1
129 1518 -1
425 1518 1
130 1519 1
130 1520 -1
198 1520 1
130 1521 -1
269 1521 1
130 1522 -1
240 1522 1
130 1523 1
316 1523 -1
130 1524 1
400 1524 -1
130 1525 -1
235 1525 1
131 1526 1
248 1526 -1
131 1527 1
467 1527 -1
131 1528 -1
251 1528 1
131 1529 1
294 1529 -1
131 1530 1
255 1530 -1
131 1531 1
242 1531 -1
131 1532 -1
340 1532 1
131 1533 -1
276 1533 1
131 1534 -1
225 1534 1
131 1535 -1
375 1535 1
131 1536 -1
444 1536 1
131 1537 -1
318 1537 1
131 1538 1
150 1538 -1
131 1539 1
253 1539 -1
131 1540 1
461 1540 -1
131 1541 -1
445 1541 1
132 1542 1
324 1542 -1
132 1543 -1
134 1543 1
132 1544 1
376 1544 -1
132 1545 -1
281 1545 1
132 1546 -1
482 1546 1
132 1547 1
270 1547 -1
132 1548 1
459 1548 -1
132 1549 1
365 1549 -1
132 1550 1
168 1550 -1
132 1551 -1
318 1551 1
132 1552 1
499 1552 -1
133 1553 1
133 1554 -1
363 1554 1
133 1555 1
398 1555 -1
133 1556 -1
317 1556 1
133 1557 -1
298 1557 1
133 1558 -1
472 1558 1
133 1559 -1
335 1559 1
134 1560 -1
324 1560 1
134 1561 -1
376 1561 1
134 1562 -1
146 1562 1
134 1563 -1
482 1563 1
134 1564 1
310 1564 -1
134 1565 1
198 1565 -1
135 1566 1
135 1567 -1
407 1567 1
135 1568 -1
416 1568 1
135 1569 -1
415 1569 1
135 1570 -1
458 1570 1
135 1571 -1
266 1571 1
135 1572 -1
184 1572 1
136 1573 1
136 1574 1
136 1575 -1
347 1575 1
136 1576 -1
229 1576 1
136 1577 1
466 1577 -1
136 1578 -1
409 1578 1
136 1579 -1
138 1579 1
136 1580 -1
337 1580 1
136 1581 -1
414 1581 1
137 1582 1
137 1583 1
374 1583 -1
137 1584 -1
443 1584 1
137 1585 -1
150 1585 1
137 1586 1
413 1586 -1
137 1587 -1
461 1587 1
137 1588 -1
297 1588 1
137 1589 1
484 1589 -1
137 1590 -1
490 1590 1
138 1591 1
138 1592 -1
197 1592 1
138 1593 -1
418 1593 1
138 1594 1
435 1594 -1
138 1595 -1
187 1595 1
139 1596 1
139 1597 -1
166 1597 1
139 1598 -1
441 1598 1
139 1599 -1
369 1599 1
139 1600 -1
435 1600 1
139 1601 -1
365 1601 1
139 1602 1
243 1602 -1
139 1603 1
168 1603 -1
139 1604 1
414 1604 -1
140 1605 1
140 1606 1
140 1607 -1
158 1607 1
140 1608 -1
176 1608 1
140 1609 -1
284 1609 1
140 1610 1
145 1610 -1
140 1611 -1
343 1611 1
140 1612 1
358 1612 -1
141 1613 -1
261 1613 1
141 1614 1
380 1614 -1
141 1615 -1
315 1615 1
141 1616 1
446 1616 -1
141 1617 1
301 1617 -1
141 1618 1
223 1618 -1
141 1619 1
174 1619 -1
141 1620 1
307 1620 -1
141 1621 1
337 1621 -1
142 1622 1
285 1622 -1
142 1623 -1
436 1623 1
142 1624 -1
431 1624 1
142 1625 1
446 1625 -1
142 1626 -1
328 1626 1
142 1627 -1
222 1627 1
142 1628 -1
462 1628 1
142 1629 -1
380 1629 1
142 1630 1
217 1630 -1
142 1631 1
479 1631 -1
143 1632 1
143 1633 -1
291 1633 1
143 1634 -1
286 1634 1
143 1635 -1
170 1635 1
143 1636 1
388 1636 -1
143 1637 1
381 1637 -1
143 1638 1
213 1638 -1
143 1639 1
492 1639 -1
143 1640 1
420 1640 -1
143 1641 1
182 1641 -1
143 1642 1
373 1642 -1
143 1643 1
404 1643 -1
143 1644 -1
352 1644 1
143 1645 1
218 1645 -1
144 1646 1
144 1647 1
449 1647 -1
144 1648 1
250 1648 -1
144 1649 -1
202 1649 1
144 1650 -1
149 1650 1
144 1651 -1
264 1651 1
144 1652 -1
434 1652 1
144 1653 1
226 1653 -1
144 1654 -1
395 1654 1
144 1655 -1
238 1655 1
144 1656 1
452 1656 -1
145 1657 -1
411 1657 1
145 1658 -1
349 1658 1
145 1659 -1
158 1659 1
145 1660 1
176 1660 -1
145 1661 1
208 1661 -1
145 1662 -1
358 1662 1
145 1663 1
372 1663 -1
145 1664 1
268 1664 -1
145 1665 1
419 1665 -1
145 1666 -1
284 1666 1
145 1667 -1
343 1667 1
145 1668 1
227 1668 -1
146 1669 -1
483 1669 1
146 1670 -1
400 1670 1
146 1671 -1
182 1671 1
146 1672 -1
324 1672 1
146 1673 1
310 1673 -1
146 1674 -1
296 1674 1
146 1675 -1
498 1675 1
146 1676 1
198 1676 -1
146 1677 1
343 1677 -1
147 1678 1
147 1679 1
147 1680 1
417 1680 -1
147 1681 1
378 1681 -1
147 1682 -1
451 1682 1
147 1683 1
386 1683 -1
147 1684 -1
260 1684 1
147 1685 1
486 1685 -1
148 1686 1
160 1686 -1
148 1687 1
314 1687 -1
148 1688 -1
389 1688 1
148 1689 1
393 1689 -1
148 1690 -1
192 1690 1
148 1691 1
440 1691 -1
148 1692 -1
242 1692 1
148 1693 -1
219 1693 1
148 1694 1
444 1694 -1
149 1695 1
149 1696 -1
452 1696 1
149 1697 1
194 1697 -1
149 1698 -1
264 1698 1
149 1699 -1
330 1699 1
149 1700 -1
456 1700 1
149 1701 1
202 1701 -1
149 1702 1
449 1702 -1
149 1703 -1
250 1703 1
149 1704 -1
238 1704 1
150 1705 1
477 1705 -1
150 1706 -1
320 1706 1
150 1707 -1
413 1707 1
150 1708 1
248 1708 -1
150 1709 1
461 1709 -1
150 1710 1
490 1710 -1
151 1711 1
151 1712 1
430 1712 -1
151 1713 -1
454 1713 1
151 1714 1
489 1714 -1
151 1715 1
342 1715 -1
151 1716 1
471 1716 -1
151 1717 1
201 1717 -1
151 1718 1
474 1718 -1
151 1719 1
426 1719 -1
151 1720 1
338 1720 -1
151 1721 1
236 1721 -1
152 1722 1
187 1722 -1
152 1723 1
365 1723 -1
152 1724 1
459 1724 -1
152 1725 1
441 1725 -1
152 1726 1
418 1726 -1
152 1727 -1
414 1727 1
152 1728 -1
197 1728 1
153 1729 -1
475 1729 1
153 1730 1
314 1730 -1
153 1731 1
332 1731 -1
153 1732 1
246 1732 -1
153 1733 1
192 1733 -1
153 1734 1
378 1734 -1
154 1735 1
154 1736 1
154 1737 -1
390 1737 1
154 1738 -1
397 1738 1
154 1739 1
495 1739 -1
154 1740 -1
155 1740 1
154 1741 -1
438 1741 1
154 1742 -1
478 1742 1
155 1743 1
155 1744 1
344 1744 -1
155 1745 1
495 1745 -1
155 1746 -1
223 1746 1
155 1747 -1
397 1747 1
155 1748 -1
453 1748 1
155 1749 -1
261 1749 1
155 1750 -1
478 1750 1
156 1751 1
156 1752 -1
401 1752 1
156 1753 1
405 1753 -1
156 1754 1
496 1754 -1
156 1755 1
293 1755 -1
156 1756 -1
339 1756 1
156 1757 1
221 1757 -1
156 1758 -1
379 1758 1
156 1759 -1
165 1759 1
156 1760 -1
175 1760 1
156 1761 -1
253 1761 1
157 1762 1
157 1763 -1
428 1763 1
157 1764 -1
275 1764 1
157 1765 -1
162 1765 1
157 1766 -1
423 1766 1
157 1767 -1
237 1767 1
157 1768 1
159 1768 -1
157 1769 -1
329 1769 1
157 1770 -1
239 1770 1
157 1771 -1
333 1771 1
157 1772 -1
216 1772 1
157 1773 1
469 1773 -1
158 1774 1
158 1775 1
158 1776 1
176 1776 -1
158 1777 -1
411 1777 1
158 1778 1
282 1778 -1
158 1779 -1
358 1779 1
159 1780 1
159 1781 1
348 1781 -1
159 1782 -1
275 1782 1
159 1783 -1
162 1783 1
159 1784 -1
488 1784 1
159 1785 1
237 1785 -1
159 1786 1
239 1786 -1
160 1787 1
219 1787 -1
160 1788 1
476 1788 -1
160 1789 1
259 1789 -1
160 1790 -1
192 1790 1
160 1791 1
393 1791 -1
160 1792 1
341 1792 -1
160 1793 -1
314 1793 1
160 1794 1
242 1794 -1
160 1795 -1
460 1795 1
160 1796 1
421 1796 -1
160 1797 1
383 1797 -1
160 1798 1
276 1798 -1
161 1799 -1
245 1799 1
161 1800 -1
290 1800 1
161 1801 -1
447 1801 1
161 1802 -1
426 1802 1
161 1803 -1
196 1803 1
161 1804 -1
359 1804 1
161 1805 1
178 1805 -1
161 1806 1
183 1806 -1
161 1807 1
234 1807 -1
162 1808 -1
210 1808 1
162 1809 -1
275 1809 1
162 1810 -1
488 1810 1
162 1811 -1
348 1811 1
162 1812 -1
474 1812 1
162 1813 -1
346 1813 1
162 1814 1
371 1814 -1
162 1815 -1
367 1815 1
162 1816 -1
239 1816 1
162 1817 1
234 1817 -1
162 1818 1
196 1818 -1
162 1819 1
237 1819 -1
163 1820 1
163 1821 1
171 1821 -1
163 1822 1
186 1822 -1
163 1823 1
308 1823 -1
163 1824 -1
407 1824 1
163 1825 -1
312 1825 1
163 1826 -1
177 1826 1
163 1827 -1
476 1827 1
163 1828 -1
266 1828 1
163 1829 -1
357 1829 1
164 1830 1
164 1831 -1
279 1831 1
164 1832 1
408 1832 -1
164 1833 1
385 1833 -1
164 1834 -1
399 1834 1
164 1835 1
429 1835 -1
164 1836 1
277 1836 -1
164 1837 1
294 1837 -1
164 1838 -1
255 1838 1
164 1839 -1
448 1839 1
165 1840 -1
379 1840 1
165 1841 1
181 1841 -1
165 1842 -1
173 1842 1
165 1843 -1
293 1843 1
165 1844 -1
320 1844 1
165 1845 -1
437 1845 1
165 1846 -1
228 1846 1
165 1847 1
221 1847 -1
166 1848 1
166 1849 1
369 1849 -1
166 1850 -1
322 1850 1
166 1851 -1
457 1851 1
166 1852 -1
243 1852 1
166 1853 1
168 1853 -1
166 1854 1
499 1854 -1
166 1855 1
289 1855 -1
166 1856 -1
481 1856 1
167 1857 1
167 1858 -1
236 1858 1
167 1859 -1
427 1859 1
167 1860 -1
434 1860 1
167 1861 -1
230 1861 1
167 1862 -1
368 1862 1
167 1863 -1
497 1863 1
168 1864 -1
277 1864 1
168 1865 1
376 1865 -1
168 1866 1
369 1866 -1
168 1867 -1
289 1867 1
168 1868 -1
365 1868 1
168 1869 -1
499 1869 1
168 1870 1
294 1870 -1
168 1871 -1
432 1871 1
168 1872 -1
295 1872 1
168 1873 -1
375 1873 1
168 1874 -1
318 1874 1
169 1875 1
169 1876 -1
483 1876 1
169 1877 -1
280 1877 1
169 1878 1
388 1878 -1
169 1879 -1
304 1879 1
169 1880 -1
182 1880 1
169 1881 -1
470 1881 1
169 1882 1
336 1882 -1
169 1883 -1
296 1883 1
169 1884 1
206 1884 -1
170 1885 1
170 1886 -1
286 1886 1
170 1887 -1
492 1887 1
170 1888 -1
218 1888 1
170 1889 -1
404 1889 1
170 1890 1
464 1890 -1
170 1891 -1
213 1891 1
170 1892 -1
410 1892 1
170 1893 -1
420 1893 1
170 1894 -1
388 1894 1
170 1895 1
465 1895 -1
170 1896 1
201 1896 -1
170 1897 1
352 1897 -1
171 1898 -1
186 1898 1
171 1899 1
266 1899 -1
171 1900 1
312 1900 -1
171 1901 -1
476 1901 1
171 1902 -1
184 1902 1
171 1903 -1
244 1903 1
171 1904 -1
407 1904 1
171 1905 -1
308 1905 1
171 1906 -1
406 1906 1
172 1907 1
172 1908 -1
326 1908 1
172 1909 -1
238 1909 1
172 1910 -1
439 1910 1
172 1911 -1
456 1911 1
172 1912 1
350 1912 -1
172 1913 1
471 1913 -1
172 1914 -1
391 1914 1
172 1915 1
454 1915 -1
172 1916 1
342 1916 -1
172 1917 1
226 1917 -1
172 1918 1
452 1918 -1
173 1919 1
173 1920 1
181 1920 -1
173 1921 -1
320 1921 1
173 1922 1
231 1922 -1
173 1923 -1
221 1923 1
173 1924 1
379 1924 -1
173 1925 -1
480 1925 1
174 1926 1
174 1927 1
301 1927 -1
174 1928 -1
201 1928 1
174 1929 -1
350 1929 1
174 1930 -1
257 1930 1
175 1931 1
175 1932 -1
339 1932 1
175 1933 -1
293 1933 1
175 1934 -1
211 1934 1
175 1935 -1
179 1935 1
175 1936 1
405 1936 -1
175 1937 1
260 1937 -1
175 1938 -1
311 1938 1
176 1939 1
176 1940 1
411 1940 -1
176 1941 1
208 1941 -1
176 1942 1
284 1942 -1
176 1943 -1
282 1943 1
176 1944 1
392 1944 -1
177 1945 1
177 1946 -1
214 1946 1
177 1947 -1
476 1947 1
177 1948 -1
460 1948 1
177 1949 1
259 1949 -1
177 1950 1
357 1950 -1
177 1951 1
312 1951 -1
178 1952 1
359 1952 -1
178 1953 1
256 1953 -1
178 1954 -1
384 1954 1
178 1955 -1
382 1955 1
178 1956 -1
331 1956 1
178 1957 1
245 1957 -1
178 1958 1
445 1958 -1
178 1959 -1
370 1959 1
178 1960 -1
183 1960 1
178 1961 1
388 1961 -1
178 1962 -1
182 1962 1
179 1963 1
444 1963 -1
179 1964 1
405 1964 -1
179 1965 1
211 1965 -1
179 1966 -1
339 1966 1
179 1967 -1
230 1967 1
179 1968 -1
311 1968 1
179 1969 1
497 1969 -1
179 1970 -1
450 1970 1
179 1971 -1
445 1971 1
179 1972 -1
192 1972 1
179 1973 -1
332 1973 1
180 1974 1
180 1975 1
475 1975 -1
180 1976 1
335 1976 -1
180 1977 -1
395 1977 1
180 1978 -1
332 1978 1
180 1979 -1
314 1979 1
180 1980 -1
246 1980 1
180 1981 -1
421 1981 1
180 1982 -1
192 1982 1
180 1983 -1
449 1983 1
181 1984 1
181 1985 1
181 1986 1
181 1987 1
320 1987 -1
181 1988 -1
231 1988 1
181 1989 -1
221 1989 1
181 1990 1
437 1990 -1
181 1991 -1
228 1991 1
182 1992 -1
388 1992 1
182 1993 1
370 1993 -1
182 1994 1
483 1994 -1
182 1995 1
218 1995 -1
182 1996 -1
331 1996 1
182 1997 1
324 1997 -1
182 1998 1
382 1998 -1
182 1999 -1
291 1999 1
182 2000 -1
256 2000 1
182 2001 -1
400 2001 1
182 2002 -1
286 2002 1
182 2003 1
336 2003 -1
182 2004 1
498 2004 -1
182 2005 -1
359 2005 1
183 2006 -1
387 2006 1
183 2007 -1
216 2007 1
183 2008 -1
234 2008 1
183 2009 1
373 2009 -1
183 2010 -1
245 2010 1
183 2011 1
370 2011 -1
183 2012 1
333 2012 -1
183 2013 -1
331 2013 1
183 2014 1
327 2014 -1
183 2015 1
345 2015 -1
183 2016 1
304 2016 -1
183 2017 -1
196 2017 1
183 2018 1
493 2018 -1
183 2019 1
359 2019 -1
183 2020 1
319 2020 -1
184 2021 -1
442 2021 1
184 2022 -1
266 2022 1
184 2023 -1
406 2023 1
184 2024 -1
244 2024 1
184 2025 -1
207 2025 1
184 2026 -1
289 2026 1
184 2027 -1
276 2027 1
184 2028 -1
279 2028 1
184 2029 -1
415 2029 1
184 2030 1
407 2030 -1
185 2031 1
328 2031 -1
185 2032 1
459 2032 -1
185 2033 1
270 2033 -1
185 2034 -1
249 2034 1
185 2035 1
380 2035 -1
185 2036 -1
300 2036 1
185 2037 -1
360 2037 1
185 2038 -1
337 2038 1
185 2039 1
197 2039 -1
186 2040 -1
476 2040 1
186 2041 -1
308 2041 1
186 2042 1
362 2042 -1
186 2043 1
406 2043 -1
186 2044 -1
440 2044 1
186 2045 -1
323 2045 1
186 2046 -1
386 2046 1
186 2047 -1
486 2047 1
187 2048 1
435 2048 -1
187 2049 -1
441 2049 1
187 2050 1
365 2050 -1
187 2051 -1
265 2051 1
187 2052 1
418 2052 -1
188 2053 1
188 2054 1
188 2055 -1
354 2055 1
188 2056 -1
204 2056 1
188 2057 1
305 2057 -1
188 2058 -1
199 2058 1
189 2059 1
222 2059 -1
189 2060 1
479 2060 -1
189 2061 1
433 2061 -1
189 2062 1
301 2062 -1
189 2063 -1
271 2063 1
189 2064 1
257 2064 -1
189 2065 -1
491 2065 1
189 2066 1
233 2066 -1
189 2067 1
403 2067 -1
190 2068 1
190 2069 1
190 2070 -1
299 2070 1
190 2071 -1
278 2071 1
190 2072 -1
306 2072 1
190 2073 -1
269 2073 1
190 2074 -1
262 2074 1
190 2075 -1
356 2075 1
190 2076 -1
351 2076 1
191 2077 1
191 2078 -1
437 2078 1
191 2079 -1
228 2079 1
191 2080 1
254 2080 -1
191 2081 -1
209 2081 1
191 2082 -1
473 2082 1
191 2083 -1
477 2083 1
191 2084 -1
379 2084 1
192 2085 -1
219 2085 1
192 2086 -1
421 2086 1
192 2087 -1
444 2087 1
192 2088 -1
314 2088 1
192 2089 -1
475 2089 1
192 2090 1
403 2090 -1
192 2091 1
389 2091 -1
192 2092 1
242 2092 -1
192 2093 1
225 2093 -1
192 2094 1
332 2094 -1
192 2095 1
311 2095 -1
192 2096 1
450 2096 -1
192 2097 -1
497 2097 1
193 2098 1
193 2099 -1
241 2099 1
193 2100 1
468 2100 -1
193 2101 1
214 2101 -1
193 2102 -1
357 2102 1
193 2103 -1
341 2103 1
193 2104 -1
460 2104 1
193 2105 1
288 2105 -1
194 2106 1
194 2107 1
194 2108 1
194 2109 -1
330 2109 1
194 2110 -1
452 2110 1
194 2111 1
456 2111 -1
194 2112 -1
264 2112 1
194 2113 -1
363 2113 1
195 2114 1
195 2115 -1
258 2115 1
195 2116 -1
288 2116 1
195 2117 -1
425 2117 1
195 2118 -1
241 2118 1
195 2119 1
485 2119 -1
195 2120 -1
468 2120 1
195 2121 1
307 2121 -1
195 2122 1
217 2122 -1
195 2123 -1
317 2123 1
195 2124 -1
261 2124 1
195 2125 -1
200 2125 1
196 2126 1
352 2126 -1
196 2127 -1
234 2127 1
196 2128 -1
426 2128 1
196 2129 1
474 2129 -1
196 2130 1
371 2130 -1
196 2131 -1
359 2131 1
196 2132 -1
373 2132 1
196 2133 -1
338 2133 1
196 2134 -1
201 2134 1
196 2135 -1
388 2135 1
197 2136 1
197 2137 1
418 2137 -1
197 2138 1
360 2138 -1
197 2139 1
337 2139 -1
197 2140 1
466 2140 -1
197 2141 1
252 2141 -1
197 2142 1
305 2142 -1
197 2143 -1
414 2143 1
198 2144 1
198 2145 -1
224 2145 1
198 2146 1
316 2146 -1
198 2147 1
400 2147 -1
198 2148 -1
240 2148 1
198 2149 1
235 2149 -1
198 2150 -1
470 2150 1
198 2151 1
343 2151 -1
199 2152 1
199 2153 1
199 2154 1
354 2154 -1
199 2155 1
307 2155 -1
199 2156 1
361 2156 -1
199 2157 1
305 2157 -1
199 2158 1
315 2158 -1
199 2159 1
397 2159 -1
199 2160 -1
337 2160 1
199 2161 -1
252 2161 1
199 2162 1
390 2162 -1
199 2163 -1
485 2163 1
199 2164 -1
438 2164 1
200 2165 -1
402 2165 1
200 2166 1
317 2166 -1
200 2167 1
398 2167 -1
200 2168 1
472 2168 -1
200 2169 1
217 2169 -1
200 2170 1
288 2170 -1
200 2171 1
341 2171 -1
200 2172 -1
485 2172 1
201 2173 1
201 2174 -1
338 2174 1
201 2175 -1
430 2175 1
201 2176 1
426 2176 -1
201 2177 -1
301 2177 1
201 2178 -1
404 2178 1
201 2179 1
491 2179 -1
201 2180 -1
350 2180 1
201 2181 1
213 2181 -1
201 2182 1
474 2182 -1
201 2183 1
352 2183 -1
202 2184 1
250 2184 -1
202 2185 1
449 2185 -1
202 2186 -1
298 2186 1
202 2187 -1
398 2187 1
202 2188 1
271 2188 -1
202 2189 1
402 2189 -1
202 2190 1
264 2190 -1
202 2191 1
421 2191 -1
203 2192 1
203 2193 1
255 2193 -1
203 2194 -1
396 2194 1
203 2195 1
467 2195 -1
203 2196 1
448 2196 -1
203 2197 1
251 2197 -1
203 2198 1
209 2198 -1
203 2199 -1
340 2199 1
203 2200 -1
254 2200 1
203 2201 -1
429 2201 1
203 2202 -1
440 2202 1
203 2203 -1
292 2203 1
204 2204 1
204 2205 -1
354 2205 1
204 2206 1
315 2206 -1
204 2207 1
305 2207 -1
204 2208 -1
397 2208 1
204 2209 -1
494 2209 1
205 2210 1
205 2211 -1
325 2211 1
205 2212 1
347 2212 -1
205 2213 -1
283 2213 1
205 2214 1
274 2214 -1
205 2215 1
309 2215 -1
205 2216 -1
414 2216 1
206 2217 1
206 2218 1
394 2218 -1
206 2219 -1
296 2219 1
206 2220 1
349 2220 -1
206 2221 -1
297 2221 1
206 2222 -1
483 2222 1
206 2223 -1
470 2223 1
206 2224 -1
304 2224 1
207 2225 1
207 2226 1
212 2226 -1
207 2227 1
279 2227 -1
207 2228 -1
442 2228 1
207 2229 -1
322 2229 1
207 2230 -1
289 2230 1
208 2231 -1
268 2231 1
208 2232 -1
419 2232 1
208 2233 -1
284 2233 1
208 2234 1
349 2234 -1
208 2235 -1
411 2235 1
208 2236 1
392 2236 -1
209 2237 1
209 2238 -1
473 2238 1
209 2239 1
254 2239 -1
209 2240 1
451 2240 -1
209 2241 1
251 2241 -1
209 2242 1
292 2242 -1
209 2243 1
440 2243 -1
210 2244 -1
275 2244 1
210 2245 -1
488 2245 1
210 2246 1
474 2246 -1
210 2247 1
428 2247 -1
210 2248 1
423 2248 -1
210 2249 1
371 2249 -1
211 2250 1
211 2251 -1
427 2251 1
211 2252 1
339 2252 -1
211 2253 -1
311 2253 1
211 2254 1
230 2254 -1
211 2255 1
497 2255 -1
212 2256 1
212 2257 -1
322 2257 1
212 2258 -1
220 2258 1
212 2259 -1
481 2259 1
212 2260 -1
289 2260 1
213 2261 1
213 2262 1
404 2262 -1
213 2263 -1
420 2263 1
213 2264 -1
338 2264 1
213 2265 -1
352 2265 1
213 2266 -1
371 2266 1
213 2267 1
388 2267 -1
214 2268 1
214 2269 1
460 2269 -1
214 2270 -1
476 2270 1
214 2271 -1
341 2271 1
214 2272 -1
241 2272 1
214 2273 -1
357 2273 1
214 2274 1
312 2274 -1
215 2275 1
215 2276 1
215 2277 -1
469 2277 1
215 2278 -1
237 2278 1
216 2279 1
216 2280 -1
239 2280 1
216 2281 -1
234 2281 1
216 2282 -1
373 2282 1
216 2283 -1
237 2283 1
216 2284 -1
304 2284 1
217 2285 1
462 2285 -1
217 2286 1
285 2286 -1
217 2287 1
479 2287 -1
217 2288 -1
446 2288 1
217 2289 1
288 2289 -1
217 2290 -1
261 2290 1
217 2291 -1
402 2291 1
217 2292 1
341 2292 -1
217 2293 -1
421 2293 1
217 2294 -1
453 2294 1
217 2295 1
258 2295 -1
218 2296 -1
377 2296 1
218 2297 1
424 2297 -1
218 2298 -1
286 2298 1
218 2299 -1
464 2299 1
218 2300 -1
300 2300 1
218 2301 1
465 2301 -1
218 2302 1
380 2302 -1
218 2303 1
388 2303 -1
218 2304 1
291 2304 -1
219 2305 1
462 2305 -1
219 2306 1
225 2306 -1
219 2307 1
421 2307 -1
219 2308 1
242 2308 -1
219 2309 1
383 2309 -1
220 2310 1
220 2311 1
220 2312 1
220 2313 -1
481 2313 1
220 2314 -1
458 2314 1
220 2315 -1
416 2315 1
221 2316 1
221 2317 1
221 2318 -1
247 2318 1
221 2319 -1
412 2319 1
221 2320 1
401 2320 -1
221 2321 1
231 2321 -1
221 2322 1
496 2322 -1
221 2323 -1
379 2323 1
221 2324 1
387 2324 -1
221 2325 1
405 2325 -1
221 2326 -1
253 2326 1
221 2327 1
319 2327 -1
222 2328 -1
479 2328 1
222 2329 1
433 2329 -1
222 2330 1
436 2330 -1
222 2331 -1
257 2331 1
222 2332 -1
233 2332 1
222 2333 1
380 2333 -1
223 2334 -1
495 2334 1
223 2335 -1
315 2335 1
223 2336 -1
397 2336 1
223 2337 1
261 2337 -1
223 2338 1
485 2338 -1
224 2339 1
224 2340 1
235 2340 -1
224 2341 -1
392 2341 1
224 2342 1
400 2342 -1
224 2343 1
343 2343 -1
225 2344 1
375 2344 -1
225 2345 -1
431 2345 1
225 2346 -1
384 2346 1
225 2347 -1
242 2347 1
225 2348 1
444 2348 -1
225 2349 1
436 2349 -1
225 2350 -1
462 2350 1
225 2351 -1
450 2351 1
225 2352 -1
276 2352 1
225 2353 -1
403 2353 1
225 2354 1
383 2354 -1
225 2355 1
445 2355 -1
226 2356 1
226 2357 -1
263 2357 1
226 2358 1
326 2358 -1
226 2359 -1
422 2359 1
226 2360 1
454 2360 -1
226 2361 1
238 2361 -1
226 2362 1
236 2362 -1
226 2363 -1
471 2363 1
226 2364 -1
434 2364 1
226 2365 1
250 2365 -1
226 2366 -1
452 2366 1
226 2367 -1
489 2367 1
226 2368 1
491 2368 -1
226 2369 -1
447 2369 1
226 2370 -1
403 2370 1
227 2371 -1
461 2371 1
227 2372 -1
411 2372 1
227 2373 1
372 2373 -1
227 2374 -1
374 2374 1
227 2375 -1
349 2375 1
227 2376 1
303 2376 -1
227 2377 1
364 2377 -1
227 2378 -1
267 2378 1
227 2379 -1
268 2379 1
227 2380 -1
432 2380 1
227 2381 -1
310 2381 1
227 2382 -1
399 2382 1
227 2383 1
297 2383 -1
227 2384 -1
273 2384 1
227 2385 -1
277 2385 1
228 2386 1
228 2387 1
228 2388 -1
437 2388 1
228 2389 -1
473 2389 1
228 2390 -1
293 2390 1
228 2391 -1
451 2391 1
229 2392 1
229 2393 1
229 2394 -1
466 2394 1
229 2395 -1
252 2395 1
229 2396 -1
409 2396 1
230 2397 -1
427 2397 1
230 2398 1
497 2398 -1
230 2399 1
368 2399 -1
230 2400 1
450 2400 -1
230 2401 1
345 2401 -1
230 2402 1
339 2402 -1
230 2403 1
496 2403 -1
230 2404 -1
445 2404 1
230 2405 -1
405 2405 1
230 2406 1
245 2406 -1
231 2407 1
231 2408 1
231 2409 -1
412 2409 1
231 2410 -1
319 2410 1
232 2411 1
232 2412 -1
471 2412 1
232 2413 -1
342 2413 1
232 2414 -1
422 2414 1
232 2415 -1
326 2415 1
232 2416 -1
489 2416 1
233 2417 -1
491 2417 1
233 2418 -1
433 2418 1
233 2419 -1
290 2419 1
233 2420 -1
436 2420 1
233 2421 -1
447 2421 1
233 2422 -1
403 2422 1
233 2423 -1
450 2423 1
233 2424 1
479 2424 -1
234 2425 1
352 2425 -1
234 2426 -1
239 2426 1
234 2427 -1
373 2427 1
234 2428 -1
367 2428 1
234 2429 1
371 2429 -1
235 2430 1
235 2431 1
235 2432 -1
392 2432 1
235 2433 -1
284 2433 1
235 2434 1
343 2434 -1
235 2435 1
316 2435 -1
235 2436 1
400 2436 -1
235 2437 -1
296 2437 1
235 2438 1
470 2438 -1
236 2439 1
236 2440 1
447 2440 -1
236 2441 -1
497 2441 1
236 2442 1
426 2442 -1
236 2443 1
474 2443 -1
236 2444 -1
489 2444 1
236 2445 1
454 2445 -1
236 2446 1
430 2446 -1
237 2447 1
237 2448 1
237 2449 -1
329 2449 1
237 2450 -1
469 2450 1
237 2451 1
239 2451 -1
238 2452 1
271 2452 -1
238 2453 1
456 2453 -1
238 2454 1
250 2454 -1
238 2455 -1
350 2455 1
238 2456 1
439 2456 -1
238 2457 1
454 2457 -1
238 2458 -1
452 2458 1
238 2459 1
491 2459 -1
238 2460 1
344 2460 -1
238 2461 -1
403 2461 1
239 2462 1
239 2463 -1
367 2463 1
239 2464 -1
348 2464 1
240 2465 -1
306 2465 1
240 2466 -1
351 2466 1
240 2467 1
316 2467 -1
240 2468 -1
269 2468 1
240 2469 1
400 2469 -1
240 2470 1
291 2470 -1
240 2471 1
336 2471 -1
240 2472 1
262 2472 -1
240 2473 -1
356 2473 1
241 2474 1
241 2475 1
288 2475 -1
241 2476 1
468 2476 -1
241 2477 -1
341 2477 1
241 2478 1
460 2478 -1
241 2479 -1
472 2479 1
241 2480 -1
317 2480 1
242 2481 -1
393 2481 1
242 2482 1
389 2482 -1
242 2483 -1
340 2483 1
242 2484 -1
276 2484 1
242 2485 -1
251 2485 1
242 2486 -1
444 2486 1
242 2487 1
375 2487 -1
242 2488 1
383 2488 -1
242 2489 1
294 2489 -1
243 2490 1
302 2490 -1
243 2491 1
414 2491 -1
243 2492 1
272 2492 -1
243 2493 1
274 2493 -1
243 2494 1
499 2494 -1
243 2495 1
289 2495 -1
243 2496 -1
441 2496 1
243 2497 1
309 2497 -1
243 2498 1
481 2498 -1
243 2499 1
322 2499 -1
244 2500 -1
272 2500 1
244 2501 1
302 2501 -1
244 2502 1
266 2502 -1
244 2503 1
274 2503 -1
244 2504 -1
312 2504 1
244 2505 1
383 2505 -1
244 2506 1
289 2506 -1
245 2507 -1
290 2507 1
245 2508 -1
447 2508 1
245 2509 -1
345 2509 1
245 2510 1
450 2510 -1
245 2511 -1
497 2511 1
245 2512 1
445 2512 -1
246 2513 1
246 2514 1
246 2515 -1
455 2515 1
246 2516 -1
378 2516 1
246 2517 -1
475 2517 1
246 2518 1
332 2518 -1
246 2519 1
314 2519 -1
246 2520 -1
395 2520 1
246 2521 -1
335 2521 1
247 2522 -1
412 2522 1
247 2523 1
333 2523 -1
247 2524 -1
387 2524 1
247 2525 -1
496 2525 1
247 2526 -1
345 2526 1
247 2527 1
401 2527 -1
247 2528 1
253 2528 -1
248 2529 -1
467 2529 1
248 2530 1
251 2530 -1
248 2531 -1
379 2531 1
248 2532 -1
444 2532 1
248 2533 1
253 2533 -1
248 2534 1
445 2534 -1
249 2535 -1
360 2535 1
249 2536 -1
300 2536 1
249 2537 1
321 2537 -1
249 2538 1
424 2538 -1
250 2539 1
449 2539 -1
250 2540 1
271 2540 -1
250 2541 1
421 2541 -1
250 2542 1
403 2542 -1
251 2543 -1
467 2543 1
251 2544 -1
389 2544 1
251 2545 -1
340 2545 1
251 2546 -1
255 2546 1
251 2547 -1
444 2547 1
251 2548 -1
440 2548 1
251 2549 -1
379 2549 1
252 2550 1
252 2551 1
252 2552 -1
466 2552 1
252 2553 -1
361 2553 1
252 2554 -1
337 2554 1
252 2555 -1
305 2555 1
253 2556 -1
445 2556 1
253 2557 -1
387 2557 1
253 2558 -1
327 2558 1
253 2559 1
405 2559 -1
253 2560 -1
379 2560 1
253 2561 1
490 2561 -1
253 2562 1
345 2562 -1
253 2563 1
496 2563 -1
253 2564 1
444 2564 -1
254 2565 1
254 2566 1
477 2566 -1
254 2567 -1
437 2567 1
254 2568 -1
396 2568 1
254 2569 1
448 2569 -1
254 2570 -1
320 2570 1
254 2571 -1
413 2571 1
255 2572 1
255 2573 1
396 2573 -1
255 2574 1
448 2574 -1
255 2575 -1
467 2575 1
255 2576 1
340 2576 -1
255 2577 1
429 2577 -1
255 2578 -1
294 2578 1
255 2579 -1
399 2579 1
255 2580 -1
276 2580 1
255 2581 1
292 2581 -1
256 2582 -1
382 2582 1
256 2583 -1
384 2583 1
256 2584 -1
431 2584 1
256 2585 -1
436 2585 1
256 2586 1
433 2586 -1
256 2587 1
359 2587 -1
256 2588 -1
465 2588 1
257 2589 1
465 2589 -1
257 2590 -1
433 2590 1
257 2591 1
380 2591 -1
257 2592 1
301 2592 -1
258 2593 1
258 2594 -1
288 2594 1
258 2595 1
425 2595 -1
258 2596 1
468 2596 -1
258 2597 1
485 2597 -1
258 2598 1
307 2598 -1
258 2599 1
261 2599 -1
259 2600 1
259 2601 1
460 2601 -1
259 2602 1
476 2602 -1
259 2603 -1
472 2603 1
259 2604 1
314 2604 -1
259 2605 -1
341 2605 1
260 2606 1
260 2607 -1
451 2607 1
260 2608 1
473 2608 -1
260 2609 -1
293 2609 1
260 2610 -1
332 2610 1
260 2611 -1
417 2611 1
260 2612 -1
311 2612 1
260 2613 -1
378 2613 1
261 2614 -1
453 2614 1
261 2615 -1
479 2615 1
261 2616 1
446 2616 -1
261 2617 1
485 2617 -1
261 2618 1
315 2618 -1
261 2619 1
344 2619 -1
261 2620 -1
307 2620 1
262 2621 -1
492 2621 1
262 2622 1
286 2622 -1
262 2623 -1
464 2623 1
262 2624 -1
306 2624 1
262 2625 -1
351 2625 1
262 2626 -1
291 2626 1
262 2627 -1
377 2627 1
262 2628 1
410 2628 -1
262 2629 1
278 2629 -1
262 2630 1
299 2630 -1
262 2631 -1
287 2631 1
263 2632 1
263 2633 1
263 2634 1
422 2634 -1
263 2635 1
326 2635 -1
263 2636 -1
452 2636 1
263 2637 -1
330 2637 1
264 2638 1
264 2639 1
264 2640 1
363 2640 -1
264 2641 -1
298 2641 1
264 2642 1
449 2642 -1
264 2643 -1
335 2643 1
264 2644 -1
395 2644 1
265 2645 1
265 2646 1
418 2646 -1
265 2647 1
424 2647 -1
266 2648 -1
272 2648 1
266 2649 1
458 2649 -1
266 2650 -1
407 2650 1
266 2651 -1
312 2651 1
266 2652 -1
415 2652 1
267 2653 1
267 2654 1
267 2655 -1
374 2655 1
267 2656 -1
443 2656 1
267 2657 -1
372 2657 1
267 2658 -1
303 2658 1
267 2659 -1
358 2659 1
268 2660 -1
419 2660 1
268 2661 1
310 2661 -1
268 2662 -1
349 2662 1
268 2663 -1
411 2663 1
268 2664 -1
376 2664 1
268 2665 -1
432 2665 1
269 2666 1
269 2667 1
269 2668 -1
316 2668 1
269 2669 1
306 2669 -1
269 2670 -1
356 2670 1
270 2671 1
281 2671 -1
270 2672 -1
459 2672 1
270 2673 1
482 2673 -1
270 2674 1
328 2674 -1
270 2675 1
499 2675 -1
271 2676 -1
479 2676 1
271 2677 -1
453 2677 1
271 2678 1
402 2678 -1
271 2679 1
350 2679 -1
271 2680 -1
301 2680 1
271 2681 -1
421 2681 1
271 2682 1
403 2682 -1
271 2683 1
491 2683 -1
271 2684 -1
344 2684 1
272 2685 1
274 2685 -1
272 2686 -1
458 2686 1
272 2687 1
309 2687 -1
272 2688 1
302 2688 -1
272 2689 1
481 2689 -1
273 2690 1
273 2691 1
273 2692 1
487 2692 -1
273 2693 1
353 2693 -1
273 2694 -1
303 2694 1
273 2695 -1
385 2695 1
273 2696 -1
408 2696 1
273 2697 1
282 2697 -1
273 2698 1
355 2698 -1
273 2699 -1
399 2699 1
273 2700 -1
411 2700 1
273 2701 -1
277 2701 1
274 2702 1
274 2703 1
309 2703 -1
274 2704 -1
458 2704 1
274 2705 -1
302 2705 1
274 2706 -1
481 2706 1
274 2707 1
283 2707 -1
275 2708 -1
488 2708 1
275 2709 -1
428 2709 1
275 2710 -1
423 2710 1
275 2711 1
348 2711 -1
276 2712 -1
340 2712 1
276 2713 1
383 2713 -1
276 2714 1
393 2714 -1
276 2715 1
289 2715 -1
276 2716 1
294 2716 -1
276 2717 1
442 2717 -1
276 2718 1
429 2718 -1
276 2719 1
279 2719 -1
276 2720 1
375 2720 -1
277 2721 -1
369 2721 1
277 2722 -1
408 2722 1
277 2723 -1
385 2723 1
277 2724 -1
294 2724 1
277 2725 -1
295 2725 1
277 2726 -1
399 2726 1
277 2727 -1
457 2727 1
277 2728 -1
432 2728 1
277 2729 1
376 2729 -1
277 2730 -1
487 2730 1
278 2731 1
278 2732 1
278 2733 -1
356 2733 1
278 2734 -1
492 2734 1
278 2735 -1
299 2735 1
278 2736 1
351 2736 -1
278 2737 -1
410 2737 1
279 2738 -1
289 2738 1
279 2739 1
408 2739 -1
279 2740 1
385 2740 -1
279 2741 -1
429 2741 1
279 2742 1
294 2742 -1
279 2743 1
442 2743 -1
280 2744 1
280 2745 1
304 2745 -1
280 2746 1
470 2746 -1
280 2747 1
336 2747 -1
280 2748 1
373 2748 -1
281 2749 -1
482 2749 1
281 2750 1
324 2750 -1
281 2751 -1
382 2751 1
281 2752 -1
318 2752 1
281 2753 1
380 2753 -1
282 2754 1
282 2755 1
282 2756 -1
355 2756 1
282 2757 -1
411 2757 1
282 2758 -1
372 2758 1
282 2759 -1
358 2759 1
282 2760 -1
487 2760 1
283 2761 1
283 2762 -1
409 2762 1
283 2763 -1
425 2763 1
283 2764 -1
414 2764 1
284 2765 -1
343 2765 1
284 2766 1
419 2766 -1
284 2767 -1
392 2767 1
285 2768 1
446 2768 -1
285 2769 1
462 2769 -1
285 2770 -1
328 2770 1
285 2771 1
499 2771 -1
285 2772 1
383 2772 -1
286 2773 1
492 2773 -1
286 2774 -1
291 2774 1
286 2775 -1
464 2775 1
286 2776 -1
377 2776 1
287 2777 1
287 2778 1
287 2779 -1
410 2779 1
287 2780 -1
334 2780 1
287 2781 -1
299 2781 1
287 2782 1
464 2782 -1
287 2783 1
424 2783 -1
287 2784 -1
377 2784 1
287 2785 1
418 2785 -1
288 2786 1
341 2786 -1
288 2787 -1
468 2787 1
288 2788 -1
472 2788 1
288 2789 -1
462 2789 1
288 2790 -1
317 2790 1
288 2791 1
485 2791 -1
289 2792 -1
383 2792 1
289 2793 1
294 2793 -1
289 2794 -1
499 2794 1
289 2795 1
302 2795 -1
289 2796 -1
442 2796 1
289 2797 1
322 2797 -1
289 2798 -1
375 2798 1
290 2799 -1
447 2799 1
290 2800 1
359 2800 -1
290 2801 -1
426 2801 1
290 2802 1
450 2802 -1
291 2803 -1
351 2803 1
291 2804 1
336 2804 -1
291 2805 -1
306 2805 1
291 2806 1
381 2806 -1
291 2807 -1
492 2807 1
291 2808 -1
400 2808 1
291 2809 -1
483 2809 1
291 2810 1
388 2810 -1
292 2811 1
292 2812 -1
323 2812 1
292 2813 1
440 2813 -1
292 2814 -1
340 2814 1
292 2815 -1
389 2815 1
292 2816 1
451 2816 -1
292 2817 -1
406 2817 1
292 2818 1
473 2818 -1
292 2819 1
442 2819 -1
292 2820 1
429 2820 -1
293 2821 1
293 2822 1
405 2822 -1
293 2823 1
379 2823 -1
293 2824 -1
473 2824 1
293 2825 1
437 2825 -1
294 2826 1
432 2826 -1
294 2827 1
375 2827 -1
294 2828 -1
318 2828 1
294 2829 -1
340 2829 1
294 2830 1
383 2830 -1
294 2831 -1
429 2831 1
294 2832 1
499 2832 -1
295 2833 1
295 2834 -1
457 2834 1
295 2835 -1
487 2835 1
295 2836 1
369 2836 -1
295 2837 1
353 2837 -1
295 2838 1
385 2838 -1
295 2839 -1
376 2839 1
296 2840 1
296 2841 -1
394 2841 1
296 2842 -1
343 2842 1
296 2843 -1
310 2843 1
296 2844 1
483 2844 -1
296 2845 1
470 2845 -1
296 2846 1
400 2846 -1
297 2847 1
297 2848 -1
366 2848 1
297 2849 -1
374 2849 1
297 2850 -1
480 2850 1
297 2851 -1
349 2851 1
298 2852 1
398 2852 -1
298 2853 -1
363 2853 1
298 2854 -1
317 2854 1
298 2855 1
449 2855 -1
298 2856 1
335 2856 -1
299 2857 1
299 2858 1
299 2859 1
410 2859 -1
299 2860 -1
492 2860 1
300 2861 1
424 2861 -1
300 2862 -1
380 2862 1
300 2863 -1
482 2863 1
300 2864 1
321 2864 -1
301 2865 -1
350 2865 1
301 2866 1
454 2866 -1
301 2867 1
430 2867 -1
301 2868 1
491 2868 -1
301 2869 1
344 2869 -1
301 2870 -1
453 2870 1
302 2871 -1
499 2871 1
302 2872 -1
481 2872 1
302 2873 -1
383 2873 1
302 2874 -1
322 2874 1
303 2875 1
303 2876 1
364 2876 -1
303 2877 -1
399 2877 1
303 2878 -1
408 2878 1
304 2879 1
304 2880 1
370 2880 -1
304 2881 -1
373 2881 1
304 2882 1
331 2882 -1
304 2883 1
493 2883 -1
304 2884 -1
319 2884 1
305 2885 1
305 2886 -1
354 2886 1
305 2887 -1
315 2887 1
305 2888 1
321 2888 -1
305 2889 -1
494 2889 1
305 2890 1
337 2890 -1
305 2891 1
307 2891 -1
305 2892 1
360 2892 -1
305 2893 -1
361 2893 1
306 2894 1
351 2894 -1
306 2895 1
356 2895 -1
307 2896 1
307 2897 -1
361 2897 1
307 2898 -1
337 2898 1
307 2899 -1
409 2899 1
307 2900 1
425 2900 -1
307 2901 -1
485 2901 1
307 2902 -1
354 2902 1
307 2903 -1
315 2903 1
307 2904 1
446 2904 -1
308 2905 1
308 2906 -1
463 2906 1
308 2907 -1
362 2907 1
308 2908 1
407 2908 -1
308 2909 1
406 2909 -1
309 2910 1
309 2911 1
309 2912 1
481 2912 -1
309 2913 -1
458 2913 1
309 2914 -1
325 2914 1
310 2915 -1
419 2915 1
310 2916 1
349 2916 -1
310 2917 1
343 2917 -1
310 2918 1
394 2918 -1
310 2919 1
498 2919 -1
310 2920 1
432 2920 -1
310 2921 1
376 2921 -1
311 2922 1
311 2923 1
427 2923 -1
311 2924 -1
332 2924 1
311 2925 -1
434 2925 1
311 2926 1
497 2926 -1
312 2927 1
357 2927 -1
312 2928 1
341 2928 -1
312 2929 -1
476 2929 1
313 2930 1
313 2931 1
366 2931 -1
313 2932 1
480 2932 -1
313 2933 1
319 2933 -1
313 2934 -1
493 2934 1
314 2935 1
475 2935 -1
314 2936 -1
421 2936 1
315 2937 -1
354 2937 1
315 2938 1
397 2938 -1
315 2939 -1
494 2939 1
315 2940 -1
321 2940 1
315 2941 1
485 2941 -1
315 2942 -1
337 2942 1
316 2943 1
316 2944 1
316 2945 -1
400 2945 1
316 2946 1
336 2946 -1
316 2947 -1
470 2947 1
316 2948 1
351 2948 -1
316 2949 1
356 2949 -1
317 2950 1
317 2951 -1
398 2951 1
317 2952 -1
402 2952 1
317 2953 -1
363 2953 1
317 2954 1
472 2954 -1
317 2955 -1
453 2955 1
317 2956 -1
478 2956 1
317 2957 1
485 2957 -1
317 2958 -1
438 2958 1
318 2959 -1
382 2959 1
318 2960 1
384 2960 -1
318 2961 -1
431 2961 1
318 2962 -1
375 2962 1
318 2963 -1
498 2963 1
318 2964 -1
324 2964 1
318 2965 -1
432 2965 1
319 2966 1
319 2967 -1
493 2967 1
319 2968 -1
327 2968 1
319 2969 -1
366 2969 1
319 2970 1
480 2970 -1
319 2971 -1
387 2971 1
319 2972 -1
412 2972 1
320 2973 1
320 2974 1
477 2974 -1
320 2975 1
379 2975 -1
320 2976 1
437 2976 -1
320 2977 1
484 2977 -1
321 2978 1
321 2979 -1
494 2979 1
321 2980 -1
360 2980 1
321 2981 1
424 2981 -1
321 2982 -1
337 2982 1
322 2983 1
369 2983 -1
322 2984 -1
481 2984 1
323 2985 1
323 2986 1
386 2986 -1
323 2987 1
440 2987 -1
323 2988 1
451 2988 -1
323 2989 1
417 2989 -1
323 2990 1
406 2990 -1
324 2991 1
482 2991 -1
324 2992 -1
498 2992 1
325 2993 1
325 2994 1
325 2995 -1
347 2995 1
326 2996 1
326 2997 -1
422 2997 1
326 2998 -1
471 2998 1
326 2999 -1
342 2999 1
326 3000 -1
454 3000 1
326 3001 -1
439 3001 1
326 3002 -1
391 3002 1
326 3003 1
452 3003 -1
326 3004 1
456 3004 -1
327 3005 1
493 3005 -1
327 3006 1
387 3006 -1
327 3007 -1
490 3007 1
327 3008 1
331 3008 -1
328 3009 -1
446 3009 1
328 3010 -1
459 3010 1
328 3011 -1
499 3011 1
328 3012 1
414 3012 -1
328 3013 1
337 3013 -1
329 3014 1
329 3015 1
330 3016 1
330 3017 1
330 3018 1
452 3018 -1
330 3019 1
456 3019 -1
331 3020 -1
370 3020 1
331 3021 1
490 3021 -1
331 3022 -1
382 3022 1
331 3023 -1
498 3023 1
331 3024 1
493 3024 -1
332 3025 1
332 3026 -1
475 3026 1
332 3027 1
395 3027 -1
332 3028 -1
378 3028 1
333 3029 1
333 3030 -1
412 3030 1
333 3031 -1
387 3031 1
333 3032 1
469 3032 -1
333 3033 1
345 3033 -1
334 3034 1
334 3035 1
334 3036 -1
424 3036 1
334 3037 -1
360 3037 1
334 3038 -1
418 3038 1
335 3039 1
335 3040 1
335 3041 -1
395 3041 1
335 3042 1
449 3042 -1
335 3043 1
363 3043 -1
335 3044 -1
398 3044 1
335 3045 1
421 3045 -1
336 3046 1
336 3047 -1
400 3047 1
336 3048 1
470 3048 -1
336 3049 1
381 3049 -1
336 3050 1
351 3050 -1
336 3051 1
483 3051 -1
336 3052 -1
356 3052 1
336 3053 -1
388 3053 1
337 3054 -1
361 3054 1
337 3055 -1
409 3055 1
337 3056 1
466 3056 -1
337 3057 -1
414 3057 1
337 3058 -1
360 3058 1
337 3059 1
425 3059 -1
337 3060 1
446 3060 -1
338 3061 1
338 3062 -1
371 3062 1
338 3063 -1
404 3063 1
338 3064 -1
474 3064 1
338 3065 -1
352 3065 1
338 3066 -1
489 3066 1
338 3067 -1
426 3067 1
339 3068 1
339 3069 -1
368 3069 1
339 3070 1
427 3070 -1
339 3071 -1
401 3071 1
339 3072 -1
405 3072 1
340 3073 -1
393 3073 1
340 3074 -1
440 3074 1
340 3075 -1
389 3075 1
340 3076 -1
429 3076 1
340 3077 -1
442 3077 1
340 3078 1
467 3078 -1
340 3079 1
406 3079 -1
341 3080 -1
468 3080 1
341 3081 1
460 3081 -1
341 3082 -1
476 3082 1
341 3083 -1
357 3083 1
341 3084 1
472 3084 -1
341 3085 1
462 3085 -1
341 3086 1
383 3086 -1
342 3087 1
342 3088 -1
471 3088 1
342 3089 -1
454 3089 1
342 3090 -1
430 3090 1
342 3091 -1
489 3091 1
342 3092 -1
350 3092 1
343 3093 1
343 3094 1
419 3094 -1
343 3095 1
394 3095 -1
343 3096 1
349 3096 -1
343 3097 1
470 3097 -1
343 3098 1
400 3098 -1
344 3099 1
344 3100 -1
453 3100 1
344 3101 1
350 3101 -1
344 3102 1
439 3102 -1
344 3103 1
391 3103 -1
344 3104 -1
456 3104 1
344 3105 -1
478 3105 1
345 3106 -1
496 3106 1
345 3107 1
387 3107 -1
345 3108 -1
469 3108 1
345 3109 1
445 3109 -1
346 3110 1
346 3111 1
346 3112 -1
348 3112 1
346 3113 -1
488 3113 1
346 3114 -1
371 3114 1
346 3115 -1
367 3115 1
347 3116 1
347 3117 1
348 3118 1
348 3119 1
488 3119 -1
348 3120 -1
367 3120 1
348 3121 -1
371 3121 1
349 3122 -1
394 3122 1
349 3123 1
419 3123 -1
349 3124 1
374 3124 -1
350 3125 1
350 3126 1
454 3126 -1
350 3127 -1
430 3127 1
350 3128 -1
439 3128 1
350 3129 -1
491 3129 1
351 3130 -1
356 3130 1
351 3131 -1
381 3131 1
351 3132 -1
492 3132 1
352 3133 -1
371 3133 1
352 3134 -1
367 3134 1
352 3135 -1
373 3135 1
352 3136 -1
388 3136 1
352 3137 -1
359 3137 1
353 3138 1
353 3139 1
353 3140 1
487 3140 -1
353 3141 1
385 3141 -1
353 3142 1
408 3142 -1
354 3143 1
354 3144 1
354 3145 -1
397 3145 1
355 3146 1
355 3147 1
355 3148 1
355 3149 -1
372 3149 1
355 3150 -1
358 3150 1
355 3151 -1
487 3151 1
356 3152 1
356 3153 -1
381 3153 1
357 3154 1
357 3155 1
468 3155 -1
357 3156 -1
476 3156 1
358 3157 1
358 3158 1
358 3159 1
372 3159 -1
358 3160 1
411 3160 -1
358 3161 -1
374 3161 1
359 3162 1
433 3162 -1
359 3163 -1
465 3163 1
359 3164 1
370 3164 -1
359 3165 -1
388 3165 1
359 3166 -1
373 3166 1
360 3167 -1
418 3167 1
360 3168 -1
424 3168 1
361 3169 1
361 3170 -1
466 3170 1
361 3171 1
409 3171 -1
361 3172 -1
425 3172 1
362 3173 1
362 3174 1
362 3175 -1
463 3175 1
362 3176 -1
406 3176 1
362 3177 -1
415 3177 1
362 3178 -1
386 3178 1
363 3179 1
363 3180 -1
398 3180 1
363 3181 -1
478 3181 1
364 3182 1
364 3183 -1
461 3183 1
364 3184 -1
399 3184 1
364 3185 1
413 3185 -1
364 3186 -1
408 3186 1
364 3187 1
448 3187 -1
365 3188 -1
441 3188 1
365 3189 1
435 3189 -1
365 3190 -1
499 3190 1
365 3191 -1
459 3191 1
365 3192 -1
369 3192 1
366 3193 1
366 3194 -1
480 3194 1
366 3195 1
493 3195 -1
367 3196 1
367 3197 -1
371 3197 1
368 3198 1
368 3199 -1
427 3199 1
368 3200 -1
496 3200 1
369 3201 1
369 3202 -1
457 3202 1
369 3203 -1
435 3203 1
369 3204 1
376 3204 -1
370 3205 -1
388 3205 1
370 3206 1
373 3206 -1
370 3207 -1
493 3207 1
371 3208 1
371 3209 1
474 3209 -1
371 3210 1
488 3210 -1
372 3211 1
372 3212 -1
411 3212 1
372 3213 1
374 3213 -1
373 3214 1
373 3215 -1
388 3215 1
374 3216 1
374 3217 -1
443 3217 1
374 3218 1
461 3218 -1
374 3219 -1
432 3219 1
374 3220 1
490 3220 -1
375 3221 -1
431 3221 1
375 3222 -1
384 3222 1
375 3223 1
462 3223 -1
375 3224 1
383 3224 -1
375 3225 -1
499 3225 1
376 3226 -1
432 3226 1
377 3227 -1
424 3227 1
377 3228 -1
464 3228 1
378 3229 1
378 3230 1
417 3230 -1
378 3231 -1
486 3231 1
378 3232 -1
455 3232 1
379 3233 1
405 3233 -1
379 3234 -1
437 3234 1
379 3235 -1
477 3235 1
379 3236 -1
444 3236 1
380 3237 1
465 3237 -1
380 3238 -1
482 3238 1
381 3239 1
381 3240 1
492 3240 -1
382 3241 1
384 3241 -1
382 3242 1
431 3242 -1
383 3243 -1
462 3243 1
383 3244 1
499 3244 -1
384 3245 -1
431 3245 1
384 3246 1
436 3246 -1
384 3247 -1
445 3247 1
384 3248 -1
450 3248 1
385 3249 1
385 3250 1
408 3250 -1
385 3251 -1
487 3251 1
386 3252 1
386 3253 1
486 3253 -1
386 3254 -1
417 3254 1
386 3255 -1
451 3255 1
386 3256 -1
406 3256 1
387 3257 1
387 3258 -1
412 3258 1
388 3259 1
465 3259 -1
389 3260 1
393 3260 -1
389 3261 -1
440 3261 1
389 3262 -1
444 3262 1
390 3263 1
390 3264 1
390 3265 -1
397 3265 1
390 3266 1
438 3266 -1
390 3267 -1
478 3267 1
391 3268 1
391 3269 -1
439 3269 1
391 3270 -1
456 3270 1
391 3271 -1
452 3271 1
392 3272 1
392 3273 -1
419 3273 1
393 3274 1
440 3274 -1
393 3275 -1
442 3275 1
393 3276 -1
406 3276 1
394 3277 1
395 3278 1
395 3279 1
449 3279 -1
395 3280 -1
434 3280 1
396 3281 -1
448 3281 1
396 3282 -1
467 3282 1
396 3283 -1
413 3283 1
396 3284 -1
477 3284 1
397 3285 1
397 3286 1
397 3287 1
495 3287 -1
397 3288 -1
438 3288 1
397 3289 -1
485 3289 1
398 3290 1
402 3290 -1
398 3291 1
472 3291 -1
398 3292 -1
449 3292 1
398 3293 -1
421 3293 1
399 3294 1
399 3295 -1
408 3295 1
399 3296 -1
461 3296 1
399 3297 1
448 3297 -1
399 3298 1
413 3298 -1
400 3299 -1
470 3299 1
400 3300 1
483 3300 -1
401 3301 1
401 3302 -1
496 3302 1
401 3303 -1
405 3303 1
402 3304 1
421 3304 -1
402 3305 1
472 3305 -1
403 3306 1
450 3306 -1
403 3307 -1
497 3307 1
403 3308 1
491 3308 -1
403 3309 -1
436 3309 1
403 3310 -1
447 3310 1
403 3311 1
479 3311 -1
403 3312 1
421 3312 -1
403 3313 -1
449 3313 1
404 3314 1
404 3315 -1
420 3315 1
405 3316 -1
444 3316 1
405 3317 1
445 3317 -1
405 3318 -1
496 3318 1
406 3319 1
406 3320 1
442 3320 -1
406 3321 -1
429 3321 1
406 3322 -1
440 3322 1
406 3323 -1
415 3323 1
406 3324 1
463 3324 -1
406 3325 1
407 3325 -1
407 3326 1
407 3327 -1
416 3327 1
407 3328 -1
415 3328 1
407 3329 -1
463 3329 1
408 3330 1
409 3331 1
409 3332 -1
466 3332 1
409 3333 1
425 3333 -1
409 3334 -1
414 3334 1
410 3335 1
410 3336 1
464 3336 -1
410 3337 -1
492 3337 1
412 3338 1
413 3339 1
413 3340 1
443 3340 -1
413 3341 -1
448 3341 1
413 3342 -1
477 3342 1
413 3343 -1
461 3343 1
414 3344 1
499 3344 -1
414 3345 1
441 3345 -1
414 3346 1
459 3346 -1
414 3347 1
446 3347 -1
414 3348 1
425 3348 -1
415 3349 1
415 3350 -1
416 3350 1
415 3351 -1
463 3351 1
416 3352 1
416 3353 1
416 3354 -1
463 3354 1
416 3355 -1
458 3355 1
417 3356 1
417 3357 1
451 3357 -1
418 3358 1
418 3359 -1
424 3359 1
420 3360 1
420 3361 1
421 3362 -1
449 3362 1
421 3363 -1
479 3363 1
422 3364 1
422 3365 1
422 3366 1
471 3366 -1
422 3367 1
489 3367 -1
422 3368 -1
454 3368 1
423 3369 1
423 3370 1
428 3370 -1
423 3371 1
488 3371 -1
423 3372 1
474 3372 -1
423 3373 1
489 3373 -1
424 3374 1
424 3375 -1
464 3375 1
425 3376 1
425 3377 -1
468 3377 1
425 3378 -1
485 3378 1
426 3379 1
447 3379 -1
426 3380 1
491 3380 -1
426 3381 1
474 3381 -1
426 3382 1
430 3382 -1
427 3383 1
427 3384 -1
497 3384 1
427 3385 -1
434 3385 1
428 3386 1
428 3387 1
474 3387 -1
429 3388 1
429 3389 -1
442 3389 1
429 3390 -1
448 3390 1
429 3391 1
440 3391 -1
430 3392 1
430 3393 -1
454 3393 1
430 3394 1
491 3394 -1
430 3395 -1
447 3395 1
431 3396 -1
436 3396 1
432 3397 -1
498 3397 1
432 3398 1
461 3398 -1
432 3399 -1
490 3399 1
433 3400 -1
436 3400 1
433 3401 -1
491 3401 1
433 3402 -1
465 3402 1
434 3403 1
434 3404 -1
449 3404 1
435 3405 1
435 3406 1
441 3406 -1
436 3407 1
479 3407 -1
436 3408 -1
450 3408 1
437 3409 1
437 3410 -1
473 3410 1
437 3411 -1
477 3411 1
438 3412 1
438 3413 1
485 3413 -1
438 3414 -1
478 3414 1
439 3415 1
439 3416 1
456 3416 -1
440 3417 -1
442 3417 1
441 3418 1
442 3419 1
443 3420 1
443 3421 -1
484 3421 1
444 3422 1
445 3422 -1
444 3423 -1
450 3423 1
445 3424 -1
450 3424 1
445 3425 1
496 3425 -1
446 3426 -1
459 3426 1
446 3427 -1
499 3427 1
447 3428 -1
491 3428 1
447 3429 1
450 3429 -1
447 3430 1
497 3430 -1
447 3431 -1
454 3431 1
448 3432 1
448 3433 1
477 3433 -1
450 3434 -1
497 3434 1
451 3435 1
451 3436 1
451 3437 1
473 3437 -1
452 3438 1
452 3439 1
452 3440 1
456 3440 -1
453 3441 1
478 3441 -1
454 3442 1
471 3442 -1
454 3443 -1
489 3443 1
454 3444 1
491 3444 -1
455 3445 1
455 3446 1
456 3447 1
457 3448 1
458 3449 1
458 3450 -1
481 3450 1
459 3451 -1
482 3451 1
459 3452 -1
499 3452 1
460 3453 1
460 3454 -1
476 3454 1
460 3455 -1
472 3455 1
461 3456 1
490 3456 -1
463 3457 1
463 3458 1
464 3459 -1
492 3459 1
466 3460 1
468 3461 1
469 3462 1
470 3463 1
470 3464 -1
483 3464 1
471 3465 1
471 3466 1
489 3466 -1
472 3467 1
473 3468 1
473 3469 1
474 3470 -1
488 3470 1
474 3471 -1
489 3471 1
477 3472 1
477 3473 1
484 3473 -1
478 3474 1
478 3475 1
480 3476 1
480 3477 -1
484 3477 1
481 3478 1
481 3479 1
483 3480 -1
498 3480 1
484 3481 1
484 3482 1
485 3483 1
486 3484 1
486 3485 1
487 3486 1
487 3487 1
488 3488 1
489 3489 1
490 3490 1
498 3490 -1
490 3491 -1
493 3491 1
492 3492 1
493 3493 1
494 3494 1
495 3495 1
496 3496 1
