0 0 1
0 1 1
0 2 1
0 3 1
6 3 -1
0 4 -1
9 4 1
0 5 1
1 5 -1
0 6 1
5 6 -1
0 7 1
2 7 -1
1 8 1
1 9 1
1 10 1
1 11 1
1 12 -1
7 12 1
1 13 -1
9 13 1
1 14 -1
8 14 1
1 15 1
2 15 -1
1 16 -1
6 16 1
2 17 1
2 18 1
2 19 1
2 20 -1
3 20 1
2 21 -1
4 21 1
2 22 -1
9 22 1
2 23 -1
7 23 1
2 24 -1
6 24 1
3 25 1
3 26 1
3 27 -1
4 27 1
3 28 1
9 28 -1
3 29 -1
5 29 1
3 30 1
7 30 -1
3 31 -1
8 31 1
4 32 1
4 33 1
4 34 1
4 35 1
9 35 -1
4 36 1
6 36 -1
4 37 1
5 37 -1
5 38 1
5 39 1
5 40 1
5 41 1
5 42 1
9 42 -1
5 43 1
8 43 -1
5 44 -1
6 44 1
6 45 1
6 46 1
6 47 1
6 48 -1
9 48 1
7 49 1
7 50 1
7 51 1
7 52 1
8 52 -1
7 53 -1
9 53 1
8 54 1
8 55 1
8 56 1
8 57 1
8 58 1
9 58 -1
9 59 1
9 60 1
