0 0 1
3 0 -1
45 0 -1
0 1 1
5 1 -1
8 1 -1
0 2 1
1 2 -1
1 3 1
3 3 -1
46 3 -1
1 4 1
5 4 -1
10 4 -1
1 5 1
4 5 1
60 5 -1
1 6 1
6 6 -1
39 6 -1
1 7 1
2 7 -1
2 8 1
6 8 -1
41 8 -1
2 9 1
3 9 -1
47 9 -1
3 10 1
6 10 -1
44 10 1
3 11 1
4 11 1
48 11 -1
3 12 1
7 12 -1
24 12 1
3 13 1
5 13 -1
16 13 1
4 14 1
6 14 1
42 14 1
4 15 1
7 15 1
22 15 -1
4 16 1
5 16 1
13 16 -1
5 17 1
7 17 -1
15 17 1
8 18 1
11 18 -1
8 19 1
10 19 -1
8 20 1
16 20 1
45 20 -1
8 21 1
15 21 -1
17 21 -1
9 22 1
11 22 -1
9 23 1
14 23 1
54 23 -1
9 24 1
10 24 -1
10 25 1
11 25 -1
10 26 1
14 26 1
55 26 -1
10 27 1
13 27 1
60 27 -1
11 28 1
14 28 1
57 28 -1
11 29 1
15 29 -1
19 29 -1
11 30 1
12 30 1
51 30 -1
12 31 1
14 31 -1
52 31 -1
12 32 1
13 32 -1
53 32 1
12 33 1
15 33 1
23 33 -1
13 34 1
14 34 -1
58 34 1
13 35 1
15 35 1
22 35 -1
15 36 1
16 36 1
24 36 -1
17 37 1
18 37 -1
17 38 1
19 38 -1
17 39 1
24 39 1
45 39 -1
17 40 1
21 40 1
32 40 -1
18 41 1
21 41 1
33 41 -1
18 42 1
20 42 1
25 42 -1
18 43 1
23 43 1
50 43 -1
18 44 1
19 44 -1
19 45 1
23 45 1
51 45 -1
20 46 1
21 46 -1
27 46 1
20 47 1
23 47 -1
30 47 -1
20 48 1
22 48 -1
28 48 -1
21 49 1
22 49 -1
35 49 -1
21 50 1
24 50 -1
36 50 -1
22 51 1
23 51 -1
53 51 -1
22 52 1
24 52 -1
48 52 -1
25 53 1
27 53 1
33 53 -1
25 54 1
26 54 -1
25 55 1
29 55 1
40 55 -1
25 56 1
31 56 1
56 56 -1
25 57 1
30 57 -1
50 57 -1
26 58 1
27 58 1
34 58 -1
26 59 1
29 59 1
41 59 -1
27 60 1
29 60 -1
37 60 -1
27 61 1
28 61 1
35 61 -1
28 62 1
30 62 -1
53 62 1
28 63 1
31 63 1
58 63 -1
28 64 1
29 64 1
42 64 -1
29 65 1
31 65 -1
43 65 -1
30 66 1
31 66 1
52 66 1
32 67 1
33 67 -1
32 68 1
36 68 -1
45 68 -1
32 69 1
34 69 -1
33 70 1
34 70 -1
34 71 1
36 71 -1
47 71 -1
34 72 1
37 72 -1
41 72 -1
35 73 1
37 73 -1
42 73 -1
35 74 1
36 74 -1
48 74 1
36 75 1
37 75 -1
44 75 1
38 76 1
41 76 -1
38 77 1
39 77 -1
38 78 1
42 78 -1
59 78 -1
38 79 1
43 79 -1
54 79 -1
38 80 1
40 80 -1
39 81 1
41 81 -1
39 82 1
42 82 -1
60 82 -1
40 83 1
41 83 -1
40 84 1
43 84 -1
56 84 -1
41 85 1
44 85 1
47 85 -1
42 86 1
43 86 -1
58 86 -1
42 87 1
44 87 1
48 87 1
45 88 1
46 88 -1
45 89 1
47 89 -1
46 90 1
47 90 -1
49 91 1
50 91 -1
49 92 1
52 92 -1
54 92 -1
49 93 1
51 93 -1
50 94 1
52 94 -1
56 94 -1
50 95 1
51 95 -1
51 96 1
52 96 -1
57 96 -1
52 97 1
53 97 1
58 97 1
54 98 1
55 98 -1
54 99 1
57 99 -1
54 100 1
56 100 -1
54 101 1
58 101 -1
59 101 -1
55 102 1
58 102 -1
60 102 -1
59 103 1
60 103 -1
