0 0 1
2 0 -1
3 0 -1
88 0 1
3 1 1
7 1 -1
9 1 -1
90 1 1
1 2 -1
2 2 1
4 2 1
19 2 -1
0 3 -1
1 3 1
13 3 -1
20 3 1
4 4 -1
5 4 1
16 4 -1
27 4 -1
5 5 -1
6 5 1
14 5 1
82 5 1
10 6 -1
11 6 1
14 6 -1
87 6 1
8 7 -1
9 7 1
10 7 1
85 7 -1
6 8 -1
7 8 1
8 8 1
81 8 -1
11 9 -1
12 9 1
15 9 1
52 9 1
15 10 -1
16 10 1
17 10 -1
35 10 1
12 11 -1
13 11 1
17 11 1
36 11 -1
18 12 -1
19 12 1
25 12 1
22 13 1
24 13 -1
25 13 -1
22 14 -1
23 14 1
28 14 -1
99 14 1
23 15 -1
24 15 1
26 15 1
98 15 -1
26 16 -1
27 16 1
34 16 -1
102 16 -1
31 17 -1
32 17 1
34 17 1
97 17 -1
28 18 1
30 18 -1
31 18 1
96 18 -1
18 19 1
21 19 -1
29 19 1
38 19 -1
32 20 -1
33 20 1
35 20 -1
51 20 -1
29 21 -1
30 21 1
33 21 -1
45 21 -1
20 22 -1
21 22 1
36 22 1
39 22 1
37 23 -1
38 23 1
44 23 -1
37 24 1
40 24 -1
41 24 1
67 24 -1
41 25 -1
42 25 1
46 25 -1
53 25 1
46 26 1
48 26 -1
49 26 1
61 26 -1
42 27 -1
43 27 1
47 27 1
57 27 -1
43 28 -1
44 28 1
45 28 1
95 28 -1
47 29 -1
48 29 1
51 29 1
62 29 1
39 30 -1
40 30 1
50 30 -1
68 30 1
49 31 -1
50 31 1
52 31 -1
74 31 -1
53 32 -1
54 32 1
58 32 1
70 32 -1
54 33 -1
55 33 1
59 33 -1
83 33 1
60 34 -1
61 34 1
64 34 -1
73 34 1
58 35 -1
59 35 1
60 35 1
72 35 -1
55 36 -1
56 36 1
65 36 1
84 36 -1
56 37 -1
57 37 1
66 37 1
94 37 1
62 38 -1
63 38 1
66 38 -1
97 38 1
63 39 -1
64 39 1
65 39 -1
86 39 1
67 40 1
69 40 -1
70 40 1
68 41 -1
69 41 1
71 41 1
89 41 -1
71 42 -1
72 42 1
75 42 -1
85 42 1
73 43 -1
74 43 1
75 43 1
87 43 -1
76 44 1
80 44 -1
83 44 -1
76 45 -1
77 45 1
81 45 1
77 46 -1
78 46 1
82 46 -1
103 46 1
79 47 -1
80 47 1
84 47 1
100 47 -1
78 48 -1
79 48 1
86 48 -1
101 48 1
88 49 -1
89 49 1
90 49 -1
91 50 1
93 50 -1
95 50 1
92 51 -1
93 51 1
96 51 1
99 51 -1
91 52 -1
92 52 1
94 52 -1
100 52 1
98 53 1
101 53 -1
102 53 1
103 53 -1
