-0.000000000000 -0.000000000000 0.480836332398
0.459755416589 -0.000000000000 1.000000000000
-0.000000000000 -0.000000000000 0.041458869036
-0.000000000000 0.393293813046 0.270420087688
0.875164741475 -0.000000000000 0.278445691339
0.913900420561 -0.000000000000 0.660033507666
0.434151598161 0.327663532237 0.795784363147
0.484257319426 0.051714829787 1.000000000000
0.536170248205 -0.000000000000 1.000000000000
0.178728872392 0.472579545895 0.429825098041
0.186998765476 0.462472809438 0.361331160813
0.029093767212 0.415649197792 0.291312905140
0.000000000000 0.000000000000 0.000000000000
1.000000000000 0.000000000000 0.000000000000
1.000000000000 0.040784654316 -0.000000000000
1.000000000000 -0.000000000000 0.038752863502
0.881546611618 -0.000000000000 0.276318991687
0.722421690362 0.420035938944 0.196343791871
0.893965115199 0.264594293597 -0.000000000000
-0.000000000000 0.582459991209 -0.000000000000
0.434001108634 0.704989536248 0.202228280672
0.362001661576 0.790953398456 -0.000000000000
-0.000000000000 0.409696248986 0.274168254683
0.000000000000 1.000000000000 0.000000000000
-0.000000000000 1.000000000000 0.669057750529
0.059688233947 1.000000000000 0.656084349367
0.257144028346 0.573870922957 0.463532029818
0.554516962647 1.000000000000 0.243413634122
0.432807668780 1.000000000000 -0.000000000000
0.503947601476 0.807076535216 0.272964215305
-0.000000000000 0.529822736073 0.503955515921
0.181969901270 0.481439284558 0.447414063030
0.506581420832 1.000000000000 1.000000000000
0.691298725730 1.000000000000 1.000000000000
0.557938786910 0.677531596182 0.778820222491
0.599315620615 0.911726674895 1.000000000000
0.938983996879 1.000000000000 0.729681107085
0.759779567980 1.000000000000 0.403262586233
0.716230778682 0.911385466158 0.401010832367
0.893253728733 0.933628833647 0.704109823681
0.000000000000 1.000000000000 1.000000000000
-0.000000000000 0.509856851268 1.000000000000
0.324207734950 0.419599493076 1.000000000000
0.394789918890 0.407632437561 0.809129530152
1.000000000000 1.000000000000 1.000000000000
1.000000000000 0.000000000000 1.000000000000
1.000000000000 -0.000000000000 0.638115693897
1.000000000000 1.000000000000 0.749495630742
1.000000000000 0.418074474013 0.655499290595
0.000000000000 0.000000000000 1.000000000000
1.000000000000 1.000000000000 0.000000000000
1.000000000000 0.466878807137 -0.000000000000
1.000000000000 1.000000000000 0.216854141310
1.000000000000 -0.000000000000 0.472624517697
