0 0 4
2 0 1
4 0 -1
6 0 1
7 0 1
8 0 -1
45 0 -1
1 1 7
7 1 1
10 1 -1
39 1 -1
46 1 -1
60 1 -1
0 2 1
2 2 4
4 2 -1
5 2 1
7 2 1
41 2 -1
47 2 -1
3 3 9
36 3 1
0 4 -1
2 4 -1
4 4 7
28 4 -1
35 4 -1
53 4 1
58 4 -1
59 4 1
2 5 1
5 5 7
6 5 1
9 5 -1
11 5 -1
12 5 1
14 5 1
0 6 1
5 6 1
6 6 6
7 6 1
29 6 -1
37 6 1
38 6 -1
40 6 -1
43 6 -1
0 7 1
1 7 1
2 7 1
6 7 1
7 7 5
17 7 -1
18 7 -1
19 7 -1
20 7 1
21 7 1
23 7 1
0 8 -1
8 8 6
9 8 1
12 8 -1
13 8 -1
14 8 -1
17 8 -1
45 8 -1
5 9 -1
8 9 1
9 9 4
12 9 -1
13 9 -1
15 9 1
16 9 -1
54 9 -1
1 10 -1
10 10 7
12 10 -1
15 10 1
16 10 -1
55 10 -1
60 10 -1
5 11 -1
11 11 7
13 11 -1
16 11 -1
19 11 -1
51 11 -1
57 11 -1
5 12 1
8 12 -1
9 12 -1
10 12 -1
12 12 6
16 12 1
30 12 -1
49 12 1
50 12 1
8 13 -1
9 13 -1
11 13 -1
13 13 7
16 13 1
28 13 -1
35 13 -1
42 13 -1
48 13 1
59 13 1
5 14 1
8 14 -1
14 14 7
15 14 -1
16 14 1
31 14 1
43 14 -1
56 14 1
9 15 1
10 15 1
14 15 -1
15 15 8
18 15 -1
20 15 1
21 15 1
9 16 -1
10 16 -1
11 16 -1
12 16 1
13 16 1
14 16 1
16 16 5
36 16 -1
44 16 1
46 16 1
47 16 1
48 16 -1
7 17 -1
8 17 -1
17 17 6
20 17 -1
22 17 -1
23 17 -1
32 17 -1
45 17 -1
7 18 -1
15 18 -1
18 18 6
22 18 -1
24 18 -1
25 18 -1
33 18 -1
50 18 -1
7 19 -1
11 19 -1
19 19 5
20 19 -1
21 19 -1
22 19 -1
24 19 -1
51 19 -1
7 20 1
15 20 1
17 20 -1
19 20 -1
20 20 6
24 20 1
26 20 1
29 20 -1
31 20 -1
7 21 1
15 21 1
19 21 -1
21 21 7
23 21 1
34 21 1
37 21 1
17 22 -1
18 22 -1
19 22 -1
22 22 8
42 22 -1
58 22 -1
59 22 1
60 22 1
7 23 1
17 23 -1
21 23 1
23 23 7
24 23 1
49 23 1
52 23 1
18 24 -1
19 24 -1
20 24 1
23 24 1
24 24 7
44 24 1
46 24 1
47 24 1
18 25 -1
25 25 7
28 25 1
33 25 -1
40 25 -1
50 25 -1
56 25 -1
20 26 1
26 26 4
28 26 1
30 26 1
31 26 -1
34 26 -1
41 26 -1
27 27 7
30 27 -1
31 27 1
32 27 1
36 27 1
4 28 -1
13 28 -1
25 28 1
26 28 1
28 28 7
48 28 -1
59 28 -1
60 28 -1
6 29 -1
20 29 -1
29 29 7
30 29 -1
38 29 1
39 29 1
44 29 -1
12 30 -1
26 30 1
27 30 -1
29 30 -1
30 30 6
49 30 -1
51 30 -1
14 31 1
20 31 -1
26 31 -1
27 31 1
31 31 6
54 31 1
55 31 1
57 31 1
17 32 -1
27 32 1
32 32 5
35 32 1
37 32 1
45 32 -1
18 33 -1
25 33 -1
33 33 5
35 33 1
36 33 1
37 33 1
21 34 1
26 34 -1
34 34 6
35 34 1
41 34 -1
47 34 -1
4 35 -1
13 35 -1
32 35 1
33 35 1
34 35 1
35 35 6
53 35 -1
58 35 1
59 35 -1
60 35 -1
3 36 1
16 36 -1
27 36 1
33 36 1
36 36 7
46 36 -1
6 37 1
21 37 1
32 37 1
33 37 1
37 37 6
38 37 -1
39 37 -1
40 37 -1
43 37 -1
6 38 -1
29 38 1
37 38 -1
38 38 6
44 38 -1
54 38 -1
59 38 -1
1 39 -1
29 39 1
37 39 -1
39 39 5
40 39 1
43 39 1
44 39 -1
60 39 -1
6 40 -1
25 40 -1
37 40 -1
39 40 1
40 40 5
42 40 1
44 40 -1
56 40 -1
2 41 -1
26 41 -1
34 41 -1
41 41 8
42 41 1
43 41 1
47 41 -1
13 42 -1
22 42 -1
40 42 1
41 42 1
42 42 9
53 42 -1
6 43 -1
14 43 -1
37 43 -1
39 43 1
41 43 1
43 43 6
44 43 -1
52 43 1
55 43 -1
57 43 -1
16 44 1
24 44 1
29 44 -1
38 44 -1
39 44 -1
40 44 -1
43 44 -1
44 44 6
45 44 1
46 44 1
0 45 -1
8 45 -1
17 45 -1
32 45 -1
44 45 1
45 45 7
48 45 -1
1 46 -1
16 46 1
24 46 1
36 46 -1
44 46 1
46 46 4
48 46 -1
2 47 -1
16 47 1
24 47 1
34 47 -1
41 47 -1
47 47 6
48 47 -1
13 48 1
16 48 -1
28 48 -1
45 48 -1
46 48 -1
47 48 -1
48 48 6
53 48 1
58 48 -1
59 48 1
60 48 1
12 49 1
23 49 1
30 49 -1
49 49 4
53 49 -1
54 49 -1
12 50 1
18 50 -1
25 50 -1
50 50 6
53 50 -1
56 50 -1
11 51 -1
19 51 -1
30 51 -1
51 51 6
53 51 -1
57 51 -1
23 52 1
43 52 1
52 52 8
55 52 -1
4 53 1
35 53 -1
42 53 -1
48 53 1
49 53 -1
50 53 -1
51 53 -1
53 53 6
59 53 1
60 53 1
9 54 -1
31 54 1
38 54 -1
49 54 -1
54 54 8
59 54 -1
10 55 -1
31 55 1
43 55 -1
52 55 -1
55 55 4
56 55 1
57 55 1
60 55 -1
14 56 1
25 56 -1
40 56 -1
50 56 -1
55 56 1
56 56 5
57 56 1
58 56 1
11 57 -1
31 57 1
43 57 -1
51 57 -1
55 57 1
56 57 1
57 57 4
58 57 1
4 58 -1
22 58 -1
35 58 1
48 58 -1
56 58 1
57 58 1
58 58 8
4 59 1
13 59 1
22 59 1
28 59 -1
35 59 -1
38 59 -1
48 59 1
53 59 1
54 59 -1
59 59 4
1 60 -1
10 60 -1
22 60 1
28 60 -1
35 60 -1
39 60 -1
48 60 1
53 60 1
55 60 -1
60 60 6
