59.41
59.98
40.18
58.82
13.86
16.66
24.15
56.68
27.03
13.06
46.09
57.93
42.39
34.24
49.03
7.28
10.05
39.93
28.45
46.78
46.62
41.85
51.20
52.93
49.26
49.71
43.19
39.02
21.71
8.80
7.32
30.66
42.42
27.81
15.36
12.68
25.40
58.88
16.73
44.40
39.67
41.64
36.61
38.68
39.13
39.53
35.33
40.90
47.29
43.67
27.14
51.83
40.58
33.08
39.60
39.08
40.74
37.88
41.94
37.21
41.59
37.09
43.96
29.88
39.28
43.62
43.94
32.98
42.25
22.80
3.35
36.17
44.51
36.70
35.84
43.56
3.80
33.04
36.09
18.80
3.36
35.85
30.17
48.45
41.87
22.28
17.91
52.98
33.79
22.74
4.33
47.19
60.00
39.10
16.04
37.57
56.03
38.39
34.78
50.07
11.20
23.67
26.06
44.11
55.21
58.52
40.72
47.33
37.37
46.64
58.51
39.08
60.93
35.39
43.97
18.37
6.05
31.01
54.77
5.16
7.35
7.40
38.36
13.28
23.09
42.13
5.68
37.87
47.88
35.16
34.15
24.14
3.57
49.55
18.49
38.75
50.49
49.19
10.28
10.66
40.12
59.15
6.25
7.57
31.34
58.57
20.09
43.53
38.83
52.09
11.42
31.68
52.39
59.39
55.74
59.57
41.84
54.56
7.57
10.87
55.48
57.33
16.02
58.09
26.43
13.21
17.81
31.96
12.37
36.17
59.24
37.57
47.27
56.04
53.77
41.43
57.64
9.85
16.79
58.40
42.02
57.42
55.46
56.25
49.02
50.11
52.06
38.64
36.24
50.68
39.50
48.33
51.69
6.34
33.21
9.04
57.99
34.28
55.54
30.35
49.41
52.14
51.22
57.73
21.92
6.52
3.11
16.51
61.55
23.84
11.96
48.52
15.91
54.40
23.72
30.87
11.20
32.41
33.49
33.29
47.88
35.14
29.93
37.80
48.24
56.79
40.45
58.62
36.83
44.93
40.68
47.36
41.46
50.55
49.80
9.67
20.00
38.92
55.10
39.63
14.89
41.09
57.57
55.26
56.88
54.29
56.67
43.82
15.50
42.07
56.20
57.89
38.45
21.51
22.63
20.56
26.24
23.30
21.91
26.20
27.06
19.13
35.38
52.03
36.14
37.82
46.21
55.58
34.23
33.91
23.33
38.70
44.27
31.64
41.30
57.60
39.60
60.59
44.40
53.15
37.08
41.91
15.02
12.98
55.63
3.02
45.09
5.33
57.58
11.66
10.40
58.07
57.95
52.41
51.22
11.80
35.84
7.83
16.43
32.02
15.69
13.79
42.15
48.23
20.60
15.70
51.16
49.23
17.51
47.65
12.97
11.56
25.26
49.67
30.28
44.56
37.01
40.96
34.87
34.25
32.09
47.30
47.93
44.65
28.77
53.54
20.85
46.97
49.33
43.52
36.60
40.41
56.82
47.95
45.60
46.17
44.33
31.70
49.87
57.30
21.77
43.51
43.55
52.66
60.56
48.58
49.89
45.14
51.43
47.67
43.23
49.61
32.67
39.61
33.24
22.86
46.87
37.34
29.99
45.47
41.93
40.46
46.74
28.79
37.28
46.19
30.13
54.23
12.40
55.20
54.82
56.68
44.94
53.10
36.54
35.39
54.54
33.07
50.31
37.98
31.80
19.72
28.70
36.69
37.10
40.07
37.19
40.88
43.11
28.39
39.35
28.31
50.16
58.42
55.65
38.54
35.31
43.70
53.39
44.21
54.16
35.32
46.51
31.71
41.50
60.73
40.32
22.32
56.20
57.80
7.57
57.54
54.11
46.89
25.09
41.70
44.97
37.77
35.39
37.47
52.96
34.93
39.11
39.48
52.47
24.15
49.24
21.31
47.18
28.71
47.93
22.52
47.35
10.28
60.24
21.00
8.03
13.49
45.22
8.89
32.95
37.22
29.31
30.48
45.85
46.58
51.46
13.97
43.74
40.19
48.32
50.13
46.99
47.95
49.86
18.52
38.40
29.86
33.64
50.67
31.52
31.97
38.42
28.13
41.94
38.55
50.22
22.99
45.24
32.74
42.95
47.69
45.51
42.89
20.08
26.62
43.78
37.82
27.67
38.55
29.53
17.49
31.69
47.95
28.68
9.80
57.62
26.09
17.12
4.56
36.05
10.33
22.06
44.51
49.60
13.12
31.92
32.96
33.53
32.80
30.86
33.77
26.07
33.72
41.53
50.59
40.10
43.07
43.50
58.86
16.33
48.27
35.40
52.59
23.81
11.54
21.21
45.91
28.17
42.35
38.72
37.33
39.41
38.17
40.48
48.78
44.79
54.62
38.04
39.05
40.77
16.54
37.12
32.56
53.87
29.13
52.28
51.46
33.68
38.14
34.77
46.83
41.14
22.39
5.79
8.89
23.57
8.93
10.77
32.67
35.51
37.21
34.38
42.95
33.35
24.41
10.36
37.63
13.04
20.54
35.01
14.00
41.35
41.72
18.04
12.51
12.65
22.30
11.19
38.38
37.31
37.36
35.71
5.24
12.38
37.91
39.74
47.40
54.48
20.31
34.81
45.18
54.68
39.36
29.69
50.40
50.41
47.59
50.24
16.48
53.67
53.86
59.00
11.24
59.92
26.85
18.85
6.54
35.49
6.36
18.02
34.29
26.22
7.51
58.36
6.27
58.60
53.57
57.59
61.18
56.86
53.90
21.31
21.46
45.88
40.35
20.79
52.66
7.73
10.77
16.03
48.26
11.02
32.80
33.20
33.56
32.54
30.78
34.27
33.67
43.73
14.30
31.29
41.31
33.15
38.30
36.52
34.95
47.62
42.41
39.32
33.65
42.01
25.72
46.90
45.06
52.19
55.04
50.30
57.65
50.48
55.09
45.97
41.51
45.09
40.84
36.85
31.09
36.68
28.47
8.66
28.93
44.87
42.98
28.03
48.52
43.92
47.74
49.52
55.30
54.77
12.07
10.59
51.33
49.00
8.47
27.30
33.50
32.24
36.33
28.43
59.48
45.36
43.22
24.99
58.48
28.70
50.78
43.26
44.30
15.83
35.25
45.18
43.00
40.51
47.83
31.79
34.15
36.39
52.36
56.99
32.32
51.11
53.46
50.46
47.98
40.76
47.46
37.68
45.55
48.19
46.98
41.99
49.36
61.34
55.72
56.33
49.79
41.47
19.95
13.67
14.76
17.06
37.31
29.18
19.73
15.40
40.48
39.58
46.09
51.87
48.90
51.48
48.71
46.80
11.96
20.33
30.90
55.13
55.56
47.13
20.62
34.11
48.05
32.41
46.17
60.36
45.56
43.72
19.39
31.94
44.62
48.11
36.18
48.05
37.96
49.68
55.62
50.16
41.12
53.67
41.73
45.13
49.32
29.56
58.79
25.38
28.24
39.81
14.73
10.28
10.50
19.11
7.47
10.42
20.49
45.21
20.89
35.74
14.87
38.89
47.64
34.83
14.50
13.42
5.89
30.60
25.11
35.89
59.47
47.77
38.90
47.98
48.04
42.68
34.29
46.18
45.79
40.86
36.36
45.89
28.91
36.17
29.88
10.76
49.95
14.92
57.60
49.85
45.58
36.06
48.15
49.89
52.08
29.42
49.32
49.98
47.24
37.00
42.11
24.18
45.28
47.25
43.03
20.01
39.72
23.30
16.11
52.25
42.88
58.05
53.07
14.04
43.92
42.65
15.47
46.79
21.70
18.84
11.95
47.07
28.76
35.63
48.95
49.55
53.87
34.16
52.33
51.13
49.81
45.06
45.37
47.87
47.56
46.82
22.84
39.03
39.38
43.93
44.61
41.24
30.73
51.81
56.52
45.57
49.21
51.64
33.42
24.33
46.98
45.12
21.52
40.19
19.71
34.94
47.79
58.65
52.21
52.86
55.49
54.08
13.86
26.90
27.34
17.04
19.17
49.66
24.62
50.25
49.03
19.99
59.57
52.67
51.71
38.62
40.93
37.28
18.13
18.03
52.44
52.61
48.95
52.84
12.00
60.03
37.87
50.80
46.18
27.14
43.55
20.46
46.13
41.92
48.28
37.21
47.55
51.78
34.72
41.27
40.13
37.98
30.27
36.33
29.71
16.91
20.55
49.38
15.97
49.35
51.47
49.30
6.24
48.86
41.07
16.01
9.94
9.28
21.02
41.81
35.81
38.95
46.99
32.89
32.46
48.75
34.16
33.25
42.93
34.11
31.88
57.90
34.56
35.49
40.87
37.44
34.05
38.83
43.65
39.46
25.11
51.38
53.82
46.56
50.92
20.55
49.55
31.08
30.21
33.96
31.22
55.60
11.61
55.83
41.40
18.33
27.08
48.68
53.12
50.00
49.99
51.48
46.12
31.84
46.11
53.24
22.53
36.52
51.53
29.42
33.29
49.98
32.12
55.38
20.12
6.70
49.73
55.15
43.34
51.17
40.65
38.57
58.95
50.31
33.96
53.89
57.07
56.94
34.25
53.49
58.38
54.70
56.18
57.63
49.69
40.47
57.74
53.44
60.37
56.52
56.08
43.07
23.01
21.99
39.14
5.26
9.89
11.29
54.09
9.39
17.98
44.82
50.21
47.79
38.61
48.78
60.02
27.39
60.40
40.65
56.70
53.11
20.48
28.37
48.12
41.43
41.36
46.64
20.00
44.27
22.77
31.51
28.42
21.96
56.66
59.56
8.91
57.38
41.13
12.02
38.00
13.95
18.35
14.56
40.58
39.83
49.18
53.36
22.12
33.38
47.55
53.21
55.50
49.19
25.76
35.93
53.39
10.32
12.50
51.48
14.52
46.46
47.10
52.88
41.49
35.01
58.27
39.21
41.61
53.05
33.23
26.85
57.43
39.80
45.47
41.67
42.50
52.53
36.22
55.01
43.67
49.68
40.17
28.26
43.25
41.49
39.42
40.71
20.13
36.86
21.50
34.98
48.07
49.74
49.10
34.29
21.90
30.43
24.31
39.40
56.36
24.55
42.63
58.09
44.35
31.56
39.96
53.75
20.11
10.13
26.41
52.90
14.27
25.07
44.27
37.45
26.63
34.41
25.02
12.52
22.01
45.38
25.03
57.41
51.58
55.77
53.47
14.22
43.14
57.53
56.69
52.53
48.25
52.99
51.59
26.71
56.55
57.39
42.76
54.97
15.05
41.85
15.06
13.38
9.63
8.76
29.89
34.20
30.09
32.38
44.29
17.15
22.35
19.54
45.72
56.43
9.35
25.84
49.48
14.03
33.76
50.43
41.74
59.40
54.58
48.25
6.93
41.36
36.84
25.31
52.52
18.73
35.77
23.06
31.88
15.71
14.20
34.86
45.79
35.11
40.24
51.54
60.78
43.31
37.08
54.90
33.40
37.84
42.87
24.77
31.65
37.55
52.27
36.35
36.39
36.52
34.96
50.73
21.85
43.29
53.60
38.64
36.98
36.05
57.87
39.92
55.23
54.95
21.25
47.04
56.27
37.95
58.57
43.41
32.92
60.09
50.68
41.55
45.82
36.03
49.60
43.43
43.11
43.32
48.29
51.78
11.37
15.27
18.31
58.97
53.88
43.25
29.73
48.68
58.66
58.05
57.48
51.14
52.13
50.06
52.09
54.39
47.71
57.40
51.54
49.74
23.00
25.77
18.97
49.96
58.71
54.83
9.03
53.41
10.06
34.88
56.28
14.23
45.50
41.23
26.72
8.44
56.02
36.20
36.42
45.20
12.65
53.70
49.48
58.59
57.90
6.01
29.57
56.64
55.55
6.21
6.57
27.28
57.69
25.04
48.92
35.55
11.32
59.63
22.29
45.38
46.48
40.48
39.58
41.17
42.89
32.84
15.17
26.52
39.38
17.14
36.75
18.60
47.47
47.81
20.20
18.18
31.28
39.78
49.22
53.35
50.34
2.26
50.67
56.84
54.37
46.95
45.29
53.20
43.89
29.41
46.49
54.19
43.61
47.67
30.88
46.26
41.02
47.64
34.66
57.71
31.15
39.05
24.25
44.30
9.11
53.64
38.44
39.33
46.12
53.31
8.85
40.03
16.90
11.99
26.60
13.76
9.86
28.20
36.83
48.95
36.14
54.00
54.48
41.78
56.16
54.84
31.44
54.38
57.96
57.51
58.39
51.99
58.72
59.60
53.27
58.59
23.21
50.61
54.21
46.74
46.12
49.72
57.68
49.94
49.77
48.38
56.64
46.83
33.03
49.86
44.73
47.29
51.92
51.10
21.69
48.28
47.78
39.22
38.09
44.27
51.75
54.06
55.42
46.77
52.79
57.79
51.27
38.12
22.12
55.71
55.44
16.69
28.51
14.48
36.49
35.95
46.74
29.32
17.59
22.62
10.44
50.44
37.77
8.16
17.19
30.66
18.90
53.11
16.90
16.82
27.45
12.42
58.25
18.90
37.60
53.26
59.41
48.66
59.69
34.20
59.34
17.83
21.99
59.53
44.01
15.41
38.23
30.66
40.98
25.54
33.56
48.69
5.38
12.07
24.23
12.04
13.28
12.60
40.15
20.03
12.57
46.33
58.16
60.10
60.41
54.61
52.49
54.84
56.63
52.12
46.44
38.09
36.90
33.80
33.92
6.08
48.27
35.66
41.52
34.39
37.58
12.63
39.53
49.35
33.68
47.75
25.37
35.68
30.60
43.63
38.81
18.50
36.88
36.34
28.81
45.67
25.86
51.36
30.95
28.70
44.23
58.63
9.02
58.52
41.75
59.96
53.70
52.51
47.03
61.11
54.42
50.96
60.09
60.04
6.25
55.61
35.46
36.55
37.48
43.81
59.75
4.72
54.06
35.43
35.91
38.36
55.45
10.91
48.46
37.62
36.73
31.63
27.52
58.99
49.78
52.68
50.06
60.17
26.13
34.05
23.53
21.29
34.39
38.02
46.87
34.14
31.42
38.94
40.29
32.45
58.74
38.68
40.54
53.00
41.16
26.41
39.86
29.46
45.30
54.18
47.87
50.58
59.43
5.71
59.76
59.16
56.97
40.93
42.18
34.35
60.32
14.82
56.92
9.01
51.37
43.75
41.86
36.64
57.06
51.11
43.30
58.97
40.42
29.21
47.85
49.21
41.38
43.51
48.73
44.95
44.22
42.70
29.78
48.11
44.90
22.82
23.73
24.37
17.10
44.49
26.39
26.44
15.66
51.29
44.97
49.17
12.42
58.05
5.58
20.77
14.10
55.71
13.56
43.87
59.00
34.72
51.89
56.21
55.15
59.80
56.36
61.69
54.91
57.23
54.68
24.73
20.97
9.12
26.83
48.01
18.31
35.80
46.77
38.72
33.08
45.88
54.08
20.61
45.09
55.64
54.34
59.73
49.40
51.60
56.01
50.88
53.16
53.80
28.47
53.57
51.81
51.21
33.43
57.23
8.92
7.89
28.94
59.00
55.51
41.03
17.33
35.82
41.35
43.84
52.50
26.33
41.27
51.48
56.82
54.81
47.46
54.80
41.04
50.21
55.79
51.80
51.24
48.06
56.35
11.99
57.90
49.51
14.64
53.53
47.89
6.54
16.63
54.11
55.91
12.03
45.95
58.11
59.71
11.72
55.92
58.17
55.78
37.69
57.21
45.95
49.25
49.53
55.42
57.23
51.30
41.97
43.80
53.04
51.88
52.20
46.41
52.72
47.35
47.92
45.52
43.00
47.82
60.05
50.84
40.75
55.37
11.66
36.35
46.28
50.32
51.99
16.21
25.24
31.94
20.50
49.54
39.90
50.66
12.99
40.41
41.09
61.40
55.03
38.32
10.52
12.62
11.40
53.19
51.17
20.76
50.26
16.47
42.25
38.31
26.41
42.04
27.75
39.13
17.89
53.17
34.16
46.20
41.29
45.53
30.21
52.44
49.92
53.01
56.22
14.95
30.96
42.37
33.16
41.35
44.92
56.29
51.53
61.02
55.22
54.75
52.29
37.35
57.85
54.51
59.22
39.09
55.23
34.97
62.04
11.56
24.83
37.00
54.18
43.02
60.60
51.83
37.97
13.28
10.73
14.45
54.13
46.83
9.01
20.34
9.41
59.52
4.83
52.47
56.50
43.48
57.73
60.92
51.45
59.08
60.66
32.18
51.85
54.03
57.41
14.82
28.97
57.52
17.12
52.38
55.15
7.50
14.97
57.45
10.51
52.24
9.58
55.56
57.58
15.19
21.93
42.86
20.80
26.35
57.58
59.89
60.48
55.13
17.75
33.67
6.88
31.69
32.04
54.13
37.33
31.85
16.82
5.12
44.80
57.27
14.01
49.75
22.67
50.88
56.36
55.82
59.15
41.15
44.31
39.44
42.91
53.79
50.37
56.03
52.74
51.32
49.20
46.48
45.13
45.13
53.46
17.96
22.32
40.86
34.44
37.78
38.34
43.73
39.27
43.40
41.54
35.33
31.07
45.96
46.98
41.65
47.39
51.54
33.70
48.89
49.00
29.80
42.71
39.45
41.12
53.32
46.45
44.09
44.34
38.92
38.87
35.47
47.42
38.63
48.39
34.48
41.56
36.34
35.89
37.48
26.58
26.36
36.21
54.83
15.44
58.97
16.01
24.27
33.86
58.56
18.10
21.16
54.53
6.92
50.91
34.51
14.63
45.50
9.47
49.70
19.49
60.86
51.20
18.69
16.24
55.49
9.99
57.74
7.17
51.44
48.01
8.92
54.71
56.80
26.22
21.68
10.64
36.48
33.53
14.20
7.59
33.09
47.61
36.78
35.01
22.93
34.55
49.28
43.41
38.89
44.68
38.59
47.95
8.39
47.50
17.05
23.15
13.90
24.63
14.91
39.01
21.99
15.88
14.21
45.14
15.03
46.82
26.18
12.57
11.59
51.72
9.95
55.06
54.67
15.34
26.54
50.36
48.60
24.41
33.87
16.63
55.26
43.22
10.35
56.39
24.51
17.90
53.84
9.28
38.51
6.11
58.13
55.13
48.56
41.95
44.25
41.70
38.55
15.95
53.20
49.69
49.30
53.72
16.00
49.14
53.08
54.02
43.22
18.49
43.21
37.99
58.86
30.78
51.68
8.63
61.60
19.00
59.27
23.02
52.38
60.33
10.30
12.36
20.94
25.00
58.79
53.05
49.81
16.22
26.04
18.38
25.96
11.17
55.23
8.60
54.82
2.79
53.61
59.69
19.28
25.79
59.98
18.80
30.26
59.85
56.69
9.56
9.70
52.58
54.12
13.87
57.80
15.06
59.91
54.36
35.89
16.85
16.78
46.48
13.53
50.97
58.22
21.86
42.37
23.82
15.84
23.52
28.09
41.32
20.49
31.26
17.29
28.84
42.77
21.09
24.45
24.17
23.61
30.45
24.24
18.82
18.45
35.66
31.39
36.00
22.66
48.06
30.94
15.59
48.21
36.25
18.20
56.38
15.55
50.04
54.59
56.31
23.56
19.31
33.35
10.45
56.05
20.68
28.57
53.16
23.68
23.55
30.16
33.93
35.70
55.92
51.56
14.79
31.32
55.89
47.38
56.18
32.64
29.14
48.02
28.54
49.53
29.80
2.55
12.78
14.01
53.19
42.27
58.08
43.94
31.52
29.62
17.56
34.47
37.72
38.72
33.50
48.42
36.95
42.70
53.03
42.26
47.24
42.84
40.37
33.52
38.64
34.94
39.71
42.16
38.70
39.35
18.10
18.62
11.80
51.71
50.52
41.53
54.08
12.38
20.99
48.05
15.74
14.56
50.35
44.91
16.83
37.38
29.17
59.29
28.68
34.75
3.06
7.39
52.05
57.24
58.54
53.35
35.42
24.19
26.78
58.97
36.47
7.93
21.17
44.01
49.25
15.85
43.85
55.58
52.60
23.71
17.02
21.52
28.62
26.34
13.84
10.94
57.13
17.26
15.24
37.38
60.25
57.87
11.86
17.11
53.77
61.16
35.28
28.68
39.60
43.06
53.41
41.07
50.55
37.90
52.60
41.48
37.99
49.45
57.43
53.65
54.40
31.70
18.50
51.52
6.95
47.23
53.36
54.13
50.80
57.27
28.96
32.69
2.83
8.81
53.17
58.86
59.68
54.39
21.30
52.53
23.12
49.53
33.11
35.16
38.21
26.23
60.55
34.73
17.81
43.55
16.80
47.88
18.42
10.99
25.63
26.44
12.79
40.87
57.42
30.04
6.57
14.36
60.77
41.30
11.21
47.67
29.31
21.94
20.20
22.62
28.69
35.57
43.86
47.93
36.60
22.91
18.20
56.76
22.69
17.04
39.83
15.79
22.73
17.84
56.69
56.91
25.32
60.64
53.32
7.95
59.56
52.40
49.33
7.84
56.27
56.78
58.43
29.61
38.61
58.94
15.33
57.09
15.43
15.18
55.32
56.18
21.98
28.27
15.06
46.30
20.47
10.91
57.00
48.36
7.05
27.38
58.50
58.44
21.88
56.96
45.50
53.07
46.35
50.39
36.53
37.75
44.81
9.84
54.96
48.72
33.97
43.92
49.34
52.76
16.33
35.70
44.44
53.36
38.83
53.94
49.14
26.40
13.15
28.50
52.87
51.07
54.87
44.96
52.39
54.30
14.62
43.38
33.92
56.02
55.76
39.08
52.93
59.51
52.09
56.19
53.54
49.36
53.57
54.14
48.83
46.83
11.66
35.60
35.84
12.10
14.15
25.69
28.95
17.87
50.68
24.71
21.66
14.12
22.62
36.66
42.54
37.04
22.78
33.82
37.37
16.31
25.23
23.87
15.71
26.07
21.80
34.88
27.76
22.87
40.42
30.55
53.45
51.52
53.30
21.77
53.03
49.93
25.99
33.34
35.56
31.67
44.72
17.76
54.68
31.19
39.64
39.64
39.40
48.13
19.02
33.40
11.14
26.92
26.26
27.01
16.07
26.35
42.69
39.72
30.92
28.25
34.68
36.52
46.34
32.72
29.74
37.08
40.32
35.64
58.96
57.12
2.82
52.58
50.70
8.85
3.40
3.86
15.62
14.62
52.22
39.60
33.37
49.59
60.14
48.84
50.56
50.34
49.50
54.73
38.36
34.86
12.50
34.36
45.99
16.68
41.00
58.15
13.57
34.28
59.52
42.84
58.80
52.80
31.52
58.39
58.15
41.31
48.30
57.06
26.56
31.84
58.26
54.47
60.84
58.59
57.32
55.28
60.07
59.95
52.76
26.13
48.90
16.61
29.07
47.22
4.18
41.35
33.66
33.86
43.93
35.22
46.24
52.36
36.63
48.30
10.12
50.43
54.24
49.24
7.68
49.04
5.75
45.91
44.24
59.89
8.83
47.10
58.85
50.98
58.36
8.35
43.50
6.87
14.61
47.90
36.15
42.87
27.40
56.95
14.20
13.17
56.07
23.80
13.26
54.60
57.81
49.49
55.13
52.87
55.43
47.45
15.44
11.34
58.77
19.21
19.43
25.11
53.89
32.41
17.81
26.57
54.80
54.68
57.63
23.14
53.48
27.59
29.43
51.75
55.58
16.37
29.45
53.57
25.58
60.11
48.37
54.88
39.60
57.58
56.05
29.29
7.61
51.65
11.07
11.83
29.51
29.90
34.10
49.62
53.03
52.12
47.76
25.52
34.66
25.69
31.50
28.36
31.82
18.11
56.90
37.87
34.48
43.11
43.71
44.02
47.93
31.96
9.85
43.78
44.90
44.62
14.67
55.18
40.64
56.99
16.52
9.97
17.48
31.62
38.99
35.92
6.81
32.76
28.68
43.75
35.52
54.06
6.89
21.24
39.71
56.74
33.90
50.63
18.05
54.71
45.89
46.86
53.15
49.22
45.27
52.17
44.82
46.45
40.30
47.92
47.28
23.83
53.94
6.38
31.11
52.09
41.09
35.07
54.88
30.72
33.69
22.42
57.33
28.02
53.67
23.14
23.35
33.97
42.23
57.70
59.03
48.12
39.43
34.84
49.17
14.76
20.97
5.04
41.90
58.88
57.87
58.15
47.88
39.20
54.77
11.05
11.89
3.66
11.69
33.62
61.03
55.68
6.25
49.70
57.27
53.32
60.99
58.77
54.78
53.11
40.60
49.56
25.17
46.19
57.53
42.94
12.89
51.72
42.87
53.42
49.97
58.86
53.35
54.56
56.91
30.86
33.48
12.32
60.37
54.24
7.45
57.03
59.80
58.25
58.29
12.97
57.78
39.95
9.81
14.22
21.51
45.99
34.70
38.49
48.50
47.69
33.89
31.34
39.12
56.04
19.57
6.11
22.97
5.68
58.73
20.83
58.26
60.30
43.59
41.93
5.36
10.49
26.89
52.54
13.41
33.49
7.57
16.09
11.97
9.10
14.33
59.59
52.48
44.32
16.46
11.96
57.86
8.12
6.90
56.09
27.96
20.72
28.65
56.73
44.03
39.56
46.28
36.67
41.82
25.43
19.68
31.40
12.28
18.13
44.59
27.58
56.80
47.91
47.05
50.38
19.49
26.54
52.26
54.40
51.44
49.68
17.71
58.80
51.07
25.50
56.71
7.67
15.79
13.97
11.40
12.91
6.21
51.34
7.99
20.32
58.17
13.74
22.53
22.52
21.86
18.19
16.79
2.67
59.76
43.45
50.14
50.04
43.88
52.95
54.14
20.03
36.17
47.05
47.49
56.54
38.21
40.87
43.58
60.60
50.78
61.02
59.97
58.07
58.42
35.70
21.42
17.73
19.27
3.85
57.14
38.47
26.55
46.28
30.35
37.36
24.05
37.22
56.42
38.22
42.60
24.06
20.17
55.86
50.54
20.16
17.54
15.54
50.34
59.26
56.69
57.22
5.90
16.81
51.73
8.36
58.04
14.22
13.34
57.61
55.13
38.86
48.64
11.62
40.47
41.00
48.36
26.93
9.84
12.76
21.46
14.05
19.71
16.22
13.69
51.76
57.97
56.96
56.60
57.61
2.86
14.17
4.56
15.82
59.36
4.23
57.92
57.82
41.95
60.18
19.87
13.40
13.71
9.90
58.66
20.75
6.37
24.17
5.67
57.49
21.84
59.78
59.54
41.58
40.12
4.60
8.72
8.63
27.62
22.67
35.17
55.58
41.98
41.11
36.68
46.85
25.58
55.14
52.55
47.49
33.76
46.48
33.11
53.41
61.00
55.63
56.63
38.63
56.97
35.15
32.02
33.52
6.21
14.54
47.00
48.30
20.56
46.28
5.90
60.81
52.64
25.93
51.05
5.76
56.99
56.28
29.32
53.00
12.36
11.33
51.62
21.03
17.40
35.84
48.33
30.46
55.62
20.83
16.61
39.25
57.57
57.69
58.01
13.19
36.26
40.61
44.25
46.30
51.70
25.35
32.30
34.86
18.65
36.50
32.78
17.15
3.66
14.96
4.98
55.56
60.76
54.57
9.24
16.78
10.33
56.05
12.82
13.13
46.33
54.65
44.13
29.80
16.53
21.65
20.74
21.66
55.01
19.22
10.59
11.54
52.19
55.43
8.82
37.80
58.28
16.58
16.34
41.94
47.05
56.00
46.41
5.71
23.23
6.40
32.44
25.68
56.27
49.39
52.20
43.00
5.11
40.09
39.76
40.24
40.48
50.29
58.64
48.32
44.54
53.24
44.30
49.18
51.34
48.39
47.39
9.68
17.07
49.26
18.15
44.17
54.75
55.72
25.62
61.02
57.28
13.83
60.39
55.08
36.37
47.57
58.37
9.32
20.79
41.87
47.21
21.34
33.10
47.79
44.03
17.44
51.56
23.15
56.58
26.86
20.03
28.77
43.01
50.70
26.42
50.21
56.71
44.93
25.19
11.79
51.60
53.59
17.04
31.55
58.38
14.30
12.73
46.43
50.39
50.94
56.92
19.44
59.64
55.16
18.00
56.63
57.48
57.67
32.22
59.27
14.52
13.20
45.06
49.44
51.33
47.24
49.16
17.56
48.94
18.35
54.50
55.57
25.68
42.79
40.83
40.51
44.40
37.96
34.67
51.66
32.82
36.10
8.28
41.99
58.06
37.50
58.94
39.30
25.33
44.92
5.60
49.90
55.26
5.96
47.68
55.21
55.98
52.70
38.51
20.91
56.00
48.26
51.82
26.08
38.42
36.44
34.17
50.30
51.94
31.13
49.82
33.70
36.16
34.07
15.65
7.00
49.52
16.47
9.93
47.80
36.21
53.61
53.94
53.69
15.55
43.30
20.53
50.44
49.67
18.38
6.15
47.94
14.20
47.92
18.45
54.66
17.75
54.48
29.03
49.71
60.21
54.01
55.00
56.60
57.33
60.39
19.39
35.25
17.99
45.81
11.31
12.35
46.08
40.05
45.43
57.09
13.97
51.69
50.72
23.65
59.88
9.53
18.21
55.85
59.66
41.16
57.75
19.90
40.06
40.05
46.56
38.85
48.99
46.50
47.24
39.76
40.73
55.50
49.38
43.12
55.83
56.70
50.21
59.36
6.53
4.53
58.09
54.68
39.58
60.41
6.62
59.84
28.63
22.02
55.54
58.96
40.74
56.16
23.87
52.66
43.09
53.18
10.82
40.20
14.20
12.68
50.53
59.70
6.89
2.57
52.96
40.84
58.66
4.29
54.38
15.62
56.33
48.38
59.57
11.92
12.18
51.00
26.50
55.39
60.07
58.49
18.83
57.64
5.72
56.76
32.76
15.27
39.89
55.82
60.59
6.75
53.11
44.95
22.69
44.98
58.83
50.93
43.47
34.49
37.33
57.80
59.76
58.88
54.49
6.92
45.81
18.09
14.67
42.99
51.26
46.00
48.09
46.85
47.04
21.62
17.99
21.65
54.01
50.20
20.21
32.93
8.75
59.32
19.82
12.76
19.97
56.95
32.96
38.51
53.07
55.64
38.38
50.16
13.13
22.16
54.11
57.73
45.38
54.82
61.03
39.63
60.98
50.69
36.63
43.93
6.72
54.03
48.30
7.42
51.81
12.59
8.36
49.46
12.37
55.46
22.55
51.62
44.12
10.50
12.64
33.69
31.28
20.25
50.68
44.44
14.63
47.77
42.21
55.07
24.78
21.31
26.74
18.64
60.03
9.79
8.74
38.22
24.18
59.91
51.13
11.41
55.99
26.08
15.64
55.38
57.58
18.82
7.01
10.99
8.59
7.27
54.90
18.13
14.02
52.00
9.88
12.92
13.20
16.60
19.58
57.24
27.71
37.75
10.05
10.10
49.63
13.72
12.47
16.04
29.08
12.69
54.22
25.64
39.13
30.13
37.83
48.27
27.65
53.58
24.62
48.06
5.87
54.72
54.24
52.34
53.51
9.70
28.40
41.47
54.46
41.46
59.06
46.91
47.63
52.90
42.91
53.22
12.58
59.52
23.90
56.49
44.71
46.86
58.87
13.61
29.23
55.48
59.21
35.82
14.37
2.29
7.99
7.21
15.22
17.77
48.56
54.45
21.14
17.72
49.51
16.32
30.80
56.89
23.10
23.57
22.20
40.87
32.09
43.80
49.66
56.36
59.61
46.12
48.69
32.56
53.27
48.27
50.52
47.90
41.15
51.57
6.52
12.49
52.91
54.53
5.94
58.78
8.69
57.89
60.39
43.10
45.87
8.47
58.64
55.64
59.33
59.51
55.56
41.98
41.53
20.07
22.25
56.85
48.40
22.27
22.89
34.25
52.15
55.41
10.50
59.48
58.02
46.79
48.15
56.44
59.62
27.85
54.75
36.35
44.54
56.00
50.73
52.44
47.06
37.02
56.67
35.67
51.43
32.32
48.00
47.32
28.81
47.39
39.64
29.61
24.13
32.59
44.10
42.58
42.23
25.92
59.70
57.85
12.49
43.21
49.82
57.89
59.12
59.24
53.06
19.22
48.43
37.55
53.74
20.73
50.06
53.14
12.75
42.71
29.09
10.47
28.52
42.30
56.47
46.95
56.96
53.00
53.13
42.65
36.86
50.44
56.20
11.11
55.42
50.01
26.07
18.73
42.40
26.72
11.01
21.50
49.95
46.48
7.36
58.38
59.39
16.53
49.58
56.56
47.97
54.27
44.04
50.11
43.00
45.60
46.23
18.26
28.66
25.19
52.24
20.68
28.76
53.68
27.32
46.94
24.73
49.33
44.25
23.08
36.76
50.56
38.01
47.91
32.21
37.60
8.14
53.46
40.90
42.54
51.04
42.37
46.02
57.36
27.11
44.61
45.09
25.08
26.58
24.59
22.94
18.61
51.81
23.18
37.54
59.23
50.60
56.33
37.01
53.67
36.09
57.72
10.99
49.45
42.83
48.98
11.94
52.03
52.59
24.11
48.07
57.21
38.96
38.67
43.61
36.79
53.35
54.81
52.86
10.27
7.93
45.93
57.01
29.39
41.13
43.16
41.43
52.25
45.65
36.40
46.16
41.87
33.83
24.98
41.64
42.31
50.37
54.26
27.98
54.95
54.22
26.24
54.75
48.27
58.07
31.05
60.33
21.51
55.10
11.50
46.87
47.32
53.70
51.78
36.61
49.32
54.06
50.21
44.64
46.80
42.13
51.96
39.93
46.15
38.74
8.37
38.75
51.60
18.37
46.13
57.26
42.67
57.16
3.99
40.77
55.30
58.56
17.38
36.73
28.74
51.98
37.87
59.08
43.22
12.54
14.38
6.60
55.64
3.04
57.07
55.30
7.18
19.00
58.74
15.24
34.07
26.41
53.75
59.00
43.13
51.59
41.85
39.51
38.22
39.20
44.07
55.43
52.17
46.09
14.48
7.70
59.09
46.39
42.84
54.80
48.49
45.20
48.66
56.98
45.04
19.17
15.12
32.13
20.74
13.19
6.76
21.01
13.07
56.59
17.17
53.68
52.72
49.42
44.43
44.00
43.38
47.45
43.23
41.60
43.19
50.18
56.49
61.83
30.70
54.31
10.02
54.08
8.98
55.81
16.62
54.11
59.84
59.08
51.70
59.54
40.55
61.91
44.91
60.02
59.45
53.85
8.54
60.44
37.47
51.77
56.30
42.09
51.21
26.21
31.66
49.91
50.56
53.33
47.77
34.09
46.59
30.19
32.43
40.68
38.20
42.20
48.71
35.29
51.49
39.67
44.89
35.10
57.40
46.64
46.59
42.94
42.09
41.08
40.63
59.88
45.91
49.73
58.07
41.01
51.82
35.92
49.70
39.41
40.59
31.97
34.59
59.14
56.66
35.39
12.67
46.80
24.87
55.42
37.19
29.59
35.61
55.47
48.83
45.81
36.66
30.31
19.48
16.88
46.32
15.82
23.53
47.30
51.79
57.21
56.14
45.68
44.94
59.66
55.42
55.84
53.83
58.21
53.22
44.74
40.94
52.59
12.05
9.30
19.32
37.33
43.53
48.69
42.09
45.18
51.20
6.19
7.30
62.02
37.50
10.38
47.88
47.71
45.08
44.04
48.74
34.59
56.01
11.73
14.31
52.26
12.14
40.35
38.45
55.42
56.61
11.95
53.66
54.29
19.29
26.11
35.96
60.26
56.18
48.66
52.88
6.92
23.64
21.98
13.98
12.92
41.85
42.35
59.35
31.20
48.67
48.62
53.17
53.32
30.50
15.54
19.27
14.94
18.51
53.24
44.48
51.19
45.69
37.71
40.99
39.44
46.87
9.84
14.63
19.33
56.02
40.78
14.99
34.34
41.79
32.91
40.50
54.81
26.53
39.76
6.88
50.37
41.84
58.63
56.89
8.92
46.89
50.24
50.83
52.93
13.80
7.37
60.09
29.05
58.26
53.06
28.03
53.74
53.26
26.28
56.91
57.43
31.65
53.63
54.86
15.17
23.48
42.95
45.79
55.11
31.17
3.34
38.97
47.51
19.25
57.84
13.49
56.26
38.00
49.80
43.43
45.64
52.89
60.28
45.53
48.52
45.91
57.70
55.13
46.30
15.18
58.85
25.70
51.85
43.33
34.71
37.92
17.42
44.41
45.35
5.12
34.93
34.27
36.95
48.86
40.72
51.92
57.02
47.88
45.42
46.89
49.23
29.45
33.70
38.59
36.03
42.90
10.79
52.04
42.88
42.53
37.04
45.20
52.50
48.97
46.95
42.67
17.03
17.72
12.25
12.32
51.78
46.07
39.72
55.13
17.67
48.87
44.36
32.03
34.38
8.63
7.70
57.06
27.59
21.61
55.49
8.02
56.60
21.16
52.82
52.38
57.54
16.31
24.59
54.20
58.95
52.70
17.69
27.74
24.13
18.73
16.44
27.82
48.33
36.61
21.00
9.37
19.53
48.26
25.17
16.33
17.14
55.12
15.87
37.34
36.61
42.72
35.80
19.47
14.11
55.57
39.76
50.07
51.85
55.21
45.62
14.72
42.99
22.72
11.62
11.92
58.27
58.95
27.78
27.60
60.33
56.52
58.57
51.49
24.86
58.54
40.61
61.06
32.75
55.16
53.31
22.91
57.88
44.79
40.33
59.19
58.28
29.89
58.60
39.52
43.76
40.68
39.11
44.39
24.47
27.24
48.81
43.28
41.77
47.92
15.51
43.82
56.61
40.94
45.33
38.17
56.86
44.44
55.51
40.60
49.36
12.54
5.94
57.21
44.57
5.13
44.75
39.52
54.54
4.36
60.49
19.40
54.18
31.29
43.46
52.12
54.28
52.93
45.51
50.33
52.91
53.21
39.36
27.49
44.67
55.16
41.06
20.86
55.41
49.31
44.37
33.86
33.46
51.67
49.26
15.87
57.14
57.80
44.93
57.69
57.31
42.35
52.05
51.01
51.13
12.29
22.74
49.26
31.82
14.60
12.86
7.73
7.34
7.98
14.52
55.31
3.63
57.81
8.95
51.64
10.54
12.66
59.15
14.10
57.84
41.70
46.86
10.11
46.20
53.91
44.73
7.85
3.12
9.81
53.20
60.77
53.10
59.89
54.90
44.12
41.73
47.51
60.15
5.48
51.71
58.23
60.52
56.46
10.50
6.02
6.06
14.27
55.31
15.24
56.61
19.25
50.58
23.89
14.90
59.27
13.82
56.61
55.25
19.54
38.26
37.34
57.63
55.16
30.01
55.25
28.05
55.69
19.89
20.31
55.28
5.17
43.64
44.52
22.60
16.66
57.54
16.58
25.94
8.85
49.99
13.56
10.50
8.82
3.75
16.33
35.50
56.92
5.03
7.75
6.58
16.20
38.51
23.49
11.69
7.75
6.47
17.07
50.10
11.51
19.69
9.75
57.52
57.62
54.64
11.55
5.30
50.18
17.62
46.53
59.80
49.98
32.82
35.29
30.75
48.48
29.77
41.42
44.48
26.37
40.36
36.44
31.18
56.40
45.66
50.12
45.21
56.79
40.28
42.20
54.35
52.78
38.87
27.62
56.10
35.79
45.04
56.75
49.55
24.82
4.59
56.98
11.93
61.18
55.10
52.18
59.89
15.23
56.07
54.92
14.24
19.86
14.71
18.23
32.12
54.58
61.95
59.44
32.70
50.43
11.72
20.91
38.95
30.07
43.81
49.75
45.49
47.22
45.21
44.47
52.10
11.94
58.09
57.81
47.51
61.28
12.28
58.91
58.65
9.26
6.29
10.21
58.47
6.28
55.81
42.11
46.79
45.17
45.52
42.39
4.60
2.26
40.87
42.68
25.86
42.41
13.42
20.36
36.08
53.29
13.95
58.08
11.12
39.18
48.07
41.15
39.09
53.09
40.64
47.80
38.58
45.38
48.07
37.48
39.01
54.70
33.47
19.54
33.38
60.27
37.05
31.52
49.77
8.79
59.43
13.77
12.95
34.63
42.70
55.35
55.76
46.18
52.04
29.76
37.72
51.76
59.77
57.91
56.54
57.31
26.44
10.18
10.70
52.20
43.15
26.58
45.39
29.16
54.17
35.63
18.63
51.06
44.98
36.03
13.74
46.87
28.88
27.40
48.05
47.41
17.29
10.67
58.17
12.01
8.70
36.35
52.85
52.46
53.58
15.75
19.07
52.61
33.04
42.62
43.14
53.75
25.67
41.64
25.40
30.07
25.99
37.19
60.60
39.19
57.83
53.58
51.05
54.82
58.19
49.61
43.10
56.40
54.13
38.68
51.09
14.35
55.64
48.68
41.32
38.78
56.84
6.30
58.40
50.02
6.15
18.90
24.07
42.96
49.42
16.07
47.15
44.69
45.27
55.55
13.68
17.53
15.66
25.58
35.01
52.10
53.77
50.66
19.98
44.81
52.43
14.49
10.14
15.12
38.66
52.07
44.51
45.42
30.77
19.83
46.26
34.14
25.08
24.38
37.37
37.37
43.93
20.27
53.32
42.02
16.33
4.56
43.85
15.02
57.30
57.12
14.07
14.63
53.23
9.29
7.08
12.95
13.20
14.62
54.69
40.81
52.85
19.20
26.81
36.49
35.26
30.54
25.82
39.87
32.50
12.14
59.10
44.82
29.65
15.05
40.60
52.17
59.70
14.95
16.21
7.37
51.60
9.29
40.46
31.69
34.06
41.57
49.82
49.16
54.86
48.86
56.87
19.24
55.79
47.28
6.39
9.99
57.23
23.64
57.53
19.04
53.60
8.47
53.66
46.79
29.95
20.45
28.16
42.74
49.48
46.65
47.01
47.04
50.04
58.42
7.12
37.73
40.75
22.38
59.39
12.80
47.87
20.32
56.82
57.13
59.48
61.66
55.50
40.79
51.04
44.10
9.59
6.97
32.25
7.13
2.88
4.38
55.64
37.19
26.22
28.36
51.14
37.60
55.96
9.03
45.58
45.60
46.37
14.28
3.52
54.43
34.06
57.47
28.66
49.50
17.75
48.88
43.95
24.98
37.90
32.46
45.77
57.38
58.47
11.47
7.08
45.78
10.27
43.54
16.97
42.75
33.93
40.05
9.52
60.00
16.81
28.86
13.43
49.39
13.49
24.01
15.18
10.09
53.79
15.90
20.11
3.36
59.35
46.96
45.68
25.97
53.11
60.62
12.82
53.06
15.18
11.17
53.93
16.27
49.05
48.91
33.05
57.88
59.41
52.01
45.06
41.31
41.53
46.27
38.86
57.27
37.92
36.96
18.13
11.55
19.16
19.61
32.81
14.28
54.20
42.40
55.46
48.32
59.19
42.50
58.90
58.05
48.28
39.46
47.37
9.75
25.99
37.43
58.36
59.82
56.63
45.40
20.27
20.73
36.91
9.38
18.74
14.07
60.41
59.66
19.89
8.95
53.82
24.16
48.61
59.02
50.76
23.84
55.78
56.66
56.27
53.08
45.40
32.22
24.40
27.27
54.86
16.27
5.90
61.61
10.55
15.26
51.52
18.12
40.74
41.61
32.47
58.41
55.21
8.33
8.08
56.88
57.67
17.01
53.29
46.64
17.00
49.40
60.33
53.94
44.03
19.55
10.76
25.65
18.58
13.83
16.29
54.60
44.39
54.78
14.09
14.46
51.50
7.63
18.51
45.33
12.18
39.75
57.00
55.21
52.86
36.16
59.56
42.96
37.57
40.19
47.97
56.56
48.27
27.82
58.52
57.10
47.43
9.66
18.33
52.13
15.06
53.23
10.76
54.28
7.22
54.20
44.38
36.08
20.21
54.30
9.66
50.26
42.82
58.81
49.96
34.17
53.66
52.53
43.84
42.20
58.27
33.99
15.88
54.49
48.41
47.63
48.44
12.03
8.94
9.24
43.76
56.26
51.32
35.76
45.98
42.26
47.58
37.74
56.40
41.45
51.39
46.69
37.39
9.53
27.42
16.50
15.29
43.64
45.82
33.19
53.22
45.98
39.96
47.98
45.16
55.67
53.63
51.26
18.31
16.14
15.01
51.24
24.57
21.55
22.99
54.69
55.79
15.55
40.38
39.56
23.05
47.17
23.91
38.31
31.18
47.26
58.25
53.12
11.40
58.03
57.43
57.81
30.46
23.17
11.93
26.81
45.52
58.91
60.41
57.50
11.63
40.81
43.75
58.76
11.94
5.52
31.42
50.71
45.00
41.18
22.03
53.52
45.39
44.77
44.98
40.83
32.54
39.97
50.68
49.21
31.35
48.29
7.89
10.33
11.05
39.52
52.23
40.95
51.13
46.14
48.33
49.11
53.72
60.90
58.75
56.42
30.08
7.08
4.34
45.57
8.98
9.92
10.02
59.29
60.89
3.97
24.69
52.28
48.74
10.96
30.78
47.11
43.48
29.41
56.59
10.03
38.00
59.44
57.97
28.05
39.31
39.33
27.34
55.37
57.38
8.05
6.42
58.37
57.77
11.34
18.39
57.57
51.46
34.85
24.02
52.72
36.42
41.86
44.67
55.85
31.88
46.10
38.65
29.64
3.66
26.93
48.03
53.61
55.58
48.99
45.75
52.98
43.28
41.85
41.24
32.70
30.66
10.11
58.46
12.74
10.95
36.18
49.07
12.44
59.57
16.20
51.96
42.33
47.87
48.75
45.89
12.70
36.57
10.43
6.95
36.14
51.37
37.68
35.57
38.50
38.71
52.40
42.08
43.94
43.16
38.97
11.94
45.12
13.07
40.82
49.72
43.58
41.06
42.17
42.08
38.16
28.43
55.98
50.81
28.72
57.99
36.59
51.32
27.06
49.09
37.36
24.63
41.56
41.94
40.92
25.30
36.13
21.57
23.39
45.42
41.35
42.19
55.19
31.55
51.34
54.48
25.15
50.09
25.85
48.86
43.07
21.36
5.13
39.66
49.47
22.03
43.93
42.79
42.05
45.56
50.01
25.87
39.61
56.13
46.42
48.02
49.21
48.15
48.13
42.06
8.71
42.81
49.92
44.81
42.66
27.74
45.37
50.38
42.79
49.97
44.84
50.36
54.15
29.58
58.35
47.87
46.59
41.70
10.87
30.42
36.63
43.79
46.50
54.79
41.10
44.24
37.54
13.97
56.37
19.51
53.96
50.86
37.25
15.74
38.39
14.77
48.29
17.83
14.63
16.17
22.85
48.14
19.84
16.17
41.26
16.98
57.48
45.78
8.85
55.50
54.76
55.91
25.02
54.23
50.02
48.52
51.71
39.48
15.99
55.81
48.84
36.98
41.40
50.76
61.95
57.82
36.01
53.97
41.02
11.85
12.88
50.38
51.34
54.56
12.15
48.53
41.15
7.18
5.31
8.03
57.63
25.37
60.91
53.53
53.05
57.91
7.34
3.65
58.05
3.08
59.62
51.93
45.87
50.74
11.04
28.56
40.78
42.18
45.88
45.21
16.01
23.20
53.30
57.30
52.63
55.63
54.33
52.21
55.53
11.52
49.03
10.02
16.51
53.39
56.25
54.67
56.18
10.83
47.85
44.21
46.65
45.92
49.18
48.65
42.88
40.99
55.33
52.50
46.71
47.55
37.86
46.00
47.30
45.14
50.95
49.16
20.76
36.83
55.39
35.03
43.42
59.97
39.35
50.43
52.96
58.73
52.57
50.07
58.67
59.64
48.60
58.65
39.67
57.89
58.63
40.49
43.34
55.66
51.48
19.29
53.66
46.04
38.06
37.90
48.44
45.22
59.30
57.75
42.29
52.91
37.02
45.70
11.75
45.97
31.13
33.05
59.91
60.42
9.67
59.44
58.54
40.92
58.57
4.04
58.51
44.84
28.27
50.86
57.74
60.17
59.03
48.03
60.34
38.77
57.26
58.27
41.47
43.48
55.73
51.39
27.37
54.27
38.12
35.46
43.03
57.25
52.41
48.96
61.57
60.31
35.25
43.96
11.00
52.76
36.98
23.70
26.07
57.79
54.80
54.03
56.97
57.34
30.61
52.86
16.43
52.27
44.36
22.71
29.33
25.64
55.47
20.60
12.51
24.64
48.34
38.94
59.35
57.16
12.19
42.40
48.15
20.55
60.20
56.64
57.74
23.48
24.66
17.93
47.24
14.50
44.85
59.25
57.09
27.69
27.06
12.26
60.20
21.25
43.71
29.41
51.03
36.74
58.51
58.29
55.18
25.83
58.77
35.13
9.90
50.58
46.67
33.38
57.69
47.24
43.10
56.42
45.61
56.81
10.72
59.56
57.33
6.07
56.39
59.16
6.40
5.67
36.67
12.11
42.68
22.78
52.75
57.08
58.33
8.14
9.43
16.65
58.29
9.59
57.54
41.00
48.58
11.52
43.21
29.60
58.01
55.50
9.68
7.75
54.81
56.40
59.00
6.38
55.76
4.34
41.98
40.00
41.73
59.92
5.73
51.24
10.50
15.57
36.64
57.41
16.67
7.16
58.17
35.92
36.41
49.62
51.19
51.49
52.86
56.00
17.62
22.26
26.55
55.30
8.60
17.92
55.21
29.50
47.62
45.85
60.07
9.61
55.60
55.42
2.46
59.45
61.70
42.36
48.35
46.50
4.27
58.84
9.37
54.86
60.34
48.31
4.30
53.06
57.27
4.46
43.74
17.60
15.95
10.13
35.56
53.88
16.95
16.59
55.90
49.55
20.36
55.48
14.95
56.70
31.94
56.73
57.13
56.28
49.67
56.94
11.28
48.90
52.02
38.33
41.36
41.90
40.65
57.90
52.56
8.78
57.78
16.65
58.74
50.07
36.89
42.66
45.31
43.41
1.87
57.94
10.23
53.09
58.16
60.14
45.11
6.14
51.64
56.25
7.31
44.09
40.44
56.68
54.56
54.94
9.03
57.82
57.07
60.15
50.04
56.02
57.72
55.11
55.25
47.41
51.10
37.66
58.19
58.06
52.91
57.15
42.25
53.25
46.31
58.11
44.36
36.17
59.48
51.37
54.17
12.92
57.04
11.70
48.32
4.89
55.30
45.42
40.64
57.19
61.73
38.66
59.07
34.15
43.83
58.97
38.17
56.62
34.02
53.39
45.32
36.19
49.74
47.32
45.74
40.13
35.54
27.73
21.36
46.25
42.35
42.65
40.05
59.45
40.38
49.03
43.22
32.89
33.94
46.25
15.52
51.74
16.66
48.02
56.46
28.48
25.51
61.31
22.55
49.60
47.66
60.18
50.44
11.97
15.48
57.53
41.77
56.68
7.52
55.48
5.96
50.99
41.43
11.72
5.83
60.18
18.39
2.14
18.32
16.09
54.29
16.57
15.31
56.95
10.83
14.14
10.79
21.42
11.51
16.33
9.73
40.17
17.99
56.35
55.20
34.22
44.86
46.55
32.98
37.90
42.96
47.63
26.59
43.83
37.59
45.69
46.73
60.87
59.45
55.42
55.67
49.87
47.84
6.99
7.60
61.30
27.64
11.38
54.64
58.85
9.80
53.08
60.98
44.34
40.38
52.88
59.09
60.03
29.94
51.06
53.06
54.89
45.40
44.70
50.32
51.67
42.25
52.13
33.44
53.47
48.60
29.34
43.30
47.97
35.51
41.90
26.59
30.18
26.79
24.10
42.71
44.10
29.55
28.68
52.93
20.90
8.89
24.02
59.47
52.29
5.78
11.65
16.56
59.83
15.03
5.27
50.98
19.58
43.78
58.99
16.17
53.30
25.11
50.33
58.54
58.20
55.24
44.50
33.86
35.85
58.50
9.91
15.05
22.11
54.08
55.17
46.42
31.24
37.53
49.36
44.41
51.09
43.66
49.51
46.60
50.34
38.79
40.58
48.30
44.02
44.03
23.45
14.47
15.76
43.11
58.56
21.41
19.54
59.47
59.05
57.65
55.75
11.37
12.72
25.79
26.39
44.33
37.17
46.31
44.56
10.80
41.79
49.93
49.32
50.30
47.07
40.70
51.63
42.04
42.44
48.17
49.82
51.42
45.63
41.61
41.48
42.64
47.89
25.45
45.62
29.05
29.96
50.07
31.51
32.31
50.64
50.22
21.33
51.71
25.26
36.58
52.00
42.81
42.39
45.72
40.12
47.67
44.50
48.30
15.43
16.54
47.92
57.53
21.61
20.37
58.42
21.11
49.64
47.72
59.26
10.12
9.30
11.31
12.92
14.65
56.38
10.74
48.23
53.88
47.32
16.77
43.65
47.54
41.45
48.26
43.25
52.80
44.98
46.25
49.01
53.04
49.57
14.03
47.54
50.51
56.63
55.19
46.35
59.62
33.57
10.74
53.04
42.69
35.76
45.13
29.31
44.04
40.26
28.47
46.48
29.80
42.06
58.91
6.67
52.54
14.80
6.82
56.93
59.81
5.01
49.05
13.80
15.97
33.98
8.64
57.04
60.44
46.24
50.46
52.24
7.86
17.95
7.07
41.46
15.87
17.79
57.59
6.52
60.00
55.75
59.88
4.24
60.24
44.07
53.81
7.29
56.64
59.44
8.19
59.70
12.66
12.14
50.71
55.08
57.90
32.53
8.17
36.39
59.87
6.66
58.59
59.74
46.17
55.97
4.52
34.38
45.18
39.66
47.46
46.99
49.40
56.67
58.29
60.70
58.27
53.71
55.56
60.96
42.80
4.66
53.40
8.24
57.79
47.29
24.57
26.28
56.67
57.07
8.23
21.37
3.60
61.64
47.16
8.10
4.00
49.23
15.43
58.96
14.03
11.24
58.42
9.54
52.99
52.45
18.48
11.79
11.92
57.94
57.71
9.96
51.48
42.10
13.32
16.27
13.45
43.57
19.06
21.79
51.14
53.43
17.31
58.06
8.66
5.06
47.33
15.08
56.78
11.53
52.48
51.76
19.36
14.39
13.98
56.06
57.11
10.11
48.33
7.40
11.56
4.02
61.37
58.62
14.51
10.10
45.88
31.61
37.40
31.94
44.01
39.01
40.34
43.72
36.36
51.97
35.75
41.56
47.76
37.90
41.38
38.10
38.74
44.13
46.90
50.84
49.62
42.67
33.96
10.91
51.07
59.68
57.81
56.42
19.47
53.10
51.17
15.32
15.62
54.13
60.02
54.14
3.05
5.86
6.09
42.91
36.76
46.53
7.64
10.15
54.37
54.99
6.68
5.45
57.50
14.90
47.93
29.13
4.93
30.80
7.09
39.66
24.63
56.47
26.10
19.11
53.98
61.58
9.38
59.97
44.60
20.25
17.69
18.04
46.57
35.91
34.23
29.48
56.88
28.65
48.86
47.75
18.70
46.36
50.46
47.63
38.27
25.12
49.77
52.13
14.40
59.52
30.64
59.38
47.57
45.91
52.13
41.85
40.75
53.32
54.22
53.59
47.72
33.93
48.70
48.75
46.56
52.23
6.14
53.94
41.29
10.02
50.89
47.20
35.03
15.19
6.02
54.00
57.39
59.48
2.51
56.41
53.59
53.63
57.16
3.14
55.58
57.82
2.42
13.24
51.59
4.33
4.22
54.97
4.24
59.63
9.87
50.90
60.37
3.64
58.20
57.27
5.73
46.20
50.02
48.41
46.42
12.49
41.17
6.23
58.10
6.02
47.27
52.64
32.35
47.39
49.56
52.77
23.58
53.00
28.24
43.74
56.14
26.55
14.36
31.32
7.92
57.67
29.51
55.58
4.76
11.68
17.40
25.95
11.24
31.71
58.59
19.12
14.59
37.22
23.35
27.47
32.03
36.96
19.24
23.58
43.56
10.16
5.69
34.63
50.32
56.61
54.08
46.44
24.81
56.20
56.93
21.61
55.28
7.16
17.57
11.58
54.81
20.07
26.59
42.19
57.22
26.20
19.59
6.50
59.26
58.91
55.65
17.89
16.21
17.47
53.66
48.84
59.51
50.10
57.62
46.09
38.78
35.37
57.22
35.64
48.14
52.96
45.29
37.45
32.58
40.84
50.92
34.40
41.14
51.83
47.51
45.07
33.79
59.46
52.65
47.81
12.94
56.60
60.89
11.70
60.81
53.01
17.26
58.41
7.65
53.42
51.28
17.68
18.33
54.18
11.07
56.56
58.81
44.91
53.88
51.95
48.55
59.30
40.13
50.75
56.45
46.24
48.10
43.28
57.44
59.27
46.71
43.28
50.29
47.74
18.59
45.62
49.01
54.56
53.53
44.54
53.81
43.12
47.63
44.81
48.19
50.48
42.65
53.56
51.92
55.13
27.98
56.44
54.39
49.73
52.72
39.68
50.28
40.73
57.09
55.01
57.59
33.80
43.00
33.21
55.53
13.40
3.16
53.79
45.00
3.72
59.57
9.25
4.82
19.07
21.84
24.16
14.66
47.91
7.86
9.78
8.27
32.81
42.20
9.15
45.22
33.11
47.88
4.06
4.86
51.27
57.68
52.98
34.29
46.43
58.37
10.49
53.86
57.72
52.62
50.96
44.39
15.18
55.85
56.12
60.09
58.48
56.59
54.07
43.89
50.60
51.04
21.15
15.83
56.11
48.18
25.79
46.09
49.48
49.72
27.70
36.41
46.54
31.89
6.37
31.79
33.36
41.02
59.52
60.62
58.37
12.21
12.67
13.97
33.93
20.47
43.04
58.78
42.70
56.70
59.97
56.16
60.05
51.65
8.08
61.10
56.22
48.19
52.17
31.73
44.61
50.67
43.29
55.19
42.65
41.83
44.44
50.56
25.58
16.68
11.19
41.25
37.14
60.71
57.16
54.71
25.85
14.49
16.49
42.86
29.20
51.46
12.31
36.87
42.32
56.13
59.66
58.24
20.64
8.23
13.03
38.79
25.50
49.51
59.27
15.56
58.01
12.79
57.56
56.69
9.59
58.69
57.83
13.30
16.11
12.99
58.28
27.33
12.25
58.16
49.11
20.70
23.08
28.87
24.22
31.84
57.87
18.90
12.38
9.27
59.62
57.67
58.16
9.09
18.80
18.68
35.84
36.79
45.07
14.21
4.52
5.36
55.24
15.23
60.71
53.89
59.10
38.31
50.23
58.90
50.06
12.04
53.48
54.49
50.06
24.78
20.78
51.19
40.28
15.45
15.47
13.37
16.97
45.06
38.55
44.85
9.01
43.27
58.60
58.95
53.68
50.14
28.94
44.23
49.41
46.30
10.46
17.25
20.74
11.01
58.35
53.67
5.33
3.86
19.38
48.83
46.30
46.40
48.35
42.01
45.01
38.70
48.51
47.02
49.37
46.22
51.48
50.93
47.41
45.74
37.09
45.08
49.17
43.03
41.54
11.36
56.49
57.54
46.40
30.99
11.89
59.38
14.80
55.01
58.01
57.47
23.50
14.69
56.35
38.43
12.13
21.00
36.65
32.17
29.61
42.83
25.98
18.22
32.41
52.14
45.82
43.02
41.41
52.15
45.39
42.28
41.24
43.74
42.54
51.32
53.23
43.88
41.88
47.82
44.24
46.91
29.41
32.22
52.13
44.71
33.40
32.41
56.56
45.72
44.82
43.72
42.47
28.86
34.24
23.20
29.89
33.02
37.20
32.87
28.44
34.23
36.65
32.04
53.70
37.62
54.25
12.61
3.96
3.39
56.04
56.80
52.81
52.64
38.92
49.31
37.46
41.16
47.91
40.63
49.98
36.12
34.15
41.80
52.43
19.87
21.54
21.21
55.12
13.15
28.71
27.81
17.27
45.71
43.47
46.08
32.27
48.59
56.75
46.64
46.65
46.95
54.03
45.97
52.06
42.37
50.45
39.28
30.14
52.58
39.31
58.60
36.46
39.32
28.69
36.99
17.21
49.16
25.86
49.80
53.99
46.19
55.69
33.54
10.76
55.74
16.84
26.96
22.40
9.20
42.45
43.77
39.81
4.27
44.32
11.68
12.97
47.08
55.79
14.82
53.82
7.50
50.53
55.62
45.96
46.37
29.56
37.18
57.78
16.08
11.43
18.55
55.97
57.68
57.47
8.65
6.28
24.23
38.60
44.35
48.88
38.36
50.90
49.11
42.72
47.86
50.41
45.44
46.06
51.26
48.02
19.96
53.54
53.09
49.70
48.59
54.72
50.94
58.70
4.16
49.40
6.48
56.36
61.57
4.84
6.49
50.76
10.76
55.70
37.22
60.33
40.93
32.92
51.35
53.59
33.54
55.79
57.01
19.53
7.35
57.66
9.17
4.18
4.85
54.57
9.12
22.32
37.38
57.80
30.10
55.04
55.47
33.72
58.49
37.00
40.91
23.13
2.46
53.93
53.56
55.01
30.34
16.72
52.71
26.86
19.58
18.05
48.40
50.45
56.77
39.92
47.91
57.14
13.98
55.35
8.70
46.84
50.03
50.88
40.57
47.08
44.24
44.38
35.57
46.46
45.47
48.17
39.25
49.35
41.00
39.92
51.72
48.42
54.06
37.40
23.98
36.41
37.17
35.66
49.71
49.16
27.92
37.66
4.61
44.01
20.16
21.13
45.54
18.49
52.36
51.03
51.96
36.39
36.91
50.41
52.60
46.39
52.09
50.64
52.67
48.06
57.45
47.04
47.35
41.19
42.80
39.04
34.30
57.62
55.56
41.49
40.31
42.68
33.68
39.76
31.02
39.85
38.50
39.91
42.43
36.03
22.74
24.36
56.78
56.87
57.62
33.54
57.83
28.16
24.82
12.76
54.53
26.22
22.75
18.36
20.07
18.98
17.25
28.23
10.28
58.41
3.11
55.11
55.95
21.13
14.10
57.78
46.14
20.85
28.17
24.87
59.60
59.37
18.66
61.55
4.59
54.15
15.59
20.72
16.72
16.52
49.17
49.91
44.44
45.14
43.89
18.22
47.74
47.28
55.44
40.34
53.74
41.86
44.37
44.14
29.84
48.87
39.21
32.99
34.73
36.48
36.28
11.35
19.85
19.99
36.31
34.91
37.24
44.85
35.09
35.98
59.83
55.53
52.96
58.45
4.94
56.12
7.01
42.67
36.01
50.65
54.29
12.77
57.75
10.99
52.72
16.63
14.05
16.82
56.59
5.25
40.86
18.63
55.23
54.42
35.53
48.07
51.94
52.69
32.15
54.57
27.59
20.35
22.15
28.66
20.40
27.74
24.04
4.07
26.74
59.98
19.91
15.86
15.90
56.58
53.31
58.31
56.92
11.41
51.14
11.61
40.18
30.87
47.27
49.87
57.24
59.09
57.36
36.85
54.89
46.35
46.16
57.72
29.45
10.83
51.72
22.71
21.64
21.65
49.82
49.31
41.94
58.95
6.53
40.17
18.77
52.50
53.30
38.31
50.84
29.98
21.21
52.65
35.92
9.62
11.72
10.07
11.47
49.36
35.84
44.38
40.12
39.04
46.30
54.14
48.87
55.51
57.80
57.43
33.87
53.77
46.86
46.62
28.09
24.21
10.11
56.66
9.25
56.90
14.50
55.42
48.48
18.85
48.88
50.80
40.35
40.24
39.09
42.55
50.91
42.00
46.50
45.63
51.46
37.60
51.74
36.22
55.13
54.27
55.19
47.36
55.73
54.19
52.43
50.16
12.07
57.72
11.05
51.34
11.00
58.57
38.99
29.79
51.25
36.95
11.15
57.78
2.80
53.21
56.65
23.89
47.99
38.50
44.12
48.55
51.51
58.36
52.48
25.71
52.16
20.03
55.46
18.70
25.09
16.56
54.40
40.84
48.37
20.93
31.91
32.36
59.86
5.50
40.68
54.05
7.10
57.02
59.51
39.94
57.05
46.34
46.24
37.31
33.86
35.86
47.13
42.67
10.52
34.13
33.45
53.97
58.04
40.58
56.16
46.99
33.98
60.04
52.98
43.12
58.64
21.36
40.05
60.15
52.31
55.11
55.04
58.69
40.22
59.54
55.36
53.20
48.83
40.27
45.20
51.05
43.65
48.19
45.77
4.92
35.97
34.90
41.86
37.73
40.17
51.69
19.19
11.75
11.44
46.98
47.33
60.75
47.91
31.13
28.09
7.17
60.12
17.34
57.31
19.50
20.98
20.88
49.44
34.11
46.85
32.52
26.48
47.36
27.12
44.41
32.72
60.32
57.22
34.07
43.28
50.13
37.85
55.71
19.44
33.29
34.89
18.43
7.15
16.62
37.62
10.31
29.31
24.84
37.75
9.02
58.74
9.70
7.23
17.68
41.11
27.09
20.35
56.34
46.76
52.08
12.30
6.88
28.27
39.49
20.22
41.19
22.12
40.63
33.93
19.14
27.65
24.51
53.07
37.57
51.72
16.22
17.72
37.61
32.93
51.16
29.52
48.30
29.91
51.90
15.24
23.15
15.68
19.16
55.69
38.27
16.65
60.61
34.53
46.32
43.24
50.46
40.87
43.22
29.80
34.65
20.47
45.68
40.93
52.02
52.71
50.47
51.87
51.53
34.36
52.90
51.26
38.27
53.88
34.55
48.74
36.83
5.84
51.81
52.04
58.78
54.94
51.93
47.24
49.45
48.99
28.72
28.93
35.38
41.19
58.79
39.01
35.66
27.20
19.08
18.32
55.37
57.78
13.53
36.19
15.48
36.80
10.13
41.07
45.02
49.28
23.23
21.66
2.27
36.99
36.21
31.35
23.37
23.34
23.52
17.00
49.34
46.54
24.12
25.15
44.51
59.90
44.99
43.80
48.68
39.41
35.32
36.31
22.89
24.33
41.66
16.74
29.08
34.84
24.37
40.31
17.71
9.51
32.14
32.10
29.75
31.15
44.70
47.31
27.98
49.70
28.22
42.28
46.67
39.35
43.44
42.85
52.79
45.33
24.16
41.58
29.02
15.27
25.37
14.97
34.66
54.91
34.04
35.60
21.63
27.03
9.32
13.84
26.26
30.41
56.63
32.46
13.74
22.52
24.19
42.75
21.28
55.68
21.11
34.65
20.02
58.45
8.13
57.47
16.55
29.52
25.80
7.07
5.30
44.59
26.44
47.49
15.61
10.36
59.63
55.12
24.53
25.32
45.34
46.98
23.79
22.13
44.39
44.44
45.42
30.82
48.01
31.74
10.99
18.40
43.18
30.71
48.18
12.70
4.62
11.10
33.45
17.05
56.76
11.83
41.91
32.04
22.51
49.99
23.55
30.26
17.38
48.65
16.97
21.21
53.18
39.96
49.76
29.35
57.69
24.50
34.29
19.52
17.53
9.88
34.38
27.80
5.45
21.33
56.06
19.26
25.31
36.38
33.11
32.83
35.72
32.35
33.68
57.81
59.37
31.06
56.53
41.44
56.57
42.77
55.70
46.70
37.43
39.89
49.35
45.51
58.48
33.23
34.33
47.10
49.69
34.81
34.51
21.81
33.19
43.82
38.15
30.59
23.82
46.15
38.45
40.13
35.98
35.25
35.04
29.03
53.07
53.51
52.31
52.04
52.95
54.41
56.96
48.04
59.99
40.29
20.89
57.09
29.39
13.54
25.43
9.50
9.57
8.54
15.86
17.25
39.49
30.08
11.27
32.63
28.84
21.64
27.35
19.23
56.19
37.71
41.68
25.75
60.62
30.66
23.92
24.53
24.13
51.64
15.45
25.92
7.56
57.86
30.64
31.12
18.93
42.44
14.41
13.03
19.82
9.27
11.23
24.97
11.93
23.43
30.49
26.55
17.88
44.25
30.74
6.75
44.95
48.43
21.30
21.53
44.35
39.23
49.85
41.81
49.08
7.64
25.10
57.12
24.12
25.39
11.70
36.35
22.14
55.85
58.50
16.77
20.13
52.48
29.16
35.25
9.95
50.81
10.40
22.13
19.98
23.10
20.42
25.59
15.56
7.16
13.13
60.00
15.00
8.19
42.67
18.11
10.70
40.79
41.96
31.47
31.34
30.44
35.95
39.57
48.73
44.11
37.65
43.40
28.04
40.52
29.42
13.51
10.44
13.07
7.22
57.98
17.32
57.55
26.49
59.56
21.63
7.46
11.65
25.30
58.49
13.32
21.30
10.31
40.33
26.36
15.91
48.71
61.83
61.77
9.36
28.92
12.60
56.44
57.01
5.64
15.17
15.57
2.90
11.33
14.72
55.11
54.33
56.65
25.20
57.03
29.04
50.30
3.67
61.04
56.23
13.72
20.48
7.48
7.06
12.70
7.70
56.89
12.45
47.88
33.35
31.18
52.04
34.42
37.90
39.90
25.24
43.36
36.20
53.13
27.21
31.51
23.56
46.44
8.72
10.62
8.42
43.40
60.06
21.87
30.95
33.69
38.35
28.42
46.28
50.43
28.07
50.67
40.90
22.24
36.94
6.06
48.90
4.26
29.94
34.60
17.59
24.12
48.90
24.18
50.99
42.44
18.70
36.70
44.82
27.75
10.35
12.88
50.58
35.78
57.19
50.28
35.14
39.15
47.62
40.60
33.06
38.74
32.92
34.77
44.12
49.57
29.99
35.11
58.68
20.58
55.16
60.87
47.03
45.44
48.39
56.05
17.40
51.77
56.97
56.43
58.74
22.61
15.90
57.46
53.92
56.65
24.89
39.91
53.06
44.19
59.40
21.45
45.80
51.10
57.73
53.01
52.94
51.90
41.09
34.53
17.58
7.85
34.78
19.84
40.33
47.66
49.73
49.16
31.99
35.58
56.21
49.45
51.70
46.25
52.27
51.98
48.65
47.58
46.69
50.23
49.78
37.17
46.37
45.62
30.14
26.28
54.65
57.80
33.85
19.95
21.61
37.12
47.40
50.98
53.19
56.56
54.50
46.09
39.38
51.16
32.29
59.10
49.41
56.56
51.02
51.51
52.47
5.94
53.90
2.11
18.27
4.21
8.68
9.42
56.70
54.88
12.64
19.44
7.19
6.91
8.64
57.69
59.40
7.76
14.77
23.44
17.30
21.78
16.92
58.48
14.92
19.98
60.20
14.98
23.67
14.50
4.66
14.73
59.11
20.36
14.15
13.23
24.34
30.12
23.25
37.07
24.53
57.80
57.36
21.20
26.56
28.33
15.99
15.27
2.26
9.83
58.23
6.08
55.32
17.70
55.77
6.06
55.39
58.77
52.86
51.08
56.09
57.29
54.53
52.10
51.16
58.23
4.44
53.13
48.55
45.37
49.46
45.99
49.71
42.00
47.33
44.15
26.53
32.26
47.24
38.46
38.91
56.44
44.17
56.64
22.10
37.78
48.44
50.06
9.89
55.56
49.49
14.07
6.39
54.49
46.55
39.00
19.79
6.63
9.39
9.45
8.69
26.70
14.58
3.66
60.00
17.64
7.51
13.25
60.21
54.35
4.12
55.91
57.18
54.24
52.12
51.20
58.09
4.07
16.33
17.81
9.06
11.95
15.47
9.54
59.07
7.56
8.38
61.61
15.91
10.36
4.58
52.56
52.76
39.15
44.28
33.21
49.47
33.38
12.04
22.07
58.80
9.49
8.18
54.75
18.61
14.89
24.12
59.83
14.84
5.30
5.69
35.27
39.94
9.01
30.89
53.29
29.43
37.47
22.76
29.41
44.77
28.44
19.07
23.67
25.76
15.45
17.31
37.28
53.88
20.80
50.83
17.02
18.44
20.47
12.75
12.16
8.65
5.61
10.69
31.74
10.25
6.48
7.02
59.99
8.26
3.71
57.28
57.33
3.73
4.60
5.15
7.54
4.99
17.97
12.96
21.40
40.18
33.22
48.48
4.79
25.62
25.38
30.92
28.34
44.85
33.08
44.98
40.11
23.02
14.50
6.25
11.58
16.85
6.43
27.32
27.51
35.31
36.79
53.76
40.97
27.12
41.54
35.67
27.62
37.35
47.84
54.22
22.37
20.82
56.98
21.88
14.71
11.24
9.73
6.50
3.17
3.06
6.02
57.64
51.22
16.79
25.41
10.62
9.91
13.25
58.33
52.15
55.56
6.69
53.21
58.11
49.41
54.59
55.53
56.18
56.52
55.83
57.16
58.95
55.19
55.50
53.94
23.25
47.50
44.62
38.94
30.27
44.39
35.60
44.13
55.17
38.55
45.27
55.20
36.87
26.61
54.68
38.82
37.25
48.08
55.44
14.76
17.98
24.90
42.75
33.03
34.21
47.33
41.65
32.59
52.67
34.03
27.18
34.99
46.53
28.44
33.19
25.10
44.09
47.52
40.47
32.59
16.72
14.91
17.52
30.16
47.96
47.72
20.08
31.67
45.61
57.94
39.10
50.54
51.46
39.10
26.26
19.38
40.61
59.76
52.15
17.70
28.18
30.86
3.02
18.91
7.00
8.19
11.38
5.48
11.72
37.78
19.47
52.30
53.77
19.49
7.34
11.73
56.63
53.08
54.24
9.28
58.04
14.37
16.63
25.42
8.19
6.63
13.24
54.98
21.90
7.66
14.89
21.10
59.21
32.57
45.58
59.99
19.25
58.89
52.19
51.85
16.54
43.72
57.06
41.34
28.94
59.69
59.51
26.48
31.03
19.52
56.01
30.53
59.19
27.90
22.27
19.18
5.57
55.12
42.99
23.92
12.06
6.14
16.87
4.62
2.52
55.62
13.59
7.71
59.38
18.77
40.31
22.74
22.19
19.63
32.94
14.83
37.09
47.62
51.69
16.86
36.74
30.71
16.66
25.47
34.69
32.06
43.01
30.27
27.76
27.75
41.69
18.15
35.18
34.52
27.20
23.70
40.66
39.68
45.88
54.61
41.80
46.89
58.08
61.31
58.97
55.53
57.40
31.35
53.05
30.92
57.11
47.23
46.66
30.74
44.33
17.17
49.79
24.89
32.12
45.54
45.28
32.37
23.93
10.08
6.72
16.25
31.49
5.36
2.73
14.57
9.79
60.92
20.58
41.64
30.33
43.58
60.22
17.04
58.95
53.88
36.71
45.06
49.94
32.89
49.28
50.11
44.72
40.35
30.34
15.55
24.30
45.72
47.93
16.98
27.92
36.79
25.57
19.81
58.45
59.56
29.33
22.46
58.18
38.46
46.41
48.31
22.13
31.96
49.89
44.53
20.34
21.95
51.73
19.72
26.79
39.50
22.25
55.60
22.32
57.71
26.61
6.72
17.60
13.87
25.16
3.59
31.32
19.19
12.21
42.41
9.63
10.03
44.33
15.31
52.59
54.10
59.22
60.59
59.28
51.78
56.85
5.05
57.79
40.01
9.11
8.81
8.81
4.48
11.43
56.27
12.69
6.25
15.21
15.36
16.93
5.64
8.45
9.14
43.57
29.04
56.07
14.17
7.71
15.50
11.76
50.22
14.64
34.63
23.36
48.86
21.01
12.85
9.38
42.95
59.92
55.23
53.97
38.11
40.60
46.78
44.00
26.17
17.56
51.10
30.56
39.52
26.29
32.88
32.27
15.52
25.96
4.90
18.04
23.42
24.10
56.41
37.52
59.99
51.36
54.23
60.43
58.82
51.26
56.36
8.26
57.84
34.71
11.06
13.73
9.60
5.84
14.84
4.64
58.79
24.76
47.45
34.15
54.94
11.63
11.65
21.11
17.35
2.55
46.41
48.73
32.81
58.32
59.77
50.41
31.52
16.27
52.32
26.23
32.53
59.32
59.66
32.07
17.25
21.63
47.25
18.77
16.93
29.35
11.51
18.63
40.11
11.74
12.45
24.39
26.15
40.07
48.96
53.11
42.72
50.49
39.76
52.02
56.76
38.23
25.68
55.39
38.35
37.64
58.47
8.80
17.26
23.59
25.89
29.30
59.13
17.53
36.38
16.74
24.94
32.89
18.30
17.94
57.85
47.72
28.81
57.82
7.62
10.73
8.50
17.19
8.78
18.72
2.89
53.80
42.15
34.94
22.64
46.82
59.82
44.49
33.07
40.97
47.13
39.58
43.87
36.18
56.69
47.78
18.12
43.35
27.08
53.29
24.18
46.03
55.35
50.06
53.98
26.57
33.41
2.44
56.61
36.63
56.76
48.17
46.70
55.70
57.67
53.60
55.73
29.02
16.73
19.41
22.38
9.45
15.90
27.92
46.16
39.35
21.06
48.85
54.95
47.40
59.78
52.34
18.43
52.32
35.43
37.40
14.92
38.29
19.32
57.94
5.60
32.45
54.26
52.73
13.15
51.32
55.67
52.85
40.03
55.16
14.51
32.75
26.22
18.02
16.87
54.09
57.03
19.75
20.10
19.25
16.99
9.25
47.31
17.74
51.66
51.59
23.81
40.62
51.13
46.55
34.97
43.67
46.72
44.93
22.22
49.57
56.52
51.11
21.06
17.63
18.53
12.69
20.94
9.58
32.81
55.68
47.21
19.09
11.53
39.63
42.09
43.42
51.90
42.09
15.62
15.68
8.53
17.52
4.81
12.24
17.14
58.99
49.22
20.86
50.40
52.76
59.92
52.34
39.36
44.57
17.30
19.44
9.87
20.15
8.55
17.88
8.52
13.76
53.74
50.11
56.67
55.28
60.75
40.56
31.07
58.00
39.02
55.08
59.61
59.84
58.08
57.81
52.10
48.94
46.05
42.74
51.13
55.88
36.94
54.45
53.79
57.99
43.67
25.69
21.78
37.89
32.21
28.96
16.62
34.02
28.91
35.95
37.00
39.45
38.89
43.76
14.92
60.48
17.64
18.34
8.57
8.46
12.72
49.22
27.09
59.63
11.49
42.23
33.18
13.18
45.97
52.54
56.15
22.03
12.20
10.24
58.98
17.74
11.96
59.64
22.84
53.45
58.42
57.72
21.50
10.04
37.16
12.17
10.15
16.13
37.42
49.47
44.99
10.77
15.25
9.14
58.86
9.44
11.91
39.72
53.21
7.08
15.76
51.98
43.92
56.67
58.37
58.86
4.52
54.48
55.33
30.36
41.06
56.69
10.52
33.68
53.17
52.44
56.73
55.02
59.50
42.98
28.44
57.11
39.69
56.89
60.84
58.77
45.28
51.17
53.66
57.82
29.04
32.70
42.99
37.60
24.32
32.79
12.71
12.89
38.55
5.12
15.89
51.91
29.24
58.84
37.35
54.84
58.06
42.83
37.26
45.69
52.36
25.27
41.21
39.05
29.76
30.52
37.19
43.79
25.66
43.18
23.72
51.39
54.03
56.47
53.55
24.25
58.79
51.14
33.75
19.70
24.21
60.52
31.38
41.04
44.25
43.46
46.86
49.42
48.77
51.53
47.89
56.16
41.74
28.69
21.73
49.04
35.33
40.58
35.88
54.27
40.33
35.92
28.53
48.41
21.46
23.17
41.06
40.36
22.90
48.73
15.07
56.63
45.02
46.75
45.82
13.63
44.44
17.33
11.75
6.89
8.91
5.71
15.10
18.41
18.01
38.94
10.98
57.06
6.96
5.50
4.58
49.64
25.06
57.80
0.97
37.38
9.96
49.50
38.01
51.82
49.14
52.47
40.91
51.85
50.46
40.11
50.62
23.71
14.51
18.68
10.10
47.92
58.16
12.01
4.60
46.03
56.35
50.85
56.77
51.15
60.34
14.08
25.25
27.52
10.89
23.46
45.49
23.01
13.16
13.88
37.04
37.00
16.26
24.96
19.21
28.02
13.33
8.91
6.32
8.10
12.61
9.51
44.15
44.07
17.46
19.59
39.20
21.11
14.17
14.67
1.97
19.56
57.25
53.30
8.47
50.85
17.87
15.74
33.72
27.77
56.77
52.97
56.98
43.79
17.87
24.81
33.48
50.34
52.88
26.86
51.19
27.76
50.14
46.43
7.55
56.45
29.50
58.10
10.71
44.85
15.86
45.94
59.38
52.11
32.95
49.62
6.53
52.59
21.73
52.49
52.00
58.98
57.80
53.48
56.38
53.57
36.63
17.80
7.29
50.85
61.36
16.05
59.27
54.13
28.96
35.19
2.77
58.12
24.37
58.74
12.76
44.02
11.98
43.94
55.31
9.17
2.88
9.78
45.10
10.10
36.02
43.80
11.55
18.60
6.68
8.16
36.13
2.90
41.71
57.18
10.59
54.59
45.06
50.74
36.27
35.45
43.46
24.69
43.19
44.17
40.96
33.86
51.53
47.96
58.80
58.65
38.22
49.27
36.73
20.01
60.43
55.96
45.09
58.38
22.76
59.69
40.90
11.18
57.70
8.42
4.50
35.68
9.01
8.28
11.56
57.86
13.90
57.36
54.77
58.40
54.53
33.73
25.89
38.93
31.75
33.51
57.72
58.73
58.18
49.27
25.89
24.96
21.93
29.76
18.37
19.32
29.90
34.63
27.52
22.61
21.52
50.97
45.22
45.04
30.53
12.56
55.19
31.73
30.60
37.79
42.53
43.70
32.33
37.74
44.84
36.21
32.81
36.83
34.79
40.89
41.02
41.29
60.05
47.05
28.69
35.41
58.44
54.32
54.89
48.62
48.33
60.33
45.44
33.66
26.25
35.83
24.88
45.80
10.92
43.08
32.03
53.62
33.56
46.10
25.80
24.31
39.05
44.33
31.66
45.03
36.14
34.80
15.40
13.91
51.37
34.25
58.26
12.98
6.58
9.81
54.14
46.70
22.03
60.17
14.41
44.77
8.74
43.28
7.06
59.06
57.87
48.04
34.19
24.01
31.89
48.09
35.12
50.06
34.74
52.15
35.89
46.73
49.89
31.59
40.52
24.19
21.66
20.35
32.15
50.24
45.97
31.85
36.12
49.79
12.84
26.73
53.48
39.65
52.82
26.27
42.20
41.84
21.18
42.48
30.64
34.69
40.38
28.03
33.53
45.33
44.13
32.05
38.12
37.98
32.44
13.22
35.38
25.18
17.58
11.40
54.69
59.50
25.67
10.24
44.84
28.11
11.08
27.00
57.88
35.83
20.10
14.07
54.50
18.59
17.10
8.83
18.12
17.68
17.31
55.64
30.90
55.26
44.23
44.82
24.27
28.71
52.52
32.67
12.13
12.02
17.36
53.67
7.91
45.96
41.46
18.68
19.66
55.09
42.48
27.05
47.98
34.39
41.72
38.63
45.16
45.54
45.08
39.81
39.88
45.69
55.53
41.01
59.55
7.20
23.92
15.55
24.93
7.28
57.46
56.83
4.09
44.67
50.12
14.46
30.93
13.21
15.17
20.93
35.94
30.38
15.63
23.09
36.49
20.79
32.46
21.03
50.82
38.23
17.30
23.12
24.27
52.46
33.74
24.28
53.84
27.04
23.18
39.72
37.09
54.99
23.05
55.25
36.02
44.78
21.47
39.24
40.04
27.00
22.54
26.13
23.39
31.24
23.93
41.29
12.58
24.20
23.33
47.65
18.56
20.70
23.52
22.36
48.63
31.62
26.35
55.80
23.25
11.21
6.70
31.94
44.30
4.70
57.56
44.01
39.61
23.95
51.00
4.11
40.87
6.05
9.72
54.44
10.59
58.54
58.27
31.14
33.66
46.34
45.55
44.38
40.13
36.62
35.26
51.89
38.65
53.70
34.79
47.44
34.66
44.85
28.84
48.15
35.71
52.41
33.03
43.32
49.45
46.58
37.73
44.69
47.69
7.85
6.01
11.27
10.97
9.91
37.53
44.80
39.58
50.39
5.98
49.65
46.05
8.71
45.61
14.40
18.10
14.85
17.99
52.07
27.60
7.09
16.60
20.46
32.84
48.16
38.11
40.14
60.60
46.56
44.39
48.81
52.12
38.06
47.93
34.16
36.86
43.89
57.38
13.11
18.10
28.71
13.18
56.51
40.54
58.63
31.34
58.65
8.73
19.25
50.83
41.99
25.45
59.48
27.01
56.32
11.86
51.48
58.02
7.21
55.47
60.24
59.55
6.89
34.71
57.83
57.16
35.66
47.50
39.67
58.49
2.13
23.79
22.88
3.51
57.11
19.40
47.63
37.99
7.01
5.63
18.48
41.81
11.36
25.43
59.86
6.94
12.24
42.73
10.24
27.04
50.06
32.86
21.65
21.65
13.09
14.64
18.31
19.74
15.71
19.75
22.08
9.88
25.18
43.46
47.87
32.65
11.48
12.94
11.63
53.58
51.13
55.17
50.39
59.95
37.23
18.62
41.60
29.04
39.38
28.42
38.97
36.20
58.00
9.55
44.36
14.58
10.83
6.87
22.43
19.18
6.77
15.02
8.53
23.56
49.03
35.63
49.88
59.79
13.33
5.87
15.65
52.15
20.78
17.96
14.22
15.33
20.78
4.75
21.09
16.00
20.85
36.90
40.85
31.13
38.84
24.21
45.86
46.09
37.19
28.73
22.12
51.43
21.51
39.08
34.87
44.66
13.48
31.19
48.60
53.91
53.33
55.04
60.59
59.96
40.97
32.85
21.74
7.68
12.02
9.14
59.81
30.61
5.94
58.28
13.87
43.47
13.99
9.55
25.11
5.62
15.90
49.82
44.85
47.01
42.01
45.36
33.56
60.28
57.71
58.08
45.71
58.60
16.28
57.19
58.98
57.27
60.78
35.29
27.55
17.19
11.58
13.61
48.56
8.97
23.88
39.60
14.45
11.88
34.57
54.52
45.68
33.26
23.48
8.87
25.45
53.55
11.71
27.62
14.10
21.38
58.12
5.48
52.43
21.28
54.93
8.08
13.04
2.55
9.03
59.52
5.91
11.07
31.19
51.87
35.63
21.33
16.07
46.92
17.93
18.27
54.45
48.80
27.67
54.98
33.04
59.22
20.61
16.18
31.88
19.93
25.53
28.94
48.84
45.47
41.15
47.66
54.06
20.61
57.70
58.92
57.93
51.26
43.62
51.55
34.51
33.28
37.87
29.63
23.37
24.31
41.02
52.37
30.19
34.56
15.28
1.92
53.27
19.45
2.36
3.99
8.66
12.92
7.52
28.91
45.15
41.18
38.26
54.99
46.02
31.35
25.14
37.95
15.33
41.57
45.72
37.91
46.96
36.74
41.42
40.76
36.59
46.17
43.21
50.06
41.52
47.55
45.10
40.64
44.50
47.53
53.41
43.59
45.70
41.60
42.18
43.94
47.24
35.05
42.75
33.69
47.92
38.92
35.66
18.66
54.06
12.10
25.42
56.05
54.94
16.58
54.33
46.97
18.29
41.21
52.51
56.64
55.22
56.48
53.64
14.76
13.62
48.76
52.56
17.65
26.87
55.74
22.06
31.72
51.57
18.44
44.85
57.38
36.65
50.41
15.64
59.27
54.74
46.05
50.43
14.59
51.97
32.63
13.17
54.05
47.83
44.69
47.65
46.40
36.76
36.04
52.45
45.69
48.02
47.27
56.30
49.41
31.92
27.46
35.98
43.06
50.74
42.99
47.46
55.64
38.43
34.55
25.95
16.80
17.70
20.63
9.50
23.16
23.60
30.50
20.41
25.28
33.23
10.35
41.73
39.38
8.25
19.91
10.25
55.83
46.19
43.22
21.46
20.59
45.09
11.92
12.36
18.96
14.72
5.96
16.09
24.18
45.68
6.69
16.57
35.08
13.94
8.69
29.23
11.11
19.35
29.14
59.48
16.59
24.75
38.81
45.50
40.06
33.61
28.34
58.28
38.81
37.47
35.22
54.09
8.29
49.56
34.86
30.03
33.64
53.30
7.95
6.39
58.76
8.03
40.88
53.76
18.74
36.16
53.94
57.30
44.22
60.59
59.93
38.13
41.61
54.78
39.76
35.19
47.90
38.30
58.15
40.57
42.58
46.64
42.13
42.48
28.00
41.45
17.47
18.18
22.10
10.13
13.04
25.89
55.03
27.93
20.58
35.24
9.66
42.15
42.58
52.94
13.84
41.71
28.16
21.56
41.96
8.20
14.76
36.37
43.49
30.84
29.70
38.30
29.65
43.96
46.06
44.09
34.88
29.04
10.69
28.68
31.29
15.61
21.44
26.24
13.68
20.04
49.99
22.19
52.59
6.19
18.14
13.60
39.99
10.54
35.34
9.70
27.51
6.72
14.59
7.74
24.16
16.12
12.14
25.03
37.88
19.83
42.94
45.73
44.10
50.16
26.03
41.52
15.59
46.25
48.93
21.38
46.10
37.01
16.39
47.18
55.84
45.26
43.79
14.58
32.71
42.51
54.79
19.91
44.26
10.09
33.48
26.83
36.74
38.67
50.00
8.46
20.81
53.42
27.47
46.47
27.09
41.56
54.83
23.72
49.27
6.37
29.13
23.07
19.48
18.79
54.63
59.69
39.17
35.06
45.77
54.69
55.93
53.92
52.54
42.25
32.36
39.80
56.77
50.37
58.60
55.70
50.16
57.69
54.73
44.39
14.34
4.58
13.82
34.12
51.71
15.69
6.92
49.70
41.32
44.91
42.96
38.62
11.70
28.63
48.47
43.62
46.56
46.85
43.42
56.34
48.36
52.01
39.77
49.40
40.72
37.35
39.81
49.20
36.60
37.97
40.72
46.31
47.76
18.17
19.23
7.13
32.38
57.60
39.02
53.67
16.26
42.32
34.06
29.69
41.76
15.59
9.32
12.65
12.49
16.93
3.86
59.30
10.74
57.03
34.11
38.94
55.14
20.53
40.30
43.50
50.44
60.21
46.34
18.15
25.36
42.11
59.94
55.24
40.19
44.27
12.06
42.93
15.12
29.06
50.50
17.12
44.42
56.36
58.11
57.29
55.75
44.86
7.94
46.91
41.76
45.42
11.00
22.41
34.56
15.65
44.10
37.12
21.66
19.04
35.47
31.85
45.84
15.12
34.02
21.00
12.65
43.08
11.47
19.07
32.08
37.27
41.11
29.31
30.05
34.35
23.67
28.38
38.03
39.95
51.13
32.06
29.91
23.62
12.79
52.95
20.32
19.32
20.50
7.59
20.72
24.85
52.90
21.54
50.79
41.91
42.94
47.56
31.64
51.81
32.97
39.50
43.98
23.22
55.59
20.75
18.50
49.29
45.31
24.37
16.50
27.86
24.23
43.80
18.49
55.26
6.39
44.04
47.64
14.97
37.02
54.87
39.37
43.91
4.14
50.79
41.32
43.74
23.10
44.64
47.55
47.66
50.82
47.87
28.81
26.78
10.65
40.89
41.03
9.01
48.12
43.19
49.27
38.51
14.11
29.89
21.44
43.75
11.89
18.00
40.79
47.57
58.13
60.18
55.86
42.40
48.88
58.97
35.35
9.62
6.06
21.17
51.61
13.64
37.77
47.82
54.58
43.88
47.60
51.45
50.10
54.53
51.67
41.72
47.11
53.28
59.39
60.28
28.72
39.27
41.00
51.16
58.04
29.08
54.27
50.38
20.14
14.80
15.49
19.21
25.89
13.59
9.50
51.16
15.17
17.53
9.80
10.00
41.07
30.41
15.88
53.17
38.59
48.01
10.37
24.10
51.04
47.68
20.40
37.72
16.62
47.88
13.65
17.07
54.39
60.19
40.44
48.05
55.75
41.30
38.43
35.89
21.44
43.84
20.14
24.60
37.25
22.13
26.08
32.04
54.48
5.70
18.01
20.30
28.20
14.74
8.72
8.40
11.33
17.62
26.08
52.79
6.49
51.32
2.03
10.69
11.40
38.90
14.28
28.79
44.79
11.24
44.32
45.45
51.91
13.27
42.64
36.78
53.20
27.51
24.73
47.47
45.06
48.68
11.40
9.43
51.62
13.12
16.49
45.85
46.48
53.51
50.96
46.82
54.58
41.48
9.16
19.31
19.46
24.09
13.54
50.83
46.48
23.30
37.37
34.66
32.14
52.07
37.14
17.87
44.41
33.92
48.95
48.57
39.06
18.16
18.85
40.27
45.88
55.38
55.57
16.52
54.94
43.32
39.16
42.44
43.58
20.11
34.08
50.18
33.80
32.98
59.89
35.01
60.72
58.15
51.91
51.99
18.96
24.05
49.40
46.39
42.42
38.29
48.79
15.78
18.69
24.03
32.31
34.14
32.87
49.15
15.47
18.18
10.10
16.94
7.95
17.04
43.71
40.52
33.42
43.36
21.81
33.21
46.04
58.78
40.54
58.14
59.89
44.53
47.23
46.19
44.85
14.92
38.89
28.90
43.49
42.78
37.46
40.56
23.17
52.96
57.12
47.52
52.77
50.98
41.59
45.96
38.23
48.03
13.51
17.75
35.65
19.57
37.25
16.54
19.82
36.02
28.45
36.41
29.78
38.90
45.69
48.25
25.31
30.90
42.81
50.40
28.22
24.69
35.50
52.06
47.62
19.31
40.74
57.03
37.36
29.85
18.43
27.14
33.08
23.01
19.39
45.95
10.48
12.18
26.83
41.02
36.91
12.75
6.06
10.48
53.47
16.72
18.13
10.43
18.20
22.58
55.05
55.41
48.05
49.34
46.54
45.94
50.41
29.05
31.54
9.98
55.58
47.30
48.68
44.97
7.84
48.02
23.88
8.85
45.63
39.13
43.43
43.07
10.99
48.67
40.97
53.98
50.80
15.73
44.34
35.48
44.63
17.61
39.62
13.35
28.62
22.86
35.51
20.48
15.16
16.03
54.47
52.01
59.78
12.40
50.46
53.36
56.98
26.72
52.05
42.95
49.98
51.07
60.36
6.15
60.65
5.68
10.21
21.02
21.41
27.22
16.77
51.83
47.59
27.42
35.73
39.67
19.48
32.89
19.93
21.27
31.84
37.78
31.56
35.74
34.65
29.24
37.67
26.40
27.48
22.02
11.33
61.05
19.73
47.23
24.85
33.34
23.57
44.94
30.18
38.61
12.78
39.68
18.64
35.36
38.90
38.40
19.40
54.33
49.29
35.87
43.77
44.86
48.69
32.56
42.43
26.90
49.75
18.98
14.69
25.15
23.17
35.75
29.16
12.69
10.97
17.13
21.11
21.42
52.89
16.78
7.99
48.89
46.53
29.53
43.59
16.37
45.58
16.93
6.49
19.40
58.42
21.95
42.80
25.11
9.68
14.39
22.91
55.75
40.65
58.53
53.81
48.08
26.09
29.62
19.66
52.60
43.67
40.33
38.94
25.50
38.76
35.27
26.09
38.58
30.67
43.37
37.76
29.44
31.25
29.80
26.66
45.02
27.67
32.28
31.74
42.00
28.71
29.88
12.32
15.26
27.11
34.38
18.86
30.69
26.75
41.13
34.97
41.32
48.73
51.69
31.52
47.97
49.82
37.96
37.45
47.94
54.76
44.08
44.42
49.95
53.60
28.27
27.20
56.87
20.43
41.80
20.58
51.76
19.87
58.76
20.27
20.99
11.79
58.96
35.63
37.16
41.24
42.11
43.18
24.35
60.81
39.95
40.28
28.55
29.60
34.70
43.89
49.86
26.27
28.18
24.35
49.07
57.74
30.56
32.98
54.30
31.71
3.73
20.84
21.50
23.67
26.47
27.64
36.60
33.87
61.97
52.53
8.55
7.96
40.83
47.74
8.62
44.92
11.48
21.98
48.15
52.40
54.38
51.85
53.15
34.37
16.85
14.61
42.57
49.26
2.33
4.35
13.21
24.34
57.94
28.77
50.07
47.49
52.39
46.40
31.36
33.75
12.10
46.96
22.68
23.08
44.98
41.91
23.31
54.03
49.76
50.12
49.78
32.48
19.27
33.31
49.28
48.57
17.98
32.13
44.18
40.96
59.06
6.32
11.20
45.56
5.16
43.10
44.02
44.26
44.08
14.92
40.77
22.99
30.93
29.45
26.78
16.13
42.84
57.82
14.81
39.87
17.98
28.37
55.47
37.21
35.05
29.56
50.31
56.82
53.03
27.74
51.27
51.53
8.62
29.37
21.51
18.50
57.42
58.01
59.51
12.28
50.37
26.05
39.22
35.02
27.32
28.88
30.01
41.86
52.58
16.85
53.17
60.06
43.33
45.72
55.76
52.41
56.90
28.70
33.18
56.12
37.12
5.10
49.95
33.55
11.15
54.68
54.76
20.73
32.60
17.62
35.40
38.31
53.58
55.24
52.46
55.13
34.24
34.59
16.65
54.10
45.77
25.39
48.67
46.27
35.59
49.91
27.26
42.49
13.94
39.98
36.42
44.11
7.01
39.63
5.79
58.37
38.34
51.81
60.11
15.87
57.21
51.65
56.46
33.03
45.90
44.76
58.64
60.25
58.05
45.09
59.19
46.44
46.97
48.59
42.65
46.86
45.88
43.70
57.80
46.57
35.11
54.86
26.57
8.15
45.16
39.33
41.07
39.85
34.36
52.92
45.47
51.45
9.15
46.28
40.96
42.34
49.86
45.36
36.86
14.82
35.92
56.78
31.30
18.25
42.18
5.36
11.96
47.83
43.96
58.34
21.62
38.38
28.13
47.80
48.32
58.22
53.53
59.88
59.29
59.98
50.06
47.67
45.66
41.29
47.62
33.09
46.11
20.71
35.67
51.91
25.75
9.33
43.82
38.06
35.51
49.84
46.69
47.06
46.83
35.39
43.91
33.73
30.18
46.58
35.65
48.72
46.00
52.21
47.71
49.61
45.91
55.72
9.39
21.52
40.42
36.39
59.25
44.05
44.40
50.80
44.99
20.23
42.03
37.60
43.86
30.51
4.65
33.77
16.83
7.77
55.68
59.79
23.50
50.36
43.05
6.76
39.14
38.80
47.89
47.69
41.81
37.20
27.57
17.80
26.61
49.84
41.09
49.54
6.46
24.48
47.01
41.28
34.65
31.81
52.72
44.05
24.30
52.38
23.88
34.36
47.52
50.31
55.43
53.16
46.40
51.14
32.85
34.51
37.95
18.87
52.40
9.67
55.28
52.76
18.69
35.78
39.67
16.82
7.34
40.48
16.03
3.33
18.42
48.84
9.76
8.05
12.03
11.26
53.35
52.96
42.53
49.87
50.94
53.35
26.02
20.56
13.65
7.86
39.48
8.21
24.36
27.91
29.94
39.42
29.25
27.66
46.62
45.69
49.58
43.03
51.82
15.26
27.74
41.22
7.98
27.35
25.58
36.97
44.89
11.05
50.22
40.66
42.62
4.12
10.12
9.41
12.16
40.26
19.58
52.62
25.43
48.06
47.28
48.84
31.82
11.21
40.76
13.20
11.92
50.05
28.66
52.68
30.49
44.48
44.28
30.45
30.21
19.55
57.52
19.49
30.77
17.91
50.57
12.73
29.64
39.16
39.07
46.13
43.10
49.22
40.46
50.74
22.21
32.90
51.00
34.14
21.12
56.92
35.76
33.52
36.11
10.72
48.10
17.67
48.61
16.42
27.10
50.79
27.21
53.40
28.25
43.61
15.76
37.97
48.60
26.55
12.81
32.40
24.22
47.10
59.21
38.07
34.00
33.20
27.02
32.58
44.09
12.52
19.28
33.00
52.35
48.20
45.44
43.54
40.90
18.96
31.45
44.48
18.14
23.37
39.25
41.33
12.56
18.60
44.23
12.27
11.57
39.27
45.06
40.88
41.88
17.97
21.44
50.04
25.34
20.48
32.08
12.68
16.39
46.82
21.63
39.53
48.49
33.10
50.24
47.53
18.79
28.26
44.80
41.37
41.51
42.02
48.06
45.44
48.58
44.34
41.35
26.50
41.02
37.46
41.61
48.31
43.91
39.58
33.64
38.69
14.17
6.21
31.11
14.42
3.45
3.08
51.51
17.04
60.22
38.13
28.03
57.23
40.73
55.31
8.45
46.03
52.46
51.85
53.27
55.33
33.05
13.24
52.12
47.91
33.56
40.77
51.90
12.71
7.98
46.29
48.07
52.46
54.78
51.34
51.84
26.93
9.75
24.68
46.03
27.14
45.08
37.60
27.23
41.63
48.88
22.00
31.05
36.65
34.39
35.62
48.11
50.33
33.32
49.34
44.16
43.82
52.47
57.71
44.19
6.50
11.69
29.04
26.63
49.09
39.88
48.29
37.51
35.40
47.58
41.83
17.06
47.02
8.36
8.68
10.04
35.34
26.65
9.55
43.78
45.52
50.09
48.81
35.79
58.05
40.27
26.34
37.23
46.83
23.45
40.41
20.86
37.06
6.06
42.75
22.59
30.28
41.02
37.04
49.67
50.59
17.97
50.32
52.42
27.29
41.47
52.64
49.00
44.04
33.14
38.04
36.71
35.30
46.60
9.27
19.47
57.01
40.69
26.37
49.92
19.19
28.81
26.96
41.79
46.22
52.77
14.55
44.17
40.13
53.41
54.35
49.54
49.35
32.99
44.13
40.96
45.39
48.20
45.52
50.48
48.70
10.28
21.33
10.90
17.36
48.96
31.03
10.51
23.67
24.21
45.51
20.66
25.01
43.37
40.37
6.74
33.98
49.34
44.43
39.99
47.14
44.47
48.97
50.98
50.60
16.44
55.28
39.83
47.38
50.36
41.35
9.22
23.94
11.78
9.81
47.47
60.31
14.22
46.78
24.07
20.10
39.15
50.11
40.64
32.70
36.70
61.59
16.40
33.33
40.50
