45.08
21.37
6.00
51.08
60.34
13.20
58.61
26.27
15.31
9.75
8.77
55.39
10.07
17.88
4.10
56.46
58.40
41.19
8.92
35.84
56.67
53.30
43.92
38.63
22.09
28.06
31.82
40.24
52.60
39.92
46.05
40.44
46.18
50.45
44.59
46.80
53.38
48.40
8.66
11.76
45.62
9.06
59.72
21.21
8.53
20.34
45.50
13.98
53.44
37.48
43.05
33.37
39.02
40.90
39.56
36.17
50.22
57.24
46.18
43.34
41.99
37.49
36.26
46.04
29.99
39.86
52.08
35.06
43.72
38.60
40.57
46.08
42.53
38.44
35.70
28.96
39.41
37.45
40.27
17.53
35.61
27.34
8.62
17.54
38.91
7.57
49.71
43.47
23.50
53.42
37.65
55.61
49.24
47.15
46.56
8.93
28.73
10.33
44.11
44.50
50.14
38.51
44.37
18.74
30.78
32.31
51.46
47.97
38.59
58.43
54.91
44.18
7.21
50.01
32.63
45.49
41.76
42.91
47.07
49.10
56.10
46.87
58.91
57.67
41.14
50.14
53.50
57.08
37.40
27.87
58.53
48.84
25.55
50.50
21.20
24.85
47.57
44.86
27.99
50.30
51.47
59.03
50.04
48.86
8.54
56.48
58.51
9.54
3.13
17.80
15.78
45.68
5.60
33.63
21.81
36.98
32.62
14.65
25.84
33.95
14.70
15.27
8.48
23.57
20.94
21.11
5.29
14.82
33.12
42.26
52.61
54.63
45.43
46.68
38.52
12.74
19.88
32.66
32.34
30.67
57.07
39.59
44.67
57.68
56.29
4.16
17.48
22.28
31.64
56.30
39.86
10.34
39.70
10.64
57.43
36.17
11.55
60.20
46.73
5.64
21.18
56.09
29.95
52.08
42.01
48.20
59.62
51.70
46.02
56.87
22.52
9.18
11.23
58.49
30.88
37.22
56.72
34.20
25.58
43.91
46.37
9.89
14.19
33.44
28.56
33.17
38.02
59.20
33.70
56.86
59.39
59.31
27.45
41.78
55.12
8.32
61.39
54.44
4.09
56.16
53.81
56.93
39.59
52.31
58.14
45.48
26.60
22.11
46.86
13.06
53.41
19.54
50.66
31.14
22.97
23.85
52.74
49.53
47.12
48.08
10.91
32.18
31.10
13.26
6.16
7.69
24.36
7.88
38.20
18.19
41.02
34.80
19.75
52.96
43.83
4.90
43.72
23.47
19.45
19.48
21.70
5.42
34.61
11.86
21.67
4.40
8.47
20.50
38.74
22.20
23.28
21.13
4.44
7.31
8.86
52.21
17.45
34.29
35.42
36.49
34.26
42.20
26.06
22.22
25.53
48.38
43.76
28.11
51.60
38.47
39.59
43.53
24.56
34.67
46.81
24.36
56.94
26.70
43.38
54.67
8.95
56.32
55.94
5.25
55.76
53.02
55.74
39.08
53.85
57.19
37.24
27.99
53.57
10.72
56.05
55.96
58.37
41.15
29.29
41.15
24.17
24.05
47.15
31.00
22.80
31.33
42.43
30.06
22.20
28.52
33.65
12.27
18.24
35.07
23.24
36.96
56.62
42.41
24.99
41.08
47.05
40.04
46.68
54.31
26.44
48.12
46.87
44.20
39.65
39.62
44.52
49.26
53.82
48.05
42.83
38.13
48.50
33.23
34.17
31.80
46.52
44.31
45.34
38.26
35.63
54.21
50.67
46.88
35.46
46.11
29.65
33.31
21.80
24.82
14.60
36.85
16.71
16.74
22.19
50.70
2.83
40.60
37.77
10.90
3.40
45.76
9.05
52.16
38.38
11.77
9.39
16.76
53.28
20.40
7.19
8.65
8.95
60.11
13.01
53.42
57.11
37.43
47.70
48.10
50.51
36.62
46.77
42.64
45.79
50.38
49.29
47.08
17.28
51.18
30.70
46.04
37.62
47.24
48.59
45.93
36.63
46.42
40.87
44.07
38.35
47.30
41.50
46.29
42.79
46.91
42.52
49.79
49.56
46.60
28.61
57.99
43.22
25.19
59.30
51.92
38.85
47.56
47.01
46.81
41.28
26.78
49.52
48.78
40.94
10.84
29.20
9.65
57.37
37.84
13.54
56.42
48.09
11.99
31.02
27.65
27.99
42.05
35.38
39.72
24.35
23.32
18.13
37.29
46.54
44.87
25.50
56.44
28.44
46.74
23.03
27.45
45.79
48.58
43.81
41.78
38.33
40.74
32.19
32.38
25.20
57.29
25.18
44.05
9.52
56.22
57.57
7.07
56.38
53.27
55.56
38.08
55.76
56.25
46.57
37.48
39.33
59.74
24.95
39.35
45.04
43.22
38.94
51.40
54.07
54.16
30.59
56.18
49.69
44.32
56.94
49.16
50.45
44.89
55.00
45.67
57.02
43.67
46.88
39.52
50.99
43.74
21.41
48.39
30.72
30.82
46.40
29.57
24.32
33.58
38.54
32.78
35.47
32.25
45.34
48.67
37.76
41.38
53.13
36.33
55.53
40.92
54.46
36.52
55.30
56.04
57.64
43.82
51.45
60.88
55.56
53.50
7.20
59.12
53.90
29.36
56.05
58.33
56.44
56.38
25.87
7.10
49.03
42.40
45.67
29.59
21.65
28.65
43.75
15.89
24.22
46.33
46.38
42.35
44.08
42.42
43.94
42.95
47.13
29.75
39.27
43.30
37.66
38.66
42.46
39.84
38.94
28.27
38.23
40.54
24.16
38.62
10.95
22.13
4.65
6.49
5.78
29.27
3.98
31.61
59.50
28.38
19.86
40.62
17.62
8.32
26.16
32.42
18.94
57.94
49.56
33.92
35.18
34.83
56.07
43.33
56.53
33.82
44.84
47.68
20.06
50.87
46.55
13.22
35.35
26.60
35.09
60.91
26.98
56.49
44.59
42.35
33.06
27.02
30.93
39.07
33.20
39.46
29.91
44.90
50.49
45.76
52.90
38.64
55.73
54.47
40.38
43.04
32.12
39.12
47.95
41.06
43.24
44.46
47.52
44.18
43.20
43.22
33.99
43.63
29.64
55.83
42.94
44.38
61.06
38.21
30.62
38.60
40.70
22.78
29.50
33.06
45.55
9.63
59.61
57.95
9.53
10.77
46.95
42.72
10.90
40.04
32.27
32.46
35.74
27.81
40.72
12.97
6.26
49.66
9.69
13.71
3.12
7.66
10.77
34.49
43.17
33.97
43.47
38.36
45.29
23.28
27.16
40.02
37.88
37.89
25.58
49.84
46.62
52.08
40.45
40.67
48.84
47.40
53.87
42.61
30.42
36.05
21.47
47.69
46.60
44.28
33.45
50.34
16.43
52.78
45.07
47.43
43.64
32.78
29.60
45.85
45.74
48.69
43.44
34.52
37.52
35.45
49.06
47.74
33.60
29.43
39.37
37.40
49.70
39.07
33.25
38.81
40.31
44.47
40.18
32.20
42.52
43.09
56.64
39.49
43.77
39.01
46.94
28.38
45.70
47.99
47.19
10.10
10.59
37.84
9.07
1.50
19.89
3.40
52.70
26.80
18.00
45.62
41.37
29.21
12.37
10.50
57.49
41.95
48.69
32.57
47.49
26.78
21.28
21.22
31.01
17.41
20.19
5.86
44.17
17.15
41.94
41.45
39.15
33.95
25.44
41.18
45.53
47.79
50.92
34.08
27.38
28.62
16.50
45.47
14.78
20.23
33.35
16.05
20.68
47.71
49.42
17.62
12.15
17.02
41.17
25.27
17.25
50.89
40.14
56.39
44.44
47.23
36.22
37.73
44.78
24.53
44.09
37.74
37.43
30.67
29.98
48.00
47.75
26.51
40.93
46.30
5.34
11.26
50.80
48.55
11.72
36.58
36.50
36.22
39.79
60.82
26.67
33.41
57.38
48.77
44.66
54.02
54.21
31.34
47.31
46.65
48.20
38.74
35.98
36.98
42.55
32.86
34.17
54.11
58.61
56.62
31.53
30.24
41.97
14.95
9.43
16.67
5.62
20.47
49.73
43.94
22.04
5.93
11.63
45.66
34.76
33.11
44.19
41.55
38.68
34.42
35.52
38.83
33.05
40.37
33.12
46.86
45.45
40.51
45.36
45.41
37.70
44.40
36.89
51.39
56.05
33.16
57.94
40.27
46.06
44.36
35.60
5.93
24.28
32.34
27.63
30.83
35.77
46.96
16.06
50.15
22.57
45.46
27.57
9.93
48.36
21.67
22.69
34.46
45.42
42.72
45.57
9.74
41.63
13.36
32.64
32.15
13.51
6.33
49.71
44.69
48.79
51.32
45.96
59.45
50.10
52.61
58.45
60.09
54.26
57.80
50.56
51.33
24.79
52.79
43.97
48.26
45.37
45.94
45.47
55.36
23.48
52.32
19.51
23.74
50.97
30.49
49.37
55.73
45.37
42.70
39.51
42.08
42.23
49.97
46.52
53.31
47.78
54.18
57.96
42.22
47.14
32.65
50.08
32.09
47.92
48.29
35.89
47.31
42.29
33.89
55.54
39.03
32.95
33.43
19.44
26.79
48.72
16.24
46.90
40.65
33.40
59.08
42.86
51.30
50.86
47.58
31.22
25.55
14.44
20.16
43.15
18.03
25.00
51.16
50.91
58.73
16.92
8.42
38.95
40.43
31.36
47.45
41.00
43.87
46.78
46.06
47.32
32.21
44.06
20.62
25.81
32.60
20.63
49.55
30.00
21.86
32.19
25.99
34.66
36.64
23.84
18.73
25.85
20.24
57.71
29.20
57.66
14.09
37.02
51.48
26.37
52.54
35.38
58.39
31.10
47.97
12.36
44.97
27.20
11.06
25.90
49.37
41.65
32.64
55.05
51.18
42.88
44.84
27.50
41.69
45.32
19.36
50.34
29.21
42.26
42.04
35.14
38.18
40.90
47.94
50.83
48.78
45.53
58.86
53.04
40.65
51.82
30.25
49.89
39.35
48.58
46.46
41.71
45.62
50.25
30.08
23.20
33.12
12.35
48.67
10.92
20.57
23.08
46.60
48.16
60.68
19.15
22.74
15.63
37.27
37.59
36.41
42.82
38.77
38.30
39.15
42.78
52.07
11.68
35.14
30.73
27.48
27.44
54.00
16.77
59.67
41.75
54.43
54.59
59.93
23.22
52.97
49.17
14.86
44.93
30.31
54.33
36.03
30.25
29.69
50.66
15.52
45.56
42.44
19.32
12.96
46.70
56.98
27.24
29.92
57.05
51.53
37.31
53.43
52.28
55.97
57.29
51.79
34.46
29.64
37.08
57.41
30.28
48.61
46.12
43.87
31.32
44.41
42.25
52.48
46.10
56.53
23.13
28.14
52.39
53.36
37.66
58.73
50.21
41.92
36.15
48.38
45.36
47.18
31.64
44.56
24.79
18.57
51.18
56.34
28.29
6.91
23.29
22.24
35.03
14.80
15.09
19.23
46.21
14.94
47.13
39.35
42.83
40.15
38.46
34.96
45.06
48.85
52.31
26.59
45.95
31.63
26.54
27.67
44.76
6.26
49.65
50.72
52.98
38.03
32.86
44.13
45.20
18.55
43.31
36.84
48.78
28.18
22.01
21.78
46.72
45.73
15.10
44.23
45.07
38.26
37.89
37.19
39.47
50.68
44.73
55.40
39.93
27.49
34.69
51.05
34.53
47.93
49.93
50.42
48.20
51.81
35.91
47.40
32.59
40.40
25.15
59.64
51.05
33.30
44.56
32.95
60.69
33.02
52.22
37.38
52.64
5.86
53.21
23.35
50.40
26.99
50.86
16.26
20.48
27.05
16.88
56.59
30.03
20.89
23.77
32.15
36.25
33.91
22.01
19.73
28.34
18.60
49.27
16.02
31.11
32.22
49.36
57.96
50.16
50.71
53.41
54.69
30.89
14.57
26.16
37.14
16.96
28.89
18.95
48.15
23.32
48.75
51.03
32.59
57.11
49.56
4.24
52.96
39.48
29.28
49.15
28.06
35.95
15.42
36.90
48.30
52.45
52.06
31.34
47.85
7.17
27.96
28.38
44.54
46.11
29.78
39.05
30.05
13.40
52.98
30.87
44.18
29.79
45.48
19.65
50.54
56.37
48.07
48.58
51.25
54.14
30.06
39.90
15.44
23.36
16.05
34.85
17.94
33.70
47.62
48.45
45.07
21.87
18.86
20.00
28.35
33.32
53.62
35.89
39.59
47.06
13.23
24.16
25.47
30.35
11.18
8.55
14.79
43.59
18.90
12.63
51.43
45.60
38.21
29.83
42.86
49.58
29.04
37.99
49.97
32.18
37.00
24.11
28.22
36.26
38.71
54.35
37.21
23.40
16.86
23.72
43.87
24.44
23.57
25.05
39.56
22.67
31.92
46.62
52.14
25.30
23.54
24.17
40.89
52.85
45.66
30.76
32.30
33.20
34.64
22.18
33.39
35.43
39.02
45.96
14.26
32.72
44.50
33.23
56.34
26.61
27.70
40.00
17.01
33.38
38.15
37.41
26.86
54.87
26.02
59.63
45.58
56.88
31.13
37.67
52.99
29.43
54.49
30.29
29.52
36.15
52.31
49.72
39.33
28.54
48.51
46.55
37.97
30.61
32.44
40.64
29.12
21.57
44.39
53.45
55.04
20.93
32.49
49.67
58.95
56.52
56.76
15.57
57.31
50.05
49.57
30.57
55.33
42.14
50.08
55.78
40.04
56.53
41.62
55.21
42.50
23.11
26.13
30.07
44.76
26.75
35.18
46.15
25.54
35.43
24.32
50.16
34.41
32.78
19.97
39.13
26.65
17.70
51.64
45.83
59.75
58.39
53.07
25.39
59.29
9.89
59.68
41.64
51.21
53.02
51.13
42.59
43.47
21.51
36.88
39.97
31.77
41.16
28.60
28.17
21.25
30.30
18.91
4.19
49.97
16.79
9.06
50.98
11.00
11.40
43.90
41.70
50.04
45.04
47.36
40.39
27.55
25.99
13.10
26.17
15.98
15.25
55.44
19.96
22.69
53.96
17.34
53.37
49.05
48.27
17.69
54.73
58.10
57.87
58.25
45.12
49.80
40.09
59.87
56.84
52.51
48.33
43.34
33.68
50.41
34.18
39.85
43.81
19.85
38.60
56.67
53.18
54.35
43.27
32.76
41.15
58.90
34.11
58.01
57.86
30.41
52.58
48.01
26.98
40.63
45.05
54.46
37.89
40.60
32.99
54.71
57.02
29.75
42.83
58.04
40.91
25.75
25.10
39.43
43.95
35.09
23.54
18.51
38.61
20.37
20.98
18.66
41.81
22.44
58.14
21.55
14.31
45.47
24.39
22.72
43.69
45.15
22.27
58.88
17.65
49.64
25.49
42.14
49.30
38.53
15.73
46.04
53.08
58.22
48.08
17.71
27.99
53.43
49.28
57.56
14.40
58.45
6.24
8.39
11.55
24.32
20.23
52.58
17.24
15.71
52.23
9.89
11.24
12.28
28.71
50.72
49.24
19.19
11.91
53.81
47.92
53.92
31.88
9.23
33.73
7.88
42.37
28.73
21.08
48.46
17.10
53.86
53.31
49.97
42.50
26.83
28.37
35.80
34.18
56.70
55.20
46.73
49.75
43.55
20.29
19.05
27.43
22.05
55.51
12.66
22.03
50.68
48.90
47.80
59.43
51.85
42.05
50.03
38.00
54.37
6.53
6.73
46.48
8.82
45.60
34.34
35.69
32.18
35.43
26.91
23.94
44.30
51.54
41.00
45.73
47.73
45.71
56.65
56.28
9.79
49.90
14.67
40.03
20.38
36.12
17.66
11.09
32.63
27.05
22.87
52.17
50.51
29.44
23.93
24.45
50.80
36.59
46.52
44.35
52.61
13.45
26.57
43.06
37.83
50.12
40.88
51.30
27.16
39.38
25.55
19.44
24.49
43.86
17.01
28.71
26.86
15.79
37.59
17.60
48.19
29.88
28.89
34.84
43.85
36.56
37.48
45.68
43.54
33.56
22.88
33.73
43.00
52.41
40.79
48.64
36.25
48.46
58.50
51.37
57.01
51.50
58.93
50.38
57.18
54.09
22.85
43.89
43.70
27.06
32.36
53.88
27.01
41.41
36.27
48.12
43.32
43.79
55.93
37.02
33.64
32.50
43.27
31.90
39.09
22.66
37.63
28.34
50.92
40.88
24.79
38.38
37.08
42.61
45.19
43.68
19.11
42.60
38.39
25.08
44.57
35.42
11.62
54.75
34.50
58.34
55.44
60.09
37.54
35.48
37.85
54.88
44.44
37.34
49.35
53.16
47.44
49.06
53.98
19.71
14.69
51.00
48.43
50.63
17.22
13.05
13.60
14.44
53.27
59.77
31.83
53.78
55.27
51.06
47.10
13.99
50.88
49.82
55.42
52.13
16.81
54.49
12.10
55.22
51.71
7.09
16.48
9.73
55.89
40.04
42.43
55.28
54.23
48.80
54.14
47.30
49.46
37.33
30.54
47.32
42.92
43.00
57.60
60.34
47.41
51.28
32.25
34.69
53.21
35.08
24.32
12.10
13.06
23.48
55.33
50.57
58.59
52.13
50.08
58.49
7.37
28.35
56.94
6.63
55.58
7.18
16.52
23.70
28.40
57.41
45.26
43.03
50.50
33.75
36.42
51.36
57.15
26.00
31.37
44.35
36.28
42.84
42.91
17.50
47.43
38.63
38.84
41.37
48.46
46.82
58.89
52.34
49.97
16.04
54.61
53.07
48.97
43.79
43.31
47.08
55.20
58.00
50.31
48.83
48.43
49.60
17.84
33.17
25.67
33.61
31.51
32.69
16.69
42.20
50.84
32.44
37.16
27.62
32.75
33.27
49.39
13.56
47.50
53.55
49.15
49.30
51.70
49.83
23.84
42.59
33.57
25.37
35.58
43.08
18.87
27.33
41.59
21.49
50.79
12.91
59.62
20.27
17.99
54.15
52.19
49.99
36.60
37.94
55.01
36.79
48.08
44.23
52.59
46.06
38.90
39.42
36.77
42.41
45.55
56.97
39.87
10.66
40.89
38.47
52.84
20.31
41.20
49.30
55.12
21.38
34.69
47.45
38.88
45.31
43.83
22.04
37.59
41.45
42.22
41.93
7.83
53.55
49.77
48.72
36.34
27.55
15.41
41.67
13.43
13.34
49.38
15.42
17.66
7.40
54.26
40.97
47.53
26.20
51.85
53.41
58.91
52.88
44.34
60.04
42.76
36.23
41.97
48.77
38.75
49.71
32.29
25.24
16.27
49.87
49.73
54.52
58.77
59.58
53.38
47.11
51.86
52.58
40.36
41.41
56.93
36.23
51.79
47.16
54.72
49.84
57.62
35.03
49.23
44.35
50.78
33.25
46.41
56.77
29.80
34.72
41.43
55.98
53.77
48.09
39.30
53.45
35.62
52.00
54.11
52.30
40.95
43.45
38.84
42.45
25.33
54.53
41.38
49.83
40.82
38.42
39.53
16.64
18.27
48.56
48.90
19.64
16.47
31.26
12.42
19.50
21.51
26.25
24.19
32.71
22.35
27.45
42.07
27.51
31.02
34.41
50.84
35.69
42.06
54.25
48.77
53.18
59.58
20.52
56.00
13.09
57.66
11.67
48.48
55.00
59.52
60.56
55.04
55.13
52.18
54.71
54.55
43.59
59.33
44.28
55.69
30.54
56.98
27.50
57.76
28.48
44.05
58.40
21.01
44.49
38.88
44.95
43.47
20.08
44.79
30.95
17.32
17.82
31.62
49.69
44.60
62.05
46.01
21.97
29.98
44.77
28.39
19.39
36.94
22.01
42.46
25.65
24.92
31.02
34.53
54.40
58.71
51.53
25.94
51.49
8.07
10.79
53.74
10.64
9.68
9.99
36.87
16.54
11.70
62.01
16.28
34.88
58.54
52.70
53.05
56.71
59.46
49.73
50.61
52.09
19.20
55.04
30.81
42.22
25.28
33.52
48.44
11.52
25.42
13.17
14.10
13.72
34.58
41.10
38.64
39.81
44.87
42.27
43.97
58.31
28.54
37.60
12.12
40.51
43.81
57.30
44.62
37.70
46.27
47.48
49.73
52.79
41.54
44.72
35.53
36.48
20.58
42.54
41.03
43.37
30.54
33.04
37.07
51.59
30.89
32.13
29.81
43.92
38.31
32.63
35.98
19.04
22.80
11.41
19.46
3.89
61.73
8.97
60.58
6.41
60.54
43.47
54.39
3.53
31.67
55.04
53.90
54.94
57.57
55.95
47.94
52.10
24.79
56.24
55.47
57.92
55.57
30.24
13.50
15.26
22.51
21.25
59.54
58.84
45.68
43.17
44.86
57.79
52.77
34.37
54.66
51.08
43.55
22.84
44.07
40.66
43.00
55.35
49.61
36.81
54.63
49.15
46.19
22.60
47.50
42.98
52.15
41.33
50.43
58.47
47.26
48.09
41.98
44.85
48.08
54.90
26.83
45.50
47.05
47.39
41.61
38.98
43.51
25.60
38.59
16.92
25.60
38.25
34.29
24.84
31.42
35.29
40.26
47.98
43.63
50.59
47.52
36.64
38.17
55.93
30.46
27.34
44.76
50.82
60.33
46.84
61.05
38.43
42.61
52.84
44.91
54.70
46.62
47.89
46.06
50.09
45.22
31.81
40.03
54.30
53.40
45.83
42.14
51.29
8.96
8.45
42.28
30.84
58.20
8.53
36.13
58.37
48.74
12.07
39.59
46.02
14.51
38.54
17.72
41.61
37.38
18.22
28.16
12.22
58.89
4.00
14.79
45.14
15.35
36.88
12.16
57.95
61.55
57.06
47.25
58.96
44.11
49.09
28.45
54.63
53.54
55.20
48.00
30.80
20.36
20.54
28.77
24.22
59.79
57.02
38.12
48.54
45.70
47.10
23.82
50.16
43.86
30.88
48.82
23.58
38.74
48.49
46.74
54.96
33.24
30.11
27.35
26.74
24.32
55.24
17.80
25.91
39.22
30.55
40.30
26.51
26.67
43.84
20.11
57.28
22.46
42.09
34.26
58.03
57.64
46.96
41.70
13.04
49.79
14.35
40.92
16.43
40.51
44.95
21.14
49.12
52.94
24.68
58.52
57.31
59.84
50.20
27.00
17.67
59.37
18.10
25.33
56.42
12.75
52.04
36.07
21.12
12.26
26.16
53.90
27.74
25.58
30.93
22.94
24.70
32.56
13.65
13.97
9.88
24.36
34.32
20.19
48.85
26.52
28.54
25.96
51.24
16.51
14.02
58.75
47.29
56.08
55.83
59.04
57.70
46.98
51.70
50.73
42.60
55.95
57.10
56.17
45.39
45.90
38.09
52.00
46.86
45.65
35.23
20.12
44.71
37.12
36.83
41.89
38.23
12.50
49.04
45.75
54.40
44.85
16.60
52.74
49.97
37.64
22.65
52.27
41.08
36.34
54.80
39.85
47.46
53.96
52.65
53.00
29.96
48.20
51.05
52.26
54.03
59.60
48.27
48.47
55.91
47.42
49.34
54.33
41.47
34.89
53.71
42.54
45.71
44.13
21.44
43.58
41.26
41.08
55.04
52.87
10.08
51.26
10.08
52.03
51.16
55.76
17.48
54.68
57.11
17.50
58.89
60.10
58.10
61.03
23.92
6.16
59.27
9.52
14.94
31.99
54.87
14.77
53.15
26.92
11.59
2.17
14.99
26.42
19.97
56.45
49.10
59.53
52.63
23.86
25.36
25.62
46.20
47.11
56.41
48.82
53.39
53.01
48.87
51.80
50.41
57.22
40.73
50.63
47.61
54.85
32.22
41.09
49.48
13.92
51.61
45.91
37.03
41.35
45.44
57.18
13.72
39.52
48.88
46.51
44.17
36.00
36.70
16.02
53.34
14.57
14.67
18.72
55.97
10.21
30.67
46.67
35.00
50.17
49.91
31.56
29.72
23.50
49.09
7.21
21.18
55.69
15.61
58.21
4.77
55.57
48.36
12.15
53.50
57.89
21.93
28.18
18.01
33.01
49.28
49.35
9.83
13.51
44.81
16.22
43.76
37.95
48.14
59.63
17.10
38.59
45.93
37.19
48.18
42.79
41.63
39.35
47.48
45.52
53.69
50.79
31.77
32.24
30.91
28.30
59.56
41.71
12.49
59.62
16.38
51.96
60.42
36.81
42.43
56.38
36.54
32.28
53.37
25.60
38.11
18.41
41.84
58.98
45.71
50.92
56.20
58.28
44.83
55.01
55.73
53.91
50.29
24.15
49.40
54.25
7.22
48.82
36.41
47.02
33.37
37.57
55.78
24.61
46.78
58.48
52.17
53.22
6.42
23.33
57.12
21.57
60.18
12.30
57.55
56.20
19.01
56.22
60.80
60.54
50.97
42.88
9.01
58.30
6.78
50.03
8.08
48.91
53.85
13.45
45.23
49.14
24.40
53.76
52.85
55.39
54.82
28.39
14.91
60.04
15.25
23.67
59.17
18.97
51.64
34.00
14.96
8.89
20.10
43.31
14.51
59.81
18.33
53.40
57.76
33.97
42.43
58.02
33.79
29.77
59.89
7.68
57.19
11.16
16.72
31.17
56.70
10.99
18.15
55.04
6.65
51.75
28.48
10.97
47.91
1.79
48.13
14.11
57.69
56.81
15.67
41.62
48.36
42.68
47.84
9.03
38.10
28.94
31.72
14.12
8.80
32.58
51.11
50.61
44.19
55.67
33.50
28.25
23.68
17.15
5.88
17.08
24.30
46.62
49.51
22.63
58.81
49.99
47.04
46.59
48.20
27.02
57.63
37.20
36.95
53.36
46.66
40.73
52.20
29.49
36.18
50.54
30.91
48.26
51.68
51.02
49.59
42.28
49.32
42.74
50.39
56.69
48.55
30.33
28.28
12.85
37.48
45.28
38.40
41.34
44.49
41.92
42.88
17.50
43.63
49.00
33.76
53.37
11.68
55.24
43.61
41.78
47.24
40.53
58.71
49.72
41.92
39.14
41.63
40.78
30.49
38.71
41.63
36.14
31.12
27.15
34.52
31.53
47.39
35.39
34.64
38.14
41.44
34.66
34.23
44.62
33.31
37.41
36.38
38.51
50.34
43.63
36.35
16.24
37.62
52.85
31.53
32.15
43.82
60.22
50.63
32.82
42.29
41.81
41.59
41.10
55.47
57.05
60.30
8.79
52.25
12.37
12.26
51.68
50.84
11.48
55.98
56.60
58.15
44.74
48.92
25.49
53.29
52.47
53.85
29.90
54.01
28.43
26.94
31.08
58.67
7.44
53.96
56.83
28.11
18.40
15.10
23.64
56.25
15.11
58.94
54.85
60.19
6.77
58.01
10.18
15.82
30.26
57.03
12.64
17.99
54.92
5.59
7.37
50.98
59.14
27.47
10.00
48.41
2.21
15.01
13.20
58.00
56.90
57.12
14.93
27.55
33.54
32.25
30.78
25.80
36.23
25.35
43.51
28.13
20.23
33.49
22.54
28.54
50.85
31.10
37.25
48.79
19.89
20.24
51.51
57.25
46.82
41.24
52.68
26.83
58.87
39.85
55.57
51.80
52.29
56.77
35.72
39.34
55.51
38.93
41.28
16.67
16.56
46.89
47.45
35.20
52.98
11.52
54.16
36.71
48.87
19.06
18.21
18.11
24.43
21.80
11.95
13.35
30.34
16.87
12.00
58.43
11.66
28.58
59.43
59.13
3.93
3.41
2.74
54.47
52.24
14.57
60.84
15.45
56.23
27.63
59.35
9.16
25.79
23.60
51.68
19.24
18.92
28.70
35.50
58.36
12.15
50.61
54.82
46.50
54.64
27.75
23.19
25.20
27.29
40.54
24.38
4.18
16.75
14.82
22.78
14.82
15.76
49.24
41.75
18.89
47.03
48.88
33.77
55.98
44.49
54.74
37.42
50.16
44.79
53.65
51.12
57.63
39.04
41.97
51.32
44.79
58.27
19.59
52.00
48.57
34.40
52.02
55.21
21.59
53.02
23.58
16.65
40.19
8.95
9.32
53.26
59.01
46.29
57.98
30.71
38.51
60.53
15.38
30.43
46.78
28.74
19.10
37.15
44.02
37.78
40.62
14.43
47.98
16.99
24.46
40.43
59.59
40.52
26.07
28.55
13.01
15.85
51.46
59.40
57.77
47.10
56.05
12.32
12.80
20.93
59.85
29.52
59.11
20.66
51.48
7.96
57.38
30.93
10.78
7.70
15.63
56.99
9.70
52.66
48.02
6.48
52.45
60.26
58.57
52.24
25.24
53.43
53.00
28.96
56.19
50.64
8.43
18.17
55.75
61.32
46.64
15.08
52.27
52.53
57.20
23.30
23.12
43.36
44.33
49.12
18.05
52.79
48.11
20.53
15.43
27.64
18.05
33.31
22.22
55.02
49.78
25.11
17.76
49.96
31.10
31.66
54.60
30.18
50.87
54.85
53.94
40.72
13.38
52.19
34.63
30.80
30.34
54.30
41.30
41.96
50.44
50.22
55.76
55.04
54.34
50.42
52.24
56.11
40.49
7.36
54.33
36.79
33.30
35.12
16.55
15.02
22.83
29.83
55.84
27.98
58.22
45.22
58.84
10.68
58.22
7.79
52.99
54.00
40.29
54.15
50.39
58.54
57.92
51.67
35.31
28.54
11.49
20.82
44.26
46.72
45.40
51.21
57.66
9.14
54.89
53.71
13.54
10.02
55.75
37.12
26.85
17.60
16.12
50.21
59.64
21.12
16.24
52.04
50.18
22.87
56.22
15.11
58.02
9.17
30.08
32.95
19.91
43.13
19.67
43.21
22.46
15.72
31.80
17.23
52.13
52.64
57.17
37.71
47.29
36.57
32.11
39.49
43.88
34.02
39.17
44.85
30.26
45.13
32.71
33.79
50.90
34.61
27.12
39.59
35.44
51.58
15.66
28.72
37.22
40.14
54.82
55.60
24.21
11.87
22.74
27.29
30.57
9.70
56.31
59.55
14.38
39.73
56.12
57.35
34.18
55.70
52.31
20.73
11.82
58.01
56.87
15.64
16.38
35.60
58.16
37.90
56.13
24.01
50.77
16.59
20.38
43.26
38.47
26.22
49.45
40.90
50.67
16.69
16.49
14.25
30.20
16.12
35.07
54.95
50.58
50.86
19.61
17.04
15.21
48.46
56.25
19.01
55.77
30.83
52.05
6.98
5.31
4.64
58.52
53.40
55.01
37.98
57.94
30.00
27.34
55.67
48.65
54.43
56.05
49.54
58.81
57.81
55.14
59.79
56.03
42.22
55.59
61.45
47.29
40.93
51.52
48.11
22.54
59.31
57.05
32.16
53.98
59.57
43.41
13.43
52.11
53.38
35.35
10.85
54.16
58.11
38.33
57.51
58.59
33.50
56.74
54.05
10.29
58.92
58.24
16.75
15.49
37.55
56.73
24.76
15.94
26.05
16.51
23.76
15.74
20.76
17.44
22.71
14.91
13.24
13.42
12.19
49.93
27.31
60.25
11.83
12.00
53.30
49.18
12.44
56.62
55.35
11.33
11.61
36.07
15.15
43.74
48.41
17.27
49.40
29.93
28.84
35.68
54.70
25.80
13.12
56.88
33.32
56.58
45.69
16.58
23.87
32.85
34.10
42.40
10.34
17.59
58.96
22.41
27.95
57.12
26.45
39.00
40.81
22.78
52.26
17.59
7.84
50.27
55.59
58.85
49.03
53.05
45.70
13.52
12.15
20.97
22.16
52.79
48.88
29.31
52.59
9.08
11.27
14.58
11.99
17.80
7.89
7.37
13.48
53.28
58.88
14.31
52.87
60.34
37.27
12.74
4.48
26.98
58.20
21.35
27.25
7.06
25.07
34.42
57.45
23.84
58.28
32.16
33.09
30.06
55.76
55.27
59.72
55.69
56.52
52.32
55.80
31.81
57.87
27.86
27.78
28.42
7.91
14.49
17.94
57.46
18.00
54.11
57.38
40.61
39.47
37.76
59.64
35.56
28.65
40.66
35.09
56.88
51.90
58.24
44.73
42.19
55.44
36.56
42.29
48.86
38.70
47.61
29.49
44.37
44.59
43.76
15.46
41.49
37.56
53.08
57.66
43.44
51.63
15.59
60.51
55.02
57.34
52.84
47.98
53.31
51.72
32.43
52.27
55.23
52.66
17.28
51.76
47.84
28.39
49.32
48.82
42.31
44.42
42.80
12.31
50.36
12.21
25.27
49.48
54.87
57.28
12.48
23.13
19.16
14.81
34.36
41.35
41.24
54.70
27.03
29.83
7.26
9.68
19.55
55.04
45.56
15.13
53.75
11.02
12.77
14.71
55.07
27.51
15.07
32.98
55.70
8.32
43.47
46.56
25.23
41.62
2.76
31.56
7.29
44.29
26.57
51.15
11.73
33.44
25.85
49.73
43.94
43.94
42.41
53.64
11.12
37.85
23.60
50.84
56.19
41.78
27.08
56.68
61.47
26.59
26.71
26.36
34.49
47.81
30.31
45.03
17.66
23.04
49.38
37.97
36.91
51.55
37.59
35.84
51.72
50.73
41.75
45.48
47.22
45.22
53.31
28.99
32.56
50.64
9.49
22.34
16.54
57.73
9.54
11.62
37.07
44.08
39.00
10.15
24.85
28.81
8.20
8.87
18.24
12.65
52.84
11.87
20.87
33.21
51.74
40.25
26.27
34.73
22.46
34.37
43.01
49.71
46.73
50.58
28.14
31.69
51.10
42.50
22.96
16.10
36.51
1.50
8.29
51.46
9.05
13.01
7.65
55.79
25.06
31.10
46.90
54.14
59.38
56.96
41.46
59.32
36.08
34.25
48.11
58.58
55.07
46.34
59.49
34.95
6.82
20.70
22.30
60.29
24.18
55.89
53.94
56.28
57.06
40.90
54.94
47.99
11.00
56.70
7.53
43.69
51.63
46.44
4.21
40.90
54.86
13.70
27.32
40.31
55.67
59.89
58.27
52.11
56.78
53.17
14.39
41.32
56.02
57.31
59.32
56.47
58.53
57.07
60.46
54.30
57.99
5.69
30.21
13.13
56.89
39.51
56.31
12.05
26.38
14.22
6.70
6.67
15.61
51.71
34.80
56.78
46.20
29.96
55.22
31.48
41.40
56.28
47.25
48.20
51.97
52.26
35.99
45.43
41.32
44.09
35.00
34.31
21.36
17.87
51.86
17.14
17.56
37.67
47.30
12.41
48.61
49.98
55.32
38.81
10.78
47.77
53.85
59.57
60.03
51.13
55.37
3.74
54.76
57.47
51.89
55.10
5.33
9.49
57.69
17.95
34.11
50.93
45.01
39.77
30.20
45.24
27.73
31.91
30.45
16.08
40.90
12.89
23.26
23.06
34.83
15.23
23.77
56.09
39.41
34.32
41.72
50.19
10.90
10.06
58.41
25.17
2.34
32.77
53.75
25.23
12.75
18.21
7.33
16.45
10.31
55.26
16.95
35.74
39.10
55.72
53.43
57.47
48.62
57.34
58.91
34.98
31.37
25.65
53.07
34.73
11.05
21.37
15.14
21.46
17.91
27.57
29.16
47.46
44.02
22.89
54.30
27.70
37.10
48.18
56.97
21.00
29.01
24.34
57.68
17.24
13.05
9.63
24.24
8.95
15.93
48.51
27.93
35.20
28.88
52.50
38.63
59.90
31.23
53.56
53.63
29.89
44.19
27.55
23.24
37.18
37.98
32.35
33.53
39.92
40.05
40.86
36.48
40.17
31.97
33.24
35.81
41.39
38.31
42.72
41.05
22.81
14.94
48.30
34.24
27.55
8.44
4.08
31.32
42.85
25.03
48.50
8.38
47.26
47.79
43.65
42.65
17.54
36.66
49.42
23.74
59.53
8.96
5.36
5.87
49.16
52.70
55.45
52.76
60.31
57.17
55.84
52.14
30.79
13.19
9.70
57.78
26.82
43.33
49.27
54.24
53.34
48.12
54.80
51.84
38.09
41.30
51.58
50.75
56.90
56.84
57.29
15.01
52.98
51.77
57.86
6.12
44.79
41.05
52.04
50.31
52.36
44.41
41.24
39.70
50.51
58.68
48.55
44.78
46.28
45.76
38.79
49.60
12.21
7.04
39.24
30.82
30.05
38.16
23.57
35.05
49.81
46.52
50.23
43.84
43.50
42.75
26.34
29.39
45.96
37.10
29.07
32.21
30.73
25.04
54.00
31.02
33.41
47.39
33.98
18.20
61.06
54.66
42.93
55.64
26.03
60.86
10.12
12.84
1.42
9.91
51.35
23.20
22.49
8.87
25.95
7.96
23.83
2.78
60.51
53.83
45.10
26.64
5.92
51.46
23.25
55.88
18.98
60.57
11.74
11.40
29.88
7.71
3.91
4.23
40.85
32.60
51.58
55.05
6.44
57.14
52.67
58.22
58.52
11.61
41.11
56.40
58.22
56.86
54.25
57.80
32.31
61.50
51.37
54.36
49.54
52.30
50.14
16.28
10.81
54.77
18.71
50.57
44.50
50.46
50.14
46.13
48.92
50.37
47.23
24.22
42.80
24.55
47.43
41.25
35.68
48.20
57.91
57.44
44.31
53.97
23.23
39.36
12.46
59.46
14.43
51.09
44.94
30.22
50.28
55.22
20.93
58.34
55.36
50.06
7.26
55.35
33.65
48.36
38.67
49.01
39.77
30.28
46.51
33.16
41.88
39.55
51.25
46.40
39.42
38.81
41.44
51.38
40.06
52.57
5.68
58.58
53.70
60.03
23.77
52.10
22.05
52.52
23.81
28.36
4.02
9.06
49.50
16.38
53.61
21.20
4.36
57.70
9.07
8.90
56.60
13.84
56.57
37.57
59.63
17.46
13.87
53.14
16.47
15.09
28.61
21.26
10.10
6.15
51.44
19.84
51.68
15.06
11.00
55.51
31.84
9.20
9.90
52.05
31.56
17.44
34.81
16.53
32.16
13.43
23.38
22.99
45.56
51.36
49.80
26.95
14.02
20.44
14.69
10.31
28.22
23.58
37.13
43.88
54.47
55.05
14.84
52.18
48.12
52.84
57.24
27.79
45.06
27.33
24.69
22.35
48.17
59.02
10.51
61.58
11.19
16.85
54.37
24.65
43.11
5.12
11.06
18.64
29.34
8.55
57.38
2.11
57.16
23.39
3.75
5.28
29.21
15.37
59.53
59.78
8.65
58.69
11.41
7.94
15.52
43.72
52.61
46.53
22.71
20.84
59.98
33.16
58.34
15.54
20.54
46.46
45.35
43.44
54.06
19.51
55.46
15.49
16.13
35.44
48.32
47.36
53.94
53.45
37.93
45.91
34.80
40.91
45.83
36.45
12.01
43.21
45.04
51.40
54.59
46.71
58.61
46.58
60.28
44.86
47.40
42.13
50.73
20.02
13.43
59.28
30.20
23.46
5.62
12.34
14.75
56.33
10.01
25.68
7.88
20.58
53.96
6.44
2.91
35.37
45.49
48.93
29.72
49.55
48.00
49.21
42.30
43.69
31.21
36.66
18.94
24.30
41.77
30.47
28.14
45.59
43.98
45.37
46.48
14.51
21.74
15.83
49.93
59.49
48.16
56.99
48.74
50.62
58.05
17.38
22.42
33.84
10.19
59.29
57.63
55.77
18.59
48.46
29.70
52.31
29.97
22.52
8.53
1.83
48.03
14.30
51.94
16.74
11.07
56.86
11.04
50.78
40.48
15.76
48.48
38.45
50.75
21.38
8.07
12.66
48.11
51.46
59.47
49.05
47.48
49.16
57.96
15.54
22.25
9.63
18.19
11.89
33.13
53.95
7.75
56.48
24.44
57.79
55.02
4.56
52.63
19.46
59.73
59.67
5.40
57.68
35.73
60.30
32.06
29.67
2.83
9.80
41.81
47.82
17.65
50.89
5.23
61.14
52.02
22.47
55.19
4.26
56.38
60.13
25.36
51.03
21.42
51.21
23.76
55.24
51.26
53.15
42.57
35.83
38.23
53.99
52.39
30.37
50.13
36.93
45.04
38.20
46.42
52.93
53.17
61.02
22.47
25.44
21.97
15.27
25.85
46.70
45.86
18.63
56.54
11.63
7.16
20.67
19.52
15.01
15.80
9.73
7.74
53.93
41.78
44.46
48.55
18.53
50.22
28.26
58.31
13.05
44.80
53.34
11.54
27.26
20.09
37.31
60.75
7.70
30.99
56.35
9.54
36.28
56.75
9.57
50.73
30.00
44.43
11.59
57.44
45.68
54.33
49.77
53.29
55.98
18.19
17.78
26.15
44.09
57.73
46.50
27.68
34.37
39.38
24.64
61.35
6.16
55.53
37.61
38.19
59.85
7.60
54.81
55.36
57.29
14.64
55.84
25.48
39.83
18.25
52.38
38.89
16.00
44.77
20.99
19.64
56.09
13.28
51.88
53.89
10.68
45.86
21.97
45.96
15.52
51.18
58.42
54.07
61.54
55.16
15.35
46.97
11.39
54.20
10.77
30.12
19.73
50.80
10.04
15.10
37.35
55.13
52.69
17.56
49.26
50.92
37.05
57.10
51.40
27.48
48.94
45.19
54.18
43.96
35.26
45.29
37.08
40.56
55.23
41.69
44.43
32.21
49.91
40.74
38.86
52.17
39.61
49.02
49.42
42.22
51.83
12.92
3.59
9.81
8.09
4.62
46.91
16.74
49.75
14.37
53.80
22.31
14.50
59.94
55.49
44.20
56.92
45.51
22.28
6.57
4.64
38.87
49.66
12.28
7.03
53.76
39.02
15.59
56.68
9.37
57.85
56.49
18.73
51.08
27.10
54.74
26.66
51.92
43.46
36.73
41.93
46.95
49.75
36.07
42.38
52.42
49.46
20.95
22.88
40.93
41.61
24.97
28.96
27.28
19.71
19.98
49.24
42.59
25.68
39.69
27.75
41.60
22.62
47.03
52.53
33.13
22.31
28.95
47.48
50.04
19.88
54.55
58.59
7.94
57.61
56.74
58.83
12.40
51.96
7.49
57.28
11.58
15.83
53.22
9.86
14.13
37.26
48.87
56.36
8.66
13.73
51.78
8.91
55.38
11.99
15.27
52.49
9.70
14.38
38.37
14.79
48.21
9.48
44.47
3.33
16.56
45.20
44.45
14.80
21.92
34.86
48.92
35.76
49.67
45.43
49.75
21.68
41.18
40.49
45.71
36.14
57.81
46.34
28.39
33.20
41.41
50.83
54.59
46.94
46.60
36.29
27.71
4.21
5.79
41.66
13.45
13.85
51.31
1.00
42.71
59.61
58.88
57.06
60.67
7.78
9.56
30.67
23.40
27.19
28.80
26.52
52.02
33.63
60.26
39.02
34.08
50.61
53.68
36.25
22.36
47.48
16.12
11.71
36.20
24.80
49.56
61.30
42.22
49.09
45.38
22.24
60.61
25.85
35.29
45.68
16.01
21.10
53.17
53.74
46.32
56.74
53.04
42.63
51.67
16.18
49.63
48.64
16.30
12.43
7.20
40.88
53.71
47.21
48.49
19.38
50.33
19.26
55.84
37.37
14.79
13.57
35.19
15.88
17.44
19.27
38.97
52.15
9.95
60.58
12.61
13.07
34.04
11.07
28.13
43.10
52.24
46.63
14.92
51.77
53.34
49.52
44.19
45.41
43.38
16.92
25.21
49.42
39.47
48.33
9.15
18.46
12.98
56.05
6.51
57.13
55.80
57.24
31.27
2.45
19.65
57.47
60.03
48.87
57.20
35.17
54.25
56.10
54.31
49.72
10.03
50.45
56.61
48.39
43.30
31.03
48.56
51.87
33.99
38.53
52.61
45.46
50.39
44.90
42.81
23.46
4.11
5.29
50.85
11.90
60.06
58.86
54.96
40.53
16.26
6.39
60.01
46.07
54.73
52.63
24.62
5.77
22.08
15.38
55.90
11.00
57.11
13.81
54.07
57.14
31.66
5.23
23.57
57.46
60.33
50.92
56.59
39.66
16.77
45.81
46.87
42.85
21.40
40.74
54.67
20.16
47.16
18.81
58.21
38.30
52.46
52.10
52.46
48.35
5.97
49.19
35.31
14.67
21.75
38.50
24.99
2.96
7.89
51.95
12.28
60.40
57.09
56.13
40.57
17.40
4.25
60.92
44.47
53.60
54.36
22.05
14.14
14.26
47.33
56.78
55.78
54.79
55.37
47.95
47.62
20.40
21.03
8.48
7.60
10.43
54.90
44.05
34.66
59.23
54.15
60.16
50.89
45.06
57.30
39.38
60.32
56.36
51.69
32.42
44.40
58.25
55.49
32.58
12.53
40.78
56.42
36.69
31.91
57.44
9.08
61.72
58.48
60.34
57.73
61.13
5.63
55.64
11.66
55.93
57.12
53.81
57.92
45.54
52.59
10.40
51.97
9.28
16.64
27.85
25.60
50.83
36.10
54.76
38.25
47.52
39.89
53.56
43.00
45.92
60.33
51.57
50.57
56.45
14.53
57.00
10.81
15.06
55.16
58.02
19.99
35.36
6.50
21.63
56.83
22.96
58.70
20.99
60.13
56.19
50.81
8.66
50.59
36.07
51.85
52.11
56.68
53.97
56.78
38.35
35.24
56.52
53.00
50.20
50.33
7.75
43.81
45.21
45.69
54.90
9.54
58.13
19.39
34.03
56.66
7.71
14.32
12.72
54.76
14.89
13.16
12.59
12.38
47.91
51.81
54.05
42.82
47.48
11.51
26.44
10.07
37.31
51.28
34.74
54.27
26.74
38.82
51.35
30.77
50.97
53.86
20.81
47.35
44.02
21.12
44.43
49.69
16.32
42.87
27.50
37.51
34.60
32.58
22.89
59.29
14.84
40.93
47.55
47.75
29.02
48.55
8.62
6.76
56.67
5.66
4.15
58.72
10.75
10.53
58.46
14.63
14.68
60.08
9.06
9.26
55.37
13.65
13.06
10.97
44.14
28.74
6.43
31.99
60.22
52.59
53.36
45.78
45.52
23.47
7.12
12.09
52.92
10.68
21.73
41.32
25.92
36.74
38.71
47.95
39.76
44.19
47.30
48.96
27.01
55.67
50.49
51.02
51.23
14.09
17.68
58.14
11.11
53.18
22.99
46.99
17.59
38.47
43.26
51.63
43.56
45.71
50.45
45.28
2.57
58.87
46.47
55.95
35.49
55.43
43.17
39.04
50.93
52.06
29.66
53.42
56.71
29.40
21.07
54.97
55.73
32.25
37.27
59.63
59.01
60.79
37.76
56.16
49.74
20.02
20.64
22.22
49.88
37.44
14.30
10.49
14.22
55.79
19.46
55.36
53.84
24.84
48.66
31.54
39.27
29.63
48.19
32.72
1.80
38.78
38.13
22.29
10.13
43.11
58.01
37.91
51.05
25.98
44.72
27.29
60.49
61.39
58.51
4.93
7.02
54.18
13.81
20.39
9.76
27.30
1.85
9.37
51.28
10.13
19.69
1.90
60.06
59.33
10.26
8.90
23.88
18.45
20.72
32.30
19.28
24.79
39.79
55.38
44.49
35.41
24.40
29.15
33.50
50.66
34.00
26.57
31.78
36.34
53.83
42.48
36.07
22.80
50.36
36.05
27.17
45.22
45.51
43.56
55.53
57.82
9.34
58.38
59.62
58.72
45.26
59.82
49.52
37.09
41.49
35.44
47.40
55.85
38.86
51.74
43.14
39.39
5.14
54.79
56.87
59.58
56.57
6.45
61.24
26.94
25.15
44.11
43.80
30.22
55.14
44.45
40.63
42.29
54.79
29.25
56.91
5.01
27.93
23.98
48.69
44.09
59.22
54.61
22.08
58.07
60.56
18.72
56.45
60.67
9.68
56.47
56.74
7.68
55.92
15.21
23.36
52.20
44.70
12.88
36.79
18.78
33.17
23.32
44.81
50.74
6.11
59.91
6.22
33.47
35.98
45.80
37.44
31.29
39.15
35.81
28.92
30.94
41.23
32.64
35.98
53.26
56.77
47.45
43.86
38.96
28.59
50.10
24.10
30.64
33.07
44.56
59.88
41.33
45.58
35.63
41.31
59.34
54.27
53.28
54.58
57.32
38.60
8.66
27.49
26.37
38.56
36.04
59.10
13.14
43.34
18.20
45.00
46.16
13.88
43.27
53.40
46.94
22.86
25.46
26.20
50.08
38.15
13.68
22.77
60.40
42.85
53.38
60.26
52.92
27.13
53.59
30.99
48.21
34.74
8.05
39.14
21.45
12.27
42.64
55.43
38.45
48.36
25.45
50.02
52.51
28.67
34.88
45.26
9.90
12.09
57.34
34.17
46.85
31.52
42.68
20.55
9.51
10.73
38.54
16.05
40.91
52.41
26.16
52.62
50.89
26.90
55.24
57.57
59.25
51.78
56.79
30.98
50.07
44.21
55.38
49.48
57.41
12.89
50.89
39.03
25.85
49.69
40.12
55.39
47.71
50.55
18.99
14.81
52.30
12.12
44.29
44.66
39.82
14.53
48.18
36.47
31.59
49.69
42.56
39.98
41.58
38.32
48.37
35.88
50.15
45.56
49.03
28.05
37.02
33.87
11.51
44.19
34.42
38.25
35.26
44.65
44.73
34.20
26.04
42.01
36.71
55.60
47.03
46.86
38.87
43.82
27.95
38.94
51.14
34.28
38.84
13.85
14.62
39.61
42.70
55.95
56.01
57.77
35.20
46.64
32.90
54.32
56.72
48.07
18.22
15.84
49.11
4.99
52.31
32.57
54.56
53.41
60.41
51.25
50.65
41.60
39.82
45.04
39.69
41.62
43.14
46.20
57.98
36.89
50.02
46.39
54.09
34.23
35.59
47.00
41.03
29.04
41.44
32.00
36.81
40.71
29.87
43.73
38.78
46.31
60.20
48.08
59.83
40.92
41.31
50.43
54.09
37.67
35.01
48.43
55.33
19.34
16.23
55.53
22.70
41.03
47.89
55.82
34.02
30.77
42.49
3.31
44.36
39.00
47.98
36.97
14.80
45.08
34.86
14.78
57.98
53.41
56.88
28.44
53.57
10.79
12.51
57.07
18.58
51.57
55.13
59.73
59.66
17.23
59.26
27.08
58.47
47.18
35.72
40.20
19.41
48.92
50.49
13.88
58.70
51.81
4.75
33.85
38.65
36.77
30.57
60.14
3.41
11.87
29.79
16.97
12.44
7.29
7.86
55.45
52.69
20.05
19.08
56.20
56.41
61.61
61.70
15.19
59.16
24.43
58.21
49.54
33.22
37.72
21.92
50.95
53.17
14.29
39.39
58.36
51.97
6.63
34.27
31.14
36.11
54.01
56.22
49.64
38.85
45.72
43.15
16.51
58.44
22.83
26.27
28.12
20.09
25.31
29.61
30.72
38.30
53.54
50.38
42.51
17.29
45.03
51.70
47.70
35.94
45.96
51.73
37.00
39.69
43.30
46.70
51.86
53.74
50.08
23.17
57.81
11.64
14.72
21.70
53.58
14.78
51.18
11.87
44.06
58.81
3.33
52.11
56.58
14.74
12.13
26.74
16.01
11.35
15.96
52.06
35.58
27.70
17.69
61.14
7.83
5.02
5.45
46.38
59.88
47.43
40.44
16.66
40.00
52.93
46.25
45.09
41.71
41.39
56.59
26.73
46.80
15.29
12.12
25.42
50.70
8.74
48.71
43.22
50.39
56.19
55.73
44.32
44.21
50.59
56.59
55.55
60.70
13.61
10.27
44.85
5.32
57.62
36.33
6.06
10.49
7.59
58.63
58.65
59.74
37.21
52.99
55.64
41.92
58.31
46.14
42.37
40.79
33.46
45.32
46.71
32.19
41.47
47.53
53.25
55.17
48.51
53.07
53.42
42.64
42.75
39.19
47.69
48.63
44.92
40.95
46.24
34.26
52.54
41.60
54.66
36.04
37.68
43.69
34.60
32.32
35.29
35.80
34.88
20.54
46.67
48.94
33.04
37.77
24.39
32.50
47.02
42.00
49.53
53.99
48.88
48.77
16.30
38.54
48.38
20.03
42.62
42.81
47.38
52.94
48.85
36.35
52.07
55.60
36.87
56.77
55.21
30.44
38.77
50.90
55.32
58.46
60.76
26.12
7.98
47.20
4.51
4.62
21.79
32.61
21.63
23.91
15.89
21.71
32.51
32.12
26.33
27.95
45.14
33.08
36.83
40.31
40.08
26.25
27.01
59.54
8.08
8.27
16.17
35.66
53.14
49.15
53.59
53.62
61.81
55.96
48.08
58.85
50.74
54.24
49.43
51.06
45.97
47.42
56.03
50.99
36.94
50.06
53.16
45.32
44.49
57.20
9.41
61.46
29.10
5.27
44.31
53.58
55.06
52.73
13.04
50.24
48.17
54.09
54.57
11.53
57.33
48.89
43.37
42.80
45.99
46.09
51.75
49.79
49.50
45.14
50.07
55.62
13.71
42.28
11.40
36.58
34.22
44.44
39.24
33.79
59.80
35.50
26.64
36.17
41.99
28.20
28.16
43.83
39.80
38.85
22.22
40.90
11.65
54.98
50.32
47.66
50.44
41.00
49.59
58.80
49.08
60.28
56.36
41.91
21.50
13.13
30.24
45.43
57.08
22.77
55.74
37.17
33.01
47.25
46.62
44.25
48.95
46.82
34.69
29.76
30.10
8.43
32.90
46.70
22.84
51.29
24.57
47.69
57.86
58.78
17.47
55.98
14.78
27.17
53.77
19.85
12.03
28.59
29.63
40.54
32.22
49.47
37.07
40.96
44.41
33.66
43.82
21.05
54.21
52.09
16.89
23.21
19.15
26.76
43.12
60.54
6.48
17.45
41.09
32.23
48.15
40.31
51.41
3.01
60.06
23.38
34.57
58.84
46.26
52.34
28.21
58.47
35.15
23.04
29.76
14.93
38.88
42.02
49.53
35.44
50.10
36.04
47.30
44.30
18.50
16.28
60.15
59.00
30.92
31.03
57.52
35.35
47.87
38.00
39.63
49.45
47.20
56.74
60.32
57.38
16.72
8.98
42.37
38.90
58.42
54.30
24.97
26.44
28.84
10.13
51.05
15.58
50.49
52.73
49.17
44.06
58.85
14.65
52.33
52.18
8.45
5.05
28.08
58.54
23.52
54.60
11.48
45.62
36.78
32.81
54.87
8.67
10.11
43.17
41.86
40.31
23.44
38.93
15.44
27.30
12.90
46.98
46.45
42.81
44.46
58.38
47.00
59.51
58.37
53.25
2.21
27.96
10.99
44.65
57.68
46.44
39.70
56.10
53.68
34.92
51.88
31.10
47.15
48.35
52.62
38.77
45.31
37.13
46.72
51.20
44.48
48.90
55.00
19.99
52.57
51.82
42.81
49.54
51.61
53.38
8.00
53.42
60.44
52.82
52.39
45.44
47.36
60.65
57.21
49.43
55.63
34.94
53.64
51.60
39.40
53.25
12.35
17.91
40.89
44.75
32.30
45.17
45.36
47.42
48.50
32.25
39.29
23.40
23.06
35.60
27.12
52.01
55.11
7.52
8.68
12.00
8.27
16.41
51.87
12.03
35.19
24.85
46.64
8.79
51.38
48.18
11.24
46.82
56.67
14.38
12.63
53.06
53.19
24.65
57.86
5.36
34.10
52.73
54.57
3.30
4.70
24.23
60.23
60.16
49.35
56.25
24.29
59.68
54.66
22.23
29.02
19.99
40.96
28.74
53.83
13.69
53.81
56.42
5.95
57.10
54.47
52.49
20.63
16.42
48.48
12.08
17.71
15.21
29.37
21.18
43.57
34.41
48.82
46.13
24.82
46.34
55.86
54.22
52.88
15.89
17.44
15.48
17.50
18.27
23.06
45.01
53.49
8.63
54.53
56.61
29.22
55.28
51.78
43.61
45.54
57.84
53.78
50.58
55.31
40.92
54.86
25.09
48.34
39.13
49.97
11.87
13.02
54.70
59.53
29.50
53.36
53.72
41.56
56.35
59.49
58.14
56.83
48.60
53.83
59.02
52.69
23.38
55.39
58.26
31.06
22.46
25.11
50.14
29.60
28.54
46.42
44.39
48.84
39.82
38.78
40.57
44.66
44.40
44.90
26.63
30.47
24.05
24.11
40.99
8.63
9.74
44.57
43.11
41.97
5.98
5.34
55.64
51.04
18.07
29.01
46.58
44.92
60.49
57.43
3.47
49.93
10.09
58.06
38.65
38.69
7.08
57.33
8.85
32.16
57.35
57.60
55.39
36.83
52.91
20.90
9.14
19.93
43.16
23.04
52.37
54.17
54.53
43.88
58.72
58.21
12.55
9.55
11.04
60.75
60.05
2.29
10.81
11.87
53.75
49.97
41.44
37.97
31.65
35.14
27.13
58.56
47.81
36.12
14.42
46.62
46.35
48.66
38.43
41.77
47.08
45.27
27.26
28.55
52.81
45.23
53.84
31.36
57.60
60.95
51.35
57.50
41.91
57.54
56.49
57.62
54.72
46.96
25.23
56.87
46.67
56.12
33.73
43.13
35.55
51.30
45.93
49.59
55.73
39.64
54.26
45.81
58.49
37.79
49.82
52.06
44.16
52.31
44.61
49.08
54.46
47.54
47.93
51.60
54.98
41.60
56.34
13.79
54.41
7.04
59.13
56.20
55.13
15.46
12.60
50.88
5.23
11.00
9.85
56.40
22.39
46.51
51.16
59.09
57.83
31.86
10.22
53.90
10.46
4.09
2.73
11.26
57.98
58.33
52.65
56.91
55.36
52.02
44.13
43.65
43.06
42.03
44.75
59.36
58.05
58.96
53.64
8.75
7.89
8.18
55.01
51.75
59.29
32.12
58.34
59.22
52.06
8.52
10.79
57.55
58.38
49.84
10.47
8.85
60.45
37.51
44.67
50.44
44.37
17.48
12.02
20.95
58.59
57.03
56.34
28.82
8.78
6.83
47.33
8.63
12.56
10.68
59.05
60.61
6.72
25.08
51.20
59.47
54.07
21.29
43.39
44.41
56.94
46.67
53.64
43.16
55.38
30.95
29.67
46.79
55.56
39.46
60.02
31.87
31.07
52.21
20.96
20.75
29.81
25.06
42.31
14.83
53.58
54.11
16.19
16.45
50.05
13.35
9.30
17.63
12.56
53.22
5.90
14.06
58.53
9.61
50.31
58.43
53.20
57.69
57.10
8.20
53.15
52.16
7.07
11.27
5.86
17.15
11.62
9.53
57.21
15.40
17.67
55.19
11.17
15.21
51.97
4.31
12.02
3.92
42.04
26.34
56.46
5.56
10.75
41.41
13.35
54.66
46.92
40.24
22.91
54.48
56.47
38.22
32.17
28.03
11.05
8.29
12.78
9.50
39.18
60.92
60.71
32.04
60.27
37.76
32.37
36.19
28.51
33.29
52.38
33.54
38.13
32.28
55.92
35.94
34.88
34.68
27.06
43.76
55.67
46.96
47.54
49.41
41.89
33.20
43.24
39.31
42.87
57.18
57.89
39.18
36.52
47.15
34.57
39.69
35.19
57.26
52.84
33.19
48.28
21.82
60.96
39.79
36.69
48.44
47.41
45.37
25.30
25.64
21.55
26.39
51.18
58.09
19.45
58.10
50.11
50.46
8.01
54.83
16.29
54.79
52.22
50.08
12.82
53.51
15.78
19.27
42.03
55.23
52.76
22.49
57.44
40.45
57.42
54.07
12.58
42.45
28.03
40.35
51.53
58.42
57.52
56.32
57.19
24.79
11.32
11.78
6.77
36.72
27.84
13.90
52.14
14.05
54.13
15.05
58.10
17.21
53.61
53.33
10.06
20.66
33.38
61.02
60.22
59.36
15.92
38.20
54.86
12.64
8.52
10.19
49.47
52.63
54.96
58.23
56.78
38.98
14.67
15.37
40.47
3.16
15.25
9.26
60.53
60.50
14.47
14.56
59.87
55.76
57.07
53.33
54.16
43.25
44.13
59.80
41.29
41.44
45.14
6.42
55.64
60.36
56.68
57.17
54.81
5.38
5.25
5.88
59.38
30.21
6.47
55.65
60.20
58.82
55.80
41.78
18.27
26.03
14.57
54.20
39.49
42.49
55.30
57.22
46.54
54.94
38.97
46.36
31.97
51.66
49.71
59.92
61.02
10.28
11.15
50.69
34.08
29.62
50.65
51.71
54.65
47.73
44.84
40.65
56.58
44.48
48.36
34.44
45.54
48.84
36.15
34.67
48.58
37.74
45.16
30.31
38.73
53.22
28.86
34.50
53.84
53.04
29.32
32.30
56.15
27.71
24.57
29.10
18.25
26.10
30.82
41.26
35.56
48.11
38.65
56.43
20.24
19.33
58.04
29.47
38.96
23.48
15.41
47.53
42.66
45.31
12.67
59.56
58.86
29.62
27.63
57.88
26.79
46.16
33.06
6.53
58.64
60.20
13.83
31.31
48.65
30.83
51.33
48.82
52.74
10.30
5.08
29.93
28.94
43.09
29.13
24.54
25.35
40.25
41.23
56.53
10.02
17.31
44.65
17.68
40.79
36.81
12.30
48.00
44.34
46.26
46.16
15.66
58.72
52.73
12.42
45.74
59.10
58.86
55.29
6.30
11.73
12.56
44.52
14.05
57.79
49.45
14.76
35.93
12.62
55.31
45.59
50.96
40.36
48.71
42.54
38.37
39.98
25.29
28.34
29.33
23.42
18.15
26.86
42.53
37.00
28.37
35.90
24.64
29.61
40.92
42.37
47.92
50.19
40.86
45.24
36.54
32.62
35.25
43.39
48.35
42.95
57.54
38.21
47.03
48.76
38.44
40.39
47.28
43.91
42.99
55.31
40.59
44.95
55.28
37.57
9.73
51.28
5.93
5.14
5.61
4.02
56.64
33.66
10.92
51.34
58.54
58.81
40.14
7.25
19.74
48.57
45.34
20.10
57.42
57.18
49.45
38.82
19.22
8.58
48.35
21.27
13.96
54.38
54.39
19.32
17.18
59.23
25.76
25.57
39.64
22.68
29.46
18.75
21.38
51.90
35.17
24.10
16.05
42.07
41.99
41.63
31.47
38.53
18.82
22.96
22.33
23.84
33.49
38.90
26.57
28.63
6.21
16.19
54.45
22.02
54.90
46.47
57.78
49.68
53.36
56.36
54.70
52.51
18.71
40.73
8.17
18.25
53.33
54.09
58.72
58.81
18.27
56.12
34.94
56.38
47.51
58.75
56.39
39.94
60.03
56.82
43.64
45.83
41.56
34.45
13.97
34.43
59.97
33.40
60.00
48.32
51.28
56.38
54.33
18.94
11.11
35.33
40.43
11.16
14.26
15.50
23.56
13.46
51.32
20.51
18.15
42.87
24.16
27.74
31.12
37.03
19.98
50.03
54.04
48.49
49.24
47.96
55.56
54.96
60.47
13.67
54.62
55.96
35.57
4.21
48.52
12.57
42.81
9.56
52.39
26.52
57.04
10.66
30.35
56.12
24.13
15.70
32.97
31.16
58.73
54.70
32.40
56.86
60.30
59.16
17.50
27.51
18.44
58.30
58.86
30.73
51.51
23.14
48.09
52.35
45.76
23.75
34.24
32.30
43.51
56.90
51.41
56.82
11.94
58.64
58.20
52.88
29.55
22.33
53.77
5.51
55.82
58.30
42.83
51.24
11.03
47.71
33.29
59.80
58.79
58.51
5.50
5.29
56.98
58.25
59.41
2.64
59.04
60.54
2.67
2.48
58.52
37.46
45.05
19.02
16.86
19.81
18.05
16.14
46.66
20.30
21.29
36.26
29.85
25.41
26.96
43.26
18.53
52.89
12.18
50.46
42.13
47.45
49.02
50.12
23.11
50.64
53.58
27.84
12.86
47.55
16.23
44.77
15.61
48.53
36.46
54.04
19.58
38.99
18.65
57.37
52.83
55.62
58.95
51.59
38.53
41.95
20.25
41.76
45.63
22.51
18.18
16.17
57.86
41.10
60.13
52.11
54.07
55.14
55.11
58.77
42.25
60.52
27.01
15.56
47.37
37.42
5.32
60.56
6.18
14.78
8.24
7.23
54.00
54.31
42.72
59.00
57.77
59.49
10.87
6.30
9.55
60.89
60.16
4.69
31.10
9.96
61.07
4.34
28.22
19.78
49.76
11.87
31.19
52.66
52.12
37.26
58.42
56.42
58.05
7.71
7.11
7.28
59.65
58.90
12.82
54.29
38.40
57.93
55.09
26.65
51.22
52.97
38.15
51.05
45.58
48.75
52.74
34.28
55.15
46.26
41.92
36.82
45.88
53.18
17.45
9.64
49.87
45.05
15.92
12.27
53.66
60.80
42.43
41.21
33.18
53.54
52.16
53.90
40.75
53.42
54.79
20.79
6.13
56.38
56.12
46.92
14.71
13.19
24.25
35.38
41.27
50.98
43.29
48.22
17.10
16.65
50.25
55.35
55.05
12.50
55.17
6.09
36.94
25.33
20.38
59.80
36.19
58.08
57.79
48.45
55.95
46.15
52.65
49.50
29.73
51.87
53.35
48.34
17.99
38.57
11.85
11.71
20.06
42.42
55.11
26.38
27.84
9.98
56.19
28.39
19.42
52.39
57.75
41.98
58.02
18.40
55.92
50.26
53.88
49.23
21.88
42.86
17.92
41.23
23.18
38.77
51.41
26.36
57.59
49.93
39.22
56.45
16.26
17.02
46.02
46.92
50.83
23.78
18.99
6.25
60.40
50.31
29.16
16.58
40.94
32.99
16.45
49.10
59.03
22.58
20.04
22.06
12.66
58.87
17.92
60.16
37.86
35.46
11.47
18.22
17.41
30.14
17.40
54.05
24.52
19.92
47.09
20.33
31.96
36.23
34.72
25.48
54.77
42.46
55.99
54.80
10.13
52.14
50.87
42.64
9.14
48.58
15.97
41.46
12.58
55.97
18.81
51.22
44.64
42.95
52.51
54.37
54.86
39.20
21.94
11.39
36.22
19.60
23.78
34.01
17.48
57.06
14.09
48.59
44.09
45.94
50.70
39.46
42.30
53.37
48.24
47.10
48.55
49.34
41.06
45.97
46.69
44.67
47.33
46.61
49.10
39.50
45.49
52.32
12.90
12.37
8.47
2.78
56.80
37.19
35.39
35.78
60.59
52.86
50.08
54.70
52.72
36.48
44.99
18.83
36.33
37.31
38.30
46.66
45.45
18.41
22.18
47.07
48.97
43.90
47.00
16.85
57.09
42.37
49.30
40.03
41.15
39.33
29.16
52.28
59.53
30.78
21.11
42.78
49.42
53.22
24.43
48.39
31.25
13.46
6.99
52.67
55.67
53.43
26.55
58.25
28.49
3.77
21.34
58.68
40.43
58.57
58.30
53.17
56.16
18.73
50.37
48.18
46.35
56.24
41.48
43.26
43.88
54.38
52.94
43.07
20.13
54.19
50.04
45.84
16.08
43.55
21.72
53.31
19.42
9.01
51.94
58.10
52.43
38.16
54.60
42.61
48.32
58.66
52.97
60.94
48.99
56.66
52.55
40.35
52.13
19.71
42.85
38.11
55.89
50.60
45.36
46.00
44.91
42.77
45.27
42.04
39.28
50.54
49.78
43.09
42.60
36.71
13.96
12.30
48.48
58.91
45.11
48.15
25.43
55.29
44.16
56.13
40.87
47.95
43.12
13.12
57.48
57.81
43.27
52.24
14.46
46.27
16.42
9.89
19.81
57.24
59.47
58.51
12.75
59.52
12.87
7.29
19.29
28.06
49.06
50.00
47.87
40.11
9.82
44.87
45.70
48.35
44.36
44.72
40.65
26.38
43.14
48.97
39.95
47.82
43.80
6.93
7.00
13.80
56.98
20.02
23.25
20.25
38.40
18.07
49.05
56.02
12.40
9.54
56.12
28.58
57.13
14.40
59.50
37.53
42.05
7.54
20.18
42.03
35.80
34.51
31.30
36.56
39.48
41.62
45.26
47.02
43.69
40.95
39.58
39.58
46.25
44.42
51.70
47.10
47.89
46.87
53.16
24.33
45.33
47.85
46.63
50.60
51.76
54.84
48.69
38.78
53.75
58.66
50.78
49.26
48.12
50.89
16.99
44.00
45.74
41.67
44.84
39.46
40.31
49.87
47.32
39.29
9.84
10.45
16.03
59.17
59.01
45.08
51.62
43.27
56.10
11.05
55.09
39.50
36.98
53.02
47.04
46.65
49.55
48.24
41.79
44.60
46.44
46.20
41.38
44.88
46.60
41.27
43.09
38.56
38.12
36.81
43.37
52.69
57.25
39.39
49.20
51.94
38.00
36.77
18.17
44.12
38.86
44.52
45.44
43.50
19.15
45.74
43.75
43.04
45.93
19.60
57.98
41.48
45.52
38.93
42.56
46.85
51.27
45.11
23.27
53.07
48.34
31.25
29.34
29.91
27.50
11.68
26.04
58.54
42.87
58.70
23.51
38.61
32.20
30.37
48.70
31.16
15.86
23.63
50.14
49.92
29.47
48.87
54.21
51.13
22.44
41.19
26.73
21.65
24.97
14.79
20.98
46.86
21.87
25.19
30.00
34.72
24.04
23.59
51.26
20.00
38.62
46.21
55.40
52.27
53.52
27.13
21.64
37.06
21.61
22.62
49.37
44.35
47.03
43.07
46.15
29.57
41.75
56.12
49.89
38.58
55.15
56.40
41.69
42.42
51.65
40.50
23.89
31.32
46.94
43.08
41.98
47.18
44.37
42.56
42.47
42.54
46.88
53.82
44.90
48.04
46.71
41.15
40.40
44.03
43.39
43.73
48.81
54.40
50.79
45.01
46.93
44.15
47.96
24.59
49.64
51.29
58.99
58.26
50.56
52.20
53.53
47.27
50.22
50.83
38.19
55.27
49.32
54.13
44.40
54.03
52.88
51.59
50.25
56.94
31.07
42.16
40.58
39.50
40.29
41.31
44.08
49.73
50.64
49.70
47.66
43.49
26.60
39.88
34.95
24.51
16.17
42.65
26.92
49.09
47.80
51.83
45.59
46.96
13.27
51.94
50.54
25.18
48.27
11.66
16.06
51.51
15.01
25.23
31.13
57.41
51.85
57.25
54.13
52.90
51.30
26.71
54.73
48.89
52.99
50.33
21.27
51.65
45.07
41.07
27.05
40.70
30.20
51.54
29.38
32.25
47.88
46.60
53.04
51.72
51.00
59.96
27.51
37.63
36.44
44.42
53.46
44.16
45.13
19.40
20.10
52.75
29.34
7.66
42.96
53.41
51.62
56.11
52.56
42.19
53.37
10.19
58.63
11.06
56.77
45.38
7.45
11.10
46.80
58.11
51.26
44.53
51.24
55.01
57.79
5.80
10.57
46.67
12.36
12.42
6.51
58.56
51.20
47.68
45.53
45.66
40.05
39.91
47.72
30.75
45.21
52.90
42.83
43.27
45.49
49.19
44.68
49.76
41.87
13.33
14.34
44.63
49.87
53.69
29.96
26.33
51.71
23.88
51.96
50.47
10.31
8.52
26.66
19.07
13.12
10.95
56.31
16.37
21.97
52.70
55.79
53.85
42.37
16.86
57.45
42.75
58.76
14.58
19.44
43.93
48.35
49.71
47.08
49.66
29.43
35.38
46.94
46.74
51.00
42.45
42.03
41.80
41.01
56.80
25.06
52.89
18.31
46.85
48.03
48.42
51.38
51.73
37.28
42.98
46.77
49.92
49.15
38.81
55.94
53.44
29.30
60.71
59.96
38.22
42.90
56.79
43.14
17.49
48.59
38.41
51.80
46.33
57.12
51.45
35.73
38.30
43.90
59.73
52.34
41.45
56.12
50.55
48.27
40.47
58.23
53.52
40.31
59.82
50.23
59.41
51.80
54.68
41.07
37.74
45.26
49.65
43.98
57.76
31.57
52.84
45.36
50.89
30.09
5.16
9.58
10.26
23.10
9.23
56.10
17.43
14.16
41.95
24.29
25.81
29.96
37.69
16.55
60.21
59.12
4.92
4.86
20.34
8.14
3.64
57.49
23.03
56.91
46.83
35.74
52.55
57.37
58.96
37.78
42.50
59.58
52.15
40.44
57.05
50.58
47.37
39.93
50.37
53.15
36.67
54.67
50.73
56.03
51.52
41.69
59.34
28.09
59.57
56.20
46.31
43.56
37.26
17.99
14.62
17.34
15.58
13.65
50.07
17.24
18.24
34.38
27.05
22.27
24.12
45.13
16.39
17.90
55.19
12.84
8.99
27.96
13.75
14.00
51.85
34.79
55.78
43.89
16.07
33.95
55.43
58.21
14.25
56.70
55.86
13.15
23.55
15.45
29.79
5.28
22.68
19.53
34.93
14.72
45.19
13.71
58.43
18.80
27.63
23.65
45.85
27.68
56.47
52.06
36.09
47.42
20.62
39.26
20.56
51.99
25.47
58.57
10.44
58.93
12.44
30.96
60.11
51.01
53.90
57.72
58.38
48.15
54.30
47.83
31.74
33.36
11.86
44.30
47.46
39.56
32.53
47.14
45.53
8.22
46.19
44.27
43.76
42.31
3.27
58.57
55.00
56.21
6.68
60.56
59.08
56.07
8.26
45.72
44.82
44.14
15.84
3.34
43.89
13.85
57.40
56.46
46.87
34.05
8.42
9.03
5.88
56.46
12.62
59.25
50.60
8.38
45.56
57.90
9.77
47.23
14.70
5.44
50.09
8.83
52.74
60.64
56.98
55.70
57.93
57.19
3.70
4.77
59.88
29.15
6.30
16.59
15.63
32.26
16.79
59.21
24.88
20.09
50.58
27.20
33.63
38.38
31.67
23.97
18.02
60.54
16.81
10.98
52.96
37.83
41.26
19.81
28.41
26.02
42.89
28.05
55.01
34.69
28.56
45.59
25.12
42.29
47.44
33.16
36.14
60.37
28.30
52.40
25.24
11.10
23.32
41.21
31.11
44.23
47.20
45.48
3.01
55.63
53.15
54.22
47.11
3.33
58.70
55.91
53.91
5.99
42.75
45.42
35.99
60.14
60.33
59.33
54.65
60.38
5.17
52.78
55.56
43.79
37.73
46.79
46.15
49.16
55.84
58.33
11.56
53.70
60.92
42.99
41.73
6.50
39.41
53.23
48.64
36.02
15.36
37.65
29.84
56.75
56.91
13.62
53.63
55.54
21.49
14.28
16.73
51.63
52.29
44.18
11.90
21.88
7.65
56.20
58.33
57.24
49.70
7.92
53.98
46.30
10.48
53.12
47.02
44.22
13.88
43.63
44.67
31.63
43.60
43.62
48.97
42.96
55.03
46.61
60.40
37.29
60.84
57.19
56.26
51.50
57.25
8.40
49.65
52.53
40.85
37.44
43.71
43.10
50.03
52.61
53.93
50.71
51.93
58.07
42.14
42.03
60.55
7.48
39.43
4.57
7.28
57.93
5.78
47.31
46.19
44.77
57.29
8.41
61.54
39.60
48.69
54.90
48.98
44.03
57.12
50.44
58.40
48.64
46.33
55.03
55.05
50.29
51.17
57.08
46.72
48.32
48.30
49.49
35.52
23.93
24.90
12.10
24.04
46.07
45.88
54.97
54.59
53.66
40.39
42.24
54.93
34.68
52.04
60.65
48.84
52.10
54.41
45.41
52.39
51.41
45.77
30.63
47.90
36.78
38.27
43.46
56.54
42.78
29.99
60.53
56.90
31.41
38.81
27.41
51.11
47.99
48.18
32.27
36.28
26.51
42.63
32.34
32.33
43.99
30.17
43.14
42.74
53.01
34.51
38.25
35.49
44.32
32.65
12.84
13.51
53.07
13.37
45.97
53.06
24.27
45.48
44.44
20.10
25.00
25.24
46.50
50.00
19.69
14.99
13.56
31.55
7.96
42.65
11.64
9.46
50.49
53.76
14.59
58.34
19.74
7.73
45.68
34.41
36.29
59.17
12.65
31.38
10.65
26.64
60.39
53.19
40.02
9.63
35.46
56.91
57.33
12.59
55.93
48.66
10.54
19.61
22.32
41.74
40.27
44.35
41.24
52.92
43.39
42.52
32.50
31.56
45.30
44.46
44.47
39.63
43.88
25.26
46.65
48.79
50.72
52.46
48.80
47.60
52.40
44.30
38.63
28.82
38.37
57.43
9.21
45.95
7.55
8.94
54.37
8.46
48.74
47.76
46.72
57.52
5.22
60.87
45.73
43.26
22.20
24.39
57.59
7.16
20.04
7.52
16.65
59.49
57.79
50.72
52.73
46.15
44.47
10.03
59.22
52.04
59.19
15.31
36.67
54.23
44.87
56.86
53.07
17.86
39.05
52.24
49.72
48.77
34.08
54.54
47.58
55.24
50.90
40.69
40.39
43.11
41.00
19.45
34.85
31.62
31.27
22.80
49.12
44.34
35.14
41.27
43.03
39.73
49.97
44.43
58.49
34.76
46.18
41.38
42.04
49.33
25.44
52.29
49.00
8.80
55.80
8.79
53.51
13.10
17.33
55.97
50.20
59.76
39.61
30.33
18.00
16.99
60.92
18.97
51.73
49.63
30.23
49.40
11.87
57.06
53.93
12.60
14.10
60.13
57.09
37.57
59.41
24.75
58.56
56.16
47.88
50.96
34.72
27.19
51.72
23.43
28.93
36.33
47.91
32.23
30.75
57.96
17.82
21.48
18.78
57.70
12.74
32.00
44.57
26.63
57.03
29.48
33.15
34.20
19.99
8.31
11.47
13.83
13.87
16.30
51.66
13.52
48.31
25.52
46.57
39.30
44.91
39.79
47.01
41.56
46.82
43.02
46.11
42.78
44.74
44.94
45.35
43.56
49.26
50.14
42.78
49.52
44.31
47.50
35.43
47.02
45.41
32.06
56.63
39.23
45.66
51.20
51.08
48.41
45.34
43.84
44.56
38.43
49.11
19.80
18.05
54.49
50.77
48.79
50.77
15.87
54.94
26.21
26.67
29.44
31.48
38.54
19.28
22.11
8.72
57.78
46.29
58.13
13.90
45.95
40.16
45.19
35.21
53.17
38.89
45.46
48.13
41.93
42.19
50.91
40.64
50.34
42.92
49.17
36.61
37.88
48.76
47.51
31.52
32.07
22.61
47.48
28.72
46.04
44.82
28.70
57.69
43.96
47.42
48.18
27.63
48.13
51.33
51.22
26.36
38.33
50.00
41.42
43.04
43.02
52.17
41.72
26.62
45.86
38.50
42.23
42.79
39.95
54.72
9.82
52.31
42.47
53.85
18.79
45.74
44.93
21.01
20.37
20.69
49.60
50.38
16.14
26.01
25.54
31.21
38.12
21.62
54.51
58.62
47.30
7.37
56.99
26.38
6.70
50.02
49.98
46.94
20.52
51.54
39.81
46.54
46.98
49.69
42.34
45.31
58.54
47.83
55.06
47.04
45.17
50.65
46.58
59.66
52.99
13.13
57.86
35.91
60.09
31.46
55.95
57.67
51.86
56.79
58.02
38.28
51.35
46.37
40.85
38.66
47.10
48.49
27.57
39.23
48.61
45.94
33.99
46.63
45.09
38.12
45.35
40.16
45.82
41.61
47.99
17.31
56.72
57.77
59.13
43.47
52.73
9.63
60.37
15.86
15.34
48.89
55.86
58.07
33.01
11.38
51.32
52.24
53.72
55.72
58.85
2.94
7.20
58.95
59.74
53.44
13.57
43.48
47.93
45.66
10.80
51.22
42.58
58.55
52.00
6.77
53.59
19.04
19.74
41.59
51.96
50.24
40.92
14.52
50.14
7.63
57.71
53.96
59.29
54.29
47.24
16.17
13.13
38.57
51.22
12.59
54.99
54.01
49.20
57.09
52.35
53.50
55.21
3.12
6.31
60.75
58.11
56.37
53.05
11.10
52.24
12.26
59.18
59.23
56.25
56.83
7.13
50.89
51.90
5.04
57.09
52.46
51.18
7.09
48.52
47.26
50.58
34.38
48.24
48.99
52.96
49.14
59.58
15.46
28.98
8.18
7.02
54.65
24.36
18.02
53.72
9.69
2.84
4.30
17.27
1.55
61.06
9.50
6.69
35.25
23.25
18.25
22.85
45.43
9.94
49.25
60.75
16.59
13.31
40.91
30.17
52.80
55.81
24.25
14.28
55.99
35.79
16.06
14.27
12.24
10.43
12.25
61.23
56.29
54.76
49.72
45.51
52.98
35.77
50.44
55.08
8.27
55.24
22.28
22.05
43.19
26.66
22.91
37.63
45.89
48.05
22.85
55.88
45.95
6.74
56.31
52.85
8.35
45.23
41.68
52.55
55.55
22.37
16.84
54.14
37.83
16.58
12.23
17.14
18.63
18.36
23.98
31.28
17.98
31.70
49.32
43.97
43.59
39.90
48.69
32.86
38.38
30.04
38.89
32.37
44.79
38.81
42.42
44.87
45.56
59.07
31.07
46.16
40.72
36.05
36.29
47.12
46.75
51.21
30.69
51.75
47.63
47.39
34.99
47.61
48.05
54.45
55.66
46.69
48.05
60.76
35.41
32.08
39.92
50.26
7.28
16.38
17.51
37.83
33.03
14.65
14.67
57.12
12.81
49.45
48.88
21.72
49.63
55.30
52.50
24.68
17.77
52.71
38.18
18.79
59.61
16.96
11.53
58.15
49.91
53.90
55.27
56.46
12.05
9.89
4.84
58.07
11.40
57.03
12.29
47.98
16.18
11.84
37.96
42.08
51.24
12.47
55.73
51.26
57.37
4.70
5.27
27.87
57.20
13.63
18.39
58.92
57.03
53.83
5.00
6.21
11.87
21.32
6.16
26.51
58.66
14.57
11.33
32.04
19.30
23.32
27.71
40.30
13.56
19.64
12.16
46.64
54.35
13.19
23.45
52.94
56.84
58.50
18.89
22.59
57.53
51.78
39.83
15.06
49.35
27.21
37.67
38.56
23.76
20.02
57.86
8.21
50.30
59.81
43.60
51.52
47.93
38.40
44.92
44.48
51.12
49.76
46.53
22.03
32.58
36.15
46.24
35.69
50.76
51.41
55.25
56.17
34.02
5.51
13.23
48.57
5.11
5.21
52.00
5.78
57.88
10.63
49.70
11.35
43.03
36.25
35.27
14.31
55.20
56.24
14.56
39.58
51.64
14.28
59.39
17.94
50.47
53.61
38.76
50.61
56.72
11.34
48.20
34.33
55.77
55.48
12.03
51.57
53.91
11.19
57.55
60.39
56.75
56.01
60.72
51.52
6.22
53.34
55.62
49.40
46.96
47.70
47.53
48.39
56.68
48.16
45.29
32.40
39.23
22.09
58.35
47.56
59.63
20.27
26.89
31.95
41.55
26.63
46.57
55.54
31.94
25.44
51.76
31.95
39.10
44.64
40.25
34.19
33.78
28.39
19.62
31.99
12.15
58.98
23.90
23.07
11.33
50.20
5.43
20.89
36.17
57.56
30.21
25.30
59.45
13.89
25.46
33.80
56.28
39.93
26.87
14.38
18.63
51.30
28.34
41.24
17.69
29.67
14.94
48.89
25.79
46.03
13.42
48.21
50.84
32.13
10.08
49.84
22.58
33.28
42.00
29.11
50.82
38.42
14.83
48.47
58.73
57.62
57.47
58.82
23.94
9.06
53.52
9.88
58.90
18.29
52.40
15.91
18.10
19.73
34.14
22.00
29.56
20.24
22.82
18.86
45.53
37.97
59.61
49.04
53.47
49.61
47.37
48.18
32.88
58.46
52.49
43.22
55.55
57.63
59.28
59.18
39.97
53.68
55.89
45.05
48.05
42.27
45.40
56.56
42.01
34.95
43.47
18.37
58.89
43.77
45.16
30.91
38.89
59.37
42.14
43.49
44.95
18.66
54.99
57.43
52.83
23.34
53.77
47.44
37.69
11.30
17.11
10.92
10.25
59.85
60.75
15.31
22.28
18.86
59.42
13.62
17.73
59.90
49.43
60.51
48.78
10.82
59.17
15.12
47.90
12.49
51.50
51.79
31.71
15.74
51.34
43.82
52.71
19.84
27.00
31.11
57.26
10.47
51.97
49.15
54.10
47.40
50.93
51.64
49.96
15.02
55.49
58.38
58.60
52.88
57.80
52.26
45.41
59.05
53.30
48.23
61.15
57.52
24.52
46.51
57.12
59.65
21.47
43.75
44.39
25.96
56.64
38.11
54.13
52.50
37.96
50.33
52.64
42.35
47.42
53.94
49.11
45.71
51.55
51.57
20.01
55.29
56.67
49.56
52.19
49.49
54.65
56.87
53.17
36.02
46.92
50.24
52.24
40.46
49.50
53.60
49.84
49.00
43.87
47.41
44.12
54.17
54.06
53.25
45.26
55.92
42.25
8.55
45.27
48.56
3.42
4.18
51.96
14.67
55.74
58.57
56.44
57.45
58.39
52.65
57.05
34.97
47.14
57.78
13.72
39.38
52.57
55.85
17.52
48.19
56.82
16.01
17.23
15.55
28.14
34.07
46.67
51.90
46.93
59.26
10.58
43.33
55.44
45.19
14.90
8.26
43.14
57.30
20.91
52.94
57.01
44.31
46.97
39.79
37.35
49.20
52.87
57.11
34.12
13.78
3.64
53.91
3.94
58.09
57.57
10.61
53.65
47.40
39.37
43.82
57.64
37.69
43.78
37.29
52.45
50.98
52.25
47.76
51.35
53.74
49.05
50.20
40.41
49.04
18.87
53.15
46.37
23.54
43.57
49.30
51.93
43.50
56.80
46.52
16.58
27.44
15.80
59.19
51.55
55.01
60.05
21.53
6.74
42.98
26.09
19.74
27.75
53.49
56.96
55.95
43.48
38.89
57.66
38.72
4.70
8.72
7.13
58.02
59.92
61.09
11.54
53.71
38.80
47.93
34.87
32.10
55.58
47.73
58.98
24.56
52.82
39.25
42.14
55.00
39.98
60.30
42.90
15.79
41.81
50.60
49.56
45.00
48.28
42.74
34.28
37.79
34.12
57.41
50.85
45.44
54.13
38.44
42.88
58.20
40.70
20.37
29.14
55.32
56.04
60.10
31.53
10.47
48.42
20.72
35.67
41.96
52.18
54.64
49.29
53.91
50.39
32.91
47.47
59.16
46.00
21.04
23.81
58.95
51.57
56.11
31.87
6.80
50.49
18.40
32.94
37.91
48.93
51.20
49.84
49.38
6.34
55.16
56.58
43.20
10.52
59.90
11.18
54.78
53.54
8.72
39.23
50.61
50.32
25.66
15.31
43.22
19.57
16.66
2.84
45.72
47.84
58.33
55.84
55.16
16.09
11.63
54.65
10.88
60.52
11.68
17.70
21.58
27.48
26.91
19.02
11.77
17.23
43.49
7.84
48.10
53.42
51.93
5.00
43.39
58.13
8.98
38.11
15.87
53.16
52.77
52.42
49.16
38.23
39.46
45.80
38.57
34.22
47.86
51.65
17.90
34.48
47.18
43.82
22.96
45.06
44.36
57.03
25.55
57.55
27.08
34.12
14.94
25.68
25.92
18.81
30.64
38.14
21.08
43.15
10.37
54.51
11.13
9.66
0.91
10.46
54.94
12.38
54.17
15.10
57.34
52.87
33.53
7.21
54.52
43.26
49.53
47.60
42.79
48.71
50.68
52.40
14.04
48.54
50.50
31.21
58.09
59.42
56.45
43.28
15.10
10.25
9.42
7.78
16.19
32.85
31.73
36.23
46.51
48.18
49.33
55.08
49.87
47.44
31.55
42.39
51.26
46.62
46.68
44.13
47.08
54.13
39.31
46.51
44.05
19.28
21.26
49.26
49.19
49.50
44.79
9.51
11.44
19.45
12.80
56.68
59.37
61.25
11.80
58.92
55.52
7.54
54.72
10.23
60.10
45.23
49.51
24.49
54.24
12.00
20.16
31.66
8.82
20.02
22.12
21.75
32.43
23.79
16.35
25.74
29.82
32.00
34.77
31.70
37.40
37.11
40.48
33.76
40.06
16.35
20.24
26.41
45.11
37.63
44.68
46.28
43.93
50.05
46.99
45.25
42.39
45.47
50.72
30.81
33.00
35.72
37.92
37.22
52.78
37.63
35.39
40.20
28.73
33.04
27.61
37.82
31.95
42.01
34.42
35.51
31.77
45.88
31.06
47.81
50.34
39.11
41.44
52.78
42.49
32.93
38.75
27.98
46.32
26.51
6.12
46.97
52.68
3.33
43.86
59.72
7.98
6.37
38.27
16.39
52.57
52.13
39.99
38.27
30.85
32.85
50.45
48.08
33.93
47.16
53.62
42.33
44.45
32.04
27.71
42.13
59.24
37.05
13.24
58.61
57.43
57.46
14.21
59.31
13.25
14.18
22.05
57.37
21.49
16.67
27.55
54.86
52.87
34.54
52.29
34.78
49.65
50.46
38.26
47.44
33.33
46.13
43.35
48.59
51.36
49.67
43.87
22.85
28.02
52.23
49.03
50.27
41.35
45.15
58.11
46.74
47.52
24.45
22.88
19.67
50.80
39.81
34.13
14.40
22.35
56.54
37.05
44.75
45.73
3.40
44.26
49.32
47.37
36.87
5.54
19.68
35.10
49.93
41.33
16.72
57.95
58.80
12.72
13.41
60.37
7.72
60.24
12.81
50.01
43.29
23.20
45.11
44.37
58.58
46.48
25.58
43.87
23.39
40.62
43.70
10.42
39.78
53.97
11.00
58.30
50.55
43.67
45.00
55.54
45.03
42.54
50.57
48.49
54.11
51.42
44.06
29.31
53.83
32.50
60.15
59.86
14.29
14.94
9.57
20.27
55.29
18.45
56.27
17.99
11.95
23.22
23.27
38.62
53.38
52.35
50.61
51.12
52.42
52.81
47.66
54.59
54.65
43.27
50.06
41.97
17.48
51.55
56.79
45.80
52.99
51.70
42.88
21.51
45.01
50.58
37.73
49.81
37.03
59.97
58.80
13.26
59.01
8.68
9.91
57.64
48.12
51.45
52.18
44.42
53.18
43.29
55.23
48.96
47.84
20.23
21.90
46.52
53.52
8.21
51.20
56.19
9.89
51.55
44.89
56.60
47.31
49.85
49.76
59.03
58.40
34.85
9.23
10.29
56.72
9.05
56.99
56.30
14.63
47.88
33.63
50.43
42.83
29.30
36.55
25.42
29.10
37.69
40.44
20.83
34.36
28.53
52.23
40.91
37.47
46.70
40.48
10.38
36.17
54.86
10.12
59.70
51.50
42.00
53.06
42.79
43.24
45.69
56.19
36.89
57.21
39.83
46.05
47.70
46.99
49.91
45.63
45.41
46.01
44.14
56.16
44.63
45.31
38.19
33.30
50.14
40.62
38.31
22.00
24.17
42.89
16.73
43.23
29.90
37.12
29.38
20.08
13.96
40.73
46.41
43.84
19.52
22.31
18.48
60.67
14.74
31.34
29.08
50.97
56.08
55.18
44.16
60.94
56.00
53.78
41.04
46.54
53.29
51.15
36.31
35.23
34.07
33.93
42.29
46.98
36.13
35.96
41.15
56.10
41.23
48.69
47.67
56.72
55.45
32.98
42.35
32.10
41.21
49.22
34.32
43.02
24.95
37.46
53.71
46.26
44.18
35.73
39.05
43.87
41.70
36.23
37.06
34.83
43.57
43.41
29.66
34.23
14.15
57.31
25.96
59.03
36.28
19.09
29.59
27.10
34.76
21.70
45.91
34.76
49.82
10.40
58.44
15.85
54.43
17.89
24.86
54.68
16.75
31.15
16.46
29.81
19.12
39.39
15.54
13.87
29.34
37.26
23.35
23.49
21.31
28.72
17.41
2.59
59.11
23.08
25.68
60.67
17.53
52.27
19.43
16.01
37.68
18.70
31.24
52.58
46.96
43.82
43.21
23.73
27.52
50.70
43.04
50.24
22.67
43.30
56.70
41.84
33.73
28.28
31.29
30.52
32.29
35.63
36.64
26.68
30.73
55.56
41.18
42.51
45.63
47.26
44.60
41.50
46.89
47.14
37.68
53.51
45.95
38.74
43.50
42.91
3.01
59.29
9.17
53.88
58.03
51.53
56.22
48.03
51.11
45.31
55.01
53.90
52.75
20.38
20.32
50.65
23.35
29.57
37.31
24.63
53.64
27.19
11.88
54.61
34.92
10.59
55.97
16.62
24.54
24.68
57.01
53.73
55.98
11.83
49.52
11.80
58.93
37.60
28.30
46.26
47.33
39.78
57.95
31.68
27.80
25.88
10.77
57.28
8.59
57.61
55.36
46.44
16.40
13.47
23.11
35.52
26.75
22.87
43.80
22.63
43.99
20.44
27.64
16.81
56.62
59.64
23.17
21.91
55.10
54.52
12.02
16.86
51.03
49.92
16.47
18.96
49.33
10.22
54.58
15.34
60.45
57.03
51.39
49.66
42.22
55.42
47.41
52.14
55.89
42.62
37.62
52.87
41.10
18.03
47.34
53.91
18.54
51.29
6.48
4.98
40.27
7.28
30.66
51.76
55.91
24.83
39.81
21.54
25.28
53.83
11.05
56.82
9.06
56.88
11.85
53.31
47.86
61.22
43.07
56.11
52.85
55.94
11.32
52.05
11.55
60.46
41.15
31.86
48.01
50.53
43.14
54.44
13.00
12.09
25.01
9.50
23.12
12.73
12.80
13.95
16.65
7.84
9.04
39.52
45.03
38.38
35.65
41.49
43.25
42.18
49.06
48.93
52.47
43.98
55.62
43.22
38.54
52.44
41.86
17.22
47.24
53.77
18.33
51.24
8.60
5.64
40.27
8.69
27.63
52.38
54.60
37.14
27.90
28.61
40.73
42.05
22.95
53.47
55.91
8.35
53.51
33.48
15.55
19.61
22.35
57.64
40.24
56.68
58.11
53.49
46.98
42.57
49.81
43.01
42.00
43.46
49.18
43.93
44.49
45.31
13.33
48.30
44.16
10.19
57.48
54.95
14.69
57.86
50.89
50.48
35.87
42.74
46.62
29.38
33.01
49.00
34.95
16.86
19.52
48.48
48.05
55.47
44.51
46.48
60.61
7.32
41.76
51.86
8.55
55.48
57.90
39.57
58.15
47.81
47.81
48.49
23.48
56.61
24.98
47.45
53.64
45.17
50.57
52.01
51.11
40.53
55.72
58.88
38.39
49.71
53.48
45.03
53.98
23.61
37.49
45.28
27.65
40.35
43.35
30.37
25.32
44.65
26.13
55.56
35.00
11.75
56.19
4.58
43.36
30.61
19.43
20.85
61.59
33.44
51.73
38.35
58.23
56.23
42.68
37.51
53.31
41.05
18.57
47.57
54.12
18.68
51.49
41.42
42.77
46.13
29.38
31.68
18.74
10.41
50.17
61.28
43.43
31.81
53.60
51.29
55.52
51.95
59.61
54.25
60.30
54.96
36.79
50.63
52.78
54.43
44.61
52.85
33.21
51.88
59.15
30.16
60.19
51.77
50.07
54.84
58.18
25.68
59.07
58.01
38.44
41.79
56.64
57.06
52.82
52.77
53.07
58.82
57.38
23.36
59.39
23.05
56.05
29.49
25.16
22.40
7.39
54.57
45.56
50.67
44.67
39.52
38.27
41.73
47.01
41.75
50.56
41.51
31.21
31.84
12.25
40.15
50.78
29.44
49.67
16.48
21.21
22.48
26.25
25.11
32.23
30.18
27.48
39.07
28.39
26.20
39.35
24.52
48.18
29.00
40.75
36.35
51.20
48.27
52.37
15.40
56.19
45.33
57.39
53.15
14.59
58.04
28.17
29.71
55.43
10.01
8.45
9.99
57.84
9.53
23.86
25.83
58.34
13.29
18.58
48.46
13.30
20.42
8.80
13.34
31.48
59.79
26.25
7.45
56.09
31.86
50.96
11.11
40.58
52.31
15.88
60.97
3.80
35.77
8.86
23.86
29.05
50.50
56.11
25.95
49.80
38.71
48.71
31.30
33.39
37.58
17.21
30.21
23.88
55.93
35.25
58.53
24.40
31.09
41.49
21.77
30.18
41.33
48.10
43.27
26.08
27.65
14.34
22.11
36.33
14.13
18.07
12.41
18.97
24.33
23.30
28.03
25.83
41.67
24.33
41.75
22.50
51.19
37.32
48.45
23.36
35.74
49.03
23.99
46.29
54.33
52.08
56.74
40.80
39.34
35.02
46.35
44.57
24.40
4.96
45.63
18.15
47.65
40.87
49.80
50.16
32.33
54.32
55.22
46.04
44.05
57.62
53.07
47.15
47.39
32.67
39.18
37.46
45.65
56.29
54.86
55.32
49.97
41.95
56.43
47.09
54.05
52.97
51.71
15.91
17.40
50.62
48.19
37.04
38.47
51.09
57.38
32.38
21.48
55.08
34.00
18.51
47.86
54.80
39.07
10.60
35.61
12.45
19.59
14.49
17.26
5.72
19.26
21.15
30.25
18.25
8.54
48.96
55.17
43.82
53.01
45.81
27.80
32.07
35.85
36.75
27.64
15.56
20.96
5.07
27.34
55.35
50.40
57.14
39.33
35.97
47.81
34.52
47.23
37.38
51.46
47.62
40.43
54.54
16.22
30.65
33.52
39.74
19.83
24.32
48.58
30.64
50.87
22.27
30.33
29.43
23.23
40.96
31.80
38.29
50.09
43.00
25.43
21.87
41.04
23.32
34.28
50.40
29.88
45.45
34.18
43.17
52.76
53.18
31.96
17.34
45.56
36.81
23.02
10.09
44.36
26.30
27.91
45.77
32.50
24.19
32.11
27.55
52.98
23.83
36.36
48.92
17.69
51.74
19.77
58.34
23.30
27.58
13.19
55.93
31.80
20.19
31.20
32.74
29.17
51.60
24.00
54.39
11.96
11.62
31.17
33.51
26.27
50.86
32.38
50.26
39.45
38.67
15.59
30.03
46.41
57.58
26.64
37.32
19.42
27.39
48.27
50.69
39.03
27.20
51.04
10.63
18.60
31.59
59.38
47.37
36.94
39.78
22.62
30.84
16.85
26.51
27.68
58.61
25.90
56.68
22.62
30.40
15.29
21.81
50.61
57.88
28.53
21.99
33.90
27.02
25.76
22.21
15.93
14.26
22.01
37.24
24.11
24.56
47.42
29.56
49.77
41.21
35.00
32.06
52.02
43.69
39.19
15.16
52.50
24.68
23.13
8.38
36.37
27.53
45.44
51.14
46.32
18.60
20.00
48.43
51.95
19.15
57.19
54.92
18.30
20.73
56.67
56.97
18.75
11.15
28.33
31.69
5.66
16.70
40.54
29.64
17.01
55.78
13.59
16.40
30.31
7.47
36.97
46.92
39.65
54.24
31.27
48.42
29.57
34.54
29.33
34.64
27.73
38.96
34.81
49.37
55.03
45.35
35.44
39.72
44.41
39.39
46.73
43.55
23.03
35.34
41.15
50.11
52.95
32.58
43.60
27.71
34.66
37.21
30.87
34.60
36.24
44.71
30.83
34.31
31.44
40.60
33.00
28.91
45.75
26.33
37.05
17.08
25.90
50.68
46.85
35.85
47.77
52.94
46.02
49.44
53.13
50.18
54.79
12.30
36.83
14.58
30.36
3.23
61.22
13.13
9.79
9.50
14.84
26.52
49.70
38.77
11.54
48.08
31.24
44.53
17.67
40.29
12.51
28.70
21.10
37.11
33.09
31.73
25.81
26.95
17.58
37.89
15.16
16.78
57.00
27.17
18.84
49.93
29.73
15.51
59.61
13.45
15.27
34.32
13.90
53.33
13.65
21.86
25.69
27.70
18.97
27.92
20.28
10.91
15.82
41.13
17.33
20.25
49.68
50.16
23.09
33.83
32.54
31.24
20.64
30.05
22.64
37.44
46.28
41.33
53.73
26.65
44.72
35.12
46.74
45.12
44.16
41.20
46.20
50.43
47.55
49.61
53.54
13.77
4.04
34.12
25.92
18.04
22.48
14.22
17.80
59.98
17.02
45.97
16.21
7.74
15.08
9.34
58.53
58.90
59.15
6.32
58.77
12.95
11.75
10.21
17.83
13.12
14.04
10.96
42.51
13.78
57.69
57.69
24.76
42.60
13.80
50.05
10.20
28.82
26.05
10.52
29.47
37.02
27.13
56.24
29.34
44.76
30.87
38.16
35.15
42.94
35.22
22.13
32.95
52.00
45.32
39.36
45.24
34.53
41.00
27.88
10.71
57.84
36.26
10.33
9.39
57.37
16.50
57.51
44.48
31.34
49.61
10.01
9.06
29.26
11.19
10.75
56.08
19.23
61.63
3.16
5.88
8.53
23.06
52.87
27.97
59.05
12.78
12.90
19.69
25.88
9.83
35.67
23.25
14.53
49.81
10.53
12.74
36.24
10.05
40.88
19.58
12.75
13.05
2.35
59.16
13.38
11.37
14.15
51.28
17.58
58.27
51.68
8.94
47.17
50.02
48.28
27.40
49.73
57.96
55.35
42.39
57.12
52.28
53.77
54.88
57.03
50.85
60.82
8.51
22.22
12.54
56.85
57.93
18.59
5.79
49.61
14.58
6.21
16.40
11.13
18.64
13.54
42.80
41.01
31.32
45.51
52.93
34.38
32.78
35.16
30.83
8.88
48.54
36.47
42.90
47.01
32.50
46.50
15.49
34.55
39.67
35.58
40.99
19.14
4.01
61.16
9.63
8.89
5.40
6.48
18.49
8.74
18.86
10.53
58.23
19.23
9.91
7.79
21.53
15.60
21.19
17.59
2.38
15.56
12.31
45.88
46.16
39.82
46.52
46.87
29.05
29.46
20.80
48.43
37.23
9.74
14.00
46.93
46.70
36.39
43.52
50.07
25.62
27.24
21.73
44.23
33.15
35.57
38.76
29.85
49.76
29.73
38.98
23.64
29.48
44.63
29.10
22.06
50.75
31.49
58.96
56.59
35.88
43.45
45.56
39.87
39.62
33.41
36.21
45.20
45.42
50.07
33.14
49.71
54.51
59.87
50.29
61.22
42.74
49.73
26.04
59.52
22.01
56.16
44.47
25.80
12.16
49.79
34.93
50.08
50.31
52.86
36.49
56.75
50.55
26.49
49.79
36.84
59.76
31.06
33.51
16.00
52.50
43.74
32.41
51.62
54.57
57.85
55.84
56.40
55.88
31.13
27.29
25.42
48.27
23.70
33.02
50.51
41.07
43.68
30.13
43.46
59.46
41.36
42.74
40.82
38.28
31.07
32.71
41.41
48.56
35.98
18.52
25.58
35.98
57.39
48.45
56.49
59.41
57.81
50.02
56.40
53.23
52.93
51.94
48.25
35.51
54.77
52.95
48.62
57.56
59.44
55.86
52.82
25.93
37.76
43.39
48.42
40.57
42.55
54.33
41.89
38.45
50.12
53.93
49.99
57.58
53.20
50.27
50.64
51.94
55.76
55.60
50.87
50.57
6.16
35.61
19.37
30.87
58.66
6.58
9.41
11.91
11.43
4.85
21.17
15.81
59.27
6.28
33.91
24.33
17.05
21.75
46.35
55.87
8.40
15.11
9.18
17.35
18.81
13.23
58.54
22.12
2.01
23.83
34.80
26.09
13.32
39.73
58.21
19.72
29.28
8.24
21.40
16.32
27.98
7.39
25.23
5.68
14.20
59.04
22.29
16.18
26.04
59.25
13.96
33.46
8.60
10.61
2.98
8.73
32.80
16.00
19.37
50.06
59.78
21.25
7.36
6.78
7.39
48.03
38.48
51.52
50.74
58.66
28.77
53.91
48.93
60.49
52.93
53.41
54.39
53.75
56.14
57.35
57.39
51.61
4.12
47.29
58.56
43.41
52.31
42.05
45.12
43.96
46.41
47.71
46.21
48.17
42.21
53.85
39.92
36.43
27.62
39.01
54.67
24.67
23.70
45.50
38.51
41.94
54.96
17.48
22.41
22.69
45.21
36.33
43.24
32.94
40.62
39.54
36.21
50.37
30.47
21.82
49.89
53.20
21.86
5.90
10.15
56.02
19.70
24.68
57.76
60.15
1.44
9.44
24.15
57.19
52.61
11.08
33.80
14.09
7.89
50.44
51.72
52.63
51.02
51.25
5.28
50.47
58.70
28.24
54.37
50.84
52.90
53.43
54.23
53.68
56.16
57.27
57.20
26.77
25.19
2.77
29.96
13.96
54.78
8.47
7.27
9.95
11.92
4.99
4.25
10.12
4.94
25.23
59.69
54.82
8.05
55.00
56.57
3.78
34.55
20.40
50.95
53.43
39.06
47.80
48.91
40.82
23.86
4.65
38.74
36.84
5.37
10.86
59.29
6.91
54.29
40.27
8.06
6.64
11.95
26.88
53.89
30.23
15.86
16.38
37.37
18.71
25.64
20.37
33.29
19.78
19.50
49.98
50.19
8.02
35.04
21.95
43.78
49.46
49.81
41.67
47.94
37.91
46.76
42.45
30.47
15.33
12.37
14.98
13.54
39.57
14.28
57.93
23.92
39.70
10.75
36.09
23.46
10.49
17.67
55.59
14.05
21.43
18.81
19.13
18.84
54.73
11.42
9.10
15.50
9.68
18.96
22.31
15.30
29.51
12.45
38.53
6.34
50.60
10.94
12.28
12.46
18.53
21.02
8.73
13.94
45.63
28.49
55.05
13.50
46.96
15.51
42.62
47.37
40.49
39.04
31.76
43.21
19.78
12.12
22.55
20.57
24.03
35.72
16.15
24.09
10.57
19.96
23.48
31.01
32.64
34.10
30.86
33.25
51.05
41.77
16.29
14.54
58.59
17.67
13.13
35.72
17.24
4.34
22.34
8.51
45.12
41.95
41.59
46.24
43.44
48.36
35.55
48.31
45.67
16.42
42.77
37.70
53.23
48.94
48.79
47.63
34.39
30.39
46.87
44.65
25.64
40.88
43.80
33.15
16.80
36.12
15.54
58.10
9.30
19.52
17.54
15.99
17.76
54.33
8.30
12.59
10.50
12.07
10.37
40.29
14.39
58.95
22.69
42.77
7.75
36.71
39.79
33.38
8.15
58.01
6.88
13.41
20.30
16.53
27.00
21.45
53.45
55.11
43.03
57.59
53.56
58.92
56.14
59.60
35.53
30.50
55.89
8.57
57.39
46.77
33.88
55.70
38.49
59.00
48.47
54.96
55.35
57.07
14.90
27.42
29.50
45.19
38.26
21.21
29.26
35.31
48.92
17.44
27.23
20.48
27.80
40.67
42.30
31.77
42.72
46.23
53.64
49.87
54.04
53.36
32.58
34.23
45.73
52.52
51.20
31.26
44.17
29.42
27.56
14.10
37.27
32.76
35.64
56.07
33.18
32.09
13.40
28.73
11.16
12.21
15.88
58.21
27.63
12.23
17.95
28.66
25.43
46.06
37.55
22.98
20.66
24.70
44.22
27.10
32.57
56.01
54.60
57.57
59.08
27.47
46.88
56.92
32.01
56.63
50.20
52.49
56.08
47.85
13.91
53.84
20.70
58.26
8.90
53.09
15.79
8.14
59.81
19.57
42.46
12.10
7.99
15.92
4.21
8.18
8.99
28.87
54.17
57.61
14.46
24.10
27.35
16.20
10.85
56.20
35.99
58.01
9.25
47.30
23.41
48.89
49.20
57.60
20.13
4.54
10.80
20.05
56.41
15.47
26.56
55.02
13.81
37.87
54.30
49.76
31.73
16.76
24.86
23.21
20.37
56.23
29.46
43.45
58.96
54.72
31.19
51.07
48.49
30.64
29.80
9.45
48.65
26.53
20.31
10.00
24.15
11.37
16.86
18.28
13.69
46.76
30.26
49.04
32.10
18.16
33.52
35.29
10.48
32.89
16.26
33.13
31.83
46.95
18.95
43.27
14.66
13.89
15.99
37.80
19.59
58.91
56.39
58.51
39.58
59.96
32.34
8.52
51.91
10.60
37.98
59.06
58.16
12.55
57.59
19.96
28.92
19.42
33.88
26.14
15.13
22.21
51.86
59.17
44.32
29.73
41.87
33.80
41.76
55.48
47.85
25.69
52.14
24.03
26.72
21.62
44.88
31.05
24.38
23.15
36.05
27.67
37.13
25.28
38.72
23.42
41.90
34.51
43.80
27.79
43.41
47.42
44.51
57.12
43.54
51.59
58.35
50.33
49.57
46.11
46.81
35.68
51.55
52.64
49.67
50.75
59.48
27.73
59.27
43.74
53.26
57.04
36.38
58.33
32.28
40.27
59.15
50.73
34.49
44.11
48.70
49.02
26.58
19.21
13.97
24.26
57.34
23.68
44.84
29.19
41.22
7.81
56.80
50.85
10.21
37.02
57.83
57.17
12.48
57.21
16.00
39.84
18.63
57.65
58.10
60.18
39.34
54.93
54.95
56.58
57.17
28.54
23.19
34.11
53.27
18.02
22.63
59.71
31.20
47.46
53.12
19.73
46.90
52.08
35.37
46.06
11.40
48.50
33.19
26.59
33.32
21.25
28.72
38.13
50.00
28.58
38.02
43.14
18.89
26.31
37.96
15.88
29.98
12.01
48.27
28.74
22.45
12.52
26.61
12.89
50.66
45.81
12.72
51.28
30.58
26.25
36.15
18.13
28.96
37.63
52.81
29.95
38.55
46.18
33.02
58.61
28.75
54.07
40.67
39.11
43.95
38.45
47.79
48.72
57.20
10.46
19.59
24.20
17.66
12.12
7.79
60.04
60.09
22.91
45.85
56.65
9.58
14.23
13.38
51.83
8.08
34.20
33.37
26.53
5.71
58.99
60.33
44.36
48.94
59.33
52.98
31.06
44.81
58.87
26.00
57.96
48.95
55.68
1.12
44.68
40.59
30.55
12.76
60.82
16.07
13.49
5.76
5.10
14.92
8.70
55.60
59.89
18.72
9.96
14.45
6.04
48.80
60.40
47.06
53.39
46.61
12.09
12.32
10.19
13.50
3.30
13.68
11.02
20.81
10.91
6.43
5.92
7.01
16.81
4.80
56.36
55.22
49.87
27.09
60.77
8.92
15.34
52.91
31.52
36.44
56.63
5.68
18.14
19.83
26.36
58.56
11.28
16.48
23.66
9.70
33.73
19.58
21.78
40.00
18.55
18.97
46.78
23.48
21.68
27.72
59.41
26.54
4.54
12.62
34.38
32.45
48.02
40.34
57.88
32.02
38.89
60.10
49.83
40.30
42.22
29.16
34.94
42.98
50.12
55.91
20.86
49.84
36.96
45.76
9.02
41.09
38.86
4.86
31.83
60.03
12.32
19.67
49.54
38.84
10.54
42.99
56.84
41.42
54.66
49.19
54.10
59.04
51.18
36.27
49.85
57.23
31.03
55.99
50.30
57.97
5.91
48.69
45.61
33.86
51.16
44.51
30.74
59.21
50.78
6.13
59.76
8.83
41.36
13.01
61.55
54.29
54.30
45.24
7.39
8.78
17.43
54.63
11.87
22.42
56.64
8.55
54.24
52.56
32.83
60.57
6.44
20.56
59.96
54.71
43.49
56.05
40.87
22.99
18.86
48.83
38.17
55.21
55.69
52.19
36.32
30.69
50.91
8.95
27.02
58.66
24.74
25.54
15.84
14.23
10.19
45.00
17.82
52.02
11.47
18.79
55.82
28.25
18.22
21.65
6.90
12.65
43.87
29.01
52.63
16.58
47.27
15.72
40.84
21.64
31.70
4.25
10.00
40.11
33.52
20.50
58.46
41.83
10.43
51.20
56.08
43.36
18.70
53.75
28.72
44.27
52.66
39.89
6.74
4.81
11.56
53.94
15.35
20.04
17.76
55.30
17.55
24.53
58.62
25.63
27.70
14.69
20.35
50.02
35.64
54.96
12.45
45.71
22.26
47.35
20.15
4.72
21.78
13.09
17.38
48.10
44.69
44.81
45.04
55.78
18.96
38.13
16.25
53.34
13.68
54.71
8.49
30.95
16.07
14.04
37.90
29.64
51.83
23.66
51.46
42.14
37.12
53.25
57.03
36.22
49.71
33.85
53.51
20.90
11.07
43.05
52.85
55.56
29.93
29.98
36.19
43.81
59.73
27.15
56.02
58.59
58.73
8.46
8.92
52.36
59.88
20.12
56.57
39.66
47.60
54.13
59.03
49.93
56.58
54.80
9.81
58.42
44.65
27.00
57.02
41.57
56.87
59.91
56.69
19.85
22.00
10.86
24.79
18.73
10.53
52.87
54.25
55.67
46.05
45.52
47.95
55.02
19.40
47.44
20.81
51.04
23.47
54.84
7.74
28.66
52.29
24.47
42.59
19.25
49.04
46.30
52.60
20.44
51.13
21.27
44.85
8.15
36.50
55.18
53.72
54.93
54.21
43.02
54.38
56.62
13.15
52.54
55.95
24.10
7.87
16.45
32.64
25.19
15.49
15.91
22.83
42.87
24.90
22.42
38.54
50.39
10.80
22.94
14.75
54.52
9.05
31.74
21.63
41.46
50.54
21.56
35.25
49.34
41.26
53.12
30.31
41.18
54.63
45.36
32.16
46.91
39.28
43.11
41.60
25.54
37.56
58.24
11.83
19.41
48.35
13.16
15.75
23.35
53.16
54.01
50.92
45.31
59.96
59.46
59.09
20.14
60.76
23.82
44.20
22.77
51.34
51.82
60.71
25.58
35.44
20.46
58.17
54.86
45.34
57.58
42.53
17.24
40.17
59.01
59.81
58.71
22.58
57.43
49.99
57.47
46.66
52.36
58.47
52.85
56.69
60.01
47.97
48.35
48.05
60.35
31.26
53.65
24.76
20.83
42.47
30.70
23.68
56.07
50.14
41.29
52.65
42.23
13.61
23.20
9.07
24.16
55.98
57.71
40.03
59.33
54.12
54.18
31.93
33.11
54.09
28.29
51.24
13.46
58.16
47.66
60.27
50.91
41.63
49.20
54.76
41.77
43.96
54.30
34.18
40.04
32.03
48.32
28.51
41.53
36.07
29.96
40.06
18.78
26.57
50.44
36.46
10.18
3.04
5.02
4.99
28.40
27.82
18.59
8.06
54.90
49.18
18.26
26.31
9.08
23.27
55.58
44.83
45.49
45.54
16.73
42.12
20.01
14.92
12.46
8.61
13.25
13.14
18.79
2.12
5.39
13.37
55.17
48.25
36.96
49.11
51.31
13.61
51.30
56.21
17.21
14.29
31.92
23.49
42.85
13.94
42.10
40.23
53.79
51.25
50.00
58.72
11.74
48.85
11.15
26.67
13.54
8.80
58.30
24.83
50.61
43.91
47.09
52.27
35.15
24.06
46.18
53.15
57.83
32.62
42.77
55.65
57.84
54.72
51.60
45.16
38.09
54.27
53.63
55.31
53.81
11.57
60.89
44.67
53.21
57.01
58.56
53.30
43.57
51.81
56.83
40.80
29.50
42.07
50.41
38.59
51.27
26.59
7.39
42.92
50.82
44.52
10.86
19.19
57.22
43.50
10.87
46.64
57.95
55.30
58.09
56.66
46.51
45.79
55.81
54.03
58.87
41.41
47.65
14.52
45.59
13.51
8.97
47.04
25.93
50.56
42.58
24.50
36.08
23.36
35.34
19.92
28.86
39.25
54.63
38.55
35.63
32.67
47.56
44.08
25.31
29.03
19.00
42.23
25.82
22.40
40.68
38.36
38.80
48.04
58.62
55.83
59.37
53.68
58.24
30.49
55.61
49.55
30.68
20.94
15.50
42.81
12.17
9.13
59.44
10.26
61.23
31.39
55.10
25.57
11.97
61.55
21.89
28.18
44.40
34.88
36.24
48.50
49.57
49.60
41.88
42.71
21.50
9.17
54.64
57.61
43.52
51.83
29.19
43.77
44.02
27.36
58.85
45.27
43.33
15.60
16.06
48.96
13.25
50.90
42.60
13.72
46.17
29.88
25.66
26.44
25.55
43.40
25.44
38.49
42.81
53.16
43.74
18.97
45.08
21.18
25.08
43.85
22.64
37.28
6.25
30.99
52.57
25.41
60.95
5.92
59.80
7.42
7.99
25.98
9.19
49.92
48.28
46.88
57.08
49.87
33.21
17.21
44.72
26.13
47.06
53.53
48.61
22.04
33.54
41.26
37.81
8.59
42.73
11.37
56.46
23.96
45.25
44.48
35.90
45.87
10.95
16.21
51.39
11.71
51.69
57.75
5.76
18.37
52.18
18.05
21.84
9.81
28.28
43.56
56.39
9.47
21.25
60.99
13.52
46.86
51.44
10.10
56.88
48.18
57.83
6.28
51.33
28.59
25.68
30.45
20.66
17.23
52.05
25.77
22.74
27.18
25.14
44.49
30.45
15.63
21.79
12.99
6.59
12.65
30.65
13.42
30.27
7.11
9.04
20.86
50.63
9.71
10.82
12.81
5.14
54.50
38.19
41.91
52.07
48.53
39.54
7.08
39.31
27.17
50.60
23.00
38.34
43.13
14.62
50.54
30.83
7.50
20.76
18.17
50.58
49.33
44.01
52.11
50.89
37.45
47.54
52.69
25.86
24.39
51.67
31.92
40.12
35.38
51.85
52.54
26.69
42.20
30.19
38.95
24.43
39.47
11.62
4.51
9.93
14.91
43.42
46.10
47.03
19.15
40.12
55.07
17.22
14.08
39.40
20.75
7.52
18.59
9.69
56.83
31.63
57.10
11.25
44.54
17.83
46.08
59.57
49.87
9.72
20.72
58.72
57.18
52.09
60.17
25.78
19.15
5.44
20.96
19.38
31.13
14.49
7.59
18.72
22.24
27.40
30.62
57.17
54.53
23.37
44.51
23.14
30.17
20.55
36.74
58.87
55.94
54.24
52.18
59.50
25.58
12.46
8.34
4.03
9.08
12.52
38.19
46.45
43.21
53.85
52.32
3.59
14.20
13.84
42.56
52.45
8.52
52.79
52.78
9.04
42.59
39.68
19.00
8.29
7.46
8.71
47.63
28.90
10.64
11.93
60.08
5.42
21.04
56.85
7.23
23.90
50.03
35.39
30.77
51.07
37.09
45.63
35.40
30.08
41.83
27.70
44.70
47.70
39.81
46.86
44.13
37.72
36.10
42.57
52.41
49.55
7.88
13.92
45.67
47.70
47.82
11.09
54.74
45.00
59.00
60.63
59.83
48.66
59.52
57.18
12.39
55.93
13.21
43.08
18.33
8.98
13.10
31.41
15.30
60.54
55.62
38.24
47.15
20.56
34.34
4.65
40.84
42.95
60.16
49.77
55.31
58.02
54.04
56.01
54.72
20.72
39.17
55.81
36.82
28.38
54.55
34.37
36.12
56.37
38.39
49.71
30.42
49.92
50.73
43.38
34.50
34.86
25.55
31.98
21.86
47.35
31.04
29.77
22.02
39.24
26.79
39.81
48.23
26.55
48.92
52.00
28.16
24.54
28.00
33.84
35.93
48.20
33.98
34.18
25.40
34.92
30.87
30.69
33.90
25.76
48.33
38.24
33.02
42.16
35.16
40.88
38.52
30.78
45.76
30.59
36.31
57.37
61.33
49.68
46.10
39.59
59.80
57.61
54.10
53.88
44.91
43.31
33.39
58.35
41.15
33.93
23.66
46.54
50.38
48.25
33.17
44.31
35.05
25.81
56.60
56.59
36.74
34.03
53.31
20.77
37.79
19.27
51.97
49.19
29.63
30.88
23.99
47.38
38.81
35.31
54.55
31.67
37.67
32.19
15.34
3.28
12.73
47.66
52.51
18.73
13.98
14.85
17.22
18.49
14.15
47.32
23.52
19.96
45.96
34.82
15.13
21.33
10.57
55.40
21.47
6.82
25.06
7.91
48.56
42.11
50.46
44.60
43.09
11.67
45.22
15.41
10.62
43.55
49.36
32.68
29.77
25.38
42.21
50.99
57.63
44.30
48.43
47.47
21.08
42.85
42.36
36.30
57.03
56.63
49.52
56.00
35.52
32.00
26.37
32.89
35.68
53.77
53.95
39.10
32.75
55.79
34.60
45.40
32.53
21.91
28.65
22.76
54.96
38.63
42.63
35.57
34.44
38.92
33.45
42.08
31.00
45.49
29.77
29.82
47.25
40.87
33.63
40.59
44.34
47.99
33.39
29.74
27.83
48.75
42.51
49.38
14.59
48.25
29.59
14.39
17.14
42.78
47.91
18.63
33.12
54.15
43.84
43.85
13.70
56.04
45.48
19.52
45.08
18.06
17.78
49.74
22.59
49.55
25.69
27.51
16.34
12.63
23.27
21.31
16.99
23.56
28.78
15.75
30.79
43.92
34.91
20.59
13.11
52.37
51.48
14.04
19.72
22.72
16.02
19.72
50.06
28.89
8.38
22.02
24.73
10.19
26.45
12.03
12.83
23.91
27.78
55.31
37.11
22.01
15.46
52.40
18.61
16.94
54.71
20.72
10.09
19.67
40.27
45.56
15.03
48.65
43.78
41.43
35.44
51.03
14.16
42.35
18.23
58.54
48.58
49.15
44.82
52.12
47.84
38.45
33.35
51.63
54.02
43.09
45.61
43.18
60.51
27.11
54.52
46.56
46.69
37.19
24.21
37.02
40.21
57.94
42.95
22.98
42.38
8.51
34.09
49.06
9.94
24.92
55.37
47.18
45.01
18.81
50.30
39.24
10.51
45.48
13.90
18.60
45.07
12.02
9.82
13.69
19.88
8.78
40.93
43.40
47.08
45.95
21.10
17.75
19.80
13.59
18.38
30.19
57.57
57.47
19.28
40.34
19.20
28.29
27.76
27.21
15.53
18.73
20.93
21.46
23.79
28.20
11.02
28.51
41.33
27.20
14.13
53.69
15.70
13.38
29.13
40.51
15.47
17.10
45.58
25.87
36.97
30.39
38.76
18.15
14.98
12.31
42.75
25.29
24.65
33.58
55.57
47.53
25.39
49.72
32.60
29.88
27.42
23.12
25.18
19.27
18.47
26.71
29.74
29.44
27.86
12.04
21.83
19.87
24.31
23.90
29.28
9.85
27.46
42.74
29.92
14.42
55.64
14.94
12.24
21.03
58.81
10.57
58.16
10.44
44.89
21.09
54.50
45.52
21.60
18.93
44.91
1.20
7.67
40.74
25.73
8.03
52.36
52.65
46.59
33.24
42.24
44.46
42.53
35.88
49.64
46.19
33.71
35.92
44.94
53.17
47.91
57.54
41.86
37.70
41.59
50.12
43.85
45.79
46.48
49.31
42.71
55.79
38.31
50.62
35.63
45.92
54.50
36.17
45.29
42.13
45.82
41.98
44.65
41.33
39.42
48.87
49.48
29.92
42.92
42.19
36.20
41.41
54.24
48.95
26.95
40.60
26.80
41.36
58.62
7.48
10.85
14.06
9.78
13.60
51.93
58.49
38.32
54.86
39.73
10.46
59.64
39.23
29.11
49.12
27.02
15.04
44.69
14.50
47.82
27.79
29.47
20.93
18.88
20.74
18.49
17.80
18.90
10.52
19.68
56.02
13.56
18.91
23.43
14.91
13.71
14.53
14.81
19.37
48.29
37.96
34.72
56.24
56.09
47.44
53.30
49.96
57.77
44.06
16.52
35.58
40.04
51.79
46.60
19.72
36.72
21.42
14.66
19.31
20.27
8.76
46.68
47.20
39.35
21.36
35.77
45.10
43.19
42.44
30.55
42.50
18.81
21.20
38.21
20.04
38.04
8.85
55.55
49.58
51.67
59.73
59.36
38.50
32.25
41.70
54.88
37.86
42.78
57.37
37.89
59.35
34.55
49.17
55.69
29.88
59.26
18.24
38.62
10.58
28.58
41.60
5.61
56.62
43.76
37.23
21.08
55.12
6.36
37.85
51.64
21.41
8.35
5.82
4.51
29.48
59.03
5.02
47.81
41.45
51.50
47.34
40.44
20.72
11.66
18.37
7.81
51.30
19.57
7.66
59.69
7.22
30.76
56.48
16.86
6.21
27.01
46.17
12.29
25.84
23.41
12.70
21.96
54.54
28.13
27.63
27.23
13.04
27.78
17.24
21.02
37.24
47.76
34.11
36.77
30.61
49.96
53.77
46.67
58.08
50.22
47.33
53.90
47.44
25.87
41.29
49.22
49.02
46.91
45.08
41.11
53.18
44.80
37.07
41.23
34.49
28.44
30.21
43.83
35.37
46.26
54.65
11.22
4.96
26.97
14.52
18.00
8.27
10.63
54.44
50.39
13.89
33.01
52.93
51.46
8.52
22.41
9.82
13.92
4.76
17.51
38.16
50.35
53.50
53.77
47.19
51.17
58.09
50.62
55.58
50.40
51.96
16.56
42.52
11.82
20.42
11.21
17.82
11.34
11.43
18.42
10.42
45.54
20.47
5.82
19.24
12.82
14.83
15.79
52.78
17.84
15.27
13.92
12.36
11.80
44.86
21.92
3.21
20.79
15.29
50.70
48.38
42.28
52.10
9.79
47.09
42.07
31.66
30.25
49.73
46.00
53.03
15.22
11.07
22.47
45.51
50.76
56.96
57.75
29.98
53.11
53.78
42.53
58.81
58.82
8.35
52.38
48.83
36.62
53.24
44.05
32.06
53.12
55.78
47.36
39.08
17.34
6.32
52.00
19.42
6.16
5.90
6.94
15.78
12.24
26.99
49.16
40.67
42.71
50.49
45.04
31.96
27.41
35.41
11.02
13.27
15.92
49.25
17.00
53.22
34.29
22.86
50.91
5.15
27.26
25.29
39.59
45.59
54.27
40.18
56.31
57.87
57.40
59.36
59.11
42.28
53.29
8.41
59.62
49.23
46.31
48.50
38.32
23.05
48.66
57.82
53.09
55.57
54.60
44.38
44.73
57.34
24.41
60.14
49.33
13.17
14.58
48.23
46.92
46.11
48.78
42.91
35.65
44.16
15.12
43.03
22.97
41.82
48.03
16.77
15.10
13.87
37.31
22.34
17.07
26.65
41.50
39.33
54.24
14.54
17.89
15.09
47.44
13.69
18.59
42.27
44.89
52.27
38.75
19.41
8.14
8.97
45.74
9.45
7.30
11.47
49.09
26.51
45.21
7.07
23.41
6.12
13.82
36.00
14.24
17.77
2.94
24.85
54.50
43.05
34.30
9.27
30.03
52.91
42.39
53.92
55.95
35.96
45.47
49.95
54.77
45.06
51.04
43.55
32.36
52.02
48.62
23.15
55.90
41.48
33.62
38.26
26.02
48.76
52.36
25.85
48.53
30.56
41.07
43.67
49.52
48.37
45.09
23.71
28.52
42.67
51.26
40.21
39.19
55.31
39.36
44.24
37.68
37.88
41.78
12.44
11.71
4.62
5.70
60.85
27.38
20.83
55.22
15.29
48.07
14.88
38.96
9.48
16.40
7.17
10.86
6.36
19.55
46.35
44.44
45.03
38.05
36.74
47.28
42.31
44.06
22.41
34.06
35.61
36.28
46.84
18.52
38.82
25.25
39.81
28.43
32.05
35.73
42.53
37.78
38.32
40.04
40.21
42.70
41.62
26.02
27.03
43.85
46.90
46.37
43.47
46.47
27.06
18.31
54.94
41.89
48.47
36.83
19.59
25.62
44.42
59.76
39.09
12.78
57.20
45.02
54.30
56.64
53.34
30.15
37.44
42.96
41.03
58.50
41.39
27.29
28.42
15.07
14.61
51.31
19.39
54.87
30.23
38.32
45.86
58.63
49.59
55.03
56.27
29.32
54.24
58.85
15.19
18.67
52.22
11.91
45.30
20.99
27.30
48.58
16.01
45.77
44.38
22.59
42.67
17.37
21.00
47.33
37.23
51.64
44.32
45.53
44.90
54.10
56.46
49.49
46.16
51.74
37.59
48.76
33.61
32.79
21.02
45.91
10.94
11.38
33.80
15.68
53.08
17.33
18.72
28.54
18.92
6.99
17.68
22.65
53.64
18.52
50.99
44.84
13.74
13.65
47.14
17.57
55.36
55.02
29.45
25.61
6.10
9.24
28.73
6.69
10.99
43.73
19.62
25.71
56.29
9.26
24.15
49.97
49.81
33.79
29.61
14.66
13.71
13.97
52.42
47.12
10.95
29.54
49.32
8.17
20.25
19.95
9.96
39.43
31.62
13.81
21.65
17.00
23.79
21.73
21.28
6.79
6.00
54.24
49.77
21.71
40.07
47.66
13.39
28.95
10.26
9.18
45.92
36.48
21.68
17.66
13.87
22.64
29.14
28.00
46.27
42.24
36.32
46.69
31.77
46.08
36.16
50.94
47.02
22.32
48.51
57.82
57.50
58.42
4.57
7.68
55.14
34.40
51.93
34.88
55.35
19.19
9.41
12.27
50.97
42.48
30.81
26.02
21.62
43.05
44.98
44.51
47.25
52.76
13.99
53.50
44.72
51.87
59.92
55.58
8.04
42.13
7.65
40.85
40.71
27.87
30.51
35.57
51.37
45.97
46.94
53.93
49.90
43.20
33.65
47.19
34.24
51.96
50.10
44.36
54.17
54.28
50.40
43.52
40.37
50.30
33.56
22.95
11.25
10.89
36.08
18.24
19.49
17.03
30.92
18.62
6.70
19.53
24.67
54.77
13.88
49.21
6.70
7.43
11.27
35.24
56.54
18.72
15.07
8.15
17.07
34.35
11.50
11.24
42.06
13.40
12.52
42.36
19.86
38.69
40.26
58.32
32.34
33.36
28.59
44.57
36.33
36.93
42.77
39.95
41.37
55.12
42.66
29.97
5.83
54.19
39.79
46.42
13.15
12.98
45.10
14.96
13.38
19.32
42.73
37.07
50.11
4.91
11.73
27.17
15.81
11.55
53.41
9.79
55.22
3.99
17.15
41.95
9.82
30.86
10.88
50.33
45.00
33.42
12.95
19.16
41.52
18.26
23.78
14.92
39.09
14.50
7.54
46.45
43.44
38.92
11.43
14.69
9.50
12.25
14.04
4.77
19.69
13.76
37.42
23.85
16.77
53.38
50.70
46.80
23.64
10.77
8.68
51.23
37.98
39.61
5.73
5.71
10.06
10.31
8.45
9.64
36.95
42.79
15.38
45.41
45.72
51.81
44.19
36.14
37.30
57.89
50.68
20.93
38.60
52.43
55.99
58.34
55.59
44.19
48.99
50.38
55.90
51.89
50.13
40.30
45.60
32.29
34.95
46.25
55.78
26.77
23.01
41.07
17.05
3.89
14.18
15.59
7.89
16.92
39.85
5.69
6.12
19.55
32.33
22.24
52.85
52.42
41.66
38.03
44.57
49.59
51.63
55.80
52.83
45.35
37.28
36.78
37.72
48.44
25.81
18.21
35.86
56.98
19.75
47.82
59.32
15.25
39.21
40.71
19.84
42.08
38.85
35.35
38.29
36.45
41.76
40.44
28.39
47.82
29.54
45.37
48.43
9.82
45.51
14.47
17.21
20.91
18.86
23.58
30.38
27.45
49.00
46.63
53.74
31.35
33.05
54.89
55.51
51.10
48.09
60.67
45.25
52.16
52.37
53.14
60.10
44.59
30.46
43.28
41.48
47.28
50.30
45.29
44.25
52.80
41.06
36.10
24.16
44.90
15.17
49.76
37.34
38.28
15.21
49.58
54.29
51.18
55.60
41.87
44.69
8.63
11.33
54.99
13.54
11.32
12.94
12.88
1.54
40.13
42.79
21.92
27.14
28.15
42.13
31.74
26.58
28.51
23.08
25.47
30.50
23.50
10.65
17.68
46.08
52.09
12.18
30.57
29.20
8.21
29.09
57.08
11.56
22.19
14.28
12.31
29.13
6.02
5.68
40.89
15.09
17.57
33.18
41.05
29.61
24.11
14.66
32.09
27.55
26.48
42.93
23.51
29.92
39.48
54.66
32.77
35.26
29.00
23.99
16.78
33.39
11.85
26.60
25.27
31.05
31.24
15.49
16.30
17.79
14.71
13.41
36.01
46.44
23.70
44.99
23.38
40.83
42.39
57.42
40.43
41.53
25.58
51.12
14.49
54.74
9.27
54.87
15.31
14.02
29.41
17.95
17.31
43.18
42.21
34.30
5.24
22.70
4.05
39.17
25.51
54.39
25.16
38.03
35.44
23.24
18.69
22.51
49.93
41.90
14.39
45.96
59.01
15.39
46.03
52.70
42.20
39.75
40.79
9.14
44.83
6.65
53.30
11.84
45.50
37.31
38.52
13.04
12.29
42.86
14.49
15.94
31.24
59.61
12.64
5.60
12.78
33.13
30.96
59.02
57.69
48.71
52.65
42.41
48.41
60.14
51.38
53.83
53.54
49.65
50.48
59.53
49.31
14.11
23.04
12.69
23.79
15.22
10.37
52.00
39.84
33.88
52.96
37.11
53.39
15.78
40.51
22.22
54.31
32.75
53.93
51.96
50.10
27.02
41.32
44.30
26.55
49.48
20.85
9.64
52.13
23.70
16.38
48.21
19.36
18.58
43.05
39.79
11.94
3.66
9.88
51.80
32.17
20.36
40.26
54.77
43.87
51.88
42.90
44.59
11.49
48.06
44.99
43.70
12.25
6.28
42.41
42.68
43.64
35.67
23.31
54.92
49.28
49.42
19.29
52.77
10.43
49.06
52.33
22.78
48.50
35.38
47.42
49.14
45.61
36.04
46.03
19.98
28.25
32.38
54.01
49.42
53.65
25.57
57.76
25.61
55.46
54.21
55.91
34.98
43.17
37.88
34.49
47.61
57.65
41.84
55.22
35.77
49.22
43.72
13.63
28.58
24.22
26.01
55.13
11.64
59.28
36.44
23.00
31.97
61.01
38.67
16.77
24.42
43.67
29.80
42.22
26.61
25.90
19.27
21.13
25.83
16.67
12.77
26.55
50.39
13.10
42.35
38.23
40.60
36.90
44.90
9.93
29.02
30.00
45.38
39.80
37.88
38.92
47.64
52.65
48.69
40.55
31.10
49.48
47.77
11.23
17.31
19.42
20.98
16.34
10.82
46.41
20.02
17.99
9.85
59.63
29.72
51.02
19.19
22.74
53.76
40.26
39.00
40.08
47.22
38.76
24.30
6.39
15.43
48.31
40.51
20.17
49.78
37.87
49.14
29.45
43.17
40.86
44.73
38.04
59.68
29.46
54.54
42.25
28.57
43.29
34.69
48.71
26.69
41.20
39.91
28.96
47.57
36.02
48.24
47.80
53.30
51.27
46.29
47.53
25.85
50.94
26.43
53.09
51.88
13.39
13.73
41.21
12.40
9.44
47.03
25.65
52.55
54.96
51.15
46.20
22.14
33.24
20.57
35.37
15.30
7.15
48.48
55.97
19.25
16.28
25.50
41.53
49.54
53.58
59.21
22.36
56.02
5.56
54.96
22.99
36.71
19.21
52.21
44.38
38.74
49.87
57.19
46.80
32.46
42.10
44.87
32.92
55.25
46.30
43.22
40.50
34.28
32.32
48.09
21.40
23.03
18.26
35.44
43.26
20.23
40.59
43.54
37.49
36.66
42.43
59.31
54.00
55.57
59.63
50.02
48.64
52.71
51.18
43.02
37.59
21.58
40.53
52.73
42.67
40.55
42.97
22.15
25.01
16.81
50.81
41.97
47.92
27.65
46.03
23.39
52.82
30.86
16.34
31.96
14.06
37.48
54.57
60.03
53.39
29.68
55.84
15.55
60.70
54.71
18.59
11.67
43.63
26.31
3.77
22.28
36.22
20.35
45.17
19.03
53.39
14.46
17.80
31.28
43.27
32.22
39.43
15.44
27.85
48.31
57.04
58.26
31.33
29.03
11.40
41.32
38.48
49.22
49.61
5.68
50.86
31.19
32.40
53.49
43.15
41.46
8.00
12.33
50.76
29.40
39.12
46.03
38.58
45.84
11.84
44.19
18.08
26.21
10.69
51.02
30.53
24.87
12.46
35.38
14.53
18.00
30.96
46.50
37.93
29.20
38.91
40.99
42.52
39.58
19.40
59.81
53.08
4.54
5.77
59.24
37.55
50.24
35.07
49.50
41.30
8.94
47.15
48.17
26.10
39.43
38.30
35.33
46.63
18.49
48.36
43.64
41.22
23.72
49.87
38.22
49.91
32.94
43.18
41.39
45.40
38.52
41.01
36.17
39.90
31.53
41.11
43.41
33.48
20.13
8.05
42.36
39.84
38.25
35.65
54.16
21.66
44.79
23.88
54.29
21.00
57.13
17.93
23.63
26.66
55.99
22.90
36.78
43.88
31.14
25.38
10.23
46.30
47.08
24.63
56.28
55.32
22.43
54.77
30.07
23.06
58.45
42.64
25.66
25.53
35.93
3.02
48.93
42.82
52.52
27.68
49.67
41.59
47.42
55.99
21.61
48.25
17.69
22.18
45.16
39.37
25.10
14.11
54.34
36.33
2.26
16.58
25.68
20.70
44.96
15.76
21.22
7.22
15.18
6.32
10.40
48.70
10.11
34.51
47.43
8.72
10.75
27.89
51.68
28.62
14.59
32.86
25.31
37.76
27.13
21.53
34.56
50.66
57.77
18.49
16.26
50.96
45.57
27.24
47.36
27.00
49.30
33.45
53.22
43.35
34.43
23.29
28.38
41.52
29.70
39.34
35.33
17.00
12.29
53.82
52.85
28.38
25.36
45.95
15.17
35.91
11.39
38.57
48.72
26.46
38.15
47.85
31.35
28.88
47.86
48.99
37.84
44.04
35.12
28.65
39.57
20.50
29.27
28.69
48.18
29.68
41.25
27.09
44.26
34.01
42.50
42.83
52.02
52.43
18.14
56.89
21.25
54.11
32.69
24.52
40.78
38.70
49.01
48.62
27.89
35.62
49.90
45.62
34.03
33.18
57.54
32.34
33.92
20.52
48.69
30.03
54.76
39.91
18.75
55.13
13.63
38.68
57.27
53.45
35.61
32.81
51.21
54.98
40.95
27.47
56.23
38.70
58.80
18.60
19.00
43.18
26.42
7.94
47.85
50.85
6.57
36.97
7.60
18.28
56.61
42.31
39.80
50.24
32.00
33.14
50.37
54.49
29.13
52.94
39.72
14.87
14.81
42.40
43.57
29.15
17.60
50.01
4.87
5.02
24.16
51.57
24.84
55.79
35.98
45.88
40.63
34.75
19.55
48.33
12.26
36.68
37.62
51.12
19.46
43.20
17.58
38.77
43.82
42.19
45.52
39.66
46.32
51.37
35.21
43.53
28.74
55.05
41.23
37.23
42.06
54.24
40.52
59.44
7.44
52.07
34.25
10.44
43.06
14.77
49.04
40.90
25.96
25.07
43.52
25.80
18.56
40.30
49.33
22.78
23.09
15.70
13.50
18.43
45.83
18.92
51.44
31.64
40.12
23.42
56.56
35.11
56.97
36.32
41.82
28.59
17.97
50.07
23.70
19.41
51.36
49.57
31.11
54.96
25.15
38.39
23.27
35.18
26.75
50.47
21.38
27.19
25.62
26.51
59.68
29.96
30.51
30.64
54.86
47.86
18.60
53.84
23.14
29.72
52.16
53.61
40.43
47.07
31.35
42.53
55.75
49.85
50.75
40.52
27.77
51.55
42.95
51.19
31.23
32.81
51.50
55.85
28.80
53.87
37.58
38.40
34.73
41.93
53.98
38.07
44.59
41.03
15.26
46.70
37.52
45.76
14.16
13.56
10.79
13.42
56.89
15.91
42.58
58.27
34.57
31.79
3.55
55.12
29.38
53.47
35.21
11.83
50.98
47.29
31.75
40.71
46.83
45.75
45.39
45.73
47.28
45.40
46.87
42.57
60.57
52.55
56.48
36.65
59.93
53.86
12.74
52.05
36.68
49.24
46.79
47.52
46.15
12.84
40.47
45.20
47.47
42.50
5.53
5.29
42.41
23.97
50.63
36.72
50.67
46.55
37.19
47.67
18.98
41.69
38.78
19.70
39.61
43.50
31.63
53.48
43.60
44.66
31.55
54.77
48.48
19.76
39.08
32.05
50.98
40.19
34.98
26.08
53.21
46.18
45.34
50.48
49.66
29.67
60.92
24.97
52.74
18.40
29.79
33.80
29.22
50.42
9.98
49.24
34.94
48.06
44.38
45.28
16.82
39.44
41.21
20.44
21.47
56.56
43.75
26.98
54.03
50.32
27.40
28.98
15.57
47.88
46.41
45.94
47.07
31.50
44.47
20.18
43.00
52.99
52.01
38.57
32.17
49.08
41.33
18.51
40.57
50.67
52.58
47.40
7.52
44.79
17.04
41.93
35.05
52.51
54.07
43.81
41.51
26.32
37.01
4.70
28.60
16.09
49.82
21.92
40.75
32.05
32.64
34.31
42.55
51.56
1.78
37.23
35.63
39.13
35.16
54.09
44.51
55.49
14.67
44.31
12.10
18.76
45.17
41.94
55.18
15.17
46.07
30.57
11.96
9.42
26.45
59.88
45.51
54.14
50.93
35.23
57.97
56.14
59.08
26.06
19.89
45.93
40.43
9.59
9.38
59.12
30.46
60.85
49.59
56.10
30.37
45.15
38.94
15.46
39.00
56.76
34.25
46.09
44.32
22.18
12.09
15.18
57.14
37.55
35.03
13.55
8.79
40.46
15.95
14.81
18.35
48.94
56.67
14.92
12.57
46.28
30.89
32.95
44.49
35.83
56.94
44.11
40.65
46.49
43.41
48.28
8.57
53.37
51.92
13.20
47.79
31.78
21.33
56.68
41.84
22.70
26.14
21.55
23.51
52.45
24.88
11.45
43.50
50.15
40.54
43.80
38.95
38.27
42.81
21.56
32.57
10.60
19.34
19.08
19.00
56.12
50.47
56.10
7.65
42.94
12.40
37.14
51.17
37.23
47.32
40.67
37.61
52.78
11.88
39.35
12.81
42.44
20.22
46.27
45.62
52.16
43.54
27.43
42.62
24.16
12.12
42.48
39.46
43.32
42.71
32.52
23.14
46.70
21.33
45.17
36.28
40.15
21.58
36.78
42.53
23.90
46.63
46.04
40.86
28.74
42.09
33.14
53.39
50.59
51.54
22.80
49.23
12.57
21.83
41.81
24.52
45.14
51.34
46.00
42.03
44.24
48.59
47.87
52.48
48.13
49.69
5.92
4.12
47.50
45.62
40.13
43.39
23.47
20.08
32.11
13.71
15.65
49.36
40.18
8.48
8.83
31.35
59.14
53.54
21.27
47.56
39.17
55.41
57.68
31.73
44.97
57.00
18.30
51.64
27.80
9.04
51.80
50.24
10.17
16.97
17.61
21.70
5.88
46.48
60.07
26.60
12.13
14.74
39.46
37.55
46.97
53.34
20.90
39.58
44.14
32.40
9.45
35.31
46.50
33.72
37.73
49.61
30.14
9.28
46.38
49.43
25.18
36.29
14.58
41.09
32.20
16.10
42.47
41.14
53.04
5.52
41.70
2.61
11.28
4.27
44.93
51.02
24.08
28.78
49.91
41.01
9.47
51.31
50.61
10.94
15.00
45.95
54.29
34.03
24.53
31.94
34.62
36.68
41.36
19.74
48.16
47.59
44.82
49.92
15.61
17.48
36.16
39.51
40.78
43.64
54.14
50.09
41.66
50.13
24.81
44.22
35.57
48.39
46.61
53.97
40.54
44.05
36.13
41.94
3.01
15.38
18.93
49.62
52.39
30.27
19.36
13.13
38.26
57.00
12.78
14.88
43.03
50.10
23.39
46.07
39.43
50.82
38.20
53.47
42.59
43.20
42.73
54.49
39.60
51.39
47.73
13.37
18.28
14.88
8.98
51.94
20.50
8.74
6.43
42.21
49.82
15.12
8.75
30.77
51.04
45.89
57.01
3.88
46.84
42.05
34.94
32.29
41.11
53.02
54.54
25.12
42.49
38.64
56.60
50.83
54.68
37.56
35.86
35.08
38.04
9.21
40.61
23.09
47.09
45.73
56.87
48.81
19.37
15.61
14.49
36.72
35.18
47.53
39.96
44.82
40.04
42.23
37.69
10.09
