18.62
10.48
18.61
33.01
16.70
35.57
58.41
20.43
20.60
49.01
18.66
33.06
45.02
44.65
57.88
29.94
34.43
58.38
48.80
26.66
9.62
14.47
56.24
54.70
37.18
34.87
31.90
42.11
41.78
42.19
59.27
36.51
36.18
43.72
31.00
34.84
37.69
38.07
43.22
45.43
35.26
46.99
7.63
50.85
8.25
8.85
55.49
53.27
7.72
41.05
10.37
52.24
55.06
49.06
23.19
8.35
56.25
54.97
11.92
40.95
14.03
10.35
34.79
39.01
21.93
53.43
26.54
48.27
17.89
41.67
56.96
9.59
6.92
4.91
8.94
8.32
44.71
39.06
9.90
45.34
38.71
38.67
37.10
40.56
7.59
35.51
19.39
54.60
49.69
22.87
36.48
56.07
10.55
35.68
58.50
31.77
59.10
12.86
4.32
22.90
57.85
32.65
17.90
57.17
24.98
8.19
39.10
55.46
9.80
52.80
37.41
5.49
6.59
56.86
57.14
58.88
42.27
3.87
40.40
57.96
26.67
13.21
48.96
52.28
50.47
49.94
55.26
58.71
59.48
30.37
13.61
59.46
59.62
57.99
41.28
27.40
48.14
49.76
44.73
14.65
9.30
40.07
51.59
28.21
49.55
19.08
15.34
41.36
22.44
4.74
58.35
58.78
11.50
42.42
57.31
37.92
53.81
58.70
12.98
23.70
33.80
18.06
33.77
16.79
22.03
34.48
25.20
44.46
34.28
14.73
30.43
27.51
39.30
32.29
51.01
34.29
21.37
17.04
39.51
37.36
42.91
39.45
36.29
41.64
56.64
46.80
26.84
27.80
56.81
47.63
41.26
49.74
52.04
21.50
20.41
15.83
59.68
21.37
43.91
41.04
55.99
48.86
51.67
58.91
8.25
16.90
50.81
49.08
41.66
50.32
51.63
30.76
53.33
48.60
55.54
54.94
40.02
50.67
13.74
28.61
43.40
43.96
45.90
40.30
42.52
42.93
48.05
27.20
58.02
38.73
42.06
39.99
57.73
56.54
45.14
50.18
41.81
49.20
36.68
20.37
52.61
15.46
35.83
23.36
59.51
53.31
54.97
44.19
49.19
36.79
57.75
61.21
38.69
59.79
10.23
47.16
26.07
49.39
34.59
44.64
40.28
42.79
35.90
35.40
37.18
12.54
26.73
19.15
6.68
34.04
3.84
9.60
49.48
38.39
37.43
34.11
33.98
55.96
26.29
47.52
22.87
35.05
39.69
47.82
34.17
33.34
50.81
40.87
44.72
48.12
20.30
25.73
59.15
33.13
39.07
15.67
24.88
58.17
18.44
5.61
45.60
17.72
41.57
46.99
45.82
16.68
48.27
48.43
51.52
48.71
59.71
53.27
56.13
57.89
6.89
43.17
21.55
34.54
15.64
34.22
15.25
30.67
30.33
32.84
14.59
33.87
33.77
48.59
36.04
8.81
37.88
37.55
49.40
15.17
5.52
17.81
41.56
34.98
37.59
33.59
42.28
52.31
28.12
48.91
35.60
36.27
30.84
30.27
13.40
24.17
48.24
52.21
56.82
20.49
29.21
39.22
9.45
20.24
54.30
50.94
4.24
24.27
43.53
46.28
32.77
37.00
23.10
42.27
34.58
10.34
38.93
20.34
46.83
50.75
46.30
31.67
49.25
55.24
16.53
55.57
53.39
39.28
59.23
36.45
29.77
38.16
19.66
23.01
55.61
59.23
9.46
7.62
5.18
14.61
20.87
36.78
38.03
20.35
54.48
33.78
26.41
14.74
28.38
14.66
10.60
37.51
54.53
27.21
26.63
34.60
39.76
41.73
40.61
57.65
59.90
43.95
40.90
39.34
5.81
11.71
11.90
24.96
32.38
47.63
51.17
30.68
60.06
15.26
6.20
46.33
38.12
13.72
44.77
39.82
32.32
13.47
37.19
16.87
28.86
14.27
59.73
42.11
59.14
32.32
32.92
55.54
32.66
37.62
33.86
39.63
40.42
41.01
59.19
27.96
48.80
48.16
20.76
42.44
6.56
37.76
10.05
14.31
57.10
18.92
31.01
55.14
55.17
54.80
58.64
55.29
43.48
9.81
40.20
50.31
21.93
29.54
38.33
37.47
16.45
24.89
16.92
28.65
10.13
51.00
49.38
31.45
29.54
31.69
54.62
29.07
30.41
47.12
23.90
43.03
23.40
14.68
35.78
32.84
35.39
39.96
11.95
47.26
24.86
40.76
52.29
61.05
13.22
21.93
25.81
47.46
55.57
27.10
46.33
33.16
42.81
40.82
37.28
40.08
35.59
18.45
27.60
18.05
55.18
46.35
55.32
11.66
49.63
5.69
25.25
47.96
16.49
40.63
45.13
45.05
21.49
42.60
23.62
25.34
30.45
51.77
50.04
13.67
50.24
44.25
23.81
13.55
33.97
35.40
29.12
41.66
40.16
32.65
34.27
29.48
49.67
33.97
33.55
53.89
44.33
49.59
45.12
48.09
52.77
15.34
25.90
16.30
35.75
29.84
45.22
46.29
59.42
40.46
22.75
35.27
24.83
33.08
13.81
52.14
18.70
54.45
32.14
46.52
36.84
52.12
42.74
46.95
52.23
50.39
47.99
38.53
36.56
45.54
51.92
55.25
30.47
6.86
3.57
9.09
22.45
37.93
40.30
43.31
57.49
21.32
46.80
39.59
39.43
34.57
48.07
16.63
28.23
18.65
58.49
14.90
39.43
35.27
34.83
48.20
36.95
43.69
54.59
50.51
55.05
43.35
54.72
17.50
50.97
38.55
36.29
39.81
28.02
36.93
32.83
31.82
31.60
36.70
53.59
46.58
45.08
55.05
31.11
35.65
34.53
20.13
18.18
46.76
18.55
56.86
58.86
51.55
35.83
19.08
36.83
31.91
23.92
55.44
30.50
55.91
15.22
47.54
57.36
52.47
30.19
48.77
58.72
18.41
17.59
48.37
13.40
48.70
43.58
30.92
13.28
11.13
26.81
52.68
21.76
52.97
56.04
50.82
34.05
27.88
34.68
40.91
36.81
16.27
27.26
36.25
30.98
18.89
36.98
49.55
40.29
41.84
53.15
13.61
40.56
38.00
43.41
43.19
40.68
43.62
43.54
40.40
29.18
29.89
36.45
27.24
33.15
44.84
58.46
17.92
53.12
55.05
48.73
23.01
22.19
49.13
45.18
40.31
45.30
54.49
39.30
52.95
7.00
56.75
54.56
51.35
60.23
48.71
55.53
52.89
49.09
40.42
14.89
41.75
12.15
47.16
13.08
30.65
59.71
51.92
58.31
43.16
55.71
60.42
36.99
56.17
59.06
54.68
7.01
53.38
11.78
36.51
56.58
47.49
43.20
28.24
56.06
51.84
33.71
39.90
42.13
40.02
50.24
52.20
31.21
17.86
21.87
47.89
11.13
39.99
52.10
49.48
50.48
40.44
42.21
48.04
48.64
45.28
60.00
37.18
54.15
49.24
23.54
5.51
59.75
41.19
41.62
60.51
44.55
47.45
38.81
51.74
54.18
37.02
48.69
34.68
36.81
38.72
21.01
56.35
47.67
48.71
12.63
31.55
12.86
46.11
32.22
35.92
48.02
45.62
46.36
36.34
47.30
29.61
51.94
34.45
53.08
47.59
54.59
39.52
51.96
54.21
55.44
55.26
39.44
36.83
47.23
31.82
36.23
29.65
31.26
35.60
44.11
17.28
13.87
12.38
14.96
49.22
8.65
36.24
58.95
34.32
18.03
23.61
32.16
46.48
38.18
36.77
33.92
33.84
5.00
46.10
45.59
55.90
19.80
55.78
58.43
46.28
5.07
23.11
31.63
38.27
32.45
5.02
26.84
47.01
28.02
44.20
39.72
45.26
28.18
43.84
30.38
41.23
42.02
30.75
26.16
40.38
33.56
44.08
12.84
51.25
4.75
56.29
55.86
43.51
53.39
48.48
36.74
57.16
43.30
8.24
43.35
52.73
47.65
33.56
53.18
45.50
45.85
35.36
50.09
22.41
39.34
44.33
22.74
40.28
40.43
45.08
48.98
46.35
45.17
46.63
38.47
36.99
44.65
38.72
47.25
29.42
47.35
43.94
5.02
56.84
19.55
41.85
32.84
28.60
60.26
54.37
6.06
40.88
45.66
44.96
41.68
52.47
48.11
45.02
58.86
45.89
50.76
44.65
46.36
43.81
23.18
24.56
17.73
13.15
19.46
11.79
59.77
56.43
54.10
48.03
57.16
13.64
58.68
31.66
22.76
26.47
27.54
21.07
52.66
38.55
57.85
31.77
61.04
51.56
47.07
58.29
54.08
5.73
57.82
25.60
52.86
34.63
54.92
39.47
56.28
16.81
53.80
7.16
53.70
10.10
3.37
9.03
52.93
49.98
54.86
11.68
56.25
11.32
14.77
55.43
48.17
28.38
59.83
53.43
58.75
59.50
17.01
43.67
21.01
15.67
44.14
18.45
54.50
17.02
33.90
29.65
27.48
6.96
42.02
6.81
60.40
59.99
16.91
37.48
11.34
17.84
45.50
43.31
40.42
33.13
39.14
44.79
46.02
58.71
3.49
26.28
58.77
55.24
58.97
53.84
58.10
56.50
12.44
34.79
9.19
12.13
8.02
38.43
10.79
60.24
11.82
58.80
2.39
47.70
59.85
53.78
60.23
60.27
24.73
46.51
6.95
52.12
52.86
40.25
60.21
10.63
24.72
2.45
56.62
49.13
57.76
51.77
6.75
29.60
38.59
52.71
54.58
50.58
58.75
55.70
30.96
52.85
51.78
49.79
49.89
57.11
50.02
38.99
40.94
41.06
29.32
44.97
49.71
32.97
45.55
32.28
39.43
42.24
33.25
39.60
32.27
40.12
38.31
29.72
28.12
36.48
21.55
58.83
42.65
9.95
5.88
55.87
7.31
57.89
12.39
58.30
62.38
6.84
15.30
10.16
52.34
53.48
6.62
57.64
40.03
43.12
49.36
45.73
38.88
41.94
54.28
47.65
44.96
40.60
29.31
31.05
4.93
9.94
14.25
55.35
7.66
33.81
10.31
56.85
17.84
13.48
15.49
7.44
8.28
19.48
17.08
40.18
50.92
52.76
47.55
44.09
42.53
37.87
30.29
30.90
33.38
45.38
56.53
45.63
43.27
48.04
14.56
7.19
8.91
14.65
15.51
29.78
46.73
33.37
32.21
26.80
11.47
57.48
12.80
14.52
13.54
5.84
47.83
8.67
57.58
51.00
17.41
51.26
56.79
16.28
10.25
51.82
15.40
28.60
44.89
32.32
22.76
38.37
21.70
48.34
32.09
21.49
38.57
17.41
52.06
26.42
10.29
15.44
49.99
12.67
19.95
4.18
52.60
29.85
51.58
43.57
54.26
19.98
18.96
38.06
39.31
38.58
45.24
44.98
26.15
43.06
34.84
35.14
53.02
44.79
38.83
41.60
25.71
27.51
39.18
31.60
19.37
28.68
33.83
16.38
17.91
24.25
26.33
58.33
10.80
12.36
57.98
15.90
60.27
10.41
15.50
19.03
26.87
40.91
20.56
3.82
27.88
44.78
17.98
25.73
19.89
25.22
17.31
19.24
42.64
18.78
44.36
30.48
12.95
33.28
3.25
14.48
8.84
53.14
40.73
28.06
35.53
49.23
49.92
58.51
52.21
58.40
13.36
54.54
16.11
52.01
52.52
9.37
15.32
56.11
11.43
16.47
15.24
10.33
11.30
61.40
18.64
13.75
38.50
42.96
40.19
27.85
26.04
13.16
34.48
55.28
55.46
54.60
56.93
10.46
49.25
58.20
41.57
12.42
15.14
19.98
25.50
16.84
13.65
62.17
27.04
16.99
55.33
55.74
13.26
50.72
7.95
55.40
17.84
27.23
13.03
45.41
57.92
58.76
29.17
22.08
9.55
41.97
9.64
29.70
55.57
44.85
42.49
44.47
47.39
47.63
41.93
48.76
47.89
50.73
45.06
53.67
5.82
38.14
50.87
46.07
55.87
28.60
8.43
20.73
58.78
12.18
41.54
52.28
20.62
52.97
49.73
54.23
31.32
56.57
55.98
53.52
43.00
5.45
28.34
21.57
27.72
15.19
16.91
38.38
19.97
31.12
31.12
21.51
14.53
36.03
47.87
47.22
61.39
28.63
8.17
47.20
45.25
24.55
29.30
29.92
36.48
29.71
37.57
32.39
48.09
30.12
36.64
42.89
20.70
14.71
36.12
35.91
38.91
49.34
33.38
35.32
35.75
40.65
15.11
14.30
35.40
61.81
61.25
52.30
28.23
14.62
36.06
53.79
14.74
48.92
33.36
55.25
52.43
28.21
21.90
28.38
58.50
52.32
8.39
36.56
59.67
43.00
57.70
55.63
54.02
8.20
7.83
58.96
10.40
44.54
46.61
16.04
57.55
47.06
39.75
31.57
40.59
32.16
46.40
37.90
53.31
55.77
9.45
11.99
55.23
41.89
50.03
52.08
17.92
12.24
32.48
45.41
12.17
39.65
57.40
13.35
17.15
18.15
27.17
30.38
23.37
46.31
10.03
30.84
10.76
54.07
12.57
38.97
54.27
6.12
11.35
33.80
56.63
34.61
31.60
33.70
14.33
54.11
27.40
32.30
40.43
32.00
30.62
57.99
36.12
41.83
35.50
28.67
45.29
40.51
6.93
54.20
49.98
36.93
22.45
25.05
4.31
37.22
34.07
37.45
27.96
54.68
56.79
55.98
35.64
6.74
8.21
14.60
46.68
33.83
42.50
52.46
48.74
53.02
46.25
49.09
40.31
17.38
33.05
47.01
49.48
52.16
23.38
36.26
49.29
47.73
29.19
55.06
55.79
39.12
2.75
11.17
4.17
53.75
5.63
52.96
34.14
49.19
13.72
21.71
6.44
55.40
56.89
44.52
5.24
36.31
29.42
22.32
9.99
22.62
14.96
30.28
54.55
53.07
55.66
8.76
32.79
50.48
54.08
52.80
25.75
8.25
33.76
43.98
37.05
31.32
34.82
34.99
37.15
59.38
3.94
50.62
54.66
15.00
51.55
12.39
8.32
3.00
9.04
56.79
55.64
57.99
59.02
50.32
53.70
5.91
11.76
10.85
9.33
50.43
51.05
50.37
38.80
30.05
9.03
58.52
49.85
44.75
52.52
62.23
60.45
26.68
58.03
14.97
56.64
55.78
39.90
13.46
23.18
39.99
5.18
34.80
50.41
31.46
43.08
40.19
49.39
61.21
36.24
42.08
43.18
6.43
54.54
49.30
24.38
45.62
20.71
57.06
24.90
10.51
51.15
35.75
31.27
38.86
30.36
49.88
34.43
51.12
22.98
30.67
39.83
23.45
18.14
15.61
17.87
14.90
19.79
15.99
17.38
26.34
16.22
14.56
59.85
9.37
55.92
58.68
5.49
8.20
20.14
22.91
32.44
44.63
19.61
55.62
52.05
13.83
17.47
12.96
17.88
53.65
57.45
60.20
13.46
17.99
56.34
62.01
48.83
8.66
3.79
33.70
56.50
14.30
60.19
59.21
34.99
56.66
33.44
49.91
59.59
53.55
57.15
59.23
24.41
10.27
28.16
8.57
58.06
25.91
56.69
57.38
42.19
35.91
5.15
31.34
40.68
22.80
37.78
3.56
5.71
55.64
13.99
7.28
55.16
19.28
0.42
20.16
46.84
13.87
18.15
50.40
15.43
20.52
3.18
56.65
55.87
13.59
3.26
5.68
20.78
9.29
13.85
6.57
6.50
31.49
10.72
59.16
24.18
55.05
21.41
52.65
50.34
51.11
41.97
39.53
32.70
49.51
43.58
48.28
46.24
21.59
57.11
5.53
9.45
49.36
11.72
50.37
49.06
55.56
3.40
16.68
53.51
5.44
14.11
7.49
56.21
57.94
57.41
28.05
35.62
27.04
25.06
38.76
47.22
47.57
46.08
18.51
46.83
47.24
49.19
46.11
18.90
55.37
25.50
54.49
8.63
55.83
56.33
12.34
52.92
55.88
9.24
57.69
55.77
9.75
12.13
50.28
59.96
48.72
39.12
42.80
45.88
51.10
40.63
45.32
51.63
50.05
34.13
41.52
39.85
31.02
57.15
46.98
53.89
51.24
53.08
47.78
40.84
57.32
44.43
30.69
44.96
58.90
50.28
39.06
14.98
18.01
17.76
33.99
19.19
17.55
17.06
47.97
60.79
47.40
22.44
50.90
58.32
57.98
9.33
57.14
57.88
26.05
53.71
53.35
22.75
17.10
22.40
52.93
4.57
15.87
4.65
25.18
55.62
42.52
59.72
57.03
47.69
33.49
48.88
54.99
15.71
11.26
59.89
55.84
55.38
3.11
54.09
56.55
46.86
59.22
42.91
14.07
58.69
53.39
10.21
59.45
5.85
16.48
11.10
18.08
7.23
59.34
60.98
4.06
44.29
30.38
32.63
60.14
43.81
40.28
52.78
60.09
12.74
8.13
11.98
48.48
47.31
17.14
17.76
50.22
23.20
12.31
57.38
57.22
21.90
58.37
42.20
29.34
43.68
47.34
48.53
47.96
50.49
57.88
57.00
60.53
25.31
45.79
14.46
25.00
16.05
22.07
50.33
12.08
6.54
15.07
8.90
34.08
27.36
57.64
12.41
49.59
10.61
57.75
15.77
47.68
58.55
15.54
54.53
45.22
54.27
13.77
16.10
49.32
17.48
49.84
51.62
15.89
13.04
16.52
12.63
10.67
54.00
52.55
56.03
12.83
47.49
47.17
49.56
54.82
53.78
35.58
40.52
19.76
32.31
56.04
45.01
60.13
59.74
32.60
24.07
53.71
8.90
59.22
57.57
34.62
14.39
52.57
42.23
53.31
22.90
54.93
21.21
50.99
52.22
53.02
31.32
52.19
36.98
32.16
33.79
19.70
18.38
53.68
51.55
38.67
24.40
39.48
46.19
8.82
49.87
56.67
58.40
54.19
47.23
49.66
5.99
41.20
6.06
52.44
48.10
3.62
7.72
56.38
51.75
33.67
57.44
50.49
52.77
53.56
26.75
40.14
48.40
42.44
60.15
8.39
52.33
20.53
3.58
50.49
26.23
41.79
30.43
51.30
43.84
30.40
41.14
25.94
42.84
29.43
9.35
60.34
59.82
5.34
4.10
57.95
45.07
39.84
51.16
14.13
19.60
33.47
58.35
27.12
44.09
16.03
56.48
28.72
52.75
37.33
41.61
44.15
47.42
16.14
23.01
54.58
22.10
16.49
37.77
30.91
38.36
55.37
50.32
47.29
38.87
50.59
45.52
37.99
40.52
52.61
59.42
49.19
41.53
11.00
38.76
20.16
41.22
40.47
55.56
13.14
58.07
49.00
45.34
48.44
6.30
49.94
57.68
61.06
60.53
8.40
30.33
44.04
45.39
40.85
43.18
30.92
51.04
29.18
60.59
55.95
46.00
20.21
13.61
49.08
31.56
16.36
45.59
49.89
49.47
47.64
51.46
49.06
43.36
50.24
13.23
55.65
48.06
54.88
10.18
3.00
8.54
18.82
43.33
52.88
58.18
52.98
59.22
51.02
46.74
59.39
40.80
54.69
16.84
42.29
39.90
52.23
40.25
46.50
47.08
6.47
54.13
50.85
41.97
11.06
33.80
54.62
4.82
22.04
59.79
3.44
54.34
10.05
44.84
8.98
9.34
38.50
58.64
59.86
58.51
56.55
51.44
51.77
60.10
12.46
53.46
57.84
38.53
47.47
43.90
36.92
41.17
40.22
42.28
26.80
45.99
43.74
42.69
45.80
45.29
42.84
43.69
35.68
44.94
42.99
38.78
43.71
49.46
46.32
45.10
48.86
17.94
51.36
44.70
40.06
55.75
49.18
55.53
46.57
15.15
34.17
26.10
37.62
21.01
18.40
20.56
44.78
12.00
46.26
21.24
14.20
32.37
34.31
55.62
56.42
45.05
46.13
59.39
55.48
52.13
58.71
37.93
60.18
14.48
3.98
40.69
59.90
59.30
53.71
55.14
58.08
33.80
48.06
31.61
51.19
52.31
36.60
6.89
20.64
45.61
8.54
21.32
14.19
25.60
23.04
56.63
39.40
18.60
45.02
41.87
4.50
38.05
27.94
39.42
46.58
42.03
15.24
51.94
55.20
41.70
13.63
52.87
12.78
6.57
53.18
23.41
11.96
5.41
20.19
33.15
40.20
47.89
38.48
40.93
47.37
6.73
7.87
35.58
13.71
53.09
29.44
60.33
56.53
47.06
54.46
9.50
48.98
59.70
5.90
11.58
5.45
6.85
47.34
51.11
56.98
42.43
55.97
14.28
34.97
25.58
47.29
38.38
36.54
48.03
20.92
35.06
50.43
52.56
34.80
50.74
41.02
50.10
40.62
54.82
53.52
24.74
12.16
53.82
53.11
33.79
17.54
22.70
12.78
48.94
41.05
46.71
19.91
8.72
54.93
49.63
57.49
4.50
10.42
17.50
17.29
35.06
34.61
31.46
12.56
55.68
6.63
12.61
9.83
12.43
8.44
14.99
37.47
58.09
40.30
22.26
10.44
10.19
18.81
50.02
51.07
34.64
54.15
31.67
36.05
49.01
12.07
34.98
53.13
55.10
28.87
44.69
46.20
27.74
58.31
6.29
39.34
49.01
30.10
29.79
43.69
56.67
44.62
45.58
42.14
41.88
47.30
47.86
8.50
15.01
51.86
15.62
9.89
56.12
14.05
21.25
1.27
60.62
46.81
37.31
43.66
52.58
57.14
55.61
25.77
45.61
43.53
46.71
57.76
23.66
49.80
54.90
44.73
9.59
13.06
58.07
12.79
7.66
29.90
35.18
60.99
60.21
15.73
18.97
30.23
28.62
13.04
50.86
54.73
40.08
45.29
59.79
58.76
4.92
58.09
2.79
52.06
18.75
59.78
33.54
30.70
14.47
54.77
18.45
52.48
49.50
55.95
60.07
59.24
58.32
57.26
20.36
34.99
19.77
57.05
18.88
9.73
24.82
36.48
36.64
11.58
60.41
9.70
28.50
32.83
58.20
34.20
49.47
17.79
9.33
24.34
7.71
47.38
59.78
57.29
56.85
10.06
18.68
30.09
45.35
39.49
49.64
56.65
59.82
53.97
49.85
34.08
53.13
44.90
34.80
10.32
12.71
56.22
53.22
11.60
19.80
15.78
41.89
36.61
24.12
57.04
58.59
6.54
44.10
45.52
43.00
47.93
42.66
12.01
6.60
47.43
5.63
40.68
58.36
47.90
4.81
20.37
16.06
54.01
22.10
7.92
59.31
52.06
10.72
34.54
31.35
49.65
34.45
22.05
57.70
36.45
48.97
33.40
18.65
12.25
32.97
11.31
6.41
6.18
54.45
59.27
61.23
35.28
52.82
43.82
48.38
21.48
58.64
13.91
13.77
47.50
59.71
56.84
56.34
55.59
48.89
55.67
31.46
36.55
47.56
34.36
45.07
56.31
59.27
37.64
55.87
46.86
59.88
57.16
44.93
43.80
31.64
55.26
56.55
49.50
46.36
46.90
46.92
38.22
45.42
45.74
42.86
39.98
57.08
30.20
44.34
47.09
42.88
49.20
49.07
48.77
52.65
49.35
42.82
28.34
47.68
20.02
26.62
31.63
44.98
42.35
19.65
14.35
29.33
37.83
31.08
30.78
23.95
41.26
16.33
6.06
7.74
0.84
45.74
51.76
8.96
60.31
45.04
58.50
50.39
53.50
47.62
21.11
18.27
14.67
57.42
8.19
28.73
57.63
32.61
51.35
16.45
57.48
3.73
43.55
59.78
58.18
58.68
52.00
57.05
45.69
34.68
42.78
41.36
49.91
31.58
41.41
39.01
46.21
56.07
39.09
47.23
51.76
44.33
14.65
43.48
12.90
16.63
45.94
57.53
47.25
6.17
13.45
39.52
42.69
45.23
15.23
58.51
8.96
48.36
24.23
58.22
10.79
16.49
57.83
10.83
59.14
53.02
33.51
12.84
52.92
55.88
57.12
18.00
49.20
58.85
18.85
51.19
55.18
58.73
59.26
13.86
12.06
15.18
38.42
42.49
4.73
35.94
43.27
23.70
15.97
13.25
44.75
22.32
39.71
57.11
27.03
50.23
55.18
55.62
55.23
4.49
49.00
55.64
51.95
41.38
44.55
44.05
56.92
44.22
14.65
6.50
15.40
59.13
52.71
21.50
20.42
44.39
57.96
55.80
57.20
51.81
44.44
52.56
42.56
53.33
57.71
13.41
44.90
19.12
59.74
43.34
56.89
53.65
42.61
43.65
42.68
59.02
35.10
47.89
52.05
52.32
53.85
41.72
43.34
12.23
51.91
13.32
51.34
19.15
24.31
15.87
35.92
29.67
7.91
58.27
16.91
57.06
59.02
22.92
22.35
20.08
36.94
40.68
20.80
56.21
15.76
42.76
21.18
45.54
22.84
12.60
19.33
7.06
55.10
5.13
27.99
37.88
34.27
44.17
59.01
37.40
52.43
60.09
57.71
35.89
31.76
23.58
17.62
12.27
17.30
7.53
60.18
55.97
9.47
6.78
4.61
37.54
39.04
3.21
4.85
22.93
48.13
45.79
48.43
12.79
58.21
24.92
32.76
56.47
57.22
22.30
36.30
59.14
37.00
8.87
13.26
39.13
20.25
19.30
10.50
54.69
30.96
35.20
51.72
59.47
59.23
53.86
15.68
54.02
42.18
23.75
55.51
57.76
44.85
37.31
10.70
36.77
46.09
29.41
23.40
57.43
30.12
42.27
27.89
29.24
59.16
38.01
46.05
22.25
9.64
39.84
42.67
57.12
9.08
51.36
47.65
44.45
50.88
45.97
39.23
3.51
28.26
47.33
49.26
48.28
46.62
11.31
47.60
21.04
8.81
44.10
14.89
46.76
8.45
20.23
13.22
56.01
17.36
39.14
46.65
45.53
51.81
48.16
51.53
43.42
31.79
48.89
16.73
38.01
17.69
16.20
32.68
33.96
23.25
29.47
42.53
40.51
56.18
10.43
60.26
48.35
41.86
15.70
7.45
26.92
15.25
7.79
59.69
57.32
5.63
56.88
59.66
57.64
49.23
20.39
46.13
41.29
56.50
58.38
15.05
10.56
54.46
9.13
14.05
11.00
26.27
11.10
48.00
46.84
46.46
45.14
56.42
54.76
25.14
49.45
51.35
50.34
45.59
46.09
56.44
32.91
22.27
56.50
12.60
37.56
38.68
43.73
44.55
56.45
47.90
45.43
49.66
53.14
38.98
46.34
46.05
42.77
38.36
49.42
41.26
55.45
46.69
46.25
21.78
60.23
54.65
47.54
45.72
36.16
53.90
36.15
35.31
42.89
36.59
56.89
39.91
52.40
47.33
41.33
58.28
22.50
60.00
52.56
55.72
21.42
33.26
43.90
41.73
11.98
39.44
25.53
24.35
60.09
59.76
13.01
57.67
24.44
42.72
56.67
53.56
34.12
59.95
50.52
45.30
45.17
30.43
20.31
51.59
41.06
3.12
34.66
30.30
53.05
54.35
6.17
5.05
59.41
32.36
6.31
45.78
9.77
44.25
52.92
53.27
42.75
57.50
54.77
59.12
53.78
43.24
53.12
46.24
13.81
11.32
35.59
7.55
8.32
53.80
59.40
56.24
47.67
37.66
59.14
58.42
31.65
52.11
50.32
54.62
54.17
60.24
30.25
8.19
8.81
7.33
29.68
44.04
2.16
41.52
53.65
12.92
1.71
41.01
38.67
17.15
54.90
54.79
17.47
15.77
57.82
57.15
4.51
38.74
42.64
41.18
7.14
3.64
59.62
60.60
57.81
11.10
56.49
58.99
8.79
38.90
43.81
57.79
10.21
57.43
44.47
4.78
60.91
16.49
59.60
56.09
7.17
59.22
57.51
59.07
37.09
46.56
58.28
44.48
44.23
47.39
53.05
51.36
50.92
45.96
59.19
32.71
47.83
13.41
48.90
21.87
48.92
13.59
16.79
37.30
36.86
58.48
57.86
41.10
46.73
34.14
35.71
37.23
42.59
45.84
33.37
24.74
56.87
58.28
55.41
9.91
25.18
10.12
60.93
42.13
54.13
12.86
16.55
39.34
29.96
54.21
16.35
50.11
17.23
15.61
59.21
3.68
58.12
35.83
27.63
40.96
34.71
44.06
27.32
49.98
43.93
14.17
60.95
7.79
53.55
7.66
60.31
4.28
11.37
54.44
51.08
40.96
33.89
41.71
41.96
34.50
53.45
49.24
22.81
29.70
26.07
17.26
52.27
52.12
49.28
51.45
4.03
4.95
59.17
6.50
54.39
7.18
48.34
59.23
33.22
44.89
17.54
28.25
8.76
48.15
8.27
52.89
25.21
7.02
46.50
16.92
53.81
45.22
42.59
47.85
36.14
9.58
43.70
43.24
45.52
48.66
50.70
44.37
46.57
9.87
54.12
58.46
60.53
9.72
7.82
57.17
9.81
56.32
46.90
44.39
41.58
42.39
47.06
52.03
51.65
51.28
47.54
34.07
50.22
48.95
47.59
30.60
30.28
55.08
45.87
8.19
55.16
33.22
10.67
52.97
10.63
24.46
57.38
55.41
59.42
56.52
46.15
50.75
41.66
55.61
49.80
54.56
45.25
45.29
50.95
44.94
29.23
33.69
59.71
18.28
9.01
43.81
21.95
38.75
21.08
22.63
46.62
29.19
40.45
59.95
9.23
44.98
58.82
9.04
37.83
56.66
31.76
8.91
54.36
7.42
11.57
5.84
50.35
10.70
12.90
11.05
58.00
58.41
43.67
49.30
47.61
5.13
60.87
59.81
3.94
43.81
44.79
49.38
47.96
25.24
9.84
19.87
56.61
6.03
61.03
54.99
57.67
15.72
56.68
54.69
3.23
49.38
3.97
61.47
9.86
38.62
53.15
19.79
56.97
11.95
55.00
3.95
59.23
13.67
54.37
55.33
16.41
13.15
55.74
16.26
56.20
54.33
10.75
20.15
58.65
42.79
42.93
48.13
44.40
33.50
45.69
42.63
50.75
34.03
43.64
44.73
43.50
23.95
8.59
10.42
51.33
55.81
41.84
57.04
40.19
9.40
5.88
9.74
61.20
54.90
45.74
6.88
23.27
25.77
15.81
51.22
59.80
55.78
58.90
23.41
53.08
51.09
28.47
28.65
53.24
48.28
49.87
49.67
48.22
60.57
45.19
17.08
45.32
34.27
30.79
30.94
54.74
53.02
3.08
3.35
44.49
8.05
53.88
48.30
37.38
14.38
5.29
56.79
59.94
4.07
4.63
59.41
53.05
42.92
47.68
49.93
23.62
36.74
27.79
45.17
57.28
46.89
33.57
35.65
44.70
22.26
57.62
13.91
25.50
59.20
41.59
27.86
14.98
56.14
10.18
22.64
39.93
51.10
54.33
18.44
1.81
57.74
14.59
25.95
25.35
23.15
58.15
5.04
8.12
60.31
18.34
23.00
7.71
56.91
51.07
59.12
29.29
51.58
50.46
42.76
23.68
26.34
34.62
43.13
51.52
17.02
51.30
51.83
45.45
38.96
58.09
52.44
56.20
21.94
10.32
57.18
51.99
44.19
29.17
56.63
56.76
48.68
53.15
42.69
45.52
57.63
52.40
44.50
52.05
55.75
44.34
40.30
41.62
57.26
20.55
4.31
42.29
42.30
45.14
54.33
58.22
33.53
4.43
52.44
50.87
10.06
28.61
57.72
13.04
44.52
34.60
58.18
58.55
51.59
54.45
58.40
57.82
5.24
57.14
5.02
33.09
13.82
3.42
53.09
4.28
59.52
1.11
51.77
4.78
56.39
4.32
42.58
33.15
56.00
58.73
50.51
50.85
26.45
50.03
32.03
48.57
29.50
21.29
35.13
13.24
57.34
9.48
57.49
13.70
9.87
59.19
18.24
56.93
12.01
54.77
58.02
56.90
57.85
8.43
42.35
33.72
52.79
49.29
10.35
56.65
21.94
55.80
20.94
56.45
5.95
6.30
16.81
59.28
16.54
60.05
4.14
58.34
10.70
59.62
59.90
5.68
60.68
8.25
16.71
57.43
10.49
8.32
11.55
16.91
57.01
55.19
37.76
56.84
4.01
58.02
15.63
33.29
8.89
45.50
30.97
19.22
42.66
19.93
51.79
53.59
14.67
20.79
18.39
60.05
48.08
44.09
10.44
57.80
40.87
43.28
11.57
52.63
46.46
44.97
28.25
16.15
42.48
10.12
44.89
48.67
19.82
48.39
49.29
40.69
47.67
41.40
49.92
47.94
12.84
60.16
57.45
59.04
13.66
37.06
43.54
42.16
24.07
24.70
31.66
24.98
31.28
50.96
42.72
47.38
43.13
49.62
46.75
43.47
48.49
44.72
27.85
36.03
39.76
26.62
42.98
55.77
43.63
57.77
2.57
14.20
61.06
57.96
51.08
56.82
49.74
12.11
7.85
50.82
18.06
40.48
30.14
35.01
34.12
46.14
37.16
29.11
32.01
54.95
57.36
47.94
36.08
56.82
50.70
11.90
55.44
54.76
10.52
55.48
18.53
5.58
10.70
45.67
57.01
8.23
10.06
39.37
53.76
54.53
49.94
18.76
9.49
51.68
48.08
50.36
43.23
51.03
49.90
47.92
54.22
41.63
48.34
45.39
46.94
48.92
42.83
52.32
40.29
7.01
5.20
59.78
5.01
7.56
59.01
57.25
6.69
37.01
55.52
6.89
16.34
55.37
49.41
41.01
12.53
35.82
54.67
3.18
55.72
12.61
9.60
34.73
43.51
49.32
10.55
53.71
57.93
23.23
45.87
57.44
52.59
54.73
1.21
15.35
15.87
23.98
14.04
40.12
59.57
9.46
12.62
13.37
10.24
11.69
37.49
43.73
40.78
44.01
41.28
44.43
39.32
52.06
54.88
52.01
42.45
43.87
34.46
21.44
24.41
36.38
24.81
25.76
14.64
21.93
43.40
16.49
31.39
19.56
49.67
35.41
43.41
54.42
47.74
57.36
13.90
47.77
27.68
40.26
34.09
37.73
21.40
26.85
30.13
12.57
11.25
53.34
22.63
27.54
18.54
16.62
18.33
28.42
3.20
7.94
17.80
13.36
14.78
55.83
12.63
17.22
60.81
44.88
42.93
39.46
46.24
20.52
20.21
45.33
20.29
56.99
22.33
47.13
51.60
45.41
46.17
23.40
34.59
34.65
46.31
16.65
38.69
52.07
21.52
25.81
57.91
10.35
57.42
10.63
6.68
40.06
21.01
59.86
50.68
40.62
53.93
53.66
8.94
55.03
53.67
2.03
7.22
52.39
17.13
3.65
60.27
59.96
19.15
62.06
5.17
53.69
14.99
14.17
16.09
56.88
1.42
5.91
40.56
18.88
53.28
53.81
37.32
55.45
4.24
51.94
58.40
3.13
56.63
8.62
19.46
11.13
25.49
13.33
51.88
2.17
51.39
27.46
49.02
58.79
48.81
57.38
46.35
44.94
47.24
51.41
55.40
6.09
51.91
55.35
9.86
23.16
56.07
29.52
51.88
26.39
19.37
24.74
14.21
52.71
47.42
51.35
46.23
12.06
44.29
42.53
60.59
51.18
9.24
46.91
50.51
44.27
9.47
5.63
39.61
59.64
17.71
54.06
53.04
47.86
48.63
41.13
56.40
36.72
55.24
52.92
48.55
13.78
49.61
24.48
27.67
24.92
46.91
39.59
20.29
23.57
16.76
59.51
8.96
59.93
5.07
52.27
55.76
10.63
11.73
33.38
37.62
12.99
57.94
46.45
26.49
59.61
52.53
54.85
45.44
44.50
48.24
59.77
44.15
38.97
58.69
57.81
37.00
35.98
37.41
16.62
13.89
11.84
38.55
37.93
37.50
41.95
9.87
61.65
54.89
26.44
19.30
17.86
54.32
4.73
11.35
3.90
38.65
48.08
38.14
24.67
31.91
41.97
23.70
22.85
15.90
44.70
14.00
58.81
25.19
9.02
37.64
12.16
55.84
35.81
44.82
15.13
12.07
39.73
40.78
44.30
47.27
46.06
44.50
55.97
25.61
8.94
57.94
17.28
59.04
16.93
35.38
58.75
59.31
40.53
46.95
32.65
52.08
49.73
52.23
53.16
48.69
39.65
47.64
30.30
9.04
53.64
57.84
55.82
56.47
19.12
37.82
58.90
30.00
52.99
36.21
33.98
49.65
32.53
33.61
33.98
55.83
34.23
36.28
25.54
37.83
46.26
11.84
17.20
48.58
44.10
38.21
36.78
46.76
51.75
16.28
31.44
12.90
56.29
50.51
43.16
53.84
59.98
14.51
33.27
45.17
46.23
35.71
37.17
33.80
12.51
19.88
31.21
51.71
46.07
45.41
40.31
53.66
38.05
30.93
33.58
34.46
36.06
58.52
57.65
10.75
25.61
58.82
19.02
19.11
6.85
11.12
59.13
22.83
58.26
54.04
11.35
9.94
55.39
61.01
6.75
31.54
7.48
22.05
21.04
50.33
44.72
28.23
13.16
16.58
15.00
13.40
55.99
13.16
27.27
25.94
12.47
59.29
45.38
42.94
45.28
42.04
37.02
37.65
47.84
46.89
17.20
21.48
38.18
16.28
59.03
14.97
13.69
28.08
8.68
55.12
40.51
36.24
37.81
50.99
43.37
43.16
38.26
41.26
45.59
41.82
58.23
50.43
57.42
38.53
28.69
30.56
30.90
25.62
58.55
25.11
52.13
31.17
53.99
54.04
28.73
32.83
55.24
58.05
32.81
49.01
58.22
10.87
18.01
13.00
20.88
58.31
9.82
58.63
6.60
16.06
7.99
12.86
44.15
42.74
29.32
17.10
21.75
44.24
4.37
14.70
29.18
28.77
51.55
51.06
21.37
27.53
37.11
7.68
25.07
47.44
44.31
48.17
44.99
39.96
36.50
43.84
9.68
15.22
18.14
4.14
59.41
1.83
58.41
9.06
22.71
19.22
50.17
9.65
23.07
3.46
58.70
25.72
31.39
18.98
44.40
15.77
10.87
43.58
28.19
41.99
33.47
41.86
38.95
25.93
13.83
14.67
59.52
19.93
32.75
11.18
18.64
58.50
16.35
11.79
18.98
15.79
21.13
28.70
24.03
11.08
8.97
7.09
8.34
53.56
52.54
5.25
4.87
54.42
53.21
23.38
26.65
11.69
6.36
10.53
16.91
17.48
41.09
30.28
34.11
56.32
42.29
25.74
28.76
23.47
12.69
13.86
23.41
4.90
2.27
53.68
27.26
48.80
32.15
47.58
54.77
7.93
53.80
49.12
23.76
28.91
4.54
54.10
15.18
45.67
10.26
58.31
43.04
39.67
39.70
40.10
43.47
41.11
59.20
21.31
60.19
16.03
56.50
60.81
53.16
27.58
60.88
55.12
16.44
8.79
7.47
12.09
46.53
50.37
51.95
43.51
45.91
15.12
31.32
52.97
34.69
51.39
37.22
23.56
44.89
59.63
52.01
51.80
52.49
6.03
50.74
49.49
48.63
52.46
30.50
2.57
51.25
55.86
9.80
58.38
6.62
10.58
11.08
54.77
8.37
6.70
58.89
25.00
61.51
21.75
23.09
58.27
16.48
58.04
19.90
24.73
26.41
21.42
30.10
17.46
13.26
8.38
18.11
15.39
22.22
2.49
7.86
8.18
5.56
54.68
5.07
59.14
55.19
32.78
30.81
55.99
52.12
37.58
56.32
36.28
47.49
48.87
47.05
40.09
55.02
30.17
25.53
49.60
42.48
51.04
51.15
33.04
51.28
44.68
12.13
56.12
54.08
44.15
53.23
5.97
16.03
7.69
52.88
13.31
13.33
57.56
59.38
55.15
32.20
57.57
30.28
8.24
6.56
58.61
36.00
34.04
44.37
32.67
50.29
59.78
29.35
57.70
42.66
23.28
46.02
23.36
14.07
54.66
11.10
13.72
54.47
39.35
10.88
27.72
54.74
3.26
23.98
23.50
16.03
52.75
15.32
6.53
57.40
14.67
58.92
7.27
21.85
5.29
5.30
8.44
16.48
60.40
40.61
26.45
43.28
45.82
48.04
34.11
35.02
6.25
37.66
8.89
25.70
10.51
7.20
33.14
36.08
35.58
30.03
27.31
46.45
22.31
19.66
51.16
54.02
12.77
4.20
16.42
18.45
10.98
60.50
10.83
8.32
6.91
50.87
54.08
53.63
56.75
34.50
53.43
58.74
3.92
51.52
18.89
46.26
23.89
7.48
41.39
9.62
12.32
37.79
53.92
56.18
32.03
54.78
48.37
24.94
27.75
42.51
30.86
17.95
27.23
22.06
56.77
25.69
48.83
14.83
58.11
57.93
6.36
5.13
12.61
9.35
7.46
15.11
8.19
20.28
4.78
37.81
10.26
52.85
19.04
57.66
51.04
56.67
55.45
52.46
54.60
28.70
53.27
54.26
16.90
53.66
59.99
7.84
26.26
22.23
33.21
21.11
19.34
48.68
15.38
19.31
23.30
19.91
20.97
24.57
16.91
57.96
20.36
57.67
7.96
4.46
6.95
11.79
2.25
4.98
39.66
27.19
28.40
58.55
27.20
31.86
46.18
28.68
32.66
38.10
22.45
30.17
50.98
57.98
57.44
59.22
52.26
48.28
55.07
29.42
11.92
15.98
15.93
19.53
56.24
7.83
6.12
7.66
11.82
3.90
58.15
54.82
58.01
33.47
41.66
1.95
48.29
11.30
18.36
56.81
43.19
49.88
56.67
57.71
31.47
24.80
21.48
32.97
33.38
23.94
54.82
16.73
48.32
53.37
50.08
37.49
51.43
53.06
31.51
13.43
6.86
28.05
14.47
48.28
25.39
11.38
52.65
61.60
58.99
58.01
58.52
59.72
6.61
9.47
12.18
57.22
8.81
47.55
60.24
6.31
5.34
6.97
57.93
6.27
8.20
4.34
59.89
55.31
55.39
9.52
50.20
19.11
50.44
11.94
56.12
27.64
55.17
27.82
28.51
17.81
17.35
12.89
11.45
10.97
21.10
21.68
55.38
58.45
57.05
56.96
59.45
12.50
11.60
6.60
5.75
8.71
6.72
7.06
9.05
54.51
17.52
54.35
47.98
56.09
56.12
13.67
22.30
9.88
44.78
50.26
45.37
5.07
9.83
8.28
11.83
18.29
59.79
9.14
31.69
54.36
39.42
57.30
57.03
13.61
14.00
3.39
32.10
53.87
13.88
10.01
17.10
13.13
51.72
28.23
18.22
42.91
49.09
7.87
25.06
10.68
40.03
42.90
51.93
4.13
57.88
44.06
58.01
53.01
45.04
52.37
60.15
51.24
36.06
54.24
53.74
11.74
15.22
36.34
51.19
56.31
56.08
53.70
26.90
17.33
47.86
48.76
13.46
12.03
15.91
8.85
19.71
11.38
60.86
22.05
45.94
46.43
32.36
32.89
17.88
24.16
29.72
29.69
29.03
22.84
14.58
19.46
40.15
19.53
51.63
56.24
60.55
56.07
53.81
55.07
56.48
56.72
44.81
16.38
21.86
36.96
36.62
55.87
35.95
56.73
34.58
54.69
17.11
13.14
55.18
5.05
11.31
38.31
49.51
56.85
54.21
59.38
49.58
54.07
59.52
14.68
21.23
36.64
46.38
30.66
52.52
31.22
60.13
58.94
51.62
50.08
3.73
31.07
35.54
37.98
37.95
38.12
44.83
27.94
55.70
59.06
15.16
17.73
21.15
16.98
27.27
8.78
16.07
36.88
9.52
8.62
12.47
27.39
40.43
4.26
12.46
9.95
58.35
53.52
48.24
10.89
15.21
10.74
12.00
54.99
55.74
49.50
55.95
48.39
28.45
59.19
59.50
57.28
60.09
54.01
58.22
50.48
29.05
56.29
45.55
12.76
14.58
36.40
56.05
21.66
5.81
15.24
16.48
21.83
34.48
44.99
24.99
30.68
54.20
42.60
16.01
45.78
55.70
45.33
60.27
38.35
46.23
51.41
29.35
49.72
41.40
42.28
49.98
27.82
50.16
44.40
36.27
50.09
51.41
54.45
11.19
14.70
8.38
10.85
49.50
23.89
61.31
13.05
41.43
9.94
46.06
55.21
11.45
23.82
7.26
9.93
8.71
17.93
6.81
42.74
9.37
10.35
52.36
59.57
11.55
49.15
3.84
8.80
5.87
9.69
12.40
6.39
10.49
32.08
42.76
16.72
45.21
12.87
56.67
43.82
25.63
45.74
46.06
14.51
31.79
59.38
42.94
12.07
59.37
23.14
4.70
12.39
10.04
2.31
4.07
16.89
34.22
20.73
37.17
49.78
52.33
27.45
46.76
56.61
30.65
56.58
30.91
49.18
56.94
5.91
53.57
16.31
57.44
49.20
46.04
57.26
25.21
30.09
20.12
30.11
60.07
31.08
27.41
46.43
54.27
7.36
58.83
10.88
42.08
13.52
32.56
13.91
53.88
9.22
11.36
35.21
45.30
53.35
33.61
50.77
10.54
40.00
9.08
15.89
13.75
6.94
17.23
3.24
17.10
57.17
12.56
14.56
36.17
16.80
3.53
36.23
57.37
6.20
48.07
56.57
56.75
12.33
44.14
31.73
25.00
40.11
23.16
16.27
16.39
22.85
42.73
27.28
18.44
37.88
29.90
50.86
26.62
40.37
29.25
15.12
47.25
42.57
50.62
36.25
42.31
40.61
56.48
58.07
54.31
40.87
44.44
24.06
27.94
26.11
17.55
15.17
20.55
26.75
41.57
26.37
42.06
13.93
10.29
9.13
6.54
10.23
6.28
53.10
7.13
5.17
11.47
24.25
13.75
7.54
57.51
41.32
6.91
6.99
6.73
50.65
43.31
38.91
54.85
24.06
18.56
24.79
36.61
24.42
52.30
22.60
39.50
26.80
32.42
39.04
53.28
46.10
47.61
18.77
27.48
19.04
35.17
32.97
14.87
21.91
57.55
22.74
33.52
22.41
14.69
54.08
14.66
53.07
45.07
21.88
55.72
54.59
33.63
30.86
36.32
14.84
9.42
5.10
4.55
8.13
26.79
10.10
54.72
12.18
9.88
10.21
55.95
10.67
6.54
13.53
53.18
9.92
59.56
22.97
22.19
40.10
55.66
42.53
40.49
10.41
15.24
14.55
5.13
4.28
59.29
28.37
22.47
18.12
13.50
55.91
27.16
13.85
16.53
26.62
9.57
49.62
6.92
22.53
22.77
38.30
27.69
32.21
26.20
30.86
53.95
34.48
25.58
24.56
10.45
23.39
29.89
19.54
33.65
25.92
34.21
11.00
52.96
21.65
5.34
16.07
9.77
56.42
11.07
44.96
40.47
51.05
51.95
47.31
55.90
49.14
36.71
43.18
36.47
44.77
53.80
34.18
32.87
47.63
47.78
35.75
8.92
57.89
15.76
60.57
19.88
43.45
6.44
41.76
52.21
35.97
10.75
17.31
13.74
48.24
6.63
8.33
7.54
45.51
51.90
48.51
33.29
42.77
43.52
33.69
7.16
50.03
46.33
47.10
53.47
58.29
53.23
55.92
52.46
56.88
21.22
57.66
50.99
32.74
61.17
8.34
4.28
12.37
4.56
54.93
7.44
60.58
10.21
4.10
19.58
6.39
60.80
50.72
11.09
49.25
23.01
13.16
22.89
53.46
32.64
19.33
48.98
35.58
49.87
51.66
48.02
44.33
40.03
29.33
13.30
12.98
39.97
11.68
6.13
8.37
50.24
10.37
12.78
51.63
8.04
22.25
42.84
34.95
17.48
39.72
40.72
33.44
17.63
36.54
49.79
44.16
45.28
44.42
47.01
46.71
43.60
36.78
34.95
41.67
55.90
59.82
5.47
59.28
43.54
60.33
21.27
36.88
19.52
11.52
41.81
25.65
56.78
11.11
58.56
32.76
13.16
59.98
46.20
57.57
40.15
60.15
10.41
22.06
6.88
47.40
57.30
45.59
56.21
48.37
10.41
46.01
12.26
19.05
38.89
39.38
2.84
13.28
11.26
13.29
24.55
43.77
12.49
7.80
20.27
6.41
39.72
34.99
56.03
20.87
50.19
49.68
54.42
52.71
21.86
36.97
22.32
59.81
27.39
39.21
57.53
40.23
57.68
13.85
5.62
58.10
30.50
6.97
39.55
39.95
44.75
41.68
43.06
33.75
33.33
27.11
46.62
53.93
33.78
59.56
33.86
32.20
46.12
32.59
16.98
27.04
22.66
44.16
59.39
52.85
16.59
50.54
38.64
48.86
25.83
47.61
42.32
37.71
43.48
18.37
56.26
24.03
42.18
6.52
52.76
46.27
47.01
53.74
33.86
53.40
38.98
38.23
32.19
16.37
34.89
32.99
53.51
36.94
5.74
57.81
19.34
18.87
55.54
17.79
26.93
35.18
11.91
59.27
6.93
46.46
42.55
48.58
20.34
14.83
8.76
49.77
11.93
25.82
8.29
14.07
4.34
18.29
32.61
39.62
44.15
50.15
15.05
14.43
53.63
39.75
6.36
49.73
50.30
53.58
51.54
38.09
59.19
59.36
25.33
34.04
50.11
48.69
46.74
60.00
50.50
45.19
25.03
20.78
33.00
23.26
56.20
21.41
29.41
43.52
22.41
24.92
19.44
7.76
5.17
54.38
48.09
39.80
48.79
12.48
12.02
19.69
23.91
27.26
18.53
44.38
52.48
34.22
51.04
42.46
47.65
37.57
41.98
11.49
11.80
26.40
55.78
4.38
27.03
21.97
21.74
15.84
4.25
21.62
12.40
26.99
18.44
19.19
43.98
58.09
11.37
14.41
46.35
4.28
47.48
42.48
9.28
23.65
45.70
38.36
55.99
46.25
39.06
9.43
5.94
18.84
43.77
55.55
47.03
40.29
37.73
58.88
43.04
19.13
46.15
52.35
44.60
53.30
42.90
24.32
12.44
11.53
10.12
44.12
53.23
3.09
37.51
45.15
39.16
40.36
24.79
39.94
44.15
44.48
42.60
40.17
29.99
50.37
30.17
38.14
8.24
23.55
14.21
42.45
24.68
29.78
14.53
46.05
26.77
23.15
14.08
19.84
22.41
6.97
57.93
35.90
7.37
47.83
39.13
59.79
36.48
49.38
53.18
57.88
14.39
20.86
28.01
28.91
16.26
53.52
58.81
56.27
56.36
59.21
57.52
33.66
12.78
31.54
56.53
35.16
19.56
46.52
5.84
11.66
51.99
11.18
31.84
21.99
36.39
31.82
22.34
14.69
21.30
29.15
18.58
20.12
22.37
28.63
36.43
11.67
42.85
40.74
24.08
54.81
46.58
34.86
35.16
43.25
32.43
48.01
40.46
42.23
45.51
13.02
42.25
31.01
50.24
43.17
33.51
44.78
7.04
9.21
21.85
43.48
8.36
8.43
11.69
52.06
35.36
40.15
51.10
6.88
22.24
0.74
8.48
12.94
22.04
48.47
33.16
13.54
57.32
43.22
35.77
41.95
58.27
11.20
7.08
57.70
20.03
4.02
17.62
30.99
31.30
48.15
51.24
42.16
47.06
23.94
44.39
39.20
40.55
31.00
8.08
10.22
24.73
48.44
3.13
15.43
42.48
35.74
40.27
14.63
39.25
58.24
34.20
52.44
11.75
47.95
46.51
11.10
45.22
30.71
36.09
36.72
54.26
35.72
33.49
58.14
54.54
34.34
56.91
22.97
52.34
60.07
22.43
17.03
15.88
40.53
23.82
56.57
28.69
18.86
53.69
33.55
32.60
38.99
38.84
10.72
19.79
35.99
27.28
43.22
26.39
34.95
38.70
16.19
33.40
54.21
17.63
17.54
21.05
49.18
60.64
15.84
46.74
57.23
28.73
57.07
45.60
57.70
55.25
34.26
51.46
36.17
14.88
38.36
45.62
26.47
34.24
4.26
18.75
53.51
44.59
49.08
38.85
17.50
43.02
52.84
50.93
31.59
55.47
49.78
54.61
36.53
59.17
54.95
9.69
49.22
40.03
17.70
45.32
11.22
10.97
17.40
6.03
19.74
24.01
12.14
22.15
21.83
32.18
15.87
12.22
56.67
51.10
57.48
44.91
45.94
38.38
45.19
46.14
43.86
43.80
53.78
40.17
45.10
40.90
60.02
47.94
31.54
35.50
36.58
33.15
37.24
30.14
10.99
44.56
53.55
6.56
51.26
52.66
39.54
44.54
8.92
45.04
56.24
17.65
20.27
42.98
13.75
47.75
15.89
16.75
14.82
17.98
32.81
4.88
59.73
39.74
16.58
41.94
51.61
29.30
13.10
15.59
58.01
40.73
22.89
9.55
53.64
41.16
42.32
44.50
23.35
18.30
52.52
45.71
39.20
22.92
26.75
42.91
52.05
55.22
49.60
3.24
20.62
31.20
17.05
37.53
53.02
2.31
59.10
34.61
50.53
34.66
17.96
39.85
32.20
49.74
43.20
35.95
26.53
36.38
40.93
32.26
20.21
51.24
25.90
14.67
35.33
7.30
18.01
21.43
30.68
13.61
34.96
6.99
36.84
24.23
52.88
47.97
58.29
14.37
24.91
38.62
8.67
13.94
27.80
26.46
22.52
21.04
29.85
25.47
44.65
22.40
41.06
49.74
22.81
16.64
14.36
40.83
5.04
8.73
6.18
13.95
42.87
39.86
21.34
59.26
46.82
31.83
40.26
23.58
50.94
39.96
26.66
52.36
42.24
27.26
50.38
32.62
32.94
26.12
49.92
48.16
37.19
14.94
15.67
26.87
21.97
29.62
17.76
13.60
39.23
22.83
13.37
11.81
34.92
19.33
14.20
33.73
39.20
44.54
54.10
56.49
51.07
54.65
38.80
59.32
13.66
20.80
29.98
25.88
60.05
37.26
22.65
26.63
25.57
24.89
41.56
59.29
16.03
36.02
10.11
14.41
53.25
51.87
57.74
45.98
49.01
52.50
42.77
5.87
11.18
18.18
18.91
31.19
50.27
46.60
44.02
44.55
8.86
6.57
17.29
20.29
57.54
45.29
47.50
54.08
41.15
3.69
34.16
52.11
34.31
7.65
16.78
47.13
36.38
58.64
35.52
38.85
35.04
3.40
33.49
26.74
18.45
41.70
17.42
40.10
22.17
36.57
37.17
40.76
26.63
51.72
21.12
39.39
41.53
42.62
14.86
52.22
15.10
37.66
42.15
12.85
42.04
17.95
16.29
45.38
37.05
23.62
30.87
24.39
8.96
39.08
16.67
28.91
52.58
31.48
26.67
17.62
18.14
50.89
25.15
33.65
32.78
57.57
26.84
43.05
55.12
19.83
5.86
50.08
38.77
48.49
59.72
7.82
1.71
60.55
4.30
44.60
19.21
42.54
55.82
42.82
58.75
22.25
28.51
48.02
3.87
42.25
40.88
52.92
36.65
19.10
52.05
49.00
7.51
26.51
37.25
22.71
37.97
9.90
39.59
57.27
59.98
48.16
41.96
51.78
58.68
44.01
42.87
19.52
43.48
46.69
57.51
45.61
48.14
48.80
17.00
4.98
44.91
45.33
41.44
46.65
61.47
21.41
43.61
45.14
53.82
43.29
59.24
45.03
4.63
11.11
51.79
38.50
11.67
7.39
59.21
54.45
35.04
36.86
41.02
42.51
59.81
37.62
42.89
41.99
6.96
53.07
46.08
14.49
42.04
37.60
42.31
29.42
48.92
37.20
20.66
40.31
44.20
37.74
42.68
30.53
20.71
38.20
38.67
43.78
51.01
46.88
37.86
25.93
26.16
33.83
55.53
57.87
47.40
45.93
13.01
7.17
38.66
58.03
16.77
12.85
39.27
51.10
48.07
47.09
61.02
15.67
58.72
35.90
55.83
21.75
49.58
57.54
40.70
42.07
57.71
50.94
55.31
30.03
36.33
60.20
49.30
26.02
47.08
46.44
40.29
49.03
57.20
46.98
34.18
40.60
47.21
35.59
17.30
38.30
44.71
43.39
50.30
40.66
41.46
43.37
26.68
36.53
41.82
58.09
36.55
57.28
18.53
26.12
16.67
19.64
47.45
27.20
14.48
26.15
27.69
43.69
26.37
39.97
39.36
54.72
47.23
36.34
16.68
36.78
31.27
23.40
39.82
43.12
16.25
35.19
40.71
49.92
42.21
18.67
8.90
39.49
40.32
50.33
18.99
45.53
17.25
49.78
9.04
13.90
15.67
27.71
17.04
46.57
27.51
26.59
57.06
22.51
15.13
22.78
54.57
20.51
11.48
46.81
38.67
43.36
41.20
32.74
36.72
30.97
13.31
9.46
55.27
42.56
44.89
48.46
45.37
22.66
29.28
36.58
25.40
34.45
15.32
42.71
58.08
43.88
44.46
9.03
48.77
38.34
44.71
46.42
18.88
34.95
37.03
44.22
9.82
47.44
53.98
11.50
47.72
29.40
35.78
18.16
19.14
51.07
46.73
45.35
31.89
8.66
46.10
6.95
30.56
19.76
46.89
9.41
9.29
26.08
54.70
26.66
17.15
47.43
16.98
47.85
40.22
43.13
32.52
54.52
50.95
51.92
46.19
49.41
41.86
38.93
49.38
50.78
47.66
11.57
12.56
51.73
58.39
22.43
23.15
14.92
16.65
12.66
42.69
38.12
52.98
9.72
59.17
53.71
9.64
59.05
52.21
55.75
35.28
43.85
45.27
47.40
47.26
56.32
48.29
18.78
52.12
44.75
22.36
26.91
13.90
18.30
9.02
60.14
8.53
51.72
29.68
35.46
20.68
36.05
39.11
26.41
45.64
36.14
45.76
36.72
52.58
61.26
58.95
41.45
59.51
50.40
41.86
31.72
53.03
42.55
16.47
34.32
16.33
49.21
37.79
48.69
47.98
23.81
44.54
17.79
52.17
46.01
43.80
46.72
48.00
38.45
52.96
12.54
45.90
8.44
49.59
42.17
52.26
58.61
12.93
57.32
35.47
37.53
34.38
47.20
47.52
31.33
43.22
40.31
30.40
33.56
18.15
9.89
52.39
5.89
31.50
48.53
32.40
43.38
48.38
45.49
27.60
23.24
37.32
12.75
48.65
55.37
7.58
23.19
18.07
41.65
21.85
30.61
28.04
20.24
52.97
22.94
8.21
24.05
48.71
13.16
46.81
57.28
29.24
41.44
52.87
43.99
35.08
35.69
40.13
48.29
31.76
53.45
53.84
17.08
11.70
7.81
12.93
6.58
5.79
43.21
31.91
33.57
26.60
45.60
24.87
21.97
47.21
18.57
19.60
16.12
26.40
44.37
42.90
57.44
55.50
55.05
52.64
46.89
52.85
12.43
2.93
5.73
34.81
17.56
9.04
4.30
15.35
55.63
19.71
53.54
49.01
58.53
41.72
51.14
17.78
15.27
19.09
8.28
51.17
48.78
38.35
15.89
26.80
53.22
