27.28
14.79
40.71
21.33
32.88
38.31
27.82
9.82
35.28
42.64
61.24
59.26
4.58
58.29
56.68
27.53
40.87
43.71
52.47
23.91
41.88
8.33
43.77
57.94
20.11
2.89
42.04
59.14
42.64
12.69
30.72
43.58
2.74
9.58
3.62
16.94
21.89
39.50
42.28
15.71
16.23
51.62
22.58
12.89
43.22
52.23
34.24
10.12
39.86
22.14
53.95
8.99
5.95
57.90
37.97
55.20
2.68
14.22
38.06
53.07
61.17
25.73
54.18
6.87
2.18
44.65
53.80
33.96
2.90
55.45
1.77
3.15
5.72
20.69
19.63
25.16
59.19
39.92
39.08
20.79
46.72
41.80
26.45
55.40
37.64
46.17
52.18
56.05
27.64
49.67
26.55
46.11
42.77
59.70
25.70
46.02
35.03
2.96
55.05
60.73
13.21
45.74
49.14
42.07
52.59
10.50
14.03
57.71
53.78
41.18
12.75
54.29
23.47
18.79
4.62
35.50
32.89
18.78
37.09
49.15
43.99
32.47
6.53
36.78
14.02
9.03
2.68
6.13
40.97
40.89
36.22
51.27
36.43
50.17
45.22
8.78
13.17
9.10
38.44
4.59
39.49
47.98
6.73
54.54
37.51
35.54
58.36
60.07
19.19
10.39
36.03
60.09
54.88
52.83
39.94
31.55
15.35
49.09
13.91
61.72
35.61
51.57
40.52
46.33
22.14
27.82
11.54
11.23
32.49
40.08
44.33
8.13
22.38
59.55
55.30
30.34
56.69
6.01
57.68
9.52
38.97
11.93
41.00
46.35
25.04
55.85
56.57
38.36
37.49
33.70
49.70
36.38
52.42
27.60
51.61
56.75
25.42
9.20
48.67
35.07
27.22
34.75
51.99
16.94
35.66
47.18
26.52
19.66
13.35
19.35
21.30
20.93
40.00
48.07
36.14
37.48
35.16
31.37
10.40
22.50
49.04
7.79
2.63
45.42
6.13
3.99
47.73
17.32
13.62
6.43
12.66
35.03
11.14
46.02
29.17
41.51
57.78
19.41
54.81
39.57
23.82
25.51
17.71
60.20
52.35
35.35
33.24
25.48
34.24
40.36
41.56
40.19
19.03
16.21
50.06
39.57
48.87
18.92
38.77
15.42
10.94
44.04
43.81
34.43
57.42
46.61
44.09
17.93
21.48
23.93
60.03
45.13
55.00
40.35
21.73
25.13
25.18
28.95
50.67
56.10
59.55
6.87
6.02
11.59
16.47
33.98
24.51
25.81
38.31
33.72
47.45
11.36
57.32
38.00
36.56
28.19
24.47
48.64
38.54
53.09
55.22
29.02
26.97
60.33
42.93
11.57
16.38
56.60
28.80
38.39
49.00
37.76
41.59
2.07
56.05
25.40
59.77
5.03
10.29
46.31
32.27
27.44
58.46
43.51
46.16
15.90
25.74
41.01
27.14
23.02
5.81
25.38
60.32
55.81
29.30
53.31
7.70
28.73
29.82
21.23
9.05
9.17
5.37
21.67
52.98
26.89
33.77
32.04
33.52
35.51
41.33
38.38
11.33
34.63
24.91
51.99
5.01
51.06
56.96
47.79
1.25
32.07
51.07
10.28
49.04
46.83
47.34
41.75
46.74
49.43
42.41
36.89
29.50
34.07
59.85
11.20
45.23
8.61
3.18
54.48
56.45
54.05
46.20
40.22
50.11
54.03
13.97
41.22
46.96
57.70
31.83
40.60
38.59
57.85
40.09
58.32
57.85
48.11
52.36
7.33
56.90
44.64
48.19
48.38
15.05
29.54
49.25
12.28
9.53
38.58
25.72
46.14
10.44
13.36
52.83
17.48
58.11
55.04
36.64
10.99
3.56
39.87
59.55
14.02
58.22
12.59
59.37
13.28
28.98
13.71
9.15
52.97
19.84
5.63
8.92
4.65
41.30
51.23
44.69
60.34
57.78
59.94
3.49
15.42
55.00
37.65
12.54
43.01
59.36
51.84
3.69
9.13
1.05
32.23
20.08
54.18
51.16
22.87
42.98
45.87
45.72
47.90
51.86
53.43
43.66
35.11
40.23
28.85
36.86
9.55
3.89
56.52
47.79
47.55
7.01
8.60
10.06
51.09
46.01
10.70
6.09
6.96
7.26
13.85
38.85
13.12
6.21
8.10
54.36
40.30
31.45
21.08
23.03
15.87
26.11
41.50
14.03
13.37
8.75
56.86
4.66
11.80
9.55
43.22
46.98
7.92
7.76
26.70
8.27
5.74
11.94
55.36
10.08
6.78
38.94
54.69
5.58
41.74
36.30
18.02
39.55
37.09
50.26
30.99
37.42
9.55
51.36
2.02
12.20
2.42
23.26
42.47
29.40
32.33
57.06
1.38
57.53
10.55
53.75
57.84
44.19
9.60
56.58
52.97
47.74
41.90
3.74
55.82
24.14
34.99
12.51
16.63
14.01
7.92
47.48
58.37
57.32
30.33
12.66
9.60
6.62
48.27
57.15
6.72
22.64
8.19
55.17
55.26
54.23
44.59
54.75
38.82
15.93
3.20
20.96
43.69
18.03
5.78
12.04
37.78
32.86
30.83
43.39
32.91
36.59
28.07
14.38
13.54
32.29
46.19
23.78
31.00
59.70
6.37
16.97
57.12
35.38
11.44
48.00
18.43
59.54
60.10
55.58
58.54
39.54
28.54
56.61
53.16
41.86
37.90
31.36
55.51
44.54
37.71
31.13
56.21
22.22
41.27
51.37
10.90
44.74
18.30
33.22
16.28
37.62
8.02
55.59
16.69
18.06
31.86
26.38
34.90
34.43
15.97
12.64
12.33
24.14
30.96
25.39
39.95
55.61
31.93
1.93
46.76
32.34
51.88
44.75
41.45
39.56
39.90
2.78
58.36
33.69
9.47
2.34
12.35
3.00
11.15
13.46
56.57
53.47
58.96
53.21
26.82
51.81
7.78
14.19
3.54
55.88
8.97
35.02
53.57
46.25
8.50
18.77
7.62
22.90
15.76
9.83
14.93
59.19
52.42
56.51
22.49
49.07
6.55
55.30
7.07
23.93
47.06
17.57
7.55
16.54
46.04
44.06
57.82
49.69
20.90
19.90
10.98
1.95
9.43
13.27
9.18
14.18
5.83
17.04
25.55
14.34
15.71
25.97
14.56
20.21
24.32
5.26
38.58
39.27
18.36
56.63
53.03
61.12
44.45
12.18
6.55
23.69
29.57
13.59
53.17
13.88
3.66
36.84
47.14
13.40
20.15
45.25
34.01
23.87
57.03
55.42
54.24
57.27
8.19
9.16
19.37
40.40
53.16
52.60
46.76
48.75
0.52
52.72
60.11
13.58
55.55
46.85
38.52
58.08
39.49
10.67
59.33
18.46
2.23
51.30
27.18
53.09
52.57
5.07
17.57
30.41
38.85
42.98
10.27
58.73
48.14
42.15
49.38
44.81
20.93
11.13
23.28
13.93
51.67
58.01
48.49
5.53
11.05
14.48
57.53
55.40
53.86
52.26
48.37
17.98
56.08
2.62
58.52
55.03
19.71
11.51
22.57
44.93
54.62
53.20
47.26
59.09
17.64
14.78
9.10
36.60
54.23
32.04
33.04
61.17
18.53
7.91
18.31
54.52
55.16
26.46
37.88
39.81
35.90
33.26
58.06
58.15
16.79
23.68
15.15
23.98
37.22
23.30
38.47
56.80
56.61
34.88
9.76
6.70
19.68
10.04
49.88
14.16
52.93
20.85
8.27
55.55
56.86
24.84
7.17
30.84
15.05
42.27
50.78
23.31
33.54
54.34
15.57
58.31
57.15
57.91
26.61
4.17
40.17
57.97
4.98
5.20
58.67
50.20
16.99
25.09
20.08
36.43
35.84
53.22
38.76
8.56
33.12
32.02
26.22
49.40
31.87
49.78
47.68
51.27
59.60
11.70
20.15
54.35
53.99
24.10
25.58
39.97
40.10
24.06
19.70
47.50
61.74
56.11
39.83
49.75
47.61
17.15
38.85
28.79
42.85
40.89
9.05
11.07
42.76
59.16
56.59
53.19
32.61
48.31
44.42
8.17
2.29
58.26
51.19
43.13
62.14
11.56
56.80
52.83
7.18
2.86
60.08
48.56
10.38
7.77
57.61
42.82
47.77
51.96
42.43
45.43
59.34
57.62
58.79
59.69
36.10
16.63
60.08
46.35
43.37
43.58
37.59
48.43
43.96
56.03
57.67
48.26
42.28
26.64
50.95
28.53
7.27
19.06
60.25
59.07
49.46
46.78
56.06
11.87
4.73
33.90
52.59
60.18
19.62
36.65
21.92
16.31
9.79
59.10
13.57
12.12
51.68
42.43
58.86
61.93
14.19
18.04
57.62
59.89
8.63
34.02
35.21
61.97
49.74
49.75
29.05
50.25
14.31
52.88
16.20
6.98
29.21
47.24
18.03
14.98
55.85
43.68
38.61
22.47
26.44
12.68
19.32
59.66
7.82
19.48
18.22
55.34
53.73
54.64
53.90
32.53
12.52
36.46
15.08
55.88
56.20
46.92
52.05
57.08
34.87
31.77
60.96
57.21
39.34
36.19
29.03
59.76
55.37
3.41
11.61
18.19
40.76
31.09
54.77
51.77
10.64
6.90
3.85
10.12
17.40
57.93
58.23
4.04
52.53
17.71
11.40
16.41
56.28
53.26
8.05
21.09
5.63
15.73
8.84
6.83
55.31
22.07
59.78
56.29
44.11
56.29
37.20
30.91
31.89
34.54
24.06
26.68
21.70
6.03
55.22
22.67
2.73
59.40
59.68
11.31
25.00
27.54
30.92
52.23
16.93
23.44
14.32
32.02
11.38
33.77
37.10
19.91
46.38
55.25
6.74
18.10
57.23
58.85
29.73
26.58
13.31
23.80
55.32
52.55
35.63
28.01
32.55
46.56
44.26
58.68
53.55
58.24
42.67
57.99
44.04
45.69
50.90
50.13
47.10
8.82
48.19
38.43
12.16
24.56
15.89
60.22
16.91
19.87
14.75
23.45
14.86
10.44
46.64
59.69
55.77
27.50
6.25
16.60
19.67
8.41
12.26
58.82
59.87
58.51
5.22
50.66
19.23
17.14
18.77
49.15
9.09
6.87
8.62
49.58
15.28
49.14
48.89
47.55
18.73
52.73
41.33
40.97
33.89
22.36
15.60
41.46
60.78
7.96
18.04
35.33
13.06
55.10
14.32
56.80
45.36
56.32
49.73
50.14
19.22
12.11
13.52
44.75
21.91
28.69
20.47
15.02
45.63
16.09
53.63
12.17
21.80
44.05
39.79
18.90
52.07
44.15
23.40
40.63
41.62
15.74
59.80
53.82
3.43
48.76
11.05
13.12
10.26
23.52
12.31
49.05
41.10
45.81
44.87
36.93
11.23
12.02
51.40
57.86
34.77
30.75
42.25
48.35
12.48
16.18
23.00
32.14
10.41
55.08
52.54
59.18
58.89
43.66
6.95
10.74
50.33
20.34
11.83
46.68
9.18
9.06
40.90
53.07
30.68
56.12
18.57
46.31
27.52
35.42
38.21
40.89
57.02
58.09
43.58
8.00
48.97
50.70
27.30
9.78
53.47
11.21
44.40
53.26
44.51
49.84
51.82
51.71
38.93
57.09
44.00
8.26
54.28
54.92
56.98
13.12
52.97
52.24
46.96
43.22
33.09
11.73
59.87
13.13
21.00
52.42
47.94
7.90
25.42
56.78
6.26
56.85
4.56
6.27
60.53
58.21
50.16
29.51
45.77
14.59
60.35
57.63
54.19
2.87
7.63
2.43
3.28
8.87
47.39
57.55
49.22
8.17
33.80
39.86
9.29
8.03
32.77
58.26
30.18
6.75
40.36
27.94
51.23
56.46
38.57
44.31
14.43
53.45
12.45
31.83
41.30
52.85
52.25
55.68
46.37
14.24
10.57
7.17
7.49
58.09
45.35
53.74
12.37
61.94
8.01
34.67
49.04
19.10
58.68
58.50
37.57
28.01
59.21
55.59
55.67
12.75
55.69
55.78
44.10
34.71
42.29
42.76
50.76
22.72
59.83
59.26
57.54
54.01
12.63
48.61
47.10
41.71
7.53
52.66
9.61
18.20
1.66
39.47
30.94
11.29
42.00
40.02
56.17
37.58
18.57
8.09
46.11
43.87
55.84
45.39
52.30
45.00
43.54
46.42
37.36
41.97
57.41
7.93
3.27
57.06
9.24
9.35
60.88
58.45
46.05
61.79
2.54
55.02
59.37
45.17
5.14
61.51
56.18
20.89
21.09
25.51
53.01
20.05
12.32
58.76
45.95
51.09
47.81
56.20
51.43
36.82
35.49
21.16
60.58
59.86
60.80
60.31
5.83
21.63
56.82
24.83
17.80
11.99
51.74
31.85
40.68
49.72
11.89
22.83
26.23
3.75
60.24
56.20
58.81
54.01
55.96
59.65
19.07
10.92
53.17
43.04
30.95
57.18
19.97
57.06
12.03
58.13
60.33
47.25
60.21
49.74
29.37
12.11
22.98
53.83
49.00
39.16
41.62
16.81
7.03
8.90
52.74
42.79
54.73
7.73
3.69
2.13
7.22
46.28
51.43
4.88
59.16
56.88
58.68
0.73
0.63
9.05
59.24
56.26
51.72
50.18
59.45
33.64
10.36
42.58
33.83
4.84
41.07
46.17
53.90
40.22
16.44
13.41
58.05
41.03
10.16
32.47
24.36
27.83
54.56
26.98
6.56
60.20
21.71
46.97
7.46
59.02
47.95
27.84
60.39
13.46
57.49
11.72
58.63
2.15
54.18
8.94
49.23
41.49
47.66
49.62
43.52
56.73
54.22
55.89
58.31
57.57
46.71
45.73
43.22
4.77
57.64
45.04
41.74
35.44
42.50
44.61
42.14
26.60
26.70
33.13
58.45
54.96
36.55
30.07
5.26
46.39
32.21
47.50
51.47
49.53
34.49
22.14
44.27
35.67
59.59
53.64
7.19
11.02
20.96
58.15
11.88
55.34
49.74
4.12
28.07
52.07
42.00
44.87
48.38
53.65
5.41
54.35
9.08
42.82
55.35
3.92
4.83
52.86
24.06
5.22
54.25
57.02
47.17
58.36
36.21
54.38
47.22
40.65
34.48
50.62
30.04
47.07
47.74
40.40
38.94
55.19
45.88
58.17
22.70
14.40
12.35
2.03
57.31
49.94
35.61
50.38
58.82
30.08
44.61
46.77
29.42
11.18
57.61
10.43
57.42
13.52
56.31
58.23
52.37
50.30
2.69
55.35
3.80
51.60
56.70
61.49
1.15
52.76
55.03
3.06
34.79
57.73
4.25
57.08
55.83
61.42
57.60
49.62
44.89
31.75
6.17
56.80
15.14
55.33
59.74
7.69
56.20
9.17
48.56
56.18
57.33
49.97
53.78
37.45
54.52
2.98
57.68
54.15
39.99
56.02
46.07
37.68
57.45
58.59
13.84
5.25
55.54
43.65
29.82
54.27
58.83
12.69
22.53
57.97
3.61
58.14
17.76
3.13
53.90
58.63
56.44
37.20
56.60
44.49
20.99
18.44
27.49
37.10
16.75
27.52
8.83
44.16
59.52
57.49
26.30
2.23
60.65
7.81
19.41
42.90
44.83
58.70
57.38
40.56
51.26
8.36
57.77
55.26
35.33
28.78
50.88
33.55
33.58
33.90
22.76
50.52
48.80
38.76
59.20
59.55
39.17
47.66
8.40
53.26
35.17
37.01
3.04
10.40
33.04
31.47
7.83
6.66
10.60
31.45
12.64
13.24
55.29
30.15
26.41
5.84
23.32
26.06
21.56
37.91
43.51
16.93
55.14
15.11
30.66
16.22
30.52
60.13
38.75
13.11
51.68
37.90
43.25
22.14
22.13
21.45
50.19
53.52
3.67
17.75
11.73
22.66
25.43
5.82
21.07
33.18
26.55
36.15
17.35
14.14
26.81
59.64
15.63
60.67
26.43
40.49
9.76
10.50
17.12
32.53
38.38
42.07
27.85
23.56
56.53
14.06
60.92
8.19
5.62
14.62
15.77
57.20
53.75
5.58
23.98
31.26
18.58
11.42
46.28
43.72
36.16
36.06
22.17
4.31
55.30
9.40
7.94
5.95
11.69
4.33
7.81
53.55
16.22
14.12
8.93
24.72
20.36
36.67
4.36
17.32
30.29
57.38
53.21
21.79
36.32
18.17
58.63
49.06
57.40
61.21
16.11
16.94
9.23
24.25
8.45
19.75
28.50
15.80
7.17
2.33
9.76
5.53
5.96
55.89
55.72
8.18
55.61
56.43
2.29
57.70
34.81
36.70
27.05
33.64
48.43
50.12
7.36
46.41
52.02
7.47
14.00
35.94
56.35
55.84
8.88
17.58
59.64
7.41
57.51
31.46
7.84
7.93
2.58
29.16
49.55
53.72
16.48
60.06
55.08
7.27
57.63
57.33
6.87
40.76
49.74
57.88
12.88
6.94
7.87
57.56
51.57
38.89
31.30
14.24
23.20
61.47
15.03
24.16
56.42
57.29
32.37
15.43
7.00
11.23
43.89
14.31
30.64
49.52
26.63
19.03
45.86
18.88
3.88
4.65
4.07
4.22
34.24
56.28
18.71
11.27
6.37
46.84
23.30
13.21
54.96
3.01
22.12
28.27
28.46
46.92
55.10
9.00
2.10
25.18
46.56
28.02
25.07
30.96
39.05
44.84
57.15
6.81
9.39
56.68
13.68
42.01
15.10
46.71
16.90
42.98
5.72
12.14
28.83
35.63
24.43
59.57
10.91
10.04
27.73
8.57
56.90
18.99
59.94
5.35
58.29
5.46
13.25
8.34
4.04
6.22
7.98
3.77
5.76
20.55
9.39
22.55
14.75
24.04
17.85
61.39
60.90
58.21
7.40
9.45
5.25
59.01
9.97
59.40
7.01
59.59
12.99
57.23
9.71
6.14
7.41
5.25
61.12
58.31
53.37
44.67
39.97
16.85
54.05
55.81
58.91
56.18
56.54
59.25
35.98
53.28
49.21
11.85
12.77
19.68
10.53
11.72
32.41
21.55
40.59
13.48
59.12
44.86
54.73
8.39
42.90
60.40
12.35
21.85
2.29
5.24
56.29
51.83
6.46
14.40
52.80
57.65
58.83
3.12
43.35
49.68
38.60
7.63
3.90
5.19
12.25
11.46
10.70
15.70
9.47
50.07
61.94
41.68
57.43
57.67
54.90
28.99
48.38
55.35
6.45
23.53
30.90
42.69
45.54
9.34
20.34
43.09
28.65
48.13
17.32
42.67
55.32
10.68
46.25
43.64
54.53
40.99
54.86
24.04
12.84
12.29
3.40
9.24
27.35
14.51
50.11
41.60
32.06
16.53
23.33
18.28
59.82
21.14
54.91
30.29
14.15
2.33
5.84
8.03
51.52
52.35
47.96
39.75
8.69
58.29
22.84
3.46
26.91
33.10
47.31
45.09
44.64
53.95
16.86
39.10
26.25
29.42
52.88
61.20
18.27
22.80
31.61
25.70
27.61
35.83
41.35
53.10
53.80
55.71
47.42
43.85
27.32
18.53
13.37
5.67
53.20
28.30
11.72
22.82
9.17
11.10
15.08
33.69
41.15
23.76
50.10
18.69
39.23
57.68
59.16
57.84
13.88
35.38
15.33
15.23
9.13
3.61
7.47
11.05
10.73
8.09
46.82
7.60
54.84
6.02
12.35
22.61
19.21
31.78
43.67
41.32
8.78
32.58
4.24
58.54
42.46
15.39
31.88
43.55
26.76
29.62
59.72
9.99
7.25
60.80
4.03
9.43
13.53
37.44
14.71
52.74
44.94
50.69
58.61
21.43
43.15
55.91
15.68
46.50
39.87
5.19
47.72
54.01
46.97
44.91
44.80
6.98
54.70
55.91
16.63
30.66
24.59
30.99
10.46
2.82
58.41
1.45
60.90
1.63
41.57
21.81
22.04
51.49
0.53
49.40
34.46
51.63
31.93
43.42
38.14
7.63
39.98
47.94
49.30
38.38
2.89
39.14
44.75
31.85
35.77
42.45
31.91
41.27
43.11
57.26
54.65
59.19
60.89
4.85
10.15
5.91
58.91
58.84
45.20
54.03
5.02
20.04
37.13
19.06
10.31
7.97
57.36
29.17
37.88
6.95
56.03
32.88
29.30
54.85
38.24
21.75
34.22
35.59
25.60
33.67
38.86
55.49
17.52
56.90
15.13
50.56
32.84
56.04
52.42
57.04
14.56
13.89
22.49
7.70
52.08
50.08
40.75
3.37
17.09
3.69
16.18
59.41
13.82
20.24
52.52
7.32
31.91
40.64
11.12
14.84
54.08
55.00
22.81
8.62
39.15
41.93
58.00
38.17
2.46
20.90
28.68
10.48
32.61
17.71
11.20
47.73
28.49
47.61
10.73
13.71
16.26
51.18
22.14
16.92
17.64
13.27
45.23
59.35
53.52
61.06
5.85
58.24
57.70
59.82
37.82
37.39
36.82
57.99
57.35
53.45
22.83
24.36
22.23
60.35
37.06
34.57
44.99
60.70
52.33
20.55
25.05
30.15
11.44
7.03
8.39
31.09
38.56
59.35
23.10
10.74
52.70
20.75
33.46
52.45
17.15
60.26
26.01
13.10
29.16
9.94
43.91
20.84
36.92
23.09
24.48
30.13
54.66
22.00
20.81
49.23
59.10
46.14
39.63
42.66
42.54
41.11
55.78
15.86
55.62
50.44
26.05
45.57
22.11
40.91
41.43
45.53
55.89
40.39
12.99
15.48
16.38
53.39
21.14
59.92
55.30
59.95
27.48
40.12
42.17
38.67
15.09
56.31
38.43
4.36
55.63
54.98
48.60
37.49
56.18
54.09
28.28
20.71
21.67
10.20
26.33
11.57
11.46
6.19
16.40
40.21
22.92
51.66
15.03
5.63
58.78
59.63
36.03
34.74
3.64
29.72
54.77
24.55
22.22
18.83
46.84
50.83
46.82
47.54
53.32
16.71
54.47
28.49
51.32
13.65
40.28
50.78
46.11
47.00
56.08
43.03
58.37
10.66
23.91
44.87
51.26
19.95
36.11
28.06
26.88
13.22
12.04
35.66
39.73
11.07
19.58
13.56
54.45
27.23
5.07
53.37
40.06
52.30
33.39
26.63
8.62
52.48
6.38
38.06
35.20
2.34
25.90
34.63
11.83
25.38
50.18
3.85
53.21
28.09
23.19
29.48
58.03
48.43
42.82
13.32
39.30
18.10
18.99
21.96
22.41
36.43
32.68
23.59
9.98
45.71
9.29
48.29
21.33
52.83
23.13
55.57
35.38
26.51
33.02
32.01
47.11
39.45
47.73
41.12
54.11
53.32
22.27
54.14
26.45
34.22
11.70
19.32
22.75
44.30
4.15
30.11
17.74
30.23
11.15
18.60
13.09
8.28
26.65
2.90
39.52
16.67
56.46
58.74
54.80
35.70
50.50
51.62
49.45
36.16
40.02
8.38
54.79
38.33
41.37
14.52
55.23
21.73
16.60
33.71
31.91
17.06
24.93
15.32
17.36
7.57
17.78
3.43
5.87
7.12
59.39
58.55
19.90
24.29
39.69
4.20
35.94
2.34
60.92
34.60
54.65
47.86
11.13
4.40
9.34
49.09
11.47
47.16
60.61
43.60
9.95
59.85
9.50
32.03
47.04
57.78
60.08
20.05
51.65
59.99
21.91
58.18
8.72
54.18
45.67
40.59
13.72
19.54
22.79
60.33
20.28
52.47
51.19
15.50
41.43
54.92
29.78
53.28
23.86
20.34
43.34
56.03
43.72
48.90
52.24
30.92
18.09
43.15
35.97
1.63
24.39
54.65
35.27
55.07
58.27
58.44
22.47
13.68
24.92
8.66
23.19
22.07
45.32
28.81
28.38
26.68
56.05
38.14
44.89
43.63
26.37
46.34
22.70
46.67
52.65
21.58
13.24
11.70
54.78
56.11
55.54
51.45
10.98
11.46
31.43
16.65
26.45
45.33
46.43
12.63
53.53
42.65
44.36
40.87
38.76
58.89
52.31
36.00
2.19
41.54
31.28
18.88
38.31
41.34
36.03
45.37
24.33
58.54
11.46
49.00
7.48
9.78
51.37
40.40
33.89
48.48
42.66
23.64
15.73
4.07
54.50
14.43
10.43
9.35
28.38
39.46
24.60
37.68
29.73
2.58
42.94
25.49
15.06
25.75
23.25
54.40
4.51
36.77
30.04
34.71
59.05
50.20
56.52
13.79
14.10
19.19
53.86
42.98
43.80
30.59
46.25
44.52
44.87
14.65
38.36
37.17
48.62
19.57
41.52
56.22
29.53
36.64
24.69
11.36
47.98
35.15
14.83
38.50
35.57
35.97
34.91
7.61
55.01
35.65
41.76
33.97
4.57
39.38
34.01
48.11
19.82
55.38
43.07
59.05
6.04
39.32
54.01
17.53
39.50
16.74
61.44
2.05
17.59
31.78
38.21
40.17
36.91
33.71
43.06
15.17
56.94
56.35
10.69
53.15
14.45
49.13
34.72
55.09
43.72
38.95
40.00
8.60
23.37
55.78
26.36
17.30
13.44
55.71
58.62
35.19
49.90
7.01
11.84
13.02
6.95
41.86
17.77
4.73
38.21
35.67
49.47
41.58
44.46
13.80
49.42
47.48
39.35
1.15
55.81
38.79
35.15
17.89
14.40
11.14
28.57
27.92
53.24
38.78
6.41
