16.023
28.036
11.021
12.492
16.154
25.099
10.167
13.506
25.027
25.880
27.651
23.712
27.087
22.470
26.989
50.753
25.434
50.842
32.773
49.704
32.850
53.296
32.036
51.233
18.788
39.316
22.935
50.074
44.533
39.550
13.237
44.245
20.023
29.946
33.178
23.943
49.419
42.719
49.772
18.018
31.809
16.833
9.282
26.455
16.518
30.003
44.271
29.501
49.545
52.114
44.035
37.326
49.572
49.257
48.795
58.343
54.070
38.806
42.256
44.276
30.173
41.964
43.439
58.219
52.250
53.916
57.964
50.910
53.374
47.577
35.901
47.625
49.179
42.110
45.704
49.432
37.671
48.961
39.127
57.140
51.510
28.169
51.704
45.571
49.720
23.390
51.748
23.926
19.595
35.391
52.861
44.786
45.909
56.299
27.744
44.208
46.861
45.453
54.697
29.621
42.855
32.281
31.743
56.892
38.884
30.490
23.203
28.588
24.139
46.673
11.934
15.907
36.750
52.797
16.787
16.360
43.831
37.102
48.022
21.098
34.531
24.155
36.462
25.813
54.597
47.528
30.332
32.370
31.367
34.567
37.374
53.762
43.793
10.394
37.174
23.009
52.502
48.333
23.838
27.212
30.151
47.493
20.937
51.336
18.773
44.794
35.660
44.853
45.023
49.259
21.461
17.966
20.172
34.714
56.931
46.204
24.940
22.821
16.281
28.264
20.435
20.553
39.608
33.506
22.113
17.275
27.868
45.399
49.101
52.379
27.406
28.266
28.335
34.516
9.448
30.860
56.690
27.327
16.364
39.252
53.183
37.065
46.025
23.575
48.241
31.732
17.925
33.957
22.807
42.817
30.595
33.793
36.795
27.020
32.505
26.428
35.619
39.742
21.336
26.889
33.716
24.978
44.512
42.939
16.251
35.411
59.860
12.365
33.987
20.245
33.842
31.048
20.267
20.438
52.216
41.363
25.976
24.228
4.882
6.543
60.164
28.075
24.872
41.395
10.344
58.712
30.232
23.260
59.186
44.640
12.429
44.555
46.928
39.762
22.902
47.858
45.821
50.788
25.272
57.213
45.143
38.300
52.105
56.510
50.448
54.515
22.330
19.809
32.448
36.029
31.087
55.415
28.914
21.504
22.756
18.392
13.760
23.360
26.761
26.780
9.447
38.554
22.376
39.647
32.181
21.222
60.017
53.630
15.070
2.835
14.473
22.827
48.529
19.003
38.673
37.681
40.020
42.964
39.704
22.299
17.202
25.119
52.648
50.964
47.486
45.830
56.880
45.170
18.817
47.042
48.883
45.817
40.953
52.164
32.949
23.077
17.052
60.127
54.702
31.360
39.153
28.550
37.000
52.085
55.865
20.742
55.115
40.485
33.112
27.982
45.812
46.942
39.844
26.223
40.810
48.542
28.991
4.695
38.437
16.597
36.582
42.160
42.786
27.650
21.793
39.373
24.516
28.322
57.553
52.662
20.730
29.606
30.056
44.163
34.876
25.463
45.971
38.815
38.805
28.527
34.297
10.885
24.517
37.838
43.503
41.765
16.301
10.654
28.771
59.455
36.465
35.151
59.168
58.607
22.831
27.432
45.355
60.308
44.669
39.518
56.416
57.367
38.921
55.347
44.000
45.335
54.950
20.309
19.454
21.066
60.686
38.850
56.393
24.121
23.307
3.526
33.849
22.816
38.542
28.753
41.290
51.221
54.460
47.168
22.195
52.445
39.964
51.800
32.692
27.123
38.125
24.311
19.618
14.102
18.595
39.451
37.382
32.990
28.774
44.594
29.724
49.994
41.323
45.067
53.750
11.777
9.962
38.863
27.305
33.064
20.203
23.759
57.788
27.586
49.877
50.964
53.479
28.818
39.385
31.622
43.364
51.053
30.994
31.653
59.226
26.024
16.959
49.072
26.790
8.521
21.622
26.003
51.537
27.673
19.286
22.854
49.460
23.628
20.782
15.899
25.358
43.062
28.350
26.442
24.200
28.126
27.380
13.073
26.726
21.904
23.285
29.624
50.858
21.564
50.775
27.496
42.870
16.484
20.829
25.014
46.400
58.754
43.328
21.705
52.729
51.938
54.086
47.668
43.329
59.562
60.777
21.466
57.321
39.716
25.556
52.423
34.751
28.843
27.511
54.637
29.652
57.691
35.304
28.863
18.184
12.610
27.633
58.368
45.002
44.438
25.916
39.083
34.098
30.843
40.127
50.749
41.052
54.420
27.898
50.017
24.261
27.143
39.783
33.368
23.108
32.424
33.921
21.874
24.896
31.605
27.384
46.140
44.828
17.184
34.393
56.791
14.501
30.545
18.082
25.726
35.419
26.263
22.760
58.003
43.755
23.437
31.908
18.382
14.343
59.975
10.207
17.184
43.335
28.622
61.980
12.594
6.731
59.025
50.955
8.005
45.516
46.487
37.547
37.982
50.690
45.990
49.467
25.496
52.460
28.842
21.152
45.694
59.038
48.235
47.318
19.756
17.051
43.192
35.289
35.047
46.920
24.545
13.130
9.147
24.653
22.943
20.134
19.654
18.556
25.039
37.185
19.960
23.788
21.482
26.233
59.497
32.094
57.359
7.984
35.381
17.519
38.404
57.148
59.691
18.793
59.607
12.426
11.371
25.894
51.952
46.900
48.315
26.787
18.671
29.594
50.563
29.082
41.777
19.826
53.329
40.570
18.883
46.690
9.711
50.032
13.579
16.691
57.046
52.394
20.005
17.194
22.953
34.624
23.041
22.106
40.943
17.522
13.828
16.766
56.210
25.991
18.874
33.885
14.740
38.406
25.744
29.532
32.845
56.317
7.803
6.010
59.358
58.717
8.369
18.052
39.445
29.191
17.523
49.902
20.466
43.920
43.495
51.241
53.178
49.989
53.276
42.607
50.435
47.009
50.833
51.621
51.571
58.511
17.837
53.627
52.349
21.848
55.613
49.975
52.889
25.731
53.010
41.526
13.328
49.996
48.435
10.653
45.890
48.100
50.659
30.645
36.101
34.818
8.257
32.708
13.471
34.402
35.268
37.177
42.948
38.373
39.202
12.327
10.637
31.216
34.929
37.852
35.457
20.097
29.229
53.438
40.756
38.799
41.517
33.620
49.300
54.621
55.345
28.649
45.485
59.456
42.034
40.249
56.190
58.276
40.988
57.335
46.591
47.090
53.777
22.132
21.536
22.992
58.568
40.915
55.115
27.446
26.025
6.904
35.398
23.502
40.831
29.455
42.898
47.908
56.529
49.367
22.988
54.115
41.601
51.712
33.931
27.502
40.245
25.685
20.257
17.165
19.675
38.800
37.148
32.583
29.586
47.078
31.325
46.790
41.544
44.761
55.353
11.002
11.671
40.659
27.347
34.938
22.408
26.664
58.863
29.077
49.569
54.374
51.151
28.307
39.985
34.381
45.585
48.394
27.585
33.503
56.999
27.059
19.557
51.245
11.404
53.829
8.968
13.455
17.164
56.303
10.928
30.842
15.921
10.642
48.565
49.066
27.940
15.609
19.322
47.362
31.016
23.118
21.161
24.740
10.285
13.253
43.160
8.970
17.911
50.227
58.697
45.296
17.824
47.677
51.736
56.421
49.865
42.581
55.588
60.031
17.688
48.424
43.949
19.771
55.018
28.286
58.781
23.593
20.755
51.652
15.355
21.626
34.900
31.228
28.642
39.763
45.213
31.868
41.633
51.297
34.263
35.903
39.396
45.825
48.922
32.705
49.745
43.525
48.363
52.463
41.817
50.756
47.422
35.189
34.449
39.314
37.754
36.658
40.398
36.238
50.406
24.660
35.400
36.078
36.911
34.410
44.557
32.778
47.134
38.338
59.206
34.719
57.936
40.084
44.876
37.650
49.276
29.680
39.336
37.106
38.036
37.964
45.079
53.613
57.142
46.906
52.033
46.263
46.773
47.283
59.506
51.135
58.168
48.948
19.749
53.948
55.171
52.525
34.181
36.341
54.167
52.610
50.388
48.720
49.609
49.399
24.148
43.547
52.015
53.613
49.104
49.413
25.254
48.343
57.344
46.633
44.106
48.841
50.141
14.625
35.774
48.497
34.126
20.935
36.283
39.894
26.155
12.222
47.348
34.882
29.373
51.136
24.524
54.917
43.511
26.868
60.481
28.532
47.278
18.960
19.810
17.676
45.702
22.370
36.979
46.822
46.292
41.779
16.346
40.498
41.966
39.634
26.911
21.881
32.380
27.864
49.866
49.989
32.768
40.124
29.320
28.212
18.710
17.875
35.670
21.532
32.659
17.236
24.335
52.053
23.478
15.584
46.642
17.324
12.951
38.078
36.650
16.718
21.646
26.097
49.741
12.147
22.431
20.498
43.188
18.603
40.808
28.930
21.846
23.611
18.719
58.722
39.665
23.384
55.727
48.311
49.974
41.054
55.611
57.456
22.752
55.797
39.984
27.378
37.011
21.766
21.266
18.856
20.421
39.885
28.356
25.183
20.801
18.574
15.016
44.972
30.359
48.596
21.206
41.335
26.381
43.436
27.663
45.142
40.296
56.457
39.682
18.966
42.108
20.308
37.445
29.145
24.078
50.296
47.955
48.768
53.789
46.833
36.414
30.933
39.594
17.472
56.415
57.299
19.905
49.270
45.056
42.387
22.345
52.300
32.869
36.078
16.978
7.782
34.726
57.841
56.801
32.013
37.905
28.685
36.021
53.812
57.820
20.322
57.112
40.992
33.347
27.850
44.241
46.730
39.751
26.829
42.564
45.848
29.387
6.869
36.411
16.300
37.875
43.992
44.705
29.483
22.531
37.692
26.549
30.494
59.394
51.135
23.154
31.730
32.548
42.819
37.301
27.898
44.238
40.841
40.572
30.726
34.892
11.960
26.863
38.858
45.004
42.928
16.590
12.288
27.120
59.675
37.108
35.882
59.376
60.058
23.801
55.990
30.809
48.219
51.242
50.269
61.694
25.654
30.814
43.383
30.202
49.157
51.034
52.156
44.091
48.924
36.690
48.544
41.104
59.327
23.317
27.764
45.074
39.697
11.254
45.630
48.261
13.211
37.437
55.086
33.425
36.561
31.311
43.669
27.060
38.659
33.279
35.688
35.925
25.386
32.213
43.842
43.807
31.743
16.965
34.266
28.253
28.563
50.219
25.336
24.895
17.935
54.159
35.073
49.119
47.839
34.459
33.993
38.898
47.946
41.965
43.256
60.152
41.999
40.962
45.861
53.913
40.884
58.881
47.555
18.976
52.589
50.972
29.585
54.989
48.684
50.094
50.717
44.886
50.551
47.435
47.674
24.229
49.986
54.997
44.486
42.418
50.314
48.379
12.743
36.820
46.581
36.530
21.926
37.749
39.938
28.203
13.463
45.512
36.971
28.456
49.129
38.397
42.851
43.620
20.001
38.116
37.050
45.337
59.366
43.402
41.516
49.105
20.516
40.147
29.152
53.549
56.420
52.455
27.812
48.003
20.457
57.195
47.488
47.655
19.162
56.257
57.224
53.920
53.707
55.995
47.210
53.690
58.276
44.477
20.339
23.732
49.808
49.374
53.327
27.043
48.608
49.774
41.248
47.368
48.968
59.330
55.689
29.986
52.544
45.525
50.299
47.571
46.985
41.298
30.259
41.701
42.762
22.587
30.105
29.150
50.128
21.643
19.322
10.901
25.339
20.144
3.053
51.610
30.350
37.634
46.624
35.343
25.996
10.200
14.753
14.025
8.139
52.393
15.511
13.075
52.522
3.579
52.471
5.682
57.347
11.016
21.207
37.042
35.880
53.862
55.261
54.114
10.434
56.666
47.788
56.805
12.187
8.040
54.112
52.621
44.825
43.594
25.188
56.217
19.121
9.824
57.027
57.244
33.465
47.527
38.405
41.573
58.185
51.649
54.609
44.087
29.146
20.354
31.885
53.781
50.303
25.247
53.528
54.653
54.264
11.609
7.378
45.989
42.808
27.161
54.221
16.316
8.639
13.711
14.054
13.485
14.812
23.871
17.019
45.455
20.948
28.645
30.052
15.396
53.719
24.080
31.478
40.024
30.349
45.488
48.368
59.826
29.378
51.733
51.129
37.713
43.213
57.637
48.541
45.972
50.532
42.982
50.573
34.706
43.053
44.273
46.113
51.503
51.622
50.626
47.646
45.339
43.882
35.611
45.408
52.522
22.935
54.864
31.069
48.333
24.688
30.075
49.357
35.992
47.994
55.197
32.811
48.842
43.054
43.830
42.056
45.439
38.340
34.900
53.738
47.239
47.238
33.842
33.306
45.634
49.959
45.594
27.810
32.497
49.708
51.882
44.357
35.527
44.888
54.226
14.790
34.044
17.007
34.724
56.214
56.628
12.795
55.817
23.488
17.630
21.988
53.967
48.545
50.126
21.455
25.842
38.322
45.053
16.323
47.854
10.947
44.666
49.124
26.922
38.389
5.362
43.448
10.864
15.807
60.856
53.768
13.069
17.000
20.803
36.360
23.804
17.738
41.091
23.686
22.405
16.222
46.892
14.320
14.744
32.625
26.099
41.869
16.843
18.146
27.630
58.171
19.239
17.731
59.243
58.537
5.372
37.645
46.781
50.652
34.202
52.347
55.814
35.050
30.974
40.327
42.825
15.178
52.241
37.999
34.951
28.355
29.171
37.565
40.175
46.686
25.081
46.674
43.113
54.645
35.797
30.763
47.451
42.145
43.320
58.179
41.745
42.173
45.444
53.235
43.621
58.132
47.169
17.548
51.797
50.364
29.244
55.621
47.877
51.505
51.824
47.208
50.038
46.669
46.823
22.459
51.684
52.210
43.039
41.614
51.751
47.429
10.434
38.000
45.484
39.267
23.032
38.769
40.526
30.135
14.606
44.531
38.866
26.756
47.874
38.341
59.518
53.479
53.898
56.644
31.493
36.161
22.866
46.887
48.776
28.133
54.771
41.805
44.327
55.839
57.052
55.778
28.001
57.627
44.622
17.142
46.997
41.839
41.996
36.268
50.193
44.691
57.998
54.584
55.456
54.181
56.284
51.957
46.621
58.728
52.291
57.749
43.957
51.368
54.149
45.609
27.757
52.320
51.666
50.288
47.815
49.873
55.479
51.917
40.201
36.768
43.984
46.537
33.135
46.416
48.103
49.084
40.776
37.973
43.795
50.177
57.873
48.806
53.946
58.167
38.383
52.702
49.366
47.348
18.029
54.107
42.769
46.039
59.345
51.311
43.784
44.851
54.863
46.532
53.739
58.034
47.541
45.836
34.270
51.341
31.436
43.339
45.758
55.528
45.362
38.998
56.972
41.194
47.296
49.885
45.035
46.177
57.594
44.470
41.251
48.131
55.666
44.161
60.217
49.869
14.646
54.296
52.978
26.637
54.592
50.392
51.142
51.330
49.622
52.670
49.139
49.291
19.649
51.410
51.099
45.121
44.089
51.193
49.859
8.843
38.148
47.814
40.103
22.897
37.199
41.862
29.619
13.531
46.932
38.151
23.937
50.041
36.122
19.289
45.050
46.269
42.573
25.759
27.008
19.414
33.119
21.844
38.151
42.240
16.098
13.742
32.255
37.953
39.854
46.854
22.971
55.555
23.056
15.798
36.224
19.362
23.880
49.363
50.701
18.933
22.985
12.731
21.957
14.727
17.733
43.354
52.146
34.516
20.393
21.171
24.517
49.803
38.372
29.290
38.393
38.000
47.643
49.188
48.899
23.490
42.413
48.987
44.017
21.056
20.665
50.293
52.895
38.105
35.683
43.699
48.702
7.525
24.838
56.836
45.571
52.777
39.382
36.211
41.889
41.863
52.911
42.995
57.735
39.914
43.946
24.867
55.406
31.472
45.505
24.811
37.471
33.576
43.496
40.511
54.090
52.874
43.786
43.970
51.867
51.865
38.803
53.015
57.485
35.347
51.870
15.657
16.036
14.510
27.317
9.663
24.836
9.707
17.034
53.018
20.753
11.356
52.692
13.166
13.565
49.766
29.446
11.123
20.710
24.837
49.365
17.243
8.963
8.117
55.497
16.878
49.095
9.665
13.385
17.793
11.947
42.688
57.487
7.550
55.559
53.572
57.453
50.618
58.686
51.288
5.968
52.847
59.324
11.343
42.503
12.197
31.739
11.681
51.669
17.783
54.083
3.650
19.168
25.261
25.547
56.578
34.650
24.933
13.308
17.959
27.918
47.930
27.773
53.444
21.190
8.892
20.756
14.573
22.674
51.546
48.754
51.436
21.225
47.956
43.584
50.472
45.987
18.395
18.054
51.902
38.162
37.870
41.122
49.585
22.478
48.362
49.321
27.471
18.664
18.998
46.650
25.221
17.807
23.969
21.560
19.060
55.123
44.684
29.194
21.110
23.830
28.738
32.090
47.106
15.713
25.244
21.729
51.658
44.193
27.659
28.278
55.917
37.919
20.400
31.113
34.639
26.938
43.006
43.077
44.607
44.377
26.524
41.730
47.261
43.148
24.796
23.770
45.881
48.604
34.741
31.096
44.187
47.994
11.897
27.631
57.066
41.028
54.288
44.364
43.858
44.297
27.305
21.905
38.033
17.511
34.124
41.792
16.348
30.316
43.225
9.331
45.041
8.567
12.268
49.539
38.346
15.015
10.397
16.552
54.427
25.530
46.908
41.387
43.880
14.430
24.619
56.488
16.546
29.202
23.695
49.382
20.428
19.297
32.556
50.841
42.534
48.907
51.732
35.127
42.027
31.742
50.929
51.279
44.319
17.386
18.586
58.796
44.811
38.575
41.446
49.879
51.104
40.438
46.290
46.308
43.171
39.537
47.459
45.493
34.688
43.864
36.670
36.315
52.665
25.496
33.961
54.865
50.723
40.782
23.432
22.210
19.783
21.468
38.903
28.852
24.398
20.085
15.325
44.957
31.686
22.353
39.439
27.590
44.358
29.099
43.264
41.537
39.425
19.921
36.021
29.458
25.262
49.334
37.627
46.624
31.057
19.008
47.827
47.979
26.719
45.712
42.156
46.488
42.515
24.692
24.419
49.856
50.210
34.419
40.106
34.715
37.449
19.045
47.600
48.774
9.804
28.191
53.060
43.524
54.244
33.177
38.565
35.397
24.189
40.227
32.712
49.486
32.316
38.278
32.687
47.481
39.907
50.895
33.186
28.245
34.042
34.298
38.323
32.168
48.138
43.002
33.415
33.728
27.537
19.749
34.171
37.252
40.694
43.396
41.954
34.026
40.395
38.209
45.008
32.313
30.626
42.131
52.781
22.260
30.121
41.957
44.900
25.290
34.306
51.605
40.518
50.541
24.972
19.726
23.571
44.842
26.966
19.035
29.400
21.646
23.897
58.455
37.941
36.966
17.980
25.875
22.467
30.435
44.980
16.941
31.406
17.805
50.128
43.890
24.502
34.505
52.071
41.773
22.804
25.669
30.711
43.199
40.038
47.722
25.713
39.027
24.353
15.760
35.586
19.668
49.555
25.584
27.662
16.988
24.922
32.559
18.949
31.434
16.740
31.399
16.856
47.180
57.305
47.198
48.556
42.018
49.481
39.420
42.843
35.208
39.263
38.820
56.722
48.227
38.581
41.047
30.481
35.858
41.781
35.724
18.666
55.618
43.527
44.794
18.717
35.093
14.144
44.264
45.398
56.477
18.230
32.068
15.446
45.898
19.278
48.532
9.441
21.063
21.635
25.019
51.175
38.159
29.530
16.302
18.805
30.449
51.838
22.806
47.562
23.439
14.092
21.436
16.659
25.512
46.021
45.161
48.130
27.051
53.694
38.741
49.844
40.521
24.356
24.092
49.340
35.691
34.361
46.277
44.993
28.368
43.409
55.307
50.847
50.802
58.610
24.539
57.519
20.250
57.678
58.469
51.465
54.842
17.314
42.908
40.535
55.720
56.182
57.807
18.998
49.743
48.750
55.588
54.531
55.659
53.619
49.777
24.978
23.874
22.853
49.857
17.025
28.071
41.838
30.874
51.614
50.575
28.227
52.999
32.198
23.725
21.599
47.593
31.998
15.769
6.198
9.367
60.108
30.957
26.560
40.996
9.268
59.078
33.112
26.117
59.181
44.621
15.138
44.185
48.435
37.685
20.953
45.725
47.293
52.369
26.060
55.706
47.878
40.561
50.633
57.333
50.628
55.113
23.296
20.999
32.564
37.820
31.176
55.343
23.278
24.967
28.775
44.694
23.787
26.238
34.801
21.029
17.718
60.794
26.142
18.381
19.557
47.039
25.242
17.217
24.766
20.370
19.657
57.216
43.477
30.614
19.608
23.714
26.534
30.951
47.291
14.734
26.342
20.128
52.094
43.341
25.979
30.266
55.874
37.760
20.468
29.231
33.936
27.578
41.912
42.192
43.883
43.454
26.519
41.827
45.503
43.746
24.879
23.592
44.747
48.620
32.736
30.259
42.734
47.893
13.201
27.463
59.009
40.666
52.789
45.570
40.176
45.984
39.941
45.955
56.407
60.305
45.949
29.703
40.070
45.684
42.808
37.455
10.367
35.178
43.551
29.973
29.176
28.473
28.570
14.583
54.731
4.278
4.488
24.328
24.388
23.369
42.068
28.613
29.761
32.493
44.828
40.809
23.233
25.622
34.146
19.693
38.065
25.535
40.857
41.359
34.914
34.316
40.376
48.263
56.438
52.571
51.860
52.165
51.545
45.909
55.465
53.581
56.155
56.784
55.553
9.159
55.395
52.606
18.359
56.276
53.897
55.729
42.547
56.528
59.843
53.449
52.938
53.502
6.880
39.434
37.995
58.428
35.354
4.436
51.284
6.737
59.899
60.312
39.317
43.373
43.166
42.129
7.505
56.509
45.780
29.861
29.771
50.229
56.024
55.538
10.075
60.193
7.407
58.931
60.428
51.908
58.381
6.386
42.577
45.447
59.088
58.453
51.677
38.421
51.638
28.288
57.773
56.462
56.951
57.523
52.216
10.018
40.305
39.576
43.470
24.476
19.576
56.974
16.539
47.274
45.376
43.556
50.536
45.174
28.238
17.656
41.471
46.763
17.336
32.854
32.691
25.664
41.036
31.393
37.198
30.885
30.772
26.725
35.325
33.930
23.337
35.612
31.733
33.183
23.394
50.236
29.351
51.185
34.342
32.996
34.923
34.273
39.949
30.606
31.003
32.416
35.691
35.653
30.655
41.966
30.544
38.354
34.971
34.131
41.918
25.464
40.750
28.337
35.530
38.021
36.008
43.801
36.769
57.183
38.631
44.325
38.941
35.038
35.804
18.775
24.270
41.575
33.713
26.831
43.549
49.351
54.025
27.635
36.322
38.540
50.070
34.941
30.431
39.712
42.751
46.124
47.433
45.707
57.006
57.917
26.001
35.527
44.459
47.157
31.668
47.252
41.720
29.324
37.352
24.803
39.719
20.714
12.986
32.004
19.025
22.170
44.243
44.916
22.915
28.385
20.398
22.134
17.534
23.885
40.775
51.816
30.341
24.239
20.062
23.314
46.557
38.072
38.172
34.879
33.651
42.737
44.014
37.287
37.253
45.426
13.956
16.560
36.817
51.163
21.488
44.377
23.878
10.938
29.497
16.225
24.819
51.175
50.694
39.745
54.738
52.578
54.068
54.181
57.993
57.267
36.554
54.957
58.706
37.049
49.908
51.918
55.109
53.171
50.762
60.275
38.188
50.583
59.159
46.989
58.315
47.477
58.555
36.733
50.738
44.511
27.939
30.227
31.396
30.133
28.507
51.512
28.067
31.664
36.777
49.778
53.103
25.561
30.714
40.683
38.852
55.225
26.002
52.984
52.045
15.350
46.761
48.758
38.004
44.527
51.979
51.631
48.226
53.912
47.091
57.240
47.656
54.166
28.534
24.654
44.725
20.385
32.523
51.091
43.400
33.131
43.264
54.098
52.923
32.431
43.290
44.776
54.880
33.374
34.690
41.006
45.191
47.630
48.563
48.159
59.207
59.596
36.322
44.180
48.611
45.085
39.473
52.421
52.893
40.434
48.160
35.530
44.757
51.790
56.689
58.401
17.075
55.035
12.928
57.239
55.920
53.497
55.554
10.435
42.201
43.229
53.951
53.590
56.681
24.600
52.641
41.832
52.810
53.694
52.695
51.584
46.962
18.857
29.815
28.554
48.524
20.014
22.900
46.636
24.994
50.978
49.758
32.949
49.691
37.278
24.670
17.328
46.275
38.956
15.674
29.565
19.477
25.399
33.261
24.628
51.868
37.260
33.888
24.480
29.127
27.100
17.585
27.411
27.390
31.063
50.388
21.943
50.832
25.515
45.450
16.890
46.889
13.477
51.831
34.780
45.465
21.249
46.792
45.114
52.553
27.345
44.042
23.923
12.685
39.447
17.403
49.480
24.823
25.849
18.147
27.634
33.690
21.015
30.981
16.546
35.638
21.712
46.792
23.303
53.619
51.677
16.339
43.830
55.170
13.654
50.110
53.986
21.074
46.997
21.670
44.262
41.146
43.426
21.210
29.672
41.136
56.154
26.098
35.771
21.577
56.584
25.811
46.446
26.904
33.770
44.880
36.426
40.939
32.178
41.570
46.986
20.695
54.896
42.059
57.901
40.880
38.219
29.504
41.025
34.225
46.139
54.911
23.564
31.301
25.415
20.739
54.231
39.438
26.736
28.184
35.700
27.554
42.962
24.919
36.241
33.719
43.591
19.393
17.294
43.447
21.059
48.372
32.215
40.779
23.322
43.274
37.888
45.203
23.918
36.943
24.108
18.913
34.385
20.726
48.515
26.465
30.345
14.351
25.451
29.457
15.643
29.464
15.316
29.947
21.447
9.798
54.519
8.030
57.177
9.496
9.951
16.944
14.870
59.677
34.476
33.022
6.405
7.788
22.037
51.356
21.217
51.163
12.338
9.206
10.592
52.569
40.525
49.546
50.545
47.793
45.081
55.004
4.988
11.542
47.258
49.957
13.674
52.393
17.395
5.874
23.227
8.616
32.207
58.753
59.971
47.383
58.712
58.328
42.675
46.326
51.233
42.296
52.380
55.770
53.875
45.654
42.587
18.813
58.586
41.951
50.277
47.959
27.581
45.575
45.153
38.666
36.815
32.524
31.715
34.215
21.540
13.803
53.786
56.212
35.973
45.547
50.873
24.371
48.075
55.674
39.642
50.763
36.731
50.929
43.785
52.972
44.962
51.362
33.739
29.974
43.100
18.890
31.140
48.675
41.124
31.927
39.287
53.138
49.975
30.491
40.211
41.778
55.807
29.932
36.435
36.298
40.563
42.262
43.284
44.998
57.312
56.617
33.949
41.276
43.784
47.840
37.755
51.780
50.457
37.354
46.759
33.460
39.802
29.414
24.250
25.574
22.257
26.075
44.228
30.034
29.804
19.161
21.423
19.722
24.510
25.555
30.145
26.388
49.252
23.643
49.124
27.920
48.023
27.406
49.485
25.611
47.455
36.178
30.510
25.938
33.787
21.565
24.159
24.739
35.268
37.328
22.944
16.568
43.592
35.292
24.704
49.721
42.423
55.006
45.302
50.495
36.892
33.353
42.673
25.388
31.538
48.066
40.215
34.414
44.493
44.494
54.247
34.951
43.139
45.385
46.512
38.217
36.865
42.509
46.425
45.325
46.896
44.322
56.257
51.791
32.166
42.247
42.887
41.383
38.983
42.170
46.257
34.280
40.648
30.438
43.830
59.165
43.234
44.485
54.410
41.619
45.728
53.366
61.407
58.252
39.637
26.772
24.521
50.886
56.489
44.548
25.382
58.515
52.775
55.507
47.193
56.855
50.848
33.082
43.353
43.869
37.417
42.872
33.811
51.627
46.963
38.947
46.555
44.314
44.140
49.855
52.865
36.736
47.342
39.244
42.144
35.231
55.758
36.133
42.481
39.878
35.860
33.922
13.725
22.030
39.634
32.012
23.428
39.207
53.466
51.073
23.164
32.491
34.427
30.480
29.328
35.816
44.890
43.401
13.302
39.491
22.382
27.111
23.736
26.432
25.947
58.406
18.348
43.255
40.160
41.129
31.408
35.141
31.015
29.721
53.722
37.619
38.674
40.253
40.564
44.936
36.259
39.666
35.044
41.825
48.063
48.366
45.063
53.347
19.771
47.710
37.481
49.652
34.143
43.750
31.019
26.486
49.132
39.704
42.372
37.909
34.364
35.409
14.879
42.593
39.068
28.702
33.121
59.022
40.989
21.638
32.863
16.769
28.640
43.018
44.969
49.547
36.888
55.758
57.942
34.250
55.108
26.878
41.265
17.824
60.725
54.711
23.229
50.856
57.576
13.763
57.660
49.756
22.233
52.983
16.333
50.189
48.846
51.588
17.197
34.307
47.378
59.480
19.742
34.288
12.900
57.847
19.214
50.655
25.595
27.162
48.684
33.295
46.977
29.644
47.597
47.679
17.636
59.011
46.853
51.005
41.237
40.261
29.465
27.904
45.259
37.622
47.819
19.342
39.300
60.127
18.953
39.798
31.910
42.057
60.282
52.287
53.224
20.671
52.573
20.604
36.185
55.576
60.206
19.273
47.349
17.362
51.374
44.075
49.006
51.147
19.032
40.854
32.721
42.024
21.102
29.380
34.942
26.344
16.932
17.993
33.335
55.707
44.400
32.974
34.341
27.591
39.007
24.853
31.793
25.004
38.689
26.472
27.836
31.436
29.908
36.603
34.387
29.206
49.331
24.126
29.750
31.365
33.428
44.166
22.008
25.727
46.868
33.947
28.585
24.050
47.766
21.907
58.614
26.872
37.454
17.211
24.978
37.538
16.634
54.449
30.901
44.418
38.215
31.711
29.801
21.954
38.570
37.838
39.797
31.956
25.378
41.810
31.204
42.700
58.620
55.255
51.005
30.778
56.122
48.006
44.727
43.498
42.770
43.753
36.872
45.466
17.551
36.760
29.330
44.396
19.356
55.878
19.732
35.599
19.777
58.904
56.151
13.171
43.587
49.708
51.328
40.143
40.273
28.944
50.117
18.920
45.148
15.169
53.415
18.702
26.127
42.395
50.878
34.725
24.527
15.540
16.609
20.762
52.732
31.337
55.875
11.334
48.338
31.328
30.650
59.903
29.916
24.766
40.875
24.419
31.434
23.223
42.494
28.847
26.771
33.208
24.352
17.230
20.732
28.035
19.652
45.882
31.329
28.054
20.439
24.753
23.351
14.663
23.564
23.188
26.709
53.917
18.491
53.796
23.467
46.523
17.323
48.484
14.716
53.161
30.110
41.686
17.649
45.359
43.821
48.093
21.469
42.928
19.299
12.803
35.454
14.621
50.794
28.781
31.437
15.429
25.059
29.290
15.894
28.952
12.626
31.702
44.406
40.946
20.899
44.066
43.428
34.599
38.683
32.585
16.234
39.685
43.994
45.311
34.908
33.144
18.244
41.358
43.421
32.926
38.656
34.161
34.990
48.302
13.968
35.064
39.501
60.693
45.334
39.169
48.625
25.398
51.427
35.086
10.489
28.502
31.559
35.825
30.171
30.827
29.214
32.608
26.380
31.351
38.457
56.461
39.957
33.791
31.660
28.110
27.387
37.269
23.500
31.595
31.221
12.550
27.562
50.766
42.894
46.038
35.908
30.733
49.793
34.182
42.870
40.291
47.849
38.753
25.841
53.737
48.518
43.134
27.014
53.017
12.716
13.138
49.444
26.749
52.808
53.352
10.433
9.106
27.532
25.826
60.967
29.655
56.337
22.764
23.139
13.271
31.425
43.895
29.350
29.630
29.467
54.612
45.649
23.279
25.724
32.562
45.402
26.067
26.070
44.409
24.780
36.737
38.014
52.156
22.760
19.685
18.427
25.886
26.049
32.680
42.203
51.652
19.306
46.648
17.031
55.735
40.362
54.823
28.981
24.973
40.100
34.525
60.641
57.138
50.084
18.649
16.176
14.414
40.387
6.998
28.837
54.579
29.172
27.777
19.330
38.230
24.192
45.351
41.210
46.568
22.954
33.835
12.612
6.737
22.883
26.832
12.392
20.248
30.444
31.263
32.548
29.408
33.524
29.407
33.361
43.701
31.666
43.810
38.837
44.218
37.861
47.864
36.473
50.802
23.453
29.273
57.161
27.630
39.967
35.019
12.120
48.135
31.718
8.324
21.432
54.117
56.562
61.097
51.670
52.316
55.924
19.922
53.541
49.758
53.879
15.964
47.331
58.103
34.050
23.334
32.021
16.950
52.900
47.396
46.266
38.318
44.916
52.700
24.194
48.753
22.202
25.498
19.050
23.353
49.705
8.913
16.529
58.528
20.786
30.241
11.802
40.347
59.829
11.287
18.270
10.935
12.310
9.930
55.147
39.849
49.967
37.556
15.165
16.518
9.789
40.026
14.279
26.885
47.415
51.436
19.657
19.240
18.827
45.230
23.850
19.955
51.221
48.375
35.579
55.213
52.202
41.274
30.094
45.834
37.431
48.356
32.778
39.916
40.403
26.576
19.076
34.257
29.064
52.428
56.402
45.543
51.221
52.158
47.301
49.544
33.317
14.827
18.587
15.293
19.746
12.127
33.149
19.256
15.738
16.245
18.457
19.410
15.638
18.800
17.306
19.821
55.299
16.353
55.295
23.438
52.168
23.651
55.044
22.974
51.607
22.165
15.391
47.790
17.350
41.594
29.765
14.892
4.128
9.764
51.885
28.181
17.764
33.400
18.120
53.164
30.285
23.082
50.733
41.904
11.893
38.109
54.369
34.762
25.853
46.414
53.165
53.179
27.456
54.319
43.815
35.727
46.553
56.016
57.618
58.822
17.728
14.240
40.229
41.738
23.726
56.838
17.947
19.036
29.675
41.680
25.039
30.532
33.279
15.376
14.484
52.670
57.068
53.609
29.983
51.504
54.780
51.129
50.617
30.000
51.302
52.410
28.623
38.741
55.924
54.638
9.474
41.666
58.386
10.857
9.965
6.686
44.268
15.839
57.605
36.141
30.434
23.241
42.533
41.414
49.159
52.665
31.685
25.841
48.465
44.849
48.268
50.187
43.544
41.617
45.746
33.503
45.722
57.001
54.986
23.846
19.709
32.855
39.106
49.776
52.835
31.431
36.324
42.934
40.864
43.322
50.101
31.093
41.204
19.158
52.944
52.361
54.043
44.588
15.572
40.806
19.509
20.183
15.802
18.431
17.429
54.923
45.797
45.428
28.334
35.436
39.068
28.762
33.358
51.688
41.503
16.236
14.036
49.916
45.683
49.981
40.919
26.876
35.865
55.546
51.283
50.323
50.822
28.814
36.084
46.430
46.097
24.074
40.376
58.522
30.974
42.009
46.185
43.060
36.408
45.894
45.959
38.849
31.851
39.030
35.296
51.867
51.158
45.176
45.772
43.569
23.757
42.123
35.790
38.165
34.480
41.001
29.217
41.983
47.840
28.481
37.333
42.806
44.860
50.105
28.241
41.021
38.736
39.109
37.216
46.354
32.002
47.022
46.184
46.506
47.449
47.895
30.557
21.902
43.277
44.761
42.670
49.882
7.987
46.576
53.363
48.213
53.542
42.715
34.514
47.133
36.513
31.209
52.359
39.395
20.584
40.557
47.665
48.822
15.245
52.068
42.090
25.178
40.447
51.981
40.061
55.351
26.601
31.677
35.140
30.365
40.800
39.031
28.758
27.723
27.302
45.346
11.746
48.449
27.013
27.572
52.720
58.552
48.619
50.214
38.873
30.371
46.248
46.111
34.283
48.999
44.195
52.923
49.893
47.784
48.400
46.611
28.226
23.824
37.095
49.793
43.194
48.505
46.297
38.732
56.337
52.463
35.353
26.177
58.037
16.426
17.107
20.643
55.830
55.426
50.589
31.220
32.265
10.399
54.051
60.380
50.858
56.429
54.101
54.486
58.913
55.706
34.682
58.306
57.325
26.548
50.789
42.460
44.915
42.090
41.048
58.638
55.662
45.349
36.602
26.891
37.375
43.881
33.324
20.336
58.889
44.109
44.694
22.753
57.492
60.361
52.005
53.441
46.916
12.213
49.457
49.948
51.259
59.846
55.660
43.744
29.310
18.859
25.498
41.541
23.729
14.185
52.847
37.267
38.099
11.296
54.993
36.148
8.313
45.432
59.385
42.288
55.740
24.147
24.122
20.658
30.379
26.196
41.334
39.557
38.027
45.991
43.405
30.519
33.395
45.605
55.299
48.750
26.338
46.160
34.831
36.842
57.474
29.652
33.939
56.912
44.313
29.225
39.413
20.032
41.552
33.897
45.720
23.289
40.284
31.483
47.268
24.300
25.483
32.023
24.888
57.001
56.157
18.902
41.359
47.887
45.261
37.938
40.528
33.689
43.975
24.531
46.425
20.601
53.317
61.232
23.090
31.004
45.335
48.817
30.833
30.065
21.032
22.489
20.916
47.026
35.630
53.250
17.292
35.091
35.340
61.047
32.251
28.588
44.020
29.903
35.655
28.084
39.402
31.614
52.089
57.437
44.780
24.558
46.083
34.177
54.332
31.815
32.317
36.797
24.781
39.917
38.959
20.984
46.314
43.037
52.787
33.150
38.562
29.711
29.987
31.447
45.080
51.961
49.215
34.481
44.603
48.187
55.101
33.168
31.631
30.163
18.571
31.785
50.350
45.589
46.130
45.767
44.795
57.280
57.306
47.389
35.457
24.804
36.798
44.504
32.968
15.739
55.611
44.485
46.002
21.376
54.493
59.893
52.085
58.387
44.340
8.160
51.826
49.548
48.374
19.966
55.436
57.314
60.020
53.346
14.345
43.350
21.716
23.725
20.264
18.207
20.585
44.612
52.835
50.782
25.322
32.893
43.862
22.061
34.526
50.149
50.820
16.417
16.224
52.304
45.452
53.719
46.245
58.493
56.024
3.888
14.899
44.294
17.106
47.605
50.854
56.906
55.099
45.855
29.642
28.866
40.696
35.747
58.206
60.197
51.943
51.890
50.309
52.596
55.647
26.911
40.641
53.031
48.328
56.573
42.980
51.951
40.759
16.698
50.846
22.191
42.897
43.729
44.942
45.892
44.584
36.220
12.172
28.004
53.985
58.195
53.133
48.245
52.241
47.447
9.964
50.378
46.218
54.688
24.406
50.162
12.302
14.705
44.683
56.843
41.235
29.609
19.672
44.131
58.304
45.183
53.011
14.916
20.109
28.260
25.101
34.944
39.265
52.496
41.436
49.606
44.945
50.916
35.100
33.366
31.203
25.014
25.212
44.603
40.122
46.883
50.271
42.618
47.129
28.706
46.217
35.231
50.007
26.593
36.628
35.020
47.844
43.609
44.132
56.390
56.949
7.055
9.476
45.757
10.820
58.591
43.391
46.038
56.501
53.433
41.239
22.766
29.541
36.550
44.264
54.323
29.157
59.598
57.190
59.086
60.764
50.047
32.603
47.372
49.988
59.231
54.098
45.966
56.178
59.729
34.789
48.705
43.952
22.677
16.198
18.934
19.294
50.140
52.948
20.937
29.971
52.542
21.395
37.107
26.598
21.372
17.450
25.598
27.484
34.594
46.984
37.559
23.949
32.846
22.756
31.501
20.693
53.157
35.951
42.448
28.489
48.436
23.313
49.334
40.143
38.954
43.060
32.684
11.118
26.255
58.380
54.934
55.111
46.781
55.925
44.537
9.006
48.434
51.112
50.461
21.546
53.926
14.085
18.831
40.967
53.884
38.903
25.594
18.556
33.606
57.610
57.818
55.368
18.088
20.817
14.516
41.513
6.170
36.463
45.964
27.438
24.770
26.640
51.693
39.426
50.336
34.279
28.744
32.564
48.315
41.836
45.343
32.084
15.530
16.513
51.301
46.905
18.110
17.915
22.780
46.439
17.974
24.067
57.668
16.375
40.740
34.532
43.703
28.275
20.805
30.182
14.727
16.936
46.012
41.198
27.229
42.695
38.367
41.180
33.994
23.668
41.988
14.300
53.218
38.204
55.753
47.216
47.627
33.244
20.342
19.766
25.761
34.734
37.329
21.751
31.761
28.324
17.842
20.657
18.235
22.308
27.228
16.666
19.501
13.343
43.767
21.282
43.717
24.123
50.663
33.800
55.295
36.008
49.408
29.503
23.420
35.359
31.176
29.577
18.107
24.840
43.193
32.165
52.675
19.055
42.863
44.395
29.237
37.573
23.524
51.912
21.384
38.292
13.261
38.193
24.803
25.002
49.461
18.626
25.461
23.626
18.733
17.615
29.545
28.795
44.569
42.970
46.466
24.254
48.308
42.201
36.005
26.968
22.933
17.840
53.602
42.877
52.502
38.029
37.587
46.373
36.007
28.025
31.110
14.323
27.390
52.464
40.800
49.809
23.394
52.767
41.084
24.950
33.726
49.326
26.528
58.601
36.992
57.471
58.685
42.917
19.813
42.890
43.325
41.203
44.368
45.263
51.386
41.951
58.095
55.891
41.990
27.587
41.495
47.325
31.201
53.878
30.048
49.112
54.160
38.753
49.117
28.834
54.566
46.177
52.260
32.568
43.562
38.580
44.803
57.172
34.919
51.483
45.428
43.698
43.549
43.562
38.095
43.137
48.151
34.013
52.467
27.348
46.454
51.100
36.161
47.724
31.286
53.084
46.610
51.391
29.859
41.721
36.660
43.407
57.255
33.026
49.781
44.067
42.525
41.406
41.480
36.165
53.701
35.015
53.696
34.524
50.413
49.389
45.340
53.724
40.188
42.378
40.520
41.744
37.198
45.431
40.091
44.799
37.349
44.632
30.015
33.724
33.620
31.244
36.261
26.957
42.053
41.813
37.597
25.989
54.490
46.633
43.239
51.561
30.602
28.979
35.712
41.912
43.028
38.934
35.343
39.786
41.578
52.741
49.800
41.816
52.872
45.721
54.778
43.551
49.707
38.635
45.106
51.438
43.614
40.579
41.974
50.164
59.080
55.253
40.183
28.528
45.760
49.555
38.685
49.737
18.786
22.436
43.507
47.591
53.672
27.791
26.555
48.745
50.196
37.933
47.709
43.393
33.848
50.775
35.056
54.619
37.320
45.099
39.437
34.155
26.658
59.787
31.307
35.312
55.537
47.088
28.269
46.992
36.430
22.108
34.976
48.293
23.903
36.518
39.436
57.095
23.100
22.921
41.095
41.337
47.320
25.198
54.600
22.135
39.546
44.848
43.683
44.219
52.551
49.524
42.008
40.463
55.954
48.742
38.335
38.948
28.615
33.439
43.743
33.227
18.371
55.897
44.583
45.639
16.791
56.703
57.652
54.346
56.711
45.828
13.256
43.074
46.087
57.261
50.376
40.291
54.457
58.313
39.434
46.350
38.535
58.567
39.676
52.045
28.991
38.008
40.582
34.316
33.785
56.095
36.770
21.453
18.319
53.693
52.736
33.502
33.757
22.377
26.826
48.345
55.262
39.974
44.962
22.251
30.594
7.106
13.961
59.209
54.875
32.243
52.509
27.360
33.907
35.451
27.339
28.047
38.240
38.167
52.015
40.328
42.253
31.980
35.708
28.400
34.463
24.493
12.847
25.713
49.732
30.949
24.886
25.584
10.163
25.984
14.358
9.777
37.435
32.298
46.231
49.721
57.078
35.075
13.180
38.733
44.750
39.592
18.597
57.511
52.232
17.000
51.954
39.607
22.024
47.589
60.394
28.884
23.893
41.100
25.275
29.739
43.393
23.229
47.587
47.325
47.980
48.513
30.246
26.273
31.682
54.455
16.797
53.943
39.956
33.812
24.028
54.970
37.721
19.699
9.877
34.562
54.154
50.389
10.919
32.239
52.297
54.837
50.832
45.195
58.647
51.426
40.928
35.980
25.036
30.855
45.739
30.702
13.601
55.393
52.065
51.704
57.193
43.082
44.265
13.660
56.930
6.348
58.165
57.442
41.323
9.436
57.931
45.090
45.416
55.379
49.454
49.187
19.147
34.023
49.954
52.805
40.951
46.526
52.611
55.237
37.163
20.153
28.485
40.383
29.179
44.983
31.637
32.245
49.533
17.295
55.918
20.492
26.930
52.359
56.572
46.273
27.648
39.009
14.052
45.302
56.473
31.441
51.099
49.849
58.186
57.346
57.735
21.194
53.622
55.340
51.122
60.037
60.354
58.461
57.825
27.817
51.053
25.790
27.256
14.981
19.978
43.018
9.044
51.099
41.478
33.331
36.975
53.415
35.297
40.116
24.329
47.281
18.112
26.199
8.871
16.721
19.858
35.214
20.200
16.897
40.290
45.902
48.978
26.012
15.996
8.909
27.295
55.750
52.176
55.390
48.020
58.327
21.017
37.064
42.268
34.280
21.559
49.069
49.427
13.470
10.715
23.532
45.025
11.518
15.158
12.880
53.637
12.763
55.879
17.085
51.970
56.670
13.603
45.133
50.427
35.911
29.540
10.616
21.484
33.494
14.451
7.083
22.083
23.645
9.292
17.601
29.077
29.303
31.039
29.545
31.917
28.304
31.206
46.848
30.812
46.971
37.928
48.328
38.349
51.959
37.347
48.599
28.850
29.284
37.739
43.033
52.436
32.669
39.842
30.213
39.957
48.572
26.148
34.679
45.570
40.687
31.521
38.272
39.415
43.800
25.123
46.541
47.731
31.291
50.682
44.740
59.636
55.730
55.307
36.302
27.717
48.192
40.545
36.806
38.808
41.586
45.014
42.652
26.261
35.201
26.627
32.413
55.476
50.907
55.826
39.116
34.185
24.400
28.251
47.444
27.672
50.391
35.892
41.283
36.721
49.236
45.238
18.118
56.172
52.565
45.017
51.097
54.593
56.172
54.634
43.062
53.187
43.678
51.293
13.185
60.248
52.089
41.777
12.183
41.702
47.428
55.226
47.251
17.543
17.826
15.818
23.507
50.511
48.123
51.909
40.970
59.694
29.131
34.698
37.621
31.598
16.608
45.335
51.588
9.056
15.557
28.911
37.740
19.082
22.999
12.161
51.420
12.969
53.023
23.123
51.516
52.377
21.991
42.493
49.314
29.123
27.445
12.939
38.563
52.215
57.639
58.924
42.023
12.280
30.390
41.485
31.339
55.162
52.405
52.997
39.866
31.853
22.851
26.222
46.968
24.852
48.023
35.559
40.189
36.588
49.838
43.484
20.002
56.836
49.664
46.683
50.219
55.641
58.103
55.639
41.643
54.357
41.956
48.958
13.362
57.792
49.591
40.762
13.422
41.114
47.487
52.177
48.045
54.892
53.598
13.824
39.002
14.628
18.993
53.343
40.679
17.637
26.680
56.202
57.718
46.161
48.916
44.307
13.448
19.234
43.917
23.717
26.520
21.041
20.848
22.639
44.973
53.665
47.697
32.777
39.420
49.750
23.975
41.673
13.726
44.717
53.265
21.334
21.745
45.517
56.246
37.819
51.905
13.721
46.198
41.032
27.253
55.351
59.793
23.231
56.750
50.676
55.420
49.786
34.052
38.827
11.275
34.681
51.418
16.660
53.832
42.683
58.297
58.649
44.326
36.037
52.343
48.321
37.135
5.198
39.757
53.024
51.283
51.815
58.665
51.931
60.053
55.744
58.527
52.146
52.533
59.902
52.366
29.223
54.620
27.413
18.904
41.343
24.590
34.171
24.683
25.494
38.388
23.783
42.521
41.464
28.357
32.020
53.361
19.255
33.111
34.092
38.594
25.765
31.054
29.495
22.553
46.574
49.044
53.011
58.313
38.854
34.987
30.474
8.239
50.461
22.616
53.663
25.682
23.777
24.941
61.465
25.937
32.515
59.415
56.648
52.269
36.008
60.382
53.877
52.317
37.402
52.933
35.961
59.997
16.230
37.328
57.762
33.001
32.213
33.333
38.517
57.348
50.434
45.555
33.215
57.031
49.480
43.784
45.545
36.627
37.225
46.360
47.477
53.896
43.209
52.120
40.833
46.596
45.665
45.127
45.029
42.247
42.031
46.467
33.805
35.636
54.945
56.413
50.998
48.142
28.611
48.578
55.330
52.971
14.367
39.553
14.997
19.820
52.554
39.708
17.595
26.242
32.858
28.017
28.433
54.773
46.736
22.768
25.022
34.791
47.811
25.063
26.715
41.949
23.771
31.976
35.321
57.211
24.836
19.101
21.797
24.349
26.019
38.673
44.596
40.275
43.737
47.924
33.794
38.788
46.615
31.473
44.315
39.688
40.727
32.662
42.739
43.977
35.154
32.882
48.427
53.956
53.212
56.148
26.961
46.404
46.567
30.023
35.321
44.167
59.639
44.932
43.689
35.638
45.354
39.645
41.915
44.596
55.744
21.845
44.964
51.219
51.654
33.661
48.344
32.395
48.681
14.390
19.750
20.138
14.678
54.562
44.057
28.078
18.876
43.339
19.230
28.354
28.873
14.317
20.960
40.727
25.942
34.193
60.520
29.536
21.311
36.347
16.345
35.850
37.678
41.327
31.786
40.129
23.124
47.961
33.486
54.328
34.109
19.082
33.167
40.990
29.230
18.309
18.439
29.043
56.543
49.878
45.905
47.240
54.305
27.590
27.486
34.018
24.759
28.659
42.971
39.275
21.489
20.874
30.754
40.139
18.260
13.478
19.277
45.106
17.179
47.385
22.655
41.750
59.927
20.812
36.584
48.349
38.892
21.873
21.013
13.177
38.545
24.738
19.784
37.869
59.880
50.718
19.821
47.844
17.483
22.132
6.913
23.779
32.075
40.299
45.714
29.616
34.670
44.207
20.068
43.207
16.836
28.202
45.205
39.261
24.374
28.245
31.832
45.366
37.338
26.667
22.900
24.645
13.722
24.923
20.025
25.213
25.366
21.044
23.920
28.001
25.081
22.098
26.458
43.901
34.002
42.731
52.508
49.987
37.491
43.768
53.894
47.964
47.554
42.090
24.323
25.278
7.903
20.050
17.630
55.938
17.928
17.675
7.182
43.781
26.158
24.412
15.738
18.898
27.973
24.281
49.458
5.779
47.455
35.366
14.027
15.015
50.616
18.101
15.883
22.998
49.573
21.953
53.603
57.346
18.552
15.665
26.352
36.648
38.629
23.495
28.293
56.700
33.748
24.788
17.957
10.091
14.715
11.142
19.927
26.317
8.537
21.757
32.080
17.552
53.856
58.614
54.592
17.184
44.236
10.289
16.297
53.698
38.392
14.315
26.655
20.603
8.319
20.004
15.302
60.446
55.665
51.927
47.478
59.282
31.807
31.944
35.838
30.039
25.654
43.227
49.618
16.834
17.181
35.633
36.809
23.848
21.446
7.740
45.184
5.181
47.294
17.968
52.004
52.013
22.676
37.038
58.171
26.185
21.377
17.145
42.770
25.453
25.293
20.337
55.438
38.746
34.375
20.792
23.252
29.293
31.727
19.811
26.544
18.938
44.570
28.854
42.911
55.141
59.025
30.111
24.733
41.639
21.599
40.824
40.452
41.417
19.154
38.298
43.596
33.681
38.123
35.275
31.462
43.144
29.602
22.295
24.331
44.407
36.837
25.739
33.805
32.108
34.313
34.660
26.538
10.939
14.060
33.539
18.458
25.053
37.043
27.187
27.634
28.318
43.774
23.929
24.857
29.338
46.185
25.232
46.196
32.186
38.482
30.727
40.250
31.490
50.733
45.318
41.775
55.813
35.304
43.613
38.415
44.018
36.465
35.952
25.384
44.272
56.299
50.444
55.062
32.020
33.563
31.493
30.167
32.258
45.315
31.567
45.077
23.956
37.944
40.678
15.559
33.179
23.206
18.278
11.852
52.458
30.004
23.995
44.967
21.802
43.455
48.755
28.259
59.971
45.045
38.279
22.011
28.279
23.211
42.396
37.900
36.098
40.262
30.735
35.135
22.083
9.667
54.455
40.184
31.727
45.668
16.027
24.823
38.351
44.238
31.254
49.010
35.112
39.178
22.762
8.999
26.909
14.547
29.128
28.122
14.328
16.305
21.494
9.229
7.145
45.864
20.003
14.874
42.781
19.464
38.047
19.527
27.657
49.694
12.814
10.972
13.833
47.328
25.558
14.797
21.235
48.320
49.990
10.534
56.140
53.982
53.576
39.432
25.239
25.175
12.460
33.841
22.455
48.146
50.433
41.933
14.957
20.682
19.895
19.225
21.440
48.647
41.941
22.534
20.242
43.792
47.501
35.025
53.018
52.007
50.271
22.974
27.896
43.079
29.957
34.049
30.200
26.518
30.551
28.883
50.764
47.074
40.511
42.911
59.840
53.777
18.150
31.268
51.228
22.691
42.728
58.572
30.211
33.304
47.775
34.823
47.445
57.791
39.789
33.411
48.703
32.386
57.512
23.517
45.232
23.447
25.628
19.151
51.744
46.283
28.103
24.808
24.787
33.733
34.943
19.694
23.929
20.488
46.523
31.901
40.260
60.600
56.528
35.205
25.761
40.935
22.828
44.922
36.339
39.883
23.360
34.384
44.709
28.026
32.567
33.246
30.256
51.895
36.639
31.559
18.035
26.232
15.975
19.306
15.793
22.498
26.870
6.601
9.499
28.722
35.051
48.027
25.655
27.775
48.121
18.989
44.089
15.086
21.410
41.116
35.582
21.488
30.237
28.880
28.193
47.081
38.264
37.239
21.251
19.635
14.180
49.397
39.775
46.916
24.678
48.385
32.272
25.429
24.845
40.882
23.936
23.078
22.398
5.671
10.797
28.354
12.618
9.851
25.955
60.507
56.867
56.974
52.069
57.682
20.221
37.533
43.423
35.222
25.309
46.396
49.117
16.584
9.994
25.387
44.643
12.772
12.727
11.721
52.742
10.725
54.339
12.620
53.173
56.888
11.441
44.665
54.608
36.345
28.898
11.858
13.631
18.481
20.667
8.100
8.650
44.863
21.729
15.465
40.452
21.829
37.664
21.056
29.612
50.856
13.093
11.844
15.734
45.145
26.551
16.497
23.322
48.363
48.476
12.561
54.001
52.304
54.924
38.331
27.405
27.007
14.042
31.443
24.673
46.035
48.230
40.344
16.070
21.951
20.620
21.041
21.438
47.407
40.898
23.996
21.166
57.582
43.291
22.365
27.624
38.059
22.953
18.545
41.510
20.122
30.889
29.719
48.221
14.549
17.197
39.138
32.232
34.769
20.270
42.177
37.057
41.257
26.712
30.945
49.806
49.529
54.696
58.951
57.603
22.822
53.908
58.176
34.310
47.755
46.442
54.705
43.669
25.011
55.817
53.822
55.299
45.407
53.210
51.593
46.177
32.273
31.347
55.786
44.051
30.580
49.708
34.493
47.545
49.258
54.428
37.410
47.400
28.456
29.113
31.581
57.453
56.531
57.161
47.286
57.281
27.928
42.327
54.273
54.657
55.122
53.027
20.600
48.256
11.635
19.458
50.622
34.191
13.786
25.660
27.107
12.325
14.539
18.703
48.689
21.141
14.288
41.133
28.281
28.486
20.473
42.897
28.927
12.803
20.385
10.077
18.132
10.624
29.752
21.096
52.329
12.900
12.908
50.572
52.336
23.245
19.164
29.671
36.450
35.645
25.946
26.712
22.781
49.580
34.287
33.388
21.306
50.190
34.020
47.220
43.316
34.318
27.959
31.113
44.614
31.166
28.327
26.734
46.152
54.045
58.091
54.726
26.127
53.030
56.713
31.560
44.597
47.377
52.160
34.391
45.660
55.782
49.703
54.837
52.425
48.710
54.026
55.387
35.335
54.280
56.382
24.224
24.780
46.742
51.053
44.984
30.119
34.505
51.312
46.092
41.936
25.805
38.403
36.802
48.772
26.374
36.746
45.014
42.264
39.858
45.175
38.548
30.484
47.684
47.212
51.646
53.157
41.299
53.694
51.707
35.838
39.396
37.462
42.340
53.942
57.370
42.478
43.508
52.221
48.585
42.298
47.341
32.150
26.855
50.701
33.157
37.149
32.367
47.500
37.903
36.764
37.643
39.635
34.034
35.252
9.190
27.199
27.899
19.227
49.328
33.270
47.806
51.338
26.293
43.629
36.405
25.024
45.735
27.000
40.105
20.937
23.912
17.976
15.983
41.965
50.032
21.383
22.523
44.842
23.266
46.180
32.493
44.545
55.324
41.967
34.658
37.000
31.618
41.578
53.210
41.450
55.780
46.638
26.080
31.839
36.173
39.357
33.565
34.911
38.009
37.429
50.861
36.729
33.736
58.554
9.004
44.778
26.508
35.260
36.955
39.551
46.089
33.627
24.249
41.488
37.343
43.215
26.953
47.731
31.298
23.905
39.790
42.095
21.596
42.517
45.182
41.070
31.353
32.586
49.747
42.237
49.496
24.722
20.705
18.539
41.441
29.626
41.274
29.715
45.944
25.289
27.759
45.490
41.459
30.295
34.361
33.669
35.108
12.809
14.469
10.199
10.855
52.741
52.361
17.654
15.789
23.781
5.978
16.731
6.622
41.155
32.869
20.307
37.389
52.591
28.054
20.694
14.593
14.426
21.620
11.345
39.636
12.333
32.267
23.389
46.193
42.446
14.698
20.898
19.083
18.966
20.421
48.805
39.654
22.853
26.393
27.759
5.704
21.006
20.109
56.157
19.080
9.315
43.669
28.379
22.496
17.120
28.657
46.399
8.432
14.489
16.943
49.322
17.771
18.357
25.123
51.520
38.261
24.329
58.016
50.158
58.630
50.639
27.958
24.307
25.804
33.465
26.651
50.802
52.082
49.741
12.023
15.744
12.572
22.275
8.580
47.871
29.131
18.657
36.610
50.826
56.690
60.759
57.230
52.807
22.792
58.324
59.849
46.088
43.679
44.557
49.756
52.093
45.947
36.331
41.373
52.485
13.583
9.777
12.740
5.268
50.255
51.688
17.827
12.284
23.298
8.337
11.833
2.344
45.771
32.285
21.747
39.409
57.546
28.908
15.301
12.171
10.074
16.861
7.203
42.567
7.437
37.363
19.193
49.606
52.322
44.179
47.334
13.537
19.547
17.983
14.060
21.335
52.016
41.003
20.856
44.784
46.094
36.843
43.165
28.053
33.785
29.638
37.295
55.430
24.197
57.309
43.732
49.709
33.266
44.912
48.719
47.469
49.778
33.935
34.485
36.637
21.981
35.620
48.558
45.855
15.010
14.309
24.055
16.901
37.243
55.148
33.046
24.552
35.261
21.999
13.207
13.716
47.989
39.003
34.688
53.415
55.669
43.494
24.493
23.715
23.797
26.814
10.783
41.366
27.273
27.772
32.603
33.102
26.408
36.288
41.930
56.071
33.410
22.984
25.009
13.206
19.631
51.150
39.177
9.371
19.144
21.212
10.257
27.766
18.506
40.712
34.553
14.787
25.727
45.968
17.627
25.754
18.718
17.555
25.363
23.595
31.096
27.971
13.424
18.537
12.994
21.414
10.174
54.974
25.587
21.153
15.630
58.139
13.819
39.228
14.547
13.541
14.356
51.257
24.335
21.788
19.429
12.993
10.758
43.720
31.945
42.564
17.435
19.420
24.406
11.501
35.232
24.752
19.979
24.915
25.317
23.398
26.870
45.101
47.722
26.519
52.335
56.226
48.942
20.275
19.662
19.468
17.472
17.215
39.572
22.196
39.329
16.319
44.705
29.706
42.924
29.036
28.345
34.254
29.547
41.744
34.672
55.274
24.085
52.488
50.633
41.607
31.233
48.631
46.758
51.459
50.493
23.491
37.928
25.102
44.899
60.190
37.706
26.713
48.871
37.900
35.544
21.688
41.891
42.182
28.368
41.066
49.081
46.232
18.775
46.267
28.485
41.849
33.417
39.526
28.605
28.156
33.945
32.098
41.627
25.637
15.513
40.412
51.028
46.281
59.240
23.545
35.620
53.202
53.886
38.512
41.889
36.454
34.654
36.918
40.423
52.515
20.288
20.791
21.499
13.855
17.725
14.185
14.641
15.034
44.792
30.150
28.722
38.610
37.539
45.991
33.344
18.895
36.490
43.784
24.761
42.730
39.854
21.430
24.835
44.061
30.521
33.055
47.070
44.727
41.016
32.782
34.506
36.727
27.805
49.711
58.144
54.212
18.593
51.374
55.979
47.119
50.897
42.191
57.640
50.183
48.848
34.980
47.619
45.271
44.590
47.127
43.239
51.172
27.444
58.965
43.910
39.842
42.649
49.164
16.802
49.617
38.494
52.502
56.890
49.512
37.158
45.218
45.027
44.413
48.070
41.600
40.131
35.324
32.433
46.707
43.736
42.833
41.209
38.366
50.527
37.406
45.970
31.727
22.246
24.401
26.412
58.344
54.971
28.209
25.714
48.317
30.963
44.263
27.525
60.682
47.578
21.365
41.717
44.907
40.435
20.202
17.830
41.309
21.198
49.058
22.980
9.926
56.898
16.070
41.066
14.178
13.326
11.370
54.789
20.857
16.979
17.785
9.302
5.836
40.444
35.149
40.746
16.769
16.220
22.987
10.159
32.078
24.735
17.625
23.781
22.102
20.498
23.717
46.136
42.139
25.546
11.679
55.976
14.614
40.956
12.716
12.426
10.534
55.442
20.953
17.354
16.778
9.282
5.561
42.247
33.350
40.816
15.519
15.654
21.922
8.925
33.782
23.323
17.076
22.935
21.955
19.867
23.861
24.602
57.759
40.348
47.101
45.891
45.243
42.031
48.409
47.176
45.679
46.918
35.167
49.482
46.049
48.444
51.880
44.085
39.175
41.129
42.984
37.989
53.319
58.883
43.024
30.439
43.053
45.513
52.985
33.695
48.227
49.807
35.339
8.922
44.694
32.765
30.679
28.465
28.623
37.130
32.975
41.247
41.219
41.781
25.137
53.413
45.199
30.169
44.064
55.528
43.990
50.059
45.113
37.900
29.866
43.977
33.166
43.355
44.040
54.478
56.912
33.075
55.755
54.830
45.753
5.462
8.709
12.380
8.429
11.103
11.979
13.668
38.656
14.762
10.809
11.649
53.734
18.948
16.823
7.192
7.078
40.676
33.279
38.326
15.481
15.624
22.572
11.392
31.855
24.157
15.906
21.980
20.412
20.120
21.622
23.924
41.216
36.493
23.531
19.768
14.265
13.947
12.301
23.389
48.148
12.588
10.442
53.728
24.378
38.142
24.049
20.212
12.619
9.590
15.540
32.625
44.566
47.552
20.403
27.665
27.194
34.952
16.233
19.579
40.960
28.465
25.923
52.761
26.955
33.677
22.265
33.579
17.657
19.427
21.179
36.649
54.100
45.638
52.937
56.540
52.562
50.902
46.899
46.559
59.533
33.969
42.192
34.721
44.590
44.376
55.694
15.472
58.443
55.393
35.663
53.168
53.628
32.969
26.508
27.340
56.187
52.962
28.210
51.527
41.363
28.677
24.562
49.727
33.516
11.570
13.149
18.995
16.565
39.065
30.802
21.769
31.673
23.586
33.163
29.946
13.972
19.900
24.691
21.750
23.846
17.445
34.999
33.865
40.024
8.236
17.441
10.091
6.490
12.488
13.343
54.907
54.728
12.410
27.616
41.624
46.443
35.699
21.523
24.840
44.258
27.392
17.366
28.000
11.201
16.036
27.512
36.663
36.073
48.319
49.493
34.247
29.105
31.844
45.595
16.740
10.088
17.920
16.081
16.860
15.693
31.893
22.837
12.486
19.169
49.231
19.100
22.338
10.034
15.059
34.787
36.296
34.674
20.734
21.300
28.869
19.709
25.159
30.489
18.890
24.673
21.983
25.981
20.448
27.210
48.390
57.447
58.533
18.907
59.689
25.750
31.277
58.361
36.449
39.881
44.486
14.778
38.232
23.416
45.003
53.073
7.708
15.259
14.665
15.791
55.742
55.575
12.541
27.391
42.687
44.618
34.125
19.913
24.984
43.518
27.047
16.669
26.212
9.384
14.776
27.289
36.321
35.652
48.403
49.493
33.138
28.679
30.758
44.118
27.563
19.738
28.935
27.241
23.228
18.328
27.507
29.917
14.819
25.079
40.731
12.939
23.886
14.296
23.580
39.133
34.955
22.206
22.713
23.207
30.511
28.445
28.971
32.421
17.512
21.375
17.022
27.159
11.681
24.259
9.196
8.118
11.714
9.411
13.607
16.649
40.535
15.474
13.656
12.386
54.150
20.771
18.603
9.351
6.856
39.150
36.047
40.407
17.625
16.906
23.940
11.455
30.763
25.810
18.013
24.282
22.240
21.247
23.518
26.147
44.973
45.198
14.927
19.933
18.375
27.179
13.641
14.686
46.343
19.496
17.079
56.097
19.669
36.640
22.409
24.615
13.383
14.743
15.704
37.223
27.914
54.898
55.949
42.038
45.015
32.339
41.820
53.925
36.734
52.587
56.751
30.603
44.779
38.141
47.778
58.553
53.038
20.424
20.094
15.493
28.030
48.163
28.141
44.607
19.857
25.701
19.920
35.225
25.378
27.285
26.711
54.720
27.239
14.003
34.111
45.258
31.489
17.765
19.880
26.075
16.618
48.357
23.797
25.729
20.432
55.235
28.443
26.795
43.746
29.830
29.398
14.680
51.061
20.958
52.204
18.188
17.575
28.020
16.822
30.257
57.848
36.402
13.310
47.604
31.371
42.248
16.889
28.945
37.248
27.789
30.186
27.472
30.955
18.094
56.925
26.448
35.649
39.066
39.457
29.085
33.065
32.706
49.666
47.024
31.622
16.579
36.901
11.316
10.802
41.254
26.716
24.082
25.929
26.587
24.983
28.710
24.592
34.754
39.528
41.866
41.577
17.721
13.141
19.898
13.832
18.938
18.647
36.126
22.480
14.486
17.943
47.875
17.891
21.686
9.841
13.799
34.360
38.603
35.078
20.857
19.707
27.817
19.219
25.221
30.204
18.348
24.658
20.670
24.197
19.640
27.067
48.253
24.334
15.262
17.610
27.221
51.506
53.584
24.478
17.377
49.249
28.226
48.053
18.783
58.856
44.234
17.292
38.084
42.727
36.556
18.338
17.587
42.627
14.600
50.853
14.673
26.388
31.836
26.646
31.953
34.481
23.447
40.844
19.424
47.198
35.348
47.661
27.943
22.972
54.251
35.813
42.633
24.296
30.286
32.912
22.508
33.498
36.215
33.969
35.682
37.850
35.654
38.116
12.978
51.760
18.215
28.694
44.451
44.841
20.672
34.288
33.364
46.062
43.428
23.293
11.903
41.587
8.535
3.337
34.510
21.038
15.172
28.945
32.410
30.886
37.080
33.201
35.941
30.577
33.005
43.027
43.505
22.226
50.908
42.047
51.446
34.353
56.334
56.011
54.702
43.570
41.748
37.866
37.412
33.969
19.370
56.739
11.045
14.649
58.329
58.688
17.499
30.181
45.740
37.274
30.303
12.598
23.607
40.224
21.989
11.672
20.447
8.817
8.904
28.288
34.676
33.340
50.019
45.789
29.595
27.665
26.176
36.718
12.858
54.272
21.344
31.981
40.622
41.000
23.479
33.231
30.958
46.177
45.792
27.667
12.287
40.076
9.010
6.388
38.307
23.450
19.415
27.117
29.870
28.427
33.305
29.420
35.984
34.381
37.434
43.688
45.013
61.037
53.543
32.634
57.238
24.194
48.207
56.558
52.337
38.097
31.535
31.352
40.389
11.698
40.085
53.582
46.197
37.747
49.929
46.584
55.758
59.693
34.201
30.626
26.128
34.346
49.498
28.315
52.516
40.857
35.883
19.641
42.060
29.489
30.899
27.529
40.581
34.029
14.856
29.662
38.101
55.447
42.809
47.730
20.857
55.291
11.046
13.774
58.874
58.790
17.309
32.424
46.934
36.322
30.158
10.045
24.345
42.218
22.797
13.358
18.719
10.019
7.653
30.771
37.072
35.698
49.922
47.582
31.204
25.966
23.777
37.582
56.973
54.074
54.218
58.176
49.568
47.935
52.864
53.529
52.647
53.501
51.265
57.919
51.456
58.199
58.207
42.370
34.895
52.343
52.231
50.497
45.500
56.684
45.558
47.075
55.521
52.154
54.355
46.136
59.682
51.686
59.757
42.264
55.242
38.232
46.138
49.828
51.409
50.757
45.395
43.215
33.636
44.672
49.455
45.718
13.452
56.146
20.120
29.690
43.144
43.511
23.155
30.633
33.753
48.820
42.801
26.247
14.794
37.697
11.440
4.820
36.010
20.866
18.417
24.753
27.972
26.514
34.908
30.831
33.002
34.680
36.969
40.903
52.358
38.483
47.665
56.918
54.767
42.551
44.809
47.763
24.727
12.248
15.336
15.512
56.695
36.188
33.243
22.758
34.171
16.829
35.120
32.266
26.880
54.604
26.038
12.108
46.599
35.492
24.506
3.998
6.850
31.614
13.339
43.252
17.041
41.257
41.859
36.247
30.917
14.070
35.925
34.391
18.213
45.842
41.811
42.680
25.513
39.970
15.927
7.805
12.863
25.217
20.164
22.474
20.459
15.017
7.540
53.880
54.269
17.339
34.296
43.950
33.495
35.911
37.798
36.117
15.871
38.901
47.023
42.456
38.703
37.583
36.491
44.503
52.967
20.509
53.974
28.071
34.555
15.684
20.537
26.591
19.708
24.667
27.365
54.807
28.435
21.121
26.056
45.482
40.039
47.182
40.003
36.492
31.820
32.673
38.020
37.630
19.257
37.186
38.423
40.943
30.690
50.101
33.203
44.075
51.527
14.806
50.023
51.271
53.260
49.489
29.613
59.247
51.916
27.942
28.748
28.319
39.639
41.704
33.857
36.592
28.016
27.679
32.897
17.005
40.900
34.205
27.251
40.999
20.761
43.818
48.514
41.646
31.942
45.133
38.257
56.316
46.262
55.064
53.616
53.764
47.218
45.651
58.485
40.370
39.455
43.438
42.821
41.845
37.663
56.408
51.905
56.422
58.514
58.022
59.470
58.489
20.552
20.070
46.975
48.215
33.188
29.275
28.784
41.370
23.656
45.940
40.418
53.923
46.857
41.151
52.687
54.127
43.847
50.048
50.619
15.570
49.007
45.862
48.121
55.113
34.561
25.915
53.622
42.664
25.809
41.277
52.398
51.182
35.227
33.214
39.137
44.620
53.373
35.121
43.513
44.536
27.441
30.206
57.427
55.064
45.345
50.234
28.918
44.137
35.204
29.455
58.597
27.728
41.826
35.266
39.085
51.202
49.536
38.675
18.808
47.431
46.985
49.125
49.890
30.298
60.193
56.040
41.390
38.605
44.985
44.974
28.124
42.932
36.606
38.869
43.289
33.978
56.051
41.653
59.160
54.208
35.148
45.264
55.676
35.182
38.687
30.240
46.981
32.325
44.303
34.102
46.608
52.087
31.539
52.723
36.667
27.741
21.010
50.377
58.320
40.568
24.292
22.613
54.860
44.850
32.612
49.833
33.914
31.601
49.751
40.215
41.976
29.107
26.749
50.045
45.818
44.387
38.713
57.559
46.390
30.763
45.633
41.380
41.341
14.016
36.537
48.033
37.804
45.821
53.941
55.736
39.277
42.450
43.619
46.303
47.152
32.524
33.451
44.309
49.069
42.276
25.588
32.936
46.736
33.975
43.674
54.063
53.950
48.837
39.776
48.075
48.602
48.186
33.394
55.667
60.285
55.903
55.763
53.854
54.001
52.560
50.847
54.241
50.639
34.332
48.291
43.930
55.363
56.519
34.045
41.694
53.930
45.854
45.234
38.858
55.008
38.077
38.412
46.455
41.532
44.402
41.004
49.343
38.848
37.854
29.223
29.905
33.689
31.095
9.283
33.240
43.970
39.406
33.238
31.710
44.312
40.868
54.943
30.615
12.096
46.235
25.500
50.596
23.674
35.881
25.574
45.291
19.351
49.922
14.821
28.363
32.637
41.867
30.679
21.135
11.157
10.809
14.522
32.729
39.328
38.044
51.335
27.497
26.686
29.102
47.726
20.533
50.931
24.851
22.459
36.168
23.102
32.420
14.175
46.816
17.521
51.521
22.762
13.061
31.323
29.884
42.867
28.323
18.893
13.119
9.905
11.563
32.646
39.365
38.069
49.581
24.600
23.857
26.286
48.001
18.954
21.314
35.366
15.204
13.071
23.262
16.251
21.348
51.603
32.587
32.766
26.477
33.785
34.057
13.061
51.209
55.184
33.069
12.918
13.888
17.175
20.283
31.565
25.642
42.548
18.591
47.218
13.938
34.305
30.824
43.931
30.939
20.518
14.949
6.299
13.250
31.437
39.791
38.836
47.258
24.580
25.404
26.279
50.037
50.820
52.501
42.612
48.176
47.778
43.606
49.894
48.676
25.680
51.010
33.713
53.988
45.971
36.127
48.051
56.651
52.937
49.815
21.774
54.144
25.470
46.034
42.019
39.802
46.143
41.850
14.490
43.724
46.552
38.586
44.017
40.948
43.348
26.050
48.424
51.791
40.544
17.971
52.756
46.857
60.462
20.816
50.618
17.548
53.584
51.979
55.948
47.737
59.840
59.682
60.255
55.904
54.490
54.024
52.029
50.461
39.096
47.587
55.337
47.099
26.287
35.774
32.270
42.425
23.150
54.997
52.029
33.653
16.035
13.200
29.864
34.833
39.569
19.399
40.593
26.075
44.524
21.806
17.819
44.191
43.556
41.917
32.316
6.651
19.000
25.618
37.939
44.458
43.368
55.488
37.710
38.113
38.872
53.323
52.181
55.035
56.578
53.985
56.295
55.016
40.034
36.194
47.946
45.611
39.360
42.685
49.779
58.855
47.402
39.019
41.974
44.879
45.682
37.436
43.422
55.167
34.174
57.308
58.105
51.780
39.310
19.672
60.405
36.011
38.792
31.870
52.606
35.692
32.096
14.282
50.016
15.505
45.822
36.035
58.183
50.513
58.174
53.574
34.740
36.097
49.334
44.463
53.493
53.809
38.032
50.337
58.410
48.798
34.081
33.967
50.032
29.110
53.411
50.694
53.471
50.227
36.377
47.114
37.865
43.372
38.249
54.567
56.053
33.238
41.386
52.204
45.589
40.634
43.286
40.470
48.041
45.303
38.016
54.896
59.739
55.278
44.620
38.539
54.599
54.098
53.454
53.349
20.510
44.817
16.912
17.127
48.704
13.477
50.411
46.074
43.291
60.261
60.542
45.388
42.627
44.180
35.948
49.019
49.206
48.239
34.643
37.447
42.268
41.972
38.634
45.953
42.661
39.015
40.110
36.085
39.086
34.130
42.591
29.553
47.274
25.340
17.443
44.267
57.736
53.779
56.025
48.120
50.573
59.678
51.690
49.725
49.032
47.037
53.901
51.522
42.830
61.097
45.707
42.617
36.765
49.848
44.427
37.827
47.107
45.979
38.026
42.114
18.795
47.010
21.314
43.721
27.218
32.678
28.565
48.347
52.557
44.369
47.607
35.665
36.556
36.159
41.093
43.603
45.480
38.371
46.837
51.887
53.973
58.295
43.547
46.810
47.311
48.841
39.060
35.417
41.016
33.175
9.883
38.231
26.789
10.310
30.391
56.463
35.025
32.719
42.392
30.897
17.962
30.856
4.846
15.549
9.858
4.127
8.171
45.917
34.547
9.520
11.022
17.615
11.324
36.608
18.910
10.259
15.418
15.540
16.412
49.389
43.850
18.631
19.829
32.641
26.744
32.852
40.298
16.946
3.522
3.543
13.343
14.797
14.393
26.527
23.366
32.119
29.217
28.932
28.014
24.175
30.617
42.887
52.351
29.958
13.801
50.927
53.504
48.099
50.305
48.616
48.491
54.648
55.318
52.051
52.763
48.214
56.093
52.487
37.258
55.219
48.260
44.830
39.121
50.450
39.562
40.280
50.155
49.572
40.347
45.699
40.966
22.866
35.947
29.757
53.494
10.851
56.922
55.693
55.661
55.258
52.592
32.537
49.765
47.098
46.545
45.206
45.860
50.546
33.766
31.768
46.825
47.615
39.758
43.964
34.286
46.956
60.003
27.104
26.284
45.207
55.989
53.696
46.921
44.869
34.976
30.215
33.850
34.788
53.361
50.828
40.156
45.204
47.938
45.623
54.213
41.932
47.222
37.868
36.424
27.593
35.751
44.615
33.165
27.329
19.347
45.744
43.030
15.205
17.382
13.418
22.349
14.071
15.439
49.329
14.451
11.947
58.864
17.732
37.692
22.543
20.049
13.339
13.743
15.037
36.922
58.478
47.981
53.546
37.147
47.752
50.128
58.555
59.504
45.386
37.208
39.350
29.745
42.573
34.790
43.607
43.369
19.818
41.641
41.274
44.788
48.732
35.325
41.621
35.403
31.961
44.134
36.020
33.184
22.785
54.635
58.621
29.303
43.046
16.037
41.349
43.721
43.323
21.689
34.921
52.592
48.567
50.660
42.813
52.365
53.874
55.979
29.666
45.709
46.922
45.364
41.634
53.102
37.796
42.595
45.091
41.124
41.871
38.729
42.213
17.632
42.443
55.867
48.373
52.418
48.511
50.314
37.750
43.370
59.158
28.046
50.996
48.260
59.026
48.669
56.804
38.456
39.258
53.698
57.783
60.195
57.262
46.215
56.813
51.018
51.543
61.439
54.881
48.420
49.780
40.638
11.338
9.640
13.302
12.181
12.210
22.453
26.073
15.526
14.072
21.013
15.678
19.196
26.589
24.535
53.030
52.285
51.980
48.082
59.072
55.938
51.470
57.778
59.045
57.445
37.452
56.500
52.016
57.775
56.953
31.845
44.401
58.437
54.431
52.459
46.457
58.836
35.015
46.847
54.912
52.657
47.973
49.085
22.721
20.172
14.289
18.818
10.148
20.609
38.049
15.607
12.357
14.177
18.176
10.092
25.805
32.567
33.920
12.104
52.676
52.957
8.167
13.121
58.659
58.612
13.796
35.367
46.224
32.320
14.315
12.541
31.128
8.149
37.784
46.510
42.519
14.892
61.104
16.683
40.005
24.682
49.176
44.148
42.411
27.194
13.960
10.919
26.291
22.724
38.603
25.919
48.849
15.800
53.437
11.536
30.802
30.506
44.937
28.823
20.269
12.109
12.702
11.647
35.285
41.672
40.301
35.536
48.466
42.259
24.207
24.050
42.214
25.666
56.252
59.111
39.386
41.826
34.761
54.290
35.054
35.809
10.632
53.271
11.718
48.927
36.690
56.579
48.419
58.914
54.994
37.366
37.870
51.733
43.663
52.226
52.660
49.130
37.552
32.538
48.839
56.847
30.119
47.464
29.898
35.272
57.870
56.492
46.115
59.969
48.869
59.004
21.464
51.365
16.789
55.022
52.609
54.344
41.054
55.118
54.407
60.391
59.307
60.290
53.198
46.030
44.419
47.650
17.855
38.259
53.100
61.833
41.961
52.249
10.875
47.855
40.932
39.198
33.507
29.229
30.883
23.505
47.811
36.953
10.000
55.437
49.000
42.791
45.566
53.886
55.274
53.585
56.871
54.213
58.254
58.471
59.474
61.311
40.084
45.233
52.306
55.921
50.866
58.472
57.166
43.512
49.786
43.026
56.042
59.048
51.626
56.970
31.621
18.740
24.445
21.522
22.050
21.876
27.838
56.920
11.729
25.997
12.249
55.918
27.859
17.526
22.642
14.983
38.840
37.275
49.816
19.445
15.257
15.573
12.745
42.859
18.257
22.771
25.988
14.481
23.748
56.587
54.579
54.438
51.110
57.616
50.901
45.935
17.726
17.239
5.061
14.553
9.251
16.731
33.580
37.954
25.874
41.079
35.423
21.589
9.079
32.331
41.830
52.513
21.250
20.637
46.577
38.025
40.581
29.055
26.275
33.834
30.385
36.082
32.962
58.678
44.642
53.153
37.683
43.346
47.160
50.151
47.883
43.918
41.585
30.773
43.522
47.097
45.037
12.511
12.070
15.678
18.234
14.662
21.246
11.889
18.211
47.138
15.422
12.604
33.644
42.531
40.114
19.714
60.641
20.943
35.012
20.049
21.910
14.893
11.890
19.394
25.849
16.363
15.915
12.166
25.731
46.259
16.179
13.336
27.548
36.239
32.597
24.350
54.260
27.382
32.091
17.925
23.987
25.665
24.132
26.681
25.842
7.309
14.031
25.583
27.129
47.091
10.607
8.910
37.312
44.498
37.167
23.660
49.588
22.700
39.147
23.652
15.445
54.926
43.573
47.211
26.733
43.377
55.294
60.116
53.981
40.548
37.455
31.189
31.967
43.238
33.812
11.056
28.337
26.406
16.844
32.796
48.933
20.678
15.208
28.058
17.674
31.438
56.434
35.938
45.037
18.570
13.261
20.792
19.989
15.002
13.583
37.300
18.745
8.879
13.452
43.273
8.667
13.509
4.683
12.887
43.637
30.840
29.131
13.017
11.899
19.906
17.612
34.158
22.404
8.896
10.911
16.196
13.558
33.655
47.856
40.081
39.975
27.625
8.394
5.877
8.771
15.871
8.531
25.107
28.856
49.378
47.764
40.444
50.728
40.598
43.451
44.211
54.664
54.034
47.388
36.825
11.264
56.518
39.050
12.934
20.299
15.904
21.794
27.962
55.238
14.899
25.731
14.911
60.448
30.807
23.516
43.093
25.090
44.464
36.964
40.825
23.382
48.881
20.563
41.296
28.603
13.213
33.627
30.503
22.432
37.446
51.717
25.245
21.094
34.239
22.442
35.467
57.146
42.240
47.371
46.684
44.056
28.163
42.227
44.443
21.803
25.534
26.723
18.650
29.722
51.768
21.092
14.348
19.232
19.685
29.981
49.083
24.214
44.797
53.590
47.256
41.246
51.579
39.357
46.662
45.772
54.567
53.174
49.389
36.496
12.586
52.013
32.634
42.564
41.637
9.502
12.382
14.116
24.988
16.402
9.872
51.385
14.500
13.049
58.825
12.625
43.400
28.403
13.341
15.090
12.195
42.570
46.987
50.452
48.856
53.280
46.460
57.211
46.190
59.380
50.950
53.989
12.130
10.345
52.839
52.817
15.734
40.483
52.641
31.459
20.685
11.205
29.543
15.389
45.075
40.236
38.612
10.320
57.326
11.860
46.249
31.591
43.763
51.538
60.236
57.112
46.159
51.831
53.878
46.013
48.975
51.566
43.822
60.162
51.018
49.738
48.190
38.043
27.015
26.790
8.786
11.452
12.002
17.038
46.176
8.754
14.390
5.033
53.094
25.630
16.151
50.701
34.182
32.079
14.849
23.715
35.497
20.486
53.111
49.216
35.926
26.770
60.646
52.411
34.702
34.361
57.323
37.016
31.924
44.684
60.052
52.380
55.593
59.297
26.772
22.886
35.535
51.861
32.068
44.252
17.892
33.544
28.287
57.686
44.775
42.596
24.763
44.300
23.982
29.856
30.655
36.011
57.286
22.368
32.953
21.069
54.379
40.820
31.585
51.301
40.874
40.827
25.861
36.017
31.390
10.514
40.218
52.807
40.363
54.722
54.308
50.055
23.967
11.693
53.733
53.675
27.857
42.482
53.389
24.569
35.024
24.751
38.945
29.436
40.952
32.602
34.168
21.768
46.052
22.355
48.953
37.115
53.671
29.792
22.240
21.312
27.070
23.612
9.677
24.830
38.210
33.186
25.106
23.464
40.448
43.220
53.831
25.620
25.011
33.095
37.535
58.932
33.999
37.771
38.530
26.116
44.668
26.186
14.491
55.523
56.369
24.194
27.575
18.548
8.092
26.535
38.533
29.529
8.346
59.319
26.052
26.508
36.381
28.547
24.692
12.895
51.754
11.195
43.073
45.040
24.530
50.651
54.033
49.431
46.047
44.179
49.459
50.952
46.208
46.625
42.377
45.431
43.152
38.864
46.986
38.091
45.011
38.814
49.957
58.539
46.925
47.938
38.060
47.638
42.586
45.043
45.469
24.132
20.962
23.231
28.451
37.803
46.319
43.741
36.791
47.913
46.397
40.186
44.862
48.799
43.558
32.839
49.897
43.132
31.057
41.742
33.394
42.312
49.615
33.561
54.076
46.711
34.893
33.701
55.026
60.342
30.178
32.741
35.357
25.399
45.559
29.862
20.410
24.375
28.283
38.400
15.080
39.319
52.913
44.959
39.699
48.631
48.516
43.923
43.460
49.455
47.741
34.481
47.709
37.199
21.453
20.080
27.254
39.092
26.804
34.756
52.658
46.662
18.761
46.091
24.847
39.293
38.683
40.953
48.046
48.058
44.491
53.687
55.788
53.554
51.989
53.385
21.752
52.110
53.627
51.142
51.917
51.150
45.756
57.462
47.429
46.093
50.329
44.439
45.439
48.392
55.551
42.063
55.091
41.636
43.274
43.658
45.959
43.331
30.818
47.340
48.923
26.743
12.179
26.022
13.410
19.260
27.332
49.893
13.619
14.227
39.372
35.273
20.966
18.634
23.991
26.248
23.850
36.222
48.336
48.480
44.615
47.678
54.990
34.749
50.210
44.061
37.107
26.902
34.641
34.632
27.185
51.903
29.035
26.789
28.374
27.685
37.629
22.753
45.387
55.067
51.554
52.424
47.166
44.965
52.739
53.970
49.631
55.395
51.575
56.468
53.697
19.776
45.761
47.104
47.725
59.442
39.550
48.789
29.689
32.065
17.675
20.536
15.129
19.372
17.827
35.582
23.158
13.206
17.968
43.140
13.478
18.317
51.037
27.127
24.641
24.338
13.985
39.325
33.996
52.824
51.222
51.304
47.510
53.540
56.689
55.667
54.946
44.558
39.233
51.105
15.275
49.089
46.722
39.654
48.674
54.649
51.082
46.751
44.510
52.143
53.634
49.176
55.230
51.894
55.985
53.880
20.194
45.685
47.085
47.570
59.062
39.406
48.756
29.632
54.291
48.955
50.451
52.119
49.683
18.982
44.842
52.560
32.098
23.474
33.912
31.638
34.814
29.532
11.738
11.802
12.825
13.117
13.556
14.689
13.544
15.291
16.114
29.313
15.008
48.338
22.686
39.873
43.993
51.023
50.642
51.611
46.205
52.687
58.499
53.132
56.207
45.485
37.172
51.559
22.272
45.372
45.858
42.976
20.381
46.213
37.903
39.636
33.003
26.623
46.874
31.043
42.127
33.688
16.722
41.510
54.830
44.680
41.729
43.205
20.958
39.012
60.383
36.892
28.731
23.279
19.219
16.654
20.281
25.723
10.058
26.221
7.923
13.299
29.569
18.991
51.505
37.125
30.828
32.719
20.875
16.737
13.955
19.737
25.195
12.328
25.440
11.951
14.942
33.450
18.610
52.478
35.041
43.657
53.685
27.620
31.934
31.993
14.554
23.602
27.389
29.725
58.683
20.698
23.891
44.986
35.052
54.067
52.341
52.357
49.127
48.458
51.659
50.601
53.385
46.373
42.901
46.216
19.889
44.627
30.419
34.130
15.125
10.965
8.518
15.131
22.019
15.543
21.737
14.938
12.898
32.432
20.105
47.292
32.108
24.660
26.893
28.215
21.436
49.014
22.882
21.197
19.604
21.951
30.901
17.622
46.298
25.426
60.409
28.292
26.369
25.596
32.839
41.362
43.452
39.774
43.161
35.124
53.880
45.071
20.601
46.229
36.484
18.503
19.763
31.055
16.853
25.042
39.618
27.684
27.412
17.578
43.680
46.948
55.385
43.942
47.457
39.810
50.582
40.750
57.325
42.628
44.434
45.420
30.710
51.772
24.148
25.771
46.795
35.302
55.012
40.464
48.554
49.563
47.354
35.415
23.629
25.160
22.301
24.249
28.128
38.122
33.001
16.095
7.002
6.267
13.878
57.287
45.457
44.622
45.035
48.797
48.693
39.434
46.074
51.107
39.229
43.447
38.556
51.890
49.423
55.096
47.682
55.185
35.768
32.460
37.596
29.334
34.526
56.710
42.251
29.663
24.239
40.141
52.638
36.040
33.849
45.083
26.586
54.924
41.106
37.538
35.123
54.128
46.041
35.158
50.552
39.574
46.087
37.489
45.014
48.131
21.259
45.914
33.887
24.880
25.415
29.838
46.283
30.177
10.679
9.837
11.790
4.357
17.243
22.724
15.963
19.944
8.161
19.375
27.462
45.169
32.000
31.201
30.191
21.599
41.351
29.418
48.927
33.639
28.747
44.823
21.204
30.193
32.365
16.219
19.093
9.090
5.518
12.412
12.936
9.522
41.171
35.993
35.109
28.445
25.963
25.733
25.753
27.533
15.514
40.054
43.704
54.781
43.387
53.728
53.193
48.039
55.501
51.493
36.565
27.509
37.123
44.760
47.043
44.525
52.288
38.420
51.631
41.611
34.666
15.873
34.093
26.639
30.502
25.633
27.690
36.602
22.133
31.467
36.881
9.687
28.948
50.067
30.408
27.760
35.589
14.698
49.269
48.237
60.241
50.137
51.201
43.595
55.806
29.657
55.956
46.525
46.973
49.894
40.689
29.662
20.494
24.471
32.818
54.386
53.033
53.297
49.273
51.303
55.610
53.370
57.365
46.865
41.124
49.857
17.964
46.581
14.363
15.654
17.215
20.428
23.464
29.961
22.146
30.524
26.063
41.270
28.876
32.945
26.925
54.600
46.950
46.188
42.302
49.827
38.901
56.520
45.337
46.708
44.265
33.522
50.552
52.527
44.563
57.398
11.018
10.411
11.208
15.662
20.380
23.397
19.360
23.651
19.631
36.355
23.876
38.623
27.116
50.943
49.710
50.100
45.977
50.670
54.501
52.791
55.145
43.967
38.747
48.291
19.566
45.182
14.644
15.586
47.398
16.197
49.512
46.780
55.493
47.294
55.672
54.795
22.057
42.788
49.993
51.312
51.222
42.598
34.648
43.730
59.578
44.808
51.321
48.270
49.306
43.579
47.572
44.947
53.336
17.699
51.698
47.798
53.177
48.664
51.919
43.782
59.292
34.573
31.282
36.439
28.345
33.373
57.313
41.074
28.643
23.332
39.003
53.398
55.788
46.040
47.444
41.633
50.982
39.389
57.630
44.297
46.094
45.475
32.345
54.293
51.782
53.627
46.601
54.588
59.046
58.863
59.916
54.396
50.721
54.867
52.465
58.206
53.909
44.608
51.424
26.043
43.794
31.558
26.057
32.666
32.724
53.251
53.248
45.727
56.069
52.705
52.933
59.862
15.622
6.745
58.159
58.123
28.802
22.535
45.549
20.921
25.594
22.714
39.788
19.452
33.205
42.382
42.556
23.052
59.530
24.478
33.544
20.416
50.010
48.041
55.488
10.010
17.526
54.641
54.995
30.299
15.698
41.854
33.798
13.920
18.429
33.883
8.996
31.337
39.775
34.946
21.203
56.844
23.846
35.338
20.384
25.395
6.042
6.976
12.670
16.790
40.664
15.394
15.325
14.375
52.614
26.700
5.897
40.429
27.248
24.657
23.936
28.625
30.951
27.786
34.453
28.384
29.633
43.757
51.421
46.291
37.846
58.279
35.881
33.332
58.252
18.839
27.814
33.480
25.930
37.191
48.479
30.634
33.171
38.358
30.795
29.433
20.735
29.983
33.681
39.644
45.148
49.190
50.934
52.039
52.825
44.525
51.716
43.520
37.532
35.813
9.008
17.230
19.150
25.560
52.357
13.921
23.951
14.841
59.407
35.656
17.080
43.743
33.268
31.998
23.648
34.780
26.903
17.536
59.132
48.025
45.313
48.899
49.123
49.847
44.030
49.107
53.698
39.932
48.102
33.200
54.232
55.085
54.081
50.420
49.152
52.565
45.809
53.884
45.549
53.857
60.844
56.039
27.879
49.169
51.881
38.472
51.905
49.737
38.162
17.633
25.411
42.752
24.968
22.814
10.860
22.068
27.803
45.944
18.128
14.606
9.422
13.713
13.742
36.849
17.692
9.420
13.034
47.983
16.373
13.784
50.029
28.311
25.576
20.645
17.079
37.632
30.382
59.046
36.843
35.034
43.255
31.390
30.567
36.897
38.901
54.222
34.796
34.240
42.985
50.626
48.896
50.855
50.721
42.557
49.665
45.031
38.396
34.866
33.781
55.650
20.510
28.248
29.817
26.943
36.847
47.824
56.347
46.419
39.099
51.891
53.407
51.578
49.934
57.761
49.528
54.119
50.360
56.324
54.391
59.081
52.305
42.573
38.128
32.002
30.156
53.938
26.310
25.624
27.035
25.719
31.809
43.134
22.389
18.127
50.236
25.561
21.514
24.734
19.212
19.463
22.302
19.936
54.646
29.149
36.700
36.947
39.211
36.613
30.501
35.568
39.080
48.553
32.158
48.661
45.299
42.232
41.671
37.493
56.725
33.725
33.532
39.029
33.573
39.094
45.377
24.401
22.981
21.991
27.915
28.973
24.396
28.963
26.459
28.891
45.925
22.894
42.181
31.122
42.703
52.773
45.563
55.179
33.620
27.237
23.566
47.735
50.399
50.352
39.180
49.920
47.461
42.192
48.739
49.124
19.825
46.704
39.616
37.661
47.534
37.284
37.567
37.351
43.478
31.499
36.452
33.866
29.923
34.838
45.276
43.240
41.462
49.137
50.335
43.879
50.867
46.176
48.893
57.443
42.272
43.397
41.627
44.303
41.821
39.769
47.997
48.122
43.668
48.669
45.611
47.306
55.682
42.998
41.707
39.607
47.447
42.550
41.862
48.708
49.372
42.148
49.337
45.571
45.727
59.597
43.929
37.576
42.747
17.793
21.614
54.324
45.357
26.498
42.991
17.208
25.648
33.965
54.819
35.952
26.261
26.733
33.397
27.928
36.755
41.434
52.336
58.050
48.121
58.490
46.118
55.261
49.296
54.494
48.880
46.488
44.393
52.184
46.304
44.505
47.218
46.941
51.002
52.566
43.163
45.169
38.421
59.165
45.733
36.296
57.762
33.987
31.512
34.867
18.299
49.780
45.664
39.179
39.348
40.450
51.437
55.456
52.339
22.100
49.158
46.744
51.827
54.635
53.990
46.061
47.380
48.352
46.708
45.193
52.606
52.003
48.046
52.829
50.447
52.973
60.150
45.823
42.777
42.072
43.391
26.472
28.656
37.746
26.433
45.205
22.934
30.274
39.355
49.399
43.375
46.986
44.727
42.775
50.665
48.054
44.898
48.817
47.158
50.019
55.386
43.582
44.882
39.376
51.897
42.473
32.838
55.436
58.250
54.270
57.738
34.955
37.157
51.178
59.622
59.808
59.800
11.470
7.246
19.535
21.856
41.912
24.523
22.308
50.399
13.907
32.991
25.390
17.013
22.076
28.660
32.204
41.321
43.110
57.791
49.426
47.170
43.431
13.100
41.361
54.064
43.634
46.202
59.460
51.288
51.834
54.389
54.520
56.277
34.199
48.663
55.142
59.150
54.074
58.321
48.268
56.885
54.078
23.520
51.409
44.755
53.183
56.643
52.515
44.613
45.624
49.225
53.492
50.043
17.929
47.588
47.795
49.889
52.681
54.847
45.962
46.827
52.925
53.403
41.676
56.253
42.226
28.411
28.163
55.374
28.212
19.969
31.817
23.786
14.636
7.334
11.038
44.233
29.347
24.450
31.153
30.637
32.110
31.652
31.742
37.118
48.204
37.812
57.373
57.273
38.754
19.059
25.981
15.082
29.423
42.816
22.991
23.467
11.555
35.294
19.376
34.570
20.009
21.807
56.721
27.464
19.259
33.069
34.165
57.268
42.017
57.584
58.050
60.857
50.299
58.115
55.120
33.953
44.175
25.364
55.007
33.306
32.775
18.675
33.166
36.039
47.491
29.960
35.669
34.082
58.224
59.490
55.348
50.854
36.022
35.838
48.669
33.503
41.600
38.151
40.504
36.666
36.367
54.069
62.022
43.977
55.926
38.738
31.854
24.022
31.439
38.137
44.141
33.834
36.516
27.333
54.955
58.109
40.891
60.171
54.668
52.320
40.576
51.261
51.714
47.669
45.189
53.713
49.330
48.850
52.943
46.411
47.142
52.134
55.426
40.958
28.485
41.499
58.802
51.572
49.403
51.991
56.314
54.532
42.077
52.284
46.602
37.325
48.052
39.136
54.592
39.595
43.686
44.368
36.670
28.123
39.376
53.777
50.371
45.495
52.079
54.876
52.094
38.945
33.554
27.822
37.575
50.931
49.477
42.836
51.269
52.937
50.046
37.798
35.149
46.472
44.290
31.152
41.127
37.070
40.705
41.351
41.081
39.508
47.801
28.999
51.851
43.923
27.518
35.827
34.654
50.880
46.007
56.091
50.097
42.244
49.302
54.040
38.020
28.783
41.213
54.080
50.680
52.286
54.158
60.279
57.905
35.926
38.719
44.465
61.475
16.678
28.468
9.608
16.402
34.087
9.309
23.755
7.499
18.268
56.441
17.914
12.822
20.614
47.604
41.186
45.885
49.323
58.334
44.297
42.954
48.491
60.706
50.502
58.822
47.688
45.889
42.000
37.906
45.656
41.781
46.552
43.545
51.408
50.569
45.518
54.963
48.833
43.439
41.712
23.322
38.629
53.866
61.027
46.912
55.823
49.723
44.451
45.601
21.341
12.592
21.586
56.891
53.557
56.773
46.036
55.373
55.056
41.005
55.680
46.238
37.273
43.300
51.310
14.548
13.269
38.784
48.968
54.879
24.997
52.698
28.669
51.229
54.207
37.391
38.092
52.501
19.517
53.075
47.465
52.142
56.595
54.943
44.167
42.767
47.597
50.408
58.999
44.631
45.987
50.273
42.728
24.942
40.160
54.205
60.475
46.053
55.679
49.455
45.148
45.220
50.147
58.594
51.498
45.513
43.503
52.820
50.417
48.079
43.069
19.137
23.574
40.361
44.647
12.664
7.887
53.866
16.970
57.527
14.188
31.665
26.235
42.577
21.120
30.054
42.525
28.617
57.113
50.917
16.740
25.003
53.134
49.540
56.501
43.281
55.675
53.093
56.300
39.171
43.236
56.766
17.941
15.507
42.662
43.774
47.691
24.081
56.415
28.472
48.791
56.735
40.717
32.365
30.716
8.651
8.505
60.810
4.763
59.807
9.551
26.098
24.107
39.713
45.031
11.801
8.731
57.295
16.736
60.849
13.098
28.941
22.949
42.294
28.438
37.178
6.124
56.416
25.642
44.789
20.802
14.984
44.054
22.437
48.144
22.475
41.239
36.491
48.650
44.320
5.974
48.887
4.858
60.613
7.934
24.900
19.809
40.001
37.672
39.375
32.376
58.452
6.001
58.606
37.707
48.609
20.589
46.741
41.019
49.039
29.909
48.864
58.174
54.879
46.693
45.297
35.930
35.958
55.309
58.984
21.030
50.785
44.547
47.920
53.348
36.448
44.921
48.184
45.751
54.599
57.325
35.098
39.951
34.377
59.116
51.748
12.199
42.735
46.628
60.409
23.479
48.575
45.994
45.036
59.774
23.647
22.894
44.159
43.065
51.410
32.170
59.926
35.769
47.025
59.332
44.333
25.205
18.997
40.845
38.834
27.863
21.521
18.936
50.453
44.419
54.700
44.251
60.816
60.483
61.766
5.970
9.150
54.443
33.091
49.505
37.505
55.235
15.487
49.935
58.736
52.161
46.167
54.719
42.424
44.202
39.601
47.448
57.037
58.849
56.814
53.510
60.074
33.924
39.235
18.380
16.847
51.860
54.025
23.146
50.974
23.541
48.576
19.821
48.964
17.176
34.203
27.679
45.307
46.839
33.023
36.764
43.552
51.062
50.334
41.591
49.873
47.907
52.476
52.332
11.781
54.401
14.527
30.114
27.303
45.870
49.543
49.805
55.465
27.054
18.080
49.343
47.864
45.226
54.126
48.577
44.671
13.638
20.126
22.554
53.756
37.741
53.089
36.422
43.034
52.725
37.439
31.711
48.009
16.873
10.120
13.695
17.878
15.758
9.477
17.882
19.202
56.472
43.433
48.524
29.742
55.336
33.411
33.379
52.846
33.112
51.744
34.775
41.019
39.155
60.325
41.057
26.106
59.822
26.595
41.675
49.879
23.603
52.391
53.264
57.901
25.452
51.309
48.600
