29.254
38.058
43.282
57.642
35.577
51.927
43.634
60.532
47.531
21.687
45.190
25.150
11.606
17.306
42.336
56.541
50.085
34.402
45.696
10.522
51.572
50.616
44.208
45.471
19.411
54.321
41.310
47.323
30.222
40.074
21.292
27.717
39.249
51.433
58.129
48.235
33.086
45.707
25.061
44.710
55.709
57.790
53.468
35.028
35.907
37.324
39.835
10.818
49.977
28.221
11.981
43.455
57.583
11.498
53.949
46.542
27.672
22.243
49.235
55.874
36.436
29.337
35.676
50.494
42.304
42.887
49.732
37.763
45.050
40.189
38.626
55.886
30.942
42.640
24.867
48.631
44.634
35.223
37.048
35.104
50.745
34.879
13.420
45.846
29.751
32.778
46.520
49.343
40.581
33.402
45.065
49.676
47.833
30.147
33.290
46.222
32.701
53.168
58.274
32.221
38.285
50.008
43.661
23.807
54.133
21.498
44.122
46.286
47.238
48.854
46.768
43.487
30.715
20.421
48.604
50.296
49.900
52.285
57.679
47.639
40.606
50.023
37.337
10.628
33.984
38.196
49.666
29.870
49.555
54.082
39.255
43.803
32.782
53.400
50.766
38.654
46.124
32.635
27.204
45.826
34.867
41.154
12.502
38.112
42.032
36.796
50.132
60.403
41.870
54.476
23.696
31.816
26.169
36.678
37.064
44.069
47.661
41.505
23.994
54.807
53.250
52.754
44.079
37.456
46.199
54.581
51.815
30.073
35.030
34.022
47.805
50.314
55.174
19.582
52.856
44.437
57.400
17.780
49.654
56.677
47.554
57.871
16.638
26.023
21.935
44.682
28.472
25.972
48.831
36.500
25.439
21.450
49.090
42.808
48.147
27.195
42.159
21.306
52.898
18.144
45.300
41.465
45.131
54.738
57.357
56.723
43.131
17.076
54.915
40.625
44.722
25.724
55.157
36.651
54.477
53.226
37.099
49.382
47.064
56.414
44.559
16.770
42.193
50.167
39.711
45.287
56.979
43.928
19.562
39.656
26.058
30.291
16.623
10.850
38.543
41.641
37.680
29.083
57.154
52.171
28.750
45.697
37.336
21.434
42.989
51.226
55.290
53.394
36.150
44.174
48.644
45.911
55.912
47.643
46.417
21.939
37.558
42.081
52.217
55.096
54.646
43.172
35.534
52.969
37.191
53.378
56.012
45.450
43.111
51.221
44.545
54.026
14.756
26.203
44.373
52.250
43.686
42.895
36.187
56.438
47.517
52.593
6.755
41.610
30.149
53.768
41.814
43.218
39.816
41.233
45.135
43.199
44.001
40.679
45.638
32.713
44.953
41.168
44.565
60.253
45.492
37.110
56.565
26.760
36.665
58.982
46.937
54.959
18.935
43.023
40.139
56.372
34.577
46.194
14.594
46.849
54.939
41.797
28.106
33.994
61.030
38.780
56.470
41.801
32.442
50.669
36.515
35.778
47.378
50.984
35.005
23.655
37.665
40.880
43.066
45.762
25.604
48.262
29.405
40.117
43.731
31.720
20.904
47.380
49.175
59.389
41.523
35.298
53.619
37.206
47.312
53.602
33.769
48.577
40.958
31.553
44.479
39.027
38.613
59.905
34.346
48.657
32.220
60.029
41.321
51.587
35.242
37.354
47.831
56.272
30.329
27.682
29.942
48.933
31.569
56.863
43.776
26.648
42.962
25.289
41.594
57.697
48.157
33.490
34.920
58.165
32.242
42.032
39.513
39.420
55.286
36.868
14.127
40.447
47.572
19.520
49.483
51.225
31.072
45.311
47.398
33.550
30.788
57.683
39.985
60.129
45.197
44.073
50.757
61.099
52.154
49.444
44.089
51.069
37.933
34.569
45.528
59.292
32.061
30.123
47.391
44.470
18.145
56.746
55.536
40.786
35.370
47.567
33.727
36.134
34.616
56.125
43.835
50.267
30.483
28.354
18.683
43.584
53.886
45.751
24.744
45.100
37.763
31.627
49.797
42.399
27.358
39.297
19.507
52.253
54.274
28.071
36.306
56.027
33.561
60.328
46.356
59.697
54.115
56.717
53.495
57.677
49.567
52.631
44.310
41.844
48.713
42.571
53.106
52.495
24.934
15.160
54.341
57.312
42.964
30.018
33.254
37.469
19.116
40.699
56.146
46.802
44.306
43.663
38.784
16.553
53.176
41.786
52.283
54.748
48.613
47.666
52.174
57.311
46.737
49.344
57.356
35.918
43.154
46.071
33.495
52.580
48.418
41.714
49.769
31.980
42.852
51.643
41.376
54.313
57.225
36.388
42.673
32.926
37.032
49.612
45.923
46.793
55.929
17.948
47.389
47.113
49.240
29.224
51.923
58.698
46.382
48.276
19.673
53.398
28.255
20.053
58.859
48.905
45.868
41.021
51.491
31.411
49.358
37.130
20.939
16.454
27.061
54.248
37.745
38.685
46.373
42.835
54.923
40.350
49.662
41.206
50.677
21.564
48.276
25.538
17.337
36.767
44.867
35.308
33.806
15.142
59.696
56.811
49.717
39.413
21.018
26.011
50.438
38.309
24.347
28.195
28.901
41.905
47.018
48.646
31.529
34.790
37.577
53.029
46.438
40.835
41.863
52.866
47.060
51.018
51.893
48.775
58.202
58.340
32.702
46.084
46.636
46.679
23.027
38.130
38.357
24.997
35.623
25.331
55.448
42.693
18.499
51.353
52.066
44.798
45.179
23.735
25.757
5.979
38.415
51.628
48.906
57.063
35.304
27.152
40.203
20.949
19.647
51.379
57.528
37.123
45.321
50.552
21.003
32.023
49.324
31.443
45.517
28.311
39.779
27.001
37.529
48.731
59.578
47.599
46.361
56.513
41.727
39.717
43.600
28.487
29.913
48.688
27.462
41.560
54.113
23.640
42.225
46.685
54.078
17.467
44.710
17.176
52.756
44.072
49.273
47.237
54.758
39.084
53.799
46.748
26.853
35.903
48.796
40.976
54.728
44.858
39.784
19.745
15.351
20.198
54.801
55.074
39.913
39.970
54.169
39.300
28.920
34.613
41.934
32.039
18.187
17.956
41.404
31.119
26.375
44.654
49.060
28.426
55.945
42.837
34.221
30.650
58.964
45.796
35.534
43.420
31.657
34.195
49.409
50.990
32.055
54.503
41.709
48.837
35.062
18.651
48.613
42.080
39.078
41.353
40.359
55.983
42.196
44.342
34.862
27.184
37.839
43.710
52.859
31.621
35.434
47.582
47.412
45.552
46.569
53.238
29.714
35.380
49.222
42.390
16.386
18.185
33.931
45.139
48.220
43.219
35.375
49.923
22.314
58.505
50.401
31.558
51.233
35.110
43.735
46.524
44.446
51.682
40.011
40.442
16.430
47.792
41.567
23.932
48.759
51.072
38.605
39.511
19.171
26.680
27.492
40.782
36.191
53.719
29.483
43.596
22.028
26.005
36.666
50.983
18.013
49.216
29.466
30.942
53.715
57.057
41.485
42.806
23.004
53.437
49.845
34.780
52.680
28.215
42.562
52.288
52.785
43.361
45.195
48.507
39.919
33.888
31.635
35.550
52.324
52.278
31.550
26.223
38.573
56.598
31.008
36.892
44.104
31.453
58.321
45.281
45.966
42.321
54.604
15.914
56.495
39.929
49.178
38.997
27.201
38.657
44.918
44.866
46.128
50.107
42.306
45.744
52.764
55.964
58.351
44.078
44.521
26.377
45.186
54.264
33.693
47.448
38.963
46.906
33.839
53.661
41.201
36.745
46.590
47.245
45.823
47.922
45.442
16.329
41.003
42.730
38.266
47.470
33.001
54.398
53.685
51.337
29.982
51.136
37.299
58.604
27.317
53.567
34.437
43.861
48.302
45.877
28.442
29.375
49.017
42.922
41.816
51.436
14.275
46.756
57.478
51.075
25.711
57.057
33.722
41.945
56.823
25.217
43.914
25.575
33.500
54.144
41.407
44.626
30.678
41.210
47.535
45.934
25.603
31.999
35.137
20.077
41.061
32.771
48.913
45.051
18.721
25.362
43.461
48.885
46.236
55.197
48.837
39.017
14.923
55.326
47.960
42.864
53.720
45.065
49.596
60.277
58.962
27.503
26.080
48.166
35.501
34.068
38.453
23.522
45.543
55.077
55.584
57.831
53.229
29.532
34.038
24.276
54.098
20.290
59.559
15.402
21.123
44.432
37.374
30.908
49.032
53.414
26.518
59.130
48.229
38.690
42.720
26.393
30.556
55.529
49.047
41.747
42.315
44.312
44.034
29.616
37.689
42.498
60.396
27.868
30.516
30.552
34.105
42.790
52.673
59.612
22.920
40.936
30.418
51.342
41.736
35.030
32.062
57.022
45.836
50.923
40.124
41.538
39.302
41.442
21.048
46.063
43.783
15.820
45.955
46.762
23.927
42.506
25.507
48.275
39.287
36.690
50.231
40.459
52.959
38.789
49.989
37.675
44.764
49.608
29.813
47.394
52.632
57.688
34.633
8.729
56.071
33.800
36.010
13.045
51.253
37.543
48.803
36.464
54.237
30.577
35.466
28.616
23.930
31.627
30.574
32.685
38.180
46.031
44.271
43.249
19.338
55.820
52.961
53.549
33.640
51.156
36.442
56.586
19.858
57.540
60.297
28.593
42.694
55.171
37.189
32.828
37.551
49.963
38.121
53.863
27.615
53.905
32.904
52.581
43.938
46.885
11.167
52.473
41.046
46.501
46.859
35.034
45.714
42.557
31.903
29.864
25.166
41.315
52.453
55.441
44.096
49.417
37.495
17.018
47.063
39.088
24.059
49.822
34.791
44.410
39.239
43.771
50.421
37.246
51.169
46.340
28.447
31.498
34.344
52.945
17.454
50.381
43.613
29.027
49.542
38.718
52.026
36.293
39.507
58.695
45.120
45.294
48.560
33.971
43.430
56.234
45.778
53.077
49.582
56.628
44.163
47.303
12.008
33.516
42.971
32.281
45.532
25.889
10.807
48.737
50.379
51.878
37.897
51.087
38.899
57.228
47.124
41.206
54.916
59.069
53.540
44.772
40.639
27.882
40.143
38.129
17.675
37.856
54.387
30.090
39.966
30.658
12.954
37.355
47.764
46.911
24.140
48.674
56.501
59.720
48.152
42.245
32.300
46.327
17.688
29.340
50.509
39.900
49.615
56.242
22.156
49.510
38.430
37.801
51.131
54.866
15.877
48.603
33.229
33.468
42.655
52.096
31.881
29.871
59.983
57.405
21.404
23.040
41.806
45.400
54.047
50.083
20.807
17.185
53.792
35.883
12.110
32.899
40.051
17.434
21.738
60.498
50.523
48.430
14.555
32.037
27.938
29.297
35.237
35.007
43.693
49.417
47.581
19.642
38.096
46.564
48.265
12.329
50.939
38.046
40.802
49.851
54.198
39.141
47.663
38.813
29.628
20.128
40.087
36.454
40.593
52.652
32.004
31.489
48.207
56.298
38.880
52.829
55.250
45.777
32.081
24.645
53.868
48.982
18.950
34.367
29.571
32.768
19.858
57.740
47.956
34.600
32.976
51.729
50.241
31.600
47.024
45.936
33.119
50.494
52.852
59.117
58.508
53.567
27.952
50.345
56.405
46.564
39.628
24.746
50.197
46.558
57.552
35.407
35.614
43.271
30.986
48.438
56.890
49.598
20.485
56.255
44.547
15.285
44.698
16.982
54.548
32.465
41.967
45.481
54.895
42.580
35.790
20.580
42.539
15.057
38.037
42.302
33.466
45.456
44.375
46.694
45.899
44.684
24.639
48.323
57.459
50.246
41.750
29.312
47.229
39.848
45.673
46.528
35.961
33.110
46.467
37.438
33.950
36.653
44.328
42.926
44.116
36.601
59.186
58.241
40.310
60.518
39.685
37.788
42.498
26.170
49.560
32.573
40.535
48.261
35.066
52.794
42.785
45.377
32.350
30.579
55.017
40.500
55.228
45.994
35.505
28.339
39.681
38.825
49.221
34.065
41.645
12.973
47.871
38.140
40.816
46.099
32.663
48.217
50.686
44.841
44.078
47.223
47.809
59.555
22.073
30.025
40.765
35.009
10.295
48.447
57.588
31.234
24.917
48.051
34.036
31.260
45.500
41.399
27.792
53.102
20.509
55.449
17.878
58.072
17.263
37.064
39.067
49.052
50.970
57.580
26.062
36.704
54.891
35.287
49.864
31.613
53.963
44.266
15.308
39.746
46.119
51.974
42.248
29.771
22.843
52.865
23.893
31.654
55.556
58.302
22.538
39.370
50.001
30.321
36.377
38.001
21.856
30.804
45.795
38.908
48.277
37.668
53.301
42.425
45.141
31.459
39.554
59.515
46.893
42.391
25.715
51.123
54.146
43.837
51.936
10.207
39.186
60.086
51.383
49.147
53.009
48.326
23.858
40.570
55.776
40.739
55.080
35.490
37.050
49.915
44.397
24.349
28.467
33.272
51.329
39.254
18.990
47.944
41.080
35.665
43.804
41.377
56.531
27.052
51.698
32.706
47.981
44.524
31.679
46.664
59.855
33.420
30.352
42.035
21.665
30.724
56.029
37.554
31.514
27.687
36.655
18.663
33.650
43.839
17.906
44.673
33.899
57.649
25.032
30.498
49.622
36.658
36.961
58.222
59.486
22.629
36.835
55.019
58.621
37.958
52.879
46.613
43.008
52.081
40.990
34.117
31.417
28.036
54.471
53.026
23.554
45.819
42.915
25.410
43.194
35.594
44.859
43.131
39.201
24.301
26.342
22.802
32.557
42.656
24.709
35.235
33.183
43.172
22.206
5.607
44.928
48.690
39.842
50.657
56.124
37.632
45.629
20.994
36.867
46.283
27.362
51.158
39.517
40.292
49.753
45.003
44.853
52.552
54.113
37.672
37.535
52.904
35.983
33.835
44.625
41.438
32.935
27.234
14.796
37.079
40.892
43.256
31.656
37.626
43.791
38.727
17.786
17.480
45.775
57.316
49.992
48.647
36.940
58.500
31.045
46.012
34.676
19.938
6.298
48.870
26.669
50.957
47.194
52.549
42.011
41.455
16.857
26.138
48.380
39.743
46.547
29.014
55.392
39.847
52.792
39.545
49.255
43.666
46.838
46.657
46.466
43.886
28.743
54.833
38.320
22.582
53.496
37.367
50.786
40.025
45.981
29.773
28.376
39.566
47.968
25.700
34.719
54.663
49.397
41.932
30.252
45.879
54.996
57.616
51.947
46.966
37.807
22.854
47.144
12.967
51.355
44.246
52.451
25.139
45.796
23.788
34.649
40.593
54.497
40.313
39.964
47.533
53.413
55.571
48.163
40.746
20.805
39.871
45.338
56.031
34.283
36.332
46.000
41.907
45.945
30.954
47.782
46.454
51.558
45.182
46.943
42.723
36.035
48.144
42.759
52.728
42.488
35.275
53.742
25.815
29.301
31.140
48.096
40.674
31.254
38.401
45.141
45.784
35.646
50.442
25.100
52.916
45.965
30.479
32.141
38.144
37.578
49.316
41.370
37.558
32.940
38.122
33.090
52.076
40.896
37.367
35.843
41.487
49.531
51.542
44.255
21.559
32.194
47.031
46.911
50.243
46.928
35.058
48.092
56.483
38.415
50.693
50.030
11.500
36.203
24.144
28.159
31.191
49.023
40.427
40.779
43.592
57.559
22.342
34.535
22.478
39.391
31.006
45.401
47.389
33.574
44.494
54.661
43.666
44.589
48.995
24.593
31.148
55.583
39.658
16.939
41.841
58.442
46.620
45.308
38.451
57.320
47.815
33.296
27.052
25.650
40.119
56.700
38.594
57.443
48.216
45.393
37.531
44.447
40.956
52.749
31.383
26.389
44.394
52.354
53.121
43.750
46.105
11.980
29.507
30.333
42.613
38.893
36.604
41.854
40.188
24.227
40.773
43.426
39.462
35.878
49.578
45.605
47.703
34.172
41.419
52.092
31.508
30.021
42.018
24.953
44.879
23.108
54.763
44.798
35.152
47.441
28.491
9.836
38.824
51.857
27.734
52.226
44.949
42.710
13.928
26.017
53.383
31.504
46.015
25.025
39.114
32.158
52.815
46.045
46.672
42.372
54.870
20.965
48.457
40.017
43.497
54.056
52.372
51.502
36.846
27.528
53.588
13.342
20.377
43.530
54.861
50.268
27.481
52.455
51.909
30.565
29.665
30.862
51.988
54.942
33.305
32.196
38.254
23.471
24.326
42.529
28.486
28.154
50.430
45.821
50.599
49.037
45.998
37.414
56.160
38.754
54.198
52.629
37.406
21.161
38.527
58.944
49.053
56.929
50.325
38.419
34.779
40.974
59.394
56.826
29.953
46.387
51.222
52.136
29.445
36.976
40.745
34.756
49.303
52.563
36.542
41.668
49.135
10.810
47.994
45.154
29.643
35.650
47.506
30.474
54.911
40.925
49.106
17.561
57.742
30.564
54.228
25.500
42.513
27.368
48.870
40.550
41.585
23.542
29.286
39.882
28.088
50.343
45.355
18.817
51.773
43.013
35.680
47.688
50.779
14.454
50.813
57.060
41.089
31.830
52.765
52.784
38.136
50.966
23.201
50.200
29.680
58.152
53.230
52.745
44.984
45.595
36.389
29.550
41.400
59.377
41.224
35.725
18.398
53.685
30.037
57.350
53.352
32.448
56.753
34.225
45.670
46.710
37.511
30.476
53.070
40.720
29.147
18.363
47.409
48.715
54.935
48.226
16.641
52.222
41.744
27.255
19.415
37.457
42.477
49.082
44.845
48.183
38.063
51.654
31.646
44.762
30.313
30.867
35.642
51.371
33.483
11.281
41.589
40.294
49.074
32.077
39.342
47.155
27.001
42.920
44.157
45.744
45.420
23.462
16.165
42.066
45.480
38.200
26.837
48.366
49.338
50.648
39.544
45.669
52.654
42.759
30.947
47.748
44.019
42.936
53.411
47.192
38.370
30.256
28.901
28.358
55.741
16.827
35.891
26.526
46.892
41.890
58.843
20.609
43.406
50.828
36.569
47.899
44.601
42.883
51.329
43.888
36.439
28.310
36.586
47.123
57.432
31.595
36.761
47.254
55.805
40.062
31.359
44.494
49.580
42.350
30.967
46.314
56.776
44.393
52.789
53.954
50.133
20.454
9.595
57.681
19.774
48.013
50.151
50.479
27.223
24.671
29.771
40.433
54.491
55.804
51.119
45.157
52.507
37.924
38.860
33.568
59.528
27.321
59.829
60.364
50.900
52.032
19.433
49.461
48.124
52.021
33.699
35.840
46.665
57.975
41.914
20.088
30.847
58.291
56.865
45.642
43.948
47.551
47.206
60.995
55.733
23.811
45.293
58.441
56.630
44.433
30.102
12.286
54.597
52.360
15.298
54.368
21.916
51.526
54.001
49.274
52.061
29.215
47.462
28.840
39.947
43.753
58.270
37.753
31.445
42.928
49.912
51.082
29.347
40.856
47.268
49.649
53.414
42.450
37.255
32.216
35.144
31.574
30.361
46.728
17.555
42.026
14.905
32.919
53.821
40.856
58.895
7.419
31.447
40.217
31.513
15.878
31.671
50.449
36.158
52.804
19.682
15.982
38.690
47.598
59.310
46.429
41.881
49.063
46.028
39.202
53.930
53.191
25.879
46.620
27.277
41.174
46.457
48.403
31.476
47.601
53.764
40.294
44.055
51.133
45.583
47.017
22.207
32.949
34.199
25.656
32.142
35.139
40.607
46.602
33.924
51.099
53.070
31.346
42.606
9.464
34.096
38.845
45.039
50.069
43.162
52.005
35.873
37.734
47.170
52.248
33.341
47.650
24.820
48.710
49.807
45.630
30.579
41.917
48.953
29.252
56.721
33.749
56.666
59.946
33.503
49.541
46.002
52.069
38.452
49.662
47.773
37.452
36.855
45.325
31.559
39.148
30.589
40.495
32.823
57.157
42.854
29.833
42.867
31.489
43.845
49.007
51.492
39.692
11.737
47.800
15.670
33.262
49.554
34.152
52.233
41.165
30.591
33.537
49.486
39.503
33.963
17.679
40.624
50.878
19.279
35.257
37.099
54.355
48.513
15.338
51.250
54.159
37.785
36.839
53.410
46.223
47.052
32.168
54.985
46.974
47.834
43.999
23.131
28.207
58.150
35.860
43.766
43.624
36.082
52.247
57.226
40.695
28.766
51.411
15.377
42.007
23.186
52.615
57.009
51.067
46.569
46.401
48.124
39.835
48.272
35.259
42.272
45.947
24.262
43.472
49.924
42.971
43.158
40.906
51.872
59.798
10.529
42.052
55.506
56.110
49.238
47.221
40.040
45.407
25.813
17.176
41.275
18.793
24.321
53.095
53.686
42.299
12.157
36.998
32.933
57.902
32.443
39.534
43.329
27.683
12.751
44.338
42.592
56.761
40.064
45.272
45.380
33.481
42.250
15.284
39.058
26.083
27.208
42.243
41.072
55.721
31.054
41.046
46.329
35.102
52.822
42.233
42.420
54.213
41.308
35.017
43.164
26.525
43.035
48.854
51.179
50.238
43.787
48.311
51.506
57.348
34.155
38.390
45.062
53.544
46.703
47.555
58.890
52.071
52.214
48.950
25.534
22.078
19.077
57.531
42.116
42.687
54.928
51.217
43.946
37.107
38.711
51.872
39.065
56.545
36.857
22.167
59.231
57.401
54.898
35.173
50.679
43.805
30.543
37.379
40.421
50.676
28.518
10.071
25.541
46.417
32.104
35.721
49.893
28.279
14.137
8.797
47.299
22.420
46.343
47.849
55.713
14.056
35.005
37.636
48.386
44.838
53.748
60.080
41.172
43.871
54.320
33.237
44.391
38.736
25.577
44.750
38.414
44.557
53.570
54.433
17.939
31.037
36.375
45.823
29.275
47.937
55.675
56.857
50.354
46.777
52.830
52.979
47.234
45.360
38.817
51.198
57.746
51.047
57.234
56.859
57.143
45.358
51.579
30.388
33.508
7.671
12.279
46.540
10.806
17.708
54.653
45.883
47.834
19.229
36.114
32.575
37.875
36.855
52.842
51.162
47.721
49.891
37.235
30.265
20.041
38.085
17.967
40.813
33.147
47.661
18.536
43.752
38.497
14.493
43.010
52.539
46.357
39.497
20.697
48.379
46.776
51.177
46.920
43.480
33.268
57.392
40.792
57.133
45.814
40.223
52.131
44.476
50.478
38.101
36.925
15.356
46.046
46.997
35.420
52.481
36.389
40.876
49.717
33.422
40.025
16.029
33.483
36.119
28.893
56.407
22.853
26.567
38.737
46.239
32.347
42.758
42.129
52.963
43.943
45.911
36.693
54.907
47.470
38.866
41.778
47.879
32.087
43.965
48.737
36.966
32.347
34.231
37.333
22.054
47.969
51.705
48.494
58.564
34.963
36.958
46.744
34.045
19.679
38.182
12.616
33.492
56.086
25.457
52.253
33.054
58.130
46.939
42.532
46.211
34.782
31.105
44.237
39.568
40.322
52.827
30.563
45.021
43.535
19.305
45.147
27.505
46.779
38.256
35.205
48.362
34.688
35.739
43.010
50.956
47.167
26.147
46.247
20.152
56.334
50.845
32.565
45.820
34.646
24.402
30.205
43.301
48.601
45.741
51.263
53.648
55.311
45.318
29.967
42.985
48.599
47.212
57.892
58.233
46.247
44.806
26.650
54.927
18.267
37.630
28.004
42.687
36.449
25.751
45.879
46.538
20.430
23.356
36.295
56.490
37.261
58.168
56.606
38.960
40.431
23.871
18.602
56.916
51.187
34.670
45.931
54.037
25.611
24.163
46.794
28.259
19.728
46.511
50.379
42.968
33.006
44.475
36.143
39.825
23.242
55.339
39.337
49.476
54.395
52.402
49.208
40.469
47.550
47.978
15.024
38.666
34.048
38.922
52.260
41.005
18.043
27.779
56.118
56.503
45.683
57.938
48.624
49.207
37.944
33.683
33.063
45.334
11.396
24.434
40.576
39.358
46.935
34.613
15.148
23.407
45.446
41.259
35.164
52.863
34.585
49.481
33.325
48.652
28.520
35.241
51.602
23.968
24.584
54.734
49.121
46.096
19.874
20.228
45.714
26.441
35.899
28.075
51.580
45.375
43.813
45.913
37.457
33.086
11.345
43.393
52.861
24.431
55.655
40.534
52.626
31.392
41.465
49.551
39.562
52.853
49.375
31.531
39.901
22.979
44.443
54.192
59.008
42.751
55.977
36.942
40.050
45.086
18.351
58.873
33.402
28.939
50.030
30.367
45.154
25.204
42.798
23.805
42.311
45.998
43.898
41.954
53.275
46.825
40.732
42.380
51.248
41.392
48.964
26.179
28.073
46.659
41.788
50.308
58.841
37.021
44.085
44.652
27.565
36.607
50.459
54.947
51.010
36.583
48.718
49.390
48.949
58.245
16.008
21.364
31.076
27.230
41.349
31.432
18.076
28.103
59.924
45.709
43.420
50.811
30.779
48.440
30.420
32.168
22.645
37.457
55.001
5.265
44.953
47.496
58.574
49.455
39.305
57.739
57.412
42.300
27.707
39.625
34.812
57.856
45.060
41.477
45.841
38.270
43.718
45.320
32.896
31.905
24.640
44.555
47.316
41.197
37.660
39.071
41.987
6.308
36.434
23.440
61.956
33.522
55.409
53.287
44.158
35.172
57.142
36.518
41.369
32.260
41.264
40.104
35.293
36.000
57.364
40.261
6.811
46.991
53.947
31.404
38.014
27.917
36.598
39.349
39.104
56.495
6.233
38.970
54.449
18.056
45.779
40.710
52.578
53.161
38.530
54.479
29.976
43.524
35.092
46.143
53.784
21.625
31.080
19.134
44.045
41.095
46.761
30.140
39.432
59.867
45.067
39.760
44.518
34.970
48.301
49.584
47.217
40.238
28.656
56.725
30.232
23.549
56.448
29.909
45.117
52.744
59.774
51.607
13.673
39.532
56.175
51.964
57.313
40.415
52.128
46.710
51.795
44.129
61.027
53.635
57.593
54.594
50.974
53.294
43.255
39.788
16.990
44.814
30.325
12.060
53.377
55.264
40.535
50.247
28.848
48.085
43.368
29.499
37.744
35.498
55.145
51.378
43.052
34.041
46.419
32.844
28.045
58.285
40.259
36.933
25.417
44.586
41.121
46.270
58.542
47.326
41.820
50.448
49.932
45.563
31.216
55.235
49.055
53.530
36.512
47.870
29.564
34.213
52.261
39.989
38.178
57.588
53.519
25.447
21.976
41.103
38.132
56.423
51.356
40.549
49.102
38.757
45.409
59.534
24.596
41.612
47.123
55.872
60.079
33.568
37.907
48.308
47.504
56.898
13.059
25.348
35.580
23.063
34.081
35.336
38.416
33.871
48.777
19.564
37.883
33.838
53.829
59.536
38.288
29.183
48.143
20.161
47.070
44.520
39.136
46.001
28.692
33.744
25.789
15.326
40.009
23.754
47.282
25.200
27.558
59.416
25.714
28.682
22.841
32.772
49.847
49.668
46.352
40.904
45.759
38.448
19.442
50.975
37.415
36.763
41.624
41.331
49.627
14.818
23.734
56.640
21.988
40.526
32.621
33.697
25.256
45.489
59.550
39.273
23.831
45.003
28.203
25.436
56.668
5.685
55.965
16.084
50.139
55.342
47.934
50.400
58.951
58.718
53.076
53.725
48.932
39.384
38.396
25.162
49.757
29.201
26.608
31.506
33.365
40.096
47.361
45.165
49.105
37.916
51.907
38.612
47.539
28.456
43.722
41.892
54.883
45.525
34.830
55.171
42.506
48.212
46.285
26.855
43.144
42.621
34.352
43.257
41.186
41.730
9.426
37.040
28.589
46.783
30.302
54.853
5.818
49.282
59.789
37.840
45.717
50.016
54.198
56.161
58.102
31.928
50.447
48.898
55.946
23.591
52.944
52.193
54.309
42.202
59.455
29.718
45.761
55.329
24.624
41.744
19.912
54.644
47.512
39.742
47.291
46.880
29.126
56.175
50.847
50.164
43.834
31.787
38.448
16.331
19.813
44.947
28.444
42.780
37.274
50.403
48.503
16.328
58.263
45.749
50.689
38.618
34.297
60.876
32.907
47.106
46.771
43.485
39.643
57.952
59.699
34.322
24.516
28.993
26.475
29.922
52.807
52.883
48.848
56.208
20.883
44.024
55.753
58.986
49.872
51.755
32.054
35.980
47.068
45.814
38.792
46.295
53.057
33.759
46.828
25.257
42.086
57.162
57.060
37.563
19.198
40.554
35.412
44.317
36.956
26.677
48.217
42.133
40.767
32.698
29.257
32.061
45.689
22.701
32.970
33.571
31.116
55.497
29.476
37.263
51.735
40.455
34.858
44.864
58.009
50.040
26.527
26.541
32.989
25.630
40.571
28.163
41.304
25.587
30.459
14.338
31.895
41.430
16.521
43.700
29.903
42.957
43.533
27.778
41.734
59.951
16.977
36.027
36.234
42.556
47.059
44.266
54.517
49.623
42.770
31.806
49.035
40.240
44.427
29.391
29.592
39.925
38.294
47.038
48.571
38.853
45.903
57.380
43.795
45.893
19.294
21.568
35.802
44.123
29.477
44.573
24.270
42.080
46.057
32.429
43.071
16.626
51.929
24.295
18.235
32.963
52.424
33.741
46.891
27.176
43.404
31.021
33.486
32.985
46.874
33.800
48.124
22.202
34.201
36.274
29.029
29.326
42.451
58.880
39.537
16.930
56.600
41.148
37.006
45.849
49.805
30.406
50.746
29.619
39.634
31.808
34.622
36.908
36.781
36.028
43.283
21.644
36.162
43.080
37.393
36.994
35.197
37.834
33.771
25.423
51.263
53.516
42.267
32.323
43.070
42.084
48.323
45.320
26.899
33.551
57.479
18.760
55.123
40.129
47.094
13.579
27.361
33.917
40.803
44.385
19.352
27.253
31.908
55.294
47.223
39.857
44.059
31.980
51.108
33.461
50.626
35.089
8.497
56.115
30.942
43.809
41.624
55.127
37.824
48.930
32.321
53.101
38.458
49.281
44.524
43.287
47.181
36.670
44.474
36.743
36.162
53.091
42.818
35.967
53.963
60.742
45.641
38.835
36.987
34.120
46.878
34.683
34.780
5.541
43.973
52.879
53.097
37.609
36.851
54.067
25.065
50.868
30.373
46.447
43.675
54.679
45.239
56.253
47.747
41.060
37.068
34.635
35.601
58.533
58.022
32.548
32.642
26.685
54.683
24.370
50.717
41.726
50.966
34.264
44.068
42.605
38.019
20.715
37.863
51.630
56.521
43.595
45.412
50.976
54.969
50.909
32.944
50.444
34.754
35.147
34.483
25.195
26.191
33.476
56.055
41.470
48.578
54.908
41.407
16.346
31.240
36.510
25.412
35.638
47.052
48.531
49.529
20.208
50.754
27.636
22.614
40.062
46.780
31.065
31.572
54.155
44.476
35.588
38.460
26.698
34.396
37.028
36.200
41.545
58.195
41.563
39.790
46.117
43.731
54.550
47.958
30.646
56.394
46.902
48.851
21.059
42.093
46.284
30.848
10.896
44.616
45.880
37.660
48.724
46.479
48.585
28.842
40.903
49.073
55.743
36.726
6.757
51.812
34.120
36.357
44.993
20.515
43.221
31.277
46.482
24.997
15.646
20.782
41.379
42.895
21.723
45.939
41.746
22.327
15.655
23.771
26.138
19.946
29.431
20.176
55.526
50.559
47.238
45.628
34.641
44.299
49.140
26.050
27.690
32.874
38.196
32.738
51.361
35.453
57.172
41.113
38.988
44.771
40.098
47.127
48.590
39.867
52.742
44.425
33.151
54.083
43.971
33.854
40.972
28.572
55.486
54.304
38.408
20.280
40.397
53.571
21.914
51.556
33.206
37.103
11.554
40.270
49.577
50.438
49.264
40.228
44.951
48.103
47.596
52.247
41.745
19.905
45.287
26.549
16.677
41.779
54.073
51.823
52.306
40.142
49.225
32.217
30.575
26.088
35.455
39.715
20.659
32.787
21.929
51.969
43.697
55.032
19.995
59.948
34.255
37.531
27.068
48.055
43.274
21.639
45.477
15.614
49.833
50.877
43.807
25.733
40.471
57.489
56.826
53.473
37.882
49.784
57.745
41.211
38.825
45.238
43.865
43.793
14.747
46.099
54.078
40.419
32.262
45.581
18.317
33.089
34.746
42.583
50.820
51.572
30.029
58.481
36.403
45.439
30.064
38.991
51.854
38.086
50.036
44.613
36.723
18.022
30.114
27.747
45.653
29.613
38.067
37.866
46.766
15.969
48.231
50.597
49.637
20.941
56.624
36.054
49.297
15.385
48.337
53.747
48.339
53.255
15.916
50.584
46.071
45.360
42.032
56.892
52.906
58.270
8.496
46.855
34.588
48.253
49.363
41.355
37.266
14.769
36.225
58.024
32.566
27.025
48.384
44.550
33.018
35.038
34.997
50.084
27.627
10.620
35.202
54.948
48.875
23.568
20.727
49.268
12.940
46.479
45.405
45.100
48.543
46.880
39.728
45.947
45.652
48.717
34.891
28.615
33.753
56.452
42.035
45.487
16.758
48.396
57.828
39.950
40.450
44.905
42.354
49.041
59.757
55.908
16.213
49.272
56.731
41.639
59.567
52.659
39.563
43.244
57.438
21.314
57.548
31.083
30.755
54.354
34.676
13.544
51.329
54.247
55.427
38.194
43.229
51.990
32.887
46.003
19.569
48.314
52.613
48.610
32.373
53.470
24.777
30.515
43.860
42.946
41.420
43.881
50.792
54.542
17.993
39.355
44.284
58.068
40.539
39.450
57.377
46.374
50.184
51.051
37.547
58.485
44.834
49.143
38.503
29.871
38.033
36.513
47.644
37.281
8.914
33.508
39.906
37.960
51.661
33.364
37.874
47.908
54.718
22.089
37.041
22.998
42.421
37.246
45.677
33.584
30.435
47.498
43.262
35.713
51.430
28.080
41.651
59.974
58.654
35.144
45.983
17.656
57.605
15.370
32.268
39.691
43.810
37.311
36.456
41.727
54.709
52.349
30.704
31.962
10.664
15.172
53.458
51.368
50.778
55.216
27.383
38.046
41.453
34.447
50.525
45.997
42.007
47.886
38.723
21.212
9.781
54.895
47.847
17.051
29.653
45.139
45.829
37.139
11.045
51.772
16.506
37.417
36.360
42.403
45.920
38.940
42.511
46.180
52.670
32.423
25.654
58.584
40.765
51.854
51.210
33.330
45.118
42.581
42.484
42.568
37.580
42.961
38.558
55.137
24.636
56.712
48.109
61.144
43.829
31.994
30.478
17.863
57.418
50.318
38.238
21.383
45.092
23.736
57.029
38.960
21.994
19.745
58.099
48.598
25.542
39.797
53.645
56.893
41.377
52.705
34.157
55.593
39.850
48.508
50.117
40.736
50.408
42.400
48.461
57.044
48.604
33.969
45.904
45.295
39.327
29.150
46.573
40.335
54.822
43.342
48.355
50.656
53.359
23.200
38.410
42.890
18.506
57.253
33.638
56.924
37.074
33.129
41.041
41.752
27.271
24.653
49.204
30.432
25.842
44.077
59.860
54.515
43.673
20.776
42.876
45.462
39.800
53.965
57.813
24.748
39.561
38.432
35.538
26.441
43.112
41.371
45.059
49.711
57.502
52.981
49.491
48.328
44.914
46.376
31.011
35.151
32.878
34.096
40.508
49.632
32.309
58.382
48.227
38.069
25.638
29.923
39.339
42.364
39.636
52.164
33.534
32.328
31.815
39.326
25.952
58.623
32.974
37.189
49.728
30.074
50.540
41.151
43.589
37.755
30.972
57.459
45.262
44.233
40.207
47.175
43.281
58.393
25.417
47.578
20.315
34.687
51.674
31.206
59.885
51.206
43.278
41.313
25.781
21.782
35.305
28.225
49.178
54.894
29.853
14.301
40.697
47.102
55.159
50.275
30.314
47.458
55.213
37.300
50.148
37.581
51.900
35.000
31.601
44.671
37.604
54.874
27.992
17.529
37.333
30.188
56.585
56.021
57.632
48.264
43.311
39.623
22.747
41.771
45.255
42.314
37.146
46.017
15.672
50.506
42.477
34.496
55.730
45.549
24.902
46.755
48.810
37.975
56.212
56.310
44.445
49.588
46.060
47.760
42.803
22.188
47.502
55.969
43.256
35.049
32.201
35.785
51.110
50.958
58.999
43.956
48.070
44.150
48.865
39.061
38.024
20.096
32.362
30.788
40.655
25.055
44.984
48.460
39.420
46.456
34.914
43.381
53.153
50.880
51.623
39.929
50.299
42.125
25.737
42.183
34.468
47.123
47.113
54.506
32.333
24.641
39.900
41.481
14.379
47.085
32.158
11.736
27.717
35.867
37.584
54.646
47.122
49.279
49.236
55.637
26.061
16.682
38.635
47.742
44.280
47.338
45.802
46.197
32.463
16.544
49.351
43.205
36.961
36.808
52.102
32.761
23.433
43.792
53.360
30.142
55.479
39.487
46.936
41.887
47.784
59.253
40.359
15.246
37.654
27.082
25.712
43.318
31.124
41.249
39.107
50.457
41.076
50.317
51.996
41.345
48.566
36.646
22.384
45.205
49.971
45.953
50.935
56.358
17.042
37.904
43.093
34.408
32.411
40.297
56.315
11.222
27.874
6.520
26.381
45.581
28.993
14.286
45.037
26.386
51.894
29.045
53.387
38.801
46.914
20.143
24.100
21.227
51.759
13.906
25.369
26.989
36.086
55.641
45.535
36.312
47.020
36.793
33.166
39.846
39.681
51.332
40.095
50.369
43.296
45.673
40.603
52.486
44.387
29.182
54.721
43.275
38.170
43.468
44.059
60.175
43.034
39.060
48.676
37.891
42.705
42.563
54.622
55.745
45.431
36.191
50.868
20.962
22.648
39.887
44.925
46.518
43.368
33.195
35.177
42.162
44.182
31.962
43.499
45.253
48.251
58.145
30.889
55.334
58.601
39.413
27.348
57.651
14.074
29.983
56.388
54.775
35.387
53.993
47.349
29.315
34.636
38.392
36.818
33.518
35.092
44.498
50.698
49.442
53.645
55.989
50.208
27.266
35.420
53.396
56.299
31.252
35.009
25.405
15.184
36.253
27.430
37.185
26.654
7.405
59.158
54.168
55.327
37.063
40.725
21.125
37.229
39.471
45.942
41.705
50.628
36.446
46.548
41.067
48.663
42.276
53.046
40.148
49.170
48.987
50.982
49.257
40.046
57.663
22.931
46.477
34.637
44.504
49.520
53.114
22.940
49.578
22.220
51.903
35.921
49.296
37.468
27.433
51.529
45.389
33.886
58.677
42.686
17.099
18.874
38.689
44.575
38.443
29.869
32.443
45.596
21.170
14.991
28.988
17.828
34.092
31.031
59.298
32.096
46.429
15.454
51.092
49.399
43.797
53.315
52.233
40.070
55.160
49.652
31.867
49.216
40.849
28.011
54.137
53.329
60.263
42.511
35.476
51.982
42.126
25.960
29.800
46.196
34.143
22.674
54.292
48.376
34.684
40.935
44.238
55.415
35.273
38.989
49.020
34.596
53.645
38.647
25.179
56.974
50.703
60.513
40.689
39.771
49.035
52.117
50.508
49.423
56.275
45.312
55.299
39.415
36.751
49.844
47.729
39.079
31.334
48.756
42.576
35.175
13.874
53.412
33.123
44.236
51.534
41.539
52.662
42.826
36.188
44.226
58.546
34.067
47.088
44.303
29.752
43.138
33.565
60.173
30.827
42.774
26.465
52.644
50.966
40.270
45.768
41.683
48.514
38.897
42.748
49.681
31.230
33.790
49.585
35.451
36.780
45.523
40.053
49.107
42.936
52.696
41.273
46.646
38.590
44.406
50.620
46.448
43.207
40.449
42.584
33.347
31.131
38.444
41.418
39.673
59.348
35.546
41.083
36.089
23.481
38.067
42.644
52.129
51.128
35.498
42.505
51.359
46.875
57.905
58.516
39.901
40.468
54.947
44.861
50.482
34.991
35.391
39.303
47.627
49.838
8.456
31.764
50.283
43.843
37.729
39.863
19.591
51.016
50.897
59.465
34.911
40.933
41.549
37.462
51.405
27.702
50.293
41.035
58.940
40.574
46.696
24.814
5.819
31.492
38.337
33.782
30.083
45.452
49.201
56.352
35.915
34.373
49.713
37.882
31.851
35.306
50.910
35.884
55.310
34.701
14.589
39.047
25.885
21.386
31.025
45.624
24.981
54.010
27.164
43.902
55.080
42.731
48.399
51.159
46.637
47.888
49.506
13.969
29.853
48.101
25.977
54.803
43.864
44.594
42.082
46.532
38.595
53.994
27.385
40.055
38.013
31.360
52.869
50.450
47.918
41.119
54.314
26.789
34.847
42.265
29.115
51.950
38.088
41.194
37.394
16.691
46.839
36.810
54.687
42.085
39.860
39.725
44.381
44.949
41.183
31.056
29.348
53.116
47.950
40.854
51.655
43.083
32.080
26.788
35.532
49.280
43.014
40.408
47.995
32.062
35.879
49.538
23.871
27.321
20.299
59.174
55.126
43.331
54.275
51.191
24.104
31.549
49.435
33.953
43.351
37.731
52.057
36.438
21.493
54.939
19.131
43.268
40.083
36.568
41.697
52.662
25.229
50.213
37.622
33.034
27.662
29.688
31.290
39.969
34.663
45.368
36.880
46.876
47.683
25.583
51.256
23.249
47.324
59.348
46.137
21.489
32.647
37.249
7.118
40.350
32.534
53.784
29.201
43.846
44.398
54.428
46.152
19.892
15.916
39.945
44.873
9.614
35.697
56.442
36.563
40.283
49.988
33.894
29.302
25.037
43.761
56.457
38.442
55.397
41.341
49.166
30.412
50.631
32.469
38.024
18.376
38.137
49.212
50.285
35.694
53.822
45.171
53.953
31.993
52.005
61.236
44.260
44.871
14.537
44.451
47.420
41.124
36.280
48.114
40.739
60.971
47.005
54.561
41.052
10.120
34.685
56.440
43.320
27.874
15.668
10.444
49.196
45.879
56.182
46.867
35.415
41.431
45.147
32.000
43.736
41.108
44.030
53.232
43.983
40.280
31.945
48.025
40.060
53.693
51.221
40.661
37.767
39.133
48.097
39.911
45.233
42.447
51.108
31.040
32.689
38.697
8.992
17.113
29.542
35.678
42.484
19.422
54.321
29.408
44.339
22.706
58.565
29.883
47.777
31.788
39.434
26.723
37.189
13.425
27.376
26.023
51.812
37.770
14.166
17.076
47.905
55.210
43.893
38.203
50.462
41.989
44.915
41.274
46.384
49.236
18.207
37.562
7.783
45.919
37.022
42.191
37.023
47.398
50.247
53.255
44.198
31.471
53.275
29.741
32.280
50.608
56.978
35.111
22.718
54.699
10.593
53.435
41.731
56.128
31.181
47.117
12.260
45.354
50.159
53.137
26.355
32.529
42.398
12.010
26.463
50.866
21.137
44.244
57.742
43.871
36.009
35.952
35.062
28.979
18.091
46.052
29.111
53.185
42.256
43.601
45.086
27.050
12.423
34.339
36.521
29.921
41.719
43.874
46.254
47.693
41.050
37.130
41.767
43.400
50.051
56.925
52.107
45.526
42.938
39.901
40.722
41.550
44.615
45.857
48.669
44.294
50.036
12.203
51.598
35.767
28.420
34.669
38.574
48.213
42.035
45.287
22.190
35.957
22.105
42.082
46.518
56.563
36.818
54.351
35.517
42.945
60.007
31.386
34.210
30.562
40.722
34.914
31.186
38.336
44.974
16.512
26.753
26.473
45.514
41.185
52.912
51.014
41.862
33.048
32.509
57.132
38.151
13.982
30.487
51.033
27.435
45.417
56.029
47.479
38.238
53.389
51.635
43.638
53.631
60.163
46.469
35.615
18.009
48.202
39.411
19.199
39.571
42.670
40.040
41.561
47.359
41.831
39.781
45.612
51.335
48.089
22.536
40.013
59.699
24.568
22.414
56.750
31.433
20.349
40.948
24.875
52.600
42.846
37.155
45.164
46.493
36.815
51.776
30.788
35.367
55.225
47.545
13.451
54.033
52.332
25.039
38.186
44.606
27.950
48.355
39.560
60.244
33.305
49.769
44.780
45.821
41.738
18.819
25.595
46.036
37.552
40.504
47.758
58.097
57.003
41.541
57.117
30.788
24.924
35.812
26.359
45.460
26.796
31.092
24.738
46.856
26.043
40.711
46.997
49.306
55.860
46.892
45.606
30.595
27.459
58.308
19.588
46.465
32.320
38.504
48.376
40.923
47.099
47.928
11.889
34.302
40.282
21.300
40.725
38.795
35.580
41.291
40.735
49.632
30.555
34.171
42.161
35.552
47.354
58.083
44.588
42.346
57.414
30.742
29.319
48.083
45.455
49.072
45.094
38.652
37.754
33.855
54.232
47.690
36.415
52.355
42.362
45.355
36.259
59.839
50.338
46.055
34.381
32.367
27.413
43.390
47.431
53.036
32.530
45.717
21.200
36.137
36.943
39.761
39.074
43.257
43.386
43.130
49.302
44.883
45.353
33.540
31.909
52.287
37.703
9.110
26.121
44.537
33.908
46.516
31.143
53.409
20.787
39.218
28.426
47.632
31.340
46.675
21.746
60.173
31.145
44.724
22.894
40.619
44.099
23.500
13.231
34.265
50.812
51.856
38.036
20.800
25.352
49.469
51.358
38.191
41.583
31.416
46.039
36.498
46.666
31.845
33.184
48.830
37.250
36.713
45.401
41.755
33.610
52.574
50.320
33.725
49.157
27.232
48.155
12.072
22.876
52.162
45.198
16.666
22.445
25.552
37.765
48.309
38.599
43.429
40.974
53.686
40.535
32.518
47.559
29.875
58.340
35.901
32.802
52.351
59.115
27.342
54.687
25.676
55.082
57.488
47.840
46.126
38.258
15.100
33.843
55.815
24.235
42.482
57.502
12.491
55.217
45.283
47.543
52.511
32.250
44.194
26.196
39.250
55.017
22.838
45.737
23.230
32.639
53.339
34.518
46.242
38.221
42.069
54.806
25.884
47.520
30.048
47.152
34.560
35.574
55.498
51.685
53.268
40.418
29.774
55.284
14.093
41.149
38.811
52.181
52.324
28.843
58.430
42.501
41.644
46.793
31.680
59.309
31.619
51.492
44.400
42.439
52.644
54.822
40.942
38.546
41.721
24.671
40.694
22.212
16.579
56.595
38.143
48.785
19.369
33.217
11.765
45.481
40.900
26.198
35.971
40.505
34.743
44.874
46.205
38.968
51.581
38.112
32.666
38.371
29.348
43.762
50.760
48.610
25.556
32.813
16.939
27.858
36.381
38.891
50.711
47.078
44.278
19.818
46.697
48.391
40.463
51.817
19.836
45.566
45.886
30.156
49.149
36.375
40.693
43.893
26.778
42.136
19.404
26.879
43.168
60.635
40.581
41.309
35.908
25.379
43.970
22.484
54.882
33.642
53.817
26.945
19.530
52.063
49.909
47.976
42.584
24.975
21.354
47.798
49.659
39.713
39.241
50.249
36.264
22.949
40.559
31.801
44.440
36.723
24.563
24.388
47.554
29.298
41.758
23.331
33.650
21.555
43.995
24.627
48.637
31.100
21.176
24.617
47.610
58.371
40.724
49.898
16.207
27.147
57.004
47.406
32.694
42.567
25.542
38.992
52.591
40.115
48.319
45.107
41.283
45.298
31.892
55.139
25.661
16.093
35.415
24.130
40.761
58.934
56.294
38.460
47.910
38.206
34.707
50.254
20.912
47.314
36.955
39.231
58.293
49.787
27.572
55.671
55.725
55.059
45.743
39.871
47.045
50.815
30.276
44.359
22.847
39.698
53.497
30.357
55.729
30.599
39.393
54.109
39.216
36.444
44.384
54.701
44.894
20.334
50.610
35.481
33.105
47.498
19.504
41.795
42.822
9.309
41.415
30.050
24.331
28.861
45.936
55.406
52.636
48.454
41.404
43.795
48.020
14.627
50.420
21.131
50.100
51.890
32.503
40.326
47.196
51.582
51.485
52.235
51.283
43.795
44.819
12.346
49.528
46.871
44.091
45.933
39.210
51.752
11.621
45.486
32.231
46.355
48.164
27.996
45.041
33.438
48.645
54.556
51.576
40.176
31.867
41.921
44.067
48.948
31.767
54.954
26.512
44.363
54.613
57.310
42.847
45.348
35.339
15.563
35.125
43.201
31.194
44.004
31.659
26.017
14.610
33.058
47.995
36.555
38.012
43.390
19.876
52.338
25.113
50.484
22.254
40.196
59.056
25.538
44.707
54.069
41.588
30.879
18.462
32.880
6.957
27.404
6.191
46.246
24.458
35.202
15.032
49.798
54.333
50.147
34.700
48.284
35.932
32.287
52.538
45.698
51.268
53.005
35.669
45.844
46.279
50.566
14.580
30.071
30.594
40.739
45.240
49.194
51.840
48.193
57.330
41.332
35.489
39.913
40.745
44.164
52.206
29.721
35.587
46.896
44.698
51.007
42.466
38.620
25.790
20.965
45.451
57.222
40.647
26.015
50.133
21.231
41.757
41.540
45.967
37.837
42.499
49.636
21.672
31.503
45.144
54.458
44.324
33.312
43.757
38.693
55.674
48.202
34.175
31.753
51.110
51.859
35.732
37.425
43.665
44.916
34.821
30.421
52.394
45.274
39.756
27.722
44.071
46.355
28.207
29.744
43.395
50.411
16.723
41.176
39.466
45.964
36.587
52.609
47.046
26.798
22.470
34.043
53.236
53.572
21.637
49.969
46.312
37.214
32.164
57.303
42.011
24.629
54.879
39.769
40.598
14.065
22.212
38.656
46.167
28.331
49.841
54.486
55.005
44.823
25.446
38.814
41.402
31.360
53.571
52.355
54.532
56.135
34.404
37.217
39.411
27.473
37.492
34.932
39.954
46.670
51.374
37.143
47.064
36.509
41.369
43.317
35.338
45.493
55.367
51.438
29.244
46.756
32.920
38.028
47.769
22.096
52.738
25.375
45.045
46.136
29.198
18.084
39.311
44.915
29.817
31.763
32.821
40.688
57.933
47.345
37.628
52.814
55.840
29.666
43.611
31.936
43.985
35.952
12.935
50.804
35.347
51.443
43.924
52.439
39.724
43.104
41.622
33.492
42.360
42.609
44.651
49.432
29.821
56.018
53.676
50.120
12.005
48.676
47.071
60.428
25.449
54.334
28.830
43.625
56.012
56.155
51.019
36.354
43.685
30.459
48.196
44.688
38.162
53.658
40.452
36.415
56.027
30.551
44.235
40.448
54.561
35.373
43.405
32.440
48.720
45.736
33.323
48.747
49.604
49.188
55.947
33.197
24.511
32.613
51.417
42.778
44.927
38.825
43.195
52.752
56.310
20.533
52.947
58.415
45.675
44.718
44.072
41.595
42.742
35.605
46.473
43.080
41.293
41.079
31.468
50.305
42.614
42.023
50.298
33.415
57.112
35.457
39.019
31.611
7.548
47.265
41.593
41.441
44.853
50.781
43.542
23.953
30.689
38.612
33.211
27.388
35.830
51.682
30.273
43.448
43.278
57.267
50.768
47.590
13.113
40.068
29.499
44.685
24.588
6.010
46.221
50.754
33.896
39.874
33.348
47.182
48.892
15.883
48.154
47.219
38.296
51.021
31.618
20.004
51.472
59.132
31.975
39.152
34.592
47.784
48.695
25.639
33.758
34.092
41.690
32.590
51.647
33.780
24.319
46.247
46.612
34.419
48.928
58.648
30.115
30.365
56.266
31.655
31.917
42.398
46.743
29.971
29.810
50.205
42.485
42.630
35.218
39.170
46.098
45.965
37.927
30.322
38.555
32.800
54.342
58.086
41.184
28.938
51.987
51.228
25.424
33.428
46.786
19.249
42.402
35.664
38.397
24.233
40.379
50.725
50.087
29.694
46.196
40.682
55.783
30.458
32.620
23.941
40.835
29.238
39.634
43.744
56.250
20.688
50.993
49.735
36.555
42.424
31.189
56.560
58.585
43.845
53.664
52.453
46.950
28.983
42.016
46.264
44.092
40.041
39.002
43.995
54.367
51.501
23.756
54.167
40.728
30.444
29.041
58.335
44.680
28.734
32.887
48.150
39.837
55.389
40.192
46.841
35.925
26.474
51.437
24.786
55.738
43.469
54.221
33.583
49.448
46.533
23.238
35.968
27.467
29.517
41.757
52.085
45.279
30.187
54.615
43.525
37.636
33.428
49.929
18.255
45.748
34.329
55.609
41.176
48.750
47.395
42.202
50.013
15.047
54.292
36.952
47.495
49.231
56.793
24.096
53.103
46.324
28.783
39.489
48.236
44.828
28.262
45.077
31.971
28.136
33.294
38.594
10.636
58.410
36.272
15.518
56.219
41.053
15.474
19.628
41.915
28.965
37.444
46.307
36.672
58.268
32.320
34.465
23.143
61.086
30.932
24.229
8.077
49.334
31.391
37.208
52.563
34.532
50.248
43.152
50.632
50.854
27.106
42.025
42.132
57.288
22.274
40.520
59.184
49.536
20.078
39.932
15.299
33.814
49.124
28.002
38.858
36.009
43.386
59.926
35.658
53.748
44.584
53.110
42.838
38.013
30.995
37.707
46.238
38.046
40.452
44.438
17.558
50.982
46.950
46.625
57.126
49.815
35.063
30.429
44.993
45.313
36.068
26.099
22.076
37.653
39.893
45.587
48.107
33.983
25.405
28.325
45.462
54.048
46.634
42.757
25.854
47.565
48.766
59.758
21.813
49.322
44.956
50.672
48.791
52.258
26.996
49.283
21.095
48.004
44.230
43.165
44.050
22.027
45.695
45.098
47.403
55.983
46.215
25.948
50.754
28.528
30.748
34.479
44.280
50.835
29.836
40.014
47.178
44.850
42.639
48.527
46.948
47.200
54.965
45.325
34.729
57.980
31.969
42.953
38.842
55.216
51.926
51.726
54.497
43.708
46.691
33.883
40.770
47.377
23.054
30.320
35.275
40.113
44.568
42.037
31.504
41.774
23.575
44.563
46.697
35.184
44.481
13.869
28.345
38.749
44.169
43.535
39.305
32.801
29.713
16.202
48.917
20.885
54.471
8.838
56.466
35.710
57.600
28.864
43.982
35.296
14.826
43.755
41.651
37.403
53.143
48.511
49.549
50.955
53.351
45.385
40.591
35.344
41.024
41.436
41.069
30.466
43.865
33.863
58.595
38.024
27.123
19.181
36.548
40.655
50.391
36.449
50.647
39.192
35.063
44.326
38.036
44.950
29.850
38.952
50.364
34.416
39.547
45.308
59.869
49.157
37.262
50.360
52.538
50.885
30.560
49.514
16.117
24.394
54.303
38.626
24.733
25.171
59.202
40.716
23.531
36.080
31.765
33.609
48.070
14.137
39.471
46.161
26.469
24.559
41.153
46.825
39.507
52.860
37.800
40.834
15.933
39.545
23.968
51.035
39.206
29.946
37.940
41.215
52.848
53.220
24.451
43.888
42.307
56.598
48.246
32.314
44.155
50.168
46.542
41.945
58.211
48.722
36.031
41.433
37.596
45.511
38.536
46.671
46.425
48.841
47.048
24.035
39.821
44.936
39.673
55.193
48.942
53.811
30.308
24.126
17.262
60.536
16.739
35.626
48.430
38.581
59.003
51.796
39.470
33.644
55.429
40.420
37.265
45.903
36.931
43.139
13.712
53.160
57.339
36.683
55.834
26.835
32.232
48.950
27.574
25.434
47.973
31.417
19.251
40.771
36.457
23.794
25.010
41.665
46.355
21.808
57.894
46.300
45.088
31.955
48.271
51.648
42.464
47.222
53.026
45.619
40.844
22.676
35.710
30.834
44.765
39.564
45.158
38.368
9.675
6.234
46.075
38.983
55.064
40.464
52.849
39.494
33.352
51.120
35.366
32.364
47.583
27.697
54.141
42.779
57.953
39.899
38.449
57.714
47.034
48.501
24.898
16.424
37.667
24.129
55.063
46.795
42.392
31.232
41.602
18.914
19.590
44.342
45.774
43.416
31.794
43.626
47.604
41.166
29.598
37.846
49.439
57.083
48.677
50.968
45.385
29.396
40.270
48.766
34.847
42.534
54.527
42.177
45.099
41.631
26.385
55.917
44.998
15.570
50.574
43.109
45.905
48.873
50.447
45.002
48.516
43.401
17.757
49.827
41.095
53.403
27.980
58.868
5.784
50.139
28.751
48.972
45.186
51.656
36.895
54.779
33.616
41.694
48.510
54.694
15.240
34.151
36.724
45.710
22.302
53.917
31.713
18.444
47.956
35.632
46.245
55.499
28.590
28.043
52.236
46.070
49.956
36.622
26.356
35.986
35.177
43.714
44.385
48.698
58.875
45.717
30.050
34.254
32.803
47.295
34.125
55.021
46.218
31.560
23.794
38.753
45.534
52.929
36.827
54.435
38.034
30.278
33.311
52.148
28.144
43.846
55.708
29.489
39.921
28.583
55.273
41.876
38.829
39.638
31.739
41.218
40.610
54.276
34.551
18.722
32.429
29.733
45.491
31.295
44.237
32.990
21.910
11.268
9.530
51.431
52.556
48.375
40.849
52.227
57.930
29.343
41.788
42.015
37.022
49.987
22.950
45.567
9.561
57.380
24.523
49.123
38.633
43.954
42.325
53.003
35.372
32.799
22.729
44.147
34.101
40.583
50.338
49.953
20.691
46.281
45.371
45.091
40.620
43.212
42.764
39.184
44.574
44.480
41.946
37.339
56.449
47.157
33.962
36.195
37.801
50.051
28.141
24.641
26.379
49.471
48.846
44.418
34.022
46.709
38.762
43.367
38.938
47.728
39.865
39.361
46.484
41.183
27.457
30.573
37.302
32.486
52.047
8.089
44.137
47.307
30.375
47.028
43.000
29.922
44.008
53.615
48.645
44.304
16.958
59.681
55.408
36.278
9.066
41.806
22.032
43.333
40.536
33.311
50.107
52.889
50.496
56.099
18.991
41.409
28.371
54.049
48.458
47.585
51.097
31.438
10.508
35.701
41.714
30.909
28.652
46.122
56.617
44.500
54.912
43.632
30.628
57.324
59.830
53.337
52.029
34.133
41.967
42.552
40.759
45.039
39.062
53.916
40.107
42.557
56.065
44.832
50.929
30.666
38.581
47.128
55.190
55.708
39.762
34.056
36.011
35.698
17.133
53.071
55.976
54.264
47.983
27.115
57.540
48.468
25.428
45.394
44.209
36.878
55.594
29.096
51.719
38.732
14.984
40.924
40.591
45.048
47.179
45.222
39.529
54.674
39.673
36.595
35.955
37.914
48.149
48.543
54.974
44.146
41.106
56.139
39.934
42.995
16.922
26.667
28.225
46.858
40.643
56.251
42.366
41.985
26.206
59.315
46.348
34.293
38.937
47.435
57.850
38.658
21.608
14.710
48.228
50.616
51.197
38.994
37.219
37.744
43.474
45.487
41.435
54.223
20.121
54.089
49.382
27.416
26.855
22.555
30.220
46.434
44.188
36.863
27.539
50.446
44.301
33.175
43.805
29.333
44.047
29.517
31.364
47.091
36.311
45.902
48.647
41.066
44.307
41.129
41.118
32.792
57.848
59.677
49.940
38.925
51.264
20.396
35.789
41.308
51.166
33.280
40.142
41.064
36.663
41.932
54.026
54.517
36.088
50.937
40.343
45.248
24.322
18.838
45.939
43.148
41.535
38.105
53.712
48.549
25.434
57.412
26.991
49.919
34.612
42.319
40.311
40.583
30.831
46.842
38.187
19.028
36.919
8.403
34.861
41.915
27.601
43.127
36.415
57.714
27.844
53.489
32.239
51.244
39.007
37.031
37.145
46.372
40.915
24.159
35.801
25.171
50.461
49.380
46.793
42.998
16.917
31.233
32.626
22.370
33.826
26.131
22.336
38.243
50.579
42.015
25.637
37.608
30.801
41.754
46.685
28.169
40.268
37.648
42.027
23.523
29.851
41.999
53.908
31.641
53.726
41.159
52.742
28.794
37.093
56.163
33.634
41.471
33.674
47.383
47.875
21.171
23.275
32.064
43.808
20.581
53.594
43.741
44.325
31.661
33.436
34.193
10.915
28.950
46.783
46.376
56.651
39.553
51.411
50.753
40.404
36.169
49.150
52.209
24.548
11.324
39.080
38.176
49.078
38.289
40.648
34.422
32.858
21.404
40.819
45.597
30.692
35.112
21.727
49.527
58.144
41.425
32.497
30.861
48.796
37.765
38.957
24.713
55.921
45.584
53.680
12.603
35.490
51.885
12.791
54.864
43.978
37.718
49.489
25.634
35.372
55.324
15.122
14.075
55.065
11.032
25.391
29.967
47.097
19.210
40.867
55.430
49.412
45.231
48.648
41.340
26.827
45.365
49.012
39.801
34.611
33.582
46.514
24.192
56.216
28.634
44.681
51.273
49.918
40.312
47.163
15.493
53.370
38.073
44.435
47.892
48.533
51.678
20.421
55.615
47.680
34.476
16.363
34.226
47.764
32.288
27.213
34.940
30.222
38.092
38.207
44.464
44.190
39.547
41.140
52.305
38.589
18.445
29.525
26.076
45.083
20.517
34.900
49.418
29.033
41.863
53.819
34.798
44.369
47.076
45.672
36.049
56.525
51.495
33.338
25.295
31.590
47.834
40.350
36.311
46.385
51.567
43.646
40.162
19.988
36.303
45.273
47.117
40.633
40.113
33.705
52.618
46.817
24.727
49.232
32.976
24.809
44.256
58.916
30.006
44.409
34.829
52.155
24.069
48.113
40.544
58.918
50.906
5.508
47.792
38.546
20.076
40.241
26.002
47.453
55.582
34.042
57.024
45.056
52.154
14.120
38.333
20.873
42.189
5.469
41.235
56.721
48.652
20.144
48.073
43.200
57.684
48.286
34.765
53.813
56.738
34.007
32.205
6.388
39.915
46.297
57.541
37.982
53.060
45.001
46.166
38.891
39.694
51.068
45.087
29.887
55.762
44.051
30.836
39.640
46.218
43.341
53.867
44.573
23.966
33.409
52.995
46.382
37.404
44.749
49.421
44.140
37.734
42.853
60.123
50.338
59.855
49.259
45.851
55.342
45.790
47.234
58.499
47.075
23.195
30.243
46.465
42.545
35.506
21.403
39.561
18.439
30.716
20.869
32.848
56.719
18.497
54.843
48.588
47.461
45.943
33.156
59.093
22.734
31.070
23.020
52.627
40.397
40.237
24.049
55.994
58.665
55.144
54.659
46.232
38.325
47.163
49.250
18.875
43.894
50.997
50.881
41.158
27.779
53.377
51.253
60.126
49.452
15.666
55.729
26.490
33.991
18.903
40.762
46.027
23.168
36.052
49.250
46.607
51.569
20.472
37.762
18.694
33.311
46.203
44.430
52.507
38.899
32.114
44.518
43.283
41.682
50.998
41.462
49.997
47.673
42.320
51.426
36.344
35.419
34.813
35.509
52.098
42.820
52.800
23.831
31.982
38.351
59.446
33.358
54.200
38.221
53.786
51.821
37.462
46.568
38.964
39.643
41.973
47.720
47.467
31.271
29.398
43.187
41.387
39.819
40.879
33.038
41.371
51.343
50.213
40.153
19.414
37.976
31.207
21.302
54.269
38.356
50.761
18.355
35.819
59.383
27.559
47.623
48.704
54.592
43.840
56.354
16.419
43.894
10.615
26.062
24.167
27.365
22.220
47.075
21.306
42.804
25.378
26.899
50.983
35.208
47.597
54.639
54.960
57.896
24.129
28.950
35.071
33.385
37.581
43.031
18.143
35.599
45.174
50.696
59.211
27.081
30.176
29.181
51.117
32.548
26.501
40.747
52.394
36.160
9.837
39.890
52.948
26.550
52.303
41.940
39.991
30.534
59.638
44.097
35.081
38.597
50.333
33.575
40.490
52.241
47.042
55.235
43.525
32.107
57.128
42.337
37.186
31.415
22.018
36.922
40.694
55.434
23.246
46.161
25.551
41.067
46.609
51.079
27.916
33.683
29.862
46.676
20.889
56.135
36.914
31.113
21.521
35.138
46.782
60.058
42.610
38.521
44.640
38.755
47.650
50.567
55.947
46.864
56.939
49.307
47.563
42.410
54.746
49.257
58.940
36.750
41.237
53.478
56.277
33.251
38.917
35.960
29.892
29.500
25.971
36.997
38.594
48.434
15.976
42.454
29.709
18.641
52.001
45.376
57.523
41.183
21.344
47.652
49.501
44.941
41.610
53.658
10.031
39.006
30.211
47.785
40.039
43.134
41.089
53.231
56.394
38.003
37.723
54.739
33.074
42.395
43.492
52.955
34.350
47.192
52.954
27.128
35.626
41.122
45.284
52.460
52.566
38.711
49.748
40.823
46.295
49.281
25.403
27.737
42.300
42.094
45.590
47.876
25.086
11.150
54.327
26.029
42.161
53.869
20.086
25.990
18.814
56.468
39.824
49.396
45.659
42.941
21.201
53.762
34.196
51.142
19.420
52.565
54.679
47.973
39.168
60.091
43.632
50.652
31.028
56.599
23.912
54.679
43.757
44.807
17.607
52.569
49.072
57.109
48.183
38.903
41.939
16.583
15.187
41.350
38.112
40.922
33.150
43.400
37.323
44.472
50.128
32.494
24.490
45.242
39.032
48.379
24.514
43.298
18.183
49.779
48.640
16.186
37.006
19.873
27.649
43.818
46.289
54.478
53.660
51.583
52.111
46.979
21.846
25.107
41.587
39.952
54.924
44.495
43.286
16.186
32.793
27.093
39.909
50.823
35.555
45.898
44.193
50.627
47.527
35.893
41.953
40.868
45.041
28.279
21.692
51.803
51.678
47.305
50.983
50.759
51.889
33.268
28.814
54.392
29.775
51.533
46.422
36.110
52.577
45.186
25.493
39.349
32.654
48.982
62.063
38.468
37.204
22.078
18.570
58.691
51.113
48.745
36.949
49.761
21.234
43.593
29.295
44.136
46.810
26.478
41.342
26.871
56.956
39.274
36.181
51.814
42.279
43.506
10.655
39.863
24.237
42.167
25.857
43.671
38.230
42.914
23.066
51.342
55.159
42.609
42.367
30.354
39.582
26.069
48.411
52.687
45.465
31.064
30.397
46.204
13.732
25.273
49.274
35.623
18.285
49.042
41.412
51.039
35.948
36.220
27.589
18.165
15.977
17.821
43.906
53.190
43.471
44.634
45.749
57.039
31.542
24.356
43.313
52.525
52.827
45.354
38.224
32.591
36.940
38.624
20.157
27.093
18.066
31.761
30.466
22.086
39.067
46.932
48.090
20.201
27.833
20.878
42.631
32.555
46.116
23.663
53.557
54.853
41.517
17.189
52.210
43.501
10.293
37.296
48.423
29.235
31.281
49.506
33.128
46.703
50.186
51.876
24.904
54.293
42.173
46.553
34.765
32.314
36.292
49.810
35.293
34.566
47.987
43.215
35.207
57.682
55.499
27.123
35.587
42.853
17.951
38.322
17.403
51.062
20.389
47.042
44.283
43.102
23.464
25.639
48.422
20.608
18.771
31.755
44.554
46.915
51.322
38.361
49.020
41.237
33.758
47.579
46.178
24.901
52.349
54.987
55.338
30.713
13.119
40.464
29.730
23.527
37.316
57.200
42.233
16.238
57.575
23.035
42.235
33.603
36.908
46.611
41.158
47.190
46.605
22.150
38.382
44.807
56.945
32.456
35.450
38.776
39.979
46.199
30.014
28.560
43.361
36.585
55.842
25.666
45.482
37.965
34.030
45.911
47.129
38.704
31.200
29.260
40.628
49.198
15.738
23.433
24.365
24.577
47.249
45.971
42.043
47.239
47.982
46.895
42.475
25.553
48.753
54.127
11.124
56.641
21.546
38.190
47.338
47.629
23.823
40.149
16.699
29.309
24.482
53.069
52.321
30.322
31.515
33.223
38.358
51.195
42.149
42.900
51.099
12.683
56.609
25.050
44.134
25.765
26.809
35.504
42.255
34.929
48.675
42.664
46.149
52.213
40.329
60.862
36.139
54.679
45.493
42.707
22.505
40.538
29.935
53.722
33.577
43.830
36.926
53.425
47.893
52.275
52.255
35.159
31.802
53.133
34.443
44.420
37.746
29.044
15.554
40.919
34.746
40.695
39.945
56.304
46.579
25.098
39.810
49.850
42.441
48.108
22.825
58.975
36.402
16.529
56.848
36.083
44.388
27.668
46.592
38.838
41.611
28.422
54.136
40.212
45.888
41.784
57.769
39.672
18.730
41.508
38.201
52.872
44.225
40.079
49.310
31.983
32.552
43.382
47.095
49.298
40.305
43.556
43.128
30.443
23.821
38.759
34.327
37.466
35.723
48.923
57.910
54.369
37.534
52.103
43.643
53.587
20.433
23.960
48.072
55.652
52.903
41.797
42.247
29.238
37.543
28.094
51.513
5.004
33.219
48.665
27.387
52.282
37.596
57.906
41.017
39.532
46.259
31.812
28.283
45.062
53.201
40.617
28.211
36.714
46.493
34.214
49.996
42.354
33.613
49.775
44.802
28.030
44.111
45.345
44.753
42.067
41.821
48.532
35.636
32.015
41.531
54.124
34.391
25.825
36.128
41.547
33.354
48.708
48.039
43.008
36.049
44.629
54.650
46.627
34.499
53.150
48.500
44.732
46.391
43.366
50.277
39.023
42.366
46.441
44.501
41.561
45.085
53.478
34.401
29.445
33.359
47.973
48.361
53.914
42.575
34.557
44.596
50.624
40.213
36.710
46.765
44.390
29.827
14.083
44.080
47.065
33.900
31.229
33.995
44.753
32.128
45.863
54.149
45.336
45.074
53.538
23.670
26.981
53.781
56.735
58.049
38.644
43.531
46.780
20.288
48.486
52.157
52.009
40.126
59.470
51.801
48.053
52.419
37.010
45.657
51.218
45.905
47.429
44.352
33.769
53.183
52.955
44.416
27.203
26.783
30.895
47.524
40.669
25.437
42.190
41.059
19.823
30.818
26.603
48.759
52.936
40.246
53.379
20.407
40.499
29.091
25.272
36.805
40.126
52.584
52.324
31.245
55.103
55.036
11.989
61.078
45.034
17.450
42.121
24.403
44.801
33.278
37.350
31.482
31.264
54.123
42.446
38.883
49.406
45.124
49.043
18.768
37.759
40.581
41.045
25.303
51.044
49.146
36.470
55.902
16.222
7.015
54.515
49.670
37.128
41.635
37.048
43.449
49.465
55.565
54.498
51.132
42.151
44.525
43.323
34.958
48.524
35.348
29.003
51.897
46.225
42.428
51.998
50.505
48.559
30.651
37.280
52.799
40.040
23.153
32.158
50.093
41.256
45.147
40.623
40.499
20.013
35.916
40.806
50.660
51.281
57.802
32.002
27.391
23.866
25.750
56.376
26.894
41.415
41.095
40.789
52.492
43.297
42.692
45.354
19.744
47.668
15.632
53.037
49.466
33.008
21.116
48.050
24.289
49.594
53.728
21.332
46.562
42.136
18.204
48.067
51.188
26.276
52.505
54.899
60.177
50.192
55.899
49.547
45.167
43.696
29.171
42.170
25.058
50.099
41.241
47.722
44.088
40.380
40.948
50.455
45.704
47.263
23.189
32.549
45.761
10.739
37.686
55.214
54.639
38.404
44.030
35.811
19.722
32.315
33.590
38.086
43.765
33.674
30.530
38.677
51.509
57.901
40.262
42.456
43.764
54.356
52.107
43.529
48.800
42.866
20.173
53.673
44.344
40.383
52.911
45.987
52.506
40.173
50.137
44.830
49.634
19.479
32.318
45.791
43.053
43.462
45.983
52.862
35.007
52.819
50.334
32.943
51.241
31.322
42.485
48.917
31.586
30.381
44.048
21.729
53.956
42.435
52.795
40.717
48.469
34.094
33.967
31.080
43.874
52.625
22.580
34.052
54.198
41.553
37.892
42.961
26.309
20.780
44.322
58.236
44.818
51.080
39.781
54.623
50.900
54.432
29.017
50.373
31.042
48.456
43.177
38.943
50.355
53.482
49.909
31.360
50.298
26.186
37.518
54.221
46.369
44.942
34.373
47.241
15.724
21.830
22.836
29.218
39.876
39.643
51.901
48.921
25.588
49.625
49.045
45.333
61.097
41.771
54.314
52.955
53.175
16.136
46.395
41.813
42.505
40.135
42.241
48.598
37.542
44.651
25.515
49.862
20.356
44.759
21.433
45.405
53.372
48.931
20.836
25.252
52.269
44.226
53.626
53.181
50.726
53.060
55.537
58.319
42.435
22.077
41.979
24.516
48.387
37.202
33.784
40.126
34.456
49.950
47.523
36.104
36.906
44.877
52.219
38.482
30.282
24.128
24.632
51.383
42.971
58.099
18.636
30.374
45.384
9.482
27.514
55.239
46.459
25.993
47.877
42.680
45.054
53.500
52.142
35.402
44.972
51.555
50.653
40.887
29.529
33.590
48.856
33.786
39.894
44.253
22.914
29.853
28.650
56.650
52.625
38.081
20.621
27.578
13.463
56.514
28.739
49.125
35.589
58.828
12.640
34.165
41.730
56.120
59.010
28.252
33.616
34.666
35.219
39.689
36.454
31.990
37.690
47.225
33.248
41.290
36.213
53.604
20.919
50.542
18.103
43.706
53.060
39.766
42.759
38.438
53.515
55.620
45.213
46.493
45.406
44.983
57.251
55.873
47.072
59.432
41.168
24.548
26.794
28.272
38.030
51.102
38.822
38.860
39.142
39.345
29.259
56.319
51.975
55.284
51.779
49.043
53.669
59.867
38.866
34.034
14.052
42.928
24.242
35.675
37.527
9.937
49.794
52.277
51.392
37.373
37.702
37.196
41.453
24.066
49.053
29.584
46.236
30.900
50.040
44.865
50.083
38.781
23.335
59.646
42.603
48.064
52.300
29.859
52.840
50.604
38.918
46.904
53.375
53.068
44.332
42.618
45.393
44.245
46.054
40.034
48.450
51.184
47.497
43.316
58.986
19.102
46.171
55.797
53.833
44.362
38.020
43.572
38.601
28.965
53.885
35.075
42.135
29.646
41.210
27.034
11.210
39.714
43.169
55.000
32.399
34.526
13.235
58.365
49.943
37.086
44.994
51.550
53.663
21.914
51.513
26.660
29.657
30.960
60.575
29.087
32.378
56.719
35.935
38.513
38.656
55.920
19.391
46.787
35.274
27.886
34.032
52.619
50.636
28.784
38.752
32.879
54.825
57.579
21.715
58.691
48.263
47.532
46.545
45.435
54.538
34.562
54.698
34.503
30.396
35.147
28.553
31.296
41.879
35.524
47.196
14.738
36.871
42.929
53.085
44.655
53.791
40.722
46.402
48.968
37.641
56.244
49.748
37.154
44.789
40.371
24.906
28.071
44.163
59.757
55.453
58.893
46.373
38.400
34.535
51.720
40.894
42.612
29.098
20.462
42.025
50.582
47.076
23.927
56.763
57.210
24.499
49.354
38.044
50.578
32.932
12.375
48.242
34.114
41.591
24.085
40.504
20.472
53.190
26.438
37.069
40.469
25.322
43.455
38.424
48.905
50.563
37.490
59.755
37.161
10.779
34.732
33.162
51.738
25.602
49.247
32.038
17.682
55.820
22.227
37.296
34.516
41.966
38.225
39.496
51.172
19.519
46.690
49.548
31.059
40.660
34.804
36.455
20.034
25.566
56.513
39.334
46.323
34.971
37.102
50.455
31.928
52.198
30.206
41.131
55.374
29.158
28.192
50.662
34.524
51.965
26.720
55.060
55.892
40.721
46.952
5.202
34.658
35.469
38.158
32.588
38.711
42.150
37.088
39.676
44.786
45.493
49.950
41.888
23.901
46.619
47.366
49.856
20.761
15.183
39.664
55.212
45.337
39.248
23.964
27.864
57.915
36.508
24.324
44.457
35.253
57.909
37.778
22.910
40.426
40.632
46.980
44.544
60.288
38.266
38.122
10.831
56.204
44.750
22.914
37.846
53.760
45.970
30.121
49.378
35.530
41.135
45.239
51.550
24.780
37.909
54.637
49.335
46.270
46.798
50.093
45.257
39.813
21.130
32.473
47.000
46.496
40.670
44.606
41.978
46.279
45.071
12.497
5.603
45.890
50.193
30.503
55.595
43.802
51.442
57.970
41.696
46.972
26.558
44.540
45.527
51.635
30.670
40.508
40.811
41.856
59.440
23.281
41.147
50.100
42.894
17.876
33.098
46.659
43.924
42.492
49.276
51.939
31.241
49.486
39.297
39.005
49.801
39.303
45.807
48.880
45.600
41.907
59.003
55.381
49.584
45.269
34.433
53.644
57.978
43.350
22.798
45.771
36.602
28.558
50.541
42.505
33.499
48.005
44.801
47.241
52.245
52.928
60.553
54.911
43.952
23.795
44.537
35.289
46.462
34.974
54.372
51.679
48.570
48.615
41.625
35.764
30.125
28.653
48.312
60.275
54.667
49.640
48.704
55.263
48.013
40.670
41.805
51.888
43.909
41.566
25.903
60.260
58.475
26.266
34.217
33.315
38.047
34.655
41.405
44.860
18.242
56.556
38.780
38.774
29.364
50.142
31.507
15.722
43.399
42.001
57.837
33.162
32.514
20.283
53.456
59.065
55.183
25.969
46.206
41.915
50.219
29.105
47.202
30.676
47.927
47.843
51.385
40.362
38.102
32.816
22.296
37.924
45.014
36.121
45.618
39.266
51.157
27.819
37.477
27.303
49.155
41.267
34.448
41.991
39.024
46.035
39.030
45.746
21.850
42.087
43.051
38.233
29.086
46.800
48.976
42.523
26.735
44.953
45.548
42.045
45.314
44.260
47.605
48.823
51.507
38.038
43.547
44.844
52.950
45.387
52.898
42.869
48.256
40.342
44.320
29.778
57.047
48.975
28.167
42.638
44.608
34.697
15.429
50.329
31.222
44.240
25.925
37.587
45.481
50.110
36.047
47.091
41.601
28.650
31.457
43.557
29.893
37.314
48.836
45.899
39.580
54.352
39.175
47.232
29.165
13.867
35.472
18.251
43.185
43.542
29.189
48.047
37.012
54.776
35.565
57.928
58.202
51.661
53.421
27.332
42.665
47.573
30.283
26.372
58.705
30.258
45.694
50.513
58.452
48.795
38.466
40.374
44.447
38.470
50.973
43.881
29.612
36.709
16.340
12.346
48.189
27.098
20.536
48.546
50.039
53.620
52.207
30.398
45.297
36.907
59.796
42.577
43.027
35.299
46.784
20.527
41.808
28.694
44.347
27.382
39.685
33.774
59.145
20.098
33.290
19.303
54.564
36.000
54.236
40.506
55.122
20.957
53.641
56.382
47.164
42.909
49.107
47.611
56.897
15.514
33.032
22.425
33.899
35.343
15.032
42.812
42.079
27.747
28.188
57.167
25.280
41.169
37.736
49.052
42.275
36.505
56.761
14.386
26.342
44.191
10.194
54.566
38.905
33.097
40.722
29.625
27.536
43.334
54.857
42.908
21.407
43.668
48.660
57.634
54.870
45.826
40.643
47.026
52.848
33.139
40.809
42.594
52.689
24.785
45.890
45.588
59.929
50.753
41.576
32.126
52.922
57.115
47.085
44.621
43.383
48.484
27.837
14.530
32.906
37.141
30.152
30.654
54.454
52.550
26.258
42.961
48.683
36.824
39.233
24.935
24.049
54.385
27.790
44.211
28.533
34.051
44.671
44.272
40.296
38.987
57.917
47.603
39.218
6.998
21.274
29.299
47.613
45.126
54.248
55.559
27.010
30.201
36.579
33.777
48.819
30.650
40.119
47.535
44.980
27.761
55.970
36.378
20.208
40.626
40.173
54.197
35.821
51.426
59.212
46.990
44.050
26.785
50.302
58.884
50.139
23.587
25.241
40.193
51.648
28.920
29.492
26.406
50.694
34.789
48.202
49.078
34.357
34.154
37.458
20.902
46.834
37.161
45.409
54.916
33.762
42.090
41.360
51.175
49.945
61.413
32.038
41.777
54.353
55.457
31.743
56.093
17.524
36.337
38.378
26.810
43.823
34.972
15.902
48.655
48.572
47.045
59.002
49.326
40.155
39.342
51.112
30.070
49.910
37.510
47.540
51.805
19.141
49.085
13.460
21.043
48.815
59.600
39.659
46.172
52.207
42.553
48.998
40.877
28.336
24.244
48.421
49.082
48.789
43.867
41.733
49.857
21.472
47.744
39.683
36.358
25.478
50.634
20.560
56.089
52.885
41.033
55.914
51.178
50.322
47.972
45.380
38.543
53.988
46.534
44.562
44.964
50.269
47.849
27.480
55.202
50.996
44.276
53.970
44.610
35.469
39.194
41.256
49.286
47.948
52.128
31.965
31.215
36.928
43.352
21.227
51.454
57.257
37.289
42.873
28.443
47.939
57.962
37.794
29.903
34.103
37.255
23.543
37.118
41.038
34.601
44.870
37.429
50.792
54.068
26.724
43.026
41.343
38.229
39.964
45.734
34.671
10.176
37.444
36.981
49.604
53.814
29.257
36.055
51.298
14.603
49.941
52.920
20.625
36.152
48.104
46.194
38.704
31.476
38.686
42.199
46.015
53.541
37.047
58.956
6.532
43.964
30.020
32.209
53.546
55.438
48.732
46.748
52.983
52.206
35.553
27.373
55.312
42.651
28.746
44.821
28.762
45.239
44.448
35.422
19.055
37.599
38.060
43.819
38.550
37.942
41.487
48.005
50.186
21.863
33.367
44.881
55.341
51.290
47.361
30.570
47.099
38.426
30.585
47.675
53.714
48.435
14.139
54.401
42.020
21.737
51.141
31.226
24.569
42.286
14.097
45.454
44.790
45.073
36.502
46.137
41.192
42.575
51.174
30.380
41.603
54.044
17.613
54.976
39.193
57.384
24.591
59.191
48.196
34.749
50.498
53.513
38.523
52.097
52.897
41.468
28.558
40.859
48.199
44.138
45.000
46.978
21.077
36.394
46.503
28.932
44.551
36.122
29.760
21.351
47.229
51.388
47.608
47.624
36.257
34.101
26.192
40.578
55.190
41.121
45.409
28.424
20.360
54.618
20.420
39.478
57.199
46.481
11.982
52.772
27.140
48.857
41.507
39.455
25.314
48.047
22.912
53.798
27.009
51.614
41.857
33.735
41.133
50.586
22.406
59.275
42.101
39.935
60.128
36.081
40.028
36.702
48.328
54.885
42.244
53.402
38.293
42.362
22.864
33.871
11.394
50.154
26.660
51.769
50.994
27.367
51.315
30.470
28.773
53.324
56.462
37.171
40.776
48.339
49.552
34.442
52.281
44.130
12.824
51.763
34.656
50.346
56.560
45.116
49.302
41.756
38.191
43.248
39.797
37.832
22.959
23.551
29.202
60.299
36.024
43.857
50.775
40.414
55.627
58.429
29.633
54.296
59.424
51.528
28.707
38.664
53.411
19.718
30.193
27.576
38.222
42.270
40.754
42.846
36.611
51.883
49.909
56.277
52.122
52.290
31.865
43.992
38.643
27.647
50.589
44.302
48.132
19.956
37.847
49.637
38.516
58.229
31.753
47.575
40.169
51.092
32.585
28.758
25.308
37.613
48.328
29.342
40.343
48.638
42.099
37.282
50.765
37.713
47.500
53.437
50.918
41.582
36.726
52.420
47.798
49.087
25.353
44.429
41.605
53.977
25.816
58.192
24.164
32.217
7.044
44.532
19.321
20.491
57.018
43.484
35.965
28.764
36.064
45.481
36.394
55.298
10.430
28.975
45.911
52.648
51.487
43.795
29.410
40.537
43.077
19.681
51.334
53.769
43.682
46.407
52.162
50.661
51.804
32.788
58.690
33.817
33.917
45.359
46.108
26.939
31.142
53.416
43.508
26.920
23.336
49.460
39.506
43.559
36.068
57.499
59.310
26.622
33.280
44.885
57.537
28.801
46.241
54.451
52.645
45.160
48.102
29.604
31.672
16.368
49.271
29.531
47.497
28.589
37.959
33.888
55.872
56.251
28.619
40.808
36.164
44.445
41.932
22.326
17.711
36.837
32.110
47.783
44.768
58.719
11.311
37.803
36.939
25.269
54.815
33.198
51.050
44.110
35.969
33.233
39.089
46.376
29.786
55.181
49.495
59.410
14.116
28.507
41.972
57.097
40.597
32.981
21.372
35.411
37.959
48.836
50.184
54.770
49.873
56.363
19.714
56.430
21.775
46.629
42.872
38.660
41.944
39.256
39.075
29.215
37.901
14.378
46.546
40.111
46.345
57.167
16.202
58.446
36.481
39.473
36.568
23.171
16.355
44.915
51.574
24.987
51.864
56.042
41.609
52.519
22.614
19.225
48.509
33.097
52.156
46.082
40.208
54.664
48.069
23.544
42.656
47.401
40.508
10.012
33.055
47.731
42.972
40.341
39.980
56.688
53.372
58.162
28.170
42.007
29.699
49.466
50.836
39.921
39.206
44.855
22.269
37.179
33.587
59.052
42.936
38.466
34.421
36.802
50.913
44.086
6.304
48.405
42.433
39.027
34.980
55.543
36.686
48.123
28.757
49.818
11.594
44.451
31.294
42.976
44.842
36.276
32.153
55.433
51.134
45.432
21.593
48.024
52.187
36.574
29.974
50.108
5.556
46.374
37.125
44.745
38.461
42.846
48.113
51.124
61.898
51.184
50.030
44.628
30.624
52.019
29.313
41.764
34.096
47.750
39.637
48.650
36.563
32.808
59.483
48.952
49.974
12.289
20.399
35.444
27.467
50.354
49.192
33.638
21.795
51.150
42.884
42.986
9.522
39.483
35.825
43.600
26.897
38.388
51.047
41.538
50.149
52.346
39.788
44.138
50.548
44.456
26.103
51.206
24.322
48.976
27.866
52.262
39.305
42.006
18.673
18.662
34.269
38.478
52.967
28.505
28.875
51.365
46.569
55.063
57.482
50.534
44.826
48.153
56.192
42.099
28.947
50.685
30.340
37.539
27.665
51.144
39.246
44.135
19.370
48.643
41.994
58.830
50.530
18.904
26.632
44.176
38.908
17.001
18.979
36.227
42.948
39.355
36.518
47.424
36.318
51.622
39.205
44.119
42.337
54.602
21.951
47.596
46.221
46.523
30.033
21.737
42.136
59.790
49.973
49.260
55.259
37.285
36.897
37.133
30.652
46.123
34.061
58.844
49.376
41.623
59.878
52.880
51.870
55.867
44.658
40.073
26.846
28.029
49.184
40.978
50.639
39.927
52.755
30.916
56.738
47.005
15.393
41.896
37.796
48.176
41.213
45.490
11.862
40.119
40.328
28.956
16.947
46.044
51.483
14.700
37.889
33.939
54.580
35.771
31.049
59.829
32.265
27.559
49.735
41.620
47.288
31.351
54.925
38.520
60.163
30.388
54.291
46.845
53.222
60.973
40.215
53.103
34.047
36.850
29.272
36.579
44.816
45.552
58.734
40.007
48.664
57.616
52.037
46.673
41.740
49.785
34.141
49.654
43.897
36.754
55.582
42.981
53.772
42.088
36.586
36.966
44.757
47.619
34.166
22.998
43.407
44.434
17.105
40.370
58.052
7.125
17.796
35.957
54.754
52.269
44.196
54.141
38.555
55.615
52.431
54.278
53.574
52.634
42.505
43.322
53.227
43.076
42.471
26.356
47.246
22.453
30.501
42.361
33.982
54.946
40.839
25.376
43.107
28.325
39.165
49.492
53.605
50.510
35.543
44.144
28.556
11.454
39.584
43.326
34.143
18.850
49.745
31.368
33.470
27.881
40.438
35.745
10.554
43.789
43.215
50.151
46.307
30.131
45.564
40.442
31.107
40.613
31.741
42.426
31.034
36.169
55.230
39.735
37.638
45.432
29.877
28.192
38.378
26.321
51.872
39.856
22.162
22.363
38.491
44.920
48.250
40.250
7.499
36.237
42.126
52.187
42.899
60.355
43.795
39.389
12.939
19.892
54.604
50.361
44.668
52.561
47.245
51.282
41.021
35.055
38.871
40.731
41.182
56.457
29.371
50.956
20.915
49.978
20.030
34.194
36.847
36.227
25.813
21.836
36.767
59.726
43.668
17.558
48.062
49.757
38.001
28.135
34.780
50.002
60.149
46.050
51.688
47.192
35.967
40.215
15.337
49.821
34.571
31.090
50.907
48.192
11.845
36.994
48.039
38.313
55.837
46.038
28.780
36.025
26.410
30.764
51.773
33.792
28.258
56.842
40.981
45.889
39.421
36.161
34.509
37.900
59.875
40.265
32.311
43.930
12.315
27.163
44.482
51.973
37.562
32.390
49.664
30.926
54.180
21.530
41.249
42.944
44.725
25.872
58.073
42.812
57.442
42.474
28.998
51.593
55.471
48.315
40.722
35.745
53.321
23.933
52.515
52.665
48.029
41.581
40.427
51.951
57.135
46.182
26.441
46.550
53.366
24.099
54.526
57.167
42.064
38.929
38.958
43.512
38.187
44.498
47.532
47.335
29.428
44.708
46.468
50.119
44.399
32.430
54.512
48.169
31.598
40.686
46.815
34.685
43.429
44.313
21.843
33.007
51.756
50.762
29.683
47.022
41.588
53.229
23.113
35.888
56.818
32.701
43.802
50.732
53.229
43.545
47.376
36.582
30.378
27.650
34.081
44.133
46.286
33.917
17.367
19.989
42.500
34.448
23.494
38.450
47.187
46.198
52.217
42.675
53.375
48.128
60.546
40.866
43.979
39.407
54.441
33.634
44.067
31.453
28.133
59.352
36.730
32.599
49.498
47.696
57.070
55.629
55.448
39.658
22.799
29.282
22.370
45.441
40.896
40.311
44.164
45.870
17.286
49.505
51.159
53.227
43.186
51.420
49.440
46.330
33.130
34.618
49.157
33.455
34.388
34.557
40.493
39.172
46.644
26.213
37.801
14.798
32.176
56.253
19.335
37.376
48.139
40.912
50.926
55.187
53.195
48.500
31.456
43.196
50.040
43.314
56.656
52.216
45.047
29.177
27.977
59.302
49.093
9.176
40.557
50.245
39.691
23.702
54.338
57.806
26.709
43.831
44.492
39.628
60.314
51.390
37.617
50.738
38.379
56.847
57.877
42.742
36.894
40.141
59.035
59.719
45.408
41.330
60.018
50.120
42.597
42.084
45.457
49.752
43.293
56.803
32.063
35.989
55.731
40.702
49.793
53.564
53.774
44.608
54.684
44.905
19.659
44.722
47.710
10.131
40.010
30.286
47.327
43.598
33.373
39.649
51.639
48.611
41.321
57.231
42.750
32.166
27.965
40.998
54.102
36.896
21.440
46.956
49.104
33.610
58.337
45.585
45.101
40.891
44.979
42.249
47.088
28.811
24.185
18.423
43.997
20.492
36.813
34.337
42.761
34.473
39.300
59.011
32.566
23.840
9.734
47.429
43.628
50.272
55.113
38.652
26.005
49.150
10.225
33.994
51.289
57.407
55.380
60.143
58.820
39.227
18.257
31.808
45.505
27.253
42.322
27.434
29.556
48.527
38.414
37.521
32.299
24.443
57.104
40.660
48.323
46.918
37.456
52.519
37.526
25.743
57.105
12.371
48.015
58.300
22.209
35.380
49.551
26.216
50.465
53.557
38.966
31.605
35.545
51.426
46.785
52.484
51.645
56.334
25.558
34.333
21.403
57.202
33.457
32.808
30.677
35.053
30.804
44.599
40.356
58.142
38.907
42.312
54.593
48.304
28.833
34.893
53.337
51.606
52.098
31.361
25.335
48.923
36.716
15.594
44.165
36.268
27.325
46.942
45.112
34.431
42.260
41.871
37.335
44.631
50.764
53.386
37.501
44.993
38.089
38.489
24.450
47.984
46.515
43.971
47.119
40.329
41.025
44.448
27.475
32.193
35.552
46.449
27.187
40.527
46.149
34.573
40.457
54.171
43.159
44.282
38.900
35.727
27.464
31.429
33.879
49.964
57.947
20.754
14.170
33.925
40.321
47.157
34.674
53.285
40.082
53.682
44.928
30.657
22.914
42.800
55.637
39.436
51.582
48.250
36.004
44.878
33.508
36.021
40.210
33.734
42.718
29.499
49.017
51.477
53.410
28.820
39.664
51.146
51.216
27.468
21.826
52.107
41.894
5.581
7.430
19.960
34.062
42.963
15.745
53.781
48.591
40.854
46.262
36.956
51.187
39.324
37.861
42.193
54.148
55.263
46.580
47.919
24.298
32.143
32.255
41.465
45.454
49.832
49.113
42.321
54.805
46.857
40.188
49.568
38.007
24.917
23.779
30.338
34.332
15.807
41.344
26.463
52.287
31.544
56.344
37.835
59.857
37.553
42.741
46.494
41.987
41.518
52.112
58.890
56.643
46.687
47.798
39.030
29.507
46.177
28.024
31.620
36.716
55.119
36.098
30.745
38.040
43.346
50.133
38.565
35.400
34.801
50.405
34.963
57.709
8.437
49.266
48.078
29.814
11.883
27.865
13.686
39.910
10.608
51.580
21.531
53.060
43.625
39.725
27.382
41.945
44.041
48.885
54.010
34.902
37.272
48.099
52.844
49.822
34.244
47.954
44.954
57.019
57.218
57.886
30.256
17.472
10.763
30.146
56.934
25.784
35.540
52.590
44.799
27.281
58.081
33.992
16.835
56.672
41.785
21.478
27.303
19.480
44.144
45.610
46.003
44.700
47.861
21.241
27.326
29.489
23.642
49.727
50.049
49.843
49.627
34.388
21.377
25.102
50.759
54.741
43.252
17.221
46.320
47.722
39.312
37.868
38.730
49.914
41.450
41.739
46.841
32.702
46.218
45.768
16.505
32.022
51.543
54.953
20.410
38.618
44.158
39.540
31.160
41.294
32.696
48.410
34.768
54.732
50.099
30.010
53.295
39.049
46.684
39.066
31.397
48.377
32.848
47.290
52.667
43.561
35.906
42.340
39.026
50.386
31.929
11.724
44.233
35.577
25.487
27.062
61.015
31.752
59.299
58.147
39.691
39.779
37.587
43.846
45.160
55.702
24.858
44.222
49.169
40.719
39.542
57.073
50.713
52.178
50.213
38.029
43.190
54.661
44.219
27.828
51.133
45.021
53.207
50.665
47.167
30.981
47.290
54.569
21.621
50.650
42.988
43.049
57.076
53.977
47.583
36.072
43.125
50.635
31.112
51.236
55.773
45.183
30.393
17.177
41.279
41.142
38.338
41.389
18.138
55.361
43.182
45.908
51.089
55.481
45.940
45.969
24.990
36.676
46.215
27.370
40.671
58.761
35.195
54.871
17.650
41.214
43.186
50.057
44.420
36.337
50.425
43.960
50.762
22.875
29.768
37.276
32.082
31.609
46.799
51.633
44.888
40.719
37.022
16.782
47.269
33.080
47.524
52.893
57.830
58.282
42.397
24.802
31.531
48.491
57.849
14.612
49.567
38.672
31.354
35.294
25.069
47.346
44.172
61.015
39.616
54.724
28.182
43.377
38.824
29.519
55.174
39.649
56.182
26.060
49.534
48.611
52.922
50.918
49.062
54.221
27.547
54.106
40.930
46.202
40.095
24.488
41.884
57.754
33.411
45.036
29.413
40.683
26.095
29.437
49.119
34.669
40.939
34.400
54.836
38.787
46.148
30.689
36.427
27.795
50.546
24.220
30.627
30.143
31.661
54.109
38.730
39.357
22.335
41.672
51.939
48.293
51.688
52.418
59.741
35.007
50.608
36.727
52.771
44.312
60.294
15.195
39.376
21.623
23.511
52.175
11.560
23.225
52.223
46.862
42.125
48.984
41.464
36.850
35.477
32.970
34.294
38.281
11.222
33.688
35.477
50.543
16.897
50.192
48.670
46.172
51.181
23.247
31.557
45.898
42.239
53.112
38.348
51.921
43.093
43.865
38.358
31.032
46.565
34.488
27.612
36.663
35.830
39.084
30.791
21.889
33.145
40.894
36.651
43.915
26.451
48.504
43.310
38.849
30.710
40.514
37.537
58.456
48.412
34.553
41.714
29.670
47.932
30.160
34.456
54.009
32.772
51.734
58.023
28.276
22.552
29.533
46.465
41.360
25.773
54.790
47.059
27.155
30.087
39.849
56.837
33.946
49.816
43.783
36.182
27.506
44.267
27.487
46.585
31.991
48.742
50.861
53.046
22.067
36.969
52.242
45.517
21.706
26.231
49.832
46.129
21.692
45.880
38.600
48.192
42.095
41.198
45.341
56.869
53.600
41.437
49.752
41.614
44.021
54.779
52.217
21.317
34.982
32.101
45.858
45.460
47.589
46.217
29.713
44.255
50.890
21.126
39.893
36.411
31.055
51.725
50.686
56.297
21.901
29.331
46.011
20.660
47.694
51.114
35.322
25.363
39.253
41.280
23.441
53.526
43.473
37.041
46.065
54.743
35.750
55.308
26.533
29.762
58.265
38.128
50.255
18.171
50.282
45.925
25.880
44.850
38.310
41.001
49.909
46.918
43.747
48.418
30.026
52.424
42.550
21.751
54.884
41.112
26.350
49.689
50.499
51.136
57.202
54.300
45.654
45.821
43.278
40.763
50.353
38.625
44.972
45.844
44.020
41.761
16.360
39.176
40.165
21.780
40.929
50.199
26.253
47.335
49.153
28.153
59.792
48.615
38.830
34.074
57.400
36.233
50.767
54.554
29.532
44.072
54.067
47.057
46.999
32.676
22.899
44.972
55.401
50.867
21.930
30.140
27.462
52.568
26.848
25.220
20.914
33.040
48.330
47.635
48.848
25.248
58.400
34.143
32.623
54.171
40.491
42.311
27.892
46.147
36.800
10.066
53.265
44.587
15.739
58.831
53.695
49.840
31.184
44.894
34.382
43.226
36.358
32.634
45.628
38.029
54.474
45.374
45.319
31.526
45.294
53.066
14.606
38.251
55.741
39.830
49.768
19.601
32.129
44.178
43.184
23.810
50.649
33.566
47.389
57.678
31.036
21.965
28.216
44.910
22.870
28.068
29.100
47.586
17.195
24.797
46.574
54.828
35.995
35.274
35.891
39.933
51.622
21.630
36.843
24.977
47.029
7.762
44.113
25.483
51.397
40.401
34.285
34.680
22.809
20.440
56.476
18.439
50.981
57.906
49.871
46.522
44.247
50.619
48.481
41.476
50.889
33.624
44.426
41.310
24.777
27.506
38.390
50.507
39.299
28.460
54.063
25.609
38.042
51.652
57.774
34.872
20.983
53.092
46.973
29.280
50.096
23.186
39.496
56.805
52.276
19.991
29.743
38.765
31.113
40.013
41.176
26.654
45.176
54.751
40.720
35.414
54.364
38.805
31.943
37.419
57.374
41.390
30.674
44.363
51.240
54.030
42.251
37.997
23.740
54.277
42.274
52.151
35.815
28.767
48.123
43.791
23.833
55.631
53.901
57.830
55.240
47.054
52.743
27.677
51.469
40.989
35.038
13.975
57.137
43.965
50.760
24.240
22.769
34.294
33.191
59.674
48.941
50.464
43.757
53.998
37.144
56.172
44.039
59.035
42.800
11.632
52.402
46.403
53.416
11.306
45.039
51.364
45.378
36.075
32.211
40.134
47.219
38.114
47.737
57.834
45.315
39.392
41.399
45.738
54.291
54.756
46.201
37.301
50.894
37.757
45.644
31.820
11.780
51.755
32.542
47.557
46.551
59.173
33.680
43.203
32.067
46.997
58.602
52.627
55.556
43.091
35.350
47.841
35.711
47.322
51.603
28.715
36.607
47.431
51.055
54.267
11.470
53.044
23.506
48.977
18.526
44.682
47.580
50.013
43.651
50.950
22.158
41.610
50.512
40.816
49.562
36.771
50.899
58.626
42.904
55.406
60.330
42.599
40.174
24.676
49.114
16.335
41.179
42.036
32.897
39.014
45.967
39.499
15.037
38.891
41.302
27.997
46.835
24.301
44.706
30.267
46.685
38.618
48.111
58.637
38.907
36.296
50.771
29.170
44.088
26.334
49.909
39.475
34.894
41.577
47.293
39.155
43.390
45.380
52.915
32.410
40.770
54.320
36.427
40.297
10.788
15.778
47.934
54.112
22.837
51.958
35.031
17.228
18.362
55.542
28.396
39.816
49.030
44.432
53.047
36.633
32.361
47.941
51.012
32.919
33.010
25.790
54.057
20.541
49.852
44.582
27.062
31.214
54.232
45.223
47.777
53.681
50.953
45.698
49.622
48.906
55.298
45.583
59.894
49.608
15.492
40.275
44.639
25.777
28.108
48.055
30.000
32.758
55.666
44.894
41.205
59.174
43.382
42.064
52.122
32.489
43.183
46.879
21.856
45.535
16.289
33.652
16.282
45.119
44.207
20.416
55.244
44.641
26.751
31.976
21.096
43.167
41.104
34.626
36.181
53.513
56.965
40.162
43.931
38.891
35.650
49.342
24.146
44.445
22.212
43.334
22.766
25.188
18.304
52.282
45.681
30.135
28.438
40.024
49.109
43.539
29.524
33.544
21.705
45.701
26.622
38.938
58.829
41.095
49.135
17.077
22.916
34.642
41.400
55.099
39.796
43.589
33.132
27.868
22.417
20.525
55.574
21.536
47.528
40.829
32.601
56.284
27.521
49.865
22.332
38.220
31.355
25.574
35.253
43.974
51.112
28.437
51.592
11.015
22.919
33.517
20.690
41.165
45.283
21.884
12.355
51.124
51.535
51.595
25.524
24.326
39.357
51.143
43.041
54.086
43.793
56.286
57.570
36.956
11.355
22.442
44.740
54.234
28.868
41.715
43.131
43.270
18.503
50.418
46.577
61.069
56.237
55.057
33.391
52.621
40.390
46.014
12.384
28.882
47.205
47.609
38.097
32.866
35.757
48.139
55.354
53.106
19.664
37.307
46.439
53.415
45.942
47.483
55.720
53.364
44.331
51.271
55.635
60.918
58.597
50.496
57.833
23.046
32.624
37.462
52.435
20.384
50.442
45.582
48.887
49.455
52.996
42.203
59.451
40.521
42.070
35.689
41.834
40.950
44.222
37.899
49.498
48.322
38.889
28.861
43.983
32.272
27.921
46.534
38.142
30.290
45.736
50.734
42.479
42.592
40.455
35.740
7.144
59.793
46.528
43.844
11.004
45.032
20.341
58.913
32.359
49.211
51.483
42.415
40.845
40.229
43.042
28.191
48.909
47.367
55.558
48.456
45.290
46.262
46.172
42.628
51.987
24.116
38.025
31.454
28.175
52.225
23.295
51.769
46.437
50.174
41.492
49.786
39.195
46.047
43.205
40.792
46.731
50.519
29.482
53.794
34.540
23.742
40.624
39.085
32.469
51.084
40.464
41.053
24.336
54.850
51.951
32.688
46.740
21.482
34.137
51.711
33.433
32.738
46.301
35.116
49.294
33.542
51.519
47.206
33.429
15.569
50.399
58.561
46.612
26.761
43.380
32.951
49.302
48.327
32.349
49.494
55.661
56.105
13.805
53.382
48.971
6.060
47.627
8.217
35.172
42.564
39.837
53.631
42.532
42.495
38.155
45.769
46.839
45.971
25.525
54.051
39.041
46.713
43.012
51.852
35.891
49.888
28.750
40.944
56.594
13.071
29.846
37.861
45.694
38.290
46.230
50.188
55.160
41.160
59.798
61.042
40.094
50.979
43.456
47.199
47.524
53.297
24.648
44.469
56.920
41.644
52.329
44.766
44.450
57.757
14.176
30.392
57.872
43.507
47.961
41.291
25.143
49.442
43.721
41.751
43.458
25.458
11.421
42.372
49.548
34.703
53.675
58.779
58.213
24.464
45.271
33.820
51.213
33.337
31.274
37.728
58.948
35.942
45.220
16.440
33.755
49.236
45.573
53.154
18.152
49.805
21.421
25.607
39.365
37.107
53.211
54.355
58.179
48.588
41.257
37.892
45.794
49.012
45.142
44.355
20.318
54.521
18.120
31.368
37.303
47.049
54.718
44.149
29.769
56.349
59.530
33.213
25.171
48.276
52.049
47.865
27.647
29.453
46.063
45.657
43.292
60.342
48.653
40.673
32.152
53.396
14.373
34.358
46.275
45.579
35.146
32.345
45.379
49.292
42.110
41.395
54.772
60.354
38.729
23.364
