3 0 1
4 0 1
1 0 1
653 0 1
5 1 1
0 1 1
2 1 1
652 1 1
12 2 1
1 2 1
3 2 1
210 2 1
8 3 1
0 3 1
2 3 1
214 3 1
0 4 1
20 4 1
6 4 1
656 4 1
1 5 1
7 5 1
14 5 1
657 5 1
4 6 1
7 6 1
17 6 1
164 6 1
6 7 1
5 7 1
19 7 1
657 7 1
9 8 1
3 8 1
11 8 1
225 8 1
8 9 1
24 9 1
10 9 1
1416 9 1
16 10 1
18 10 1
9 10 1
1420 10 1
8 11 1
12 11 1
13 11 1
225 11 1
13 12 1
2 12 1
11 12 1
223 12 1
12 13 1
15 13 1
11 13 1
1622 13 1
5 14 1
15 14 1
16 14 1
1425 14 1
14 15 1
13 15 1
16 15 1
1622 15 1
14 16 1
10 16 1
15 16 1
1434 16 1
6 17 1
22 17 1
19 17 1
269 17 1
10 18 1
19 18 1
21 18 1
737 18 1
18 19 1
7 19 1
17 19 1
726 19 1
4 20 1
23 20 1
22 20 1
265 20 1
18 21 1
25 21 1
22 21 1
739 21 1
20 22 1
17 22 1
21 22 1
268 22 1
20 23 1
24 23 1
25 23 1
368 23 1
23 24 1
9 24 1
25 24 1
1422 24 1
21 25 1
24 25 1
23 25 1
739 25 1
27 26 1
34 26 1
28 26 1
1372 26 1
26 27 1
30 27 1
28 27 1
1375 27 1
26 28 1
29 28 1
27 28 1
1369 28 1
28 29 1
35 29 1
32 29 1
1662 29 1
27 30 1
31 30 1
32 30 1
1456 30 1
30 31 1
33 31 1
32 31 1
1460 31 1
30 32 1
29 32 1
31 32 1
1661 32 1
31 33 1
34 33 1
35 33 1
1743 33 1
33 34 1
26 34 1
35 34 1
899 34 1
29 35 1
34 35 1
33 35 1
1744 35 1
45 36 1
39 36 1
37 36 1
1133 36 1
38 37 1
36 37 1
44 37 1
1439 37 1
37 38 1
41 38 1
53 38 1
1192 38 1
36 39 1
40 39 1
41 39 1
1189 39 1
39 40 1
46 40 1
41 40 1
1300 40 1
39 41 1
38 41 1
40 41 1
1186 41 1
43 42 1
47 42 1
45 42 1
1355 42 1
42 43 1
50 43 1
44 43 1
1440 43 1
37 44 1
45 44 1
43 44 1
1441 44 1
42 45 1
36 45 1
44 45 1
1356 45 1
40 46 1
49 46 1
48 46 1
1300 46 1
42 47 1
51 47 1
49 47 1
1360 47 1
46 48 1
52 48 1
49 48 1
1302 48 1
46 49 1
47 49 1
48 49 1
1361 49 1
51 50 1
43 50 1
53 50 1
1442 50 1
47 51 1
50 51 1
52 51 1
1492 51 1
48 52 1
53 52 1
51 52 1
1301 52 1
38 53 1
50 53 1
52 53 1
1303 53 1
55 54 1
61 54 1
59 54 1
1163 54 1
54 55 1
71 55 1
57 55 1
1199 55 1
58 56 1
62 56 1
64 56 1
1156 56 1
55 57 1
60 57 1
63 57 1
905 57 1
56 58 1
59 58 1
60 58 1
915 58 1
58 59 1
54 59 1
60 59 1
903 59 1
57 60 1
59 60 1
58 60 1
905 60 1
54 61 1
67 61 1
62 61 1
1164 61 1
61 62 1
56 62 1
68 62 1
1165 62 1
57 63 1
66 63 1
65 63 1
906 63 1
56 64 1
69 64 1
65 64 1
1152 64 1
63 65 1
64 65 1
66 65 1
1153 65 1
63 66 1
72 66 1
65 66 1
1028 66 1
61 67 1
70 67 1
68 67 1
1215 67 1
62 68 1
69 68 1
67 68 1
1213 68 1
68 69 1
64 69 1
73 69 1
1203 69 1
67 70 1
71 70 1
73 70 1
1031 70 1
70 71 1
55 71 1
72 71 1
1025 71 1
66 72 1
71 72 1
73 72 1
1028 72 1
72 73 1
69 73 1
70 73 1
1027 73 1
79 74 1
75 74 1
77 74 1
115 74 1
74 75 1
87 75 1
76 75 1
204 75 1
75 76 1
77 76 1
81 76 1
321 76 1
78 77 1
74 77 1
76 77 1
571 77 1
85 78 1
77 78 1
83 78 1
1227 78 1
80 79 1
74 79 1
90 79 1
966 79 1
79 80 1
88 80 1
105 80 1
967 80 1
97 81 1
76 81 1
83 81 1
324 81 1
84 82 1
98 82 1
83 82 1
1226 82 1
78 83 1
81 83 1
82 83 1
1231 83 1
92 84 1
82 84 1
86 84 1
1226 84 1
78 85 1
94 85 1
86 85 1
166 85 1
84 86 1
85 86 1
93 86 1
163 86 1
75 87 1
88 87 1
89 87 1
204 87 1
87 88 1
80 88 1
89 88 1
202 88 1
87 89 1
101 89 1
88 89 1
206 89 1
79 90 1
95 90 1
96 90 1
1590 90 1
99 91 1
92 91 1
96 91 1
659 91 1
91 92 1
84 92 1
93 92 1
658 92 1
86 93 1
92 93 1
94 93 1
165 93 1
95 94 1
85 94 1
93 94 1
167 94 1
90 95 1
94 95 1
96 95 1
660 95 1
90 96 1
91 96 1
95 96 1
652 96 1
81 97 1
102 97 1
98 97 1
326 97 1
82 98 1
103 98 1
97 98 1
639 98 1
91 99 1
107 99 1
106 99 1
1550 99 1
103 100 1
104 100 1
101 100 1
750 100 1
89 101 1
102 101 1
100 101 1
206 101 1
101 102 1
97 102 1
103 102 1
327 102 1
98 103 1
100 103 1
102 103 1
638 103 1
100 104 1
107 104 1
105 104 1
788 104 1
80 105 1
104 105 1
106 105 1
1489 105 1
99 106 1
105 106 1
107 106 1
1674 106 1
104 107 1
99 107 1
106 107 1
1675 107 1
115 108 1
119 108 1
125 108 1
966 108 1
110 109 1
113 109 1
111 109 1
1095 109 1
117 110 1
109 110 1
126 110 1
1094 110 1
109 111 1
112 111 1
130 111 1
1090 111 1
111 112 1
113 112 1
121 112 1
1158 112 1
109 113 1
131 113 1
112 113 1
1150 113 1
123 114 1
117 114 1
115 114 1
203 114 1
114 115 1
108 115 1
116 115 1
74 115 1
115 116 1
124 116 1
117 116 1
572 116 1
114 117 1
110 117 1
116 117 1
570 117 1
119 118 1
127 118 1
121 118 1
1528 118 1
108 119 1
120 119 1
118 119 1
968 119 1
119 120 1
122 120 1
121 120 1
969 120 1
112 121 1
118 121 1
120 121 1
907 121 1
120 122 1
123 122 1
133 122 1
969 122 1
114 123 1
132 123 1
122 123 1
202 123 1
116 124 1
125 124 1
126 124 1
572 124 1
108 125 1
128 125 1
124 125 1
1588 125 1
110 126 1
129 126 1
124 126 1
1100 126 1
128 127 1
118 127 1
130 127 1
1290 127 1
125 128 1
127 128 1
129 128 1
824 128 1
130 129 1
126 129 1
128 129 1
1102 129 1
111 130 1
129 130 1
127 130 1
1091 130 1
113 131 1
132 131 1
133 131 1
1149 131 1
131 132 1
123 132 1
133 132 1
1161 132 1
131 133 1
122 133 1
132 133 1
1151 133 1
139 134 1
144 134 1
135 134 1
1218 134 1
136 135 1
134 135 1
150 135 1
456 135 1
137 136 1
135 136 1
138 136 1
1519 136 1
136 137 1
145 137 1
142 137 1
1519 137 1
136 138 1
141 138 1
152 138 1
1601 138 1
134 139 1
140 139 1
151 139 1
1707 139 1
139 140 1
143 140 1
146 140 1
979 140 1
138 141 1
149 141 1
153 141 1
1728 141 1
137 142 1
148 142 1
145 142 1
585 142 1
140 143 1
144 143 1
147 143 1
576 143 1
143 144 1
134 144 1
145 144 1
581 144 1
144 145 1
137 145 1
142 145 1
582 145 1
147 146 1
140 146 1
157 146 1
896 146 1
143 147 1
146 147 1
148 147 1
579 147 1
142 148 1
154 148 1
147 148 1
586 148 1
141 149 1
150 149 1
151 149 1
1728 149 1
149 150 1
135 150 1
151 150 1
1708 150 1
139 151 1
150 151 1
149 151 1
1707 151 1
138 152 1
155 152 1
153 152 1
1584 152 1
141 153 1
152 153 1
156 153 1
1585 153 1
148 154 1
155 154 1
157 154 1
892 154 1
154 155 1
152 155 1
156 155 1
1342 155 1
157 156 1
153 156 1
155 156 1
518 156 1
146 157 1
156 157 1
154 157 1
897 157 1
161 158 1
162 158 1
164 158 1
263 158 1
166 159 1
160 159 1
161 159 1
1111 159 1
159 160 1
163 160 1
161 160 1
1222 160 1
158 161 1
160 161 1
159 161 1
1609 161 1
163 162 1
158 162 1
165 162 1
1232 162 1
160 163 1
86 163 1
162 163 1
1223 163 1
158 164 1
167 164 1
165 164 1
6 164 1
162 165 1
164 165 1
93 165 1
656 165 1
159 166 1
85 166 1
167 166 1
1227 166 1
164 167 1
166 167 1
94 167 1
660 167 1
174 168 1
172 168 1
169 168 1
1536 168 1
168 169 1
170 169 1
181 169 1
761 169 1
169 170 1
171 170 1
176 170 1
761 170 1
170 171 1
172 171 1
173 171 1
759 171 1
168 172 1
173 172 1
171 172 1
1413 172 1
172 173 1
177 173 1
171 173 1
349 173 1
175 174 1
168 174 1
180 174 1
1573 174 1
174 175 1
187 175 1
179 175 1
389 175 1
177 176 1
170 176 1
178 176 1
346 176 1
173 177 1
188 177 1
176 177 1
349 177 1
176 178 1
182 178 1
183 178 1
346 178 1
175 179 1
180 179 1
185 179 1
1136 179 1
181 180 1
174 180 1
179 180 1
1571 180 1
169 181 1
180 181 1
182 181 1
1572 181 1
178 182 1
181 182 1
184 182 1
1329 182 1
178 183 1
184 183 1
189 183 1
344 183 1
183 184 1
182 184 1
185 184 1
1330 184 1
179 185 1
186 185 1
184 185 1
1358 185 1
185 186 1
187 186 1
189 186 1
1358 186 1
188 187 1
175 187 1
186 187 1
391 187 1
177 188 1
187 188 1
189 188 1
363 188 1
188 189 1
183 189 1
186 189 1
362 189 1
191 190 1
201 190 1
207 190 1
304 190 1
190 191 1
193 191 1
192 191 1
317 191 1
191 192 1
195 192 1
208 192 1
746 192 1
191 193 1
196 193 1
195 193 1
941 193 1
198 194 1
205 194 1
195 194 1
931 194 1
193 195 1
192 195 1
194 195 1
934 195 1
193 196 1
197 196 1
198 196 1
940 196 1
196 197 1
199 197 1
198 197 1
1161 197 1
197 198 1
194 198 1
196 198 1
932 198 1
197 199 1
200 199 1
202 199 1
1161 199 1
199 200 1
201 200 1
203 200 1
574 200 1
200 201 1
190 201 1
204 201 1
320 201 1
88 202 1
199 202 1
203 202 1
123 202 1
200 203 1
202 203 1
204 203 1
114 203 1
201 204 1
87 204 1
203 204 1
75 204 1
194 205 1
206 205 1
208 205 1
749 205 1
205 206 1
89 206 1
207 206 1
101 206 1
206 207 1
190 207 1
208 207 1
327 207 1
192 208 1
207 208 1
205 208 1
746 208 1
210 209 1
211 209 1
223 209 1
1495 209 1
213 210 1
209 210 1
2 210 1
1548 210 1
209 211 1
215 211 1
219 211 1
1493 211 1
217 212 1
214 212 1
213 212 1
617 212 1
212 213 1
210 213 1
214 213 1
1547 213 1
212 214 1
3 214 1
213 214 1
653 214 1
211 215 1
216 215 1
220 215 1
622 215 1
215 216 1
217 216 1
218 216 1
622 216 1
218 217 1
212 217 1
216 217 1
617 217 1
221 218 1
217 218 1
216 218 1
631 218 1
211 219 1
222 219 1
220 219 1
432 219 1
215 220 1
219 220 1
221 220 1
435 220 1
224 221 1
218 221 1
220 221 1
924 221 1
219 222 1
223 222 1
224 222 1
927 222 1
222 223 1
209 223 1
12 223 1
1501 223 1
221 224 1
225 224 1
222 224 1
928 224 1
8 225 1
224 225 1
11 225 1
1635 225 1
228 226 1
235 226 1
230 226 1
417 226 1
231 227 1
229 227 1
228 227 1
1615 227 1
226 228 1
232 228 1
227 228 1
1583 228 1
227 229 1
238 229 1
230 229 1
1612 229 1
226 230 1
229 230 1
239 230 1
410 230 1
233 231 1
227 231 1
232 231 1
1751 231 1
228 232 1
234 232 1
231 232 1
1349 232 1
231 233 1
237 233 1
234 233 1
1575 233 1
232 234 1
236 234 1
233 234 1
467 234 1
236 235 1
226 235 1
239 235 1
425 235 1
234 236 1
235 236 1
237 236 1
468 236 1
238 237 1
233 237 1
236 237 1
1141 237 1
229 238 1
237 238 1
239 238 1
1142 238 1
235 239 1
230 239 1
238 239 1
427 239 1
249 240 1
246 240 1
245 240 1
634 240 1
244 241 1
248 241 1
243 241 1
407 241 1
247 242 1
253 242 1
243 242 1
1172 242 1
244 243 1
241 243 1
242 243 1
405 243 1
245 244 1
241 244 1
243 244 1
409 244 1
240 245 1
244 245 1
252 245 1
637 245 1
240 246 1
247 246 1
248 246 1
634 246 1
246 247 1
242 247 1
248 247 1
1185 247 1
241 248 1
246 248 1
247 248 1
635 248 1
250 249 1
240 249 1
251 249 1
1553 249 1
249 250 1
257 250 1
251 250 1
985 250 1
252 251 1
249 251 1
250 251 1
1559 251 1
245 252 1
251 252 1
254 252 1
1294 252 1
242 253 1
256 253 1
255 253 1
1291 253 1
252 254 1
255 254 1
258 254 1
1297 254 1
254 255 1
253 255 1
259 255 1
1293 255 1
253 256 1
257 256 1
259 256 1
350 256 1
256 257 1
250 257 1
258 257 1
353 257 1
254 258 1
257 258 1
259 258 1
347 258 1
256 259 1
255 259 1
258 259 1
351 259 1
261 260 1
262 260 1
263 260 1
384 260 1
260 261 1
272 261 1
278 261 1
384 261 1
260 262 1
273 262 1
264 262 1
387 262 1
260 263 1
264 263 1
269 263 1
158 263 1
263 264 1
262 264 1
266 264 1
1609 264 1
275 265 1
279 265 1
268 265 1
20 265 1
264 266 1
267 266 1
270 266 1
1503 266 1
266 267 1
274 267 1
271 267 1
1504 267 1
265 268 1
269 268 1
271 268 1
22 268 1
268 269 1
263 269 1
270 269 1
17 269 1
266 270 1
269 270 1
271 270 1
724 270 1
268 271 1
267 271 1
270 271 1
728 271 1
273 272 1
261 272 1
277 272 1
388 272 1
262 273 1
272 273 1
274 273 1
388 273 1
267 274 1
273 274 1
276 274 1
1504 274 1
265 275 1
280 275 1
276 275 1
1414 275 1
274 276 1
275 276 1
277 276 1
1415 276 1
272 277 1
281 277 1
276 277 1
1747 277 1
261 278 1
279 278 1
281 278 1
1236 278 1
265 279 1
280 279 1
278 279 1
1235 279 1
279 280 1
275 280 1
281 280 1
1679 280 1
278 281 1
277 281 1
280 281 1
1681 281 1
285 282 1
283 282 1
305 282 1
1187 282 1
282 283 1
288 283 1
284 283 1
1186 283 1
287 284 1
298 284 1
283 284 1
1191 284 1
282 285 1
289 285 1
309 285 1
1704 285 1
292 286 1
287 286 1
291 286 1
1000 286 1
286 287 1
284 287 1
290 287 1
1000 287 1
283 288 1
289 288 1
290 288 1
1299 288 1
288 289 1
285 289 1
295 289 1
1650 289 1
287 290 1
288 290 1
296 290 1
1298 290 1
292 291 1
286 291 1
297 291 1
1006 291 1
286 292 1
315 292 1
291 292 1
1005 292 1
303 293 1
294 293 1
304 293 1
319 293 1
293 294 1
295 294 1
297 294 1
319 294 1
294 295 1
289 295 1
296 295 1
1293 295 1
290 296 1
297 296 1
295 296 1
1292 296 1
296 297 1
291 297 1
294 297 1
1143 297 1
284 298 1
299 298 1
301 298 1
340 298 1
298 299 1
302 299 1
300 299 1
330 299 1
299 300 1
307 300 1
301 300 1
329 300 1
298 301 1
308 301 1
300 301 1
339 301 1
299 302 1
316 302 1
306 302 1
1477 302 1
293 303 1
313 303 1
304 303 1
320 303 1
293 304 1
317 304 1
303 304 1
190 304 1
282 305 1
310 305 1
308 305 1
1121 305 1
307 306 1
302 306 1
311 306 1
1509 306 1
300 307 1
306 307 1
308 307 1
780 307 1
301 308 1
305 308 1
307 308 1
1121 308 1
285 309 1
310 309 1
314 309 1
1721 309 1
309 310 1
305 310 1
311 310 1
414 310 1
306 311 1
312 311 1
310 311 1
1632 311 1
311 312 1
313 312 1
314 312 1
1368 312 1
314 313 1
303 313 1
312 313 1
573 313 1
309 314 1
313 314 1
312 314 1
1367 314 1
316 315 1
292 315 1
317 315 1
1147 315 1
302 316 1
315 316 1
317 316 1
1477 316 1
315 317 1
304 317 1
316 317 1
191 317 1
323 318 1
319 318 1
325 318 1
405 318 1
318 319 1
293 319 1
322 319 1
294 319 1
321 320 1
201 320 1
303 320 1
573 320 1
76 321 1
320 321 1
322 321 1
569 321 1
319 322 1
324 322 1
321 322 1
1295 322 1
318 323 1
327 323 1
326 323 1
408 323 1
322 324 1
325 324 1
81 324 1
1296 324 1
326 325 1
318 325 1
324 325 1
409 325 1
323 326 1
325 326 1
97 326 1
409 326 1
207 327 1
323 327 1
102 327 1
408 327 1
333 328 1
338 328 1
329 328 1
773 328 1
332 329 1
300 329 1
328 329 1
780 329 1
334 330 1
299 330 1
331 330 1
1505 330 1
335 331 1
342 331 1
330 331 1
1545 331 1
329 332 1
334 332 1
333 332 1
779 332 1
336 333 1
328 333 1
332 333 1
775 333 1
332 334 1
330 334 1
337 334 1
1511 334 1
331 335 1
336 335 1
337 335 1
1735 335 1
335 336 1
333 336 1
337 336 1
1732 336 1
335 337 1
334 337 1
336 337 1
1511 337 1
328 338 1
341 338 1
339 338 1
1053 338 1
301 339 1
338 339 1
340 339 1
424 339 1
298 340 1
343 340 1
339 340 1
1061 340 1
338 341 1
342 341 1
343 341 1
1060 341 1
341 342 1
331 342 1
343 342 1
1010 342 1
340 343 1
342 343 1
341 343 1
1061 343 1
347 344 1
183 344 1
351 344 1
1330 344 1
350 345 1
358 345 1
363 345 1
1359 345 1
348 346 1
178 346 1
176 346 1
756 346 1
344 347 1
354 347 1
258 347 1
829 347 1
357 348 1
346 348 1
349 348 1
756 348 1
177 349 1
361 349 1
348 349 1
173 349 1
256 350 1
345 350 1
352 350 1
1492 350 1
344 351 1
259 351 1
352 351 1
1331 351 1
351 352 1
362 352 1
350 352 1
1302 352 1
355 353 1
257 353 1
354 353 1
985 353 1
347 354 1
356 354 1
353 354 1
992 354 1
353 355 1
364 355 1
356 355 1
993 355 1
354 356 1
357 356 1
355 356 1
992 356 1
356 357 1
348 357 1
360 357 1
837 357 1
345 358 1
365 358 1
361 358 1
1720 358 1
360 359 1
367 359 1
366 359 1
1484 359 1
361 360 1
357 360 1
359 360 1
1406 360 1
349 361 1
358 361 1
360 361 1
1407 361 1
189 362 1
352 362 1
363 362 1
1361 362 1
345 363 1
188 363 1
362 363 1
1359 363 1
365 364 1
355 364 1
367 364 1
993 364 1
358 365 1
364 365 1
366 365 1
1720 365 1
359 366 1
367 366 1
365 366 1
1483 366 1
359 367 1
364 367 1
366 367 1
1126 367 1
372 368 1
369 368 1
370 368 1
23 368 1
368 369 1
373 369 1
383 369 1
1414 369 1
368 370 1
371 370 1
378 370 1
729 370 1
370 371 1
372 371 1
375 371 1
730 371 1
368 372 1
374 372 1
371 372 1
1451 372 1
369 373 1
374 373 1
376 373 1
1046 373 1
373 374 1
372 374 1
375 374 1
1749 374 1
376 375 1
371 375 1
374 375 1
1626 375 1
373 376 1
377 376 1
375 376 1
699 376 1
376 377 1
379 377 1
378 377 1
699 377 1
370 378 1
382 378 1
377 378 1
707 378 1
377 379 1
380 379 1
381 379 1
698 379 1
379 380 1
383 380 1
381 380 1
1047 380 1
379 381 1
380 381 1
382 381 1
704 381 1
383 382 1
378 382 1
381 382 1
706 382 1
380 383 1
369 383 1
382 383 1
1415 383 1
261 384 1
385 384 1
260 384 1
1232 384 1
384 385 1
386 385 1
387 385 1
1222 385 1
385 386 1
388 386 1
387 386 1
1702 386 1
262 387 1
385 387 1
386 387 1
1609 387 1
386 388 1
272 388 1
273 388 1
1702 388 1
397 389 1
391 389 1
390 389 1
175 389 1
389 390 1
393 390 1
395 390 1
1136 390 1
389 391 1
392 391 1
393 391 1
187 391 1
391 392 1
394 392 1
393 392 1
713 392 1
390 393 1
391 393 1
392 393 1
1137 393 1
392 394 1
401 394 1
396 394 1
713 394 1
390 395 1
400 395 1
396 395 1
468 395 1
395 396 1
394 396 1
404 396 1
461 396 1
398 397 1
389 397 1
399 397 1
1573 397 1
397 398 1
402 398 1
399 398 1
1591 398 1
400 399 1
397 399 1
398 399 1
466 399 1
395 400 1
399 400 1
403 400 1
466 400 1
394 401 1
402 401 1
404 401 1
722 401 1
401 402 1
398 402 1
403 402 1
1219 402 1
404 403 1
400 403 1
402 403 1
453 403 1
401 404 1
396 404 1
403 404 1
465 404 1
318 405 1
243 405 1
406 405 1
1143 405 1
405 406 1
407 406 1
408 406 1
748 406 1
406 407 1
241 407 1
408 407 1
635 407 1
323 408 1
406 408 1
407 408 1
327 408 1
244 409 1
325 409 1
326 409 1
637 409 1
230 410 1
412 410 1
411 410 1
1611 410 1
416 411 1
410 411 1
414 411 1
1721 411 1
410 412 1
418 412 1
414 412 1
1581 412 1
415 413 1
419 413 1
414 413 1
1121 413 1
411 414 1
412 414 1
413 414 1
310 414 1
413 415 1
424 415 1
416 415 1
1121 415 1
411 416 1
427 416 1
415 416 1
1188 416 1
418 417 1
226 417 1
422 417 1
1583 417 1
412 418 1
417 418 1
419 418 1
1581 418 1
413 419 1
420 419 1
418 419 1
778 419 1
419 420 1
421 420 1
422 420 1
1120 420 1
422 421 1
423 421 1
420 421 1
1119 421 1
417 422 1
421 422 1
420 422 1
1584 422 1
421 423 1
425 423 1
424 423 1
1057 423 1
423 424 1
415 424 1
426 424 1
339 424 1
423 425 1
235 425 1
426 425 1
460 425 1
427 426 1
424 426 1
425 426 1
1059 426 1
239 427 1
416 427 1
426 427 1
1140 427 1
440 428 1
437 428 1
429 428 1
786 428 1
430 429 1
428 429 1
438 429 1
1496 429 1
436 430 1
429 430 1
432 430 1
1494 430 1
434 431 1
439 431 1
443 431 1
926 431 1
430 432 1
444 432 1
435 432 1
219 432 1
434 433 1
441 433 1
436 433 1
671 433 1
433 434 1
431 434 1
435 434 1
924 434 1
436 435 1
432 435 1
434 435 1
220 435 1
433 436 1
430 436 1
435 436 1
1169 436 1
428 437 1
442 437 1
438 437 1
922 437 1
429 438 1
445 438 1
437 438 1
1497 438 1
431 439 1
441 439 1
440 439 1
674 439 1
439 440 1
428 440 1
441 440 1
675 440 1
439 441 1
433 441 1
440 441 1
671 441 1
437 442 1
443 442 1
445 442 1
1073 442 1
442 443 1
431 443 1
444 443 1
926 443 1
432 444 1
445 444 1
443 444 1
927 444 1
444 445 1
438 445 1
442 445 1
1498 445 1
448 446 1
457 446 1
447 446 1
1119 446 1
458 447 1
446 447 1
449 447 1
1602 447 1
450 448 1
446 448 1
449 448 1
1706 448 1
448 449 1
447 449 1
452 449 1
1601 449 1
455 450 1
448 450 1
456 450 1
1706 450 1
465 451 1
464 451 1
454 451 1
1221 451 1
449 452 1
453 452 1
456 452 1
1519 452 1
452 453 1
403 453 1
454 453 1
582 453 1
451 454 1
455 454 1
453 454 1
1220 454 1
454 455 1
450 455 1
456 455 1
1220 455 1
450 456 1
452 456 1
455 456 1
135 456 1
446 457 1
463 457 1
460 457 1
1057 457 1
447 458 1
467 458 1
466 458 1
1595 458 1
460 459 1
462 459 1
461 459 1
1058 459 1
457 460 1
468 460 1
459 460 1
425 460 1
462 461 1
459 461 1
396 461 1
714 461 1
463 462 1
459 462 1
461 462 1
720 462 1
457 463 1
464 463 1
462 463 1
721 463 1
465 464 1
451 464 1
463 464 1
721 464 1
451 465 1
464 465 1
404 465 1
722 465 1
400 466 1
458 466 1
467 466 1
399 466 1
468 467 1
458 467 1
466 467 1
234 467 1
460 468 1
467 468 1
395 468 1
236 468 1
470 469 1
472 469 1
471 469 1
469 470 1
473 470 1
478 470 1
1598 470 1
469 471 1
479 471 1
477 471 1
1633 471 1
469 472 1
473 472 1
476 472 1
1001 472 1
472 473 1
470 473 1
475 473 1
1596 473 1
475 474 1
480 474 1
477 474 1
799 474 1
474 475 1
473 475 1
476 475 1
885 475 1
477 476 1
472 476 1
475 476 1
887 476 1
471 477 1
476 477 1
474 477 1
880 477 1
470 478 1
479 478 1
480 478 1
790 478 1
478 479 1
471 479 1
480 479 1
796 479 1
478 480 1
474 480 1
479 480 1
799 480 1
483 481 1
488 481 1
482 481 1
1038 481 1
489 482 1
495 482 1
481 482 1
1042 482 1
484 483 1
481 483 1
486 483 1
1711 483 1
487 484 1
485 484 1
483 484 1
1523 484 1
484 485 1
492 485 1
486 485 1
1522 485 1
485 486 1
500 486 1
483 486 1
1273 486 1
491 487 1
484 487 1
488 487 1
1525 487 1
481 488 1
487 488 1
489 488 1
1039 488 1
490 489 1
482 489 1
488 489 1
1041 489 1
494 490 1
489 490 1
491 490 1
877 490 1
487 491 1
493 491 1
490 491 1
506 491 1
485 492 1
493 492 1
497 492 1
1087 492 1
492 493 1
491 493 1
494 493 1
1089 493 1
490 494 1
498 494 1
493 494 1
870 494 1
482 495 1
499 495 1
501 495 1
1325 495 1
497 496 1
503 496 1
499 496 1
1324 496 1
496 497 1
492 497 1
498 497 1
1286 497 1
499 498 1
494 498 1
497 498 1
1289 498 1
495 499 1
498 499 1
496 499 1
1319 499 1
486 500 1
502 500 1
501 500 1
1273 500 1
500 501 1
495 501 1
504 501 1
1275 501 1
500 502 1
503 502 1
504 502 1
1266 502 1
502 503 1
496 503 1
504 503 1
1313 503 1
501 504 1
503 504 1
502 504 1
1274 504 1
508 505 1
512 505 1
506 505 1
552 505 1
505 506 1
513 506 1
519 506 1
491 506 1
509 507 1
514 507 1
515 507 1
551 507 1
505 508 1
509 508 1
510 508 1
552 508 1
508 509 1
507 509 1
510 509 1
562 509 1
508 510 1
511 510 1
509 510 1
1097 510 1
510 511 1
525 511 1
520 511 1
1097 511 1
514 512 1
505 512 1
513 512 1
559 512 1
506 513 1
512 513 1
527 513 1
1347 513 1
507 514 1
512 514 1
518 514 1
553 514 1
507 515 1
516 515 1
521 515 1
778 515 1
515 516 1
517 516 1
522 516 1
776 516 1
516 517 1
518 517 1
532 517 1
1585 517 1
517 518 1
514 518 1
528 518 1
156 518 1
506 519 1
524 519 1
530 519 1
1525 519 1
521 520 1
511 520 1
525 520 1
1768 520 1
515 521 1
520 521 1
522 521 1
779 521 1
516 522 1
521 522 1
523 522 1
775 522 1
522 523 1
531 523 1
524 523 1
548 523 1
525 524 1
519 524 1
523 524 1
1527 524 1
511 525 1
524 525 1
520 525 1
1527 525 1
527 526 1
529 526 1
528 526 1
1328 526 1
526 527 1
513 527 1
528 527 1
1346 527 1
527 528 1
518 528 1
526 528 1
897 528 1
530 529 1
526 529 1
532 529 1
541 529 1
519 530 1
529 530 1
531 530 1
543 530 1
523 531 1
532 531 1
530 531 1
548 531 1
531 532 1
517 532 1
529 532 1
544 532 1
534 533 1
539 533 1
546 533 1
1710 533 1
533 534 1
535 534 1
537 534 1
1538 534 1
534 535 1
538 535 1
536 535 1
1036 535 1
535 536 1
543 536 1
537 536 1
1543 536 1
534 537 1
545 537 1
536 537 1
1542 537 1
535 538 1
539 538 1
542 538 1
1326 538 1
538 539 1
533 539 1
540 539 1
982 539 1
539 540 1
544 540 1
541 540 1
979 540 1
540 541 1
542 541 1
529 541 1
1328 541 1
538 542 1
543 542 1
541 542 1
1326 542 1
542 543 1
536 543 1
530 543 1
1543 543 1
540 544 1
547 544 1
532 544 1
1707 544 1
537 545 1
546 545 1
548 545 1
1696 545 1
547 546 1
533 546 1
545 546 1
1732 546 1
544 547 1
546 547 1
548 547 1
775 547 1
545 548 1
531 548 1
547 548 1
523 548 1
554 549 1
560 549 1
550 549 1
1102 549 1
552 550 1
555 550 1
549 550 1
1089 550 1
507 551 1
553 551 1
561 551 1
1580 551 1
505 552 1
550 552 1
508 552 1
1089 552 1
514 553 1
551 553 1
556 553 1
1336 553 1
557 554 1
549 554 1
555 554 1
817 554 1
550 555 1
558 555 1
554 555 1
814 555 1
553 556 1
557 556 1
559 556 1
807 556 1
556 557 1
554 557 1
558 557 1
807 557 1
555 558 1
559 558 1
557 558 1
810 558 1
558 559 1
512 559 1
556 559 1
1347 559 1
549 560 1
561 560 1
562 560 1
1099 560 1
560 561 1
551 561 1
562 561 1
1580 561 1
509 562 1
560 562 1
561 562 1
1096 562 1
564 563 1
567 563 1
565 563 1
1116 563 1
566 564 1
572 564 1
563 564 1
1363 564 1
569 565 1
571 565 1
563 565 1
1108 565 1
564 566 1
570 566 1
568 566 1
1363 566 1
568 567 1
563 567 1
569 567 1
1103 567 1
566 568 1
567 568 1
573 568 1
1366 568 1
321 569 1
565 569 1
567 569 1
1106 569 1
566 570 1
117 570 1
574 570 1
1094 570 1
565 571 1
77 571 1
572 571 1
1108 571 1
116 572 1
564 572 1
571 572 1
124 572 1
568 573 1
574 573 1
320 573 1
313 573 1
573 574 1
570 574 1
200 574 1
1368 574 1
576 575 1
590 575 1
580 575 1
575 576 1
577 576 1
143 576 1
982 576 1
576 577 1
578 577 1
579 577 1
978 577 1
577 578 1
589 578 1
579 578 1
890 578 1
577 579 1
147 579 1
578 579 1
891 579 1
583 580 1
575 580 1
581 580 1
722 580 1
580 581 1
144 581 1
582 581 1
1218 581 1
145 582 1
581 582 1
584 582 1
453 582 1
587 583 1
580 583 1
584 583 1
1219 583 1
585 584 1
582 584 1
583 584 1
1219 584 1
142 585 1
586 585 1
584 585 1
1594 585 1
588 586 1
148 586 1
585 586 1
894 586 1
583 587 1
591 587 1
588 587 1
1592 587 1
586 588 1
592 588 1
587 588 1
894 588 1
578 589 1
590 589 1
592 589 1
899 589 1
589 590 1
575 590 1
591 590 1
1739 590 1
590 591 1
587 591 1
592 591 1
1740 591 1
589 592 1
588 592 1
591 592 1
893 592 1
594 593 1
595 593 1
603 593 1
1515 593 1
596 594 1
593 594 1
604 594 1
1644 594 1
593 595 1
599 595 1
598 595 1
1515 595 1
594 596 1
601 596 1
597 596 1
1648 596 1
596 597 1
605 597 1
606 597 1
682 597 1
595 598 1
607 598 1
599 598 1
1516 598 1
595 599 1
602 599 1
598 599 1
1639 599 1
608 600 1
601 600 1
602 600 1
1620 600 1
602 601 1
596 601 1
600 601 1
1648 601 1
599 602 1
601 602 1
600 602 1
1639 602 1
604 603 1
593 603 1
614 603 1
1070 603 1
594 604 1
603 604 1
605 604 1
1068 604 1
604 605 1
597 605 1
606 605 1
678 605 1
605 606 1
597 606 1
611 606 1
677 606 1
598 607 1
610 607 1
608 607 1
1517 607 1
609 608 1
600 608 1
607 608 1
1620 608 1
608 609 1
612 609 1
610 609 1
1616 609 1
607 610 1
613 610 1
609 610 1
1517 610 1
606 611 1
612 611 1
614 611 1
1069 611 1
611 612 1
609 612 1
613 612 1
1530 612 1
610 613 1
614 613 1
612 613 1
1518 613 1
613 614 1
603 614 1
611 614 1
1073 614 1
620 615 1
629 615 1
626 615 1
1677 615 1
627 616 1
617 616 1
624 616 1
1656 616 1
616 617 1
217 617 1
618 617 1
212 617 1
621 618 1
623 618 1
617 618 1
1547 618 1
620 619 1
630 619 1
622 619 1
1169 619 1
619 620 1
615 620 1
621 620 1
1673 620 1
620 621 1
618 621 1
622 621 1
1587 621 1
621 622 1
216 622 1
619 622 1
215 622 1
618 623 1
626 623 1
624 623 1
1660 623 1
616 624 1
623 624 1
625 624 1
1656 624 1
628 625 1
626 625 1
624 625 1
1652 625 1
623 626 1
615 626 1
625 626 1
1659 626 1
632 627 1
616 627 1
628 627 1
643 627 1
625 628 1
633 628 1
627 628 1
647 628 1
615 629 1
630 629 1
633 629 1
1671 629 1
629 630 1
619 630 1
631 630 1
1170 630 1
632 631 1
218 631 1
630 631 1
1171 631 1
631 632 1
627 632 1
633 632 1
1668 632 1
629 633 1
628 633 1
632 633 1
1669 633 1
240 634 1
246 634 1
636 634 1
1555 634 1
636 635 1
407 635 1
248 635 1
747 635 1
634 636 1
638 636 1
635 636 1
740 636 1
245 637 1
639 637 1
409 637 1
1294 637 1
636 638 1
639 638 1
103 638 1
754 638 1
638 639 1
637 639 1
98 639 1
1557 639 1
641 640 1
646 640 1
651 640 1
1652 640 1
643 641 1
650 641 1
640 641 1
1656 641 1
644 642 1
649 642 1
643 642 1
1668 642 1
641 643 1
642 643 1
647 643 1
627 643 1
642 644 1
645 644 1
647 644 1
1669 644 1
644 645 1
648 645 1
646 645 1
1692 645 1
647 646 1
640 646 1
645 646 1
1652 646 1
643 647 1
646 647 1
644 647 1
628 647 1
645 648 1
649 648 1
651 648 1
1562 648 1
648 649 1
642 649 1
650 649 1
1129 649 1
649 650 1
641 650 1
651 650 1
1242 650 1
640 651 1
648 651 1
650 651 1
1564 651 1
1 652 1
96 652 1
659 652 1
1548 652 1
0 653 1
654 653 1
655 653 1
214 653 1
653 654 1
656 654 1
655 654 1
1657 654 1
653 655 1
658 655 1
654 655 1
1552 655 1
654 656 1
4 656 1
165 656 1
1233 656 1
660 657 1
5 657 1
7 657 1
1428 657 1
655 658 1
659 658 1
92 658 1
1552 658 1
658 659 1
652 659 1
91 659 1
1550 659 1
657 660 1
95 660 1
167 660 1
1428 660 1
662 661 1
667 661 1
674 661 1
1624 661 1
661 662 1
669 662 1
663 662 1
1185 662 1
662 663 1
664 663 1
666 663 1
744 663 1
663 664 1
673 664 1
665 664 1
743 664 1
664 665 1
675 665 1
666 665 1
751 665 1
663 666 1
668 666 1
665 666 1
742 666 1
669 667 1
661 667 1
670 667 1
1667 667 1
666 668 1
669 668 1
672 668 1
1672 668 1
662 669 1
667 669 1
668 669 1
1670 669 1
667 670 1
671 670 1
672 670 1
1171 670 1
670 671 1
441 671 1
672 671 1
433 671 1
668 672 1
671 672 1
670 672 1
1170 672 1
664 673 1
674 673 1
675 673 1
787 673 1
661 674 1
439 674 1
673 674 1
1729 674 1
673 675 1
665 675 1
440 675 1
786 675 1
677 676 1
680 676 1
678 676 1
953 676 1
676 677 1
679 677 1
606 677 1
1066 677 1
605 678 1
683 678 1
676 678 1
955 678 1
677 679 1
680 679 1
681 679 1
1665 679 1
679 680 1
676 680 1
687 680 1
956 680 1
679 681 1
682 681 1
686 681 1
1617 681 1
681 682 1
597 682 1
684 682 1
1648 682 1
684 683 1
678 683 1
688 683 1
959 683 1
682 684 1
683 684 1
685 684 1
1079 684 1
684 685 1
686 685 1
688 685 1
1083 685 1
687 686 1
681 686 1
685 686 1
1395 686 1
688 687 1
680 687 1
686 687 1
965 687 1
683 688 1
687 688 1
685 688 1
963 688 1
693 689 1
690 689 1
691 689 1
1771 689 1
689 690 1
695 690 1
700 690 1
1683 690 1
689 691 1
692 691 1
703 691 1
1761 691 1
691 692 1
693 692 1
702 692 1
1765 692 1
694 693 1
689 693 1
692 693 1
1765 693 1
693 694 1
696 694 1
704 694 1
1726 694 1
690 695 1
696 695 1
697 695 1
1686 695 1
695 696 1
694 696 1
698 696 1
1044 696 1
695 697 1
701 697 1
699 697 1
1626 697 1
379 698 1
696 698 1
699 698 1
1045 698 1
697 699 1
377 699 1
698 699 1
376 699 1
701 700 1
690 700 1
703 700 1
1284 700 1
697 701 1
700 701 1
708 701 1
1281 701 1
703 702 1
692 702 1
705 702 1
856 702 1
700 703 1
691 703 1
702 703 1
1282 703 1
694 704 1
381 704 1
709 704 1
1727 704 1
702 705 1
710 705 1
708 705 1
1285 705 1
382 706 1
711 706 1
707 706 1
1504 706 1
378 707 1
708 707 1
706 707 1
728 707 1
707 708 1
701 708 1
705 708 1
1279 708 1
704 709 1
710 709 1
711 709 1
1767 709 1
709 710 1
705 710 1
711 710 1
1285 710 1
706 711 1
709 711 1
710 711 1
1504 711 1
718 712 1
720 712 1
715 712 1
1649 712 1
394 713 1
716 713 1
714 713 1
392 713 1
715 714 1
461 714 1
713 714 1
1131 714 1
712 715 1
714 715 1
719 715 1
1131 715 1
713 716 1
717 716 1
719 716 1
1354 716 1
716 717 1
722 717 1
718 717 1
1490 717 1
717 718 1
712 718 1
719 718 1
1441 718 1
718 719 1
715 719 1
716 719 1
1356 719 1
712 720 1
721 720 1
462 720 1
1056 720 1
720 721 1
464 721 1
463 721 1
1054 721 1
717 722 1
401 722 1
465 722 1
580 722 1
727 723 1
724 723 1
725 723 1
860 723 1
723 724 1
270 724 1
726 724 1
1503 724 1
723 725 1
733 725 1
726 725 1
1431 725 1
724 726 1
725 726 1
19 726 1
1424 726 1
728 727 1
723 727 1
732 727 1
1279 727 1
727 728 1
271 728 1
729 728 1
707 728 1
728 729 1
739 729 1
730 729 1
370 729 1
729 730 1
736 730 1
732 730 1
371 730 1
732 731 1
734 731 1
735 731 1
1627 731 1
731 732 1
727 732 1
730 732 1
1627 732 1
725 733 1
734 733 1
737 733 1
1404 733 1
733 734 1
731 734 1
735 734 1
1401 734 1
731 735 1
734 735 1
736 735 1
1449 735 1
730 736 1
738 736 1
735 736 1
1451 736 1
18 737 1
733 737 1
738 737 1
1421 737 1
736 738 1
739 738 1
737 738 1
1422 738 1
729 739 1
21 739 1
738 739 1
25 739 1
741 740 1
636 740 1
754 740 1
1556 740 1
742 741 1
740 741 1
753 741 1
1671 741 1
666 742 1
741 742 1
752 742 1
1672 742 1
664 743 1
749 743 1
745 743 1
784 743 1
663 744 1
747 744 1
745 744 1
1182 744 1
746 745 1
743 745 1
744 745 1
1473 745 1
745 746 1
208 746 1
748 746 1
192 746 1
635 747 1
744 747 1
748 747 1
1182 747 1
406 748 1
746 748 1
747 748 1
1144 748 1
743 749 1
750 749 1
205 749 1
781 749 1
749 750 1
751 750 1
100 750 1
788 750 1
750 751 1
665 751 1
752 751 1
788 751 1
753 752 1
742 752 1
751 752 1
1675 752 1
741 753 1
754 753 1
752 753 1
1677 753 1
753 754 1
740 754 1
638 754 1
1558 754 1
757 755 1
756 755 1
767 755 1
834 755 1
755 756 1
348 756 1
346 756 1
834 756 1
755 757 1
758 757 1
764 757 1
838 757 1
759 758 1
757 758 1
765 758 1
1408 758 1
171 759 1
758 759 1
760 759 1
1413 759 1
759 760 1
763 760 1
762 760 1
1537 760 1
170 761 1
770 761 1
763 761 1
169 761 1
763 762 1
760 762 1
772 762 1
1569 762 1
761 763 1
760 763 1
762 763 1
1536 763 1
757 764 1
768 764 1
765 764 1
835 764 1
764 765 1
758 765 1
769 765 1
1703 765 1
767 766 1
771 766 1
769 766 1
1757 766 1
766 767 1
755 767 1
768 767 1
842 767 1
767 768 1
764 768 1
769 768 1
840 768 1
766 769 1
765 769 1
768 769 1
1702 769 1
761 770 1
771 770 1
772 770 1
1572 770 1
770 771 1
766 771 1
772 771 1
1757 771 1
762 772 1
771 772 1
770 772 1
1570 772 1
774 773 1
328 773 1
777 773 1
1053 773 1
775 774 1
773 774 1
776 774 1
1195 774 1
774 775 1
333 775 1
522 775 1
547 775 1
777 776 1
774 776 1
516 776 1
1197 776 1
773 777 1
776 777 1
778 777 1
1120 777 1
777 778 1
780 778 1
515 778 1
419 778 1
780 779 1
521 779 1
332 779 1
1510 779 1
778 780 1
329 780 1
779 780 1
307 780 1
749 781 1
782 781 1
783 781 1
1487 781 1
781 782 1
784 782 1
785 782 1
1487 782 1
781 783 1
786 783 1
788 783 1
1489 783 1
782 784 1
743 784 1
787 784 1
937 784 1
782 785 1
786 785 1
787 785 1
1454 785 1
785 786 1
783 786 1
675 786 1
428 786 1
784 787 1
785 787 1
673 787 1
1729 787 1
783 788 1
750 788 1
751 788 1
104 788 1
791 789 1
795 789 1
793 789 1
1472 789 1
794 790 1
478 790 1
791 790 1
1598 790 1
790 791 1
789 791 1
792 791 1
1180 791 1
791 792 1
793 792 1
799 792 1
885 792 1
792 793 1
789 793 1
798 793 1
882 793 1
790 794 1
796 794 1
795 794 1
1025 794 1
789 795 1
794 795 1
797 795 1
1019 795 1
794 796 1
479 796 1
797 796 1
1020 796 1
798 797 1
795 797 1
796 797 1
1015 797 1
793 798 1
797 798 1
799 798 1
881 798 1
792 799 1
480 799 1
798 799 1
474 799 1
802 800 1
803 800 1
801 800 1
869 800 1
806 801 1
808 801 1
800 801 1
1370 801 1
809 802 1
800 802 1
810 802 1
869 802 1
800 803 1
804 803 1
806 803 1
1374 803 1
803 804 1
818 804 1
805 804 1
851 804 1
806 805 1
811 805 1
804 805 1
847 805 1
805 806 1
801 806 1
803 806 1
1370 806 1
808 807 1
557 807 1
812 807 1
556 807 1
801 808 1
813 808 1
807 808 1
1337 808 1
814 809 1
802 809 1
810 809 1
871 809 1
802 810 1
558 810 1
809 810 1
876 810 1
813 811 1
805 811 1
815 811 1
861 811 1
807 812 1
816 812 1
813 812 1
1336 812 1
808 813 1
811 813 1
812 813 1
1339 813 1
809 814 1
821 814 1
555 814 1
871 814 1
811 815 1
825 815 1
816 815 1
866 815 1
817 816 1
812 816 1
815 816 1
1599 816 1
554 817 1
816 817 1
824 817 1
1102 817 1
804 818 1
819 818 1
820 818 1
852 818 1
818 819 1
822 819 1
820 819 1
1664 819 1
818 820 1
826 820 1
819 820 1
860 820 1
822 821 1
814 821 1
824 821 1
1290 821 1
819 822 1
821 822 1
823 822 1
1535 822 1
824 823 1
827 823 1
822 823 1
1588 823 1
817 824 1
821 824 1
823 824 1
128 824 1
815 825 1
826 825 1
827 825 1
866 825 1
825 826 1
820 826 1
827 826 1
865 826 1
823 827 1
825 827 1
826 827 1
1610 827 1
834 828 1
843 828 1
829 828 1
1329 828 1
828 829 1
836 829 1
832 829 1
347 829 1
835 830 1
831 830 1
833 830 1
1104 830 1
830 831 1
839 831 1
832 831 1
1230 831 1
829 832 1
833 832 1
831 832 1
1297 832 1
832 833 1
841 833 1
830 833 1
1106 833 1
828 834 1
755 834 1
837 834 1
756 834 1
764 835 1
830 835 1
840 835 1
1105 835 1
829 836 1
837 836 1
839 836 1
992 836 1
836 837 1
834 837 1
838 837 1
357 837 1
839 838 1
757 838 1
837 838 1
1408 838 1
831 839 1
838 839 1
836 839 1
1258 839 1
835 840 1
846 840 1
768 840 1
1112 840 1
833 841 1
844 841 1
845 841 1
1107 841 1
767 842 1
843 842 1
846 842 1
1757 842 1
842 843 1
828 843 1
844 843 1
1334 843 1
841 844 1
843 844 1
845 844 1
1335 844 1
841 845 1
846 845 1
844 845 1
1115 845 1
845 846 1
840 846 1
842 846 1
1117 846 1
805 847 1
854 847 1
849 847 1
1661 847 1
853 848 1
850 848 1
849 848 1
1278 848 1
847 849 1
851 849 1
848 849 1
1459 849 1
848 850 1
855 850 1
852 850 1
1276 850 1
849 851 1
804 851 1
852 851 1
1663 851 1
851 852 1
850 852 1
818 852 1
1748 852 1
857 853 1
848 853 1
854 853 1
1283 853 1
847 854 1
858 854 1
853 854 1
1661 854 1
850 855 1
864 855 1
860 855 1
1279 855 1
857 856 1
863 856 1
859 856 1
702 856 1
856 857 1
853 857 1
858 857 1
1282 857 1
854 858 1
859 858 1
857 858 1
1745 858 1
858 859 1
861 859 1
856 859 1
1755 859 1
855 860 1
820 860 1
865 860 1
723 860 1
859 861 1
811 861 1
862 861 1
1755 861 1
863 862 1
861 862 1
866 862 1
1756 862 1
864 863 1
856 863 1
862 863 1
1285 863 1
855 864 1
863 864 1
865 864 1
1285 864 1
860 865 1
864 865 1
826 865 1
1503 865 1
815 866 1
862 866 1
825 866 1
1737 866 1
868 867 1
872 867 1
869 867 1
1373 867 1
873 868 1
874 868 1
867 868 1
1371 868 1
867 869 1
802 869 1
875 869 1
800 869 1
873 870 1
877 870 1
871 870 1
494 870 1
870 871 1
809 871 1
872 871 1
814 871 1
873 872 1
867 872 1
871 872 1
1287 872 1
870 873 1
868 873 1
872 873 1
1289 873 1
868 874 1
878 874 1
875 874 1
1372 874 1
874 875 1
869 875 1
879 875 1
1369 875 1
810 876 1
877 876 1
879 876 1
1347 876 1
878 877 1
870 877 1
876 877 1
490 877 1
874 878 1
877 878 1
879 878 1
1565 878 1
876 879 1
875 879 1
878 879 1
1567 879 1
477 880 1
886 880 1
881 880 1
1634 880 1
880 881 1
884 881 1
798 881 1
1015 881 1
883 882 1
793 882 1
885 882 1
1474 882 1
884 883 1
882 883 1
888 883 1
1507 883 1
881 884 1
889 884 1
883 884 1
1014 884 1
475 885 1
882 885 1
792 885 1
1597 885 1
880 886 1
887 886 1
889 886 1
1239 886 1
886 887 1
476 887 1
888 887 1
1545 887 1
883 888 1
887 888 1
889 888 1
1546 888 1
884 889 1
886 889 1
888 889 1
1240 889 1
578 890 1
898 890 1
891 890 1
978 890 1
890 891 1
579 891 1
896 891 1
978 891 1
154 892 1
893 892 1
894 892 1
1344 892 1
892 893 1
900 893 1
592 893 1
1338 893 1
586 894 1
892 894 1
588 894 1
1344 894 1
897 895 1
902 895 1
901 895 1
1346 895 1
891 896 1
897 896 1
146 896 1
980 896 1
896 897 1
895 897 1
157 897 1
528 897 1
890 898 1
899 898 1
902 898 1
1566 898 1
898 899 1
589 899 1
900 899 1
34 899 1
893 900 1
901 900 1
899 900 1
1340 900 1
900 901 1
895 901 1
902 901 1
1340 901 1
895 902 1
898 902 1
901 902 1
1567 902 1
59 903 1
904 903 1
916 903 1
1163 903 1
903 904 1
920 904 1
912 904 1
1063 904 1
908 905 1
60 905 1
906 905 1
57 905 1
910 906 1
905 906 1
909 906 1
63 906 1
911 907 1
919 907 1
914 907 1
121 907 1
905 908 1
921 908 1
909 908 1
1198 908 1
906 909 1
908 909 1
910 909 1
1159 909 1
911 910 1
906 910 1
909 910 1
1155 910 1
907 911 1
910 911 1
922 911 1
1155 911 1
913 912 1
904 912 1
917 912 1
1067 912 1
912 913 1
923 913 1
914 913 1
1069 913 1
907 914 1
913 914 1
918 914 1
1531 914 1
58 915 1
916 915 1
919 915 1
1156 915 1
915 916 1
903 916 1
917 916 1
1167 916 1
912 917 1
916 917 1
918 917 1
1666 917 1
919 918 1
914 918 1
917 918 1
1533 918 1
915 919 1
907 919 1
918 919 1
1158 919 1
904 920 1
921 920 1
923 920 1
1071 920 1
920 921 1
908 921 1
922 921 1
1198 921 1
923 922 1
911 922 1
921 922 1
437 922 1
920 923 1
913 923 1
922 923 1
1073 923 1
434 924 1
925 924 1
221 924 1
1171 924 1
924 925 1
926 925 1
928 925 1
1513 925 1
925 926 1
431 926 1
443 926 1
1072 926 1
222 927 1
444 927 1
928 927 1
1498 927 1
224 928 1
925 928 1
927 928 1
1516 928 1
932 929 1
930 929 1
939 929 1
1159 929 1
935 930 1
933 930 1
929 930 1
1453 930 1
932 931 1
937 931 1
194 931 1
1487 931 1
931 932 1
929 932 1
198 932 1
1160 932 1
935 933 1
930 933 1
936 933 1
1625 933 1
195 934 1
938 934 1
942 934 1
1473 934 1
930 935 1
933 935 1
943 935 1
1025 935 1
933 936 1
937 936 1
938 936 1
1625 936 1
936 937 1
931 937 1
938 937 1
784 937 1
934 938 1
937 938 1
936 938 1
1473 938 1
929 939 1
940 939 1
943 939 1
1028 939 1
939 940 1
196 940 1
941 940 1
1029 940 1
942 941 1
193 941 1
940 941 1
1024 941 1
934 942 1
941 942 1
943 942 1
1019 942 1
935 943 1
939 943 1
942 943 1
1025 943 1
949 944 1
957 944 1
946 944 1
1351 944 1
950 945 1
947 945 1
946 945 1
1353 945 1
944 946 1
954 946 1
945 946 1
1352 946 1
945 947 1
952 947 1
953 947 1
1491 947 1
951 948 1
949 948 1
950 948 1
1321 948 1
948 949 1
944 949 1
950 949 1
1351 949 1
948 950 1
945 950 1
949 950 1
1353 950 1
961 951 1
948 951 1
952 951 1
1321 951 1
947 952 1
951 952 1
956 952 1
1315 952 1
954 953 1
947 953 1
676 953 1
1065 953 1
946 954 1
955 954 1
953 954 1
1064 954 1
954 955 1
958 955 1
678 955 1
1068 955 1
680 956 1
952 956 1
962 956 1
1317 956 1
944 957 1
960 957 1
958 957 1
1075 957 1
955 958 1
957 958 1
959 958 1
1646 958 1
958 959 1
683 959 1
960 959 1
1078 959 1
957 960 1
963 960 1
959 960 1
1075 960 1
951 961 1
964 961 1
962 961 1
1322 961 1
961 962 1
956 962 1
965 962 1
1323 962 1
960 963 1
964 963 1
688 963 1
1082 963 1
963 964 1
961 964 1
965 964 1
1385 964 1
687 965 1
962 965 1
964 965 1
1387 965 1
79 966 1
108 966 1
968 966 1
1590 966 1
80 967 1
968 967 1
969 967 1
1488 967 1
966 968 1
119 968 1
967 968 1
1718 968 1
967 969 1
122 969 1
120 969 1
1151 969 1
971 970 1
976 970 1
972 970 1
1237 970 1
970 971 1
975 971 1
974 971 1
1381 971 1
970 972 1
973 972 1
974 972 1
1034 972 1
972 973 1
977 973 1
974 973 1
1205 973 1
972 974 1
971 974 1
973 974 1
1200 974 1
971 975 1
976 975 1
977 975 1
1735 975 1
975 976 1
970 976 1
977 976 1
1239 976 1
973 977 1
976 977 1
975 977 1
1205 977 1
577 978 1
981 978 1
891 978 1
890 978 1
140 979 1
982 979 1
980 979 1
540 979 1
979 980 1
896 980 1
981 980 1
1328 980 1
982 981 1
978 981 1
980 981 1
1327 981 1
576 982 1
981 982 1
979 982 1
539 982 1
991 983 1
985 983 1
984 983 1
1560 983 1
983 984 1
986 984 1
988 984 1
1560 984 1
983 985 1
353 985 1
987 985 1
250 985 1
984 986 1
990 986 1
988 986 1
1243 986 1
988 987 1
985 987 1
989 987 1
1241 987 1
984 988 1
987 988 1
986 988 1
1245 988 1
987 989 1
992 989 1
990 989 1
1258 989 1
986 990 1
996 990 1
989 990 1
1261 990 1
983 991 1
994 991 1
997 991 1
1129 991 1
989 992 1
354 992 1
356 992 1
836 992 1
355 993 1
994 993 1
995 993 1
364 993 1
993 994 1
991 994 1
995 994 1
1122 994 1
993 995 1
998 995 1
994 995 1
1126 995 1
990 996 1
997 996 1
998 996 1
1261 996 1
996 997 1
991 997 1
998 997 1
1130 997 1
996 998 1
995 998 1
997 998 1
1128 998 1
1003 999 1
1013 999 1
1004 999 1
1175 999 1
286 1000 1
1012 1000 1
1011 1000 1
287 1000 1
1003 1001 1
1009 1001 1
1002 1001 1
472 1001 1
1001 1002 1
1010 1002 1
1005 1002 1
1545 1002 1
999 1003 1
1001 1003 1
1008 1003 1
1596 1003 1
999 1004 1
1006 1004 1
1007 1004 1
1175 1004 1
292 1005 1
1002 1005 1
1008 1005 1
1147 1005 1
1004 1006 1
291 1006 1
1007 1006 1
1143 1006 1
1008 1007 1
1004 1007 1
1006 1007 1
1144 1007 1
1003 1008 1
1007 1008 1
1005 1008 1
1148 1008 1
1001 1009 1
1013 1009 1
1010 1009 1
1440 1009 1
1002 1010 1
1009 1010 1
1011 1010 1
342 1010 1
1010 1011 1
1000 1011 1
1012 1011 1
1191 1011 1
1000 1012 1
1013 1012 1
1011 1012 1
1303 1012 1
1009 1013 1
999 1013 1
1012 1013 1
1442 1013 1
1018 1014 1
1015 1014 1
1017 1014 1
884 1014 1
1014 1015 1
797 1015 1
1021 1015 1
881 1015 1
1017 1016 1
1027 1016 1
1034 1016 1
1208 1016 1
1014 1017 1
1022 1017 1
1016 1017 1
1240 1017 1
1014 1018 1
1023 1018 1
1026 1018 1
1507 1018 1
795 1019 1
1024 1019 1
942 1019 1
1472 1019 1
1032 1020 1
796 1020 1
1021 1020 1
1633 1020 1
1022 1021 1
1015 1021 1
1020 1021 1
1634 1021 1
1017 1022 1
1021 1022 1
1033 1022 1
1238 1022 1
1024 1023 1
1018 1023 1
1030 1023 1
1476 1023 1
1019 1024 1
1023 1024 1
941 1024 1
1476 1024 1
794 1025 1
71 1025 1
943 1025 1
935 1025 1
1018 1026 1
1027 1026 1
1030 1026 1
1210 1026 1
1026 1027 1
1016 1027 1
73 1027 1
1210 1027 1
939 1028 1
72 1028 1
1029 1028 1
66 1028 1
940 1029 1
1030 1029 1
1028 1029 1
1153 1029 1
1026 1030 1
1023 1030 1
1029 1030 1
1509 1030 1
1032 1031 1
70 1031 1
1034 1031 1
1200 1031 1
1031 1032 1
1020 1032 1
1033 1032 1
1382 1032 1
1022 1033 1
1034 1033 1
1032 1033 1
1237 1033 1
1016 1034 1
1031 1034 1
1033 1034 1
972 1034 1
1036 1035 1
1041 1035 1
1040 1035 1
1326 1035 1
1035 1036 1
1037 1036 1
1040 1036 1
535 1036 1
1036 1037 1
1042 1037 1
1038 1037 1
1539 1037 1
481 1038 1
1039 1038 1
1037 1038 1
1540 1038 1
1040 1039 1
488 1039 1
1038 1039 1
1544 1039 1
1035 1040 1
1039 1040 1
1036 1040 1
1543 1040 1
1042 1041 1
1035 1041 1
489 1041 1
1565 1041 1
1037 1042 1
1041 1042 1
482 1042 1
1325 1042 1
1044 1043 1
1048 1043 1
1046 1043 1
1769 1043 1
1043 1044 1
1049 1044 1
1045 1044 1
696 1044 1
1047 1045 1
1044 1045 1
1046 1045 1
698 1045 1
1043 1046 1
1052 1046 1
1045 1046 1
373 1046 1
1045 1047 1
1050 1047 1
1051 1047 1
380 1047 1
1043 1048 1
1049 1048 1
1052 1048 1
1722 1048 1
1048 1049 1
1044 1049 1
1050 1049 1
1724 1049 1
1049 1050 1
1047 1050 1
1051 1050 1
1724 1050 1
1052 1051 1
1047 1051 1
1050 1051 1
1415 1051 1
1046 1052 1
1048 1052 1
1051 1052 1
1414 1052 1
338 1053 1
1054 1053 1
1055 1053 1
773 1053 1
1053 1054 1
721 1054 1
1055 1054 1
1194 1054 1
1053 1055 1
1057 1055 1
1054 1055 1
1118 1055 1
720 1056 1
1060 1056 1
1058 1056 1
1649 1056 1
1055 1057 1
423 1057 1
457 1057 1
1119 1057 1
1056 1058 1
1059 1058 1
459 1058 1
1134 1058 1
426 1059 1
1062 1059 1
1058 1059 1
1138 1059 1
1056 1060 1
341 1060 1
1062 1060 1
1439 1060 1
1062 1061 1
340 1061 1
343 1061 1
1191 1061 1
1059 1062 1
1061 1062 1
1060 1062 1
1192 1062 1
1064 1063 1
1071 1063 1
904 1063 1
1163 1063 1
954 1064 1
1063 1064 1
1065 1064 1
1469 1064 1
1067 1065 1
953 1065 1
1064 1065 1
1491 1065 1
677 1066 1
1067 1066 1
1069 1066 1
1665 1066 1
1066 1067 1
1065 1067 1
912 1067 1
1666 1067 1
1070 1068 1
955 1068 1
604 1068 1
1645 1068 1
1066 1069 1
611 1069 1
913 1069 1
1531 1069 1
1068 1070 1
1072 1070 1
603 1070 1
1514 1070 1
1063 1071 1
1072 1071 1
920 1071 1
1199 1071 1
1071 1072 1
1070 1072 1
1073 1072 1
926 1072 1
923 1073 1
614 1073 1
1072 1073 1
442 1073 1
1075 1074 1
1082 1074 1
1077 1074 1
960 1075 1
1074 1075 1
1076 1075 1
957 1075 1
1075 1076 1
1077 1076 1
1078 1076 1
1646 1076 1
1076 1077 1
1074 1077 1
1081 1077 1
1513 1077 1
1076 1078 1
959 1078 1
1079 1078 1
1646 1078 1
1078 1079 1
1080 1079 1
684 1079 1
1647 1079 1
1081 1080 1
1079 1080 1
1083 1080 1
1638 1080 1
1077 1081 1
1084 1081 1
1080 1081 1
1637 1081 1
1074 1082 1
963 1082 1
1084 1082 1
1714 1082 1
1080 1083 1
685 1083 1
1084 1083 1
1716 1083 1
1081 1084 1
1082 1084 1
1083 1084 1
1715 1084 1
1087 1085 1
1086 1085 1
1088 1085 1
1286 1085 1
1085 1086 1
1091 1086 1
1090 1086 1
1286 1086 1
1089 1087 1
1085 1087 1
1088 1087 1
492 1087 1
1092 1088 1
1085 1088 1
1087 1088 1
1524 1088 1
550 1089 1
1087 1089 1
552 1089 1
493 1089 1
1086 1090 1
111 1090 1
1091 1090 1
1158 1090 1
1086 1091 1
130 1091 1
1090 1091 1
1288 1091 1
1088 1092 1
1098 1092 1
1097 1092 1
1524 1092 1
1094 1093 1
1096 1093 1
1099 1093 1
1368 1093 1
1093 1094 1
110 1094 1
1100 1094 1
570 1094 1
109 1095 1
1098 1095 1
1096 1095 1
1608 1095 1
1095 1096 1
1093 1096 1
562 1096 1
1632 1096 1
1092 1097 1
510 1097 1
1098 1097 1
511 1097 1
1095 1098 1
1092 1098 1
1097 1098 1
1607 1098 1
1093 1099 1
1101 1099 1
560 1099 1
1364 1099 1
1094 1100 1
1101 1100 1
126 1100 1
1363 1100 1
1100 1101 1
1099 1101 1
1102 1101 1
1364 1101 1
129 1102 1
549 1102 1
1101 1102 1
817 1102 1
567 1103 1
1115 1103 1
1107 1103 1
1366 1103 1
830 1104 1
1110 1104 1
1105 1104 1
1230 1104 1
1104 1105 1
1111 1105 1
835 1105 1
1224 1105 1
833 1106 1
569 1106 1
1107 1106 1
1295 1106 1
841 1107 1
1103 1107 1
1106 1107 1
1333 1107 1
565 1108 1
1109 1108 1
1114 1108 1
571 1108 1
1108 1109 1
1110 1109 1
1114 1109 1
1227 1109 1
1109 1110 1
1104 1110 1
1111 1110 1
1227 1110 1
1110 1111 1
1105 1111 1
1112 1111 1
159 1111 1
840 1112 1
1111 1112 1
1113 1112 1
1609 1112 1
1114 1113 1
1117 1113 1
1112 1113 1
1610 1113 1
1108 1114 1
1113 1114 1
1109 1114 1
1589 1114 1
1103 1115 1
1116 1115 1
845 1115 1
1612 1115 1
1115 1116 1
563 1116 1
1117 1116 1
1614 1116 1
1113 1117 1
1116 1117 1
846 1117 1
1737 1117 1
1055 1118 1
1120 1118 1
1119 1118 1
1193 1118 1
1118 1119 1
1057 1119 1
421 1119 1
446 1119 1
1118 1120 1
777 1120 1
420 1120 1
1197 1120 1
415 1121 1
308 1121 1
413 1121 1
305 1121 1
994 1122 1
1129 1122 1
1123 1122 1
1736 1122 1
1122 1123 1
1125 1123 1
1124 1123 1
1520 1123 1
1125 1124 1
1123 1124 1
1126 1124 1
1482 1124 1
1123 1125 1
1127 1125 1
1124 1125 1
1480 1125 1
1124 1126 1
995 1126 1
1128 1126 1
367 1126 1
1125 1127 1
1130 1127 1
1128 1127 1
1485 1127 1
1127 1128 1
1126 1128 1
998 1128 1
1486 1128 1
1122 1129 1
991 1129 1
1130 1129 1
649 1129 1
1127 1130 1
1129 1130 1
997 1130 1
1259 1130 1
1134 1131 1
714 1131 1
1132 1131 1
715 1131 1
1131 1132 1
1133 1132 1
1135 1132 1
1356 1132 1
1134 1133 1
1132 1133 1
1138 1133 1
36 1133 1
1058 1134 1
1131 1134 1
1133 1134 1
1649 1134 1
1132 1135 1
1139 1135 1
1137 1135 1
1357 1135 1
1137 1136 1
390 1136 1
1141 1136 1
179 1136 1
393 1137 1
1136 1137 1
1135 1137 1
1358 1137 1
1133 1138 1
1139 1138 1
1059 1138 1
1189 1138 1
1138 1139 1
1135 1139 1
1140 1139 1
1190 1139 1
1139 1140 1
1142 1140 1
427 1140 1
1188 1140 1
237 1141 1
1136 1141 1
1142 1141 1
1571 1141 1
1140 1142 1
1141 1142 1
238 1142 1
1335 1142 1
405 1143 1
297 1143 1
1006 1143 1
1173 1143 1
748 1144 1
1145 1144 1
1007 1144 1
1176 1144 1
1144 1145 1
1146 1145 1
1148 1145 1
1176 1145 1
1145 1146 1
1147 1146 1
1148 1146 1
1474 1146 1
1146 1147 1
315 1147 1
1005 1147 1
1475 1147 1
1145 1148 1
1008 1148 1
1146 1148 1
1597 1148 1
131 1149 1
1153 1149 1
1150 1149 1
1161 1149 1
1154 1150 1
113 1150 1
1149 1150 1
1605 1150 1
133 1151 1
1155 1151 1
969 1151 1
1162 1151 1
64 1152 1
1157 1152 1
1154 1152 1
1603 1152 1
1149 1153 1
65 1153 1
1154 1153 1
1029 1153 1
1152 1154 1
1150 1154 1
1153 1154 1
1605 1154 1
910 1155 1
1151 1155 1
911 1155 1
1162 1155 1
56 1156 1
1157 1156 1
915 1156 1
1168 1156 1
1156 1157 1
1152 1157 1
1158 1157 1
1606 1157 1
112 1158 1
1157 1158 1
919 1158 1
1090 1158 1
1160 1159 1
929 1159 1
909 1159 1
1454 1159 1
932 1160 1
1159 1160 1
1162 1160 1
1487 1160 1
132 1161 1
197 1161 1
1149 1161 1
199 1161 1
1160 1162 1
1151 1162 1
1155 1162 1
1488 1162 1
54 1163 1
1164 1163 1
903 1163 1
1063 1163 1
1163 1164 1
61 1164 1
1165 1164 1
1469 1164 1
1166 1165 1
62 1165 1
1164 1165 1
1470 1165 1
1165 1166 1
1168 1166 1
1167 1166 1
1470 1166 1
1166 1167 1
916 1167 1
1168 1167 1
1641 1167 1
1156 1168 1
1166 1168 1
1167 1168 1
1606 1168 1
1170 1169 1
436 1169 1
619 1169 1
1673 1169 1
1169 1170 1
672 1170 1
630 1170 1
1672 1170 1
924 1171 1
670 1171 1
631 1171 1
1667 1171 1
1174 1172 1
242 1172 1
1173 1172 1
1291 1172 1
1143 1173 1
1172 1173 1
1174 1173 1
1292 1173 1
1175 1174 1
1172 1174 1
1173 1174 1
1442 1174 1
1177 1175 1
1174 1175 1
1004 1175 1
999 1175 1
1144 1176 1
1178 1176 1
1179 1176 1
1145 1176 1
1181 1177 1
1175 1177 1
1178 1177 1
1596 1177 1
1176 1178 1
1177 1178 1
1180 1178 1
1597 1178 1
1176 1179 1
1183 1179 1
1180 1179 1
1472 1179 1
1179 1180 1
1178 1180 1
1181 1180 1
791 1180 1
1177 1181 1
1184 1181 1
1180 1181 1
1598 1181 1
747 1182 1
1183 1182 1
1185 1182 1
744 1182 1
1182 1183 1
1179 1183 1
1184 1183 1
1473 1183 1
1185 1184 1
1181 1184 1
1183 1184 1
1624 1184 1
247 1185 1
1184 1185 1
1182 1185 1
662 1185 1
283 1186 1
1189 1186 1
1192 1186 1
41 1186 1
282 1187 1
1188 1187 1
1190 1187 1
1704 1187 1
1187 1188 1
416 1188 1
1140 1188 1
1705 1188 1
1190 1189 1
1186 1189 1
1138 1189 1
39 1189 1
1187 1190 1
1189 1190 1
1139 1190 1
1676 1190 1
1192 1191 1
284 1191 1
1061 1191 1
1011 1191 1
1186 1192 1
1191 1192 1
1062 1192 1
38 1192 1
1118 1193 1
1194 1193 1
1196 1193 1
1706 1193 1
1195 1194 1
1054 1194 1
1193 1194 1
1221 1194 1
774 1195 1
1194 1195 1
1196 1195 1
1707 1195 1
1193 1196 1
1197 1196 1
1195 1196 1
1708 1196 1
1196 1197 1
1120 1197 1
776 1197 1
1585 1197 1
1199 1198 1
908 1198 1
921 1198 1
1454 1198 1
55 1199 1
1071 1199 1
1198 1199 1
1453 1199 1
1031 1200 1
1214 1200 1
974 1200 1
1381 1200 1
1206 1201 1
1217 1201 1
1202 1201 1
1700 1201 1
1203 1202 1
1204 1202 1
1201 1202 1
1734 1202 1
69 1203 1
1202 1203 1
1213 1203 1
1678 1203 1
1202 1204 1
1209 1204 1
1212 1204 1
1733 1204 1
973 1205 1
1206 1205 1
1208 1205 1
977 1205 1
1205 1206 1
1201 1206 1
1207 1206 1
1735 1206 1
1206 1207 1
1211 1207 1
1208 1207 1
1512 1207 1
1205 1208 1
1016 1208 1
1207 1208 1
1240 1208 1
1204 1209 1
1210 1209 1
1212 1209 1
1510 1209 1
1209 1210 1
1027 1210 1
1211 1210 1
1026 1210 1
1212 1211 1
1207 1211 1
1210 1211 1
1512 1211 1
1204 1212 1
1211 1212 1
1209 1212 1
1511 1212 1
1203 1213 1
1216 1213 1
68 1213 1
1471 1213 1
1215 1214 1
1200 1214 1
1217 1214 1
1713 1214 1
67 1215 1
1214 1215 1
1216 1215 1
1269 1215 1
1217 1216 1
1213 1216 1
1215 1216 1
1271 1216 1
1201 1217 1
1214 1217 1
1216 1217 1
1701 1217 1
1221 1218 1
581 1218 1
1220 1218 1
134 1218 1
583 1219 1
402 1219 1
584 1219 1
1591 1219 1
454 1220 1
1218 1220 1
1221 1220 1
455 1220 1
451 1221 1
1218 1221 1
1220 1221 1
1194 1221 1
160 1222 1
1224 1222 1
1223 1222 1
385 1222 1
1225 1223 1
163 1223 1
1222 1223 1
1232 1223 1
1105 1224 1
1222 1224 1
1225 1224 1
1703 1224 1
1223 1225 1
1229 1225 1
1224 1225 1
1256 1225 1
84 1226 1
1228 1226 1
82 1226 1
1253 1226 1
78 1227 1
1110 1227 1
166 1227 1
1109 1227 1
1226 1228 1
1229 1228 1
1231 1228 1
1254 1228 1
1228 1229 1
1225 1229 1
1230 1229 1
1255 1229 1
1104 1230 1
1231 1230 1
1229 1230 1
831 1230 1
1230 1231 1
83 1231 1
1228 1231 1
1296 1231 1
384 1232 1
162 1232 1
1234 1232 1
1223 1232 1
656 1233 1
1235 1233 1
1234 1233 1
1251 1233 1
1232 1234 1
1236 1234 1
1233 1234 1
1256 1234 1
1233 1235 1
279 1235 1
1236 1235 1
1259 1235 1
278 1236 1
1234 1236 1
1235 1236 1
1260 1236 1
1238 1237 1
970 1237 1
1033 1237 1
1382 1237 1
1237 1238 1
1239 1238 1
1022 1238 1
1634 1238 1
976 1239 1
1238 1239 1
1240 1239 1
886 1239 1
1239 1240 1
1017 1240 1
1208 1240 1
889 1240 1
1247 1241 1
987 1241 1
1254 1241 1
1559 1241 1
1251 1242 1
1259 1242 1
1243 1242 1
650 1242 1
1248 1243 1
986 1243 1
1242 1243 1
1564 1243 1
1246 1244 1
1253 1244 1
1252 1244 1
1655 1244 1
1249 1245 1
988 1245 1
1247 1245 1
1561 1245 1
1244 1246 1
1247 1246 1
1250 1246 1
1655 1246 1
1241 1247 1
1245 1247 1
1246 1247 1
1554 1247 1
1243 1248 1
1249 1248 1
1250 1248 1
1564 1248 1
1248 1249 1
1245 1249 1
1250 1249 1
1563 1249 1
1248 1250 1
1246 1250 1
1249 1250 1
1653 1250 1
1233 1251 1
1242 1251 1
1252 1251 1
1657 1251 1
1244 1252 1
1251 1252 1
1253 1252 1
1658 1252 1
1254 1253 1
1244 1253 1
1252 1253 1
1226 1253 1
1241 1254 1
1253 1254 1
1255 1254 1
1228 1254 1
1254 1255 1
1258 1255 1
1256 1255 1
1229 1255 1
1255 1256 1
1234 1256 1
1257 1256 1
1225 1256 1
1258 1257 1
1256 1257 1
1260 1257 1
1750 1257 1
989 1258 1
1255 1258 1
1257 1258 1
839 1258 1
1242 1259 1
1235 1259 1
1261 1259 1
1130 1259 1
1257 1260 1
1236 1260 1
1261 1260 1
1681 1260 1
1259 1261 1
990 1261 1
1260 1261 1
996 1261 1
1268 1262 1
1274 1262 1
1263 1262 1
1304 1262 1
1262 1263 1
1269 1263 1
1264 1263 1
1307 1263 1
1263 1264 1
1266 1264 1
1265 1264 1
1308 1264 1
1264 1265 1
1270 1265 1
1266 1265 1
1470 1265 1
1264 1266 1
502 1266 1
1265 1266 1
1312 1266 1
1268 1267 1
1275 1267 1
1272 1267 1
1539 1267 1
1267 1268 1
1262 1268 1
1269 1268 1
1709 1268 1
1268 1269 1
1263 1269 1
1271 1269 1
1215 1269 1
1271 1270 1
1265 1270 1
1273 1270 1
1471 1270 1
1269 1271 1
1270 1271 1
1272 1271 1
1216 1271 1
1273 1272 1
1267 1272 1
1271 1272 1
1711 1272 1
500 1273 1
1272 1273 1
1270 1273 1
486 1273 1
1262 1274 1
1275 1274 1
504 1274 1
1310 1274 1
1274 1275 1
1267 1275 1
501 1275 1
1325 1275 1
850 1276 1
1277 1276 1
1280 1276 1
1772 1276 1
1276 1277 1
1278 1277 1
1280 1277 1
1628 1277 1
1277 1278 1
848 1278 1
1281 1278 1
1630 1278 1
1280 1279 1
855 1279 1
708 1279 1
727 1279 1
1276 1280 1
1279 1280 1
1277 1280 1
1627 1280 1
1278 1281 1
1284 1281 1
701 1281 1
1629 1281 1
857 1282 1
1283 1282 1
703 1282 1
1761 1282 1
853 1283 1
1284 1283 1
1282 1283 1
1688 1283 1
1283 1284 1
1281 1284 1
700 1284 1
1687 1284 1
705 1285 1
864 1285 1
863 1285 1
710 1285 1
497 1286 1
1086 1286 1
1085 1286 1
1606 1286 1
1288 1287 1
1289 1287 1
872 1287 1
1521 1287 1
1091 1288 1
1287 1288 1
1290 1288 1
1534 1288 1
1287 1289 1
498 1289 1
873 1289 1
1319 1289 1
821 1290 1
1288 1290 1
127 1290 1
1535 1290 1
1172 1291 1
253 1291 1
1292 1291 1
1492 1291 1
296 1292 1
1291 1292 1
1173 1292 1
1298 1292 1
255 1293 1
295 1293 1
1295 1293 1
1332 1293 1
252 1294 1
637 1294 1
1296 1294 1
1559 1294 1
1293 1295 1
322 1295 1
1297 1295 1
1106 1295 1
1294 1296 1
324 1296 1
1297 1296 1
1231 1296 1
1295 1297 1
254 1297 1
1296 1297 1
832 1297 1
290 1298 1
1301 1298 1
1303 1298 1
1292 1298 1
288 1299 1
1300 1299 1
1302 1299 1
1651 1299 1
40 1300 1
1299 1300 1
46 1300 1
1676 1300 1
1298 1301 1
1302 1301 1
52 1301 1
1492 1301 1
1301 1302 1
1299 1302 1
48 1302 1
352 1302 1
1012 1303 1
1298 1303 1
53 1303 1
1442 1303 1
1262 1304 1
1310 1304 1
1305 1304 1
1351 1304 1
1304 1305 1
1307 1305 1
1306 1305 1
1352 1305 1
1305 1306 1
1311 1306 1
1309 1306 1
1353 1306 1
1263 1307 1
1305 1307 1
1308 1307 1
1469 1307 1
1307 1308 1
1309 1308 1
1264 1308 1
1469 1308 1
1306 1309 1
1312 1309 1
1308 1309 1
1491 1309 1
1304 1310 1
1274 1310 1
1311 1310 1
1321 1310 1
1306 1311 1
1310 1311 1
1313 1311 1
1321 1311 1
1309 1312 1
1313 1312 1
1266 1312 1
1641 1312 1
1312 1313 1
1311 1313 1
503 1313 1
1324 1313 1
1316 1314 1
1320 1314 1
1317 1314 1
1533 1314 1
1316 1315 1
1324 1315 1
952 1315 1
1640 1315 1
1315 1316 1
1314 1316 1
1317 1316 1
1666 1316 1
956 1317 1
1314 1317 1
1316 1317 1
1665 1317 1
1322 1318 1
1325 1318 1
1319 1318 1
1371 1318 1
1320 1319 1
499 1319 1
1318 1319 1
1289 1319 1
1314 1320 1
1319 1320 1
1323 1320 1
1521 1320 1
1310 1321 1
951 1321 1
1311 1321 1
948 1321 1
961 1322 1
1318 1322 1
1323 1322 1
1377 1322 1
1320 1323 1
962 1323 1
1322 1323 1
1390 1323 1
496 1324 1
1315 1324 1
1313 1324 1
1641 1324 1
1318 1325 1
1275 1325 1
495 1325 1
1042 1325 1
538 1326 1
1327 1326 1
542 1326 1
1035 1326 1
1326 1327 1
981 1327 1
1328 1327 1
1566 1327 1
541 1328 1
1327 1328 1
980 1328 1
526 1328 1
828 1329 1
1330 1329 1
1334 1329 1
182 1329 1
1329 1330 1
344 1330 1
1331 1330 1
184 1330 1
1332 1331 1
1330 1331 1
351 1331 1
1651 1331 1
1333 1332 1
1331 1332 1
1293 1332 1
1650 1332 1
1332 1333 1
1335 1333 1
1107 1333 1
1705 1333 1
1329 1334 1
1335 1334 1
843 1334 1
1572 1334 1
1334 1335 1
1333 1335 1
844 1335 1
1142 1335 1
812 1336 1
1348 1336 1
553 1336 1
1582 1336 1
808 1337 1
1340 1337 1
1338 1337 1
1643 1337 1
893 1338 1
1339 1338 1
1337 1338 1
1742 1338 1
1341 1339 1
813 1339 1
1338 1339 1
1754 1339 1
1337 1340 1
901 1340 1
900 1340 1
1643 1340 1
1339 1341 1
1349 1341 1
1343 1341 1
1752 1341 1
155 1342 1
1350 1342 1
1345 1342 1
1586 1342 1
1341 1343 1
1344 1343 1
1345 1343 1
1592 1343 1
1343 1344 1
892 1344 1
1345 1344 1
894 1344 1
1342 1345 1
1344 1345 1
1343 1345 1
1593 1345 1
895 1346 1
1347 1346 1
527 1346 1
1567 1346 1
1346 1347 1
559 1347 1
513 1347 1
876 1347 1
1336 1348 1
1349 1348 1
1350 1348 1
1583 1348 1
1348 1349 1
1341 1349 1
1350 1349 1
232 1349 1
1342 1350 1
1348 1350 1
1349 1350 1
1586 1350 1
1304 1351 1
949 1351 1
1352 1351 1
944 1351 1
1305 1352 1
1351 1352 1
1353 1352 1
946 1352 1
1306 1353 1
950 1353 1
1352 1353 1
945 1353 1
1355 1354 1
1359 1354 1
716 1354 1
1490 1354 1
1354 1355 1
1360 1355 1
1356 1355 1
42 1355 1
1132 1356 1
719 1356 1
1355 1356 1
45 1356 1
1135 1357 1
1361 1357 1
1358 1357 1
1676 1357 1
1137 1358 1
186 1358 1
1357 1358 1
185 1358 1
1354 1359 1
1360 1359 1
363 1359 1
345 1359 1
1359 1360 1
1355 1360 1
1361 1360 1
47 1360 1
1357 1361 1
1360 1361 1
362 1361 1
49 1361 1
1365 1362 1
1364 1362 1
1363 1362 1
1613 1362 1
566 1363 1
1100 1363 1
1362 1363 1
564 1363 1
1362 1364 1
1099 1364 1
1101 1364 1
1600 1364 1
1367 1365 1
1362 1365 1
1366 1365 1
1611 1365 1
1365 1366 1
568 1366 1
1367 1366 1
1103 1366 1
1365 1367 1
314 1367 1
1366 1367 1
1721 1367 1
1093 1368 1
312 1368 1
574 1368 1
1632 1368 1
1370 1369 1
28 1369 1
875 1369 1
1642 1369 1
806 1370 1
1369 1370 1
801 1370 1
1642 1370 1
1372 1371 1
1377 1371 1
868 1371 1
1318 1371 1
26 1372 1
1371 1372 1
874 1372 1
1565 1372 1
867 1373 1
1374 1373 1
1376 1373 1
1391 1373 1
1373 1374 1
803 1374 1
1375 1374 1
1663 1374 1
27 1375 1
1380 1375 1
1374 1375 1
1457 1375 1
1373 1376 1
1378 1376 1
1379 1376 1
1391 1376 1
1371 1377 1
1380 1377 1
1378 1377 1
1322 1377 1
1377 1378 1
1376 1378 1
1379 1378 1
1390 1378 1
1380 1379 1
1376 1379 1
1378 1379 1
1383 1379 1
1377 1380 1
1375 1380 1
1379 1380 1
1383 1380 1
1200 1381 1
1382 1381 1
971 1381 1
1713 1381 1
1381 1382 1
1032 1382 1
1237 1382 1
1633 1382 1
1384 1383 1
1385 1383 1
1379 1383 1
1380 1383 1
1383 1384 1
1386 1384 1
1388 1384 1
1463 1384 1
1383 1385 1
1386 1385 1
1387 1385 1
964 1385 1
1385 1386 1
1384 1386 1
1393 1386 1
1714 1386 1
1385 1387 1
1390 1387 1
1395 1387 1
965 1387 1
1389 1388 1
1384 1388 1
1394 1388 1
1446 1388 1
1388 1389 1
1398 1389 1
1401 1389 1
1446 1389 1
1378 1390 1
1387 1390 1
1392 1390 1
1323 1390 1
1376 1391 1
1399 1391 1
1392 1391 1
1373 1391 1
1400 1392 1
1390 1392 1
1391 1392 1
1521 1392 1
1386 1393 1
1394 1393 1
1395 1393 1
1716 1393 1
1393 1394 1
1388 1394 1
1397 1394 1
1452 1394 1
1393 1395 1
1387 1395 1
1396 1395 1
686 1395 1
1395 1396 1
1402 1396 1
1397 1396 1
1617 1396 1
1394 1397 1
1405 1397 1
1396 1397 1
1435 1397 1
1399 1398 1
1389 1398 1
1401 1398 1
1772 1398 1
1391 1399 1
1398 1399 1
1400 1399 1
1748 1399 1
1392 1400 1
1403 1400 1
1399 1400 1
1664 1400 1
1398 1401 1
1389 1401 1
1404 1401 1
734 1401 1
1396 1402 1
1403 1402 1
1405 1402 1
1433 1402 1
1402 1403 1
1400 1403 1
1404 1403 1
1431 1403 1
1401 1404 1
1405 1404 1
1403 1404 1
733 1404 1
1404 1405 1
1397 1405 1
1402 1405 1
1435 1405 1
1411 1406 1
360 1406 1
1407 1406 1
1484 1406 1
1409 1407 1
361 1407 1
1406 1407 1
1719 1407 1
838 1408 1
1410 1408 1
758 1408 1
1750 1408 1
1413 1409 1
1407 1409 1
1412 1409 1
1723 1409 1
1408 1410 1
1411 1410 1
1412 1410 1
1747 1410 1
1410 1411 1
1406 1411 1
1412 1411 1
1680 1411 1
1409 1412 1
1411 1412 1
1410 1412 1
1723 1412 1
172 1413 1
1409 1413 1
759 1413 1
1537 1413 1
369 1414 1
1052 1414 1
1415 1414 1
275 1414 1
1414 1415 1
383 1415 1
1051 1415 1
276 1415 1
1419 1416 1
9 1416 1
1417 1416 1
1635 1416 1
1416 1417 1
1418 1417 1
1420 1417 1
1636 1417 1
1419 1418 1
1417 1418 1
1421 1418 1
1452 1418 1
1416 1419 1
1422 1419 1
1418 1419 1
1445 1419 1
10 1420 1
1417 1420 1
1421 1420 1
1434 1420 1
1418 1421 1
1420 1421 1
737 1421 1
1435 1421 1
24 1422 1
1419 1422 1
738 1422 1
1451 1422 1
1429 1423 1
1424 1423 1
1427 1423 1
1588 1423 1
1423 1424 1
726 1424 1
1428 1424 1
1589 1424 1
1426 1425 1
1433 1425 1
14 1425 1
1623 1425 1
1427 1426 1
1430 1426 1
1425 1426 1
1717 1426 1
1423 1427 1
1426 1427 1
1428 1427 1
1590 1427 1
657 1428 1
1424 1428 1
1427 1428 1
660 1428 1
1423 1429 1
1437 1429 1
1430 1429 1
1535 1429 1
1426 1430 1
1429 1430 1
1432 1430 1
1528 1430 1
725 1431 1
1436 1431 1
1403 1431 1
1664 1431 1
1433 1432 1
1430 1432 1
1438 1432 1
1532 1432 1
1425 1433 1
1432 1433 1
1402 1433 1
1619 1433 1
16 1434 1
1435 1434 1
1420 1434 1
1621 1434 1
1434 1435 1
1405 1435 1
1421 1435 1
1397 1435 1
1431 1436 1
1437 1436 1
1438 1436 1
1664 1436 1
1436 1437 1
1429 1437 1
1438 1437 1
1535 1437 1
1432 1438 1
1437 1438 1
1436 1438 1
1534 1438 1
1060 1439 1
1441 1439 1
37 1439 1
1649 1439 1
1009 1440 1
43 1440 1
1441 1440 1
1490 1440 1
1439 1441 1
1440 1441 1
44 1441 1
718 1441 1
50 1442 1
1013 1442 1
1303 1442 1
1174 1442 1
1444 1443 1
1447 1443 1
1445 1443 1
1714 1443 1
1443 1444 1
1448 1444 1
1451 1444 1
1749 1444 1
1443 1445 1
1419 1445 1
1452 1445 1
1715 1445 1
1450 1446 1
1388 1446 1
1389 1446 1
1464 1446 1
1448 1447 1
1443 1447 1
1450 1447 1
1463 1447 1
1444 1448 1
1447 1448 1
1449 1448 1
1465 1448 1
1450 1449 1
735 1449 1
1448 1449 1
1462 1449 1
1447 1450 1
1446 1450 1
1449 1450 1
1464 1450 1
1422 1451 1
1444 1451 1
736 1451 1
372 1451 1
1394 1452 1
1445 1452 1
1418 1452 1
1716 1452 1
930 1453 1
1199 1453 1
1454 1453 1
1729 1453 1
1453 1454 1
1159 1454 1
1198 1454 1
785 1454 1
1458 1455 1
1464 1455 1
1462 1455 1
1772 1455 1
1460 1456 1
1457 1456 1
1459 1456 1
30 1456 1
1456 1457 1
1463 1457 1
1458 1457 1
1375 1457 1
1455 1458 1
1457 1458 1
1459 1458 1
1663 1458 1
1458 1459 1
1461 1459 1
1456 1459 1
849 1459 1
1456 1460 1
1466 1460 1
1467 1460 1
31 1460 1
1462 1461 1
1459 1461 1
1468 1461 1
1630 1461 1
1455 1462 1
1461 1462 1
1449 1462 1
1628 1462 1
1457 1463 1
1447 1463 1
1464 1463 1
1384 1463 1
1463 1464 1
1455 1464 1
1450 1464 1
1446 1464 1
1448 1465 1
1466 1465 1
1468 1465 1
1689 1465 1
1465 1466 1
1460 1466 1
1467 1466 1
1684 1466 1
1460 1467 1
1468 1467 1
1466 1467 1
1688 1467 1
1467 1468 1
1461 1468 1
1465 1468 1
1690 1468 1
1164 1469 1
1307 1469 1
1308 1469 1
1064 1469 1
1165 1470 1
1265 1470 1
1471 1470 1
1166 1470 1
1470 1471 1
1213 1471 1
1270 1471 1
1678 1471 1
1019 1472 1
1179 1472 1
1474 1472 1
789 1472 1
934 1473 1
745 1473 1
1183 1473 1
938 1473 1
1472 1474 1
1146 1474 1
1475 1474 1
882 1474 1
1474 1475 1
1478 1475 1
1147 1475 1
1508 1475 1
1477 1476 1
1024 1476 1
1478 1476 1
1023 1476 1
316 1477 1
1476 1477 1
1478 1477 1
302 1477 1
1476 1478 1
1475 1478 1
1477 1478 1
1508 1478 1
1480 1479 1
1483 1479 1
1481 1479 1
1719 1479 1
1479 1480 1
1482 1480 1
1125 1480 1
1520 1480 1
1479 1481 1
1485 1481 1
1484 1481 1
1719 1481 1
1480 1482 1
1483 1482 1
1124 1482 1
1520 1482 1
1482 1483 1
1479 1483 1
366 1483 1
1720 1483 1
1481 1484 1
359 1484 1
1486 1484 1
1406 1484 1
1481 1485 1
1127 1485 1
1486 1485 1
1679 1485 1
1485 1486 1
1484 1486 1
1128 1486 1
1680 1486 1
781 1487 1
1160 1487 1
931 1487 1
782 1487 1
1162 1488 1
1489 1488 1
967 1488 1
1497 1488 1
1488 1489 1
783 1489 1
105 1489 1
1496 1489 1
1354 1490 1
1440 1490 1
717 1490 1
947 1491 1
1309 1491 1
1065 1491 1
1640 1491 1
350 1492 1
51 1492 1
1301 1492 1
1291 1492 1
211 1493 1
1494 1493 1
1495 1493 1
1587 1493 1
1493 1494 1
430 1494 1
1496 1494 1
1674 1494 1
209 1495 1
1493 1495 1
1500 1495 1
1548 1495 1
1494 1496 1
1497 1496 1
429 1496 1
1489 1496 1
1496 1497 1
1499 1497 1
438 1497 1
1488 1497 1
445 1498 1
1502 1498 1
927 1498 1
1518 1498 1
1497 1499 1
1500 1499 1
1502 1499 1
1718 1499 1
1499 1500 1
1495 1500 1
1501 1500 1
1717 1500 1
223 1501 1
1500 1501 1
1502 1501 1
1623 1501 1
1498 1502 1
1499 1502 1
1501 1502 1
1518 1502 1
724 1503 1
865 1503 1
266 1503 1
1610 1503 1
267 1504 1
706 1504 1
711 1504 1
274 1504 1
1506 1505 1
1512 1505 1
330 1505 1
1546 1505 1
1507 1506 1
1505 1506 1
1508 1506 1
1546 1506 1
1018 1507 1
1506 1507 1
1508 1507 1
883 1507 1
1506 1508 1
1478 1508 1
1507 1508 1
1475 1508 1
306 1509 1
1510 1509 1
1030 1509 1
1631 1509 1
779 1510 1
1509 1510 1
1209 1510 1
1768 1510 1
334 1511 1
1512 1511 1
1212 1511 1
337 1511 1
1505 1512 1
1211 1512 1
1511 1512 1
1207 1512 1
925 1513 1
1514 1513 1
1516 1513 1
1077 1513 1
1513 1514 1
1070 1514 1
1515 1514 1
1645 1514 1
593 1515 1
1514 1515 1
595 1515 1
1644 1515 1
1513 1516 1
928 1516 1
598 1516 1
1637 1516 1
1518 1517 1
607 1517 1
610 1517 1
1623 1517 1
1517 1518 1
1498 1518 1
613 1518 1
1502 1518 1
136 1519 1
452 1519 1
137 1519 1
1601 1519 1
1482 1520 1
1480 1520 1
1123 1520 1
1736 1520 1
1287 1521 1
1392 1521 1
1320 1521 1
1534 1521 1
1523 1522 1
1524 1522 1
485 1522 1
1730 1522 1
1526 1523 1
1522 1523 1
484 1523 1
1693 1523 1
1522 1524 1
1092 1524 1
1088 1524 1
1604 1524 1
1526 1525 1
487 1525 1
519 1525 1
1544 1525 1
1527 1526 1
1523 1526 1
1525 1526 1
1693 1526 1
525 1527 1
1526 1527 1
524 1527 1
1697 1527 1
1530 1528 1
1430 1528 1
118 1528 1
1718 1528 1
1532 1529 1
1530 1529 1
1531 1529 1
1616 1529 1
1529 1530 1
1528 1530 1
1531 1530 1
612 1530 1
1530 1531 1
914 1531 1
1529 1531 1
1069 1531 1
1529 1532 1
1432 1532 1
1533 1532 1
1619 1532 1
1532 1533 1
918 1533 1
1534 1533 1
1314 1533 1
1533 1534 1
1288 1534 1
1438 1534 1
1521 1534 1
1290 1535 1
1429 1535 1
1437 1535 1
822 1535 1
168 1536 1
1537 1536 1
763 1536 1
1568 1536 1
1536 1537 1
1413 1537 1
760 1537 1
1725 1537 1
534 1538 1
1539 1538 1
1542 1538 1
1710 1538 1
1538 1539 1
1037 1539 1
1540 1539 1
1267 1539 1
1541 1540 1
1038 1540 1
1539 1540 1
1711 1540 1
1542 1541 1
1544 1541 1
1540 1541 1
1694 1541 1
537 1542 1
1541 1542 1
1538 1542 1
1698 1542 1
1544 1543 1
536 1543 1
1040 1543 1
543 1543 1
1541 1544 1
1543 1544 1
1039 1544 1
1525 1544 1
1002 1545 1
331 1545 1
1546 1545 1
887 1545 1
1545 1546 1
1506 1546 1
1505 1546 1
888 1546 1
213 1547 1
1549 1547 1
1551 1547 1
618 1547 1
210 1548 1
652 1548 1
1549 1548 1
1495 1548 1
1547 1549 1
1548 1549 1
1550 1549 1
1587 1549 1
1551 1550 1
1549 1550 1
659 1550 1
99 1550 1
1547 1551 1
1552 1551 1
1550 1551 1
1660 1551 1
1551 1552 1
655 1552 1
658 1552 1
1658 1552 1
249 1553 1
1555 1553 1
1554 1553 1
1561 1553 1
1553 1554 1
1557 1554 1
1559 1554 1
1247 1554 1
1553 1555 1
634 1555 1
1556 1555 1
1738 1555 1
1555 1556 1
1558 1556 1
740 1556 1
1738 1556 1
1554 1557 1
1558 1557 1
639 1557 1
1655 1557 1
1557 1558 1
1556 1558 1
754 1558 1
1654 1558 1
1554 1559 1
1294 1559 1
251 1559 1
1241 1559 1
1561 1560 1
1562 1560 1
984 1560 1
983 1560 1
1560 1561 1
1563 1561 1
1245 1561 1
1553 1561 1
1560 1562 1
1563 1562 1
1564 1562 1
648 1562 1
1562 1563 1
1561 1563 1
1249 1563 1
1692 1563 1
1562 1564 1
1243 1564 1
1248 1564 1
651 1564 1
1041 1565 1
1566 1565 1
878 1565 1
1372 1565 1
1565 1566 1
1327 1566 1
1567 1566 1
898 1566 1
1346 1567 1
1566 1567 1
879 1567 1
902 1567 1
1536 1568 1
1577 1568 1
1569 1568 1
1726 1568 1
762 1569 1
1568 1569 1
1570 1569 1
1727 1569 1
772 1570 1
1574 1570 1
1569 1570 1
1767 1570 1
180 1571 1
1575 1571 1
1572 1571 1
1141 1571 1
1571 1572 1
770 1572 1
181 1572 1
1334 1572 1
174 1573 1
1576 1573 1
1575 1573 1
397 1573 1
1570 1574 1
1575 1574 1
1578 1574 1
1751 1574 1
1573 1575 1
1571 1575 1
1574 1575 1
233 1575 1
1573 1576 1
1577 1576 1
1578 1576 1
1758 1576 1
1576 1577 1
1568 1577 1
1578 1577 1
1766 1577 1
1574 1578 1
1577 1578 1
1576 1578 1
1759 1578 1
1580 1579 1
1582 1579 1
1581 1579 1
1600 1579 1
1579 1580 1
551 1580 1
1581 1580 1
561 1580 1
418 1581 1
1579 1581 1
1580 1581 1
412 1581 1
1336 1582 1
1579 1582 1
1583 1582 1
1599 1582 1
1582 1583 1
417 1583 1
1348 1583 1
228 1583 1
422 1584 1
152 1584 1
1586 1584 1
1602 1584 1
153 1585 1
1197 1585 1
517 1585 1
1728 1585 1
1584 1586 1
1350 1586 1
1342 1586 1
1593 1586 1
1549 1587 1
621 1587 1
1493 1587 1
1674 1587 1
1423 1588 1
125 1588 1
1589 1588 1
823 1588 1
1424 1589 1
1114 1589 1
1588 1589 1
1610 1589 1
966 1590 1
1427 1590 1
90 1590 1
1717 1590 1
1592 1591 1
1219 1591 1
1595 1591 1
398 1591 1
1591 1592 1
587 1592 1
1343 1592 1
1758 1592 1
1595 1593 1
1345 1593 1
1594 1593 1
1586 1593 1
1593 1594 1
585 1594 1
1595 1594 1
1602 1594 1
1593 1595 1
1591 1595 1
1594 1595 1
458 1595 1
473 1596 1
1177 1596 1
1597 1596 1
1003 1596 1
885 1597 1
1178 1597 1
1596 1597 1
1148 1597 1
470 1598 1
1181 1598 1
790 1598 1
1624 1598 1
1582 1599 1
1600 1599 1
816 1599 1
1615 1599 1
1579 1600 1
1599 1600 1
1364 1600 1
1613 1600 1
1519 1601 1
449 1601 1
1602 1601 1
138 1601 1
1601 1602 1
1594 1602 1
447 1602 1
1584 1602 1
1152 1603 1
1606 1603 1
1604 1603 1
1678 1603 1
1603 1604 1
1607 1604 1
1524 1604 1
1730 1604 1
1150 1605 1
1608 1605 1
1154 1605 1
1631 1605 1
1157 1606 1
1603 1606 1
1286 1606 1
1168 1606 1
1608 1607 1
1604 1607 1
1098 1607 1
1768 1607 1
1605 1608 1
1095 1608 1
1607 1608 1
1631 1608 1
161 1609 1
264 1609 1
1112 1609 1
387 1609 1
1503 1610 1
1589 1610 1
1113 1610 1
827 1610 1
410 1611 1
1613 1611 1
1612 1611 1
1365 1611 1
1611 1612 1
1614 1612 1
229 1612 1
1115 1612 1
1611 1613 1
1600 1613 1
1614 1613 1
1362 1613 1
1612 1614 1
1613 1614 1
1615 1614 1
1116 1614 1
1614 1615 1
227 1615 1
1599 1615 1
1737 1615 1
1619 1616 1
609 1616 1
1618 1616 1
1529 1616 1
1620 1617 1
1618 1617 1
1396 1617 1
681 1617 1
1617 1618 1
1616 1618 1
1619 1618 1
1665 1618 1
1433 1619 1
1616 1619 1
1618 1619 1
1532 1619 1
1617 1620 1
608 1620 1
1621 1620 1
600 1620 1
1434 1621 1
1620 1621 1
1622 1621 1
1636 1621 1
1621 1622 1
1623 1622 1
15 1622 1
13 1622 1
1517 1623 1
1425 1623 1
1622 1623 1
1501 1623 1
1598 1624 1
1184 1624 1
1625 1624 1
661 1624 1
1624 1625 1
933 1625 1
936 1625 1
1729 1625 1
375 1626 1
1629 1626 1
697 1626 1
1691 1626 1
1628 1627 1
732 1627 1
1280 1627 1
731 1627 1
1627 1628 1
1630 1628 1
1277 1628 1
1462 1628 1
1626 1629 1
1630 1629 1
1281 1629 1
1690 1629 1
1629 1630 1
1628 1630 1
1278 1630 1
1461 1630 1
1605 1631 1
1632 1631 1
1509 1631 1
1608 1631 1
1631 1632 1
1368 1632 1
311 1632 1
1096 1632 1
1382 1633 1
1020 1633 1
1634 1633 1
471 1633 1
1238 1634 1
1633 1634 1
1021 1634 1
880 1634 1
225 1635 1
1637 1635 1
1636 1635 1
1416 1635 1
1635 1636 1
1621 1636 1
1638 1636 1
1417 1636 1
1635 1637 1
1516 1637 1
1638 1637 1
1081 1637 1
1636 1638 1
1639 1638 1
1637 1638 1
1080 1638 1
1638 1639 1
602 1639 1
599 1639 1
1647 1639 1
1491 1640 1
1315 1640 1
1641 1640 1
1666 1640 1
1312 1641 1
1640 1641 1
1324 1641 1
1167 1641 1
1369 1642 1
1643 1642 1
1370 1642 1
1662 1642 1
1642 1643 1
1340 1643 1
1337 1643 1
1744 1643 1
594 1644 1
1647 1644 1
1645 1644 1
1515 1644 1
1646 1645 1
1068 1645 1
1644 1645 1
1514 1645 1
1645 1646 1
958 1646 1
1078 1646 1
1076 1646 1
1644 1647 1
1648 1647 1
1079 1647 1
1639 1647 1
1647 1648 1
596 1648 1
682 1648 1
601 1648 1
712 1649 1
1439 1649 1
1134 1649 1
1056 1649 1
1651 1650 1
289 1650 1
1332 1650 1
1704 1650 1
1650 1651 1
1299 1651 1
1331 1651 1
1676 1651 1
1653 1652 1
640 1652 1
625 1652 1
646 1652 1
1250 1653 1
1652 1653 1
1654 1653 1
1692 1653 1
1653 1654 1
1659 1654 1
1655 1654 1
1558 1654 1
1244 1655 1
1654 1655 1
1246 1655 1
1557 1655 1
1657 1656 1
641 1656 1
624 1656 1
616 1656 1
1251 1657 1
1656 1657 1
1658 1657 1
654 1657 1
1252 1658 1
1660 1658 1
1657 1658 1
1552 1658 1
1654 1659 1
626 1659 1
1660 1659 1
1677 1659 1
1659 1660 1
1658 1660 1
623 1660 1
1551 1660 1
32 1661 1
847 1661 1
1662 1661 1
854 1661 1
1661 1662 1
1642 1662 1
29 1662 1
1744 1662 1
851 1663 1
1458 1663 1
1374 1663 1
1748 1663 1
1431 1664 1
819 1664 1
1436 1664 1
1400 1664 1
1066 1665 1
1317 1665 1
1618 1665 1
679 1665 1
1316 1666 1
1067 1666 1
917 1666 1
1640 1666 1
1668 1667 1
667 1667 1
1171 1667 1
1669 1668 1
1667 1668 1
632 1668 1
642 1668 1
1670 1669 1
1668 1669 1
633 1669 1
644 1669 1
1669 1670 1
669 1670 1
1671 1670 1
1738 1670 1
629 1671 1
1670 1671 1
1672 1671 1
741 1671 1
1671 1672 1
668 1672 1
1170 1672 1
742 1672 1
1169 1673 1
1674 1673 1
1675 1673 1
620 1673 1
1494 1674 1
1673 1674 1
106 1674 1
1587 1674 1
1673 1675 1
752 1675 1
107 1675 1
1677 1675 1
1357 1676 1
1651 1676 1
1300 1676 1
1190 1676 1
615 1677 1
1675 1677 1
753 1677 1
1659 1677 1
1603 1678 1
1203 1678 1
1471 1678 1
1730 1678 1
1485 1679 1
280 1679 1
1680 1679 1
1722 1679 1
1679 1680 1
1681 1680 1
1486 1680 1
1411 1680 1
1680 1681 1
281 1681 1
1260 1681 1
1747 1681 1
1685 1682 1
1684 1682 1
1683 1682 1
1773 1682 1
1682 1683 1
1686 1683 1
1687 1683 1
690 1683 1
1682 1684 1
1466 1684 1
1688 1684 1
1762 1684 1
1689 1685 1
1682 1685 1
1686 1685 1
1769 1685 1
1685 1686 1
1683 1686 1
1691 1686 1
695 1686 1
1683 1687 1
1690 1687 1
1688 1687 1
1284 1687 1
1684 1688 1
1687 1688 1
1467 1688 1
1283 1688 1
1685 1689 1
1465 1689 1
1691 1689 1
1749 1689 1
1691 1690 1
1687 1690 1
1468 1690 1
1629 1690 1
1686 1691 1
1690 1691 1
1689 1691 1
1626 1691 1
645 1692 1
1563 1692 1
1653 1692 1
1738 1692 1
1526 1693 1
1694 1693 1
1695 1693 1
1523 1693 1
1693 1694 1
1541 1694 1
1701 1694 1
1711 1694 1
1693 1695 1
1697 1695 1
1700 1695 1
1734 1695 1
545 1696 1
1699 1696 1
1697 1696 1
1732 1696 1
1527 1697 1
1695 1697 1
1696 1697 1
1733 1697 1
1542 1698 1
1699 1698 1
1701 1698 1
1712 1698 1
1698 1699 1
1696 1699 1
1700 1699 1
1731 1699 1
1701 1700 1
1695 1700 1
1699 1700 1
1201 1700 1
1698 1701 1
1694 1701 1
1700 1701 1
1217 1701 1
386 1702 1
769 1702 1
1703 1702 1
388 1702 1
1702 1703 1
1224 1703 1
765 1703 1
1750 1703 1
1650 1704 1
1187 1704 1
1705 1704 1
285 1704 1
1333 1705 1
1704 1705 1
1188 1705 1
1721 1705 1
450 1706 1
1708 1706 1
1193 1706 1
448 1706 1
1195 1707 1
139 1707 1
151 1707 1
544 1707 1
1706 1708 1
150 1708 1
1196 1708 1
1728 1708 1
1710 1709 1
1268 1709 1
1713 1709 1
1538 1710 1
1709 1710 1
1712 1710 1
533 1710 1
1540 1711 1
1272 1711 1
1694 1711 1
483 1711 1
1710 1712 1
1713 1712 1
1698 1712 1
1731 1712 1
1709 1713 1
1214 1713 1
1712 1713 1
1381 1713 1
1082 1714 1
1386 1714 1
1715 1714 1
1443 1714 1
1714 1715 1
1084 1715 1
1716 1715 1
1445 1715 1
1393 1716 1
1715 1716 1
1083 1716 1
1452 1716 1
1500 1717 1
1590 1717 1
1718 1717 1
1426 1717 1
968 1718 1
1499 1718 1
1717 1718 1
1528 1718 1
1407 1719 1
1479 1719 1
1481 1719 1
1722 1719 1
365 1720 1
358 1720 1
1483 1720 1
1736 1720 1
411 1721 1
1705 1721 1
1367 1721 1
309 1721 1
1719 1722 1
1723 1722 1
1679 1722 1
1048 1722 1
1409 1723 1
1722 1723 1
1412 1723 1
1724 1723 1
1049 1724 1
1725 1724 1
1050 1724 1
1723 1724 1
1724 1725 1
1726 1725 1
1727 1725 1
1537 1725 1
1725 1726 1
694 1726 1
1727 1726 1
1568 1726 1
1725 1727 1
704 1727 1
1726 1727 1
1569 1727 1
149 1728 1
1585 1728 1
1708 1728 1
141 1728 1
1453 1729 1
1625 1729 1
787 1729 1
674 1729 1
1522 1730 1
1604 1730 1
1678 1730 1
1734 1730 1
1732 1731 1
1735 1731 1
1699 1731 1
1712 1731 1
1731 1732 1
336 1732 1
1696 1732 1
546 1732 1
1204 1733 1
1697 1733 1
1734 1733 1
1768 1733 1
1695 1734 1
1733 1734 1
1202 1734 1
1730 1734 1
335 1735 1
1731 1735 1
1206 1735 1
975 1735 1
1720 1736 1
1122 1736 1
1520 1736 1
1117 1737 1
1615 1737 1
866 1737 1
1756 1737 1
1692 1738 1
1555 1738 1
1556 1738 1
1670 1738 1
1743 1739 1
590 1739 1
1740 1739 1
1773 1739 1
1739 1740 1
591 1740 1
1741 1740 1
1758 1740 1
1742 1741 1
1740 1741 1
1746 1741 1
1760 1741 1
1338 1742 1
1741 1742 1
1745 1742 1
1754 1742 1
33 1743 1
1739 1743 1
1746 1743 1
1762 1743 1
35 1744 1
1643 1744 1
1745 1744 1
1662 1744 1
1742 1745 1
1746 1745 1
1744 1745 1
858 1745 1
1741 1746 1
1743 1746 1
1745 1746 1
1763 1746 1
1410 1747 1
1681 1747 1
277 1747 1
1750 1747 1
1399 1748 1
1663 1748 1
852 1748 1
1772 1748 1
1444 1749 1
1689 1749 1
374 1749 1
1769 1749 1
1408 1750 1
1257 1750 1
1747 1750 1
1703 1750 1
231 1751 1
1752 1751 1
1756 1751 1
1574 1751 1
1751 1752 1
1341 1752 1
1753 1752 1
1759 1752 1
1752 1753 1
1754 1753 1
1755 1753 1
1760 1753 1
1755 1754 1
1339 1754 1
1753 1754 1
1742 1754 1
861 1755 1
1754 1755 1
1753 1755 1
859 1755 1
1737 1756 1
1751 1756 1
862 1756 1
1767 1756 1
771 1757 1
766 1757 1
842 1757 1
1767 1757 1
1740 1758 1
1592 1758 1
1759 1758 1
1576 1758 1
1758 1759 1
1760 1759 1
1752 1759 1
1578 1759 1
1759 1760 1
1741 1760 1
1753 1760 1
1766 1760 1
1282 1761 1
1764 1761 1
1763 1761 1
691 1761 1
1684 1762 1
1743 1762 1
1764 1762 1
1773 1762 1
1761 1763 1
1746 1763 1
1764 1763 1
1770 1763 1
1761 1764 1
1762 1764 1
1763 1764 1
1771 1764 1
1766 1765 1
693 1765 1
692 1765 1
1770 1765 1
1577 1766 1
1765 1766 1
1760 1766 1
1770 1766 1
709 1767 1
1570 1767 1
1756 1767 1
1757 1767 1
1733 1768 1
1607 1768 1
1510 1768 1
520 1768 1
1749 1769 1
1685 1769 1
1043 1769 1
1765 1770 1
1771 1770 1
1763 1770 1
1766 1770 1
1770 1771 1
689 1771 1
1764 1771 1
1773 1771 1
1455 1772 1
1276 1772 1
1398 1772 1
1748 1772 1
1739 1773 1
1762 1773 1
1771 1773 1
1682 1773 1
