0 0 1
0 1 -1
36 1 1
0 2 -1
215 2 1
0 3 -1
132 3 1
0 4 1
10 4 -1
0 5 -1
85 5 1
0 6 1
108 6 -1
0 7 1
147 7 -1
0 8 -1
207 8 1
0 9 -1
107 9 1
0 10 -1
156 10 1
0 11 1
149 11 -1
0 12 -1
41 12 1
0 13 -1
159 13 1
0 14 -1
268 14 1
1 15 1
1 16 -1
298 16 1
1 17 -1
165 17 1
1 18 -1
102 18 1
1 19 1
230 19 -1
1 20 -1
214 20 1
1 21 -1
205 21 1
2 22 1
2 23 1
281 23 -1
2 24 -1
287 24 1
2 25 -1
162 25 1
2 26 -1
109 26 1
2 27 -1
92 27 1
2 28 -1
259 28 1
2 29 1
117 29 -1
2 30 -1
172 30 1
2 31 -1
119 31 1
2 32 1
167 32 -1
3 33 1
3 34 -1
76 34 1
3 35 -1
174 35 1
3 36 1
81 36 -1
3 37 -1
111 37 1
3 38 1
74 38 -1
3 39 1
53 39 -1
3 40 1
113 40 -1
3 41 1
75 41 -1
3 42 1
242 42 -1
3 43 1
82 43 -1
3 44 -1
62 44 1
4 45 1
57 45 -1
4 46 1
139 46 -1
4 47 -1
30 47 1
4 48 -1
15 48 1
4 49 1
239 49 -1
4 50 -1
234 50 1
4 51 -1
116 51 1
4 52 -1
84 52 1
4 53 -1
192 53 1
4 54 -1
226 54 1
4 55 1
198 55 -1
4 56 1
7 56 -1
4 57 -1
9 57 1
4 58 1
215 58 -1
4 59 1
36 59 -1
4 60 -1
34 60 1
4 61 -1
254 61 1
4 62 1
42 62 -1
4 63 -1
171 63 1
5 64 -1
273 64 1
5 65 1
57 65 -1
5 66 1
265 66 -1
5 67 1
139 67 -1
5 68 -1
144 68 1
5 69 1
68 69 -1
5 70 -1
150 70 1
5 71 1
128 71 -1
5 72 1
74 72 -1
5 73 -1
30 73 1
5 74 -1
229 74 1
5 75 -1
116 75 1
5 76 -1
203 76 1
5 77 1
90 77 -1
5 78 1
75 78 -1
6 79 1
6 80 1
124 80 -1
6 81 1
266 81 -1
6 82 -1
185 82 1
6 83 1
158 83 -1
6 84 1
143 84 -1
6 85 -1
59 85 1
6 86 -1
295 86 1
6 87 -1
237 87 1
6 88 -1
31 88 1
6 89 -1
52 89 1
6 90 -1
197 90 1
6 91 -1
137 91 1
6 92 -1
97 92 1
7 93 1
84 93 -1
7 94 -1
191 94 1
7 95 -1
147 95 1
7 96 -1
85 96 1
7 97 -1
182 97 1
7 98 -1
198 98 1
7 99 1
36 99 -1
7 100 1
139 100 -1
8 101 1
8 102 1
129 102 -1
8 103 -1
136 103 1
8 104 -1
43 104 1
8 105 -1
222 105 1
8 106 -1
105 106 1
8 107 -1
267 107 1
8 108 1
151 108 -1
8 109 -1
264 109 1
8 110 -1
17 110 1
8 111 -1
183 111 1
8 112 1
172 112 -1
8 113 1
99 113 -1
9 114 1
154 114 -1
9 115 -1
114 115 1
9 116 1
116 116 -1
9 117 1
15 117 -1
9 118 -1
73 118 1
9 119 -1
250 119 1
9 120 -1
55 120 1
9 121 -1
75 121 1
9 122 -1
273 122 1
9 123 -1
30 123 1
9 124 -1
57 124 1
9 125 -1
42 125 1
10 126 1
10 127 -1
138 127 1
10 128 -1
132 128 1
10 129 1
120 129 -1
10 130 -1
215 130 1
10 131 1
219 131 -1
10 132 1
169 132 -1
10 133 1
77 133 -1
10 134 1
33 134 -1
10 135 1
54 135 -1
10 136 -1
156 136 1
10 137 -1
207 137 1
11 138 1
269 138 -1
11 139 1
245 139 -1
11 140 1
148 140 -1
11 141 1
22 141 -1
11 142 -1
220 142 1
11 143 1
194 143 -1
11 144 -1
231 144 1
11 145 1
151 145 -1
11 146 1
72 146 -1
12 147 1
12 148 1
34 148 -1
12 149 -1
133 149 1
12 150 1
21 150 -1
12 151 -1
78 151 1
12 152 1
91 152 -1
12 153 -1
255 153 1
12 154 1
286 154 -1
12 155 -1
240 155 1
12 156 -1
163 156 1
12 157 -1
96 157 1
12 158 -1
17 158 1
13 159 1
13 160 1
19 160 -1
13 161 1
191 161 -1
13 162 1
85 162 -1
13 163 -1
217 163 1
13 164 1
238 164 -1
13 165 -1
147 165 1
13 166 -1
159 166 1
13 167 -1
121 167 1
13 168 -1
41 168 1
13 169 1
293 169 -1
13 170 -1
208 170 1
13 171 -1
175 171 1
14 172 -1
131 172 1
14 173 -1
259 173 1
14 174 -1
248 174 1
14 175 1
79 175 -1
14 176 -1
92 176 1
14 177 1
210 177 -1
14 178 -1
61 178 1
14 179 1
186 179 -1
14 180 -1
122 180 1
14 181 1
163 181 -1
14 182 -1
73 182 1
14 183 -1
15 183 1
14 184 -1
91 184 1
14 185 -1
16 185 1
14 186 -1
70 186 1
14 187 -1
154 187 1
14 188 -1
262 188 1
14 189 1
294 189 -1
14 190 1
101 190 -1
14 191 -1
114 191 1
15 192 -1
73 192 1
15 193 1
30 193 -1
15 194 1
154 194 -1
15 195 -1
21 195 1
15 196 1
91 196 -1
15 197 -1
210 197 1
15 198 -1
239 198 1
15 199 1
116 199 -1
15 200 -1
34 200 1
15 201 1
57 201 -1
15 202 -1
226 202 1
15 203 1
42 203 -1
16 204 1
16 205 1
122 205 -1
16 206 -1
233 206 1
16 207 -1
44 207 1
16 208 1
70 208 -1
16 209 -1
131 209 1
16 210 1
290 210 -1
16 211 -1
201 211 1
16 212 -1
65 212 1
16 213 -1
79 213 1
16 214 -1
109 214 1
17 215 1
17 216 1
17 217 1
267 217 -1
17 218 -1
96 218 1
17 219 -1
222 219 1
17 220 1
172 220 -1
17 221 1
119 221 -1
17 222 -1
43 222 1
17 223 1
240 223 -1
17 224 -1
105 224 1
17 225 1
163 225 -1
17 226 -1
60 226 1
17 227 -1
216 227 1
17 228 -1
115 228 1
17 229 -1
193 229 1
17 230 1
99 230 -1
17 231 1
202 231 -1
18 232 1
18 233 -1
268 233 1
18 234 -1
106 234 1
18 235 -1
159 235 1
18 236 -1
153 236 1
18 237 1
212 237 -1
18 238 -1
249 238 1
18 239 -1
196 239 1
18 240 -1
39 240 1
18 241 -1
293 241 1
19 242 1
217 242 -1
19 243 1
191 243 -1
19 244 1
85 244 -1
19 245 -1
182 245 1
19 246 -1
238 246 1
19 247 -1
293 247 1
20 248 1
20 249 1
264 249 -1
20 250 -1
151 250 1
20 251 1
72 251 -1
20 252 -1
99 252 1
20 253 -1
40 253 1
20 254 -1
24 254 1
20 255 -1
231 255 1
20 256 -1
143 256 1
20 257 -1
83 257 1
21 258 -1
91 258 1
21 259 -1
78 259 1
21 260 -1
73 260 1
21 261 -1
34 261 1
21 262 1
42 262 -1
21 263 -1
226 263 1
22 264 -1
148 264 1
22 265 -1
194 265 1
22 266 -1
245 266 1
22 267 -1
294 267 1
22 268 1
70 268 -1
22 269 -1
248 269 1
22 270 1
262 270 -1
22 271 -1
79 271 1
22 272 -1
137 272 1
22 273 -1
295 273 1
22 274 -1
65 274 1
22 275 -1
72 275 1
23 276 1
23 277 -1
253 277 1
23 278 -1
171 278 1
23 279 -1
120 279 1
23 280 1
146 280 -1
23 281 -1
219 281 1
23 282 1
54 282 -1
23 283 -1
77 283 1
23 284 -1
229 284 1
23 285 1
37 285 -1
23 286 1
123 286 -1
24 287 1
24 288 -1
275 288 1
24 289 1
245 289 -1
24 290 -1
295 290 1
24 291 -1
143 291 1
24 292 -1
266 292 1
24 293 -1
185 293 1
24 294 -1
83 294 1
24 295 1
124 295 -1
24 296 1
65 296 -1
24 297 1
231 297 -1
24 298 1
278 298 -1
24 299 -1
72 299 1
24 300 1
40 300 -1
24 301 1
151 301 -1
25 302 1
25 303 1
25 304 1
25 305 -1
141 305 1
25 306 1
263 306 -1
25 307 -1
187 307 1
25 308 1
51 308 -1
25 309 -1
46 309 1
26 310 -1
127 310 1
26 311 1
260 311 -1
26 312 -1
200 312 1
26 313 1
297 313 -1
26 314 1
211 314 -1
26 315 1
63 315 -1
26 316 1
283 316 -1
26 317 1
296 317 -1
26 318 1
135 318 -1
26 319 1
90 319 -1
26 320 1
94 320 -1
26 321 1
241 321 -1
26 322 1
88 322 -1
26 323 1
93 323 -1
27 324 1
29 324 -1
27 325 -1
296 325 1
27 326 1
137 326 -1
27 327 -1
127 327 1
27 328 -1
135 328 1
27 329 -1
262 329 1
27 330 -1
68 330 1
27 331 -1
256 331 1
27 332 -1
97 332 1
27 333 -1
44 333 1
27 334 1
197 334 -1
27 335 -1
237 335 1
27 336 -1
179 336 1
27 337 -1
290 337 1
27 338 1
280 338 -1
27 339 -1
28 339 1
28 340 1
28 341 1
28 342 -1
223 342 1
28 343 -1
291 343 1
28 344 -1
130 344 1
28 345 1
179 345 -1
28 346 -1
95 346 1
28 347 1
237 347 -1
28 348 1
135 348 -1
28 349 1
197 349 -1
28 350 1
290 350 -1
29 351 1
296 351 -1
29 352 1
137 352 -1
29 353 1
142 353 -1
29 354 1
68 354 -1
29 355 -1
90 355 1
29 356 1
262 356 -1
29 357 1
127 357 -1
29 358 1
97 358 -1
29 359 1
47 359 -1
29 360 -1
160 360 1
29 361 -1
294 361 1
30 362 1
150 362 -1
30 363 -1
276 363 1
30 364 1
239 364 -1
30 365 -1
69 365 1
30 366 1
203 366 -1
30 367 1
101 367 -1
30 368 -1
210 368 1
30 369 -1
273 369 1
30 370 -1
139 370 1
30 371 -1
57 371 1
30 372 -1
154 372 1
31 373 1
31 374 1
31 375 1
31 376 -1
59 376 1
31 377 1
100 377 -1
31 378 -1
52 378 1
31 379 1
158 379 -1
31 380 -1
124 380 1
31 381 -1
143 381 1
31 382 -1
83 382 1
31 383 -1
140 383 1
31 384 -1
228 384 1
31 385 -1
205 385 1
32 386 1
225 386 -1
32 387 1
224 387 -1
32 388 -1
123 388 1
32 389 -1
161 389 1
32 390 -1
181 390 1
32 391 -1
38 391 1
32 392 -1
213 392 1
32 393 1
156 393 -1
32 394 1
288 394 -1
32 395 1
66 395 -1
32 396 1
149 396 -1
32 397 1
252 397 -1
32 398 1
229 398 -1
33 399 1
33 400 1
173 400 -1
33 401 1
254 401 -1
33 402 1
169 402 -1
33 403 -1
243 403 1
33 404 -1
282 404 1
33 405 1
138 405 -1
33 406 -1
77 406 1
33 407 -1
219 407 1
33 408 1
164 408 -1
33 409 -1
284 409 1
33 410 -1
170 410 1
34 411 1
34 412 -1
133 412 1
34 413 -1
42 413 1
34 414 1
91 414 -1
34 415 1
78 415 -1
34 416 -1
255 416 1
34 417 1
73 417 -1
34 418 1
226 418 -1
34 419 -1
234 419 1
35 420 1
35 421 1
35 422 -1
282 422 1
35 423 1
178 423 -1
35 424 1
164 424 -1
35 425 -1
284 425 1
35 426 -1
243 426 1
35 427 -1
244 427 1
36 428 1
36 429 -1
215 429 1
36 430 -1
132 430 1
36 431 -1
198 431 1
36 432 -1
192 432 1
36 433 -1
169 433 1
36 434 -1
85 434 1
36 435 1
147 435 -1
36 436 1
108 436 -1
36 437 -1
234 437 1
36 438 1
139 438 -1
37 439 1
37 440 1
37 441 -1
227 441 1
37 442 1
45 442 -1
37 443 1
255 443 -1
37 444 1
42 444 -1
37 445 -1
171 445 1
37 446 -1
170 446 1
37 447 -1
77 447 1
37 448 1
253 448 -1
38 449 -1
277 449 1
38 450 1
213 450 -1
38 451 1
161 451 -1
38 452 1
56 452 -1
38 453 1
66 453 -1
38 454 1
180 454 -1
38 455 -1
288 455 1
38 456 1
67 456 -1
38 457 1
189 457 -1
39 458 1
39 459 -1
257 459 1
39 460 -1
196 460 1
39 461 -1
247 461 1
39 462 -1
272 462 1
39 463 -1
261 463 1
39 464 1
235 464 -1
39 465 -1
153 465 1
39 466 -1
249 466 1
39 467 1
106 467 -1
39 468 -1
89 468 1
39 469 1
293 469 -1
39 470 1
159 470 -1
39 471 1
121 471 -1
39 472 -1
238 472 1
40 473 1
40 474 1
40 475 1
278 475 -1
40 476 1
162 476 -1
40 477 -1
72 477 1
40 478 1
99 478 -1
40 479 -1
117 479 1
40 480 1
65 480 -1
40 481 -1
275 481 1
40 482 -1
83 482 1
41 483 -1
121 483 1
41 484 1
299 484 -1
41 485 1
159 485 -1
41 486 1
166 486 -1
41 487 1
147 487 -1
41 488 1
268 488 -1
41 489 1
108 489 -1
41 490 -1
153 490 1
41 491 -1
258 491 1
41 492 -1
212 492 1
41 493 1
85 493 -1
41 494 -1
110 494 1
41 495 -1
107 495 1
42 496 -1
255 496 1
42 497 -1
45 497 1
42 498 -1
243 498 1
42 499 1
133 499 -1
42 500 1
250 500 -1
42 501 1
173 501 -1
42 502 1
171 502 -1
42 503 -1
227 503 1
42 504 1
73 504 -1
42 505 1
114 505 -1
42 506 1
78 506 -1
42 507 1
116 507 -1
42 508 1
234 508 -1
43 509 1
43 510 1
105 510 -1
43 511 -1
222 511 1
43 512 -1
48 512 1
43 513 -1
267 513 1
43 514 -1
218 514 1
43 515 1
129 515 -1
43 516 1
232 516 -1
43 517 1
293 517 -1
43 518 1
136 518 -1
43 519 1
182 519 -1
43 520 1
238 520 -1
43 521 1
269 521 -1
44 522 1
44 523 -1
80 523 1
44 524 1
70 524 -1
44 525 -1
262 525 1
44 526 1
197 526 -1
44 527 -1
290 527 1
44 528 -1
137 528 1
44 529 -1
122 529 1
45 530 -1
250 530 1
45 531 1
146 531 -1
45 532 1
116 532 -1
45 533 1
199 533 -1
45 534 1
171 534 -1
45 535 1
227 535 -1
45 536 -1
253 536 1
45 537 1
234 537 -1
46 538 1
46 539 1
152 539 -1
46 540 1
184 540 -1
46 541 1
251 541 -1
46 542 -1
141 542 1
46 543 -1
51 543 1
46 544 -1
62 544 1
46 545 1
263 545 -1
47 546 -1
209 546 1
47 547 -1
285 547 1
47 548 -1
160 548 1
47 549 -1
102 549 1
47 550 -1
49 550 1
47 551 -1
142 551 1
47 552 -1
50 552 1
47 553 1
165 553 -1
47 554 -1
97 554 1
47 555 1
296 555 -1
47 556 1
220 556 -1
47 557 1
90 557 -1
47 558 -1
203 558 1
47 559 1
299 559 -1
47 560 -1
166 560 1
47 561 -1
265 561 1
47 562 1
238 562 -1
48 563 -1
222 563 1
48 564 -1
267 564 1
48 565 1
218 565 -1
48 566 1
96 566 -1
48 567 1
240 567 -1
48 568 -1
69 568 1
48 569 -1
239 569 1
48 570 1
105 570 -1
48 571 1
182 571 -1
48 572 1
216 572 -1
48 573 1
238 573 -1
48 574 1
194 574 -1
48 575 1
269 575 -1
49 576 1
89 576 -1
49 577 1
285 577 -1
49 578 -1
165 578 1
49 579 1
214 579 -1
49 580 1
279 580 -1
49 581 -1
299 581 1
49 582 1
209 582 -1
49 583 -1
230 583 1
49 584 1
121 584 -1
49 585 1
235 585 -1
49 586 -1
261 586 1
49 587 1
166 587 -1
49 588 -1
220 588 1
49 589 1
238 589 -1
49 590 -1
203 590 1
50 591 1
297 591 -1
50 592 1
126 592 -1
50 593 -1
296 593 1
50 594 -1
209 594 1
50 595 -1
102 595 1
50 596 1
160 596 -1
50 597 1
90 597 -1
50 598 -1
298 598 1
50 599 1
135 599 -1
51 600 1
51 601 1
292 601 -1
51 602 -1
251 602 1
51 603 -1
263 603 1
51 604 -1
187 604 1
51 605 -1
184 605 1
51 606 -1
246 606 1
51 607 -1
141 607 1
51 608 -1
233 608 1
52 609 1
52 610 -1
100 610 1
52 611 1
280 611 -1
52 612 1
97 612 -1
52 613 1
158 613 -1
52 614 -1
205 614 1
52 615 1
59 615 -1
52 616 -1
228 616 1
52 617 1
140 617 -1
52 618 -1
160 618 1
52 619 -1
237 619 1
52 620 -1
298 620 1
53 621 -1
81 621 1
53 622 -1
76 622 1
53 623 1
66 623 -1
53 624 1
74 624 -1
53 625 1
229 625 -1
53 626 1
236 626 -1
53 627 1
111 627 -1
53 628 -1
75 628 1
53 629 1
128 629 -1
53 630 1
146 630 -1
53 631 1
168 631 -1
53 632 1
241 632 -1
53 633 1
253 633 -1
54 634 1
54 635 1
54 636 -1
120 636 1
54 637 1
219 637 -1
54 638 1
253 638 -1
54 639 1
77 639 -1
54 640 -1
123 640 1
54 641 1
156 641 -1
55 642 1
55 643 1
199 643 -1
55 644 -1
75 644 1
55 645 -1
250 645 1
55 646 -1
111 646 1
55 647 -1
116 647 1
55 648 1
114 648 -1
55 649 1
154 649 -1
55 650 -1
152 650 1
55 651 -1
227 651 1
55 652 1
62 652 -1
56 653 1
56 654 1
56 655 -1
157 655 1
56 656 -1
177 656 1
56 657 -1
118 657 1
56 658 -1
277 658 1
56 659 -1
98 659 1
56 660 -1
161 660 1
56 661 1
94 661 -1
56 662 -1
66 662 1
56 663 -1
180 663 1
56 664 -1
190 664 1
56 665 -1
67 665 1
56 666 1
274 666 -1
56 667 -1
189 667 1
57 668 -1
139 668 1
57 669 -1
265 669 1
57 670 -1
192 670 1
57 671 1
116 671 -1
57 672 1
229 672 -1
57 673 -1
273 673 1
57 674 1
74 674 -1
58 675 1
58 676 -1
86 676 1
58 677 1
103 677 -1
58 678 1
270 678 -1
58 679 1
82 679 -1
58 680 -1
233 680 1
59 681 1
59 682 1
59 683 -1
237 683 1
59 684 -1
100 684 1
59 685 -1
280 685 1
59 686 1
95 686 -1
60 687 1
60 688 -1
244 688 1
60 689 1
286 689 -1
60 690 1
134 690 -1
60 691 1
240 691 -1
60 692 1
87 692 -1
60 693 1
216 693 -1
60 694 1
71 694 -1
60 695 -1
267 695 1
60 696 -1
202 696 1
60 697 1
175 697 -1
61 698 1
61 699 1
61 700 -1
186 700 1
61 701 -1
131 701 1
61 702 -1
145 702 1
61 703 -1
92 703 1
61 704 -1
187 704 1
61 705 1
78 705 -1
61 706 -1
73 706 1
61 707 1
109 707 -1
62 708 1
62 709 -1
251 709 1
62 710 -1
292 710 1
62 711 -1
246 711 1
62 712 -1
263 712 1
62 713 -1
152 713 1
62 714 1
82 714 -1
62 715 1
86 715 -1
62 716 1
122 716 -1
62 717 -1
114 717 1
62 718 -1
155 718 1
62 719 -1
154 719 1
62 720 -1
111 720 1
62 721 -1
75 721 1
62 722 1
242 722 -1
62 723 -1
103 723 1
63 724 1
63 725 -1
135 725 1
63 726 1
260 726 -1
63 727 -1
211 727 1
63 728 -1
291 728 1
63 729 -1
130 729 1
63 730 1
297 730 -1
64 731 1
64 732 1
64 733 1
196 733 -1
64 734 -1
106 734 1
64 735 1
249 735 -1
64 736 -1
293 736 1
64 737 -1
208 737 1
65 738 1
65 739 -1
70 739 1
65 740 -1
275 740 1
65 741 -1
80 741 1
65 742 -1
79 742 1
65 743 1
287 743 -1
65 744 -1
278 744 1
65 745 -1
245 745 1
65 746 -1
72 746 1
65 747 -1
131 747 1
65 748 -1
109 748 1
66 749 1
66 750 1
277 750 -1
66 751 -1
81 751 1
66 752 -1
236 752 1
66 753 -1
213 753 1
66 754 -1
118 754 1
66 755 -1
168 755 1
66 756 -1
161 756 1
66 757 -1
224 757 1
66 758 -1
229 758 1
66 759 1
123 759 -1
66 760 -1
253 760 1
67 761 1
67 762 1
67 763 1
67 764 -1
190 764 1
67 765 -1
181 765 1
67 766 -1
161 766 1
67 767 -1
288 767 1
67 768 -1
221 768 1
67 769 -1
189 769 1
68 770 1
90 770 -1
68 771 -1
144 771 1
68 772 1
273 772 -1
68 773 1
200 773 -1
68 774 1
241 774 -1
68 775 -1
127 775 1
68 776 -1
296 776 1
68 777 1
128 777 -1
68 778 -1
101 778 1
68 779 -1
256 779 1
68 780 -1
294 780 1
68 781 -1
150 781 1
68 782 -1
262 782 1
68 783 -1
142 783 1
68 784 1
203 784 -1
69 785 -1
239 785 1
69 786 -1
276 786 1
69 787 -1
84 787 1
69 788 1
203 788 -1
69 789 1
194 789 -1
69 790 1
210 790 -1
69 791 1
182 791 -1
69 792 1
218 792 -1
69 793 1
96 793 -1
69 794 1
139 794 -1
69 795 1
238 795 -1
69 796 1
147 796 -1
69 797 1
269 797 -1
70 798 1
70 799 -1
80 799 1
70 800 1
275 800 -1
70 801 -1
79 801 1
70 802 -1
262 802 1
70 803 1
295 803 -1
70 804 -1
245 804 1
70 805 1
137 805 -1
70 806 1
248 806 -1
70 807 -1
122 807 1
71 808 1
71 809 1
71 810 -1
125 810 1
71 811 -1
202 811 1
71 812 -1
115 812 1
71 813 -1
216 813 1
71 814 -1
175 814 1
71 815 -1
244 815 1
72 816 1
72 817 -1
278 817 1
72 818 -1
162 818 1
72 819 -1
264 819 1
72 820 -1
281 820 1
72 821 -1
99 821 1
72 822 1
151 822 -1
72 823 -1
287 823 1
72 824 -1
183 824 1
72 825 1
79 825 -1
72 826 -1
245 826 1
72 827 1
194 827 -1
72 828 1
269 828 -1
73 829 -1
114 829 1
73 830 1
91 830 -1
73 831 1
78 831 -1
73 832 1
154 832 -1
73 833 -1
210 833 1
73 834 1
250 834 -1
73 835 1
131 835 -1
73 836 1
186 836 -1
73 837 1
145 837 -1
73 838 -1
184 838 1
73 839 1
187 839 -1
74 840 -1
75 840 1
74 841 1
174 841 -1
74 842 -1
144 842 1
74 843 -1
76 843 1
74 844 -1
111 844 1
74 845 -1
273 845 1
74 846 -1
81 846 1
74 847 1
229 847 -1
74 848 1
154 848 -1
74 849 1
116 849 -1
74 850 -1
242 850 1
74 851 -1
128 851 1
74 852 1
146 852 -1
74 853 -1
241 853 1
75 854 1
199 854 -1
75 855 1
111 855 -1
75 856 -1
116 856 1
75 857 1
154 857 -1
75 858 1
146 858 -1
75 859 1
273 859 -1
75 860 1
229 860 -1
75 861 1
242 861 -1
76 862 1
76 863 -1
174 863 1
76 864 -1
236 864 1
76 865 -1
81 865 1
76 866 -1
113 866 1
76 867 1
200 867 -1
76 868 1
241 868 -1
77 869 1
77 870 1
77 871 -1
171 871 1
77 872 -1
219 872 1
77 873 -1
173 873 1
77 874 -1
138 874 1
77 875 -1
170 875 1
78 876 1
78 877 -1
91 877 1
78 878 -1
145 878 1
78 879 -1
167 879 1
78 880 1
186 880 -1
78 881 -1
114 881 1
78 882 -1
255 882 1
78 883 -1
184 883 1
78 884 -1
141 884 1
78 885 1
152 885 -1
78 886 1
227 886 -1
79 887 1
248 887 -1
79 888 -1
259 888 1
79 889 -1
92 889 1
79 890 1
194 890 -1
79 891 -1
131 891 1
79 892 -1
287 892 1
79 893 -1
183 893 1
79 894 -1
281 894 1
79 895 -1
262 895 1
79 896 -1
109 896 1
80 897 1
80 898 -1
275 898 1
80 899 1
295 899 -1
80 900 1
197 900 -1
80 901 1
185 901 -1
80 902 -1
137 902 1
81 903 1
81 904 -1
111 904 1
81 905 -1
236 905 1
81 906 1
146 906 -1
81 907 -1
253 907 1
82 908 1
82 909 -1
270 909 1
82 910 -1
242 910 1
82 911 -1
103 911 1
82 912 1
86 912 -1
82 913 1
283 913 -1
82 914 1
201 914 -1
82 915 -1
174 915 1
82 916 1
246 916 -1
82 917 1
290 917 -1
82 918 1
233 918 -1
82 919 1
122 919 -1
82 920 -1
113 920 1
82 921 1
188 921 -1
83 922 1
83 923 1
83 924 1
143 924 -1
83 925 -1
124 925 1
83 926 -1
185 926 1
83 927 -1
140 927 1
83 928 1
275 928 -1
84 929 -1
182 929 1
84 930 1
239 930 -1
84 931 1
198 931 -1
84 932 1
191 932 -1
84 933 1
217 933 -1
84 934 1
147 934 -1
84 935 1
226 935 -1
84 936 1
218 936 -1
84 937 1
234 937 -1
84 938 -1
139 938 1
84 939 -1
240 939 1
85 940 1
85 941 1
191 941 -1
85 942 1
217 942 -1
85 943 1
147 943 -1
85 944 1
198 944 -1
85 945 1
159 945 -1
85 946 -1
87 946 1
85 947 1
175 947 -1
86 948 1
86 949 1
103 949 -1
86 950 -1
155 950 1
86 951 1
270 951 -1
86 952 1
292 952 -1
86 953 1
233 953 -1
86 954 -1
246 954 1
87 955 1
87 956 1
134 956 -1
87 957 -1
286 957 1
87 958 -1
226 958 1
87 959 -1
240 959 1
87 960 -1
244 960 1
87 961 -1
164 961 1
87 962 -1
234 962 1
87 963 1
204 963 -1
87 964 -1
178 964 1
87 965 -1
198 965 1
87 966 -1
218 966 1
87 967 -1
217 967 1
87 968 -1
216 968 1
87 969 -1
175 969 1
88 970 1
88 971 1
88 972 1
93 972 -1
88 973 1
211 973 -1
88 974 1
113 974 -1
88 975 -1
236 975 1
88 976 -1
200 976 1
88 977 -1
188 977 1
88 978 1
283 978 -1
88 979 -1
94 979 1
89 980 1
279 980 -1
89 981 -1
299 981 1
89 982 -1
214 982 1
89 983 -1
258 983 1
89 984 -1
121 984 1
89 985 -1
153 985 1
89 986 -1
230 986 1
89 987 1
235 987 -1
89 988 1
261 988 -1
89 989 -1
247 989 1
89 990 1
272 990 -1
89 991 1
238 991 -1
90 992 1
241 992 -1
90 993 -1
144 993 1
90 994 -1
200 994 1
90 995 1
126 995 -1
90 996 1
296 996 -1
90 997 1
127 997 -1
90 998 -1
209 998 1
90 999 -1
128 999 1
90 1000 -1
297 1000 1
90 1001 -1
265 1001 1
90 1002 -1
142 1002 1
90 1003 -1
203 1003 1
91 1004 1
91 1005 -1
163 1005 1
91 1006 -1
167 1006 1
91 1007 1
133 1007 -1
91 1008 1
186 1008 -1
91 1009 -1
210 1009 1
91 1010 1
96 1010 -1
91 1011 1
226 1011 -1
91 1012 1
240 1012 -1
91 1013 1
239 1013 -1
92 1014 -1
259 1014 1
92 1015 1
163 1015 -1
92 1016 1
186 1016 -1
92 1017 -1
167 1017 1
92 1018 -1
131 1018 1
92 1019 1
287 1019 -1
92 1020 -1
172 1020 1
92 1021 1
281 1021 -1
92 1022 -1
119 1022 1
92 1023 1
109 1023 -1
93 1024 1
93 1025 1
93 1026 1
98 1026 -1
93 1027 1
157 1027 -1
93 1028 1
118 1028 -1
93 1029 -1
113 1029 1
93 1030 -1
236 1030 1
93 1031 -1
94 1031 1
93 1032 -1
200 1032 1
94 1033 1
94 1034 -1
241 1034 1
94 1035 1
157 1035 -1
94 1036 1
180 1036 -1
94 1037 1
297 1037 -1
94 1038 1
168 1038 -1
94 1039 1
277 1039 -1
94 1040 -1
126 1040 1
94 1041 -1
98 1041 1
94 1042 -1
274 1042 1
94 1043 -1
200 1043 1
94 1044 -1
211 1044 1
95 1045 1
95 1046 1
95 1047 -1
291 1047 1
95 1048 1
135 1048 -1
95 1049 1
280 1049 -1
95 1050 -1
237 1050 1
96 1051 -1
267 1051 1
96 1052 -1
183 1052 1
96 1053 1
222 1053 -1
96 1054 -1
172 1054 1
96 1055 -1
163 1055 1
96 1056 -1
240 1056 1
96 1057 1
210 1057 -1
96 1058 1
239 1058 -1
96 1059 1
194 1059 -1
96 1060 1
269 1060 -1
97 1061 1
160 1061 -1
97 1062 1
220 1062 -1
97 1063 1
228 1063 -1
97 1064 -1
142 1064 1
97 1065 1
137 1065 -1
97 1066 1
205 1066 -1
97 1067 -1
285 1067 1
97 1068 -1
158 1068 1
97 1069 -1
298 1069 1
97 1070 -1
231 1070 1
97 1071 -1
296 1071 1
97 1072 -1
140 1072 1
97 1073 -1
280 1073 1
97 1074 -1
135 1074 1
97 1075 -1
245 1075 1
97 1076 -1
237 1076 1
98 1077 1
98 1078 1
98 1079 -1
157 1079 1
98 1080 -1
177 1080 1
98 1081 -1
118 1081 1
99 1082 1
99 1083 1
99 1084 1
162 1084 -1
99 1085 1
117 1085 -1
99 1086 -1
281 1086 1
99 1087 1
278 1087 -1
99 1088 -1
264 1088 1
99 1089 -1
183 1089 1
99 1090 -1
172 1090 1
99 1091 -1
119 1091 1
100 1092 1
100 1093 -1
280 1093 1
101 1094 -1
294 1094 1
101 1095 -1
150 1095 1
101 1096 -1
276 1096 1
101 1097 -1
203 1097 1
101 1098 -1
273 1098 1
101 1099 1
142 1099 -1
101 1100 -1
194 1100 1
101 1101 -1
210 1101 1
101 1102 -1
154 1102 1
102 1103 1
102 1104 -1
209 1104 1
102 1105 -1
126 1105 1
102 1106 1
165 1106 -1
102 1107 1
160 1107 -1
102 1108 -1
298 1108 1
102 1109 -1
285 1109 1
102 1110 1
297 1110 -1
102 1111 1
289 1111 -1
102 1112 1
104 1112 -1
102 1113 1
274 1113 -1
103 1114 1
103 1115 1
103 1116 -1
270 1116 1
103 1117 1
155 1117 -1
104 1118 1
104 1119 1
274 1119 -1
104 1120 -1
289 1120 1
104 1121 1
206 1121 -1
104 1122 -1
189 1122 1
104 1123 -1
180 1123 1
104 1124 -1
258 1124 1
104 1125 -1
110 1125 1
104 1126 -1
126 1126 1
104 1127 -1
209 1127 1
104 1128 -1
288 1128 1
104 1129 -1
149 1129 1
104 1130 -1
299 1130 1
104 1131 1
108 1131 -1
105 1132 1
105 1133 -1
216 1133 1
105 1134 -1
222 1134 1
105 1135 -1
218 1135 1
105 1136 -1
193 1136 1
105 1137 1
267 1137 -1
105 1138 1
195 1138 -1
105 1139 1
293 1139 -1
105 1140 1
208 1140 -1
105 1141 1
129 1141 -1
106 1142 1
106 1143 -1
196 1143 1
106 1144 -1
159 1144 1
106 1145 1
153 1145 -1
106 1146 1
249 1146 -1
106 1147 -1
293 1147 1
106 1148 -1
208 1148 1
107 1149 1
107 1150 1
221 1150 -1
107 1151 -1
207 1151 1
107 1152 1
288 1152 -1
107 1153 1
110 1153 -1
107 1154 -1
108 1154 1
107 1155 -1
268 1155 1
107 1156 -1
159 1156 1
108 1157 -1
166 1157 1
108 1158 1
147 1158 -1
108 1159 1
265 1159 -1
108 1160 -1
299 1160 1
108 1161 -1
139 1161 1
108 1162 1
252 1162 -1
108 1163 1
149 1163 -1
108 1164 1
215 1164 -1
108 1165 1
128 1165 -1
108 1166 1
288 1166 -1
108 1167 1
180 1167 -1
108 1168 -1
207 1168 1
108 1169 -1
110 1169 1
108 1170 1
209 1170 -1
109 1171 1
109 1172 1
109 1173 1
287 1173 -1
109 1174 1
162 1174 -1
109 1175 -1
117 1175 1
109 1176 -1
186 1176 1
109 1177 -1
167 1177 1
109 1178 -1
131 1178 1
110 1179 1
110 1180 1
110 1181 1
206 1181 -1
110 1182 -1
258 1182 1
110 1183 -1
212 1183 1
110 1184 -1
221 1184 1
110 1185 -1
289 1185 1
110 1186 -1
299 1186 1
110 1187 1
112 1187 -1
110 1188 -1
268 1188 1
110 1189 1
288 1189 -1
110 1190 1
149 1190 -1
111 1191 1
111 1192 -1
199 1192 1
111 1193 -1
146 1193 1
111 1194 -1
253 1194 1
111 1195 1
242 1195 -1
111 1196 -1
152 1196 1
112 1197 1
112 1198 -1
289 1198 1
112 1199 -1
279 1199 1
112 1200 -1
258 1200 1
112 1201 1
214 1201 -1
112 1202 -1
165 1202 1
112 1203 -1
230 1203 1
112 1204 -1
212 1204 1
112 1205 -1
206 1205 1
112 1206 -1
176 1206 1
113 1207 1
113 1208 1
236 1208 -1
113 1209 1
174 1209 -1
113 1210 -1
118 1210 1
113 1211 -1
200 1211 1
113 1212 1
283 1212 -1
113 1213 -1
188 1213 1
114 1214 1
250 1214 -1
114 1215 1
154 1215 -1
114 1216 1
152 1216 -1
114 1217 1
184 1217 -1
114 1218 1
251 1218 -1
114 1219 -1
227 1219 1
114 1220 1
187 1220 -1
114 1221 -1
255 1221 1
114 1222 1
145 1222 -1
114 1223 1
131 1223 -1
114 1224 1
122 1224 -1
115 1225 1
115 1226 1
115 1227 -1
193 1227 1
115 1228 -1
125 1228 1
115 1229 -1
195 1229 1
115 1230 -1
202 1230 1
115 1231 -1
216 1231 1
115 1232 -1
175 1232 1
116 1233 -1
146 1233 1
116 1234 -1
250 1234 1
116 1235 1
199 1235 -1
116 1236 1
154 1236 -1
116 1237 1
192 1237 -1
116 1238 1
273 1238 -1
116 1239 1
229 1239 -1
116 1240 1
171 1240 -1
116 1241 -1
234 1241 1
117 1242 1
117 1243 1
117 1244 1
117 1245 1
162 1245 -1
117 1246 -1
281 1246 1
118 1247 1
118 1248 1
177 1248 -1
118 1249 1
157 1249 -1
118 1250 1
236 1250 -1
118 1251 -1
277 1251 1
119 1252 1
119 1253 1
119 1254 -1
172 1254 1
119 1255 1
163 1255 -1
119 1256 1
281 1256 -1
119 1257 -1
167 1257 1
120 1258 -1
219 1258 1
120 1259 -1
138 1259 1
120 1260 1
192 1260 -1
120 1261 1
171 1261 -1
120 1262 -1
215 1262 1
120 1263 -1
146 1263 1
120 1264 1
229 1264 -1
120 1265 -1
156 1265 1
120 1266 -1
123 1266 1
120 1267 -1
252 1267 1
121 1268 -1
299 1268 1
121 1269 1
159 1269 -1
121 1270 1
166 1270 -1
121 1271 -1
147 1271 1
121 1272 1
238 1272 -1
121 1273 1
153 1273 -1
121 1274 1
293 1274 -1
121 1275 -1
235 1275 1
122 1276 -1
246 1276 1
122 1277 -1
233 1277 1
122 1278 -1
131 1278 1
122 1279 -1
251 1279 1
122 1280 -1
187 1280 1
122 1281 1
262 1281 -1
122 1282 -1
154 1282 1
122 1283 1
242 1283 -1
122 1284 -1
290 1284 1
122 1285 1
201 1285 -1
123 1286 1
123 1287 1
123 1288 -1
224 1288 1
123 1289 -1
225 1289 1
123 1290 -1
181 1290 1
123 1291 1
156 1291 -1
123 1292 -1
149 1292 1
123 1293 1
252 1293 -1
123 1294 -1
229 1294 1
123 1295 -1
253 1295 1
124 1296 1
124 1297 -1
185 1297 1
124 1298 1
266 1298 -1
124 1299 -1
143 1299 1
124 1300 -1
158 1300 1
124 1301 -1
275 1301 1
125 1302 1
125 1303 1
125 1304 1
202 1304 -1
126 1305 1
126 1306 -1
209 1306 1
126 1307 1
297 1307 -1
126 1308 1
241 1308 -1
126 1309 -1
180 1309 1
126 1310 1
289 1310 -1
126 1311 -1
274 1311 1
127 1312 -1
256 1312 1
127 1313 -1
283 1313 1
127 1314 -1
200 1314 1
127 1315 -1
260 1315 1
127 1316 -1
296 1316 1
127 1317 -1
135 1317 1
127 1318 1
144 1318 -1
127 1319 -1
179 1319 1
127 1320 1
290 1320 -1
127 1321 1
262 1321 -1
128 1322 1
252 1322 -1
128 1323 1
229 1323 -1
128 1324 1
265 1324 -1
128 1325 1
168 1325 -1
128 1326 1
241 1326 -1
128 1327 -1
213 1327 1
128 1328 1
180 1328 -1
128 1329 1
144 1329 -1
128 1330 -1
166 1330 1
128 1331 1
209 1331 -1
129 1332 1
129 1333 1
232 1333 -1
129 1334 1
136 1334 -1
129 1335 1
222 1335 -1
129 1336 1
293 1336 -1
130 1337 1
130 1338 -1
179 1338 1
130 1339 -1
223 1339 1
130 1340 -1
291 1340 1
130 1341 -1
260 1341 1
130 1342 -1
211 1342 1
130 1343 -1
188 1343 1
130 1344 1
135 1344 -1
131 1345 1
131 1346 -1
186 1346 1
131 1347 -1
187 1347 1
131 1348 -1
246 1348 1
131 1349 -1
251 1349 1
131 1350 -1
233 1350 1
131 1351 -1
154 1351 1
132 1352 1
132 1353 -1
215 1353 1
132 1354 -1
138 1354 1
132 1355 1
169 1355 -1
132 1356 -1
254 1356 1
132 1357 -1
192 1357 1
132 1358 -1
198 1358 1
132 1359 -1
234 1359 1
133 1360 1
133 1361 1
204 1361 -1
133 1362 1
226 1362 -1
133 1363 -1
286 1363 1
133 1364 1
243 1364 -1
133 1365 1
255 1365 -1
133 1366 -1
234 1366 1
133 1367 -1
240 1367 1
134 1368 1
134 1369 -1
286 1369 1
134 1370 -1
244 1370 1
134 1371 -1
204 1371 1
134 1372 -1
178 1372 1
134 1373 1
164 1373 -1
135 1374 1
135 1375 -1
291 1375 1
135 1376 1
296 1376 -1
135 1377 1
260 1377 -1
135 1378 -1
297 1378 1
135 1379 -1
280 1379 1
135 1380 -1
179 1380 1
135 1381 -1
237 1381 1
135 1382 -1
160 1382 1
135 1383 -1
298 1383 1
136 1384 1
136 1385 -1
232 1385 1
136 1386 -1
151 1386 1
136 1387 1
269 1387 -1
136 1388 1
222 1388 -1
136 1389 1
293 1389 -1
136 1390 -1
235 1390 1
136 1391 -1
183 1391 1
136 1392 -1
231 1392 1
136 1393 -1
271 1393 1
137 1394 -1
142 1394 1
137 1395 -1
295 1395 1
137 1396 -1
148 1396 1
137 1397 -1
262 1397 1
137 1398 1
245 1398 -1
137 1399 1
294 1399 -1
137 1400 -1
220 1400 1
137 1401 1
197 1401 -1
137 1402 1
158 1402 -1
137 1403 1
237 1403 -1
137 1404 1
231 1404 -1
138 1405 1
138 1406 -1
254 1406 1
138 1407 -1
219 1407 1
138 1408 1
169 1408 -1
138 1409 1
215 1409 -1
138 1410 -1
192 1410 1
139 1411 1
265 1411 -1
139 1412 1
192 1412 -1
139 1413 -1
147 1413 1
139 1414 1
166 1414 -1
139 1415 -1
150 1415 1
139 1416 -1
239 1416 1
139 1417 -1
203 1417 1
139 1418 -1
215 1418 1
140 1419 1
140 1420 1
231 1420 -1
140 1421 -1
158 1421 1
140 1422 -1
143 1422 1
140 1423 1
228 1423 -1
140 1424 1
245 1424 -1
141 1425 1
141 1426 1
141 1427 -1
184 1427 1
141 1428 -1
187 1428 1
141 1429 -1
145 1429 1
141 1430 -1
152 1430 1
141 1431 -1
263 1431 1
142 1432 -1
148 1432 1
142 1433 -1
220 1433 1
142 1434 -1
203 1434 1
142 1435 -1
294 1435 1
142 1436 -1
262 1436 1
142 1437 -1
160 1437 1
143 1438 1
143 1439 -1
266 1439 1
143 1440 1
158 1440 -1
143 1441 1
295 1441 -1
143 1442 -1
231 1442 1
143 1443 1
245 1443 -1
143 1444 1
151 1444 -1
144 1445 1
273 1445 -1
144 1446 1
174 1446 -1
144 1447 -1
242 1447 1
144 1448 1
200 1448 -1
144 1449 -1
256 1449 1
144 1450 -1
154 1450 1
144 1451 -1
241 1451 1
144 1452 -1
262 1452 1
145 1453 1
145 1454 -1
187 1454 1
145 1455 -1
186 1455 1
145 1456 -1
184 1456 1
146 1457 -1
253 1457 1
146 1458 -1
199 1458 1
146 1459 1
250 1459 -1
146 1460 -1
192 1460 1
146 1461 -1
171 1461 1
146 1462 -1
229 1462 1
147 1463 1
166 1463 -1
147 1464 1
191 1464 -1
147 1465 -1
238 1465 1
147 1466 -1
182 1466 1
147 1467 -1
215 1467 1
147 1468 -1
239 1468 1
147 1469 -1
203 1469 1
148 1470 1
294 1470 -1
148 1471 1
276 1471 -1
148 1472 1
194 1472 -1
148 1473 1
245 1473 -1
148 1474 -1
269 1474 1
148 1475 1
203 1475 -1
148 1476 -1
220 1476 1
148 1477 1
262 1477 -1
149 1478 -1
252 1478 1
149 1479 1
213 1479 -1
149 1480 -1
288 1480 1
149 1481 -1
168 1481 1
149 1482 -1
180 1482 1
149 1483 -1
156 1483 1
149 1484 1
207 1484 -1
149 1485 1
215 1485 -1
150 1486 -1
203 1486 1
150 1487 -1
276 1487 1
150 1488 -1
273 1488 1
151 1489 1
151 1490 1
264 1490 -1
151 1491 -1
269 1491 1
151 1492 -1
245 1492 1
151 1493 1
183 1493 -1
151 1494 -1
231 1494 1
152 1495 1
152 1496 1
152 1497 1
184 1497 -1
152 1498 -1
251 1498 1
152 1499 -1
227 1499 1
152 1500 -1
199 1500 1
152 1501 -1
250 1501 1
153 1502 1
212 1502 -1
153 1503 1
268 1503 -1
153 1504 -1
247 1504 1
153 1505 -1
258 1505 1
153 1506 -1
159 1506 1
153 1507 1
249 1507 -1
153 1508 -1
299 1508 1
153 1509 1
279 1509 -1
153 1510 1
214 1510 -1
154 1511 -1
273 1511 1
154 1512 1
294 1512 -1
154 1513 1
242 1513 -1
154 1514 1
262 1514 -1
154 1515 -1
251 1515 1
154 1516 1
210 1516 -1
155 1517 1
155 1518 1
155 1519 -1
263 1519 1
155 1520 -1
292 1520 1
156 1521 1
156 1522 -1
207 1522 1
156 1523 -1
288 1523 1
156 1524 -1
225 1524 1
156 1525 -1
221 1525 1
156 1526 1
181 1526 -1
156 1527 -1
213 1527 1
156 1528 -1
252 1528 1
156 1529 1
215 1529 -1
156 1530 -1
229 1530 1
157 1531 1
157 1532 -1
177 1532 1
157 1533 1
277 1533 -1
157 1534 1
236 1534 -1
157 1535 1
241 1535 -1
157 1536 1
200 1536 -1
158 1537 1
266 1537 -1
158 1538 -1
231 1538 1
158 1539 -1
295 1539 1
158 1540 1
228 1540 -1
158 1541 1
245 1541 -1
159 1542 1
159 1543 1
268 1543 -1
159 1544 1
238 1544 -1
159 1545 -1
293 1545 1
159 1546 -1
208 1546 1
160 1547 1
298 1547 -1
160 1548 1
285 1548 -1
160 1549 1
209 1549 -1
160 1550 -1
165 1550 1
160 1551 -1
296 1551 1
160 1552 -1
205 1552 1
160 1553 -1
280 1553 1
161 1554 1
161 1555 -1
225 1555 1
161 1556 -1
224 1556 1
161 1557 -1
181 1557 1
161 1558 -1
213 1558 1
161 1559 -1
190 1559 1
161 1560 1
288 1560 -1
162 1561 1
162 1562 1
278 1562 -1
162 1563 -1
287 1563 1
162 1564 -1
281 1564 1
163 1565 1
163 1566 -1
167 1566 1
163 1567 1
259 1567 -1
163 1568 -1
172 1568 1
163 1569 -1
210 1569 1
163 1570 -1
186 1570 1
163 1571 -1
183 1571 1
164 1572 1
164 1573 -1
178 1573 1
164 1574 -1
282 1574 1
164 1575 -1
243 1575 1
164 1576 1
234 1576 -1
164 1577 1
204 1577 -1
164 1578 1
226 1578 -1
164 1579 -1
169 1579 1
164 1580 -1
198 1580 1
164 1581 -1
254 1581 1
164 1582 -1
244 1582 1
165 1583 1
165 1584 -1
214 1584 1
165 1585 -1
285 1585 1
165 1586 1
279 1586 -1
165 1587 -1
230 1587 1
165 1588 -1
298 1588 1
165 1589 1
209 1589 -1
165 1590 1
289 1590 -1
166 1591 -1
299 1591 1
166 1592 -1
265 1592 1
166 1593 1
238 1593 -1
166 1594 -1
209 1594 1
166 1595 1
203 1595 -1
166 1596 1
180 1596 -1
167 1597 1
167 1598 1
186 1598 -1
168 1599 1
277 1599 -1
168 1600 -1
241 1600 1
168 1601 1
213 1601 -1
168 1602 -1
180 1602 1
168 1603 -1
252 1603 1
168 1604 -1
229 1604 1
168 1605 -1
236 1605 1
169 1606 1
169 1607 -1
254 1607 1
169 1608 1
282 1608 -1
169 1609 1
234 1609 -1
169 1610 1
198 1610 -1
170 1611 1
170 1612 1
170 1613 1
170 1614 -1
284 1614 1
170 1615 -1
243 1615 1
170 1616 -1
255 1616 1
170 1617 -1
173 1617 1
170 1618 1
171 1618 -1
171 1619 1
171 1620 -1
219 1620 1
171 1621 -1
173 1621 1
171 1622 -1
254 1622 1
171 1623 -1
253 1623 1
171 1624 1
192 1624 -1
171 1625 1
255 1625 -1
171 1626 1
234 1626 -1
172 1627 1
183 1627 -1
172 1628 -1
281 1628 1
172 1629 -1
267 1629 1
172 1630 -1
259 1630 1
172 1631 1
264 1631 -1
173 1632 1
254 1632 -1
173 1633 -1
219 1633 1
173 1634 1
243 1634 -1
173 1635 1
234 1635 -1
173 1636 -1
255 1636 1
174 1637 -1
242 1637 1
174 1638 1
236 1638 -1
174 1639 1
200 1639 -1
174 1640 -1
283 1640 1
174 1641 -1
241 1641 1
175 1642 1
175 1643 1
208 1643 -1
175 1644 1
195 1644 -1
175 1645 1
216 1645 -1
175 1646 1
217 1646 -1
175 1647 1
244 1647 -1
176 1648 1
176 1649 1
176 1650 1
247 1650 -1
176 1651 -1
272 1651 1
176 1652 1
230 1652 -1
176 1653 -1
249 1653 1
176 1654 -1
214 1654 1
176 1655 1
212 1655 -1
177 1656 1
177 1657 1
178 1658 1
178 1659 -1
282 1659 1
178 1660 1
204 1660 -1
178 1661 -1
243 1661 1
178 1662 -1
244 1662 1
179 1663 -1
223 1663 1
179 1664 -1
260 1664 1
179 1665 -1
291 1665 1
179 1666 1
188 1666 -1
179 1667 -1
256 1667 1
179 1668 1
283 1668 -1
179 1669 -1
201 1669 1
179 1670 1
290 1670 -1
179 1671 1
197 1671 -1
179 1672 1
270 1672 -1
180 1673 1
277 1673 -1
180 1674 -1
213 1674 1
180 1675 1
274 1675 -1
180 1676 -1
241 1676 1
180 1677 1
252 1677 -1
180 1678 -1
288 1678 1
180 1679 1
209 1679 -1
180 1680 -1
189 1680 1
180 1681 -1
299 1681 1
181 1682 1
181 1683 1
181 1684 -1
225 1684 1
181 1685 -1
224 1685 1
181 1686 -1
190 1686 1
181 1687 -1
288 1687 1
181 1688 -1
221 1688 1
182 1689 1
238 1689 -1
182 1690 -1
217 1690 1
182 1691 -1
191 1691 1
182 1692 -1
218 1692 1
182 1693 -1
293 1693 1
183 1694 -1
259 1694 1
183 1695 1
281 1695 -1
183 1696 -1
267 1696 1
183 1697 1
210 1697 -1
183 1698 -1
248 1698 1
183 1699 -1
194 1699 1
183 1700 -1
222 1700 1
183 1701 -1
269 1701 1
183 1702 -1
264 1702 1
184 1703 1
251 1703 -1
184 1704 1
187 1704 -1
185 1705 1
185 1706 -1
266 1706 1
185 1707 1
295 1707 -1
185 1708 1
275 1708 -1
185 1709 -1
237 1709 1
185 1710 -1
197 1710 1
186 1711 1
187 1712 1
187 1713 1
187 1714 -1
251 1714 1
187 1715 -1
246 1715 1
187 1716 -1
233 1716 1
188 1717 1
188 1718 1
188 1719 1
188 1720 -1
223 1720 1
188 1721 -1
211 1721 1
188 1722 1
260 1722 -1
188 1723 -1
283 1723 1
188 1724 -1
270 1724 1
189 1725 1
189 1726 1
189 1727 -1
206 1727 1
189 1728 1
274 1728 -1
189 1729 1
221 1729 -1
189 1730 -1
288 1730 1
190 1731 1
190 1732 1
191 1733 -1
217 1733 1
191 1734 1
238 1734 -1
191 1735 1
198 1735 -1
192 1736 -1
215 1736 1
192 1737 -1
229 1737 1
192 1738 1
265 1738 -1
192 1739 1
219 1739 -1
192 1740 1
252 1740 -1
192 1741 1
254 1741 -1
192 1742 1
234 1742 -1
193 1743 1
193 1744 1
193 1745 1
193 1746 -1
195 1746 1
193 1747 1
216 1747 -1
193 1748 -1
202 1748 1
194 1749 -1
248 1749 1
194 1750 -1
210 1750 1
194 1751 -1
276 1751 1
194 1752 -1
269 1752 1
194 1753 1
294 1753 -1
195 1754 1
195 1755 1
195 1756 -1
208 1756 1
195 1757 -1
216 1757 1
195 1758 -1
293 1758 1
196 1759 1
196 1760 -1
293 1760 1
196 1761 -1
249 1761 1
196 1762 -1
235 1762 1
196 1763 -1
208 1763 1
196 1764 -1
232 1764 1
197 1765 1
197 1766 -1
237 1766 1
197 1767 1
290 1767 -1
197 1768 -1
295 1768 1
197 1769 -1
266 1769 1
198 1770 1
198 1771 -1
234 1771 1
198 1772 -1
226 1772 1
198 1773 1
217 1773 -1
198 1774 1
240 1774 -1
198 1775 1
218 1775 -1
199 1776 1
199 1777 -1
250 1777 1
199 1778 -1
253 1778 1
199 1779 -1
227 1779 1
200 1780 -1
256 1780 1
200 1781 -1
283 1781 1
200 1782 -1
241 1782 1
200 1783 -1
236 1783 1
200 1784 1
242 1784 -1
200 1785 -1
211 1785 1
201 1786 1
201 1787 -1
290 1787 1
201 1788 1
270 1788 -1
201 1789 -1
223 1789 1
201 1790 1
256 1790 -1
201 1791 1
242 1791 -1
201 1792 1
283 1792 -1
201 1793 1
233 1793 -1
201 1794 -1
246 1794 1
202 1795 1
202 1796 1
202 1797 1
202 1798 -1
216 1798 1
203 1799 1
276 1799 -1
203 1800 -1
294 1800 1
203 1801 -1
239 1801 1
203 1802 -1
269 1802 1
203 1803 1
220 1803 -1
203 1804 1
265 1804 -1
203 1805 -1
238 1805 1
204 1806 1
204 1807 -1
286 1807 1
204 1808 1
243 1808 -1
204 1809 1
226 1809 -1
204 1810 1
234 1810 -1
204 1811 -1
255 1811 1
205 1812 1
205 1813 1
205 1814 -1
228 1814 1
205 1815 -1
271 1815 1
205 1816 -1
261 1816 1
205 1817 -1
298 1817 1
205 1818 -1
285 1818 1
205 1819 1
230 1819 -1
206 1820 1
206 1821 1
206 1822 -1
289 1822 1
206 1823 -1
221 1823 1
206 1824 -1
258 1824 1
206 1825 -1
288 1825 1
207 1826 1
207 1827 -1
221 1827 1
207 1828 -1
288 1828 1
207 1829 -1
215 1829 1
208 1830 1
208 1831 1
208 1832 -1
216 1832 1
208 1833 1
293 1833 -1
208 1834 -1
217 1834 1
209 1835 -1
296 1835 1
209 1836 1
289 1836 -1
209 1837 1
279 1837 -1
209 1838 -1
241 1838 1
209 1839 1
299 1839 -1
209 1840 1
265 1840 -1
210 1841 -1
248 1841 1
210 1842 1
259 1842 -1
210 1843 1
276 1843 -1
210 1844 1
239 1844 -1
210 1845 1
294 1845 -1
211 1846 1
211 1847 -1
260 1847 1
211 1848 -1
283 1848 1
211 1849 1
297 1849 -1
212 1850 1
212 1851 1
212 1852 1
258 1852 -1
212 1853 1
268 1853 -1
212 1854 -1
279 1854 1
212 1855 -1
247 1855 1
212 1856 1
249 1856 -1
212 1857 -1
299 1857 1
212 1858 -1
214 1858 1
213 1859 -1
277 1859 1
213 1860 -1
252 1860 1
213 1861 1
225 1861 -1
213 1862 -1
288 1862 1
213 1863 -1
229 1863 1
214 1864 1
214 1865 -1
230 1865 1
214 1866 -1
279 1866 1
214 1867 1
285 1867 -1
214 1868 -1
247 1868 1
214 1869 1
272 1869 -1
215 1870 -1
265 1870 1
215 1871 1
252 1871 -1
216 1872 1
216 1873 -1
218 1873 1
216 1874 1
217 1874 -1
216 1875 1
240 1875 -1
216 1876 -1
267 1876 1
216 1877 1
293 1877 -1
216 1878 1
244 1878 -1
217 1879 -1
238 1879 1
217 1880 -1
218 1880 1
217 1881 -1
293 1881 1
218 1882 1
240 1882 -1
218 1883 -1
239 1883 1
218 1884 1
293 1884 -1
219 1885 1
254 1885 -1
220 1886 -1
231 1886 1
220 1887 -1
269 1887 1
220 1888 -1
245 1888 1
220 1889 1
285 1889 -1
220 1890 -1
228 1890 1
220 1891 1
235 1891 -1
220 1892 1
261 1892 -1
220 1893 -1
238 1893 1
221 1894 1
221 1895 1
288 1895 -1
222 1896 -1
267 1896 1
222 1897 1
293 1897 -1
222 1898 1
269 1898 -1
222 1899 -1
238 1899 1
223 1900 1
223 1901 1
223 1902 -1
290 1902 1
223 1903 -1
270 1903 1
224 1904 1
224 1905 1
225 1905 -1
225 1906 -1
288 1906 1
226 1907 1
234 1907 -1
226 1908 -1
240 1908 1
226 1909 1
286 1909 -1
226 1910 1
239 1910 -1
227 1911 1
227 1912 1
227 1913 -1
250 1913 1
227 1914 1
255 1914 -1
227 1915 -1
253 1915 1
228 1916 1
228 1917 -1
271 1917 1
228 1918 1
231 1918 -1
228 1919 1
261 1919 -1
228 1920 1
235 1920 -1
228 1921 -1
285 1921 1
229 1922 1
252 1922 -1
229 1923 -1
265 1923 1
229 1924 1
253 1924 -1
230 1925 1
230 1926 1
272 1926 -1
230 1927 -1
298 1927 1
230 1928 1
285 1928 -1
230 1929 -1
261 1929 1
230 1930 -1
257 1930 1
230 1931 -1
271 1931 1
231 1932 1
231 1933 1
245 1933 -1
231 1934 -1
271 1934 1
231 1935 -1
269 1935 1
231 1936 1
235 1936 -1
232 1937 1
232 1938 -1
293 1938 1
232 1939 -1
235 1939 1
233 1940 1
233 1941 1
246 1941 -1
233 1942 -1
292 1942 1
233 1943 -1
270 1943 1
233 1944 -1
290 1944 1
234 1945 1
243 1945 -1
234 1946 1
254 1946 -1
235 1947 1
235 1948 -1
261 1948 1
235 1949 -1
257 1949 1
235 1950 -1
271 1950 1
235 1951 -1
285 1951 1
235 1952 1
293 1952 -1
235 1953 -1
269 1953 1
235 1954 1
238 1954 -1
236 1955 1
236 1956 -1
241 1956 1
236 1957 1
277 1957 -1
237 1958 1
237 1959 1
280 1959 -1
237 1960 1
266 1960 -1
237 1961 1
295 1961 -1
238 1962 -1
293 1962 1
238 1963 1
269 1963 -1
239 1964 1
240 1964 -1
240 1965 1
240 1966 -1
286 1966 1
240 1967 1
267 1967 -1
241 1968 -1
277 1968 1
241 1969 1
297 1969 -1
242 1970 -1
283 1970 1
242 1971 -1
256 1971 1
242 1972 -1
273 1972 1
242 1973 -1
262 1973 1
242 1974 1
290 1974 -1
242 1975 1
246 1975 -1
243 1976 1
243 1977 -1
282 1977 1
243 1978 -1
284 1978 1
243 1979 1
255 1979 -1
243 1980 1
254 1980 -1
244 1981 1
244 1982 1
244 1983 1
286 1983 -1
245 1984 1
295 1984 -1
245 1985 1
275 1985 -1
246 1986 -1
292 1986 1
246 1987 -1
251 1987 1
247 1988 1
247 1989 -1
272 1989 1
247 1990 -1
249 1990 1
248 1991 -1
259 1991 1
248 1992 1
294 1992 -1
248 1993 1
262 1993 -1
249 1994 1
249 1995 1
249 1996 1
251 1997 1
292 1997 -1
251 1998 -1
263 1998 1
252 1999 -1
265 1999 1
253 2000 1
255 2001 1
256 2002 -1
283 2002 1
256 2003 -1
260 2003 1
256 2004 1
290 2004 -1
256 2005 1
262 2005 -1
257 2006 1
257 2007 -1
261 2007 1
257 2008 -1
272 2008 1
257 2009 -1
271 2009 1
258 2010 -1
279 2010 1
258 2011 1
289 2011 -1
258 2012 -1
299 2012 1
259 2013 1
287 2013 -1
259 2014 1
281 2014 -1
260 2015 1
283 2015 -1
261 2016 1
261 2017 -1
271 2017 1
261 2018 -1
272 2018 1
261 2019 1
285 2019 -1
262 2020 1
294 2020 -1
262 2021 -1
273 2021 1
262 2022 1
290 2022 -1
263 2023 1
263 2024 1
263 2025 1
292 2025 -1
264 2026 1
266 2027 1
295 2027 -1
266 2028 1
275 2028 -1
268 2029 1
269 2030 -1
276 2030 1
269 2031 -1
293 2031 1
270 2032 1
270 2033 1
270 2034 -1
283 2034 1
271 2035 1
271 2036 1
271 2037 1
272 2037 -1
272 2038 1
272 2039 1
273 2040 -1
294 2040 1
274 2041 1
274 2042 -1
289 2042 1
275 2043 1
275 2044 1
295 2044 -1
276 2045 -1
294 2045 1
278 2046 1
278 2047 -1
287 2047 1
279 2048 -1
289 2048 1
279 2049 -1
299 2049 1
280 2050 1
280 2051 -1
298 2051 1
281 2052 1
281 2053 1
287 2053 -1
282 2054 1
282 2055 1
284 2055 -1
284 2056 1
284 2057 1
285 2058 -1
298 2058 1
286 2059 1
287 2060 1
289 2061 1
289 2062 -1
299 2062 1
290 2063 1
291 2064 1
292 2065 1
293 2066 1
296 2067 1
297 2067 -1
297 2068 1
297 2069 1
298 2069 -1
298 2070 1
