0.683547355987 0.526101933038 -0.000000000000
0.546079825907 0.651750822022 0.081743426341
0.523489282606 0.693420372040 0.060361254380
0.564676135923 0.677432493715 -0.000000000000
0.686996989395 0.515636095784 -0.000000000000
0.477214989422 0.579694114206 0.160561729156
0.516931874593 0.517132866834 0.144310373819
0.490182447995 0.544530514114 0.159389674233
0.469643875742 0.717703904192 -0.000000000000
0.409993234428 0.634037157729 -0.000000000000
0.381518626294 0.636008103131 0.115431407860
0.457081575417 0.721589111338 0.059231531416
0.457145531838 0.721401469317 0.065842970935
0.447368040091 0.713750697207 0.075167572608
0.403695654040 0.655225989047 0.134431013915
0.403312934555 0.669722214134 0.124094005573
0.388759275084 0.649068241655 0.123430705423
0.436449482884 0.467989299302 0.094285087371
0.365597864408 0.511938956260 0.072604143032
0.425711080801 0.481717181995 0.102317344467
0.462036923112 0.437186832829 -0.000000000000
0.369879301569 0.481467988323 0.029365165039
0.434006107981 0.461255136608 0.080324417571
0.389257570792 0.468713762711 -0.000000000000
0.376372127210 0.477469450278 -0.000000000000
0.371894327446 0.479098294880 0.019283576333
-0.000000000000 0.480624194726 0.507097310168
-0.000000000000 0.442792667665 0.396524461872
0.070507197761 0.391156238431 0.448693965888
0.090469266771 0.289800058298 0.441651217173
-0.000000000000 0.366022842131 0.377217983147
-0.000000000000 0.364141237431 0.377596221530
0.003825852599 0.361885520468 0.379712956613
-0.000000000000 0.173614150135 0.504618891502
-0.000000000000 0.196992239926 0.542511105280
0.044039363518 0.191516636925 0.499738199916
0.827685498712 0.227169139951 0.845630477894
0.916273502484 0.216263922194 0.991116477083
0.888003418111 0.387239533883 0.879715664827
0.806478374050 0.299420381596 0.783788084145
0.865056648969 0.312917708731 0.750875054249
0.835703030802 0.342761064830 0.813575146835
1.000000000000 0.164745120266 0.846466340230
1.000000000000 0.216188761600 0.953854282840
0.930536296146 0.204535040272 0.993266000128
0.931389650386 0.151760081819 0.882315926762
0.924022132544 0.311702618214 0.731897571744
1.000000000000 0.245962590102 0.768807395686
0.925131975280 0.311847241433 0.731845440389
0.925081694019 0.311380421159 0.731843764457
1.000000000000 0.378509463653 0.836130566537
1.000000000000 0.332619258291 0.764882480898
0.983540807753 0.334944685454 0.757307369634
0.996209567402 0.380382003887 0.836461886470
0.369141648112 1.000000000000 0.541866366387
0.474093416528 1.000000000000 0.544373382382
0.431786994420 0.885262677124 0.549928012178
0.474878779751 0.909836534333 0.528397304681
0.437604888800 0.897406358697 0.529096033933
0.433606131430 0.906577195515 0.526833211023
0.449354183414 0.902501072186 0.526486292703
0.342452605209 1.000000000000 0.584700904178
0.334086420715 0.944744480235 0.650430110688
0.506378469757 0.881854911908 0.605970687157
0.498641199677 0.856331629605 0.652712083357
0.512087485858 0.859149874787 0.655843294665
0.532326410299 0.873692616887 0.672852291339
0.353948663960 1.000000000000 0.754884869657
0.340707636912 0.947303606866 0.739668208044
0.406015742409 0.910753444240 0.719279375528
0.531623389674 1.000000000000 0.731427943990
0.540215059191 1.000000000000 0.718967777822
0.535224781627 0.881446360184 0.682057672021
0.527595769857 0.894756706020 0.698078274040
0.578335098525 0.589147274231 0.438498789192
0.615915447829 0.641943631800 0.476017505633
0.693823852724 0.538459836765 0.433053236773
0.582430844051 0.525503061961 0.403235800511
0.586766884937 0.513518657577 0.359972687096
0.592049232845 0.640776323240 0.292078405899
0.636771570926 0.703118036175 0.339143623811
0.744682288559 0.532677841948 0.405057218809
0.691766020301 0.530363685526 0.312285737371
0.699721172754 0.513583256584 0.343703282757
0.682037281736 0.536312020334 0.302136274782
0.591515104246 0.539761631099 0.308381878445
0.627327985437 0.555344399449 0.273032250395
0.620560071337 0.649921422006 0.473467799425
0.623980334558 0.656647111117 0.467380338723
0.658118600733 0.662872739841 0.452807182087
0.595922924487 0.615502739911 0.254988172221
0.639324821250 0.632933638512 0.242859202757
0.635399789485 0.615218580141 0.242963209574
0.608563669120 0.587334700174 0.249091260716
0.596407120667 0.589930688661 0.252751895461
0.596032217034 0.612593780855 0.254176830087
0.604977798634 0.618762879488 0.251952497564
0.778043825116 0.609418412684 0.386759151153
0.778585431301 0.624771879043 0.372072415453
0.715657802715 0.718285888307 0.294934651997
0.736532453399 0.714758258720 0.314784215585
0.759124585738 0.685770039296 0.397234831818
0.771968562885 0.666460387548 0.390149888115
0.776530432573 0.658320246988 0.363187943731
0.720911904351 0.719829123042 0.299423267899
0.715973652628 0.720381773256 0.297489032077
0.716308059920 0.719362875173 0.295847864835
0.717053670050 0.719212627630 0.296019286003
0.486859323106 0.637310699979 0.405213743913
0.432548587682 0.664820047221 0.536953414970
0.434350783209 0.572599680300 0.540459914646
0.390849193011 0.723087746004 0.478933648714
0.401174446481 0.736957251120 0.477507678639
0.466928849273 0.727151340193 0.523192417205
0.599383415794 0.641258573875 0.484611838872
0.559080723341 0.591365905452 0.451867257518
0.537588064303 0.568944145181 0.454012262849
0.550109972320 0.592630390464 0.502531721684
0.452626942190 0.719866559856 0.415313432918
0.479569779628 0.720587267308 0.407490777536
0.514031144487 0.762568318566 0.435429037539
0.439614408770 0.750970609010 0.448157229412
0.521239791915 0.761506921610 0.440398772375
0.594985413625 0.675041272957 0.484523364525
0.469282675294 0.542603252678 0.440882534110
0.416111940208 0.533590393019 0.425558849272
0.410922977625 0.552317853690 0.508453330332
0.368273860345 0.626379059062 0.439629237440
0.370502146262 0.531989744109 0.438800586512
0.377760966020 0.538352835790 0.462983881188
0.371825617492 0.653675787921 0.453533626144
0.532253848845 0.740975004672 0.501677278315
0.558231218166 0.732050631691 0.493760024897
0.527770801925 0.757706179439 0.452961473542
0.246121048723 0.254343482043 1.000000000000
0.267692478690 0.247982366506 0.935623820547
0.262792846875 0.211386428026 0.893520055419
0.244201650143 0.186824009981 0.904200007347
0.242457359482 0.330735475119 0.829855774562
0.252463644857 0.363837047880 1.000000000000
0.184497927018 0.329252368942 1.000000000000
0.249779807775 0.377507913130 0.889535897399
0.176270356643 0.121379508864 0.930699280968
0.142621591907 0.253686790036 1.000000000000
0.184058715903 0.148438806877 1.000000000000
0.184004188263 0.119083728429 0.956364870951
0.177721501587 0.349692999565 0.824503606207
0.117567967161 0.231980929745 0.873740262237
0.119844825716 0.224665940953 0.871473855452
0.263436676365 0.374345321035 0.963822093856
0.264153641592 0.373073193759 0.967269013089
0.261599575291 0.371947237894 0.974571788982
0.223953007464 0.356563102470 0.814578572664
0.223820729606 0.372498941011 0.829292487442
0.194773880766 0.359904215755 0.809753539809
0.205229687636 0.363094834690 0.809221410401
0.203528319799 0.364827470076 0.809792138589
0.194677248022 0.360315252314 0.809853170572
0.528320122495 0.446800595123 0.184466769341
0.532195714867 0.413617195399 0.332247703350
0.605548957415 0.405653209139 0.246056024104
0.530323707346 0.403408669584 0.245808484330
0.642045504072 0.451050408362 0.183631957599
0.652702585121 0.437394255130 0.203392494062
0.526642933752 0.517380905161 0.152778162210
0.608225201426 0.518054036678 0.153245311880
0.531865396014 0.477574042096 0.354733905149
0.527789487239 0.578351197966 0.237122346861
0.664406361822 -0.000000000000 0.522383457934
0.620410906968 0.153453032511 0.441472224998
0.623434020323 0.147373815424 0.419092165985
0.667181012915 0.026993898789 0.298022268612
0.676307478133 -0.000000000000 0.284530453957
0.761024509835 -0.000000000000 0.316252414319
0.696983750747 -0.000000000000 0.582089820327
0.703829144295 -0.000000000000 0.583274644040
0.866466914070 0.042749093353 0.424575332686
0.905448192403 -0.000000000000 0.394242172811
0.864745892219 0.044487072738 0.429221286570
0.719053012089 0.110953383492 0.590011315533
0.699896611438 0.124657184119 0.587202257107
0.687436319728 0.150423079354 0.564318860884
0.760240297878 0.116243295275 0.552627376849
0.847562663477 0.058076926539 0.558894194310
0.844057878940 0.060429434871 0.559737678998
0.850893235561 0.027712127057 0.595509449428
0.859202303022 0.020447788432 0.595753823833
0.860273341768 -0.000000000000 0.594797855146
0.898089297471 -0.000000000000 0.578600302662
0.897747299563 0.000380041894 0.578756030439
0.712422202650 0.650451034632 0.603643035732
0.725673208796 0.682632903288 0.625594649596
0.798839413190 0.732990654699 0.462437878362
0.669086249432 0.801792048552 0.592613968187
0.680552882901 0.799409626060 0.491125852269
0.714762370496 0.806196728082 0.517972579844
0.641004018146 0.795809629354 0.560826713433
0.605024333749 0.754695025416 0.512178998947
0.638682876699 0.793263932778 0.509538379067
0.598465659656 0.671971995237 0.485496684648
0.608831433235 0.646424050593 0.490657273401
0.612873980690 0.644367347346 0.494542202549
0.598620646596 0.671443605940 0.485229223463
0.607838980059 0.647369247672 0.486630271493
0.612325718472 0.646247081503 0.482841229058
0.765097371059 0.713230905341 0.418295150075
0.763504837513 0.696101861196 0.412885727371
0.784599424983 0.697319487872 0.436419519234
0.798293490759 0.730337194281 0.458568713871
0.572870265768 0.745588882661 0.147889094523
0.579228523077 0.737041085829 0.140001828195
0.628046439690 0.835490340427 0.096759875315
0.717102538486 0.845699675077 -0.000000000000
0.656597149083 0.717664784449 0.052959611530
0.652002554786 0.695302434148 -0.000000000000
0.712565394018 0.851287714898 0.005574237290
0.717420545426 0.849533937077 0.000055274172
0.717409187646 0.848891934347 -0.000000000000
0.717430667568 0.849564337443 -0.000000000000
0.616485355412 0.891303911937 0.069787956188
0.658546482819 0.909278668157 0.017528306258
0.665204518440 0.914623665555 -0.000000000000
0.487160080089 0.873346842926 0.092319173807
0.469337232570 0.777993732369 0.142311027604
0.490678261876 0.898602002662 -0.000000000000
0.463633882030 0.759831553890 -0.000000000000
0.469825804981 0.320396862198 0.709414084806
0.454446980074 0.302671398885 0.577617907744
0.398440751620 0.307000966915 0.677636184024
0.547524933751 0.318570618942 0.605854194146
0.551266973357 0.322350172197 0.633431436593
0.421338590365 0.161388381257 0.633604927249
0.397535375549 0.213077236954 0.677201647806
0.477460413952 0.090282884563 0.689915375313
0.478856282857 0.095547210034 0.713357999466
0.611653145347 0.233521251894 0.772512074737
0.576431505304 0.156872851844 0.756809214999
0.619947636839 0.170699099874 0.705839179599
0.652520259953 0.214728145972 0.696993567258
0.641989045101 0.239185996424 0.733522143203
1.000000000000 0.672114662796 0.355051934277
0.950159231596 0.651153661112 0.475894238432
1.000000000000 0.554652761146 0.520079912428
0.971579301736 0.576165644093 0.507688362100
0.893522270220 0.535579495349 0.444596424457
0.878610505822 0.498408700385 0.423967017386
1.000000000000 0.698108571550 0.402820898905
1.000000000000 0.720820306069 0.456595070806
0.995757916236 0.719851867375 0.456342279328
1.000000000000 0.462497678117 0.350206510561
1.000000000000 0.415941143888 0.384145602214
0.962860502060 0.450228755087 0.372236193008
0.883717619477 0.474484030514 0.420345647345
1.000000000000 0.423477290818 0.481836157011
0.951216421931 0.409657042132 0.445771277034
0.963355255637 0.404207053730 0.452153789082
1.000000000000 0.397366277362 0.460291707798
1.000000000000 0.394958249559 0.415737064420
0.961027773590 0.403878709630 0.443979717118
0.964225973189 0.403709207477 0.452070493455
0.604344745356 0.391854679837 0.153144097232
0.666380681996 0.369346592939 0.092398928816
0.524615176694 0.343496789136 0.192828459514
0.494249460268 0.414511982989 0.168204864541
0.479020691536 0.380779320784 0.186669142872
0.493450451708 0.383301937925 -0.000000000000
0.464378004999 0.377098197008 0.177320490581
0.462323324300 0.360475248826 0.168425281801
0.452175705937 0.415076336732 0.130537047849
0.452246303044 0.415123495960 0.130858326515
0.454652838158 0.399407279749 0.147778839626
0.454298391016 0.398305155509 0.146463939519
0.529132968432 0.250080352104 0.142820661084
0.522849819901 0.253413940222 0.149496536845
0.505921366347 0.253301046643 0.140639120514
0.534426129799 0.265113885131 -0.000000000000
0.530134408838 0.227072347505 0.075412519950
0.559062038598 0.229727709927 0.097816597357
0.710479828218 0.350567725956 0.034310675284
0.680456256943 0.349585246511 -0.000000000000
0.614590106179 0.302158629743 -0.000000000000
0.641841689419 0.287492378293 0.057010772273
0.739452460460 0.460053770324 0.754627724984
0.789926652048 0.462942629429 0.816054042811
0.794344311717 0.467119285355 0.834207301555
0.772084376703 0.481511409941 0.683891969797
0.844720151537 0.577602519725 0.714276993266
0.846469961167 0.523018739421 0.754350487914
0.820078885310 0.497589506243 0.667139445999
0.816835972979 0.497328811013 0.663616224143
0.848471410977 0.526904713158 0.673982699747
0.844557563712 0.599265255129 0.678981303045
0.835468524877 0.620074347269 0.688776053522
0.743295948347 0.568004321236 0.631487121060
0.806195108188 0.543334369525 0.634743409220
0.821163124022 0.525470455845 0.643638197254
0.848162398126 0.538356917198 0.663456053100
0.846187511706 0.575291453605 0.665174929886
0.677758902822 0.517969579783 0.879635569476
0.672767384275 0.533815280561 0.871230092445
0.647968729272 0.526205990699 0.858656043078
0.653450550308 0.520808919708 0.863828736491
0.724185317704 0.690078443569 0.715882955591
0.662657048135 0.574799746330 0.644124888543
0.707936279737 0.612576009932 0.647933750972
0.614713179668 0.504101356774 0.769500983907
0.622832217822 0.616739306577 0.719039058589
0.611169782303 0.541858265961 0.805203105864
0.613724741910 0.507108964189 0.778275896796
0.640764159289 0.541944821803 0.671049095605
0.622035130235 0.529457016533 0.711996833377
0.625989264766 0.589542179944 0.688243693507
0.641115481715 0.575318399422 0.661565860049
0.649277184934 0.570355032429 0.649994406190
0.644574183533 0.558482217496 0.659038147071
0.752666204894 0.681612255361 0.701789432031
0.729626176909 0.690273979763 0.711817801366
0.734423634758 0.676119872074 0.693316180502
0.808799706335 0.565364959330 0.523523868114
0.789763392582 0.537113217021 0.583034696046
0.655397812095 0.571716571479 0.639623345130
0.730853334640 0.480986391960 0.499029049219
0.792427813570 0.467161705114 0.476198980833
0.812155979109 0.630353590951 0.454851146075
0.803268851452 0.483196265472 0.442235243144
0.814943570909 0.520228600281 0.432003325051
0.814945818218 0.520452780750 0.431919702974
0.792666865220 0.686465720680 0.433330885096
0.574118763681 0.481473037460 1.000000000000
0.587435230808 0.556364861957 0.854434473431
0.801659926217 0.647668199790 0.976945715223
0.822997265950 0.640425265779 1.000000000000
0.508807496406 0.644546034454 0.875571690095
0.488462503218 0.592104380032 1.000000000000
0.521138553075 0.711301638502 0.916030222352
0.513549598637 0.701855339335 1.000000000000
0.512831670397 0.699899015212 1.000000000000
0.514172609817 0.702968590460 0.990517092742
0.593683558042 0.472484837674 1.000000000000
0.674367992084 0.474937852263 0.928986741101
0.769277949447 0.471321306657 0.981835746730
0.776078511006 0.470376723984 1.000000000000
0.791350574714 0.490533567184 1.000000000000
0.776967203201 0.470858138699 0.989686723423
0.850515501241 0.208564320529 0.529998112827
1.000000000000 -0.000000000000 0.544583151311
0.866478827432 0.055167657608 0.415622279045
0.869420674339 0.315280878359 0.382066072387
0.879001281079 0.166537491476 0.315874386795
0.937139614926 -0.000000000000 0.344577804624
1.000000000000 0.357256986028 0.504504682602
0.945589337167 0.341175803630 0.520361427509
0.961497392244 0.338776440979 0.523552932461
1.000000000000 0.358577896072 0.373136246859
0.881534958188 0.244206182661 0.293306658705
1.000000000000 0.105409890878 0.265635350857
0.881732421878 0.240895532850 0.291952995180
0.880979071632 0.197831617153 0.299527268458
1.000000000000 -0.000000000000 0.309111459016
0.987260841638 0.062511598642 0.278164035129
0.977840231766 0.057997595758 0.282841171795
0.970790089267 -0.000000000000 0.316010766795
0.915554145882 0.000773573771 0.581726859659
0.916412900814 -0.000000000000 0.581435034251
1.000000000000 0.083094298063 0.269398039454
1.000000000000 0.032405635471 0.291508675935
0.993429759087 0.058950026764 0.278641602722
0.993938324555 0.069236197260 0.274254444833
0.413837904709 0.277211997927 -0.000000000000
0.495960078126 0.214658512072 -0.000000000000
0.312209018755 0.269831771800 0.123393317397
0.209899955705 0.239524700918 0.019404925515
0.201479524428 0.235942989320 -0.000000000000
0.223415431650 0.192800648918 -0.000000000000
0.201436539418 0.235844826600 -0.000000000000
0.204403224013 0.229797782867 0.015900723725
0.238771996405 0.161668034595 0.070973150671
0.286301303189 0.139159643008 0.128692108394
0.355939149057 0.189491461291 0.191834177046
0.319000157063 0.137019988218 0.139135116643
0.410913893165 0.146369553747 0.134797111742
0.378583360076 0.161703256450 0.179462976625
0.375842871758 0.176134949830 0.189208331653
0.475568071362 0.179156067610 0.074268770655
0.665453298737 0.413018464558 0.162746980461
0.587401100791 0.360283193934 0.215174531481
0.549355140196 0.309661646407 0.201512309165
0.536545975281 0.343682216558 0.204636494121
0.526212491655 0.253113040349 0.152661528712
0.638823502527 -0.000000000000 0.731333281131
0.645983133853 0.105361721148 0.754350311263
0.750883245871 -0.000000000000 0.785688213531
0.718915086284 -0.000000000000 0.866263974197
0.748416882130 0.023898577954 0.788924998084
0.710384980287 -0.000000000000 0.875888905412
0.561227005041 0.138175599586 0.789501092942
0.570603081581 0.076466261716 0.892666365440
0.435766534486 -0.000000000000 0.796654327092
0.435285806836 -0.000000000000 0.799801370854
0.445660585928 0.023735318945 0.799175524422
0.450152931311 0.032989123133 0.799954234887
0.519727547194 -0.000000000000 0.927760062888
0.442835871513 -0.000000000000 0.817056995195
0.455749735328 0.020717064544 0.825329019471
0.521202373824 0.011463427922 0.924172785256
0.883607668315 0.619246367701 0.613904563410
0.892223475566 0.737715687693 0.493827833774
0.899824296667 0.731539574424 0.486844266535
0.879946236759 0.725315378940 0.483129757401
0.815197150912 0.520204773610 0.431897499525
0.556358188429 0.426558434612 0.647158108298
0.596243355801 0.460091034860 0.696383218224
0.493204008856 0.447409570098 0.710049666272
0.596338696714 0.473576323632 0.759369289293
0.593333392638 0.475294299426 0.726406544299
0.600053058698 0.463467873391 0.763579555673
0.641176976102 0.336162220324 0.739794146536
0.433387990138 0.372650119014 0.752840459402
0.454157935232 0.433350886110 0.744149351940
0.460007773328 0.432455523999 0.777189792240
0.446169855731 0.384817396779 0.797175015087
0.446707328182 0.383950527626 0.797535072086
0.445865033310 0.384233731108 0.796696646481
0.571576383384 0.297448855329 0.833137709340
0.602581938835 0.316385636587 0.825076559810
0.612371182748 0.254649343558 0.815801922352
0.621149202828 0.260589359289 0.813577241832
0.654464967675 0.256689151161 0.749442030014
0.678092234617 0.877525728009 0.309321225860
0.635993704452 0.838085592802 0.277121151868
0.646123452998 0.866610096705 0.231385804041
0.485111025751 1.000000000000 0.254349144344
0.627252880430 0.920361396738 0.158193570555
0.764497812998 1.000000000000 0.258732903633
0.683835318198 1.000000000000 0.163857647690
0.645440123468 0.932747814987 0.154800121130
0.671037251267 0.908674654113 0.197830640358
0.516889053463 0.871096585353 0.282887401769
0.521670806154 0.863561459182 0.278495840366
0.750305222061 1.000000000000 0.299730614430
0.754427928049 0.971142401350 0.305607560913
0.765043403436 1.000000000000 0.260586418612
0.463953522464 0.921074052526 0.264872538577
0.466789165924 0.979997818671 0.254798313506
0.482673881098 0.911645469368 0.220589594596
0.473802379934 0.898883956518 0.242536196892
0.459799577993 0.301555325839 0.850796346563
0.371807432362 0.215991734976 0.822602686463
0.390340144233 0.255903555814 0.919694958165
0.369431953139 0.222599719238 0.858976389993
0.388320103336 0.240920838590 0.939295772666
0.413103995083 0.191027747055 1.000000000000
0.376032243768 0.209335733996 0.929613321690
0.383597401856 0.192374196771 0.951329048654
0.398695879423 0.200798804815 0.989496560764
0.398185027338 0.201999408663 0.988023404834
0.376621336570 0.210419099835 0.931010158038
0.558278802354 0.295384370502 0.844474681423
0.398909317066 0.152181932685 0.797783816081
0.609834283985 0.212304368757 0.875789999830
0.605950454579 0.245750156352 0.824081622962
0.578127501533 0.094193683893 0.898906930344
0.588871353268 0.176859170605 0.988714519034
0.587023638761 0.176758312824 0.993180006393
0.581638074970 0.172071847980 1.000000000000
0.520641349124 0.064230436005 1.000000000000
0.449847425169 0.033669316897 0.798916599515
0.470180913429 0.079439599649 0.767838896217
0.561263607891 0.140620803787 0.786846227650
1.000000000000 1.000000000000 1.000000000000
1.000000000000 1.000000000000 0.839792657443
0.878629762284 1.000000000000 1.000000000000
1.000000000000 0.673091912103 1.000000000000
1.000000000000 0.795188019079 0.871336768498
0.879290065054 0.912253439977 0.859683858274
0.887503986464 0.865887938163 0.866390911016
0.844389884502 0.764395411640 1.000000000000
0.831660195735 0.815017129798 1.000000000000
0.921040320347 1.000000000000 0.843963973804
0.902066453733 1.000000000000 0.856647642945
0.895593109257 0.970163301612 0.849903608361
0.074231578735 0.709529097519 0.700048889872
0.015601239145 0.712892780506 0.626415860836
0.159412080456 0.832627112893 0.699938447190
0.183269848740 0.776970871251 0.718603424600
0.194980601417 0.779107545081 0.700476644234
0.159391750672 0.833213358203 0.699423368393
0.146513361457 0.633143715907 0.737466186398
0.145769343936 0.633299852152 0.737211740908
0.118206457635 0.609883304591 0.684337355596
0.120531068694 0.608736303213 0.684151560695
0.156888278276 0.613837061742 0.715527213367
0.229990927611 0.666582528184 0.613303506548
0.223409595749 0.642911805964 0.617258347470
0.197344847433 0.639725975777 0.591051325570
0.009109642529 0.742036892077 0.594189331312
0.166127804678 0.720860575384 0.547727039016
0.184997909215 0.694944522793 0.552409290244
0.176351625445 0.686037876712 0.547345133471
0.166576985681 0.694008022404 0.544153693040
0.137467632572 0.843431125213 0.664392202844
0.045558654688 0.798174589603 0.591243962262
0.113241004939 0.831436434098 0.591043801779
0.111387338089 0.824357954383 0.576267324088
0.069948595360 0.810154526593 0.585987655374
0.278839580993 0.611947299831 0.660583523816
0.181989394863 0.598168419765 0.738882190403
0.373231329581 0.537586655077 0.735014129168
0.312273427730 0.620350525880 0.672768067160
0.366394287073 0.615130954169 0.700173522721
0.364863051843 0.635812524935 0.716066840231
0.364890753239 0.636492769773 0.723317182026
0.192564277767 0.433043995315 0.693306246757
0.152396975684 0.434646746986 0.727405549466
0.226363456974 0.412315612702 0.717550683761
0.372734027773 0.555049613356 0.817000327259
0.334176933491 0.532313831865 0.858978995840
0.252120772656 0.465438509375 0.863507878674
0.186907453970 0.397028474145 0.797105005786
0.205091877648 0.611559022584 0.828857856454
0.366293686686 0.630330752581 0.800167477537
0.370214682069 0.586499963546 0.824725948270
0.334255069638 0.554550041482 0.862250958207
0.256206570186 0.588731971487 0.881008524364
0.269494163729 0.627599594574 0.850755978221
0.277051956631 0.628819073886 0.846196889051
0.165330619133 0.417118611881 0.795519678639
0.160670758595 0.413115552207 0.778294433937
0.171889343655 0.403935118292 0.792625095272
0.207284416272 0.551097198501 0.881165037290
0.208517679716 0.564133372400 0.877232385958
0.217900306163 0.562895637314 0.883918158222
0.211112598067 0.551764695558 0.883465465233
-0.000000000000 0.712760199811 1.000000000000
-0.000000000000 0.712406296404 0.995121365668
-0.000000000000 0.684818924245 0.965158505996
0.142163184602 0.610349654437 0.886332306581
0.116132144004 0.666068390733 0.946472492266
-0.000000000000 0.581038452333 0.979927627977
-0.000000000000 0.558115573845 1.000000000000
0.069953268849 0.499684989061 1.000000000000
0.175865867528 0.542516537888 0.885028952056
0.162612230827 0.558334686719 0.880871683996
0.169590561355 0.584706964824 0.872729078691
0.189326485984 0.530284247482 1.000000000000
0.242918394945 0.623011091927 0.997186662564
0.243120849663 0.623140546389 1.000000000000
0.243783776397 0.619148466237 1.000000000000
0.243227747125 0.616808337482 0.988133308979
0.329028901164 0.535767997896 0.562347435959
0.284363248200 0.609505824863 0.639235033590
0.396594562877 0.495632252032 0.679801404403
0.284283113329 0.616068862077 0.648589324769
0.276944682788 0.391619715639 0.663740307701
0.299465351593 0.521001566696 0.546393616579
0.275673059531 0.524534155225 0.549764119595
0.248103759330 0.413246717350 0.608676946791
0.248429748680 0.421033054752 0.600495827204
0.231655167031 0.450919584182 0.590932088773
0.208255533488 0.430899837463 0.639299838664
0.391938118119 0.546775825882 0.618674431578
0.398304541083 0.521993396758 0.652762881927
0.395021052059 0.558111589057 0.636907744209
0.574152121074 0.462343862970 0.477309267993
0.571354267764 0.468737050548 0.482630345261
0.551742120824 0.488175280262 0.425655571030
0.599303006602 0.506943351372 0.581791562906
0.646273859388 0.432951842419 0.542210081134
0.627236000169 0.497073451544 0.609186748419
0.695036692308 0.452751696959 0.511283243847
0.577369206800 0.585023849926 0.571293235963
0.544174597208 0.498348134370 0.413599606268
0.539572513192 0.508728919437 0.421850032704
0.649581191362 0.569921574198 0.643745518173
0.602479659077 0.593786600296 0.598681774670
0.000000000000 0.000000000000 1.000000000000
-0.000000000000 0.290425626767 1.000000000000
-0.000000000000 0.279758147568 0.952170000161
-0.000000000000 0.130365286848 0.833304516538
0.113426200213 0.233072375271 0.873850294785
0.153408981306 -0.000000000000 1.000000000000
0.188021004774 0.113846359823 1.000000000000
0.185690474111 0.110963392763 0.966021354142
0.149653303688 -0.000000000000 0.912235646954
0.150362685916 0.002330180584 0.912257880908
0.155931774447 0.053341829733 0.902675946990
0.085953843789 0.083306362984 0.823002753199
0.077019739698 -0.000000000000 0.838813302834
0.084530959224 0.081147509581 0.822208179287
-0.000000000000 0.055694021218 0.808774503261
-0.000000000000 -0.000000000000 0.820051112716
0.055941418109 -0.000000000000 0.830335231006
0.068883118853 0.071758915676 0.818185059958
0.308262388997 0.917792384158 0.105158255656
0.275173746916 0.928259657708 0.226253664089
0.307359942173 0.897767652277 0.084626346901
0.258016772851 0.853425618562 0.194854353398
0.267550067754 0.868619188369 0.215852304546
0.309526824979 0.889464094905 0.081495340441
0.299288619023 0.878023970162 0.087999056458
0.333438427030 0.809022692766 0.175075955349
0.257698918731 0.826852216228 0.164714962654
0.277268187667 0.839916155270 0.115692470353
0.346329702641 0.986424500836 0.249615474400
0.291134414180 0.949954011331 0.261912129730
0.291423495559 0.936092926905 0.264476057286
0.323423653430 0.895640846603 0.268868005718
0.390264741959 0.822239037588 0.190014221071
0.334008714543 0.809048298995 0.175334506311
0.386512194833 0.835872312152 0.226769985579
0.397781929766 0.833342637447 0.216262859839
0.383210368238 0.872848487187 0.267200534182
0.391560749465 0.843053612323 0.236913234721
0.400171093093 0.840736651819 0.228199289444
0.398158894691 0.883522032141 0.263721301710
0.804271675417 0.710775800564 0.181525148240
0.832048954947 0.691061866295 -0.000000000000
0.717399591352 0.846107321149 -0.000000000000
0.725020118877 0.816909386947 0.046666507665
0.740648619428 0.826775112941 0.079927528278
0.739800068589 0.824471846385 0.080913408024
0.725734463927 0.824787571723 0.050819906020
0.719877733779 0.844211413815 0.015017344534
0.797643621529 0.674716748203 0.155304238882
0.824706763422 0.664528777514 0.090066404616
0.846281658773 0.681069296837 0.129432680013
0.801933637048 0.678740047798 0.165852651551
0.889908845838 0.756750932867 -0.000000000000
0.911821081702 0.758149807926 0.116204025372
0.888497484272 0.808032608051 0.163532145229
0.867079139663 0.885944800335 0.105703192338
0.880009380011 0.940486562663 -0.000000000000
0.908514800008 0.892391421484 -0.000000000000
0.917540512038 0.785743488109 0.126552945178
1.000000000000 0.678192021873 0.351779749439
0.941895691307 0.737155172975 0.472736636439
0.927606991328 0.685572340414 0.333128138570
0.850464323592 0.494594961965 0.420313701989
0.815556665191 0.655453580078 0.326626231606
0.809540104099 0.622860256453 0.342955325022
0.904275416733 0.640362343685 0.138771193333
0.832775247447 0.578210897657 -0.000000000000
1.000000000000 0.646521470206 -0.000000000000
0.987739249150 0.651969877908 -0.000000000000
1.000000000000 0.680999436370 0.164654791775
1.000000000000 0.673392946000 0.170844510084
0.941996232321 0.661696185336 0.155450287749
0.988894497408 0.684362640853 0.157148247377
1.000000000000 0.496660410325 0.084997107451
1.000000000000 0.456974593012 -0.000000000000
0.874267931593 0.441075978231 -0.000000000000
0.901698037237 0.470644404762 0.055899540024
0.653620896667 0.659657721446 0.221400060623
0.697346595009 0.517769169262 -0.000000000000
0.698191844844 0.516176063250 -0.000000000000
0.697923891913 0.521569839938 0.007954745935
0.697816212716 0.515724128088 -0.000000000000
0.521269831793 0.577736398234 0.230824305732
0.679646060219 0.620068257221 0.175630248673
0.657538014986 0.658139082577 0.223023379677
0.527056939390 0.578700523459 0.236986919622
1.000000000000 1.000000000000 0.426485329827
1.000000000000 0.910543225854 0.398745407429
0.879643183427 0.879911332605 0.362904458025
0.857720520445 0.880228398438 0.358204616362
0.842164966486 0.878860737932 0.301705336923
0.862812685245 0.877716014822 0.277888009922
1.000000000000 1.000000000000 0.246389548905
0.869963959725 0.879881399607 0.266787382921
1.000000000000 0.912756045522 0.313966204382
0.877806849126 1.000000000000 0.178128279176
0.766290562594 1.000000000000 0.259070846922
0.863438897162 0.914073333066 0.236658172688
0.742979958692 0.987805741550 0.366450604673
0.740432242994 1.000000000000 0.369674346730
0.754573272227 0.962833379654 0.314679598598
0.217927988034 0.947677420988 0.341150673921
0.301958410214 0.861353276985 0.331452186505
0.213216305804 0.980879063641 0.311436288024
0.179776611751 0.784660007070 0.276601140534
0.107386032721 0.806808185553 0.267149944049
0.133159303708 0.777075390054 0.180457887958
0.151182602512 0.792339840834 0.174838885571
0.083557126356 0.830204289536 0.214776449584
0.127580611240 0.785312865786 0.173072120901
0.126804273347 0.784650033771 0.173317906048
0.128440085540 0.778158157638 0.178353283363
0.074234022694 0.805834126018 0.216996119893
0.073697270888 0.809429057510 0.213738016195
0.166889502721 -0.000000000000 0.270228353229
0.145682200567 -0.000000000000 0.178268857727
0.198080415635 0.173448780513 0.309349964024
0.251163320762 0.126973331501 0.322482861682
0.340222561325 -0.000000000000 0.336851310659
0.412781627224 -0.000000000000 0.325123000048
0.159922131874 -0.000000000000 0.138774868365
0.196276785240 -0.000000000000 0.116105930378
0.221596198548 0.128144538344 0.130383598647
0.251860204391 0.094841929697 0.103698943621
0.249996070619 0.122088559961 0.111253994777
0.195514583080 0.194285454370 0.286675825784
0.208834708590 0.203065852089 0.260878251090
0.228742200045 0.189935763354 0.311843817974
0.199644769750 0.188463979212 0.307811602859
0.422138608392 0.022434180317 0.318528443576
0.363034688496 0.209876290461 0.285619819677
0.372927849992 0.199132312881 0.224521931510
0.356263384029 0.204325594333 0.216777676234
0.329317327831 0.217826653820 0.248021305531
0.376276757403 0.203649844321 0.284889900339
0.374488645006 0.205583596033 0.284740866335
0.375709727895 0.204623946487 0.280342178113
0.833548885492 0.109450530006 1.000000000000
0.717879615420 -0.000000000000 0.876330167609
0.744194796471 0.030503159658 0.887855235235
0.828241213928 0.061489360613 0.948203818986
0.845464236900 -0.000000000000 0.984607181807
0.848602148980 -0.000000000000 1.000000000000
0.850408106807 0.091957693292 1.000000000000
0.841654861809 0.059903036246 0.960149617531
0.602814936859 0.183220768029 1.000000000000
0.586132555653 0.177290646854 1.000000000000
0.513977624277 -0.000000000000 1.000000000000
0.385693648084 0.426551968275 0.244996708681
0.410205062457 0.426700901072 0.224759228699
0.345114726030 0.497037136364 0.151021886854
0.419094673220 0.477260012743 0.126395457171
0.264988629341 0.324915471445 0.197190905939
0.302576851342 0.310962432007 0.145431412170
0.296762412827 0.320288646414 0.134183935449
0.254790787534 0.363325983222 0.118224975058
0.242630759137 0.364657195271 0.144738694698
0.242690002585 0.363925275308 0.145344127652
0.317457273669 0.519958521867 0.105669926476
0.244402551144 0.410558150007 0.112382647267
0.243769200740 0.400771424980 0.105559341841
0.247368224882 0.398695078469 0.099415649920
0.324285172072 0.519935728928 0.097063686749
0.350675660785 0.478586579912 0.031673784082
0.364332633842 0.479398820999 0.028333461598
0.919759967070 0.688295887937 0.298572200013
0.874362270036 0.815975926115 0.250450575038
0.864277174580 0.863597418345 0.265878198126
0.859521693755 0.850415298463 0.444198287345
0.926135022028 0.828238906427 0.519444789046
0.879475836593 0.833829909932 0.495312849502
0.802854638502 0.734487352224 0.462299988976
0.931458990220 0.811842830979 0.523158894964
0.894930256121 0.761847795376 0.507580758012
0.760474321066 0.722158679756 0.401360294305
0.734827245674 0.719793005349 0.308501237409
0.735220303883 0.721642214790 0.305118386141
0.743169128311 0.721839178025 0.296418157355
0.781738653752 0.710221530250 0.274384854373
0.831439146890 0.664222243683 0.295799007370
0.833319472737 0.226713835595 0.301534282429
0.839468970453 0.222150822002 0.303053586593
0.810868538143 0.229808772747 0.297563744577
0.636244939004 0.196078650614 0.273397904873
0.624980254659 0.048109455040 0.288781161123
0.584438596933 0.130160286439 0.361836262817
0.599666839597 0.160961783341 0.416137184620
0.567175724671 0.171887466522 0.393138978076
0.590866373411 0.159419736577 0.406323326198
0.606173288907 0.226687270866 0.349064539449
0.604806259570 0.217277883793 0.328828380471
0.565944330950 0.202147815476 0.396157210434
0.582928767968 0.217222633104 0.380407195610
0.592307733151 0.222239842584 0.364407288761
0.593520596100 0.216616253588 0.348488378090
0.561548292323 0.192705205759 0.404226831922
0.561358656682 0.193238720117 0.403896901509
0.561290113785 0.192739229250 0.404002043615
0.556644184186 0.465041936286 1.000000000000
0.419691011309 0.505009243430 1.000000000000
0.415712552610 0.552747078637 1.000000000000
0.348279574293 0.467206789822 0.873678777227
0.429240345258 0.420589789889 0.824156188993
0.448575724724 0.451150665941 0.795262507686
0.498754891341 0.648477779605 0.847433455125
0.579153346649 0.559213370528 0.829611651265
0.673495865076 0.825926205688 0.401320195580
0.677521317755 0.889821587812 0.413251721191
0.680884179572 0.786022435027 0.313754753294
0.746516787623 0.960440387832 0.439840840854
0.683751537868 0.934418534647 0.393905463616
0.688705685731 0.882353665760 0.317564076498
0.725820480168 0.992903004998 0.401340550972
0.732555784336 0.721394810547 0.305379002910
0.774692582949 0.889660946646 0.703934965256
0.967416585178 1.000000000000 0.701051571441
0.913398023927 0.935774755147 0.711500974108
0.861913833718 0.917104706434 0.824801350116
0.806792206618 0.899170558029 0.792536907551
0.690021853187 1.000000000000 0.659218361736
0.741542425295 0.909012569969 0.693332594314
0.714432477788 1.000000000000 0.819543843626
0.735576308400 0.957389312802 0.815921699474
0.768787970678 0.935065505289 0.818401028408
0.866360475010 0.927482024466 0.836306811230
0.174221451352 0.442047081736 0.503735378755
0.168859792634 0.396496128947 0.473695576455
0.186789857263 0.462843687672 0.532049776451
0.186674871490 0.415512941819 0.418798097166
0.193582532122 0.416393985155 0.409074867826
0.192321453772 0.411970238127 0.412432868428
0.184397016015 0.411122239918 0.423526888775
0.253257330041 0.399638950460 0.596983746400
0.245406005519 0.322056086222 0.547667148086
0.261420368354 0.522220166829 0.546505355584
0.219105004299 0.461760446964 0.578136141967
0.348477766110 0.313788532084 0.445670450995
0.277566229393 0.351015786771 0.576222873545
0.255077941366 0.316817510245 0.547878851295
0.268400950940 0.526775366201 0.545463898119
0.406278855344 0.335246867445 0.417792693074
0.396452727128 0.357611597650 0.461969247349
0.365732486238 0.522974283554 0.482797508245
0.291033659952 0.463324433989 0.354599113968
0.299307008024 0.469962519810 0.356335277601
0.335286514853 0.432704856447 0.365961959914
0.353922393792 0.537673194446 0.425059687651
0.352622735323 0.531684671976 0.412932323620
0.374763535092 0.518532117112 0.422395004280
0.370305406303 0.531778176494 0.438629560341
0.405781389847 0.341835579177 0.413324003759
0.398997949242 0.380474773160 0.387984470371
0.402064514028 0.382356547685 0.390635805076
0.732314766188 0.249974568836 0.474113510593
0.853966942838 0.316513546706 0.380546948438
0.666418430058 0.353835607202 0.351094773083
0.728803917924 0.391060402599 0.340337832988
0.779859176051 0.406711448046 0.419761092887
0.739225342789 0.378252321172 0.451861929416
0.837874272952 0.227096220405 0.301189343080
0.642079516530 0.330262760547 0.354059178097
0.860311489393 0.246885963667 0.292486556672
0.845001964842 0.231514928149 0.296299093444
0.834766954449 0.234936335321 0.292199524205
0.853830165032 0.250025506506 0.289418267562
0.580951516894 0.256758643825 0.395513893263
0.668728095780 0.287818236203 0.513140551787
0.568807469722 0.221103453878 0.407802480488
0.665718459848 0.252257095044 0.520069082019
0.663856820628 0.260510855290 0.520239584152
0.651023871705 0.273006635983 0.509742704437
0.568963396690 0.238591300076 0.412567238907
0.146176556882 0.305379386031 0.376514274535
0.159564616974 0.356119576397 0.317945015284
0.158855105762 0.357973599623 0.319432207245
0.215803576408 0.451839316977 0.302388041969
0.199754887842 0.462365252183 0.322783063082
0.214658882757 0.471016521925 0.311612193942
0.163247274600 0.214543483721 0.357184019205
0.159931984693 0.221092242593 0.364885591158
0.366134637109 0.370366224325 0.352660044879
0.220252075349 0.215808527790 0.367490003110
0.164115374314 0.212173289000 0.357991610487
0.163036402260 0.213389880390 0.364439689320
0.219309721196 0.219042649539 0.384314288660
0.385803591942 0.383165716588 0.371382456626
0.340912768703 0.263000116714 0.433370754968
0.396663844743 0.272091400981 0.402623945251
0.389716802757 0.266569074787 0.385329810574
0.387385843225 0.337812373520 0.365494864246
0.395270550409 0.378066361696 0.378598934435
0.406775359853 0.334718544078 0.417316345286
0.158334168038 0.471696555158 0.516707307839
0.050666746146 0.540477310754 0.497525599633
0.163399256806 0.462649039921 0.521770641381
0.197333624224 0.625520904944 0.577373990119
0.263213176571 0.530713198553 0.544646668255
0.255908095403 0.538878689272 0.538868473056
0.184501650991 0.630033747448 0.527826795351
0.006669511230 0.495806352215 0.541792148412
0.062529556244 0.458612960618 0.552824044159
0.082066615166 0.454420919140 0.664096420407
0.082100913561 0.518303423725 0.658490130972
0.006108240778 0.467433013796 0.641354101522
0.025654900027 0.453577274520 0.648130186665
0.824267955555 0.814673025397 1.000000000000
0.731674962300 0.917530061736 0.841744710210
0.808402064610 0.796773556677 0.787770013551
0.769929744627 0.741070645504 0.810602998281
0.721120848006 0.807488151185 0.844559763125
0.868533708756 0.857375614387 0.825243420806
0.818069237109 0.759696505359 1.000000000000
0.828635298615 0.744966587821 1.000000000000
0.808444400011 0.731161096179 0.969325572418
0.794922685900 0.746881686533 0.967037237610
-0.000000000000 0.320252488095 0.759666036805
0.117242076413 0.334716753048 0.837136479539
0.177666635419 0.221362316559 0.721285229116
0.145871162739 0.220711058855 0.685828489432
0.091456018704 0.090676653604 0.816031439531
0.063913911372 0.399123668551 0.684864447907
0.155258999949 0.363691903295 0.822218603477
0.171711517637 0.387060446068 0.797908898267
-0.000000000000 0.376034973957 0.667697860400
-0.000000000000 0.233744679269 0.614580167468
0.064250872273 0.257292646308 0.614018045096
0.056383371367 0.333653500279 0.643669176720
0.032150447194 0.392090172093 0.669011357730
0.333329256957 0.955877572468 0.473693333835
0.327591419979 0.963380629969 0.459552022988
0.492813274535 0.903004903199 0.497665229379
0.500098665782 0.899726937159 0.489319661085
0.404427568654 0.794608151979 0.444066258416
0.527824374490 0.917042450497 0.442127745557
0.527618673592 0.909062296815 0.446545080924
0.508926166235 0.848972479793 0.430315138509
0.503303864618 0.837001671358 0.421601172796
0.299427743814 0.863179655615 0.437344928042
0.351212009831 0.839868918921 0.374017538215
0.352465920120 0.834268567800 0.381138508482
0.350797662962 0.799973730407 0.485889707861
0.308307881074 0.840691140044 0.462977422198
0.306665766163 0.842053156873 0.459200831082
0.343656758672 0.804467451897 0.449940417950
0.358374776637 0.791381934161 0.471793668972
0.467816784721 0.981016986269 0.328598479522
0.514993291214 0.942975279529 0.388800887272
0.487723800760 0.906924763972 0.332714350956
0.464898616877 0.925519723213 0.303656383071
0.716219558679 1.000000000000 -0.000000000000
0.439115733184 1.000000000000 -0.000000000000
0.461764565659 1.000000000000 0.260482262961
0.482369933956 0.875608454613 0.102740331584
0.455937305042 0.939032567816 -0.000000000000
0.597045246144 0.901355255039 0.536181243346
0.679991834569 1.000000000000 0.588486413449
0.659209834202 0.831362186023 0.458912687708
0.621351459225 0.830108002647 0.470459609339
0.723116839662 1.000000000000 0.574177017952
0.785834463404 0.889537969505 0.544159703908
0.687643716030 1.000000000000 0.621827905590
0.768506398185 0.964689242310 0.530541133861
0.771273070385 0.940234929905 0.509833569020
0.784726930617 0.928060817494 0.526734776050
0.610340917510 0.885632904005 0.643382624151
0.631855197805 0.832389202383 0.645669736270
0.663283334724 0.824803471326 0.645958071580
0.716799028700 0.875732629978 0.643672381497
0.680501402670 0.984593239333 0.638986043985
-0.000000000000 1.000000000000 0.327524924039
0.158046029777 0.920470131798 0.393769758306
0.185439555386 1.000000000000 0.321831813386
0.190106124431 0.906100823198 0.392088320891
-0.000000000000 0.855796146536 0.373718903345
-0.000000000000 0.978613891507 0.346643364015
0.053215277889 0.927311361325 0.390872305984
-0.000000000000 0.815929653328 0.365381453068
0.109726040451 0.801156484431 0.366822178654
0.217602785933 0.946447540126 0.350199140544
0.209369990908 1.000000000000 0.312340303416
0.209500094649 1.000000000000 0.310271142847
0.102961483159 0.793366102455 0.352861921065
-0.000000000000 1.000000000000 0.276250832964
0.133136210002 1.000000000000 0.259419967560
0.083041376495 0.886357456661 0.218278673269
-0.000000000000 0.862815008045 0.218941766309
-0.000000000000 0.791662761598 0.326694953763
0.037186050905 0.781891772955 0.319587803208
-0.000000000000 0.839531159883 0.217495047904
-0.000000000000 0.815935138582 0.240460398054
0.059261051166 0.800401815147 0.228998887369
0.518726881709 0.666090992718 0.299593517302
0.545849426600 0.770184011915 0.372151522990
0.504319278850 0.717228339208 0.331723475235
0.518870166649 0.766568504847 0.433933331695
0.556379598959 0.953625177692 1.000000000000
0.472136725098 0.946487310569 1.000000000000
0.522256069341 0.913424750946 0.895127830621
0.535041277514 0.805742334531 0.909241650559
0.513802366242 0.914080470476 0.898984376833
0.512696845533 0.768720148593 1.000000000000
0.566874523387 0.808754646402 1.000000000000
0.537875717638 0.787078107565 0.913439106129
-0.000000000000 0.358053517939 0.926318838268
0.006110810800 0.438741872448 1.000000000000
0.032353367802 0.429002956306 0.931358681545
-0.000000000000 0.423965041499 0.951571408806
-0.000000000000 0.436780090008 1.000000000000
1.000000000000 0.390740884507 0.321800375908
0.870098429566 0.360983456194 0.167028461749
1.000000000000 0.380444571876 0.358605930735
0.845867721614 0.354149308429 0.128393687602
0.838316872840 0.341835858849 0.171582996128
0.845482913695 0.349973696244 0.156899243339
0.823881692425 0.331025070706 0.159778659052
0.825220666223 0.344636108969 0.067399619307
1.000000000000 0.349550635952 0.008411028136
0.879805817534 0.243216419023 0.291689837959
1.000000000000 0.108751185170 0.245320325164
1.000000000000 0.133585913658 0.203351326658
0.986051508433 0.131897611060 0.204847542396
0.829463639664 0.342579073906 0.049409263539
0.853015691115 0.339992997862 0.016746024629
0.852994014107 0.316671742139 0.037796885148
1.000000000000 0.609089998733 0.756038462224
0.875254952283 0.498290133360 0.861419429126
1.000000000000 0.660810727893 1.000000000000
0.874829275675 0.635311143012 1.000000000000
1.000000000000 0.678705919657 0.918127505239
0.918704028944 0.630161927462 0.673150430137
0.828779631102 0.689278753319 0.710172314275
0.885205460918 0.622371799811 0.665761704643
0.888153732848 0.650910963637 0.671875282231
0.845579415086 0.694163833283 0.703480508671
1.000000000000 0.579040924414 1.000000000000
0.885043876302 0.561207564004 1.000000000000
0.883817227522 0.484324169003 0.911240872839
0.899146376896 0.480701226144 0.904295763427
1.000000000000 0.508902475635 0.918826761756
0.668361278330 0.830722980308 0.832804836398
0.717148111345 0.931338664672 0.838174247292
0.583405425556 0.848409072035 0.859286788616
0.592253384659 0.851839665954 0.862632781388
0.649623526611 0.744731604822 0.734577720699
0.728908922917 0.865517544593 0.656520197255
0.670191472438 1.000000000000 0.854066319000
0.667499318564 0.974376925959 0.863910385687
0.634624613257 0.954970769960 0.870674336497
0.649653816518 0.743765499177 0.732491975379
0.683593705771 0.786372829206 0.680599683300
0.679726809822 1.000000000000 0.644541926412
0.582010763513 0.754075333951 0.750175498158
0.564090030035 0.785376856272 0.787680269190
0.539153612260 0.873617994365 0.677348696221
0.563964786692 0.815476731493 0.679266446652
0.584781100667 0.750007602498 0.741573175896
0.555841593169 1.000000000000 0.805405328330
0.624171340378 1.000000000000 0.853034076415
0.620464235984 0.973792728082 0.863081195859
0.573325380107 0.939556885308 0.846724065647
-0.000000000000 0.580242937074 0.802608403282
-0.000000000000 0.700919502758 0.839306271293
-0.000000000000 0.717083711925 0.832885340276
0.039646501994 0.713902309144 0.820476811073
0.118780841769 0.638611877216 0.823094684495
0.111731769703 0.636100732642 0.826523095475
-0.000000000000 0.551635928106 0.663166879998
-0.000000000000 0.713999745541 0.621357039564
0.205951840985 -0.000000000000 -0.000000000000
0.215780978233 -0.000000000000 0.070693978925
0.249644813889 0.060891243157 0.066971267159
0.238823586988 0.058217511027 -0.000000000000
0.476701319899 0.098428960461 0.072026664243
0.553114571473 -0.000000000000 -0.000000000000
0.546368856248 -0.000000000000 0.082479454493
0.543708279387 0.005643840462 0.081927660528
0.500126385874 0.102002395690 0.049975778367
0.504208434304 0.102013453508 -0.000000000000
0.559833245661 0.443574575463 1.000000000000
0.518919454411 0.358992929693 1.000000000000
0.525873829821 0.357092883950 0.938580597275
0.726108795044 0.259355528114 1.000000000000
0.557929953015 0.296344714633 0.844411906576
0.680114637579 0.259001310690 0.859236270075
0.678673738439 0.265640143668 0.848479967401
0.778857639462 0.428917055045 1.000000000000
0.777616168310 0.467369492630 0.985038125552
0.779177893982 0.451344298100 0.979578659885
0.319636037044 1.000000000000 0.460293506928
0.259621395810 1.000000000000 0.436040724106
0.240621569220 0.910452247724 0.418687850738
0.308311755240 0.853304740865 0.339486747243
0.276578094951 0.871011584535 0.428957219333
0.278996020250 1.000000000000 0.260586808127
0.345419880195 0.839556376977 0.337870495530
0.346042613084 1.000000000000 0.248724187255
0.467192329391 1.000000000000 0.325792978306
0.458545272269 1.000000000000 0.265377316317
0.460117531461 0.925624596587 0.270260276904
0.000000000000 1.000000000000 0.000000000000
-0.000000000000 1.000000000000 0.015980183116
0.168585770993 1.000000000000 0.085344728347
0.156612394372 1.000000000000 -0.000000000000
0.177152062436 0.966346870218 0.138658244739
0.180196951657 0.827593061165 0.128424890715
0.172982896042 0.816112337160 0.074361489696
0.162047734197 0.831678988807 -0.000000000000
-0.000000000000 0.821727149670 -0.000000000000
0.127335931370 0.779979300686 0.118885626288
0.079840671206 0.789448923254 -0.000000000000
0.318264306313 0.756821675926 0.542990320079
0.320215388897 0.756833273856 0.539029234187
0.282764808116 0.675205083555 0.630233542353
0.325270226396 0.702657601310 0.660936075937
0.280820319294 0.618503924347 0.644746914674
0.362624255075 0.744324917715 0.484044450406
0.354467176641 0.722575684591 0.475914084812
0.337239842703 0.686391051926 0.676471396556
0.438013363502 0.591724598168 0.615101943702
0.434623264484 0.571863786134 0.545307332562
0.439075390122 0.615987889459 0.642864180725
0.438761088910 0.599993581355 0.631767024696
0.366741965828 0.639026363687 0.716849740431
0.370249062250 0.642637897854 0.716617348724
0.398704452444 0.543283342801 0.595762175736
0.408194614504 0.541699311206 0.542748071696
0.401751201604 0.535592554880 0.547543045300
0.367475240026 0.524679632895 0.486402935281
0.644949230159 0.423989261333 0.544521341336
0.661220742961 0.354906187504 0.347699477358
0.649402158976 0.348804617932 0.345611862529
0.745128910602 0.403645122448 0.491640099674
0.701157505995 0.345902070754 0.526493515223
0.530764360911 0.481746062587 0.397439677529
0.523916483044 0.466642047910 0.370671910164
0.526064096933 0.463349082911 0.368226477022
0.524618219977 0.409734512833 0.354799789582
0.521225721475 0.407158480092 0.356562937968
0.486651385119 0.403558506620 0.380647740128
0.511181643419 0.463610261705 0.379082595304
0.568802801563 0.328595121426 0.522608554657
0.524836696539 0.326422350639 0.490451158087
0.480236039942 0.305665442533 0.435124259779
0.468752735580 0.345906110607 0.861445927632
0.475909459323 0.335357583670 0.846603002724
0.429912747207 0.409188184228 0.822815976397
0.606013712880 0.489048997807 0.767503942932
1.000000000000 0.098852021032 -0.000000000000
0.995299056658 0.098196895749 -0.000000000000
0.954485606308 0.113906720611 0.125273346770
0.855989543430 0.161609013925 -0.000000000000
0.981590702997 0.130479060439 0.200182103544
0.844036123077 0.178564858227 -0.000000000000
0.847931805449 0.206688093173 0.045812226328
1.000000000000 0.355446605717 -0.000000000000
0.852691935128 0.351723457874 -0.000000000000
0.790268964531 0.080021523294 0.873954476707
0.824997016300 0.110655872621 0.804844741922
0.765615987618 0.229412811981 0.809251479037
0.733024637189 0.225011200005 0.857923999721
0.817480593395 0.087865201189 0.678166050459
0.695184788917 0.154591071665 0.660661068363
0.813456645419 0.082789482023 0.672798241500
0.743815131981 0.262165344491 0.774378926503
0.741599719110 0.260408646291 0.753729087601
0.695801021786 0.256568202997 0.728175135268
0.673115757553 0.171572471443 0.660757913448
0.666870310420 0.208861432983 0.682192242851
0.884000859772 0.611374517584 0.660655077357
0.896436929012 0.743127681983 0.641709014281
0.876716123995 0.732726361203 0.663612914523
0.830395898847 0.710394713348 0.700454209942
0.805977337478 0.699794296914 0.711719065799
0.850324436931 0.711038503511 0.694780133762
0.531461606412 0.754658392837 0.586383395696
0.520352544007 0.757384105940 0.620992225235
0.521960059231 0.784001758766 0.429916132662
0.459504338584 0.802798139448 0.636443647828
0.527393838364 0.781854512405 0.646701498638
0.521236669628 0.771218588393 0.643792667513
0.517037475179 0.808032431530 0.425654624031
0.348208777428 0.793097821605 0.501382034965
0.348966071759 0.785995934253 0.506766561142
0.364512247043 0.762613628120 0.484106693308
0.554026572892 0.910211636338 0.454849493864
0.612290541128 0.835769481570 0.459728474471
0.566835250696 0.730676005324 0.501096466894
0.524628537166 0.793125557532 0.425380790362
0.333687910610 1.000000000000 0.509187099131
0.322701148424 1.000000000000 0.546567275545
0.272315654759 0.883877206705 0.621368366280
0.273008305158 0.865032978922 0.603331597155
0.283365303146 0.819769681943 0.530430742077
0.303372112941 0.805089570837 0.533111237595
0.737444511381 0.836908753380 0.176334718204
0.861840082077 0.898389463229 0.228923283260
0.887707540417 1.000000000000 -0.000000000000
1.000000000000 0.540546130260 0.606831204025
0.947222242446 0.569863166690 0.649208090977
1.000000000000 0.597425209277 0.667755010788
1.000000000000 0.599755205719 0.668807468715
0.904904031222 0.756134007195 0.636213093734
1.000000000000 0.825721615351 0.598340239027
0.977463037597 0.817997946082 0.604581501909
0.936977868126 0.809094428385 0.591681781059
0.980362056214 0.826209758401 0.596471724374
1.000000000000 0.837661388800 0.586253824553
0.944656163371 0.829181714795 0.533433582874
0.945121339662 0.829689464738 0.534459983166
1.000000000000 0.849605983362 0.546315087120
1.000000000000 0.847468171698 0.540474848676
0.815496327659 0.374578987118 0.842147202190
0.723755014458 0.280675488515 0.725540377151
0.700197049733 0.264543167245 0.724255777658
0.763927415161 0.278759405999 0.774193776677
0.747391308614 0.265188194466 0.753363384200
0.823810202860 0.449358100595 0.923274319156
0.824403482747 0.443589313276 0.921270094647
0.376280784437 0.339034863312 0.980540497663
0.377634608455 0.340112220799 1.000000000000
0.350669188647 0.364389987033 1.000000000000
0.344076011272 0.367970984136 0.980042278819
0.340322614894 0.448519712345 0.876583552979
0.544656797978 0.963250907270 0.421850962087
0.548169928150 1.000000000000 0.422031736649
0.401152414224 1.000000000000 0.885984066955
0.316401352279 0.830437364698 0.896045618741
0.358821438514 0.777478019934 0.855507084953
0.350568168268 0.907691484616 0.738452755293
0.470458470388 0.731730583994 0.864540985054
0.538133916459 0.786940876207 0.910991612435
0.512782486856 0.750644168838 0.912779252592
0.515338743465 0.740853561604 0.902179863845
0.539089435137 0.787273205730 0.910121931986
0.502931145556 0.720525068623 0.865240421380
0.533149878461 0.746358544090 0.832616311254
0.514319538441 0.736833207848 0.896612111476
0.511030784823 0.732365386178 0.889158145171
0.333790688969 0.940210991400 0.742426724463
0.274243961231 1.000000000000 0.879538912211
0.263944558403 1.000000000000 0.839136203508
0.263813057116 0.999216352285 0.838848691230
0.271030660663 0.939795791683 0.884476350604
0.398996609150 0.201515589051 1.000000000000
0.170767814179 -0.000000000000 0.904317097793
0.399108682574 0.201496614119 0.998836703967
0.399189586434 0.201561200368 1.000000000000
0.641680994240 0.390823172251 0.235237315621
0.675452174919 0.414555132531 0.204123709887
0.667827156494 0.373911621728 0.245334581462
0.703219920575 0.397909619305 0.213573282032
0.693931786336 0.525250687129 0.303189028480
0.526555877753 0.467886780175 0.368199949940
0.739298597376 0.422732520497 0.261240776808
0.736889579644 0.410680340107 0.250138429580
0.728083086592 0.392599367894 0.338436630795
0.737234565579 0.429690173484 0.337480625983
0.676499015600 0.419343490852 0.165813468716
0.774377096486 0.415593885933 -0.000000000000
0.761710203799 0.387134214331 0.060082965683
0.776964322118 0.402576158823 -0.000000000000
0.768732938202 0.378884204213 0.042431462230
0.588397804835 0.975038033449 1.000000000000
0.673454426882 0.874226364110 1.000000000000
0.665311027212 0.852184447281 1.000000000000
0.617924005281 0.824122417965 0.930272236759
0.872513486137 0.482384626466 0.306388137513
0.848667456575 0.425653355736 -0.000000000000
0.872355904362 0.450104820575 0.043630481230
0.843147994059 0.561785266181 0.227693842507
0.898801408166 0.515334413567 0.258760132345
0.850148396119 0.564060621821 0.232285032783
0.883751088287 0.504208810590 0.301615661143
0.890148659179 0.500015774081 0.129305855449
0.903288686969 0.534597179666 0.214914150951
0.878614584231 0.552142466037 0.215449578468
0.778232588173 0.430304229226 -0.000000000000
0.789684452746 0.529351671806 0.167379357193
0.781250517844 0.510566581357 0.207880228801
0.756655799434 0.427895380509 0.241650582206
0.752068207244 0.402356338161 0.217352946296
0.752982919258 0.380610026827 0.141042957831
0.776205083793 0.349876951949 0.094821786912
0.823590612301 0.331078495992 0.159792928375
0.825678526789 0.380169865303 -0.000000000000
0.777590991317 0.352246421199 0.077273927665
0.822779089906 0.347288492697 0.052834666807
-0.000000000000 1.000000000000 0.620490095158
0.131397008288 1.000000000000 0.623543846915
0.152759802265 0.894418206786 0.603947840486
0.158948107787 0.880359191685 0.614056416119
0.149393468926 0.872316176305 0.599663530458
-0.000000000000 0.904667096505 0.802461291413
-0.000000000000 1.000000000000 0.815474224166
0.175577284132 1.000000000000 0.791586377512
0.176957093911 0.885066069995 0.687050724658
0.185394310212 0.952759553325 0.783802423239
0.155527847943 0.905823335260 0.781459060659
0.158240580165 0.861048847287 0.695108278561
-0.000000000000 0.795863929535 0.581642466589
-0.000000000000 0.791718700160 0.585654024533
0.214831908313 0.425080008849 0.273941973318
0.170283061455 0.295064245527 0.224281252126
0.154313276935 0.272934719653 0.234476413323
0.263636523303 0.319594762677 0.208808181673
0.234734289427 0.338473076485 0.202455944554
0.155068330723 0.251891199707 0.243292176509
0.163352131386 0.205817965127 0.344239342016
0.162100764171 0.207250980560 0.340009646949
0.158563994824 0.217068577822 0.290148895052
0.373148771633 0.220646405665 0.302086266215
0.318308328816 0.757929289438 0.541572876636
0.252469077744 0.613427025360 0.411294487152
0.278859049950 0.608647275514 0.388519122465
0.174713679761 0.652489200965 0.508276905331
0.315230569829 0.581259617508 0.393859336277
1.000000000000 0.487640801877 0.582206851769
0.906533405192 0.532873071618 0.654141817956
0.823197642934 0.438360934952 0.507347512384
0.855059085908 0.486755851502 0.419437427895
0.799812833850 0.453754202085 0.473128646209
0.809306050051 0.470114235109 0.441474937280
0.810900750432 0.455051738076 0.450846731464
0.897538618013 0.495307223785 0.691139200328
0.872484603885 0.337315738649 0.693661827783
0.872773626884 0.309078891113 0.729205977562
0.965931761137 0.346003052903 0.721873726946
0.930078949476 0.328092189540 0.711994286988
0.984633783522 0.430618909350 0.856352244727
-0.000000000000 1.000000000000 0.503303943393
0.103088320250 1.000000000000 0.502271307955
0.128764835740 0.937494799159 0.516559484988
0.151357445575 1.000000000000 0.542529259241
0.153751513921 0.984374368291 0.542744354096
0.145089962794 0.930618239956 0.529391084103
-0.000000000000 0.812006485337 0.547051292615
0.078503377951 0.832963409732 0.541388107896
0.141822201606 0.853098997872 0.567201178946
0.121050991025 0.831124018296 0.566599562918
0.170218290237 0.749289952461 0.399549529702
0.168715141491 0.802585117018 0.426997556703
0.169206642651 0.790098806326 0.415929733005
0.159501297885 0.771182024046 0.388736112643
-0.000000000000 0.591048551626 0.435570868168
0.168315703865 0.654747694529 0.502920129843
0.170807448444 0.647981733257 0.422859653401
-0.000000000000 0.822986694696 0.410115828031
-0.000000000000 0.590844351406 0.433423761961
0.093982036007 0.618481962981 0.387648529637
0.165402602676 0.819311499198 0.530154984556
-0.000000000000 0.740965141618 0.593039711867
-0.000000000000 0.568508675974 0.807549665830
-0.000000000000 0.484886940573 0.797402702127
0.108089529523 0.456796503074 0.843552397718
0.721840464063 0.203140952968 0.539061295077
0.836900107728 0.204560461906 0.535704472269
0.840753712272 0.350915030190 0.576009786517
0.810313794096 0.365882428616 0.581136391911
0.727494306503 0.322586264233 0.571874191938
0.681952413713 0.221747784293 0.545501151080
0.679554095136 0.239878089906 0.550587844735
0.311394760845 0.339832774170 0.672155194107
0.135607592616 0.239632990377 0.542552078274
0.211189985538 0.212646867842 0.544473083626
0.219068597579 0.212433560305 0.544723010286
0.111469158096 0.246486710273 0.558480267166
0.249268088179 0.214869176625 0.619795437918
0.310410662111 0.289938172449 0.733338293490
0.218903762340 0.219642472680 0.708847353370
0.217000800275 0.219754382021 0.710162729751
0.220547929587 0.221171225432 0.710206304895
0.076510518919 0.417624575959 0.691627346474
0.107395679580 0.433550778858 0.688109859019
0.315490325385 0.291016797922 0.724159747779
0.315417800101 0.290754230243 0.724197925561
0.314999683944 0.290762569358 0.725225693558
-0.000000000000 1.000000000000 0.357554149363
0.096202842197 1.000000000000 0.484828165568
0.110042994536 0.944511825612 0.474829339849
1.000000000000 -0.000000000000 0.805263835311
1.000000000000 0.081310388127 0.766065178304
0.910979433424 0.109366576965 0.855850676259
0.861231136552 0.079309230811 0.661962846530
0.852728609743 0.030937969991 0.606582283255
1.000000000000 -0.000000000000 0.640319080624
1.000000000000 0.073772816740 0.725842256798
0.910493592571 0.073103566571 0.662012428069
0.469169476563 0.443368807107 0.592994761421
0.502597598978 0.478938266216 0.565737355117
0.449157355941 0.453428109976 0.590108995134
0.608138077496 0.470640580326 0.632503937610
0.619397803818 0.478259229019 0.628850754862
0.619465820643 0.480229050214 0.637200924531
0.580226779418 0.608303279356 0.653262452187
0.116911663111 0.368195662424 0.471358904127
0.127031680190 0.369925499608 0.469169507904
-0.000000000000 0.585734490019 0.438746616286
-0.000000000000 0.498590277431 0.537656757528
0.117433613052 0.539201155778 0.349717295817
0.144291913164 0.489692876715 0.341767840817
-0.000000000000 0.469940957968 0.367784117806
0.113824254328 0.541134960343 0.350509900406
-0.000000000000 0.587522232298 0.431846323100
0.080946769345 0.556506216617 0.366389819558
0.050897035470 0.538779620037 0.362221475869
-0.000000000000 0.525025754493 0.371001923348
0.402038640069 1.000000000000 1.000000000000
0.589683047074 1.000000000000 1.000000000000
-0.000000000000 0.531579855700 0.320503310718
-0.000000000000 0.514930048739 0.159528194520
-0.000000000000 0.622571785763 0.182338124870
-0.000000000000 0.593116665356 0.158722946513
0.121708689888 0.699454889186 0.191498020824
0.154790989282 0.524824758253 0.170368693331
0.172973669273 0.526797524370 0.179477979531
0.119129368717 0.588326924522 0.357570250858
0.118983882390 0.541219676106 0.348501516129
0.150855864128 0.571575654268 0.341874672689
0.150694943618 0.686255009449 0.168416559275
0.224928940830 0.596621471336 0.174587411238
0.150057578313 0.688986637343 0.170881426248
0.219002786118 0.616214081181 0.190055053050
0.231573568600 0.592557998074 0.180220973322
0.214251669623 0.533798035612 0.224540873452
0.222393842937 0.540860442948 0.288360401351
0.224747537538 0.544183334850 0.288293635309
0.218340372567 0.541431754983 0.197527704232
0.237216828817 0.579725312749 0.220411346979
0.235207709507 0.561615592858 0.249489856543
0.235882670851 0.566321206250 0.195243507539
0.237438515931 0.580852792527 0.189104273449
0.742423766741 0.077851888368 0.158164191852
0.673243206005 -0.000000000000 0.174234579614
0.654381093524 0.205610913593 0.173669785145
0.642278864736 -0.000000000000 0.174909485969
0.654537938544 0.200417096714 0.171077904927
0.693513563006 0.119221098870 0.151491972072
0.647831638139 0.060932118364 0.163390856594
0.627780204128 -0.000000000000 0.257133311252
0.504136600958 0.211719886154 -0.000000000000
0.499963528376 0.183625812763 0.051315290810
0.274775518123 0.705147420453 -0.000000000000
0.290014191422 0.690078496073 0.062625831169
0.234580100019 0.601548022595 0.137608548105
0.170752363028 0.605629839816 -0.000000000000
0.375432630168 0.638731245805 0.119669640000
0.262993709694 0.585661402225 0.155486561182
0.342454760540 0.474587846337 -0.000000000000
0.441581222853 0.554482256479 0.329799891739
0.474308005472 0.539557587706 0.303258149861
0.426146490860 0.663463790271 0.181883348656
0.455427801241 0.660330932962 0.226274110784
0.496434423134 0.622237070767 0.245937362491
0.523263134341 0.579966725134 0.236927494366
0.308074922625 0.582521450259 0.354855620130
0.321154017327 0.601165914787 0.332549659961
0.238710088667 0.557532203191 0.267646783916
0.284503156295 0.590573321858 0.338143451632
0.279153852450 0.594950021414 0.314003512704
0.384299777393 0.647123172331 0.123383496703
0.250373614875 0.587095368945 0.170993545199
0.273443811564 0.577668074730 0.330629578233
0.292343379602 0.582933667392 0.350481187129
0.283743532514 0.586954210240 0.342904337363
0.910606226832 0.215463960275 1.000000000000
1.000000000000 0.208179117652 1.000000000000
0.927305956441 0.203142380814 1.000000000000
1.000000000000 0.438717091059 0.861662360360
-0.000000000000 0.444648275771 -0.000000000000
-0.000000000000 0.389985281860 -0.000000000000
0.156380197853 0.609298283333 -0.000000000000
0.113931459388 0.493532931091 0.146236365556
-0.000000000000 0.422884772985 0.044780280487
-0.000000000000 0.399652169724 0.033304833373
0.047716727165 0.408155790382 0.075990600884
0.062317092597 0.456097184126 0.111446437146
0.204095612620 0.373363400948 -0.000000000000
0.219853180569 0.605915632842 0.144467762928
0.588974473313 1.000000000000 0.433331069065
0.567931373667 0.965920679946 0.428238465990
0.087071660690 0.419546779293 0.210122795356
-0.000000000000 0.401344215337 0.342405214707
-0.000000000000 0.441707167693 0.349417457034
0.050300956850 0.413122385376 0.317273808660
0.048559047508 0.406646724790 0.317089948487
-0.000000000000 0.302587715699 0.249830669325
0.053008518376 0.279107828730 0.194759629926
0.068432924563 0.315795592824 0.178784671976
-0.000000000000 0.505908059157 0.152836937555
0.066418159645 0.463970236337 0.123235933304
-0.000000000000 0.271565531355 0.145669383387
-0.000000000000 0.270662662163 0.211393927462
0.014214532833 0.272607407043 0.212861587776
0.051879981034 0.278066396842 0.194487248320
0.168653727507 1.000000000000 0.533374617340
0.267090342558 0.878465994395 0.624607605469
0.271857162399 0.881323953198 0.666795393549
0.763055633896 0.846910236679 0.668295579933
0.837718270829 0.876308627427 0.525976685780
0.786553198495 0.717590638019 0.720952548216
0.781571898195 0.709952073778 0.723193609694
0.724052626889 0.703750505151 0.717715034269
0.727882170935 0.694946698010 0.716059022785
0.733813478501 0.700552882729 0.720269880916
0.844266765916 -0.000000000000 -0.000000000000
0.866149489743 -0.000000000000 -0.000000000000
0.798623170467 0.028271108787 -0.000000000000
0.912678965880 -0.000000000000 0.061037462611
0.921261888067 -0.000000000000 0.087804929573
0.783514640362 0.105038394902 0.124111527061
0.834378581830 0.165876602516 -0.000000000000
0.819971875622 0.178301421768 0.062435650422
0.655288909426 0.839628817002 0.441102281936
0.546507730849 0.773615401598 0.371244835947
0.673385910593 0.781006192175 0.307970480750
1.000000000000 0.000000000000 1.000000000000
0.221659383225 0.893288007155 0.431754232240
1.000000000000 0.361533016097 0.672683071268
0.660329007077 0.758044257089 0.233302083727
0.660964789280 0.778547654912 0.253193608800
0.590621567290 0.733828184401 0.183514580258
0.640335083731 0.815858835134 0.281083763684
0.523189428829 0.860322374901 0.279025370521
0.444897880266 0.820705965194 0.192109917507
0.454634342784 0.800667597454 0.195715178953
0.455764573646 0.776603431485 0.173084656298
0.455661608522 0.776666939642 0.172904324531
0.445180521466 0.818432360861 0.191726375501
0.409036857265 0.385628215698 0.345433381828
0.401116363740 0.221360055859 0.221617260820
0.812137379953 0.667438301329 0.966801672270
0.803132317692 0.676925361147 0.928336299725
0.764948924761 0.714076520285 0.780364783254
0.765245994832 0.711752941755 0.775567885499
0.557125707133 0.686483187959 0.736657268931
0.493955406818 0.667542468263 0.835426189864
0.517084579283 0.728565715994 0.905984430635
0.516271943675 0.735355298589 0.902103952659
0.346651223241 1.000000000000 -0.000000000000
0.302117413911 1.000000000000 0.083151056809
0.303820137922 0.922749634032 0.088483185582
0.350221267059 0.939500326220 -0.000000000000
0.422000134807 0.820071932191 0.193303303740
0.443051553807 0.820374046258 0.192661842247
0.269627180654 0.207244332044 0.891257530548
0.937101152962 -0.000000000000 -0.000000000000
0.242837918863 0.616143705072 0.393697315750
0.202058841086 0.776232114794 0.699391972288
0.185627847849 0.773088425297 0.725170475741
0.325847865566 0.703931986325 0.662103394565
0.190465900904 0.623660957083 0.822567473704
0.213847674280 0.690070169271 0.825449042301
0.270255112922 0.631272515592 0.850723288432
0.423693652063 0.712594670929 0.312885351118
0.331441218324 0.792629616086 0.321728691561
0.349163062731 0.811186563190 0.318364538473
0.344884857094 0.822848705137 0.332458994976
0.277749388940 0.664478712115 0.335451247968
0.270990774240 0.643624480134 0.372995114618
0.272697557070 0.610286333334 0.379897569900
0.305384249485 0.577651437392 0.364065672783
0.635537206815 -0.000000000000 0.489190264539
0.584355331465 -0.000000000000 0.280298358031
-0.000000000000 0.786665981008 0.980429961544
-0.000000000000 0.802157125575 0.872268563416
0.100127220014 0.814923949726 0.850560492985
0.128724947831 0.816808861003 0.856659212517
0.108254734540 0.805356149377 0.922837810601
0.152511132350 0.608124559058 0.855616847920
0.158561234075 0.630289839163 0.829639944952
0.837712869003 0.652709110412 1.000000000000
0.813059668248 0.667947494681 0.967041549157
0.679111579664 0.685794185568 0.126823722696
0.637982447513 0.687293460770 0.206375929455
0.656386078028 0.674611115937 0.216199584240
0.661721096775 0.663393022362 0.222033998526
0.699432321355 0.635027996458 0.164615551839
0.701395357278 0.616977724357 0.151012541781
1.000000000000 0.477338977634 0.329786722210
0.887160263333 0.499492210576 0.314951162335
1.000000000000 0.681355411021 0.298275639771
0.945714679243 0.686433789351 0.292000222355
0.837676635095 0.605012190383 0.293647871688
0.837565442217 0.653907085742 0.286084629390
0.887442845036 0.490668410631 0.327052438994
1.000000000000 0.480516013109 0.255176538104
1.000000000000 0.497719315484 0.264892225252
1.000000000000 0.515823185065 0.204501990856
1.000000000000 0.520343287109 0.215095296365
0.899630421903 0.471945298904 0.066812814705
-0.000000000000 0.468876519267 0.641429832279
-0.000000000000 0.439220611328 0.663964220461
0.024077450483 0.430207271776 0.666190978359
0.419790183395 -0.000000000000 0.417582036401
0.464598206170 0.110489890248 0.385297123782
0.476669008874 0.165668337763 0.408476633736
0.684814624414 0.137601099768 0.591005678475
0.686664903556 0.151193858263 0.564325664141
0.441356592521 -0.000000000000 0.636466601594
0.409962699258 0.076401665612 0.550890591193
0.462982489317 0.051235917465 0.634222319352
0.385181405246 -0.000000000000 0.563884638330
0.383594788360 -0.000000000000 0.555612068077
0.384683873370 0.006391677435 0.559476051708
0.426496742935 0.457417657088 0.686793031437
0.425837346014 0.458687783222 0.686619031268
0.426934506002 0.457419458137 0.687449301106
0.370750054814 0.336255545187 0.682681495723
0.373219256732 0.327658922484 0.692038403546
0.312502537274 0.289837568285 0.735765404263
0.265209332238 0.428133421910 0.872478887756
0.312221763615 0.289564514224 0.734606787740
0.668111521294 0.753330077416 0.237569273865
0.406683706706 0.516245303777 0.409329792344
0.457289966314 0.477389541363 0.383213094072
0.506263560121 0.638215440182 0.251542540233
0.428139326675 -0.000000000000 0.799939940410
0.274130297318 -0.000000000000 0.700943899302
0.350733903582 0.213907679969 0.792453712990
0.354109249715 0.209862720949 0.799834349989
0.365100077186 0.193706880586 0.797696395337
1.000000000000 0.775603244378 0.832699648121
0.922159808431 0.775113743261 0.731801833196
1.000000000000 1.000000000000 0.673845905091
0.439906424954 0.348885619500 0.529738574423
0.455833952249 0.439350411132 0.595021914397
0.339509858062 0.225985874139 0.827936474168
0.353811229099 0.218453663915 0.806540322810
0.345660994955 0.774048641253 0.662778937248
0.344318855526 0.766994386849 0.666168734534
0.519763442568 0.734089748330 0.660988368232
0.323190824311 0.777673288411 0.538064099557
0.373025691793 0.645276464290 0.718666263940
0.492662697373 0.673820729071 0.691755751569
0.519408185467 0.393912453590 0.239467388191
0.417836766365 0.391671672334 0.385781994765
0.555377813305 0.425776614009 0.639883111230
0.541985292616 0.336798163828 0.559307711807
0.465526841822 0.437482403133 0.595312798467
0.493970608511 0.335263306558 0.529141775537
0.461653712060 0.329514218482 0.519873542303
0.296154806284 0.751844210261 0.305951389929
0.216861306614 0.715638218990 0.209203982804
0.255454257115 0.724711310101 0.294153978618
0.273933907762 0.679074591957 0.322895481239
0.333648760960 0.808822566635 0.175167148063
0.400412275303 0.694360480853 0.124985339301
0.409684717382 0.691600404265 0.124841294535
0.447392064578 0.762900800852 0.167131983114
1.000000000000 1.000000000000 0.572174977441
0.757945622846 1.000000000000 0.534990378657
0.141662650355 0.203231338316 0.109552483977
0.242550070350 0.363880210642 0.145575452486
0.155983641146 0.290220536246 0.216234436584
0.134158053161 0.264223559116 0.222298992650
0.137323593481 0.268932676897 0.222904620413
0.531584388820 0.682145868952 0.704009484142
0.574680606035 0.613709537349 0.663954428198
0.768669992003 1.000000000000 1.000000000000
0.732149133848 0.899757155966 1.000000000000
0.250582391397 0.825499144381 -0.000000000000
0.260229966665 0.803974565572 0.027291278327
0.247191897204 0.829744411306 -0.000000000000
0.244042201930 0.824121527524 0.027643451201
0.268164564724 0.843559482952 0.103949802940
0.219467762053 0.849364230074 0.453682215903
0.175186818540 0.827103085788 0.528794128310
0.119077173290 0.359722303062 0.471057835918
0.121942988476 0.239239603851 0.536650185645
0.215709016021 0.979356791955 0.144536038840
0.211646353179 1.000000000000 0.145601454147
0.195907043744 1.000000000000 0.143608519743
0.216869709555 0.837074195147 0.133794045208
0.237910952414 0.827934428305 0.163490041622
0.797147454364 0.214090576493 1.000000000000
0.806711743191 0.366873974757 0.628646595089
0.858765977171 0.340287614046 0.679510798747
0.903144521378 0.652033984510 0.150911547814
0.886401726189 0.625823161076 0.218593396160
0.845253886823 0.628778671465 0.241491571031
0.848026822600 0.569142006589 0.233962092783
0.813301253874 0.594648271436 -0.000000000000
0.738043086562 0.508515907148 -0.000000000000
0.741996235854 0.595084262229 0.130033430518
0.791026324048 0.669566142881 0.193122169250
0.769082710916 0.649533705275 0.167198591829
0.110419745617 0.285602009249 0.410799633258
0.091709307767 0.288861930328 0.442197300016
0.181237265026 0.475351895911 0.322487436083
0.238276817627 0.549103620629 0.293452602482
0.211713880564 0.770629430472 0.305610905480
0.232464537212 0.849675484966 0.450302258955
1.000000000000 1.000000000000 0.000000000000
1.000000000000 0.900478799961 -0.000000000000
1.000000000000 0.748091284190 0.179486645901
1.000000000000 0.758234878060 0.241985381238
0.882748229015 0.824323179648 0.244039346076
0.869095641849 0.871318858492 0.262585904186
0.716688484272 0.782782228387 0.211340569149
0.677658744763 0.755036338811 0.249811007570
0.738289715322 0.721098737408 0.292687572324
0.867864268071 0.306777065773 0.728351928738
0.780735585052 0.701298438956 0.247751936239
0.341994964634 0.780515605985 0.667915634350
0.703382180740 0.113436140704 -0.000000000000
0.724755746448 0.155649575543 0.115512022603
0.687499176278 0.246964552760 0.131497103795
-0.000000000000 -0.000000000000 0.199517866801
0.064104197149 -0.000000000000 0.160655918467
-0.000000000000 0.153626562071 0.322063657510
-0.000000000000 -0.000000000000 0.107356722168
0.037082551563 -0.000000000000 0.121932730893
0.141990700272 0.216998593158 0.286535495969
0.127215928000 0.214841576819 0.293771798000
-0.000000000000 0.227565623947 0.086302447643
0.083026394948 0.268344731353 0.205412438307
0.002555236986 0.226894211841 0.087368951352
1.000000000000 0.657566575913 0.220833805274
0.205610114489 0.758703166301 0.834848051192
0.177528382727 0.836673347284 0.849236059288
0.279474822239 0.751631951359 0.883187459831
0.248759900404 0.649743887105 0.995217471077
0.279456589855 0.692714997618 0.870331381472
0.259517033686 0.863605341563 0.966906067590
0.264709771218 0.853695245876 0.970204655524
0.275378585681 0.847958314926 0.922261045513
0.264000941700 0.867575308086 0.922879166192
0.574419073984 0.245622027666 0.211846828409
0.619313583990 0.231350058815 0.228982151261
0.767630284112 0.347666744504 0.644671671459
0.733600157386 0.329322956509 0.631638622285
0.380730930105 0.296650780953 0.953121688569
0.256587983309 0.367882569349 1.000000000000
0.325176277547 0.370456704867 0.969369579943
0.000000000000 1.000000000000 1.000000000000
-0.000000000000 0.791715408583 1.000000000000
0.156658127310 0.874895551045 0.802373363855
0.256628628910 0.871249014837 1.000000000000
0.262468300824 1.000000000000 1.000000000000
-0.000000000000 0.625226906509 -0.000000000000
0.092790024470 0.683784116520 -0.000000000000
0.149609576336 0.689767389295 0.147668917046
0.464908310904 0.678522505129 0.231779232540
0.463402802652 0.711477040234 0.264176958248
0.776975358862 -0.000000000000 -0.000000000000
1.000000000000 -0.000000000000 0.286931951279
0.620874147456 0.481341357292 0.649195073301
0.616665077863 -0.000000000000 -0.000000000000
0.604512994461 -0.000000000000 0.128818604233
0.546955121553 -0.000000000000 0.084335624235
0.436754848978 -0.000000000000 0.324375120462
0.430170931319 -0.000000000000 0.329574984184
0.431808007097 0.004031423994 0.328378581169
0.268080106194 0.388915068072 0.923267333873
0.724086366629 1.000000000000 0.403740600775
0.341990049671 0.778684782928 0.668217182200
0.265335710448 0.854294466546 1.000000000000
0.248738174049 0.648323632378 1.000000000000
0.364594839513 0.719376369190 0.836440078767
0.357714355057 0.755359641825 0.847506477255
0.504321626490 0.756605763882 1.000000000000
1.000000000000 0.000000000000 0.000000000000
0.457453141041 0.303754105837 0.435694804291
1.000000000000 0.690303139278 0.274534578987
-0.000000000000 -0.000000000000 0.578672895677
0.124073945666 -0.000000000000 0.684708973762
0.213185014904 0.179421809848 0.533026997628
0.215547078262 0.199436214366 0.532304636896
-0.000000000000 0.090652445602 0.463558243937
0.095251286208 0.206028190242 0.490941219292
0.107433115266 0.190466697775 0.479438291879
0.066917399164 0.134889470234 0.464572981178
0.653733746419 0.206664842891 0.170568558748
0.211004288101 0.487424753303 0.303285400222
-0.000000000000 0.258569898155 -0.000000000000
0.653912476853 0.206817005228 0.171724803149
0.405958216286 0.086380983926 0.550391543695
0.288138771654 0.138639023918 0.557004350235
0.229412625214 0.195638132255 0.535024672632
0.224665224227 0.200563293610 0.533885345033
0.227364370248 0.201295008010 0.531261983946
0.441502039595 0.231749998908 0.416810343802
0.561203928517 0.200101372202 0.402435738041
0.285708435743 -0.000000000000 0.665658549275
0.288364892836 0.137599274974 0.557074551585
0.238919692745 0.168897703820 0.538274842104
0.079984357394 0.136394968237 0.427696872533
-0.000000000000 0.090027837620 0.462938232900
0.058889794102 0.122040178465 0.456964270895
0.047285083214 0.111911196622 0.454348916933
0.297353668645 -0.000000000000 0.424826219697
0.298221270005 -0.000000000000 0.496823224386
0.470391095438 0.188304657824 0.403569775135
0.378380639633 0.642831725450 0.798819500077
0.000000000000 0.000000000000 0.000000000000
0.227602182494 -0.000000000000 0.471732072035
0.017402254811 -0.000000000000 0.440202607661
0.208175707081 0.484058267726 0.283298728270
-0.000000000000 -0.000000000000 0.444971027916
