0 191 1
0 451 1
0 228 1
0 293 1
0 209 1
0 437 1
0 473 1
1 255 1
1 131 1
1 3 1
1 164 1
1 294 1
1 461 1
1 429 1
1 399 1
1 432 1
1 51 1
1 88 1
2 287 1
2 224 1
2 130 1
2 198 1
2 71 1
2 262 1
2 112 1
2 240 1
2 306 1
2 464 1
2 20 1
2 400 1
2 377 1
3 255 1
3 1 1
3 227 1
3 164 1
3 294 1
3 6 1
3 461 1
3 399 1
3 432 1
3 273 1
3 277 1
3 279 1
3 408 1
3 58 1
4 34 1
4 197 1
4 199 1
4 305 1
4 188 1
4 252 1
5 447 1
5 352 1
5 161 1
5 290 1
5 196 1
5 102 1
5 359 1
5 201 1
5 426 1
5 14 1
5 430 1
6 33 1
6 3 1
6 227 1
6 295 1
6 392 1
6 487 1
6 12 1
6 268 1
6 432 1
6 273 1
6 277 1
6 118 1
6 376 1
6 122 1
6 411 1
6 310 1
7 107 1
7 345 1
7 333 1
7 496 1
7 401 1
7 469 1
7 247 1
7 121 1
7 221 1
8 483 1
8 227 1
8 296 1
8 169 1
8 394 1
8 297 1
8 206 1
8 432 1
8 146 1
8 498 1
8 53 1
8 310 1
8 55 1
8 349 1
8 374 1
9 383 1
9 160 1
9 96 1
9 35 1
9 421 1
9 200 1
9 462 1
9 17 1
9 402 1
9 341 1
9 217 1
9 219 1
10 13 1
10 275 1
10 157 1
10 161 1
10 162 1
10 426 1
10 428 1
10 183 1
10 63 1
10 447 1
10 196 1
10 333 1
10 79 1
10 210 1
10 216 1
10 345 1
10 474 1
10 234 1
10 236 1
10 239 1
10 245 1
10 124 1
11 192 1
11 449 1
11 421 1
11 395 1
11 332 1
11 335 1
11 144 1
11 497 1
11 114 1
11 434 1
11 180 1
11 403 1
11 311 1
11 153 1
11 475 1
12 224 1
12 33 1
12 419 1
12 198 1
12 6 1
12 392 1
12 134 1
12 235 1
12 268 1
12 400 1
12 146 1
12 20 1
12 118 1
12 343 1
12 376 1
12 284 1
12 122 1
12 310 1
13 319 1
13 387 1
13 10 1
13 234 1
13 333 1
13 237 1
13 304 1
13 124 1
13 183 1
13 216 1
13 412 1
13 157 1
14 447 1
14 97 1
14 290 1
14 5 1
14 102 1
14 359 1
14 233 1
14 426 1
14 491 1
14 201 1
14 430 1
14 433 1
15 228 1
15 165 1
15 293 1
15 231 1
15 173 1
15 181 1
15 156 1
15 221 1
16 194 1
16 453 1
16 391 1
16 456 1
16 264 1
16 298 1
16 363 1
16 149 1
16 344 1
16 89 1
16 59 1
16 317 1
16 478 1
17 128 1
17 160 1
17 259 1
17 133 1
17 421 1
17 200 1
17 9 1
17 460 1
17 398 1
17 335 1
17 402 1
17 180 1
17 341 1
17 472 1
17 314 1
18 351 1
18 356 1
18 420 1
18 39 1
18 170 1
18 492 1
18 143 1
18 404 1
18 117 1
18 278 1
18 381 1
19 88 1
19 448 1
19 191 1
19 477 1
19 203 1
19 396 1
19 78 1
19 209 1
19 467 1
19 22 1
19 248 1
19 413 1
19 254 1
20 287 1
20 224 1
20 2 1
20 198 1
20 71 1
20 424 1
20 134 1
20 265 1
20 105 1
20 12 1
20 46 1
20 377 1
20 122 1
21 136 1
21 138 1
21 110 1
21 187 1
21 50 1
21 435 1
21 337 1
21 152 1
21 441 1
21 347 1
21 92 1
21 414 1
22 88 1
22 320 1
22 413 1
22 38 1
22 78 1
22 19 1
22 467 1
22 253 1
22 150 1
22 248 1
22 379 1
22 477 1
23 383 1
23 129 1
23 258 1
23 40 1
23 425 1
23 104 1
23 108 1
23 462 1
23 499 1
23 244 1
23 341 1
23 85 1
23 52 1
23 312 1
23 30 1
23 285 1
23 414 1
24 136 1
24 205 1
24 110 1
24 347 1
24 409 1
24 283 1
25 320 1
25 480 1
25 100 1
25 484 1
25 38 1
25 173 1
25 116 1
25 181 1
25 150 1
25 477 1
26 223 1
26 120 1
26 99 1
26 68 1
26 261 1
26 70 1
26 350 1
26 453 1
26 141 1
26 174 1
26 495 1
26 494 1
26 301 1
26 155 1
26 83 1
26 344 1
26 315 1
26 62 1
27 417 1
27 386 1
27 323 1
27 260 1
27 292 1
27 67 1
27 389 1
27 451 1
27 332 1
27 109 1
27 80 1
27 314 1
27 147 1
27 148 1
27 246 1
27 440 1
27 153 1
27 378 1
28 482 1
28 418 1
28 101 1
28 197 1
28 328 1
28 360 1
28 105 1
28 459 1
28 337 1
28 152 1
28 185 1
28 187 1
28 414 1
29 32 1
29 385 1
29 322 1
29 166 1
29 295 1
29 457 1
29 369 1
29 212 1
29 277 1
29 54 1
29 58 1
29 91 1
30 288 1
30 129 1
30 258 1
30 195 1
30 462 1
30 241 1
30 468 1
30 341 1
30 85 1
30 23 1
30 217 1
31 352 1
31 98 1
31 420 1
31 234 1
31 367 1
31 239 1
31 143 1
31 82 1
31 371 1
31 115 1
31 373 1
31 213 1
32 481 1
32 322 1
32 166 1
32 295 1
32 457 1
32 212 1
32 54 1
32 91 1
32 220 1
32 29 1
33 132 1
33 6 1
33 134 1
33 168 1
33 105 1
33 295 1
33 12 1
33 365 1
33 369 1
33 435 1
33 86 1
33 376 1
33 122 1
34 321 1
34 418 1
34 4 1
34 37 1
34 197 1
34 360 1
34 424 1
34 300 1
34 334 1
34 494 1
34 305 1
34 249 1
35 479 1
35 192 1
35 225 1
35 421 1
35 9 1
35 77 1
35 462 1
35 142 1
35 431 1
35 403 1
35 436 1
35 84 1
35 375 1
35 217 1
35 219 1
36 384 1
36 161 1
36 290 1
36 97 1
36 256 1
36 450 1
36 225 1
36 359 1
36 233 1
36 45 1
36 433 1
36 178 1
36 436 1
36 245 1
36 445 1
37 287 1
37 321 1
37 34 1
37 424 1
37 170 1
37 334 1
37 464 1
37 83 1
37 120 1
37 410 1
38 387 1
38 137 1
38 22 1
38 150 1
38 25 1
38 173 1
38 51 1
38 53 1
38 313 1
38 319 1
38 320 1
38 327 1
38 221 1
38 480 1
38 231 1
38 490 1
38 493 1
38 116 1
38 248 1
38 379 1
38 253 1
39 291 1
39 420 1
39 143 1
39 336 1
39 18 1
39 115 1
39 117 1
39 381 1
40 129 1
40 258 1
40 104 1
40 425 1
40 108 1
40 274 1
40 23 1
40 283 1
41 386 1
41 486 1
41 362 1
41 48 1
41 49 1
41 186 1
42 256 1
42 222 1
42 257 1
42 72 1
42 73 1
42 142 1
42 431 1
42 270 1
42 433 1
42 465 1
42 84 1
42 436 1
42 87 1
42 281 1
42 380 1
42 382 1
43 481 1
43 322 1
43 289 1
43 135 1
43 266 1
43 458 1
43 302 1
43 207 1
43 272 1
43 113 1
43 212 1
43 244 1
43 184 1
43 220 1
44 63 1
44 226 1
44 69 1
44 422 1
44 263 1
44 167 1
44 423 1
44 489 1
44 236 1
44 114 1
45 387 1
45 36 1
45 445 1
45 327 1
45 490 1
45 331 1
45 178 1
45 51 1
45 245 1
45 183 1
45 247 1
45 345 1
45 253 1
46 482 1
46 418 1
46 324 1
46 101 1
46 134 1
46 71 1
46 424 1
46 105 1
46 360 1
46 281 1
46 300 1
46 377 1
46 249 1
46 265 1
46 20 1
46 57 1
46 218 1
46 380 1
47 96 1
47 163 1
47 259 1
47 171 1
47 109 1
47 48 1
47 177 1
47 49 1
47 186 1
47 476 1
48 163 1
48 41 1
48 362 1
48 47 1
48 49 1
48 308 1
48 406 1
48 186 1
49 128 1
49 259 1
49 486 1
49 455 1
49 41 1
49 76 1
49 109 1
49 186 1
49 47 1
49 48 1
49 80 1
49 177 1
49 378 1
49 246 1
49 314 1
50 481 1
50 325 1
50 166 1
50 136 1
50 139 1
50 108 1
50 205 1
50 302 1
50 110 1
50 274 1
50 243 1
50 309 1
50 21 1
50 441 1
50 347 1
50 414 1
51 384 1
51 1 1
51 131 1
51 137 1
51 150 1
51 38 1
51 294 1
51 45 1
51 432 1
51 178 1
51 445 1
51 318 1
51 331 1
51 461 1
51 225 1
51 490 1
51 498 1
51 375 1
51 248 1
51 123 1
51 253 1
52 383 1
52 96 1
52 289 1
52 312 1
52 393 1
52 266 1
52 171 1
52 186 1
52 244 1
52 276 1
52 406 1
52 23 1
52 184 1
52 341 1
52 442 1
52 476 1
53 319 1
53 38 1
53 8 1
53 297 1
53 490 1
53 331 1
53 137 1
53 493 1
53 366 1
53 206 1
53 304 1
53 169 1
53 498 1
53 432 1
53 116 1
53 461 1
53 374 1
53 55 1
54 32 1
54 385 1
54 322 1
54 66 1
54 207 1
54 81 1
54 212 1
54 277 1
54 279 1
54 58 1
54 91 1
54 29 1
55 64 1
55 483 1
55 8 1
55 169 1
55 331 1
55 493 1
55 206 1
55 304 1
55 370 1
55 146 1
55 498 1
55 53 1
55 182 1
55 280 1
56 227 1
56 358 1
56 297 1
56 394 1
56 140 1
56 206 1
56 145 1
56 372 1
56 374 1
56 343 1
56 349 1
56 94 1
57 256 1
57 482 1
57 324 1
57 388 1
57 71 1
57 359 1
57 170 1
57 300 1
57 46 1
57 465 1
57 182 1
57 87 1
57 281 1
57 218 1
57 380 1
58 289 1
58 322 1
58 3 1
58 164 1
58 385 1
58 294 1
58 66 1
58 168 1
58 166 1
58 207 1
58 369 1
58 277 1
58 54 1
58 279 1
58 408 1
58 29 1
59 194 1
59 452 1
59 456 1
59 264 1
59 298 1
59 238 1
59 16 1
59 149 1
59 89 1
59 250 1
60 321 1
60 99 1
60 68 1
60 101 1
60 261 1
60 72 1
60 328 1
60 360 1
60 249 1
60 300 1
60 141 1
60 337 1
60 305 1
60 307 1
60 185 1
60 315 1
60 380 1
60 446 1
61 132 1
61 166 1
61 168 1
61 459 1
61 139 1
61 365 1
61 499 1
61 243 1
61 152 1
61 441 1
61 414 1
62 479 1
62 257 1
62 222 1
62 68 1
62 453 1
62 261 1
62 301 1
62 77 1
62 271 1
62 142 1
62 344 1
62 217 1
62 26 1
62 189 1
62 446 1
63 447 1
63 69 1
63 423 1
63 489 1
63 10 1
63 426 1
63 44 1
63 236 1
63 428 1
63 79 1
63 474 1
63 157 1
64 388 1
64 169 1
64 331 1
64 304 1
64 370 1
64 115 1
64 373 1
64 182 1
64 55 1
64 280 1
65 227 1
65 355 1
65 267 1
65 303 1
65 273 1
65 372 1
65 282 1
65 411 1
66 385 1
66 164 1
66 429 1
66 207 1
66 81 1
66 442 1
66 54 1
66 279 1
66 408 1
66 58 1
67 192 1
67 451 1
67 260 1
67 292 1
67 293 1
67 389 1
67 153 1
67 332 1
67 78 1
67 175 1
67 179 1
67 148 1
67 405 1
67 311 1
67 473 1
67 314 1
67 27 1
67 444 1
68 257 1
68 222 1
68 99 1
68 261 1
68 72 1
68 328 1
68 141 1
68 301 1
68 142 1
68 62 1
68 60 1
68 83 1
68 217 1
68 26 1
68 380 1
68 446 1
69 63 1
69 127 1
69 159 1
69 422 1
69 423 1
69 488 1
69 489 1
69 263 1
69 44 1
69 111 1
69 275 1
69 474 1
69 90 1
70 223 1
70 354 1
70 204 1
70 397 1
70 494 1
70 495 1
70 26 1
70 315 1
71 2 1
71 291 1
71 324 1
71 262 1
71 134 1
71 198 1
71 105 1
71 377 1
71 46 1
71 400 1
71 240 1
71 146 1
71 20 1
71 182 1
71 57 1
71 218 1
71 286 1
72 482 1
72 68 1
72 101 1
72 185 1
72 328 1
72 73 1
72 42 1
72 459 1
72 300 1
72 142 1
72 270 1
72 380 1
72 281 1
72 60 1
72 285 1
73 383 1
73 132 1
73 382 1
73 72 1
73 328 1
73 42 1
73 459 1
73 168 1
73 142 1
73 431 1
73 270 1
73 499 1
73 84 1
73 375 1
73 281 1
73 285 1
73 318 1
74 299 1
74 278 1
74 190 1
75 484 1
75 137 1
75 267 1
75 116 1
75 374 1
75 443 1
76 486 1
76 455 1
76 49 1
76 147 1
76 378 1
77 479 1
77 288 1
77 35 1
77 453 1
77 421 1
77 261 1
77 200 1
77 217 1
77 202 1
77 398 1
77 271 1
77 402 1
77 119 1
77 89 1
77 317 1
77 62 1
78 389 1
78 19 1
78 405 1
78 22 1
78 292 1
78 293 1
78 179 1
78 437 1
78 440 1
78 444 1
78 191 1
78 67 1
78 203 1
78 209 1
78 467 1
78 473 1
78 477 1
78 379 1
78 248 1
78 251 1
78 254 1
79 63 1
79 447 1
79 161 1
79 230 1
79 167 1
79 10 1
79 236 1
79 428 1
79 345 1
79 497 1
79 245 1
79 469 1
79 121 1
79 124 1
79 157 1
80 417 1
80 386 1
80 486 1
80 109 1
80 314 1
80 49 1
80 147 1
80 246 1
80 378 1
80 27 1
81 66 1
81 207 1
81 113 1
81 212 1
81 54 1
81 220 1
82 31 1
82 420 1
82 367 1
82 371 1
82 213 1
82 346 1
82 348 1
83 257 1
83 141 1
83 26 1
83 37 1
83 424 1
83 170 1
83 300 1
83 301 1
83 174 1
83 321 1
83 68 1
83 464 1
83 465 1
83 218 1
83 99 1
83 102 1
83 494 1
83 120 1
83 380 1
84 383 1
84 225 1
84 35 1
84 73 1
84 42 1
84 142 1
84 431 1
84 462 1
84 375 1
84 285 1
85 258 1
85 261 1
85 485 1
85 414 1
85 328 1
85 425 1
85 108 1
85 462 1
85 337 1
85 499 1
85 307 1
85 23 1
85 217 1
85 30 1
85 285 1
85 446 1
86 33 1
86 418 1
86 265 1
86 138 1
86 105 1
86 369 1
86 435 1
86 122 1
86 187 1
87 256 1
87 57 1
87 324 1
87 318 1
87 42 1
87 331 1
87 465 1
87 178 1
87 182 1
87 281 1
87 123 1
87 380 1
87 382 1
88 255 1
88 448 1
88 1 1
88 131 1
88 203 1
88 396 1
88 461 1
88 399 1
88 467 1
88 19 1
88 22 1
88 150 1
88 248 1
88 413 1
89 264 1
89 398 1
89 271 1
89 16 1
89 402 1
89 149 1
89 298 1
89 59 1
89 317 1
89 449 1
89 453 1
89 456 1
89 202 1
89 77 1
89 344 1
89 478 1
89 238 1
89 119 1
89 250 1
90 69 1
90 488 1
90 489 1
90 210 1
90 371 1
90 338 1
90 474 1
90 346 1
91 32 1
91 353 1
91 385 1
91 487 1
91 295 1
91 457 1
91 277 1
91 54 1
91 29 1
92 418 1
92 197 1
92 229 1
92 136 1
92 138 1
92 337 1
92 466 1
92 21 1
92 152 1
92 187 1
92 252 1
92 414 1
93 227 1
93 137 1
93 267 1
93 364 1
93 461 1
93 303 1
93 374 1
93 443 1
93 413 1
94 392 1
94 235 1
94 140 1
94 176 1
94 343 1
94 56 1
94 284 1
95 449 1
95 194 1
95 226 1
95 452 1
95 264 1
95 395 1
95 144 1
95 149 1
96 383 1
96 259 1
96 9 1
96 393 1
96 148 1
96 276 1
96 406 1
96 160 1
96 171 1
96 47 1
96 52 1
96 440 1
96 312 1
96 186 1
96 462 1
96 341 1
96 476 1
96 109 1
96 242 1
97 447 1
97 290 1
97 450 1
97 36 1
97 359 1
97 233 1
97 491 1
97 14 1
97 433 1
98 31 1
98 234 1
98 239 1
98 373 1
98 216 1
99 321 1
99 68 1
99 300 1
99 141 1
99 494 1
99 305 1
99 60 1
99 83 1
99 26 1
99 315 1
99 380 1
100 413 1
100 484 1
100 137 1
100 116 1
100 150 1
100 25 1
100 443 1
100 477 1
100 254 1
101 482 1
101 418 1
101 185 1
101 72 1
101 360 1
101 105 1
101 459 1
101 300 1
101 46 1
101 270 1
101 28 1
101 380 1
101 249 1
101 60 1
102 352 1
102 257 1
102 388 1
102 5 1
102 359 1
102 201 1
102 170 1
102 491 1
102 301 1
102 14 1
102 174 1
102 433 1
102 465 1
102 83 1
102 213 1
102 120 1
102 189 1
103 324 1
103 132 1
103 134 1
103 294 1
103 168 1
103 432 1
103 498 1
103 146 1
103 310 1
103 376 1
103 318 1
104 129 1
104 163 1
104 357 1
104 40 1
104 266 1
104 108 1
104 205 1
104 272 1
104 274 1
104 244 1
104 23 1
104 312 1
104 283 1
104 126 1
105 132 1
105 134 1
105 265 1
105 20 1
105 152 1
105 28 1
105 33 1
105 418 1
105 46 1
105 435 1
105 187 1
105 71 1
105 459 1
105 86 1
105 482 1
105 101 1
105 360 1
105 365 1
105 122 1
106 121 1
106 230 1
106 427 1
106 368 1
106 401 1
106 496 1
106 339 1
106 405 1
106 345 1
106 156 1
107 7 1
107 231 1
107 333 1
107 401 1
107 469 1
107 412 1
107 247 1
107 125 1
107 124 1
107 221 1
107 215 1
108 383 1
108 40 1
108 104 1
108 425 1
108 205 1
108 302 1
108 50 1
108 243 1
108 244 1
108 85 1
108 274 1
108 23 1
108 312 1
108 499 1
108 283 1
108 414 1
109 96 1
109 128 1
109 160 1
109 259 1
109 292 1
109 323 1
109 386 1
109 486 1
109 186 1
109 47 1
109 80 1
109 49 1
109 148 1
109 440 1
109 314 1
109 27 1
109 476 1
110 229 1
110 136 1
110 205 1
110 50 1
110 466 1
110 283 1
110 21 1
110 24 1
110 409 1
110 347 1
110 414 1
111 159 1
111 127 1
111 69 1
111 423 1
111 329 1
111 237 1
111 275 1
111 157 1
112 287 1
112 2 1
112 130 1
112 262 1
112 299 1
112 269 1
112 240 1
112 464 1
112 306 1
112 190 1
113 415 1
113 416 1
113 135 1
113 266 1
113 43 1
113 458 1
113 207 1
113 81 1
113 212 1
113 406 1
113 184 1
113 442 1
113 220 1
114 447 1
114 449 1
114 226 1
114 167 1
114 11 1
114 44 1
114 236 1
114 427 1
114 491 1
114 144 1
114 497 1
114 434 1
114 403 1
114 311 1
114 250 1
115 31 1
115 64 1
115 291 1
115 388 1
115 39 1
115 169 1
115 143 1
115 336 1
115 373 1
115 470 1
115 280 1
116 480 1
116 100 1
116 484 1
116 38 1
116 137 1
116 297 1
116 75 1
116 313 1
116 493 1
116 366 1
116 490 1
116 53 1
116 150 1
116 25 1
116 443 1
116 374 1
117 356 1
117 420 1
117 39 1
117 143 1
117 18 1
117 278 1
117 381 1
118 419 1
118 6 1
118 487 1
118 392 1
118 12 1
118 268 1
118 208 1
118 176 1
118 273 1
118 282 1
118 411 1
118 284 1
119 223 1
119 288 1
119 195 1
119 89 1
119 453 1
119 261 1
119 485 1
119 200 1
119 77 1
119 397 1
119 315 1
119 438 1
119 344 1
119 217 1
119 154 1
119 155 1
119 317 1
119 478 1
120 37 1
120 102 1
120 201 1
120 170 1
120 174 1
120 494 1
120 465 1
120 83 1
120 404 1
120 26 1
121 230 1
121 7 1
121 167 1
121 106 1
121 236 1
121 79 1
121 368 1
121 496 1
121 469 1
121 345 1
122 224 1
122 33 1
122 134 1
122 295 1
122 6 1
122 265 1
122 105 1
122 457 1
122 12 1
122 369 1
122 435 1
122 20 1
122 86 1
123 384 1
123 324 1
123 318 1
123 490 1
123 331 1
123 498 1
123 51 1
123 178 1
123 182 1
123 87 1
123 382 1
124 10 1
124 107 1
124 345 1
124 333 1
124 13 1
124 79 1
124 237 1
124 469 1
124 215 1
124 125 1
124 412 1
124 157 1
125 107 1
125 469 1
125 215 1
125 124 1
125 412 1
126 163 1
126 135 1
126 104 1
126 266 1
126 458 1
126 272 1
126 274 1
126 244 1
126 309 1
126 407 1
126 312 1
127 159 1
127 69 1
127 488 1
127 111 1
127 346 1
127 348 1
128 160 1
128 259 1
128 133 1
128 455 1
128 460 1
128 109 1
128 335 1
128 17 1
128 49 1
128 180 1
128 246 1
128 472 1
128 314 1
128 475 1
129 258 1
129 357 1
129 40 1
129 104 1
129 425 1
129 468 1
129 341 1
129 23 1
129 312 1
129 30 1
130 2 1
130 198 1
130 235 1
130 269 1
130 112 1
130 240 1
130 400 1
130 316 1
131 255 1
131 1 1
131 276 1
131 150 1
131 294 1
131 51 1
131 444 1
131 445 1
131 318 1
131 461 1
131 467 1
131 340 1
131 88 1
131 225 1
131 242 1
131 375 1
131 248 1
131 251 1
131 253 1
132 33 1
132 482 1
132 324 1
132 134 1
132 103 1
132 168 1
132 73 1
132 105 1
132 459 1
132 365 1
132 270 1
132 499 1
132 376 1
132 281 1
132 61 1
132 318 1
133 128 1
133 298 1
133 363 1
133 398 1
133 335 1
133 17 1
133 472 1
133 317 1
134 33 1
134 482 1
134 324 1
134 132 1
134 198 1
134 71 1
134 103 1
134 105 1
134 12 1
134 46 1
134 146 1
134 20 1
134 310 1
134 376 1
134 122 1
135 415 1
135 416 1
135 458 1
135 43 1
135 266 1
135 113 1
135 407 1
135 184 1
135 126 1
136 229 1
136 138 1
136 110 1
136 337 1
136 50 1
136 466 1
136 21 1
136 24 1
136 409 1
136 347 1
136 92 1
136 414 1
137 413 1
137 484 1
137 100 1
137 38 1
137 297 1
137 490 1
137 75 1
137 461 1
137 51 1
137 116 1
137 53 1
137 374 1
137 150 1
137 443 1
137 93 1
138 418 1
138 197 1
138 136 1
138 435 1
138 21 1
138 86 1
138 187 1
138 92 1
139 166 1
139 168 1
139 365 1
139 369 1
139 50 1
139 435 1
139 243 1
139 441 1
139 61 1
139 414 1
140 358 1
140 176 1
140 145 1
140 343 1
140 56 1
140 284 1
140 94 1
140 158 1
141 223 1
141 99 1
141 68 1
141 261 1
141 301 1
141 174 1
141 337 1
141 60 1
141 83 1
141 307 1
141 26 1
141 315 1
141 380 1
141 446 1
142 479 1
142 222 1
142 35 1
142 68 1
142 72 1
142 73 1
142 42 1
142 328 1
142 462 1
142 431 1
142 380 1
142 84 1
142 436 1
142 217 1
142 62 1
142 285 1
142 446 1
143 31 1
143 352 1
143 291 1
143 388 1
143 420 1
143 39 1
143 170 1
143 492 1
143 18 1
143 115 1
143 404 1
143 117 1
143 213 1
143 373 1
143 182 1
143 218 1
143 381 1
143 286 1
144 95 1
144 449 1
144 226 1
144 452 1
144 264 1
144 202 1
144 11 1
144 395 1
144 238 1
144 114 1
144 434 1
144 149 1
144 250 1
145 419 1
145 227 1
145 358 1
145 268 1
145 140 1
145 176 1
145 208 1
145 372 1
145 343 1
145 56 1
145 411 1
145 284 1
145 349 1
145 158 1
146 343 1
146 483 1
146 324 1
146 134 1
146 71 1
146 8 1
146 103 1
146 296 1
146 198 1
146 12 1
146 400 1
146 498 1
146 182 1
146 55 1
146 310 1
147 417 1
147 386 1
147 451 1
147 260 1
147 486 1
147 76 1
147 80 1
147 378 1
147 27 1
148 96 1
148 160 1
148 192 1
148 67 1
148 389 1
148 393 1
148 27 1
148 109 1
148 242 1
148 440 1
148 314 1
148 219 1
148 444 1
149 95 1
149 449 1
149 194 1
149 452 1
149 264 1
149 456 1
149 330 1
149 202 1
149 238 1
149 16 1
149 144 1
149 89 1
149 250 1
149 59 1
150 320 1
150 131 1
150 100 1
150 248 1
150 38 1
150 477 1
150 137 1
150 490 1
150 461 1
150 51 1
150 116 1
150 22 1
150 88 1
150 25 1
150 413 1
151 454 1
151 201 1
151 489 1
151 426 1
151 236 1
151 430 1
151 338 1
151 342 1
151 471 1
151 474 1
152 418 1
152 197 1
152 105 1
152 459 1
152 365 1
152 28 1
152 21 1
152 441 1
152 187 1
152 92 1
152 61 1
152 414 1
153 192 1
153 67 1
153 11 1
153 332 1
153 27 1
153 378 1
153 246 1
153 314 1
153 475 1
154 390 1
154 397 1
154 495 1
154 438 1
154 119 1
154 155 1
154 478 1
155 223 1
155 453 1
155 261 1
155 26 1
155 397 1
155 495 1
155 119 1
155 344 1
155 154 1
155 478 1
156 293 1
156 165 1
156 106 1
156 15 1
156 496 1
156 401 1
156 175 1
156 339 1
156 405 1
156 253 1
156 379 1
156 221 1
157 63 1
157 159 1
157 162 1
157 423 1
157 329 1
157 10 1
157 428 1
157 13 1
157 237 1
157 79 1
157 111 1
157 239 1
157 333 1
157 275 1
157 469 1
157 216 1
157 124 1
158 358 1
158 140 1
158 176 1
158 145 1
158 282 1
158 411 1
159 127 1
159 162 1
159 69 1
159 488 1
159 237 1
159 111 1
159 239 1
159 275 1
159 348 1
159 157 1
160 383 1
160 128 1
160 192 1
160 96 1
160 259 1
160 421 1
160 9 1
160 393 1
160 460 1
160 109 1
160 17 1
160 242 1
160 148 1
160 341 1
160 276 1
160 314 1
160 219 1
160 476 1
161 447 1
161 290 1
161 36 1
161 196 1
161 5 1
161 359 1
161 10 1
161 426 1
161 234 1
161 79 1
161 178 1
161 245 1
161 183 1
162 159 1
162 196 1
162 488 1
162 10 1
162 234 1
162 237 1
162 367 1
162 239 1
162 346 1
162 210 1
162 275 1
162 371 1
162 474 1
162 348 1
162 157 1
163 357 1
163 104 1
163 266 1
163 171 1
163 47 1
163 48 1
163 177 1
163 308 1
163 407 1
163 312 1
163 186 1
163 476 1
163 126 1
164 255 1
164 448 1
164 1 1
164 66 1
164 3 1
164 385 1
164 294 1
164 429 1
164 399 1
164 277 1
164 279 1
164 408 1
164 58 1
165 320 1
165 228 1
165 293 1
165 173 1
165 15 1
165 181 1
165 437 1
165 379 1
165 156 1
165 221 1
166 32 1
166 289 1
166 322 1
166 481 1
166 168 1
166 457 1
166 139 1
166 369 1
166 50 1
166 243 1
166 499 1
166 61 1
166 58 1
166 29 1
167 230 1
167 427 1
167 44 1
167 236 1
167 79 1
167 368 1
167 497 1
167 114 1
167 434 1
167 121 1
168 132 1
168 139 1
168 277 1
168 33 1
168 289 1
168 166 1
168 294 1
168 295 1
168 432 1
168 58 1
168 61 1
168 318 1
168 73 1
168 103 1
168 365 1
168 369 1
168 499 1
168 375 1
168 376 1
169 64 1
169 483 1
169 388 1
169 8 1
169 296 1
169 206 1
169 304 1
169 336 1
169 115 1
169 53 1
169 470 1
169 55 1
169 280 1
169 182 1
170 388 1
170 143 1
170 18 1
170 404 1
170 410 1
170 286 1
170 420 1
170 37 1
170 57 1
170 201 1
170 464 1
170 465 1
170 83 1
170 213 1
170 218 1
170 352 1
170 102 1
170 492 1
170 120 1
171 406 1
171 96 1
171 184 1
171 163 1
171 266 1
171 47 1
171 52 1
171 244 1
171 308 1
171 407 1
171 312 1
171 186 1
171 476 1
172 226 1
172 452 1
172 439 1
172 454 1
172 391 1
172 456 1
172 326 1
172 238 1
172 342 1
172 471 1
172 350 1
173 320 1
173 480 1
173 165 1
173 38 1
173 231 1
173 15 1
173 181 1
173 25 1
173 379 1
173 221 1
174 257 1
174 102 1
174 201 1
174 301 1
174 141 1
174 83 1
174 120 1
174 26 1
174 350 1
175 67 1
175 260 1
175 293 1
175 179 1
175 211 1
175 339 1
175 405 1
175 311 1
175 156 1
176 392 1
176 140 1
176 208 1
176 145 1
176 118 1
176 282 1
176 411 1
176 284 1
176 94 1
176 158 1
177 163 1
177 259 1
177 357 1
177 460 1
177 47 1
177 49 1
177 214 1
177 312 1
177 476 1
178 256 1
178 161 1
178 384 1
178 36 1
178 388 1
178 359 1
178 331 1
178 45 1
178 370 1
178 51 1
178 245 1
178 182 1
178 183 1
178 87 1
178 123 1
178 445 1
178 382 1
179 192 1
179 450 1
179 67 1
179 230 1
179 332 1
179 78 1
179 175 1
179 497 1
179 211 1
179 339 1
179 405 1
179 311 1
179 444 1
179 445 1
180 128 1
180 192 1
180 449 1
180 421 1
180 11 1
180 332 1
180 395 1
180 335 1
180 17 1
180 246 1
180 314 1
180 475 1
181 320 1
181 228 1
181 165 1
181 231 1
181 173 1
181 15 1
181 437 1
181 25 1
181 221 1
182 256 1
182 388 1
182 143 1
182 400 1
182 146 1
182 286 1
182 291 1
182 169 1
182 178 1
182 55 1
182 57 1
182 64 1
182 324 1
182 71 1
182 331 1
182 336 1
182 87 1
182 218 1
182 483 1
182 359 1
182 370 1
182 498 1
182 123 1
182 382 1
183 387 1
183 10 1
183 13 1
183 161 1
183 45 1
183 304 1
183 178 1
183 319 1
183 196 1
183 327 1
183 331 1
183 333 1
183 216 1
183 345 1
183 359 1
183 234 1
183 493 1
183 370 1
183 373 1
183 245 1
184 415 1
184 289 1
184 407 1
184 135 1
184 266 1
184 171 1
184 43 1
184 207 1
184 113 1
184 52 1
184 244 1
184 406 1
184 279 1
184 276 1
184 442 1
185 101 1
185 197 1
185 328 1
185 72 1
185 360 1
185 459 1
185 300 1
185 270 1
185 337 1
185 60 1
185 28 1
185 249 1
185 380 1
186 96 1
186 386 1
186 163 1
186 323 1
186 486 1
186 41 1
186 362 1
186 171 1
186 109 1
186 47 1
186 48 1
186 49 1
186 52 1
186 308 1
186 406 1
186 440 1
186 476 1
187 418 1
187 265 1
187 105 1
187 138 1
187 365 1
187 435 1
187 92 1
187 21 1
187 86 1
187 152 1
187 441 1
187 28 1
188 354 1
188 4 1
188 199 1
188 204 1
188 305 1
189 479 1
189 257 1
189 222 1
189 102 1
189 233 1
189 491 1
189 301 1
189 271 1
189 433 1
189 403 1
189 62 1
190 351 1
190 356 1
190 262 1
190 74 1
190 299 1
190 269 1
190 112 1
190 306 1
190 278 1
191 0 1
191 228 1
191 78 1
191 209 1
191 19 1
191 437 1
191 473 1
191 379 1
191 477 1
191 254 1
192 389 1
192 11 1
192 403 1
192 148 1
192 153 1
192 160 1
192 35 1
192 421 1
192 179 1
192 180 1
192 311 1
192 314 1
192 444 1
192 450 1
192 67 1
192 332 1
192 475 1
192 219 1
192 225 1
192 497 1
192 242 1
193 288 1
193 357 1
193 460 1
193 241 1
193 468 1
193 341 1
193 214 1
194 95 1
194 452 1
194 456 1
194 264 1
194 330 1
194 363 1
194 16 1
194 149 1
194 59 1
195 288 1
195 258 1
195 485 1
195 261 1
195 200 1
195 425 1
195 241 1
195 307 1
195 468 1
195 119 1
195 217 1
195 317 1
195 30 1
196 352 1
196 161 1
196 162 1
196 388 1
196 5 1
196 359 1
196 201 1
196 10 1
196 234 1
196 426 1
196 338 1
196 371 1
196 373 1
196 183 1
196 474 1
197 34 1
197 418 1
197 4 1
197 360 1
197 138 1
197 337 1
197 466 1
197 305 1
197 92 1
197 152 1
197 185 1
197 28 1
197 252 1
197 414 1
198 224 1
198 2 1
198 130 1
198 134 1
198 71 1
198 235 1
198 12 1
198 400 1
198 240 1
198 146 1
198 20 1
198 470 1
198 343 1
198 316 1
199 438 1
199 354 1
199 4 1
199 485 1
199 390 1
199 361 1
199 397 1
199 305 1
199 337 1
199 307 1
199 188 1
199 315 1
199 252 1
200 288 1
200 195 1
200 485 1
200 9 1
200 77 1
200 398 1
200 17 1
200 402 1
200 341 1
200 119 1
200 472 1
200 217 1
200 317 1
201 352 1
201 196 1
201 5 1
201 102 1
201 426 1
201 170 1
201 491 1
201 301 1
201 174 1
201 14 1
201 430 1
201 338 1
201 404 1
201 213 1
201 151 1
201 120 1
201 474 1
201 350 1
202 449 1
202 421 1
202 264 1
202 298 1
202 77 1
202 398 1
202 271 1
202 144 1
202 402 1
202 149 1
202 89 1
202 250 1
203 255 1
203 448 1
203 88 1
203 292 1
203 396 1
203 429 1
203 78 1
203 209 1
203 467 1
203 19 1
203 340 1
203 440 1
203 251 1
203 254 1
204 354 1
204 70 1
204 397 1
204 494 1
204 305 1
204 315 1
204 188 1
205 325 1
205 104 1
205 108 1
205 110 1
205 50 1
205 274 1
205 309 1
205 347 1
205 24 1
205 283 1
205 414 1
206 483 1
206 8 1
206 169 1
206 394 1
206 297 1
206 296 1
206 304 1
206 53 1
206 470 1
206 55 1
206 56 1
206 349 1
207 289 1
207 322 1
207 66 1
207 43 1
207 81 1
207 113 1
207 212 1
207 442 1
207 54 1
207 279 1
207 184 1
207 58 1
208 419 1
208 392 1
208 268 1
208 176 1
208 145 1
208 118 1
208 411 1
208 284 1
208 349 1
209 191 1
209 0 1
209 451 1
209 292 1
209 203 1
209 78 1
209 19 1
209 440 1
209 473 1
209 251 1
209 254 1
210 162 1
210 423 1
210 488 1
210 90 1
210 10 1
210 428 1
210 275 1
210 371 1
210 474 1
211 230 1
211 427 1
211 175 1
211 497 1
211 179 1
211 339 1
211 311 1
212 32 1
212 481 1
212 322 1
212 289 1
212 43 1
212 207 1
212 81 1
212 113 1
212 54 1
212 220 1
212 29 1
213 31 1
213 352 1
213 420 1
213 388 1
213 102 1
213 201 1
213 170 1
213 143 1
213 82 1
213 338 1
213 404 1
213 371 1
214 193 1
214 357 1
214 460 1
214 177 1
214 241 1
214 341 1
214 312 1
214 476 1
215 107 1
215 237 1
215 469 1
215 124 1
215 125 1
216 98 1
216 10 1
216 234 1
216 237 1
216 13 1
216 239 1
216 304 1
216 373 1
216 183 1
216 157 1
217 258 1
217 261 1
217 9 1
217 142 1
217 402 1
217 285 1
217 30 1
217 288 1
217 35 1
217 421 1
217 446 1
217 62 1
217 195 1
217 68 1
217 453 1
217 200 1
217 77 1
217 462 1
217 85 1
217 341 1
217 479 1
217 119 1
218 291 1
218 388 1
218 71 1
218 424 1
218 170 1
218 300 1
218 377 1
218 46 1
218 143 1
218 464 1
218 465 1
218 83 1
218 182 1
218 57 1
218 380 1
218 286 1
219 383 1
219 160 1
219 225 1
219 192 1
219 35 1
219 421 1
219 9 1
219 462 1
219 242 1
219 148 1
220 32 1
220 481 1
220 416 1
220 458 1
220 43 1
220 81 1
220 113 1
220 212 1
221 319 1
221 387 1
221 165 1
221 38 1
221 7 1
221 231 1
221 107 1
221 173 1
221 15 1
221 496 1
221 401 1
221 412 1
221 181 1
221 405 1
221 247 1
221 379 1
221 156 1
221 253 1
222 479 1
222 257 1
222 68 1
222 233 1
222 42 1
222 142 1
222 433 1
222 436 1
222 380 1
222 189 1
222 62 1
223 261 1
223 70 1
223 485 1
223 141 1
223 397 1
223 495 1
223 155 1
223 119 1
223 26 1
223 315 1
224 2 1
224 198 1
224 392 1
224 235 1
224 12 1
224 400 1
224 20 1
224 343 1
224 122 1
225 383 1
225 384 1
225 131 1
225 403 1
225 276 1
225 35 1
225 36 1
225 431 1
225 51 1
225 436 1
225 444 1
225 445 1
225 192 1
225 450 1
225 462 1
225 84 1
225 219 1
225 242 1
225 375 1
226 263 1
226 144 1
226 403 1
226 422 1
226 172 1
226 44 1
226 434 1
226 447 1
226 452 1
226 326 1
226 454 1
226 471 1
226 95 1
226 489 1
226 491 1
226 236 1
226 238 1
226 114 1
226 250 1
227 3 1
227 6 1
227 8 1
227 267 1
227 268 1
227 399 1
227 145 1
227 273 1
227 277 1
227 411 1
227 297 1
227 303 1
227 432 1
227 310 1
227 56 1
227 65 1
227 461 1
227 349 1
227 93 1
227 364 1
227 372 1
227 374 1
228 191 1
228 0 1
228 451 1
228 165 1
228 293 1
228 15 1
228 181 1
228 437 1
228 473 1
229 136 1
229 110 1
229 466 1
229 252 1
229 409 1
229 92 1
230 450 1
230 121 1
230 167 1
230 106 1
230 427 1
230 79 1
230 368 1
230 497 1
230 496 1
230 179 1
230 211 1
230 339 1
230 405 1
230 245 1
230 345 1
230 445 1
231 319 1
231 38 1
231 107 1
231 173 1
231 15 1
231 181 1
231 412 1
231 221 1
232 422 1
232 326 1
232 489 1
232 342 1
232 471 1
233 447 1
233 479 1
233 97 1
233 290 1
233 450 1
233 36 1
233 491 1
233 14 1
233 433 1
233 403 1
233 436 1
233 189 1
233 222 1
234 31 1
234 352 1
234 161 1
234 98 1
234 162 1
234 196 1
234 10 1
234 13 1
234 239 1
234 367 1
234 371 1
234 373 1
234 183 1
234 216 1
235 224 1
235 130 1
235 198 1
235 392 1
235 296 1
235 12 1
235 400 1
235 470 1
235 343 1
235 284 1
235 316 1
235 94 1
236 63 1
236 447 1
236 226 1
236 454 1
236 167 1
236 489 1
236 10 1
236 426 1
236 44 1
236 430 1
236 79 1
236 497 1
236 114 1
236 151 1
236 121 1
236 474 1
237 159 1
237 162 1
237 329 1
237 13 1
237 111 1
237 239 1
237 469 1
237 215 1
237 216 1
237 124 1
237 157 1
238 226 1
238 452 1
238 454 1
238 456 1
238 491 1
238 172 1
238 271 1
238 144 1
238 403 1
238 149 1
238 439 1
238 344 1
238 89 1
238 250 1
238 59 1
238 350 1
239 31 1
239 159 1
239 98 1
239 162 1
239 10 1
239 234 1
239 237 1
239 367 1
239 216 1
239 348 1
239 157 1
240 351 1
240 2 1
240 130 1
240 291 1
240 356 1
240 198 1
240 71 1
240 262 1
240 269 1
240 112 1
240 400 1
240 306 1
240 336 1
240 316 1
241 288 1
241 193 1
241 195 1
241 460 1
241 468 1
241 341 1
241 214 1
241 472 1
241 317 1
241 30 1
242 383 1
242 96 1
242 225 1
242 160 1
242 192 1
242 131 1
242 389 1
242 294 1
242 393 1
242 251 1
242 148 1
242 340 1
242 276 1
242 375 1
242 219 1
242 444 1
243 289 1
243 481 1
243 322 1
243 166 1
243 139 1
243 108 1
243 302 1
243 272 1
243 50 1
243 274 1
243 499 1
243 309 1
243 441 1
243 61 1
243 414 1
244 383 1
244 289 1
244 312 1
244 104 1
244 266 1
244 171 1
244 108 1
244 43 1
244 302 1
244 272 1
244 274 1
244 52 1
244 23 1
244 184 1
244 126 1
245 447 1
245 161 1
245 290 1
245 450 1
245 36 1
245 230 1
245 10 1
245 45 1
245 79 1
245 497 1
245 178 1
245 183 1
245 345 1
245 445 1
246 128 1
246 455 1
246 475 1
246 395 1
246 332 1
246 335 1
246 80 1
246 49 1
246 314 1
246 180 1
246 153 1
246 378 1
246 27 1
247 387 1
247 7 1
247 107 1
247 333 1
247 45 1
247 496 1
247 401 1
247 253 1
247 345 1
247 412 1
247 221 1
248 131 1
248 445 1
248 38 1
248 78 1
248 51 1
248 19 1
248 467 1
248 22 1
248 150 1
248 88 1
248 379 1
248 251 1
248 444 1
248 253 1
249 321 1
249 34 1
249 101 1
249 360 1
249 424 1
249 300 1
249 46 1
249 185 1
249 60 1
250 449 1
250 226 1
250 421 1
250 202 1
250 238 1
250 271 1
250 144 1
250 114 1
250 403 1
250 149 1
250 89 1
250 59 1
251 255 1
251 131 1
251 248 1
251 389 1
251 203 1
251 78 1
251 209 1
251 242 1
251 467 1
251 340 1
251 440 1
251 379 1
251 444 1
252 4 1
252 197 1
252 229 1
252 199 1
252 361 1
252 337 1
252 466 1
252 305 1
252 92 1
253 387 1
253 131 1
253 445 1
253 38 1
253 327 1
253 490 1
253 45 1
253 496 1
253 51 1
253 405 1
253 22 1
253 247 1
253 248 1
253 345 1
253 379 1
253 156 1
253 221 1
253 444 1
254 191 1
254 448 1
254 320 1
254 413 1
254 100 1
254 203 1
254 396 1
254 78 1
254 209 1
254 19 1
254 437 1
254 477 1
255 448 1
255 1 1
255 131 1
255 3 1
255 164 1
255 294 1
255 292 1
255 203 1
255 396 1
255 429 1
255 399 1
255 467 1
255 340 1
255 276 1
255 88 1
255 251 1
256 384 1
256 36 1
256 359 1
256 42 1
256 431 1
256 433 1
256 178 1
256 465 1
256 436 1
256 182 1
256 87 1
256 57 1
256 382 1
257 222 1
257 68 1
257 102 1
257 42 1
257 301 1
257 174 1
257 465 1
257 433 1
257 83 1
257 380 1
257 189 1
257 62 1
258 288 1
258 129 1
258 195 1
258 485 1
258 261 1
258 40 1
258 425 1
258 307 1
258 468 1
258 85 1
258 23 1
258 217 1
258 30 1
259 96 1
259 128 1
259 160 1
259 460 1
259 109 1
259 47 1
259 17 1
259 49 1
259 177 1
259 341 1
259 472 1
259 314 1
259 476 1
260 417 1
260 451 1
260 67 1
260 293 1
260 332 1
260 175 1
260 147 1
260 311 1
260 473 1
260 378 1
260 27 1
261 258 1
261 141 1
261 26 1
261 155 1
261 307 1
261 315 1
261 60 1
261 446 1
261 62 1
261 195 1
261 68 1
261 453 1
261 77 1
261 85 1
261 344 1
261 217 1
261 223 1
261 479 1
261 485 1
261 119 1
262 351 1
262 190 1
262 287 1
262 2 1
262 291 1
262 71 1
262 299 1
262 492 1
262 112 1
262 240 1
262 464 1
262 306 1
262 278 1
262 377 1
262 410 1
262 286 1
263 226 1
263 452 1
263 69 1
263 326 1
263 422 1
263 330 1
263 44 1
264 95 1
264 449 1
264 194 1
264 298 1
264 363 1
264 202 1
264 395 1
264 335 1
264 16 1
264 144 1
264 149 1
264 89 1
264 59 1
265 418 1
265 424 1
265 105 1
265 46 1
265 20 1
265 86 1
265 122 1
265 187 1
266 415 1
266 184 1
266 163 1
266 135 1
266 104 1
266 458 1
266 171 1
266 43 1
266 272 1
266 113 1
266 52 1
266 244 1
266 407 1
266 312 1
266 126 1
267 65 1
267 227 1
267 358 1
267 75 1
267 303 1
267 372 1
267 374 1
267 443 1
267 93 1
268 419 1
268 227 1
268 6 1
268 12 1
268 208 1
268 145 1
268 432 1
268 118 1
268 376 1
268 411 1
268 310 1
268 349 1
269 130 1
269 356 1
269 112 1
269 240 1
269 306 1
269 316 1
269 190 1
270 482 1
270 132 1
270 101 1
270 72 1
270 73 1
270 42 1
270 459 1
270 328 1
270 281 1
270 499 1
270 185 1
271 479 1
271 421 1
271 453 1
271 202 1
271 491 1
271 77 1
271 238 1
271 301 1
271 402 1
271 403 1
271 344 1
271 89 1
271 250 1
271 62 1
271 189 1
271 350 1
272 481 1
272 104 1
272 266 1
272 43 1
272 458 1
272 302 1
272 274 1
272 243 1
272 244 1
272 309 1
272 126 1
273 65 1
273 353 1
273 227 1
273 3 1
273 385 1
273 6 1
273 487 1
273 355 1
273 303 1
273 399 1
273 277 1
273 118 1
273 408 1
273 282 1
273 411 1
274 481 1
274 40 1
274 104 1
274 458 1
274 108 1
274 205 1
274 302 1
274 272 1
274 50 1
274 243 1
274 244 1
274 309 1
274 283 1
274 126 1
275 159 1
275 162 1
275 69 1
275 423 1
275 488 1
275 10 1
275 428 1
275 111 1
275 210 1
275 348 1
275 157 1
276 255 1
276 96 1
276 225 1
276 160 1
276 131 1
276 383 1
276 289 1
276 294 1
276 375 1
276 393 1
276 429 1
276 242 1
276 52 1
276 340 1
276 279 1
276 184 1
276 442 1
277 385 1
277 3 1
277 6 1
277 399 1
277 273 1
277 408 1
277 29 1
277 164 1
277 294 1
277 295 1
277 168 1
277 432 1
277 54 1
277 58 1
277 457 1
277 91 1
277 227 1
277 487 1
277 369 1
277 376 1
278 351 1
278 356 1
278 262 1
278 74 1
278 299 1
278 492 1
278 18 1
278 117 1
278 410 1
278 190 1
279 289 1
279 66 1
279 3 1
279 164 1
279 385 1
279 294 1
279 408 1
279 429 1
279 207 1
279 276 1
279 442 1
279 54 1
279 184 1
279 58 1
280 64 1
280 169 1
280 336 1
280 304 1
280 115 1
280 373 1
280 470 1
280 55 1
281 482 1
281 324 1
281 132 1
281 382 1
281 72 1
281 73 1
281 42 1
281 46 1
281 270 1
281 87 1
281 57 1
281 380 1
281 318 1
282 65 1
282 355 1
282 358 1
282 487 1
282 176 1
282 273 1
282 372 1
282 118 1
282 411 1
282 158 1
283 104 1
283 425 1
283 40 1
283 108 1
283 205 1
283 110 1
283 274 1
283 24 1
283 409 1
283 414 1
284 419 1
284 392 1
284 235 1
284 12 1
284 140 1
284 176 1
284 145 1
284 208 1
284 118 1
284 343 1
284 94 1
285 383 1
285 72 1
285 328 1
285 73 1
285 462 1
285 142 1
285 499 1
285 84 1
285 85 1
285 23 1
285 217 1
285 446 1
286 291 1
286 262 1
286 71 1
286 170 1
286 492 1
286 143 1
286 464 1
286 182 1
286 377 1
286 218 1
287 2 1
287 418 1
287 37 1
287 262 1
287 424 1
287 299 1
287 334 1
287 112 1
287 464 1
287 20 1
287 377 1
287 410 1
288 193 1
288 258 1
288 195 1
288 485 1
288 200 1
288 77 1
288 462 1
288 241 1
288 468 1
288 341 1
288 119 1
288 472 1
288 217 1
288 317 1
288 30 1
289 383 1
289 276 1
289 279 1
289 294 1
289 166 1
289 168 1
289 43 1
289 302 1
289 52 1
289 184 1
289 58 1
289 442 1
289 322 1
289 207 1
289 212 1
289 243 1
289 244 1
289 499 1
289 375 1
290 447 1
290 161 1
290 97 1
290 450 1
290 36 1
290 5 1
290 359 1
290 233 1
290 426 1
290 14 1
290 245 1
291 351 1
291 483 1
291 388 1
291 262 1
291 39 1
291 71 1
291 492 1
291 143 1
291 240 1
291 336 1
291 306 1
291 115 1
291 400 1
291 182 1
291 218 1
291 381 1
291 286 1
292 255 1
292 451 1
292 323 1
292 389 1
292 67 1
292 203 1
292 109 1
292 78 1
292 429 1
292 209 1
292 340 1
292 406 1
292 440 1
292 473 1
292 442 1
292 27 1
293 0 1
293 67 1
293 260 1
293 165 1
293 228 1
293 78 1
293 15 1
293 175 1
293 405 1
293 437 1
293 473 1
293 379 1
293 156 1
294 255 1
294 383 1
294 1 1
294 131 1
294 3 1
294 276 1
294 277 1
294 279 1
294 289 1
294 164 1
294 168 1
294 429 1
294 432 1
294 51 1
294 58 1
294 318 1
294 340 1
294 103 1
294 242 1
294 499 1
294 375 1
295 32 1
295 33 1
295 353 1
295 385 1
295 6 1
295 487 1
295 168 1
295 457 1
295 369 1
295 277 1
295 376 1
295 122 1
295 91 1
295 29 1
296 483 1
296 8 1
296 169 1
296 394 1
296 235 1
296 206 1
296 400 1
296 146 1
296 470 1
296 343 1
296 310 1
297 480 1
297 227 1
297 8 1
297 137 1
297 206 1
297 366 1
297 116 1
297 53 1
297 374 1
297 56 1
297 349 1
298 449 1
298 133 1
298 264 1
298 202 1
298 363 1
298 398 1
298 335 1
298 16 1
298 89 1
298 59 1
298 317 1
299 287 1
299 262 1
299 74 1
299 492 1
299 112 1
299 278 1
299 410 1
299 190 1
300 321 1
300 34 1
300 99 1
300 482 1
300 101 1
300 185 1
300 72 1
300 249 1
300 424 1
300 46 1
300 380 1
300 83 1
300 57 1
300 218 1
300 60 1
301 257 1
301 68 1
301 453 1
301 454 1
301 102 1
301 201 1
301 491 1
301 141 1
301 174 1
301 271 1
301 430 1
301 83 1
301 344 1
301 26 1
301 62 1
301 189 1
301 350 1
302 383 1
302 289 1
302 481 1
302 322 1
302 43 1
302 108 1
302 272 1
302 50 1
302 243 1
302 244 1
302 274 1
302 499 1
303 65 1
303 227 1
303 267 1
303 364 1
303 399 1
303 273 1
303 408 1
303 93 1
304 319 1
304 64 1
304 280 1
304 169 1
304 331 1
304 13 1
304 206 1
304 493 1
304 370 1
304 53 1
304 373 1
304 55 1
304 216 1
304 183 1
305 321 1
305 354 1
305 34 1
305 99 1
305 4 1
305 197 1
305 199 1
305 360 1
305 361 1
305 204 1
305 494 1
305 337 1
305 307 1
305 188 1
305 252 1
305 315 1
305 60 1
306 351 1
306 2 1
306 291 1
306 356 1
306 262 1
306 269 1
306 112 1
306 240 1
306 190 1
307 258 1
307 354 1
307 195 1
307 261 1
307 485 1
307 199 1
307 361 1
307 425 1
307 141 1
307 305 1
307 337 1
307 85 1
307 409 1
307 315 1
307 60 1
307 446 1
308 163 1
308 362 1
308 171 1
308 463 1
308 48 1
308 406 1
308 407 1
308 186 1
309 481 1
309 325 1
309 458 1
309 205 1
309 272 1
309 274 1
309 243 1
309 50 1
309 126 1
310 419 1
310 227 1
310 6 1
310 103 1
310 8 1
310 134 1
310 296 1
310 394 1
310 12 1
310 268 1
310 432 1
310 146 1
310 498 1
310 343 1
310 376 1
310 349 1
311 192 1
311 67 1
311 260 1
311 11 1
311 427 1
311 332 1
311 175 1
311 497 1
311 114 1
311 179 1
311 211 1
311 434 1
312 96 1
312 129 1
312 163 1
312 357 1
312 104 1
312 266 1
312 171 1
312 108 1
312 177 1
312 52 1
312 244 1
312 214 1
312 23 1
312 341 1
312 476 1
312 126 1
313 319 1
313 480 1
313 38 1
313 493 1
313 366 1
313 116 1
314 128 1
314 160 1
314 192 1
314 259 1
314 67 1
314 421 1
314 27 1
314 109 1
314 80 1
314 17 1
314 49 1
314 148 1
314 180 1
314 246 1
314 153 1
314 475 1
315 223 1
315 321 1
315 354 1
315 99 1
315 261 1
315 70 1
315 199 1
315 485 1
315 204 1
315 141 1
315 397 1
315 494 1
315 305 1
315 337 1
315 307 1
315 119 1
315 26 1
315 60 1
316 351 1
316 130 1
316 356 1
316 198 1
316 235 1
316 269 1
316 240 1
316 400 1
316 336 1
316 470 1
317 288 1
317 195 1
317 453 1
317 133 1
317 485 1
317 200 1
317 298 1
317 363 1
317 77 1
317 398 1
317 16 1
317 241 1
317 402 1
317 438 1
317 119 1
317 472 1
317 89 1
317 478 1
318 384 1
318 131 1
318 324 1
318 132 1
318 294 1
318 103 1
318 168 1
318 73 1
318 431 1
318 432 1
318 498 1
318 51 1
318 375 1
318 281 1
318 87 1
318 123 1
318 382 1
319 480 1
319 387 1
319 38 1
319 231 1
319 327 1
319 493 1
319 13 1
319 366 1
319 304 1
319 53 1
319 183 1
319 313 1
319 412 1
319 221 1
320 484 1
320 165 1
320 38 1
320 173 1
320 181 1
320 22 1
320 150 1
320 437 1
320 25 1
320 379 1
320 477 1
320 254 1
321 34 1
321 99 1
321 37 1
321 424 1
321 360 1
321 300 1
321 494 1
321 305 1
321 337 1
321 83 1
321 249 1
321 315 1
321 60 1
322 32 1
322 289 1
322 481 1
322 166 1
322 43 1
322 302 1
322 207 1
322 369 1
322 243 1
322 212 1
322 54 1
322 58 1
322 29 1
323 417 1
323 386 1
323 451 1
323 292 1
323 109 1
323 406 1
323 440 1
323 186 1
323 27 1
324 482 1
324 57 1
324 132 1
324 134 1
324 71 1
324 103 1
324 46 1
324 146 1
324 498 1
324 182 1
324 87 1
324 281 1
324 123 1
324 318 1
325 50 1
325 347 1
325 205 1
325 309 1
326 226 1
326 452 1
326 422 1
326 263 1
326 232 1
326 454 1
326 391 1
326 471 1
326 172 1
326 456 1
326 342 1
326 439 1
327 319 1
327 387 1
327 38 1
327 490 1
327 331 1
327 45 1
327 493 1
327 183 1
327 253 1
328 68 1
328 72 1
328 73 1
328 446 1
328 459 1
328 270 1
328 142 1
328 28 1
328 337 1
328 499 1
328 85 1
328 185 1
328 60 1
328 285 1
328 414 1
329 111 1
329 157 1
329 237 1
330 194 1
330 452 1
330 263 1
330 456 1
330 149 1
331 64 1
331 327 1
331 490 1
331 45 1
331 493 1
331 304 1
331 178 1
331 51 1
331 370 1
331 53 1
331 182 1
331 55 1
331 498 1
331 87 1
331 123 1
331 183 1
331 382 1
332 192 1
332 67 1
332 260 1
332 11 1
332 395 1
332 378 1
332 179 1
332 180 1
332 246 1
332 311 1
332 153 1
332 475 1
332 27 1
333 387 1
333 7 1
333 10 1
333 107 1
333 13 1
333 124 1
333 469 1
333 183 1
333 247 1
333 345 1
333 412 1
333 157 1
334 287 1
334 34 1
334 418 1
334 37 1
334 424 1
334 360 1
335 128 1
335 449 1
335 133 1
335 421 1
335 264 1
335 298 1
335 11 1
335 395 1
335 363 1
335 398 1
335 17 1
335 180 1
335 246 1
336 351 1
336 291 1
336 356 1
336 483 1
336 280 1
336 39 1
336 388 1
336 169 1
336 240 1
336 400 1
336 115 1
336 470 1
336 182 1
336 316 1
336 381 1
337 136 1
337 141 1
337 21 1
337 409 1
337 28 1
337 414 1
337 425 1
337 305 1
337 307 1
337 185 1
337 315 1
337 60 1
337 446 1
337 321 1
337 197 1
337 199 1
337 328 1
337 466 1
337 85 1
337 92 1
337 360 1
337 361 1
337 252 1
338 352 1
338 196 1
338 201 1
338 489 1
338 90 1
338 426 1
338 371 1
338 404 1
338 213 1
338 151 1
338 474 1
339 230 1
339 106 1
339 427 1
339 175 1
339 368 1
339 401 1
339 179 1
339 211 1
339 405 1
339 156 1
340 255 1
340 131 1
340 292 1
340 389 1
340 294 1
340 393 1
340 203 1
340 429 1
340 242 1
340 467 1
340 276 1
340 406 1
340 440 1
340 442 1
340 251 1
341 383 1
341 129 1
341 259 1
341 9 1
341 17 1
341 23 1
341 30 1
341 160 1
341 288 1
341 52 1
341 312 1
341 193 1
341 200 1
341 460 1
341 462 1
341 468 1
341 214 1
341 472 1
341 217 1
341 476 1
341 96 1
341 357 1
341 241 1
342 454 1
342 326 1
342 232 1
342 489 1
342 172 1
342 430 1
342 471 1
342 151 1
342 350 1
343 224 1
343 419 1
343 198 1
343 296 1
343 394 1
343 235 1
343 12 1
343 140 1
343 400 1
343 145 1
343 146 1
343 470 1
343 56 1
343 284 1
343 310 1
343 349 1
343 94 1
344 453 1
344 261 1
344 391 1
344 456 1
344 439 1
344 350 1
344 478 1
344 301 1
344 238 1
344 271 1
344 16 1
344 119 1
344 89 1
344 26 1
344 155 1
344 62 1
345 247 1
345 387 1
345 445 1
345 230 1
345 7 1
345 10 1
345 106 1
345 45 1
345 333 1
345 79 1
345 496 1
345 245 1
345 469 1
345 183 1
345 121 1
345 124 1
345 253 1
346 127 1
346 162 1
346 488 1
346 367 1
346 82 1
346 371 1
346 90 1
346 348 1
347 325 1
347 136 1
347 205 1
347 110 1
347 50 1
347 21 1
347 24 1
348 127 1
348 159 1
348 162 1
348 488 1
348 239 1
348 367 1
348 82 1
348 275 1
348 371 1
348 346 1
349 419 1
349 227 1
349 8 1
349 297 1
349 394 1
349 268 1
349 206 1
349 208 1
349 145 1
349 310 1
349 343 1
349 56 1
349 374 1
350 454 1
350 201 1
350 491 1
350 172 1
350 301 1
350 238 1
350 271 1
350 174 1
350 430 1
350 342 1
350 439 1
350 344 1
350 26 1
351 291 1
351 356 1
351 262 1
351 492 1
351 336 1
351 240 1
351 18 1
351 306 1
351 278 1
351 316 1
351 381 1
351 190 1
352 31 1
352 388 1
352 196 1
352 5 1
352 102 1
352 359 1
352 201 1
352 170 1
352 234 1
352 143 1
352 367 1
352 338 1
352 371 1
352 213 1
352 373 1
353 385 1
353 295 1
353 487 1
353 273 1
353 408 1
353 91 1
354 70 1
354 199 1
354 204 1
354 397 1
354 305 1
354 307 1
354 315 1
354 188 1
355 65 1
355 358 1
355 487 1
355 273 1
355 372 1
355 282 1
356 351 1
356 269 1
356 336 1
356 240 1
356 18 1
356 306 1
356 117 1
356 278 1
356 316 1
356 381 1
356 190 1
357 193 1
357 129 1
357 163 1
357 104 1
357 177 1
357 468 1
357 341 1
357 214 1
357 312 1
357 476 1
358 355 1
358 267 1
358 140 1
358 145 1
358 372 1
358 374 1
358 56 1
358 282 1
358 411 1
358 158 1
359 256 1
359 388 1
359 5 1
359 14 1
359 161 1
359 290 1
359 36 1
359 433 1
359 178 1
359 182 1
359 183 1
359 57 1
359 196 1
359 465 1
359 352 1
359 97 1
359 102 1
359 370 1
359 373 1
360 321 1
360 34 1
360 418 1
360 197 1
360 101 1
360 424 1
360 105 1
360 249 1
360 46 1
360 334 1
360 305 1
360 337 1
360 28 1
360 185 1
360 60 1
361 199 1
361 425 1
361 305 1
361 466 1
361 307 1
361 337 1
361 409 1
361 252 1
362 415 1
362 386 1
362 41 1
362 463 1
362 48 1
362 308 1
362 406 1
362 186 1
363 194 1
363 133 1
363 264 1
363 298 1
363 398 1
363 335 1
363 16 1
363 317 1
363 478 1
364 448 1
364 413 1
364 227 1
364 461 1
364 303 1
364 399 1
364 408 1
364 93 1
365 33 1
365 132 1
365 168 1
365 105 1
365 139 1
365 459 1
365 369 1
365 435 1
365 499 1
365 152 1
365 441 1
365 187 1
365 61 1
366 319 1
366 480 1
366 297 1
366 493 1
366 116 1
366 53 1
366 313 1
367 31 1
367 352 1
367 162 1
367 234 1
367 239 1
367 82 1
367 371 1
367 346 1
367 348 1
368 230 1
368 167 1
368 106 1
368 427 1
368 496 1
368 339 1
368 121 1
369 33 1
369 322 1
369 166 1
369 295 1
369 168 1
369 457 1
369 122 1
369 139 1
369 365 1
369 435 1
369 277 1
369 86 1
369 376 1
369 58 1
369 29 1
370 64 1
370 388 1
370 359 1
370 331 1
370 493 1
370 304 1
370 178 1
370 373 1
370 182 1
370 55 1
370 183 1
371 31 1
371 352 1
371 162 1
371 196 1
371 488 1
371 234 1
371 367 1
371 346 1
371 82 1
371 210 1
371 338 1
371 213 1
371 474 1
371 90 1
371 348 1
372 65 1
372 355 1
372 227 1
372 358 1
372 267 1
372 145 1
372 374 1
372 56 1
372 282 1
372 411 1
373 31 1
373 64 1
373 352 1
373 98 1
373 196 1
373 280 1
373 388 1
373 359 1
373 234 1
373 143 1
373 304 1
373 370 1
373 115 1
373 183 1
373 216 1
374 227 1
374 358 1
374 8 1
374 137 1
374 297 1
374 267 1
374 75 1
374 461 1
374 490 1
374 432 1
374 93 1
374 116 1
374 53 1
374 372 1
374 56 1
374 443 1
374 349 1
375 383 1
375 384 1
375 225 1
375 289 1
375 131 1
375 35 1
375 294 1
375 168 1
375 73 1
375 462 1
375 431 1
375 242 1
375 51 1
375 84 1
375 276 1
375 499 1
375 318 1
376 33 1
376 132 1
376 134 1
376 103 1
376 6 1
376 168 1
376 295 1
376 12 1
376 268 1
376 432 1
376 369 1
376 277 1
376 310 1
377 287 1
377 2 1
377 262 1
377 71 1
377 424 1
377 46 1
377 464 1
377 20 1
377 218 1
377 286 1
378 417 1
378 260 1
378 486 1
378 455 1
378 76 1
378 332 1
378 80 1
378 49 1
378 147 1
378 246 1
378 153 1
378 27 1
379 191 1
379 320 1
379 165 1
379 293 1
379 38 1
379 173 1
379 78 1
379 253 1
379 405 1
379 22 1
379 437 1
379 248 1
379 156 1
379 251 1
379 221 1
379 477 1
379 444 1
380 257 1
380 141 1
380 142 1
380 281 1
380 42 1
380 300 1
380 46 1
380 57 1
380 185 1
380 60 1
380 68 1
380 72 1
380 465 1
380 83 1
380 87 1
380 218 1
380 222 1
380 482 1
380 99 1
380 101 1
381 351 1
381 291 1
381 356 1
381 39 1
381 492 1
381 143 1
381 336 1
381 18 1
381 117 1
382 256 1
382 384 1
382 73 1
382 42 1
382 331 1
382 431 1
382 178 1
382 182 1
382 87 1
382 281 1
382 123 1
382 318 1
383 9 1
383 276 1
383 23 1
383 285 1
383 160 1
383 289 1
383 294 1
383 302 1
383 52 1
383 73 1
383 462 1
383 84 1
383 341 1
383 219 1
383 96 1
383 225 1
383 108 1
383 242 1
383 499 1
383 244 1
383 375 1
384 256 1
384 225 1
384 450 1
384 36 1
384 382 1
384 431 1
384 178 1
384 51 1
384 436 1
384 375 1
384 123 1
384 445 1
384 318 1
385 353 1
385 66 1
385 164 1
385 295 1
385 487 1
385 273 1
385 277 1
385 54 1
385 279 1
385 408 1
385 58 1
385 91 1
385 29 1
386 417 1
386 451 1
386 323 1
386 486 1
386 41 1
386 362 1
386 109 1
386 80 1
386 147 1
386 406 1
386 186 1
386 27 1
387 319 1
387 247 1
387 38 1
387 327 1
387 13 1
387 45 1
387 333 1
387 253 1
387 183 1
387 345 1
387 412 1
387 221 1
388 143 1
388 291 1
388 169 1
388 170 1
388 178 1
388 182 1
388 57 1
388 64 1
388 196 1
388 336 1
388 465 1
388 213 1
388 218 1
388 352 1
388 102 1
388 359 1
388 370 1
388 115 1
388 373 1
389 192 1
389 67 1
389 292 1
389 393 1
389 27 1
389 78 1
389 242 1
389 148 1
389 340 1
389 440 1
389 251 1
389 444 1
390 199 1
390 397 1
390 438 1
390 154 1
390 478 1
391 452 1
391 326 1
391 456 1
391 172 1
391 16 1
391 439 1
391 344 1
392 224 1
392 419 1
392 6 1
392 235 1
392 12 1
392 176 1
392 208 1
392 118 1
392 284 1
392 94 1
393 406 1
393 96 1
393 160 1
393 389 1
393 242 1
393 52 1
393 148 1
393 276 1
393 340 1
393 440 1
393 442 1
394 8 1
394 296 1
394 206 1
394 310 1
394 343 1
394 56 1
394 349 1
395 95 1
395 449 1
395 264 1
395 11 1
395 332 1
395 335 1
395 144 1
395 434 1
395 180 1
395 246 1
396 255 1
396 448 1
396 477 1
396 203 1
396 467 1
396 19 1
396 88 1
396 413 1
396 254 1
397 223 1
397 354 1
397 485 1
397 390 1
397 199 1
397 70 1
397 204 1
397 495 1
397 155 1
397 438 1
397 119 1
397 154 1
397 315 1
398 449 1
398 133 1
398 421 1
398 200 1
398 202 1
398 363 1
398 298 1
398 77 1
398 335 1
398 17 1
398 402 1
398 472 1
398 89 1
398 317 1
399 255 1
399 448 1
399 1 1
399 88 1
399 227 1
399 3 1
399 164 1
399 364 1
399 461 1
399 303 1
399 273 1
399 277 1
399 408 1
399 413 1
400 224 1
400 2 1
400 130 1
400 291 1
400 483 1
400 198 1
400 71 1
400 296 1
400 235 1
400 12 1
400 240 1
400 336 1
400 146 1
400 470 1
400 343 1
400 182 1
400 316 1
401 7 1
401 106 1
401 107 1
401 496 1
401 339 1
401 405 1
401 247 1
401 156 1
401 221 1
402 89 1
402 421 1
402 200 1
402 9 1
402 202 1
402 77 1
402 398 1
402 271 1
402 17 1
402 472 1
402 217 1
402 317 1
403 11 1
403 271 1
403 35 1
403 421 1
403 436 1
403 189 1
403 447 1
403 192 1
403 449 1
403 450 1
403 479 1
403 225 1
403 226 1
403 233 1
403 491 1
403 238 1
403 497 1
403 114 1
403 250 1
404 420 1
404 201 1
404 170 1
404 143 1
404 18 1
404 338 1
404 213 1
404 120 1
405 67 1
405 293 1
405 230 1
405 106 1
405 78 1
405 175 1
405 496 1
405 401 1
405 221 1
405 179 1
405 339 1
405 253 1
405 379 1
405 156 1
405 445 1
405 444 1
406 386 1
406 393 1
406 407 1
406 415 1
406 292 1
406 171 1
406 429 1
406 48 1
406 52 1
406 308 1
406 184 1
406 440 1
406 186 1
406 442 1
406 323 1
406 463 1
406 340 1
406 96 1
406 362 1
406 113 1
407 415 1
407 416 1
407 163 1
407 135 1
407 266 1
407 171 1
407 463 1
407 308 1
407 406 1
407 184 1
407 126 1
408 353 1
408 66 1
408 3 1
408 164 1
408 385 1
408 364 1
408 303 1
408 399 1
408 273 1
408 277 1
408 279 1
408 58 1
409 229 1
409 136 1
409 425 1
409 361 1
409 110 1
409 337 1
409 466 1
409 307 1
409 24 1
409 283 1
409 414 1
410 287 1
410 37 1
410 262 1
410 170 1
410 299 1
410 492 1
410 464 1
410 278 1
411 65 1
411 227 1
411 358 1
411 6 1
411 268 1
411 176 1
411 145 1
411 208 1
411 273 1
411 372 1
411 118 1
411 282 1
411 158 1
412 319 1
412 387 1
412 231 1
412 107 1
412 13 1
412 333 1
412 247 1
412 125 1
412 124 1
412 221 1
413 448 1
413 100 1
413 137 1
413 364 1
413 396 1
413 461 1
413 399 1
413 19 1
413 93 1
413 22 1
413 150 1
413 88 1
413 443 1
413 477 1
413 254 1
414 136 1
414 139 1
414 21 1
414 23 1
414 152 1
414 409 1
414 283 1
414 28 1
414 425 1
414 50 1
414 441 1
414 61 1
414 446 1
414 197 1
414 328 1
414 459 1
414 205 1
414 337 1
414 85 1
414 92 1
414 108 1
414 110 1
414 243 1
414 499 1
415 416 1
415 135 1
415 266 1
415 362 1
415 463 1
415 113 1
415 406 1
415 407 1
415 184 1
416 415 1
416 135 1
416 458 1
416 463 1
416 113 1
416 407 1
416 220 1
417 386 1
417 323 1
417 260 1
417 451 1
417 80 1
417 147 1
417 378 1
417 27 1
418 287 1
418 34 1
418 101 1
418 197 1
418 360 1
418 105 1
418 138 1
418 265 1
418 424 1
418 46 1
418 334 1
418 92 1
418 86 1
418 152 1
418 187 1
418 28 1
419 392 1
419 12 1
419 268 1
419 208 1
419 145 1
419 310 1
419 118 1
419 343 1
419 284 1
419 349 1
420 31 1
420 39 1
420 170 1
420 143 1
420 18 1
420 82 1
420 404 1
420 117 1
420 213 1
421 9 1
421 11 1
421 398 1
421 271 1
421 17 1
421 402 1
421 403 1
421 160 1
421 35 1
421 180 1
421 314 1
421 192 1
421 449 1
421 202 1
421 77 1
421 335 1
421 217 1
421 219 1
421 479 1
421 250 1
422 226 1
422 69 1
422 326 1
422 263 1
422 232 1
422 489 1
422 454 1
422 44 1
422 471 1
423 63 1
423 69 1
423 488 1
423 489 1
423 44 1
423 428 1
423 111 1
423 210 1
423 275 1
423 474 1
423 157 1
424 287 1
424 321 1
424 34 1
424 418 1
424 37 1
424 360 1
424 265 1
424 249 1
424 300 1
424 46 1
424 334 1
424 464 1
424 83 1
424 20 1
424 377 1
424 218 1
425 129 1
425 258 1
425 195 1
425 485 1
425 40 1
425 361 1
425 108 1
425 337 1
425 307 1
425 468 1
425 85 1
425 23 1
425 409 1
425 283 1
425 414 1
426 63 1
426 447 1
426 161 1
426 290 1
426 196 1
426 5 1
426 201 1
426 10 1
426 491 1
426 236 1
426 14 1
426 430 1
426 338 1
426 151 1
426 474 1
427 230 1
427 167 1
427 106 1
427 368 1
427 497 1
427 114 1
427 211 1
427 339 1
427 434 1
427 311 1
428 63 1
428 423 1
428 10 1
428 79 1
428 210 1
428 275 1
428 474 1
428 157 1
429 255 1
429 448 1
429 1 1
429 66 1
429 292 1
429 164 1
429 294 1
429 203 1
429 276 1
429 340 1
429 406 1
429 279 1
429 440 1
429 442 1
430 447 1
430 5 1
430 454 1
430 201 1
430 426 1
430 491 1
430 236 1
430 301 1
430 14 1
430 342 1
430 151 1
430 350 1
431 256 1
431 225 1
431 384 1
431 35 1
431 382 1
431 73 1
431 42 1
431 142 1
431 84 1
431 436 1
431 375 1
431 318 1
432 1 1
432 3 1
432 6 1
432 8 1
432 268 1
432 277 1
432 294 1
432 168 1
432 51 1
432 53 1
432 310 1
432 318 1
432 461 1
432 227 1
432 103 1
432 490 1
432 498 1
432 374 1
432 376 1
433 256 1
433 97 1
433 257 1
433 36 1
433 102 1
433 359 1
433 233 1
433 42 1
433 491 1
433 14 1
433 465 1
433 436 1
433 189 1
433 222 1
434 449 1
434 226 1
434 167 1
434 395 1
434 427 1
434 11 1
434 144 1
434 114 1
434 311 1
435 33 1
435 105 1
435 138 1
435 139 1
435 365 1
435 369 1
435 21 1
435 86 1
435 441 1
435 122 1
435 187 1
436 479 1
436 256 1
436 225 1
436 384 1
436 35 1
436 36 1
436 450 1
436 233 1
436 42 1
436 142 1
436 431 1
436 433 1
436 403 1
436 222 1
437 191 1
437 0 1
437 320 1
437 228 1
437 165 1
437 293 1
437 78 1
437 181 1
437 473 1
437 379 1
437 477 1
437 254 1
438 485 1
438 390 1
438 199 1
438 397 1
438 119 1
438 154 1
438 317 1
438 478 1
439 326 1
439 391 1
439 456 1
439 172 1
439 238 1
439 344 1
439 350 1
440 96 1
440 323 1
440 292 1
440 389 1
440 393 1
440 203 1
440 109 1
440 78 1
440 429 1
440 209 1
440 251 1
440 148 1
440 340 1
440 406 1
440 442 1
440 186 1
440 27 1
441 139 1
441 365 1
441 50 1
441 435 1
441 243 1
441 21 1
441 152 1
441 187 1
441 61 1
441 414 1
442 289 1
442 66 1
442 292 1
442 393 1
442 440 1
442 429 1
442 207 1
442 113 1
442 52 1
442 276 1
442 406 1
442 279 1
442 184 1
442 340 1
443 413 1
443 100 1
443 484 1
443 137 1
443 267 1
443 75 1
443 116 1
443 374 1
443 93 1
444 192 1
444 225 1
444 450 1
444 131 1
444 67 1
444 389 1
444 78 1
444 242 1
444 179 1
444 148 1
444 405 1
444 253 1
444 379 1
444 248 1
444 251 1
444 445 1
445 384 1
445 225 1
445 450 1
445 131 1
445 36 1
445 230 1
445 45 1
445 496 1
445 178 1
445 51 1
445 179 1
445 245 1
445 405 1
445 248 1
445 345 1
445 444 1
445 253 1
446 68 1
446 261 1
446 414 1
446 328 1
446 459 1
446 141 1
446 142 1
446 337 1
446 307 1
446 499 1
446 85 1
446 217 1
446 60 1
446 285 1
446 62 1
447 5 1
447 10 1
447 14 1
447 403 1
447 161 1
447 290 1
447 426 1
447 430 1
447 63 1
447 450 1
447 454 1
447 79 1
447 97 1
447 226 1
447 233 1
447 491 1
447 236 1
447 497 1
447 114 1
447 245 1
448 255 1
448 164 1
448 477 1
448 203 1
448 364 1
448 396 1
448 429 1
448 399 1
448 19 1
448 88 1
448 413 1
448 254 1
449 95 1
449 421 1
449 264 1
449 202 1
449 11 1
449 298 1
449 395 1
449 398 1
449 335 1
449 144 1
449 114 1
449 403 1
449 180 1
449 149 1
449 434 1
449 89 1
449 250 1
450 447 1
450 192 1
450 97 1
450 225 1
450 290 1
450 36 1
450 384 1
450 230 1
450 233 1
450 497 1
450 179 1
450 403 1
450 245 1
450 436 1
450 444 1
450 445 1
451 0 1
451 417 1
451 386 1
451 67 1
451 292 1
451 260 1
451 228 1
451 323 1
451 209 1
451 147 1
451 473 1
451 27 1
452 95 1
452 194 1
452 226 1
452 326 1
452 263 1
452 391 1
452 456 1
452 330 1
452 172 1
452 238 1
452 144 1
452 149 1
452 59 1
453 261 1
453 217 1
453 478 1
453 301 1
453 77 1
453 271 1
453 16 1
453 119 1
453 344 1
453 89 1
453 26 1
453 155 1
453 317 1
453 62 1
454 447 1
454 226 1
454 422 1
454 326 1
454 489 1
454 491 1
454 236 1
454 301 1
454 238 1
454 172 1
454 430 1
454 342 1
454 471 1
454 151 1
454 350 1
455 128 1
455 76 1
455 49 1
455 246 1
455 378 1
456 194 1
456 452 1
456 326 1
456 391 1
456 330 1
456 172 1
456 238 1
456 16 1
456 149 1
456 439 1
456 344 1
456 89 1
456 59 1
457 32 1
457 166 1
457 295 1
457 369 1
457 277 1
457 122 1
457 91 1
457 29 1
458 416 1
458 481 1
458 135 1
458 266 1
458 43 1
458 272 1
458 113 1
458 274 1
458 309 1
458 220 1
458 126 1
459 482 1
459 132 1
459 101 1
459 72 1
459 73 1
459 105 1
459 328 1
459 446 1
459 365 1
459 270 1
459 499 1
459 152 1
459 185 1
459 28 1
459 61 1
459 414 1
460 160 1
460 128 1
460 193 1
460 259 1
460 177 1
460 17 1
460 241 1
460 341 1
460 214 1
460 472 1
460 476 1
461 1 1
461 413 1
461 131 1
461 227 1
461 3 1
461 137 1
461 490 1
461 364 1
461 399 1
461 432 1
461 51 1
461 53 1
461 150 1
461 88 1
461 93 1
461 374 1
462 383 1
462 96 1
462 225 1
462 288 1
462 35 1
462 9 1
462 142 1
462 84 1
462 85 1
462 341 1
462 375 1
462 23 1
462 217 1
462 219 1
462 285 1
462 30 1
463 415 1
463 416 1
463 362 1
463 308 1
463 406 1
463 407 1
464 287 1
464 2 1
464 37 1
464 262 1
464 424 1
464 170 1
464 492 1
464 112 1
464 83 1
464 410 1
464 377 1
464 218 1
464 286 1
465 256 1
465 257 1
465 388 1
465 102 1
465 359 1
465 42 1
465 170 1
465 433 1
465 83 1
465 87 1
465 120 1
465 57 1
465 218 1
465 380 1
466 197 1
466 229 1
466 136 1
466 361 1
466 110 1
466 337 1
466 252 1
466 409 1
466 92 1
467 255 1
467 131 1
467 248 1
467 203 1
467 396 1
467 78 1
467 19 1
467 340 1
467 22 1
467 88 1
467 251 1
468 288 1
468 193 1
468 258 1
468 195 1
468 129 1
468 357 1
468 425 1
468 241 1
468 341 1
468 30 1
469 125 1
469 121 1
469 7 1
469 107 1
469 333 1
469 237 1
469 79 1
469 215 1
469 345 1
469 124 1
469 157 1
470 483 1
470 198 1
470 296 1
470 169 1
470 235 1
470 206 1
470 336 1
470 400 1
470 115 1
470 343 1
470 280 1
470 316 1
471 226 1
471 422 1
471 326 1
471 232 1
471 454 1
471 489 1
471 172 1
471 342 1
471 151 1
472 128 1
472 288 1
472 259 1
472 133 1
472 200 1
472 460 1
472 398 1
472 17 1
472 241 1
472 402 1
472 341 1
472 317 1
473 191 1
473 0 1
473 67 1
473 260 1
473 228 1
473 292 1
473 293 1
473 451 1
473 78 1
473 209 1
473 437 1
474 63 1
474 162 1
474 196 1
474 69 1
474 423 1
474 488 1
474 201 1
474 10 1
474 426 1
474 236 1
474 428 1
474 489 1
474 210 1
474 338 1
474 371 1
474 151 1
474 90 1
475 128 1
475 192 1
475 11 1
475 332 1
475 180 1
475 246 1
475 153 1
475 314 1
476 96 1
476 160 1
476 163 1
476 259 1
476 357 1
476 171 1
476 460 1
476 109 1
476 47 1
476 177 1
476 52 1
476 341 1
476 214 1
476 312 1
476 186 1
477 191 1
477 320 1
477 448 1
477 100 1
477 484 1
477 396 1
477 78 1
477 19 1
477 437 1
477 22 1
477 150 1
477 25 1
477 379 1
477 413 1
477 254 1
478 453 1
478 390 1
478 363 1
478 16 1
478 438 1
478 119 1
478 344 1
478 89 1
478 154 1
478 155 1
478 317 1
479 222 1
479 35 1
479 421 1
479 261 1
479 233 1
479 77 1
479 142 1
479 271 1
479 403 1
479 436 1
479 217 1
479 189 1
479 62 1
480 319 1
480 484 1
480 38 1
480 297 1
480 313 1
480 173 1
480 366 1
480 116 1
480 25 1
481 32 1
481 322 1
481 166 1
481 458 1
481 43 1
481 302 1
481 272 1
481 50 1
481 243 1
481 212 1
481 274 1
481 309 1
481 220 1
482 324 1
482 101 1
482 132 1
482 134 1
482 72 1
482 105 1
482 281 1
482 459 1
482 300 1
482 46 1
482 270 1
482 28 1
482 57 1
482 380 1
483 291 1
483 8 1
483 169 1
483 296 1
483 206 1
483 336 1
483 400 1
483 146 1
483 498 1
483 470 1
483 55 1
483 182 1
484 320 1
484 480 1
484 100 1
484 137 1
484 75 1
484 116 1
484 25 1
484 443 1
484 477 1
485 223 1
485 288 1
485 258 1
485 195 1
485 261 1
485 199 1
485 200 1
485 425 1
485 397 1
485 307 1
485 85 1
485 438 1
485 119 1
485 315 1
485 317 1
486 386 1
486 41 1
486 76 1
486 109 1
486 186 1
486 80 1
486 49 1
486 147 1
486 378 1
487 353 1
487 385 1
487 355 1
487 6 1
487 295 1
487 273 1
487 277 1
487 118 1
487 282 1
487 91 1
488 127 1
488 159 1
488 162 1
488 69 1
488 423 1
488 90 1
488 210 1
488 275 1
488 371 1
488 474 1
488 346 1
488 348 1
489 63 1
489 226 1
489 69 1
489 422 1
489 423 1
489 232 1
489 454 1
489 90 1
489 44 1
489 236 1
489 338 1
489 342 1
489 471 1
489 474 1
489 151 1
490 38 1
490 327 1
490 137 1
490 331 1
490 45 1
490 461 1
490 493 1
490 432 1
490 498 1
490 51 1
490 116 1
490 53 1
490 150 1
490 123 1
490 253 1
490 374 1
491 447 1
491 97 1
491 226 1
491 102 1
491 454 1
491 233 1
491 201 1
491 426 1
491 301 1
491 14 1
491 238 1
491 271 1
491 430 1
491 114 1
491 403 1
491 433 1
491 189 1
491 350 1
492 351 1
492 291 1
492 262 1
492 170 1
492 299 1
492 143 1
492 464 1
492 18 1
492 278 1
492 410 1
492 381 1
492 286 1
493 319 1
493 38 1
493 327 1
493 490 1
493 331 1
493 366 1
493 304 1
493 370 1
493 116 1
493 53 1
493 55 1
493 313 1
493 183 1
494 321 1
494 34 1
494 99 1
494 70 1
494 204 1
494 305 1
494 83 1
494 120 1
494 26 1
494 315 1
495 223 1
495 70 1
495 154 1
495 397 1
495 26 1
495 155 1
496 121 1
496 230 1
496 7 1
496 106 1
496 368 1
496 401 1
496 253 1
496 405 1
496 156 1
496 247 1
496 345 1
496 221 1
496 445 1
497 447 1
497 192 1
497 450 1
497 230 1
497 167 1
497 11 1
497 236 1
497 427 1
497 79 1
497 114 1
497 179 1
497 211 1
497 245 1
497 403 1
497 311 1
498 483 1
498 324 1
498 103 1
498 8 1
498 490 1
498 331 1
498 432 1
498 146 1
498 51 1
498 53 1
498 182 1
498 55 1
498 123 1
498 310 1
498 318 1
499 383 1
499 132 1
499 270 1
499 23 1
499 285 1
499 414 1
499 289 1
499 166 1
499 294 1
499 168 1
499 302 1
499 61 1
499 446 1
499 328 1
499 73 1
499 459 1
499 85 1
499 108 1
499 365 1
499 243 1
499 375 1
