0 0 1
1 0 -1
1 228 1
2 0 1
2 437 -1
3 0 -1
3 191 1
4 0 1
4 473 -1
5 0 1
5 209 -1
6 0 -1
6 451 1
7 0 -1
7 293 1
8 1 -1
8 3 1
9 1 -1
9 294 1
10 1 -1
10 131 1
11 1 -1
11 432 1
12 1 -1
12 399 1
13 1 1
13 461 -1
14 1 -1
14 88 1
15 1 1
15 164 -1
16 1 -1
16 255 1
17 1 1
17 51 -1
18 1 -1
18 429 1
19 2 1
20 2 -1
20 112 1
21 2 -1
21 20 1
22 2 -1
22 130 1
23 2 -1
23 71 1
24 2 -1
24 198 1
25 2 1
25 240 -1
26 2 1
26 306 -1
27 2 1
27 377 -1
28 2 1
28 262 -1
29 2 -1
29 464 1
30 2 -1
30 224 1
31 2 1
31 400 -1
32 2 -1
32 287 1
33 3 -1
33 399 1
34 3 -1
34 294 1
35 3 -1
35 164 1
36 3 -1
36 279 1
37 3 1
37 432 -1
38 3 -1
38 277 1
39 3 1
39 408 -1
40 3 1
40 58 -1
41 3 1
41 461 -1
42 3 1
42 255 -1
43 3 1
43 227 -1
44 3 1
44 273 -1
45 3 1
45 6 -1
46 4 1
47 4 1
48 4 1
49 4 -1
49 252 1
50 4 -1
50 188 1
51 4 -1
51 305 1
52 4 -1
52 199 1
53 4 -1
53 197 1
54 4 -1
54 34 1
55 5 -1
55 426 1
56 5 -1
56 14 1
57 5 -1
57 196 1
58 5 -1
58 290 1
59 5 1
59 359 -1
60 5 1
60 447 -1
61 5 1
61 161 -1
62 5 -1
62 201 1
63 5 -1
63 352 1
64 5 1
64 102 -1
65 5 1
65 430 -1
66 6 1
67 6 1
67 118 -1
68 6 -1
68 268 1
69 6 -1
69 392 1
70 6 -1
70 12 1
71 6 1
71 310 -1
72 6 -1
72 295 1
73 6 -1
73 376 1
74 6 -1
74 487 1
75 6 -1
75 411 1
76 6 -1
76 33 1
77 6 -1
77 122 1
78 6 -1
78 273 1
79 6 -1
79 227 1
80 6 -1
80 277 1
81 6 -1
81 432 1
82 7 1
83 7 -1
83 496 1
84 7 -1
84 107 1
85 7 -1
85 469 1
86 7 1
86 247 -1
87 7 -1
87 401 1
88 7 -1
88 333 1
89 7 -1
89 345 1
90 7 -1
90 121 1
91 7 -1
91 221 1
92 8 1
92 394 -1
93 8 -1
93 206 1
94 8 -1
94 296 1
95 8 1
95 349 -1
96 8 1
96 310 -1
97 8 1
97 146 -1
98 8 -1
98 483 1
99 8 1
99 498 -1
100 8 1
100 53 -1
101 8 1
101 297 -1
102 8 1
102 169 -1
103 8 1
103 55 -1
104 8 1
104 227 -1
105 8 1
105 432 -1
106 8 1
106 374 -1
107 9 1
107 219 -1
108 9 -1
108 35 1
109 9 1
109 462 -1
110 9 1
110 217 -1
111 9 -1
111 160 1
112 9 1
112 421 -1
113 9 -1
113 341 1
114 9 -1
114 96 1
115 9 -1
115 402 1
116 9 -1
116 200 1
117 9 -1
117 17 1
118 9 1
118 383 -1
119 10 -1
119 428 1
120 10 -1
120 157 1
121 10 -1
121 275 1
122 10 -1
122 210 1
123 10 -1
123 162 1
124 10 1
124 63 -1
125 10 -1
125 474 1
126 10 -1
126 79 1
127 10 -1
127 234 1
128 10 -1
128 161 1
129 10 1
129 196 -1
130 10 1
130 245 -1
131 10 -1
131 345 1
132 10 -1
132 426 1
133 10 1
133 447 -1
134 10 1
134 239 -1
135 10 1
135 216 -1
136 10 -1
136 236 1
137 10 -1
137 333 1
138 10 1
138 13 -1
139 10 1
139 124 -1
140 10 1
140 183 -1
141 11 1
142 11 1
142 311 -1
143 11 1
143 332 -1
144 11 1
144 434 -1
145 11 1
145 153 -1
146 11 1
146 475 -1
147 11 1
147 395 -1
148 11 1
148 180 -1
149 11 -1
149 192 1
150 11 1
150 114 -1
151 11 -1
151 335 1
152 11 -1
152 449 1
153 11 -1
153 144 1
154 11 -1
154 497 1
155 11 -1
155 421 1
156 11 -1
156 403 1
157 12 1
158 12 -1
158 392 1
159 12 -1
159 224 1
160 12 -1
160 419 1
161 12 -1
161 284 1
162 12 1
162 343 -1
163 12 -1
163 310 1
164 12 -1
164 268 1
165 12 1
165 198 -1
166 12 1
166 235 -1
167 12 -1
167 118 1
168 12 -1
168 134 1
169 12 1
169 146 -1
170 12 -1
170 122 1
171 12 1
171 33 -1
172 12 1
172 376 -1
173 12 1
173 400 -1
174 12 1
174 20 -1
175 13 1
176 13 -1
176 216 1
177 13 1
177 183 -1
178 13 1
178 333 -1
179 13 1
179 234 -1
180 13 1
180 387 -1
181 13 1
181 124 -1
182 13 1
182 237 -1
183 13 1
183 412 -1
184 13 -1
184 157 1
185 13 1
185 304 -1
186 13 1
186 319 -1
187 14 -1
187 97 1
188 14 1
188 491 -1
189 14 1
189 290 -1
190 14 -1
190 233 1
191 14 1
191 426 -1
192 14 -1
192 359 1
193 14 -1
193 447 1
194 14 -1
194 433 1
195 14 1
195 102 -1
196 14 -1
196 430 1
197 14 -1
197 201 1
198 15 1
199 15 1
199 165 -1
200 15 1
200 181 -1
201 15 -1
201 293 1
202 15 -1
202 173 1
203 15 -1
203 156 1
204 15 -1
204 221 1
205 15 -1
205 228 1
206 15 -1
206 231 1
207 16 1
208 16 1
209 16 1
209 478 -1
210 16 1
210 59 -1
211 16 -1
211 89 1
212 16 1
212 194 -1
213 16 -1
213 149 1
214 16 -1
214 456 1
215 16 -1
215 298 1
216 16 -1
216 391 1
217 16 -1
217 363 1
218 16 -1
218 317 1
219 16 -1
219 344 1
220 16 -1
220 264 1
221 16 1
221 453 -1
222 17 -1
222 472 1
223 17 -1
223 133 1
224 17 1
224 421 -1
225 17 1
225 402 -1
226 17 1
226 128 -1
227 17 -1
227 259 1
228 17 -1
228 398 1
229 17 1
229 200 -1
230 17 1
230 460 -1
231 17 -1
231 335 1
232 17 -1
232 341 1
233 17 -1
233 180 1
234 17 -1
234 160 1
235 17 -1
235 314 1
236 18 1
237 18 -1
237 117 1
238 18 -1
238 278 1
239 18 -1
239 356 1
240 18 -1
240 492 1
241 18 1
241 351 -1
242 18 1
242 381 -1
243 18 1
243 39 -1
244 18 -1
244 420 1
245 18 -1
245 170 1
246 18 -1
246 143 1
247 18 -1
247 404 1
248 19 1
248 396 -1
249 19 1
249 88 -1
250 19 -1
250 467 1
251 19 -1
251 203 1
252 19 -1
252 248 1
253 19 -1
253 22 1
254 19 -1
254 477 1
255 19 -1
255 448 1
256 19 -1
256 254 1
257 19 -1
257 413 1
258 19 -1
258 78 1
259 19 -1
259 209 1
260 19 1
260 191 -1
261 20 1
262 20 -1
262 71 1
263 20 -1
263 377 1
264 20 -1
264 424 1
265 20 1
265 198 -1
266 20 -1
266 46 1
267 20 -1
267 122 1
268 20 -1
268 134 1
269 20 1
269 265 -1
270 20 -1
270 224 1
271 20 1
271 105 -1
272 20 1
272 287 -1
273 21 1
274 21 1
274 138 -1
275 21 -1
275 92 1
276 21 1
276 441 -1
277 21 1
277 136 -1
278 21 -1
278 414 1
279 21 -1
279 435 1
280 21 -1
280 50 1
281 21 -1
281 110 1
282 21 -1
282 152 1
283 21 1
283 187 -1
284 21 -1
284 347 1
285 21 -1
285 337 1
286 22 1
286 477 -1
287 22 1
287 150 -1
288 22 -1
288 320 1
289 22 -1
289 467 1
290 22 1
290 88 -1
291 22 1
291 248 -1
292 22 -1
292 413 1
293 22 1
293 379 -1
294 22 1
294 38 -1
295 22 -1
295 78 1
296 22 -1
296 253 1
297 23 -1
297 129 1
298 23 -1
298 312 1
299 23 1
299 108 -1
300 23 -1
300 30 1
301 23 1
301 40 -1
302 23 1
302 104 -1
303 23 -1
303 258 1
304 23 1
304 341 -1
305 23 -1
305 85 1
306 23 1
306 244 -1
307 23 -1
307 425 1
308 23 -1
308 414 1
309 23 1
309 383 -1
310 23 -1
310 462 1
311 23 1
311 52 -1
312 23 -1
312 285 1
313 23 -1
313 499 1
314 24 1
315 24 1
315 110 -1
316 24 1
316 347 -1
317 24 -1
317 136 1
318 24 1
318 205 -1
319 24 -1
319 283 1
320 24 -1
320 409 1
321 25 1
322 25 1
323 25 -1
323 320 1
324 25 1
324 150 -1
325 25 1
325 484 -1
326 25 1
326 100 -1
327 25 1
327 116 -1
328 25 1
328 480 -1
329 25 -1
329 173 1
330 25 1
330 38 -1
331 25 1
331 477 -1
332 25 -1
332 181 1
333 26 1
334 26 1
334 494 -1
335 26 -1
335 495 1
336 26 1
336 99 -1
337 26 1
337 174 -1
338 26 1
338 223 -1
339 26 1
339 155 -1
340 26 -1
340 344 1
341 26 1
341 141 -1
342 26 -1
342 70 1
343 26 1
343 83 -1
344 26 -1
344 315 1
345 26 -1
345 120 1
346 26 -1
346 301 1
347 26 -1
347 68 1
348 26 1
348 261 -1
349 26 -1
349 350 1
350 26 1
350 62 -1
351 26 1
351 453 -1
352 27 1
352 109 -1
353 27 -1
353 314 1
354 27 1
354 417 -1
355 27 1
355 80 -1
356 27 1
356 148 -1
357 27 1
357 153 -1
358 27 -1
358 378 1
359 27 1
359 292 -1
360 27 1
360 260 -1
361 27 -1
361 323 1
362 27 -1
362 440 1
363 27 -1
363 386 1
364 27 1
364 332 -1
365 27 -1
365 67 1
366 27 -1
366 147 1
367 27 -1
367 389 1
368 27 1
368 451 -1
369 27 -1
369 246 1
370 28 -1
370 459 1
371 28 1
371 101 -1
372 28 1
372 152 -1
373 28 1
373 185 -1
374 28 1
374 482 -1
375 28 1
375 187 -1
376 28 1
376 105 -1
377 28 1
377 360 -1
378 28 1
378 328 -1
379 28 -1
379 418 1
380 28 -1
380 197 1
381 28 1
381 414 -1
382 28 -1
382 337 1
383 29 -1
383 322 1
384 29 -1
384 32 1
385 29 1
385 457 -1
386 29 -1
386 369 1
387 29 1
387 212 -1
388 29 1
388 166 -1
389 29 1
389 54 -1
390 29 1
390 295 -1
391 29 1
391 58 -1
392 29 1
392 277 -1
393 29 1
393 91 -1
394 29 1
394 385 -1
395 30 -1
395 288 1
396 30 1
396 258 -1
397 30 -1
397 195 1
398 30 -1
398 341 1
399 30 1
399 241 -1
400 30 -1
400 129 1
401 30 1
401 468 -1
402 30 -1
402 85 1
403 30 -1
403 217 1
404 30 1
404 462 -1
405 31 1
406 31 -1
406 367 1
407 31 -1
407 98 1
408 31 1
408 239 -1
409 31 -1
409 352 1
410 31 1
410 234 -1
411 31 1
411 371 -1
412 31 -1
412 82 1
413 31 1
413 373 -1
414 31 1
414 213 -1
415 31 1
415 420 -1
416 31 -1
416 143 1
417 31 -1
417 115 1
418 32 1
419 32 1
420 32 -1
420 322 1
421 32 1
421 457 -1
422 32 -1
422 212 1
423 32 -1
423 54 1
424 32 -1
424 295 1
425 32 -1
425 166 1
426 32 1
426 91 -1
427 32 -1
427 481 1
428 32 -1
428 220 1
429 33 -1
429 376 1
430 33 -1
430 134 1
431 33 -1
431 132 1
432 33 -1
432 105 1
433 33 -1
433 168 1
434 33 1
434 122 -1
435 33 -1
435 365 1
436 33 -1
436 435 1
437 33 -1
437 86 1
438 33 -1
438 369 1
439 33 -1
439 295 1
440 34 1
441 34 1
442 34 1
442 334 -1
443 34 -1
443 37 1
444 34 1
444 321 -1
445 34 -1
445 360 1
446 34 -1
446 418 1
447 34 -1
447 249 1
448 34 1
448 305 -1
449 34 1
449 494 -1
450 34 -1
450 424 1
451 34 -1
451 300 1
452 34 -1
452 197 1
453 35 -1
453 219 1
454 35 -1
454 462 1
455 35 -1
455 217 1
456 35 1
456 225 -1
457 35 -1
457 479 1
458 35 -1
458 421 1
459 35 1
459 436 -1
460 35 -1
460 142 1
461 35 -1
461 403 1
462 35 -1
462 192 1
463 35 1
463 84 -1
464 35 1
464 431 -1
465 35 1
465 375 -1
466 35 -1
466 77 1
467 36 -1
467 178 1
468 36 -1
468 359 1
469 36 1
469 97 -1
470 36 -1
470 290 1
471 36 1
471 256 -1
472 36 1
472 233 -1
473 36 -1
473 384 1
474 36 -1
474 433 1
475 36 -1
475 436 1
476 36 1
476 161 -1
477 36 -1
477 245 1
478 36 1
478 450 -1
479 36 1
479 445 -1
480 36 1
480 45 -1
481 36 1
481 225 -1
482 37 1
483 37 1
483 410 -1
484 37 1
484 287 -1
485 37 -1
485 334 1
486 37 -1
486 464 1
487 37 -1
487 424 1
488 37 1
488 321 -1
489 37 1
489 83 -1
490 37 1
490 170 -1
491 37 -1
491 120 1
492 38 1
493 38 -1
493 150 1
494 38 -1
494 116 1
495 38 -1
495 327 1
496 38 -1
496 319 1
497 38 -1
497 480 1
498 38 -1
498 320 1
499 38 -1
499 173 1
500 38 -1
500 313 1
501 38 1
501 493 -1
502 38 1
502 253 -1
503 38 1
503 379 -1
504 38 -1
504 221 1
505 38 1
505 137 -1
506 38 -1
506 387 1
507 38 1
507 53 -1
508 38 -1
508 490 1
509 38 -1
509 51 1
510 38 -1
510 248 1
511 38 -1
511 231 1
512 39 1
513 39 1
513 381 -1
514 39 1
514 115 -1
515 39 -1
515 291 1
516 39 1
516 143 -1
517 39 1
517 336 -1
518 39 -1
518 117 1
519 39 -1
519 420 1
520 40 1
521 40 -1
521 104 1
522 40 1
522 129 -1
523 40 1
523 283 -1
524 40 1
524 108 -1
525 40 -1
525 425 1
526 40 1
526 274 -1
527 40 -1
527 258 1
528 41 1
529 41 1
530 41 -1
530 486 1
531 41 -1
531 362 1
532 41 -1
532 49 1
533 41 -1
533 386 1
534 41 -1
534 48 1
535 41 1
535 186 -1
536 42 -1
536 142 1
537 42 -1
537 84 1
538 42 1
538 72 -1
539 42 -1
539 73 1
540 42 -1
540 256 1
541 42 1
541 431 -1
542 42 -1
542 281 1
543 42 -1
543 436 1
544 42 -1
544 270 1
545 42 1
545 382 -1
546 42 -1
546 87 1
547 42 -1
547 433 1
548 42 -1
548 380 1
549 42 -1
549 222 1
550 42 -1
550 465 1
551 42 1
551 257 -1
552 43 1
552 481 -1
553 43 1
553 113 -1
554 43 1
554 272 -1
555 43 -1
555 266 1
556 43 1
556 212 -1
557 43 -1
557 458 1
558 43 -1
558 220 1
559 43 -1
559 244 1
560 43 -1
560 207 1
561 43 -1
561 184 1
562 43 1
562 135 -1
563 43 -1
563 322 1
564 43 -1
564 302 1
565 43 -1
565 289 1
566 44 1
567 44 1
567 236 -1
568 44 -1
568 167 1
569 44 -1
569 226 1
570 44 -1
570 63 1
571 44 -1
571 114 1
572 44 1
572 263 -1
573 44 -1
573 423 1
574 44 -1
574 422 1
575 44 -1
575 69 1
576 44 1
576 489 -1
577 45 -1
577 253 1
578 45 1
578 445 -1
579 45 1
579 387 -1
580 45 -1
580 327 1
581 45 -1
581 183 1
582 45 1
582 331 -1
583 45 -1
583 247 1
584 45 -1
584 178 1
585 45 -1
585 245 1
586 45 -1
586 345 1
587 45 1
587 490 -1
588 45 1
588 51 -1
589 46 -1
589 482 1
590 46 1
590 300 -1
591 46 -1
591 101 1
592 46 1
592 424 -1
593 46 1
593 377 -1
594 46 -1
594 71 1
595 46 -1
595 249 1
596 46 -1
596 281 1
597 46 -1
597 218 1
598 46 -1
598 105 1
599 46 -1
599 360 1
600 46 -1
600 57 1
601 46 1
601 324 -1
602 46 -1
602 380 1
603 46 -1
603 134 1
604 46 -1
604 418 1
605 46 -1
605 265 1
606 47 1
607 47 -1
607 177 1
608 47 1
608 476 -1
609 47 -1
609 186 1
610 47 -1
610 48 1
611 47 -1
611 163 1
612 47 -1
612 171 1
613 47 1
613 259 -1
614 47 -1
614 96 1
615 47 1
615 49 -1
616 47 -1
616 109 1
617 48 1
618 48 1
618 186 -1
619 48 -1
619 308 1
620 48 1
620 163 -1
621 48 1
621 362 -1
622 48 1
622 406 -1
623 48 -1
623 49 1
624 49 1
625 49 -1
625 486 1
626 49 -1
626 76 1
627 49 1
627 455 -1
628 49 -1
628 259 1
629 49 -1
629 128 1
630 49 1
630 80 -1
631 49 1
631 246 -1
632 49 1
632 378 -1
633 49 1
633 109 -1
634 49 -1
634 177 1
635 49 1
635 314 -1
636 49 1
636 186 -1
637 50 1
638 50 -1
638 205 1
639 50 -1
639 325 1
640 50 1
640 347 -1
641 50 -1
641 110 1
642 50 -1
642 309 1
643 50 -1
643 274 1
644 50 1
644 414 -1
645 50 -1
645 243 1
646 50 -1
646 136 1
647 50 1
647 302 -1
648 50 1
648 108 -1
649 50 -1
649 481 1
650 50 -1
650 166 1
651 50 -1
651 139 1
652 50 -1
652 441 1
653 51 1
653 490 -1
654 51 -1
654 123 1
655 51 -1
655 498 1
656 51 -1
656 318 1
657 51 -1
657 331 1
658 51 1
658 131 -1
659 51 -1
659 432 1
660 51 -1
660 384 1
661 51 -1
661 253 1
662 51 -1
662 248 1
663 51 -1
663 375 1
664 51 1
664 445 -1
665 51 -1
665 294 1
666 51 1
666 178 -1
667 51 1
667 225 -1
668 51 -1
668 461 1
669 51 1
669 150 -1
670 51 1
670 137 -1
671 52 -1
671 171 1
672 52 -1
672 184 1
673 52 1
673 383 -1
674 52 1
674 266 -1
675 52 1
675 96 -1
676 52 1
676 244 -1
677 52 1
677 186 -1
678 52 1
678 276 -1
679 52 1
679 406 -1
680 52 1
680 442 -1
681 52 1
681 312 -1
682 52 -1
682 289 1
683 52 1
683 476 -1
684 52 1
684 393 -1
685 52 -1
685 341 1
686 53 1
687 53 -1
687 297 1
688 53 1
688 493 -1
689 53 -1
689 366 1
690 53 1
690 206 -1
691 53 -1
691 319 1
692 53 1
692 490 -1
693 53 -1
693 331 1
694 53 -1
694 116 1
695 53 -1
695 55 1
696 53 1
696 374 -1
697 53 -1
697 498 1
698 53 1
698 137 -1
699 53 -1
699 304 1
700 53 -1
700 169 1
701 53 -1
701 432 1
702 53 -1
702 461 1
703 54 1
704 54 1
704 81 -1
705 54 1
705 66 -1
706 54 1
706 91 -1
707 54 1
707 385 -1
708 54 -1
708 207 1
709 54 -1
709 212 1
710 54 1
710 322 -1
711 54 1
711 279 -1
712 54 -1
712 58 1
713 54 -1
713 277 1
714 55 -1
714 64 1
715 55 1
715 169 -1
716 55 -1
716 370 1
717 55 -1
717 304 1
718 55 1
718 182 -1
719 55 -1
719 331 1
720 55 -1
720 483 1
721 55 1
721 280 -1
722 55 -1
722 146 1
723 55 1
723 493 -1
724 55 -1
724 498 1
725 55 -1
725 206 1
726 56 1
727 56 -1
727 145 1
728 56 -1
728 349 1
729 56 -1
729 140 1
730 56 -1
730 394 1
731 56 -1
731 94 1
732 56 -1
732 343 1
733 56 -1
733 358 1
734 56 -1
734 206 1
735 56 1
735 372 -1
736 56 -1
736 227 1
737 56 -1
737 297 1
738 56 1
738 374 -1
739 57 1
739 218 -1
740 57 1
740 87 -1
741 57 1
741 182 -1
742 57 1
742 465 -1
743 57 1
743 281 -1
744 57 -1
744 388 1
745 57 -1
745 256 1
746 57 -1
746 380 1
747 57 -1
747 324 1
748 57 -1
748 482 1
749 57 -1
749 300 1
750 57 -1
750 71 1
751 57 -1
751 170 1
752 57 -1
752 359 1
753 58 1
753 277 -1
754 58 -1
754 279 1
755 58 -1
755 289 1
756 58 -1
756 168 1
757 58 -1
757 164 1
758 58 -1
758 294 1
759 58 -1
759 408 1
760 58 -1
760 385 1
761 58 -1
761 322 1
762 58 1
762 369 -1
763 58 1
763 66 -1
764 58 -1
764 207 1
765 58 1
765 166 -1
766 59 1
766 89 -1
767 59 1
767 149 -1
768 59 1
768 456 -1
769 59 1
769 238 -1
770 59 -1
770 250 1
771 59 -1
771 452 1
772 59 -1
772 298 1
773 59 -1
773 194 1
774 59 -1
774 264 1
775 60 -1
775 185 1
776 60 1
776 380 -1
777 60 -1
777 328 1
778 60 -1
778 141 1
779 60 -1
779 72 1
780 60 1
780 249 -1
781 60 1
781 101 -1
782 60 1
782 300 -1
783 60 1
783 68 -1
784 60 1
784 99 -1
785 60 -1
785 321 1
786 60 1
786 360 -1
787 60 -1
787 446 1
788 60 -1
788 261 1
789 60 -1
789 337 1
790 60 -1
790 315 1
791 60 -1
791 305 1
792 60 1
792 307 -1
793 61 1
793 365 -1
794 61 -1
794 152 1
795 61 1
795 499 -1
796 61 1
796 441 -1
797 61 1
797 459 -1
798 61 1
798 139 -1
799 61 -1
799 414 1
800 61 -1
800 168 1
801 61 -1
801 243 1
802 61 -1
802 166 1
803 61 -1
803 132 1
804 62 1
804 189 -1
805 62 1
805 222 -1
806 62 -1
806 479 1
807 62 1
807 68 -1
808 62 1
808 261 -1
809 62 1
809 301 -1
810 62 -1
810 271 1
811 62 1
811 453 -1
812 62 1
812 77 -1
813 62 -1
813 257 1
814 62 -1
814 217 1
815 62 -1
815 142 1
816 62 -1
816 446 1
817 62 -1
817 344 1
818 63 1
819 63 -1
819 423 1
820 63 1
820 428 -1
821 63 1
821 236 -1
822 63 1
822 79 -1
823 63 -1
823 157 1
824 63 1
824 69 -1
825 63 -1
825 474 1
826 63 -1
826 447 1
827 63 1
827 489 -1
828 63 1
828 426 -1
829 64 1
829 370 -1
830 64 -1
830 169 1
831 64 1
831 388 -1
832 64 1
832 182 -1
833 64 1
833 304 -1
834 64 1
834 373 -1
835 64 1
835 331 -1
836 64 1
836 280 -1
837 64 1
837 115 -1
838 65 1
839 65 -1
839 303 1
840 65 -1
840 372 1
841 65 -1
841 227 1
842 65 -1
842 282 1
843 65 1
843 411 -1
844 65 -1
844 273 1
845 65 -1
845 267 1
846 65 1
846 355 -1
847 66 1
848 66 -1
848 207 1
849 66 -1
849 81 1
850 66 1
850 164 -1
851 66 -1
851 279 1
852 66 -1
852 385 1
853 66 -1
853 408 1
854 66 -1
854 429 1
855 66 -1
855 442 1
856 67 -1
856 260 1
857 67 -1
857 175 1
858 67 -1
858 473 1
859 67 -1
859 293 1
860 67 -1
860 78 1
861 67 -1
861 179 1
862 67 1
862 451 -1
863 67 -1
863 444 1
864 67 -1
864 405 1
865 67 1
865 389 -1
866 67 -1
866 148 1
867 67 -1
867 311 1
868 67 -1
868 332 1
869 67 1
869 314 -1
870 67 1
870 292 -1
871 67 1
871 192 -1
872 67 1
872 153 -1
873 68 1
873 141 -1
874 68 -1
874 261 1
875 68 -1
875 222 1
876 68 1
876 380 -1
877 68 -1
877 99 1
878 68 -1
878 257 1
879 68 -1
879 328 1
880 68 -1
880 301 1
881 68 1
881 446 -1
882 68 -1
882 142 1
883 68 -1
883 72 1
884 68 -1
884 83 1
885 68 -1
885 217 1
886 69 1
887 69 1
888 69 1
888 423 -1
889 69 1
889 488 -1
890 69 1
890 275 -1
891 69 1
891 90 -1
892 69 -1
892 474 1
893 69 -1
893 489 1
894 69 1
894 111 -1
895 69 -1
895 159 1
896 69 -1
896 127 1
897 69 -1
897 422 1
898 69 -1
898 263 1
899 70 1
900 70 -1
900 223 1
901 70 -1
901 495 1
902 70 -1
902 315 1
903 70 -1
903 204 1
904 70 -1
904 397 1
905 70 1
905 354 -1
906 70 1
906 494 -1
907 71 -1
907 377 1
908 71 1
908 218 -1
909 71 1
909 262 -1
910 71 1
910 134 -1
911 71 1
911 286 -1
912 71 -1
912 324 1
913 71 -1
913 400 1
914 71 -1
914 240 1
915 71 -1
915 146 1
916 71 -1
916 198 1
917 71 1
917 291 -1
918 71 -1
918 182 1
919 71 1
919 105 -1
920 72 -1
920 270 1
921 72 1
921 185 -1
922 72 -1
922 328 1
923 72 1
923 142 -1
924 72 1
924 281 -1
925 72 1
925 73 -1
926 72 1
926 459 -1
927 72 1
927 380 -1
928 72 1
928 101 -1
929 72 1
929 285 -1
930 72 1
930 482 -1
931 72 1
931 300 -1
932 73 -1
932 84 1
933 73 1
933 270 -1
934 73 -1
934 142 1
935 73 -1
935 281 1
936 73 -1
936 285 1
937 73 -1
937 431 1
938 73 -1
938 375 1
939 73 -1
939 499 1
940 73 1
940 459 -1
941 73 -1
941 328 1
942 73 -1
942 382 1
943 73 -1
943 318 1
944 73 -1
944 132 1
945 73 -1
945 383 1
946 73 -1
946 168 1
947 74 1
948 74 1
949 74 1
950 74 -1
950 190 1
951 74 -1
951 299 1
952 74 1
952 278 -1
953 75 1
954 75 1
955 75 1
955 267 -1
956 75 -1
956 443 1
957 75 -1
957 374 1
958 75 -1
958 137 1
959 75 -1
959 484 1
960 75 1
960 116 -1
961 76 1
962 76 1
963 76 1
964 76 -1
964 455 1
965 76 -1
965 486 1
966 76 -1
966 378 1
967 76 -1
967 147 1
968 77 1
968 200 -1
969 77 1
969 402 -1
970 77 -1
970 271 1
971 77 -1
971 453 1
972 77 -1
972 479 1
973 77 -1
973 217 1
974 77 -1
974 398 1
975 77 -1
975 119 1
976 77 1
976 317 -1
977 77 1
977 421 -1
978 77 1
978 261 -1
979 77 -1
979 202 1
980 77 -1
980 89 1
981 77 1
981 288 -1
982 78 1
982 251 -1
983 78 1
983 473 -1
984 78 1
984 209 -1
985 78 1
985 379 -1
986 78 -1
986 191 1
987 78 -1
987 467 1
988 78 -1
988 437 1
989 78 -1
989 248 1
990 78 -1
990 203 1
991 78 -1
991 389 1
992 78 1
992 293 -1
993 78 -1
993 444 1
994 78 -1
994 405 1
995 78 -1
995 477 1
996 78 -1
996 254 1
997 78 -1
997 179 1
998 78 -1
998 440 1
999 78 -1
999 292 1
1000 79 1
1001 79 -1
1001 121 1
1002 79 -1
1002 345 1
1003 79 -1
1003 236 1
1004 79 1
1004 167 -1
1005 79 -1
1005 428 1
1006 79 1
1006 230 -1
1007 79 1
1007 245 -1
1008 79 -1
1008 157 1
1009 79 1
1009 161 -1
1010 79 1
1010 447 -1
1011 79 -1
1011 469 1
1012 79 1
1012 497 -1
1013 79 -1
1013 124 1
1014 80 1
1015 80 1
1015 417 -1
1016 80 -1
1016 378 1
1017 80 -1
1017 147 1
1018 80 -1
1018 486 1
1019 80 -1
1019 386 1
1020 80 -1
1020 109 1
1021 80 -1
1021 246 1
1022 80 -1
1022 314 1
1023 81 1
1024 81 -1
1024 207 1
1025 81 1
1025 212 -1
1026 81 1
1026 220 -1
1027 81 1
1027 113 -1
1028 82 1
1029 82 1
1030 82 -1
1030 367 1
1031 82 1
1031 346 -1
1032 82 -1
1032 371 1
1033 82 -1
1033 348 1
1034 82 -1
1034 420 1
1035 82 -1
1035 213 1
1036 83 1
1037 83 -1
1037 99 1
1038 83 -1
1038 120 1
1039 83 -1
1039 494 1
1040 83 -1
1040 321 1
1041 83 -1
1041 174 1
1042 83 -1
1042 380 1
1043 83 -1
1043 141 1
1044 83 -1
1044 300 1
1045 83 -1
1045 257 1
1046 83 1
1046 465 -1
1047 83 -1
1047 102 1
1048 83 -1
1048 301 1
1049 83 -1
1049 218 1
1050 83 1
1050 424 -1
1051 83 -1
1051 170 1
1052 83 -1
1052 464 1
1053 84 -1
1053 142 1
1054 84 1
1054 431 -1
1055 84 1
1055 285 -1
1056 84 -1
1056 375 1
1057 84 1
1057 462 -1
1058 84 1
1058 225 -1
1059 84 1
1059 383 -1
1060 85 1
1060 446 -1
1061 85 -1
1061 285 1
1062 85 -1
1062 217 1
1063 85 -1
1063 328 1
1064 85 -1
1064 462 1
1065 85 -1
1065 258 1
1066 85 1
1066 261 -1
1067 85 -1
1067 414 1
1068 85 -1
1068 108 1
1069 85 -1
1069 499 1
1070 85 -1
1070 307 1
1071 85 -1
1071 337 1
1072 85 -1
1072 425 1
1073 85 -1
1073 485 1
1074 86 1
1075 86 -1
1075 265 1
1076 86 -1
1076 435 1
1077 86 1
1077 187 -1
1078 86 -1
1078 105 1
1079 86 -1
1079 122 1
1080 86 1
1080 138 -1
1081 86 -1
1081 369 1
1082 86 -1
1082 418 1
1083 87 -1
1083 382 1
1084 87 1
1084 281 -1
1085 87 1
1085 256 -1
1086 87 1
1086 324 -1
1087 87 -1
1087 318 1
1088 87 -1
1088 182 1
1089 87 -1
1089 123 1
1090 87 -1
1090 465 1
1091 87 -1
1091 178 1
1092 87 -1
1092 380 1
1093 87 -1
1093 331 1
1094 88 1
1094 396 -1
1095 88 1
1095 467 -1
1096 88 -1
1096 255 1
1097 88 -1
1097 203 1
1098 88 -1
1098 448 1
1099 88 1
1099 248 -1
1100 88 1
1100 131 -1
1101 88 1
1101 413 -1
1102 88 1
1102 150 -1
1103 88 1
1103 461 -1
1104 88 1
1104 399 -1
1105 89 1
1105 149 -1
1106 89 1
1106 238 -1
1107 89 1
1107 202 -1
1108 89 1
1108 250 -1
1109 89 -1
1109 456 1
1110 89 1
1110 298 -1
1111 89 -1
1111 271 1
1112 89 1
1112 449 -1
1113 89 1
1113 398 -1
1114 89 1
1114 264 -1
1115 89 -1
1115 402 1
1116 89 -1
1116 317 1
1117 89 -1
1117 453 1
1118 89 1
1118 478 -1
1119 89 1
1119 119 -1
1120 89 1
1120 344 -1
1121 90 1
1122 90 -1
1122 488 1
1123 90 -1
1123 474 1
1124 90 -1
1124 210 1
1125 90 -1
1125 346 1
1126 90 -1
1126 371 1
1127 90 -1
1127 489 1
1128 90 -1
1128 338 1
1129 91 1
1130 91 1
1131 91 -1
1131 353 1
1132 91 1
1132 487 -1
1133 91 -1
1133 385 1
1134 91 -1
1134 295 1
1135 91 -1
1135 457 1
1136 91 -1
1136 277 1
1137 92 1
1138 92 -1
1138 138 1
1139 92 -1
1139 197 1
1140 92 -1
1140 136 1
1141 92 -1
1141 418 1
1142 92 -1
1142 337 1
1143 92 -1
1143 466 1
1144 92 -1
1144 229 1
1145 92 1
1145 152 -1
1146 92 1
1146 414 -1
1147 92 -1
1147 187 1
1148 92 1
1148 252 -1
1149 93 1
1150 93 -1
1150 443 1
1151 93 1
1151 461 -1
1152 93 -1
1152 374 1
1153 93 -1
1153 267 1
1154 93 -1
1154 364 1
1155 93 -1
1155 137 1
1156 93 -1
1156 413 1
1157 93 -1
1157 227 1
1158 93 -1
1158 303 1
1159 94 1
1160 94 1
1161 94 -1
1161 140 1
1162 94 1
1162 284 -1
1163 94 1
1163 343 -1
1164 94 -1
1164 176 1
1165 94 1
1165 392 -1
1166 94 1
1166 235 -1
1167 95 1
1168 95 1
1168 149 -1
1169 95 1
1169 144 -1
1170 95 1
1170 264 -1
1171 95 -1
1171 449 1
1172 95 -1
1172 452 1
1173 95 -1
1173 194 1
1174 95 -1
1174 395 1
1175 95 -1
1175 226 1
1176 96 -1
1176 160 1
1177 96 -1
1177 476 1
1178 96 1
1178 148 -1
1179 96 -1
1179 186 1
1180 96 1
1180 259 -1
1181 96 1
1181 109 -1
1182 96 1
1182 393 -1
1183 96 1
1183 171 -1
1184 96 1
1184 341 -1
1185 96 -1
1185 383 1
1186 96 1
1186 276 -1
1187 96 1
1187 242 -1
1188 96 -1
1188 440 1
1189 96 1
1189 462 -1
1190 96 1
1190 312 -1
1191 96 -1
1191 406 1
1192 97 -1
1192 233 1
1193 97 -1
1193 290 1
1194 97 1
1194 359 -1
1195 97 1
1195 491 -1
1196 97 1
1196 447 -1
1197 97 -1
1197 433 1
1198 97 1
1198 450 -1
1199 98 1
1200 98 -1
1200 239 1
1201 98 -1
1201 216 1
1202 98 -1
1202 234 1
1203 98 -1
1203 373 1
1204 99 1
1204 321 -1
1205 99 1
1205 141 -1
1206 99 1
1206 494 -1
1207 99 -1
1207 380 1
1208 99 -1
1208 300 1
1209 99 1
1209 315 -1
1210 99 -1
1210 305 1
1211 100 1
1212 100 -1
1212 484 1
1213 100 -1
1213 413 1
1214 100 -1
1214 150 1
1215 100 -1
1215 443 1
1216 100 1
1216 477 -1
1217 100 -1
1217 137 1
1218 100 -1
1218 254 1
1219 100 1
1219 116 -1
1220 101 1
1220 249 -1
1221 101 -1
1221 185 1
1222 101 -1
1222 360 1
1223 101 -1
1223 482 1
1224 101 -1
1224 459 1
1225 101 -1
1225 300 1
1226 101 -1
1226 418 1
1227 101 -1
1227 270 1
1228 101 -1
1228 105 1
1229 101 -1
1229 380 1
1230 102 -1
1230 257 1
1231 102 -1
1231 465 1
1232 102 -1
1232 433 1
1233 102 1
1233 359 -1
1234 102 -1
1234 189 1
1235 102 -1
1235 491 1
1236 102 -1
1236 301 1
1237 102 -1
1237 201 1
1238 102 -1
1238 174 1
1239 102 1
1239 120 -1
1240 102 1
1240 170 -1
1241 102 1
1241 388 -1
1242 102 1
1242 352 -1
1243 102 1
1243 213 -1
1244 103 -1
1244 376 1
1245 103 -1
1245 324 1
1246 103 1
1246 132 -1
1247 103 -1
1247 134 1
1248 103 -1
1248 498 1
1249 103 -1
1249 432 1
1250 103 -1
1250 168 1
1251 103 1
1251 318 -1
1252 103 -1
1252 310 1
1253 103 1
1253 146 -1
1254 103 1
1254 294 -1
1255 104 1
1256 104 -1
1256 129 1
1257 104 -1
1257 312 1
1258 104 -1
1258 357 1
1259 104 -1
1259 274 1
1260 104 1
1260 108 -1
1261 104 -1
1261 126 1
1262 104 1
1262 244 -1
1263 104 1
1263 272 -1
1264 104 -1
1264 283 1
1265 104 1
1265 266 -1
1266 104 1
1266 163 -1
1267 104 -1
1267 205 1
1268 105 -1
1268 187 1
1269 105 -1
1269 152 1
1270 105 1
1270 265 -1
1271 105 -1
1271 482 1
1272 105 1
1272 365 -1
1273 105 1
1273 435 -1
1274 105 1
1274 132 -1
1275 105 1
1275 459 -1
1276 105 1
1276 122 -1
1277 105 1
1277 134 -1
1278 105 -1
1278 418 1
1279 105 1
1279 360 -1
1280 106 1
1281 106 -1
1281 368 1
1282 106 1
1282 496 -1
1283 106 1
1283 339 -1
1284 106 1
1284 401 -1
1285 106 -1
1285 230 1
1286 106 1
1286 427 -1
1287 106 1
1287 156 -1
1288 106 1
1288 121 -1
1289 106 1
1289 345 -1
1290 106 1
1290 405 -1
1291 107 1
1292 107 1
1293 107 -1
1293 469 1
1294 107 -1
1294 215 1
1295 107 -1
1295 125 1
1296 107 -1
1296 412 1
1297 107 -1
1297 124 1
1298 107 -1
1298 247 1
1299 107 1
1299 333 -1
1300 107 1
1300 401 -1
1301 107 -1
1301 221 1
1302 107 -1
1302 231 1
1303 108 -1
1303 302 1
1304 108 -1
1304 243 1
1305 108 -1
1305 414 1
1306 108 -1
1306 244 1
1307 108 -1
1307 274 1
1308 108 -1
1308 312 1
1309 108 -1
1309 499 1
1310 108 1
1310 283 -1
1311 108 -1
1311 383 1
1312 108 1
1312 205 -1
1313 108 1
1313 425 -1
1314 109 -1
1314 314 1
1315 109 -1
1315 148 1
1316 109 -1
1316 160 1
1317 109 1
1317 128 -1
1318 109 -1
1318 259 1
1319 109 1
1319 440 -1
1320 109 -1
1320 292 1
1321 109 -1
1321 323 1
1322 109 -1
1322 476 1
1323 109 -1
1323 386 1
1324 109 -1
1324 486 1
1325 109 -1
1325 186 1
1326 110 1
1327 110 -1
1327 347 1
1328 110 -1
1328 136 1
1329 110 -1
1329 229 1
1330 110 -1
1330 409 1
1331 110 -1
1331 205 1
1332 110 1
1332 283 -1
1333 110 -1
1333 466 1
1334 110 -1
1334 414 1
1335 111 1
1336 111 1
1337 111 -1
1337 329 1
1338 111 -1
1338 159 1
1339 111 -1
1339 127 1
1340 111 -1
1340 157 1
1341 111 -1
1341 237 1
1342 111 -1
1342 275 1
1343 111 1
1343 423 -1
1344 112 1
1345 112 -1
1345 306 1
1346 112 -1
1346 269 1
1347 112 -1
1347 130 1
1348 112 1
1348 240 -1
1349 112 -1
1349 262 1
1350 112 1
1350 190 -1
1351 112 -1
1351 464 1
1352 112 -1
1352 299 1
1353 112 -1
1353 287 1
1354 113 1
1355 113 1
1355 415 -1
1356 113 1
1356 416 -1
1357 113 1
1357 220 -1
1358 113 -1
1358 135 1
1359 113 -1
1359 266 1
1360 113 1
1360 207 -1
1361 113 -1
1361 184 1
1362 113 1
1362 212 -1
1363 113 1
1363 458 -1
1364 113 -1
1364 406 1
1365 113 -1
1365 442 1
1366 114 1
1367 114 1
1367 434 -1
1368 114 1
1368 167 -1
1369 114 -1
1369 226 1
1370 114 -1
1370 144 1
1371 114 -1
1371 236 1
1372 114 1
1372 497 -1
1373 114 1
1373 250 -1
1374 114 -1
1374 403 1
1375 114 1
1375 427 -1
1376 114 -1
1376 311 1
1377 114 -1
1377 449 1
1378 114 1
1378 447 -1
1379 114 1
1379 491 -1
1380 115 1
1381 115 -1
1381 280 1
1382 115 -1
1382 169 1
1383 115 -1
1383 336 1
1384 115 -1
1384 470 1
1385 115 -1
1385 143 1
1386 115 -1
1386 388 1
1387 115 1
1387 373 -1
1388 115 1
1388 291 -1
1389 116 1
1390 116 -1
1390 480 1
1391 116 -1
1391 366 1
1392 116 -1
1392 313 1
1393 116 -1
1393 137 1
1394 116 -1
1394 150 1
1395 116 -1
1395 374 1
1396 116 1
1396 297 -1
1397 116 1
1397 443 -1
1398 116 -1
1398 484 1
1399 116 1
1399 493 -1
1400 116 1
1400 490 -1
1401 117 1
1402 117 1
1403 117 1
1403 278 -1
1404 117 1
1404 356 -1
1405 117 1
1405 381 -1
1406 117 1
1406 420 -1
1407 117 -1
1407 143 1
1408 118 1
1409 118 1
1409 208 -1
1410 118 -1
1410 268 1
1411 118 -1
1411 176 1
1412 118 -1
1412 419 1
1413 118 -1
1413 392 1
1414 118 -1
1414 284 1
1415 118 1
1415 411 -1
1416 118 1
1416 282 -1
1417 118 -1
1417 487 1
1418 118 1
1418 273 -1
1419 119 1
1419 453 -1
1420 119 1
1420 485 -1
1421 119 -1
1421 261 1
1422 119 1
1422 438 -1
1423 119 1
1423 155 -1
1424 119 1
1424 344 -1
1425 119 1
1425 200 -1
1426 119 1
1426 223 -1
1427 119 1
1427 478 -1
1428 119 1
1428 154 -1
1429 119 -1
1429 317 1
1430 119 1
1430 315 -1
1431 119 -1
1431 397 1
1432 119 1
1432 195 -1
1433 119 -1
1433 217 1
1434 119 -1
1434 288 1
1435 120 1
1436 120 -1
1436 174 1
1437 120 -1
1437 494 1
1438 120 -1
1438 201 1
1439 120 -1
1439 465 1
1440 120 1
1440 170 -1
1441 120 -1
1441 404 1
1442 121 1
1443 121 -1
1443 345 1
1444 121 -1
1444 167 1
1445 121 -1
1445 236 1
1446 121 -1
1446 368 1
1447 121 -1
1447 496 1
1448 121 1
1448 230 -1
1449 121 -1
1449 469 1
1450 122 1
1451 122 -1
1451 265 1
1452 122 1
1452 134 -1
1453 122 -1
1453 435 1
1454 122 -1
1454 224 1
1455 122 1
1455 369 -1
1456 122 -1
1456 295 1
1457 122 -1
1457 457 1
1458 123 -1
1458 318 1
1459 123 1
1459 498 -1
1460 123 1
1460 490 -1
1461 123 -1
1461 382 1
1462 123 -1
1462 331 1
1463 123 -1
1463 384 1
1464 123 -1
1464 178 1
1465 123 -1
1465 324 1
1466 123 -1
1466 182 1
1467 124 1
1468 124 1
1469 124 -1
1469 125 1
1470 124 -1
1470 469 1
1471 124 -1
1471 333 1
1472 124 1
1472 215 -1
1473 124 1
1473 237 -1
1474 124 1
1474 412 -1
1475 124 1
1475 157 -1
1476 124 1
1476 345 -1
1477 125 1
1478 125 1
1479 125 -1
1479 215 1
1480 125 -1
1480 469 1
1481 125 1
1481 412 -1
1482 126 1
1483 126 -1
1483 458 1
1484 126 1
1484 274 -1
1485 126 -1
1485 272 1
1486 126 -1
1486 309 1
1487 126 -1
1487 266 1
1488 126 -1
1488 135 1
1489 126 1
1489 244 -1
1490 126 -1
1490 407 1
1491 126 -1
1491 163 1
1492 126 1
1492 312 -1
1493 127 1
1494 127 1
1495 127 1
1496 127 -1
1496 159 1
1497 127 -1
1497 348 1
1498 127 -1
1498 346 1
1499 127 -1
1499 488 1
1500 128 1
1501 128 1
1501 259 -1
1502 128 -1
1502 180 1
1503 128 -1
1503 314 1
1504 128 -1
1504 475 1
1505 128 -1
1505 460 1
1506 128 -1
1506 472 1
1507 128 -1
1507 335 1
1508 128 -1
1508 246 1
1509 128 -1
1509 160 1
1510 128 -1
1510 133 1
1511 128 1
1511 455 -1
1512 129 1
1513 129 1
1513 357 -1
1514 129 -1
1514 312 1
1515 129 -1
1515 468 1
1516 129 -1
1516 341 1
1517 129 -1
1517 258 1
1518 129 -1
1518 425 1
1519 130 1
1520 130 -1
1520 198 1
1521 130 -1
1521 269 1
1522 130 -1
1522 240 1
1523 130 1
1523 316 -1
1524 130 1
1524 400 -1
1525 130 -1
1525 235 1
1526 131 1
1526 248 -1
1527 131 1
1527 467 -1
1528 131 -1
1528 251 1
1529 131 1
1529 294 -1
1530 131 1
1530 255 -1
1531 131 1
1531 242 -1
1532 131 -1
1532 340 1
1533 131 -1
1533 276 1
1534 131 -1
1534 225 1
1535 131 -1
1535 375 1
1536 131 -1
1536 444 1
1537 131 -1
1537 318 1
1538 131 1
1538 150 -1
1539 131 1
1539 253 -1
1540 131 1
1540 461 -1
1541 131 -1
1541 445 1
1542 132 1
1542 324 -1
1543 132 -1
1543 134 1
1544 132 1
1544 376 -1
1545 132 -1
1545 281 1
1546 132 -1
1546 482 1
1547 132 1
1547 270 -1
1548 132 1
1548 459 -1
1549 132 1
1549 365 -1
1550 132 1
1550 168 -1
1551 132 -1
1551 318 1
1552 132 1
1552 499 -1
1553 133 1
1554 133 -1
1554 363 1
1555 133 1
1555 398 -1
1556 133 -1
1556 317 1
1557 133 -1
1557 298 1
1558 133 -1
1558 472 1
1559 133 -1
1559 335 1
1560 134 -1
1560 324 1
1561 134 -1
1561 376 1
1562 134 -1
1562 146 1
1563 134 -1
1563 482 1
1564 134 1
1564 310 -1
1565 134 1
1565 198 -1
1566 135 1
1567 135 -1
1567 407 1
1568 135 -1
1568 416 1
1569 135 -1
1569 415 1
1570 135 -1
1570 458 1
1571 135 -1
1571 266 1
1572 135 -1
1572 184 1
1573 136 1
1574 136 1
1575 136 -1
1575 347 1
1576 136 -1
1576 229 1
1577 136 1
1577 466 -1
1578 136 -1
1578 409 1
1579 136 -1
1579 138 1
1580 136 -1
1580 337 1
1581 136 -1
1581 414 1
1582 137 1
1583 137 1
1583 374 -1
1584 137 -1
1584 443 1
1585 137 -1
1585 150 1
1586 137 1
1586 413 -1
1587 137 -1
1587 461 1
1588 137 -1
1588 297 1
1589 137 1
1589 484 -1
1590 137 -1
1590 490 1
1591 138 1
1592 138 -1
1592 197 1
1593 138 -1
1593 418 1
1594 138 1
1594 435 -1
1595 138 -1
1595 187 1
1596 139 1
1597 139 -1
1597 166 1
1598 139 -1
1598 441 1
1599 139 -1
1599 369 1
1600 139 -1
1600 435 1
1601 139 -1
1601 365 1
1602 139 1
1602 243 -1
1603 139 1
1603 168 -1
1604 139 1
1604 414 -1
1605 140 1
1606 140 1
1607 140 -1
1607 158 1
1608 140 -1
1608 176 1
1609 140 -1
1609 284 1
1610 140 1
1610 145 -1
1611 140 -1
1611 343 1
1612 140 1
1612 358 -1
1613 141 -1
1613 261 1
1614 141 1
1614 380 -1
1615 141 -1
1615 315 1
1616 141 1
1616 446 -1
1617 141 1
1617 301 -1
1618 141 1
1618 223 -1
1619 141 1
1619 174 -1
1620 141 1
1620 307 -1
1621 141 1
1621 337 -1
1622 142 1
1622 285 -1
1623 142 -1
1623 436 1
1624 142 -1
1624 431 1
1625 142 1
1625 446 -1
1626 142 -1
1626 328 1
1627 142 -1
1627 222 1
1628 142 -1
1628 462 1
1629 142 -1
1629 380 1
1630 142 1
1630 217 -1
1631 142 1
1631 479 -1
1632 143 1
1633 143 -1
1633 291 1
1634 143 -1
1634 286 1
1635 143 -1
1635 170 1
1636 143 1
1636 388 -1
1637 143 1
1637 381 -1
1638 143 1
1638 213 -1
1639 143 1
1639 492 -1
1640 143 1
1640 420 -1
1641 143 1
1641 182 -1
1642 143 1
1642 373 -1
1643 143 1
1643 404 -1
1644 143 -1
1644 352 1
1645 143 1
1645 218 -1
1646 144 1
1647 144 1
1647 449 -1
1648 144 1
1648 250 -1
1649 144 -1
1649 202 1
1650 144 -1
1650 149 1
1651 144 -1
1651 264 1
1652 144 -1
1652 434 1
1653 144 1
1653 226 -1
1654 144 -1
1654 395 1
1655 144 -1
1655 238 1
1656 144 1
1656 452 -1
1657 145 -1
1657 411 1
1658 145 -1
1658 349 1
1659 145 -1
1659 158 1
1660 145 1
1660 176 -1
1661 145 1
1661 208 -1
1662 145 -1
1662 358 1
1663 145 1
1663 372 -1
1664 145 1
1664 268 -1
1665 145 1
1665 419 -1
1666 145 -1
1666 284 1
1667 145 -1
1667 343 1
1668 145 1
1668 227 -1
1669 146 -1
1669 483 1
1670 146 -1
1670 400 1
1671 146 -1
1671 182 1
1672 146 -1
1672 324 1
1673 146 1
1673 310 -1
1674 146 -1
1674 296 1
1675 146 -1
1675 498 1
1676 146 1
1676 198 -1
1677 146 1
1677 343 -1
1678 147 1
1679 147 1
1680 147 1
1680 417 -1
1681 147 1
1681 378 -1
1682 147 -1
1682 451 1
1683 147 1
1683 386 -1
1684 147 -1
1684 260 1
1685 147 1
1685 486 -1
1686 148 1
1686 160 -1
1687 148 1
1687 314 -1
1688 148 -1
1688 389 1
1689 148 1
1689 393 -1
1690 148 -1
1690 192 1
1691 148 1
1691 440 -1
1692 148 -1
1692 242 1
1693 148 -1
1693 219 1
1694 148 1
1694 444 -1
1695 149 1
1696 149 -1
1696 452 1
1697 149 1
1697 194 -1
1698 149 -1
1698 264 1
1699 149 -1
1699 330 1
1700 149 -1
1700 456 1
1701 149 1
1701 202 -1
1702 149 1
1702 449 -1
1703 149 -1
1703 250 1
1704 149 -1
1704 238 1
1705 150 1
1705 477 -1
1706 150 -1
1706 320 1
1707 150 -1
1707 413 1
1708 150 1
1708 248 -1
1709 150 1
1709 461 -1
1710 150 1
1710 490 -1
1711 151 1
1712 151 1
1712 430 -1
1713 151 -1
1713 454 1
1714 151 1
1714 489 -1
1715 151 1
1715 342 -1
1716 151 1
1716 471 -1
1717 151 1
1717 201 -1
1718 151 1
1718 474 -1
1719 151 1
1719 426 -1
1720 151 1
1720 338 -1
1721 151 1
1721 236 -1
1722 152 1
1722 187 -1
1723 152 1
1723 365 -1
1724 152 1
1724 459 -1
1725 152 1
1725 441 -1
1726 152 1
1726 418 -1
1727 152 -1
1727 414 1
1728 152 -1
1728 197 1
1729 153 -1
1729 475 1
1730 153 1
1730 314 -1
1731 153 1
1731 332 -1
1732 153 1
1732 246 -1
1733 153 1
1733 192 -1
1734 153 1
1734 378 -1
1735 154 1
1736 154 1
1737 154 -1
1737 390 1
1738 154 -1
1738 397 1
1739 154 1
1739 495 -1
1740 154 -1
1740 155 1
1741 154 -1
1741 438 1
1742 154 -1
1742 478 1
1743 155 1
1744 155 1
1744 344 -1
1745 155 1
1745 495 -1
1746 155 -1
1746 223 1
1747 155 -1
1747 397 1
1748 155 -1
1748 453 1
1749 155 -1
1749 261 1
1750 155 -1
1750 478 1
1751 156 1
1752 156 -1
1752 401 1
1753 156 1
1753 405 -1
1754 156 1
1754 496 -1
1755 156 1
1755 293 -1
1756 156 -1
1756 339 1
1757 156 1
1757 221 -1
1758 156 -1
1758 379 1
1759 156 -1
1759 165 1
1760 156 -1
1760 175 1
1761 156 -1
1761 253 1
1762 157 1
1763 157 -1
1763 428 1
1764 157 -1
1764 275 1
1765 157 -1
1765 162 1
1766 157 -1
1766 423 1
1767 157 -1
1767 237 1
1768 157 1
1768 159 -1
1769 157 -1
1769 329 1
1770 157 -1
1770 239 1
1771 157 -1
1771 333 1
1772 157 -1
1772 216 1
1773 157 1
1773 469 -1
1774 158 1
1775 158 1
1776 158 1
1776 176 -1
1777 158 -1
1777 411 1
1778 158 1
1778 282 -1
1779 158 -1
1779 358 1
1780 159 1
1781 159 1
1781 348 -1
1782 159 -1
1782 275 1
1783 159 -1
1783 162 1
1784 159 -1
1784 488 1
1785 159 1
1785 237 -1
1786 159 1
1786 239 -1
1787 160 1
1787 219 -1
1788 160 1
1788 476 -1
1789 160 1
1789 259 -1
1790 160 -1
1790 192 1
1791 160 1
1791 393 -1
1792 160 1
1792 341 -1
1793 160 -1
1793 314 1
1794 160 1
1794 242 -1
1795 160 -1
1795 460 1
1796 160 1
1796 421 -1
1797 160 1
1797 383 -1
1798 160 1
1798 276 -1
1799 161 -1
1799 245 1
1800 161 -1
1800 290 1
1801 161 -1
1801 447 1
1802 161 -1
1802 426 1
1803 161 -1
1803 196 1
1804 161 -1
1804 359 1
1805 161 1
1805 178 -1
1806 161 1
1806 183 -1
1807 161 1
1807 234 -1
1808 162 -1
1808 210 1
1809 162 -1
1809 275 1
1810 162 -1
1810 488 1
1811 162 -1
1811 348 1
1812 162 -1
1812 474 1
1813 162 -1
1813 346 1
1814 162 1
1814 371 -1
1815 162 -1
1815 367 1
1816 162 -1
1816 239 1
1817 162 1
1817 234 -1
1818 162 1
1818 196 -1
1819 162 1
1819 237 -1
1820 163 1
1821 163 1
1821 171 -1
1822 163 1
1822 186 -1
1823 163 1
1823 308 -1
1824 163 -1
1824 407 1
1825 163 -1
1825 312 1
1826 163 -1
1826 177 1
1827 163 -1
1827 476 1
1828 163 -1
1828 266 1
1829 163 -1
1829 357 1
1830 164 1
1831 164 -1
1831 279 1
1832 164 1
1832 408 -1
1833 164 1
1833 385 -1
1834 164 -1
1834 399 1
1835 164 1
1835 429 -1
1836 164 1
1836 277 -1
1837 164 1
1837 294 -1
1838 164 -1
1838 255 1
1839 164 -1
1839 448 1
1840 165 -1
1840 379 1
1841 165 1
1841 181 -1
1842 165 -1
1842 173 1
1843 165 -1
1843 293 1
1844 165 -1
1844 320 1
1845 165 -1
1845 437 1
1846 165 -1
1846 228 1
1847 165 1
1847 221 -1
1848 166 1
1849 166 1
1849 369 -1
1850 166 -1
1850 322 1
1851 166 -1
1851 457 1
1852 166 -1
1852 243 1
1853 166 1
1853 168 -1
1854 166 1
1854 499 -1
1855 166 1
1855 289 -1
1856 166 -1
1856 481 1
1857 167 1
1858 167 -1
1858 236 1
1859 167 -1
1859 427 1
1860 167 -1
1860 434 1
1861 167 -1
1861 230 1
1862 167 -1
1862 368 1
1863 167 -1
1863 497 1
1864 168 -1
1864 277 1
1865 168 1
1865 376 -1
1866 168 1
1866 369 -1
1867 168 -1
1867 289 1
1868 168 -1
1868 365 1
1869 168 -1
1869 499 1
1870 168 1
1870 294 -1
1871 168 -1
1871 432 1
1872 168 -1
1872 295 1
1873 168 -1
1873 375 1
1874 168 -1
1874 318 1
1875 169 1
1876 169 -1
1876 483 1
1877 169 -1
1877 280 1
1878 169 1
1878 388 -1
1879 169 -1
1879 304 1
1880 169 -1
1880 182 1
1881 169 -1
1881 470 1
1882 169 1
1882 336 -1
1883 169 -1
1883 296 1
1884 169 1
1884 206 -1
1885 170 1
1886 170 -1
1886 286 1
1887 170 -1
1887 492 1
1888 170 -1
1888 218 1
1889 170 -1
1889 404 1
1890 170 1
1890 464 -1
1891 170 -1
1891 213 1
1892 170 -1
1892 410 1
1893 170 -1
1893 420 1
1894 170 -1
1894 388 1
1895 170 1
1895 465 -1
1896 170 1
1896 201 -1
1897 170 1
1897 352 -1
1898 171 -1
1898 186 1
1899 171 1
1899 266 -1
1900 171 1
1900 312 -1
1901 171 -1
1901 476 1
1902 171 -1
1902 184 1
1903 171 -1
1903 244 1
1904 171 -1
1904 407 1
1905 171 -1
1905 308 1
1906 171 -1
1906 406 1
1907 172 1
1908 172 -1
1908 326 1
1909 172 -1
1909 238 1
1910 172 -1
1910 439 1
1911 172 -1
1911 456 1
1912 172 1
1912 350 -1
1913 172 1
1913 471 -1
1914 172 -1
1914 391 1
1915 172 1
1915 454 -1
1916 172 1
1916 342 -1
1917 172 1
1917 226 -1
1918 172 1
1918 452 -1
1919 173 1
1920 173 1
1920 181 -1
1921 173 -1
1921 320 1
1922 173 1
1922 231 -1
1923 173 -1
1923 221 1
1924 173 1
1924 379 -1
1925 173 -1
1925 480 1
1926 174 1
1927 174 1
1927 301 -1
1928 174 -1
1928 201 1
1929 174 -1
1929 350 1
1930 174 -1
1930 257 1
1931 175 1
1932 175 -1
1932 339 1
1933 175 -1
1933 293 1
1934 175 -1
1934 211 1
1935 175 -1
1935 179 1
1936 175 1
1936 405 -1
1937 175 1
1937 260 -1
1938 175 -1
1938 311 1
1939 176 1
1940 176 1
1940 411 -1
1941 176 1
1941 208 -1
1942 176 1
1942 284 -1
1943 176 -1
1943 282 1
1944 176 1
1944 392 -1
1945 177 1
1946 177 -1
1946 214 1
1947 177 -1
1947 476 1
1948 177 -1
1948 460 1
1949 177 1
1949 259 -1
1950 177 1
1950 357 -1
1951 177 1
1951 312 -1
1952 178 1
1952 359 -1
1953 178 1
1953 256 -1
1954 178 -1
1954 384 1
1955 178 -1
1955 382 1
1956 178 -1
1956 331 1
1957 178 1
1957 245 -1
1958 178 1
1958 445 -1
1959 178 -1
1959 370 1
1960 178 -1
1960 183 1
1961 178 1
1961 388 -1
1962 178 -1
1962 182 1
1963 179 1
1963 444 -1
1964 179 1
1964 405 -1
1965 179 1
1965 211 -1
1966 179 -1
1966 339 1
1967 179 -1
1967 230 1
1968 179 -1
1968 311 1
1969 179 1
1969 497 -1
1970 179 -1
1970 450 1
1971 179 -1
1971 445 1
1972 179 -1
1972 192 1
1973 179 -1
1973 332 1
1974 180 1
1975 180 1
1975 475 -1
1976 180 1
1976 335 -1
1977 180 -1
1977 395 1
1978 180 -1
1978 332 1
1979 180 -1
1979 314 1
1980 180 -1
1980 246 1
1981 180 -1
1981 421 1
1982 180 -1
1982 192 1
1983 180 -1
1983 449 1
1984 181 1
1985 181 1
1986 181 1
1987 181 1
1987 320 -1
1988 181 -1
1988 231 1
1989 181 -1
1989 221 1
1990 181 1
1990 437 -1
1991 181 -1
1991 228 1
1992 182 -1
1992 388 1
1993 182 1
1993 370 -1
1994 182 1
1994 483 -1
1995 182 1
1995 218 -1
1996 182 -1
1996 331 1
1997 182 1
1997 324 -1
1998 182 1
1998 382 -1
1999 182 -1
1999 291 1
2000 182 -1
2000 256 1
2001 182 -1
2001 400 1
2002 182 -1
2002 286 1
2003 182 1
2003 336 -1
2004 182 1
2004 498 -1
2005 182 -1
2005 359 1
2006 183 -1
2006 387 1
2007 183 -1
2007 216 1
2008 183 -1
2008 234 1
2009 183 1
2009 373 -1
2010 183 -1
2010 245 1
2011 183 1
2011 370 -1
2012 183 1
2012 333 -1
2013 183 -1
2013 331 1
2014 183 1
2014 327 -1
2015 183 1
2015 345 -1
2016 183 1
2016 304 -1
2017 183 -1
2017 196 1
2018 183 1
2018 493 -1
2019 183 1
2019 359 -1
2020 183 1
2020 319 -1
2021 184 -1
2021 442 1
2022 184 -1
2022 266 1
2023 184 -1
2023 406 1
2024 184 -1
2024 244 1
2025 184 -1
2025 207 1
2026 184 -1
2026 289 1
2027 184 -1
2027 276 1
2028 184 -1
2028 279 1
2029 184 -1
2029 415 1
2030 184 1
2030 407 -1
2031 185 1
2031 328 -1
2032 185 1
2032 459 -1
2033 185 1
2033 270 -1
2034 185 -1
2034 249 1
2035 185 1
2035 380 -1
2036 185 -1
2036 300 1
2037 185 -1
2037 360 1
2038 185 -1
2038 337 1
2039 185 1
2039 197 -1
2040 186 -1
2040 476 1
2041 186 -1
2041 308 1
2042 186 1
2042 362 -1
2043 186 1
2043 406 -1
2044 186 -1
2044 440 1
2045 186 -1
2045 323 1
2046 186 -1
2046 386 1
2047 186 -1
2047 486 1
2048 187 1
2048 435 -1
2049 187 -1
2049 441 1
2050 187 1
2050 365 -1
2051 187 -1
2051 265 1
2052 187 1
2052 418 -1
2053 188 1
2054 188 1
2055 188 -1
2055 354 1
2056 188 -1
2056 204 1
2057 188 1
2057 305 -1
2058 188 -1
2058 199 1
2059 189 1
2059 222 -1
2060 189 1
2060 479 -1
2061 189 1
2061 433 -1
2062 189 1
2062 301 -1
2063 189 -1
2063 271 1
2064 189 1
2064 257 -1
2065 189 -1
2065 491 1
2066 189 1
2066 233 -1
2067 189 1
2067 403 -1
2068 190 1
2069 190 1
2070 190 -1
2070 299 1
2071 190 -1
2071 278 1
2072 190 -1
2072 306 1
2073 190 -1
2073 269 1
2074 190 -1
2074 262 1
2075 190 -1
2075 356 1
2076 190 -1
2076 351 1
2077 191 1
2078 191 -1
2078 437 1
2079 191 -1
2079 228 1
2080 191 1
2080 254 -1
2081 191 -1
2081 209 1
2082 191 -1
2082 473 1
2083 191 -1
2083 477 1
2084 191 -1
2084 379 1
2085 192 -1
2085 219 1
2086 192 -1
2086 421 1
2087 192 -1
2087 444 1
2088 192 -1
2088 314 1
2089 192 -1
2089 475 1
2090 192 1
2090 403 -1
2091 192 1
2091 389 -1
2092 192 1
2092 242 -1
2093 192 1
2093 225 -1
2094 192 1
2094 332 -1
2095 192 1
2095 311 -1
2096 192 1
2096 450 -1
2097 192 -1
2097 497 1
2098 193 1
2099 193 -1
2099 241 1
2100 193 1
2100 468 -1
2101 193 1
2101 214 -1
2102 193 -1
2102 357 1
2103 193 -1
2103 341 1
2104 193 -1
2104 460 1
2105 193 1
2105 288 -1
2106 194 1
2107 194 1
2108 194 1
2109 194 -1
2109 330 1
2110 194 -1
2110 452 1
2111 194 1
2111 456 -1
2112 194 -1
2112 264 1
2113 194 -1
2113 363 1
2114 195 1
2115 195 -1
2115 258 1
2116 195 -1
2116 288 1
2117 195 -1
2117 425 1
2118 195 -1
2118 241 1
2119 195 1
2119 485 -1
2120 195 -1
2120 468 1
2121 195 1
2121 307 -1
2122 195 1
2122 217 -1
2123 195 -1
2123 317 1
2124 195 -1
2124 261 1
2125 195 -1
2125 200 1
2126 196 1
2126 352 -1
2127 196 -1
2127 234 1
2128 196 -1
2128 426 1
2129 196 1
2129 474 -1
2130 196 1
2130 371 -1
2131 196 -1
2131 359 1
2132 196 -1
2132 373 1
2133 196 -1
2133 338 1
2134 196 -1
2134 201 1
2135 196 -1
2135 388 1
2136 197 1
2137 197 1
2137 418 -1
2138 197 1
2138 360 -1
2139 197 1
2139 337 -1
2140 197 1
2140 466 -1
2141 197 1
2141 252 -1
2142 197 1
2142 305 -1
2143 197 -1
2143 414 1
2144 198 1
2145 198 -1
2145 224 1
2146 198 1
2146 316 -1
2147 198 1
2147 400 -1
2148 198 -1
2148 240 1
2149 198 1
2149 235 -1
2150 198 -1
2150 470 1
2151 198 1
2151 343 -1
2152 199 1
2153 199 1
2154 199 1
2154 354 -1
2155 199 1
2155 307 -1
2156 199 1
2156 361 -1
2157 199 1
2157 305 -1
2158 199 1
2158 315 -1
2159 199 1
2159 397 -1
2160 199 -1
2160 337 1
2161 199 -1
2161 252 1
2162 199 1
2162 390 -1
2163 199 -1
2163 485 1
2164 199 -1
2164 438 1
2165 200 -1
2165 402 1
2166 200 1
2166 317 -1
2167 200 1
2167 398 -1
2168 200 1
2168 472 -1
2169 200 1
2169 217 -1
2170 200 1
2170 288 -1
2171 200 1
2171 341 -1
2172 200 -1
2172 485 1
2173 201 1
2174 201 -1
2174 338 1
2175 201 -1
2175 430 1
2176 201 1
2176 426 -1
2177 201 -1
2177 301 1
2178 201 -1
2178 404 1
2179 201 1
2179 491 -1
2180 201 -1
2180 350 1
2181 201 1
2181 213 -1
2182 201 1
2182 474 -1
2183 201 1
2183 352 -1
2184 202 1
2184 250 -1
2185 202 1
2185 449 -1
2186 202 -1
2186 298 1
2187 202 -1
2187 398 1
2188 202 1
2188 271 -1
2189 202 1
2189 402 -1
2190 202 1
2190 264 -1
2191 202 1
2191 421 -1
2192 203 1
2193 203 1
2193 255 -1
2194 203 -1
2194 396 1
2195 203 1
2195 467 -1
2196 203 1
2196 448 -1
2197 203 1
2197 251 -1
2198 203 1
2198 209 -1
2199 203 -1
2199 340 1
2200 203 -1
2200 254 1
2201 203 -1
2201 429 1
2202 203 -1
2202 440 1
2203 203 -1
2203 292 1
2204 204 1
2205 204 -1
2205 354 1
2206 204 1
2206 315 -1
2207 204 1
2207 305 -1
2208 204 -1
2208 397 1
2209 204 -1
2209 494 1
2210 205 1
2211 205 -1
2211 325 1
2212 205 1
2212 347 -1
2213 205 -1
2213 283 1
2214 205 1
2214 274 -1
2215 205 1
2215 309 -1
2216 205 -1
2216 414 1
2217 206 1
2218 206 1
2218 394 -1
2219 206 -1
2219 296 1
2220 206 1
2220 349 -1
2221 206 -1
2221 297 1
2222 206 -1
2222 483 1
2223 206 -1
2223 470 1
2224 206 -1
2224 304 1
2225 207 1
2226 207 1
2226 212 -1
2227 207 1
2227 279 -1
2228 207 -1
2228 442 1
2229 207 -1
2229 322 1
2230 207 -1
2230 289 1
2231 208 -1
2231 268 1
2232 208 -1
2232 419 1
2233 208 -1
2233 284 1
2234 208 1
2234 349 -1
2235 208 -1
2235 411 1
2236 208 1
2236 392 -1
2237 209 1
2238 209 -1
2238 473 1
2239 209 1
2239 254 -1
2240 209 1
2240 451 -1
2241 209 1
2241 251 -1
2242 209 1
2242 292 -1
2243 209 1
2243 440 -1
2244 210 -1
2244 275 1
2245 210 -1
2245 488 1
2246 210 1
2246 474 -1
2247 210 1
2247 428 -1
2248 210 1
2248 423 -1
2249 210 1
2249 371 -1
2250 211 1
2251 211 -1
2251 427 1
2252 211 1
2252 339 -1
2253 211 -1
2253 311 1
2254 211 1
2254 230 -1
2255 211 1
2255 497 -1
2256 212 1
2257 212 -1
2257 322 1
2258 212 -1
2258 220 1
2259 212 -1
2259 481 1
2260 212 -1
2260 289 1
2261 213 1
2262 213 1
2262 404 -1
2263 213 -1
2263 420 1
2264 213 -1
2264 338 1
2265 213 -1
2265 352 1
2266 213 -1
2266 371 1
2267 213 1
2267 388 -1
2268 214 1
2269 214 1
2269 460 -1
2270 214 -1
2270 476 1
2271 214 -1
2271 341 1
2272 214 -1
2272 241 1
2273 214 -1
2273 357 1
2274 214 1
2274 312 -1
2275 215 1
2276 215 1
2277 215 -1
2277 469 1
2278 215 -1
2278 237 1
2279 216 1
2280 216 -1
2280 239 1
2281 216 -1
2281 234 1
2282 216 -1
2282 373 1
2283 216 -1
2283 237 1
2284 216 -1
2284 304 1
2285 217 1
2285 462 -1
2286 217 1
2286 285 -1
2287 217 1
2287 479 -1
2288 217 -1
2288 446 1
2289 217 1
2289 288 -1
2290 217 -1
2290 261 1
2291 217 -1
2291 402 1
2292 217 1
2292 341 -1
2293 217 -1
2293 421 1
2294 217 -1
2294 453 1
2295 217 1
2295 258 -1
2296 218 -1
2296 377 1
2297 218 1
2297 424 -1
2298 218 -1
2298 286 1
2299 218 -1
2299 464 1
2300 218 -1
2300 300 1
2301 218 1
2301 465 -1
2302 218 1
2302 380 -1
2303 218 1
2303 388 -1
2304 218 1
2304 291 -1
2305 219 1
2305 462 -1
2306 219 1
2306 225 -1
2307 219 1
2307 421 -1
2308 219 1
2308 242 -1
2309 219 1
2309 383 -1
2310 220 1
2311 220 1
2312 220 1
2313 220 -1
2313 481 1
2314 220 -1
2314 458 1
2315 220 -1
2315 416 1
2316 221 1
2317 221 1
2318 221 -1
2318 247 1
2319 221 -1
2319 412 1
2320 221 1
2320 401 -1
2321 221 1
2321 231 -1
2322 221 1
2322 496 -1
2323 221 -1
2323 379 1
2324 221 1
2324 387 -1
2325 221 1
2325 405 -1
2326 221 -1
2326 253 1
2327 221 1
2327 319 -1
2328 222 -1
2328 479 1
2329 222 1
2329 433 -1
2330 222 1
2330 436 -1
2331 222 -1
2331 257 1
2332 222 -1
2332 233 1
2333 222 1
2333 380 -1
2334 223 -1
2334 495 1
2335 223 -1
2335 315 1
2336 223 -1
2336 397 1
2337 223 1
2337 261 -1
2338 223 1
2338 485 -1
2339 224 1
2340 224 1
2340 235 -1
2341 224 -1
2341 392 1
2342 224 1
2342 400 -1
2343 224 1
2343 343 -1
2344 225 1
2344 375 -1
2345 225 -1
2345 431 1
2346 225 -1
2346 384 1
2347 225 -1
2347 242 1
2348 225 1
2348 444 -1
2349 225 1
2349 436 -1
2350 225 -1
2350 462 1
2351 225 -1
2351 450 1
2352 225 -1
2352 276 1
2353 225 -1
2353 403 1
2354 225 1
2354 383 -1
2355 225 1
2355 445 -1
2356 226 1
2357 226 -1
2357 263 1
2358 226 1
2358 326 -1
2359 226 -1
2359 422 1
2360 226 1
2360 454 -1
2361 226 1
2361 238 -1
2362 226 1
2362 236 -1
2363 226 -1
2363 471 1
2364 226 -1
2364 434 1
2365 226 1
2365 250 -1
2366 226 -1
2366 452 1
2367 226 -1
2367 489 1
2368 226 1
2368 491 -1
2369 226 -1
2369 447 1
2370 226 -1
2370 403 1
2371 227 -1
2371 461 1
2372 227 -1
2372 411 1
2373 227 1
2373 372 -1
2374 227 -1
2374 374 1
2375 227 -1
2375 349 1
2376 227 1
2376 303 -1
2377 227 1
2377 364 -1
2378 227 -1
2378 267 1
2379 227 -1
2379 268 1
2380 227 -1
2380 432 1
2381 227 -1
2381 310 1
2382 227 -1
2382 399 1
2383 227 1
2383 297 -1
2384 227 -1
2384 273 1
2385 227 -1
2385 277 1
2386 228 1
2387 228 1
2388 228 -1
2388 437 1
2389 228 -1
2389 473 1
2390 228 -1
2390 293 1
2391 228 -1
2391 451 1
2392 229 1
2393 229 1
2394 229 -1
2394 466 1
2395 229 -1
2395 252 1
2396 229 -1
2396 409 1
2397 230 -1
2397 427 1
2398 230 1
2398 497 -1
2399 230 1
2399 368 -1
2400 230 1
2400 450 -1
2401 230 1
2401 345 -1
2402 230 1
2402 339 -1
2403 230 1
2403 496 -1
2404 230 -1
2404 445 1
2405 230 -1
2405 405 1
2406 230 1
2406 245 -1
2407 231 1
2408 231 1
2409 231 -1
2409 412 1
2410 231 -1
2410 319 1
2411 232 1
2412 232 -1
2412 471 1
2413 232 -1
2413 342 1
2414 232 -1
2414 422 1
2415 232 -1
2415 326 1
2416 232 -1
2416 489 1
2417 233 -1
2417 491 1
2418 233 -1
2418 433 1
2419 233 -1
2419 290 1
2420 233 -1
2420 436 1
2421 233 -1
2421 447 1
2422 233 -1
2422 403 1
2423 233 -1
2423 450 1
2424 233 1
2424 479 -1
2425 234 1
2425 352 -1
2426 234 -1
2426 239 1
2427 234 -1
2427 373 1
2428 234 -1
2428 367 1
2429 234 1
2429 371 -1
2430 235 1
2431 235 1
2432 235 -1
2432 392 1
2433 235 -1
2433 284 1
2434 235 1
2434 343 -1
2435 235 1
2435 316 -1
2436 235 1
2436 400 -1
2437 235 -1
2437 296 1
2438 235 1
2438 470 -1
2439 236 1
2440 236 1
2440 447 -1
2441 236 -1
2441 497 1
2442 236 1
2442 426 -1
2443 236 1
2443 474 -1
2444 236 -1
2444 489 1
2445 236 1
2445 454 -1
2446 236 1
2446 430 -1
2447 237 1
2448 237 1
2449 237 -1
2449 329 1
2450 237 -1
2450 469 1
2451 237 1
2451 239 -1
2452 238 1
2452 271 -1
2453 238 1
2453 456 -1
2454 238 1
2454 250 -1
2455 238 -1
2455 350 1
2456 238 1
2456 439 -1
2457 238 1
2457 454 -1
2458 238 -1
2458 452 1
2459 238 1
2459 491 -1
2460 238 1
2460 344 -1
2461 238 -1
2461 403 1
2462 239 1
2463 239 -1
2463 367 1
2464 239 -1
2464 348 1
2465 240 -1
2465 306 1
2466 240 -1
2466 351 1
2467 240 1
2467 316 -1
2468 240 -1
2468 269 1
2469 240 1
2469 400 -1
2470 240 1
2470 291 -1
2471 240 1
2471 336 -1
2472 240 1
2472 262 -1
2473 240 -1
2473 356 1
2474 241 1
2475 241 1
2475 288 -1
2476 241 1
2476 468 -1
2477 241 -1
2477 341 1
2478 241 1
2478 460 -1
2479 241 -1
2479 472 1
2480 241 -1
2480 317 1
2481 242 -1
2481 393 1
2482 242 1
2482 389 -1
2483 242 -1
2483 340 1
2484 242 -1
2484 276 1
2485 242 -1
2485 251 1
2486 242 -1
2486 444 1
2487 242 1
2487 375 -1
2488 242 1
2488 383 -1
2489 242 1
2489 294 -1
2490 243 1
2490 302 -1
2491 243 1
2491 414 -1
2492 243 1
2492 272 -1
2493 243 1
2493 274 -1
2494 243 1
2494 499 -1
2495 243 1
2495 289 -1
2496 243 -1
2496 441 1
2497 243 1
2497 309 -1
2498 243 1
2498 481 -1
2499 243 1
2499 322 -1
2500 244 -1
2500 272 1
2501 244 1
2501 302 -1
2502 244 1
2502 266 -1
2503 244 1
2503 274 -1
2504 244 -1
2504 312 1
2505 244 1
2505 383 -1
2506 244 1
2506 289 -1
2507 245 -1
2507 290 1
2508 245 -1
2508 447 1
2509 245 -1
2509 345 1
2510 245 1
2510 450 -1
2511 245 -1
2511 497 1
2512 245 1
2512 445 -1
2513 246 1
2514 246 1
2515 246 -1
2515 455 1
2516 246 -1
2516 378 1
2517 246 -1
2517 475 1
2518 246 1
2518 332 -1
2519 246 1
2519 314 -1
2520 246 -1
2520 395 1
2521 246 -1
2521 335 1
2522 247 -1
2522 412 1
2523 247 1
2523 333 -1
2524 247 -1
2524 387 1
2525 247 -1
2525 496 1
2526 247 -1
2526 345 1
2527 247 1
2527 401 -1
2528 247 1
2528 253 -1
2529 248 -1
2529 467 1
2530 248 1
2530 251 -1
2531 248 -1
2531 379 1
2532 248 -1
2532 444 1
2533 248 1
2533 253 -1
2534 248 1
2534 445 -1
2535 249 -1
2535 360 1
2536 249 -1
2536 300 1
2537 249 1
2537 321 -1
2538 249 1
2538 424 -1
2539 250 1
2539 449 -1
2540 250 1
2540 271 -1
2541 250 1
2541 421 -1
2542 250 1
2542 403 -1
2543 251 -1
2543 467 1
2544 251 -1
2544 389 1
2545 251 -1
2545 340 1
2546 251 -1
2546 255 1
2547 251 -1
2547 444 1
2548 251 -1
2548 440 1
2549 251 -1
2549 379 1
2550 252 1
2551 252 1
2552 252 -1
2552 466 1
2553 252 -1
2553 361 1
2554 252 -1
2554 337 1
2555 252 -1
2555 305 1
2556 253 -1
2556 445 1
2557 253 -1
2557 387 1
2558 253 -1
2558 327 1
2559 253 1
2559 405 -1
2560 253 -1
2560 379 1
2561 253 1
2561 490 -1
2562 253 1
2562 345 -1
2563 253 1
2563 496 -1
2564 253 1
2564 444 -1
2565 254 1
2566 254 1
2566 477 -1
2567 254 -1
2567 437 1
2568 254 -1
2568 396 1
2569 254 1
2569 448 -1
2570 254 -1
2570 320 1
2571 254 -1
2571 413 1
2572 255 1
2573 255 1
2573 396 -1
2574 255 1
2574 448 -1
2575 255 -1
2575 467 1
2576 255 1
2576 340 -1
2577 255 1
2577 429 -1
2578 255 -1
2578 294 1
2579 255 -1
2579 399 1
2580 255 -1
2580 276 1
2581 255 1
2581 292 -1
2582 256 -1
2582 382 1
2583 256 -1
2583 384 1
2584 256 -1
2584 431 1
2585 256 -1
2585 436 1
2586 256 1
2586 433 -1
2587 256 1
2587 359 -1
2588 256 -1
2588 465 1
2589 257 1
2589 465 -1
2590 257 -1
2590 433 1
2591 257 1
2591 380 -1
2592 257 1
2592 301 -1
2593 258 1
2594 258 -1
2594 288 1
2595 258 1
2595 425 -1
2596 258 1
2596 468 -1
2597 258 1
2597 485 -1
2598 258 1
2598 307 -1
2599 258 1
2599 261 -1
2600 259 1
2601 259 1
2601 460 -1
2602 259 1
2602 476 -1
2603 259 -1
2603 472 1
2604 259 1
2604 314 -1
2605 259 -1
2605 341 1
2606 260 1
2607 260 -1
2607 451 1
2608 260 1
2608 473 -1
2609 260 -1
2609 293 1
2610 260 -1
2610 332 1
2611 260 -1
2611 417 1
2612 260 -1
2612 311 1
2613 260 -1
2613 378 1
2614 261 -1
2614 453 1
2615 261 -1
2615 479 1
2616 261 1
2616 446 -1
2617 261 1
2617 485 -1
2618 261 1
2618 315 -1
2619 261 1
2619 344 -1
2620 261 -1
2620 307 1
2621 262 -1
2621 492 1
2622 262 1
2622 286 -1
2623 262 -1
2623 464 1
2624 262 -1
2624 306 1
2625 262 -1
2625 351 1
2626 262 -1
2626 291 1
2627 262 -1
2627 377 1
2628 262 1
2628 410 -1
2629 262 1
2629 278 -1
2630 262 1
2630 299 -1
2631 262 -1
2631 287 1
2632 263 1
2633 263 1
2634 263 1
2634 422 -1
2635 263 1
2635 326 -1
2636 263 -1
2636 452 1
2637 263 -1
2637 330 1
2638 264 1
2639 264 1
2640 264 1
2640 363 -1
2641 264 -1
2641 298 1
2642 264 1
2642 449 -1
2643 264 -1
2643 335 1
2644 264 -1
2644 395 1
2645 265 1
2646 265 1
2646 418 -1
2647 265 1
2647 424 -1
2648 266 -1
2648 272 1
2649 266 1
2649 458 -1
2650 266 -1
2650 407 1
2651 266 -1
2651 312 1
2652 266 -1
2652 415 1
2653 267 1
2654 267 1
2655 267 -1
2655 374 1
2656 267 -1
2656 443 1
2657 267 -1
2657 372 1
2658 267 -1
2658 303 1
2659 267 -1
2659 358 1
2660 268 -1
2660 419 1
2661 268 1
2661 310 -1
2662 268 -1
2662 349 1
2663 268 -1
2663 411 1
2664 268 -1
2664 376 1
2665 268 -1
2665 432 1
2666 269 1
2667 269 1
2668 269 -1
2668 316 1
2669 269 1
2669 306 -1
2670 269 -1
2670 356 1
2671 270 1
2671 281 -1
2672 270 -1
2672 459 1
2673 270 1
2673 482 -1
2674 270 1
2674 328 -1
2675 270 1
2675 499 -1
2676 271 -1
2676 479 1
2677 271 -1
2677 453 1
2678 271 1
2678 402 -1
2679 271 1
2679 350 -1
2680 271 -1
2680 301 1
2681 271 -1
2681 421 1
2682 271 1
2682 403 -1
2683 271 1
2683 491 -1
2684 271 -1
2684 344 1
2685 272 1
2685 274 -1
2686 272 -1
2686 458 1
2687 272 1
2687 309 -1
2688 272 1
2688 302 -1
2689 272 1
2689 481 -1
2690 273 1
2691 273 1
2692 273 1
2692 487 -1
2693 273 1
2693 353 -1
2694 273 -1
2694 303 1
2695 273 -1
2695 385 1
2696 273 -1
2696 408 1
2697 273 1
2697 282 -1
2698 273 1
2698 355 -1
2699 273 -1
2699 399 1
2700 273 -1
2700 411 1
2701 273 -1
2701 277 1
2702 274 1
2703 274 1
2703 309 -1
2704 274 -1
2704 458 1
2705 274 -1
2705 302 1
2706 274 -1
2706 481 1
2707 274 1
2707 283 -1
2708 275 -1
2708 488 1
2709 275 -1
2709 428 1
2710 275 -1
2710 423 1
2711 275 1
2711 348 -1
2712 276 -1
2712 340 1
2713 276 1
2713 383 -1
2714 276 1
2714 393 -1
2715 276 1
2715 289 -1
2716 276 1
2716 294 -1
2717 276 1
2717 442 -1
2718 276 1
2718 429 -1
2719 276 1
2719 279 -1
2720 276 1
2720 375 -1
2721 277 -1
2721 369 1
2722 277 -1
2722 408 1
2723 277 -1
2723 385 1
2724 277 -1
2724 294 1
2725 277 -1
2725 295 1
2726 277 -1
2726 399 1
2727 277 -1
2727 457 1
2728 277 -1
2728 432 1
2729 277 1
2729 376 -1
2730 277 -1
2730 487 1
2731 278 1
2732 278 1
2733 278 -1
2733 356 1
2734 278 -1
2734 492 1
2735 278 -1
2735 299 1
2736 278 1
2736 351 -1
2737 278 -1
2737 410 1
2738 279 -1
2738 289 1
2739 279 1
2739 408 -1
2740 279 1
2740 385 -1
2741 279 -1
2741 429 1
2742 279 1
2742 294 -1
2743 279 1
2743 442 -1
2744 280 1
2745 280 1
2745 304 -1
2746 280 1
2746 470 -1
2747 280 1
2747 336 -1
2748 280 1
2748 373 -1
2749 281 -1
2749 482 1
2750 281 1
2750 324 -1
2751 281 -1
2751 382 1
2752 281 -1
2752 318 1
2753 281 1
2753 380 -1
2754 282 1
2755 282 1
2756 282 -1
2756 355 1
2757 282 -1
2757 411 1
2758 282 -1
2758 372 1
2759 282 -1
2759 358 1
2760 282 -1
2760 487 1
2761 283 1
2762 283 -1
2762 409 1
2763 283 -1
2763 425 1
2764 283 -1
2764 414 1
2765 284 -1
2765 343 1
2766 284 1
2766 419 -1
2767 284 -1
2767 392 1
2768 285 1
2768 446 -1
2769 285 1
2769 462 -1
2770 285 -1
2770 328 1
2771 285 1
2771 499 -1
2772 285 1
2772 383 -1
2773 286 1
2773 492 -1
2774 286 -1
2774 291 1
2775 286 -1
2775 464 1
2776 286 -1
2776 377 1
2777 287 1
2778 287 1
2779 287 -1
2779 410 1
2780 287 -1
2780 334 1
2781 287 -1
2781 299 1
2782 287 1
2782 464 -1
2783 287 1
2783 424 -1
2784 287 -1
2784 377 1
2785 287 1
2785 418 -1
2786 288 1
2786 341 -1
2787 288 -1
2787 468 1
2788 288 -1
2788 472 1
2789 288 -1
2789 462 1
2790 288 -1
2790 317 1
2791 288 1
2791 485 -1
2792 289 -1
2792 383 1
2793 289 1
2793 294 -1
2794 289 -1
2794 499 1
2795 289 1
2795 302 -1
2796 289 -1
2796 442 1
2797 289 1
2797 322 -1
2798 289 -1
2798 375 1
2799 290 -1
2799 447 1
2800 290 1
2800 359 -1
2801 290 -1
2801 426 1
2802 290 1
2802 450 -1
2803 291 -1
2803 351 1
2804 291 1
2804 336 -1
2805 291 -1
2805 306 1
2806 291 1
2806 381 -1
2807 291 -1
2807 492 1
2808 291 -1
2808 400 1
2809 291 -1
2809 483 1
2810 291 1
2810 388 -1
2811 292 1
2812 292 -1
2812 323 1
2813 292 1
2813 440 -1
2814 292 -1
2814 340 1
2815 292 -1
2815 389 1
2816 292 1
2816 451 -1
2817 292 -1
2817 406 1
2818 292 1
2818 473 -1
2819 292 1
2819 442 -1
2820 292 1
2820 429 -1
2821 293 1
2822 293 1
2822 405 -1
2823 293 1
2823 379 -1
2824 293 -1
2824 473 1
2825 293 1
2825 437 -1
2826 294 1
2826 432 -1
2827 294 1
2827 375 -1
2828 294 -1
2828 318 1
2829 294 -1
2829 340 1
2830 294 1
2830 383 -1
2831 294 -1
2831 429 1
2832 294 1
2832 499 -1
2833 295 1
2834 295 -1
2834 457 1
2835 295 -1
2835 487 1
2836 295 1
2836 369 -1
2837 295 1
2837 353 -1
2838 295 1
2838 385 -1
2839 295 -1
2839 376 1
2840 296 1
2841 296 -1
2841 394 1
2842 296 -1
2842 343 1
2843 296 -1
2843 310 1
2844 296 1
2844 483 -1
2845 296 1
2845 470 -1
2846 296 1
2846 400 -1
2847 297 1
2848 297 -1
2848 366 1
2849 297 -1
2849 374 1
2850 297 -1
2850 480 1
2851 297 -1
2851 349 1
2852 298 1
2852 398 -1
2853 298 -1
2853 363 1
2854 298 -1
2854 317 1
2855 298 1
2855 449 -1
2856 298 1
2856 335 -1
2857 299 1
2858 299 1
2859 299 1
2859 410 -1
2860 299 -1
2860 492 1
2861 300 1
2861 424 -1
2862 300 -1
2862 380 1
2863 300 -1
2863 482 1
2864 300 1
2864 321 -1
2865 301 -1
2865 350 1
2866 301 1
2866 454 -1
2867 301 1
2867 430 -1
2868 301 1
2868 491 -1
2869 301 1
2869 344 -1
2870 301 -1
2870 453 1
2871 302 -1
2871 499 1
2872 302 -1
2872 481 1
2873 302 -1
2873 383 1
2874 302 -1
2874 322 1
2875 303 1
2876 303 1
2876 364 -1
2877 303 -1
2877 399 1
2878 303 -1
2878 408 1
2879 304 1
2880 304 1
2880 370 -1
2881 304 -1
2881 373 1
2882 304 1
2882 331 -1
2883 304 1
2883 493 -1
2884 304 -1
2884 319 1
2885 305 1
2886 305 -1
2886 354 1
2887 305 -1
2887 315 1
2888 305 1
2888 321 -1
2889 305 -1
2889 494 1
2890 305 1
2890 337 -1
2891 305 1
2891 307 -1
2892 305 1
2892 360 -1
2893 305 -1
2893 361 1
2894 306 1
2894 351 -1
2895 306 1
2895 356 -1
2896 307 1
2897 307 -1
2897 361 1
2898 307 -1
2898 337 1
2899 307 -1
2899 409 1
2900 307 1
2900 425 -1
2901 307 -1
2901 485 1
2902 307 -1
2902 354 1
2903 307 -1
2903 315 1
2904 307 1
2904 446 -1
2905 308 1
2906 308 -1
2906 463 1
2907 308 -1
2907 362 1
2908 308 1
2908 407 -1
2909 308 1
2909 406 -1
2910 309 1
2911 309 1
2912 309 1
2912 481 -1
2913 309 -1
2913 458 1
2914 309 -1
2914 325 1
2915 310 -1
2915 419 1
2916 310 1
2916 349 -1
2917 310 1
2917 343 -1
2918 310 1
2918 394 -1
2919 310 1
2919 498 -1
2920 310 1
2920 432 -1
2921 310 1
2921 376 -1
2922 311 1
2923 311 1
2923 427 -1
2924 311 -1
2924 332 1
2925 311 -1
2925 434 1
2926 311 1
2926 497 -1
2927 312 1
2927 357 -1
2928 312 1
2928 341 -1
2929 312 -1
2929 476 1
2930 313 1
2931 313 1
2931 366 -1
2932 313 1
2932 480 -1
2933 313 1
2933 319 -1
2934 313 -1
2934 493 1
2935 314 1
2935 475 -1
2936 314 -1
2936 421 1
2937 315 -1
2937 354 1
2938 315 1
2938 397 -1
2939 315 -1
2939 494 1
2940 315 -1
2940 321 1
2941 315 1
2941 485 -1
2942 315 -1
2942 337 1
2943 316 1
2944 316 1
2945 316 -1
2945 400 1
2946 316 1
2946 336 -1
2947 316 -1
2947 470 1
2948 316 1
2948 351 -1
2949 316 1
2949 356 -1
2950 317 1
2951 317 -1
2951 398 1
2952 317 -1
2952 402 1
2953 317 -1
2953 363 1
2954 317 1
2954 472 -1
2955 317 -1
2955 453 1
2956 317 -1
2956 478 1
2957 317 1
2957 485 -1
2958 317 -1
2958 438 1
2959 318 -1
2959 382 1
2960 318 1
2960 384 -1
2961 318 -1
2961 431 1
2962 318 -1
2962 375 1
2963 318 -1
2963 498 1
2964 318 -1
2964 324 1
2965 318 -1
2965 432 1
2966 319 1
2967 319 -1
2967 493 1
2968 319 -1
2968 327 1
2969 319 -1
2969 366 1
2970 319 1
2970 480 -1
2971 319 -1
2971 387 1
2972 319 -1
2972 412 1
2973 320 1
2974 320 1
2974 477 -1
2975 320 1
2975 379 -1
2976 320 1
2976 437 -1
2977 320 1
2977 484 -1
2978 321 1
2979 321 -1
2979 494 1
2980 321 -1
2980 360 1
2981 321 1
2981 424 -1
2982 321 -1
2982 337 1
2983 322 1
2983 369 -1
2984 322 -1
2984 481 1
2985 323 1
2986 323 1
2986 386 -1
2987 323 1
2987 440 -1
2988 323 1
2988 451 -1
2989 323 1
2989 417 -1
2990 323 1
2990 406 -1
2991 324 1
2991 482 -1
2992 324 -1
2992 498 1
2993 325 1
2994 325 1
2995 325 -1
2995 347 1
2996 326 1
2997 326 -1
2997 422 1
2998 326 -1
2998 471 1
2999 326 -1
2999 342 1
3000 326 -1
3000 454 1
3001 326 -1
3001 439 1
3002 326 -1
3002 391 1
3003 326 1
3003 452 -1
3004 326 1
3004 456 -1
3005 327 1
3005 493 -1
3006 327 1
3006 387 -1
3007 327 -1
3007 490 1
3008 327 1
3008 331 -1
3009 328 -1
3009 446 1
3010 328 -1
3010 459 1
3011 328 -1
3011 499 1
3012 328 1
3012 414 -1
3013 328 1
3013 337 -1
3014 329 1
3015 329 1
3016 330 1
3017 330 1
3018 330 1
3018 452 -1
3019 330 1
3019 456 -1
3020 331 -1
3020 370 1
3021 331 1
3021 490 -1
3022 331 -1
3022 382 1
3023 331 -1
3023 498 1
3024 331 1
3024 493 -1
3025 332 1
3026 332 -1
3026 475 1
3027 332 1
3027 395 -1
3028 332 -1
3028 378 1
3029 333 1
3030 333 -1
3030 412 1
3031 333 -1
3031 387 1
3032 333 1
3032 469 -1
3033 333 1
3033 345 -1
3034 334 1
3035 334 1
3036 334 -1
3036 424 1
3037 334 -1
3037 360 1
3038 334 -1
3038 418 1
3039 335 1
3040 335 1
3041 335 -1
3041 395 1
3042 335 1
3042 449 -1
3043 335 1
3043 363 -1
3044 335 -1
3044 398 1
3045 335 1
3045 421 -1
3046 336 1
3047 336 -1
3047 400 1
3048 336 1
3048 470 -1
3049 336 1
3049 381 -1
3050 336 1
3050 351 -1
3051 336 1
3051 483 -1
3052 336 -1
3052 356 1
3053 336 -1
3053 388 1
3054 337 -1
3054 361 1
3055 337 -1
3055 409 1
3056 337 1
3056 466 -1
3057 337 -1
3057 414 1
3058 337 -1
3058 360 1
3059 337 1
3059 425 -1
3060 337 1
3060 446 -1
3061 338 1
3062 338 -1
3062 371 1
3063 338 -1
3063 404 1
3064 338 -1
3064 474 1
3065 338 -1
3065 352 1
3066 338 -1
3066 489 1
3067 338 -1
3067 426 1
3068 339 1
3069 339 -1
3069 368 1
3070 339 1
3070 427 -1
3071 339 -1
3071 401 1
3072 339 -1
3072 405 1
3073 340 -1
3073 393 1
3074 340 -1
3074 440 1
3075 340 -1
3075 389 1
3076 340 -1
3076 429 1
3077 340 -1
3077 442 1
3078 340 1
3078 467 -1
3079 340 1
3079 406 -1
3080 341 -1
3080 468 1
3081 341 1
3081 460 -1
3082 341 -1
3082 476 1
3083 341 -1
3083 357 1
3084 341 1
3084 472 -1
3085 341 1
3085 462 -1
3086 341 1
3086 383 -1
3087 342 1
3088 342 -1
3088 471 1
3089 342 -1
3089 454 1
3090 342 -1
3090 430 1
3091 342 -1
3091 489 1
3092 342 -1
3092 350 1
3093 343 1
3094 343 1
3094 419 -1
3095 343 1
3095 394 -1
3096 343 1
3096 349 -1
3097 343 1
3097 470 -1
3098 343 1
3098 400 -1
3099 344 1
3100 344 -1
3100 453 1
3101 344 1
3101 350 -1
3102 344 1
3102 439 -1
3103 344 1
3103 391 -1
3104 344 -1
3104 456 1
3105 344 -1
3105 478 1
3106 345 -1
3106 496 1
3107 345 1
3107 387 -1
3108 345 -1
3108 469 1
3109 345 1
3109 445 -1
3110 346 1
3111 346 1
3112 346 -1
3112 348 1
3113 346 -1
3113 488 1
3114 346 -1
3114 371 1
3115 346 -1
3115 367 1
3116 347 1
3117 347 1
3118 348 1
3119 348 1
3119 488 -1
3120 348 -1
3120 367 1
3121 348 -1
3121 371 1
3122 349 -1
3122 394 1
3123 349 1
3123 419 -1
3124 349 1
3124 374 -1
3125 350 1
3126 350 1
3126 454 -1
3127 350 -1
3127 430 1
3128 350 -1
3128 439 1
3129 350 -1
3129 491 1
3130 351 -1
3130 356 1
3131 351 -1
3131 381 1
3132 351 -1
3132 492 1
3133 352 -1
3133 371 1
3134 352 -1
3134 367 1
3135 352 -1
3135 373 1
3136 352 -1
3136 388 1
3137 352 -1
3137 359 1
3138 353 1
3139 353 1
3140 353 1
3140 487 -1
3141 353 1
3141 385 -1
3142 353 1
3142 408 -1
3143 354 1
3144 354 1
3145 354 -1
3145 397 1
3146 355 1
3147 355 1
3148 355 1
3149 355 -1
3149 372 1
3150 355 -1
3150 358 1
3151 355 -1
3151 487 1
3152 356 1
3153 356 -1
3153 381 1
3154 357 1
3155 357 1
3155 468 -1
3156 357 -1
3156 476 1
3157 358 1
3158 358 1
3159 358 1
3159 372 -1
3160 358 1
3160 411 -1
3161 358 -1
3161 374 1
3162 359 1
3162 433 -1
3163 359 -1
3163 465 1
3164 359 1
3164 370 -1
3165 359 -1
3165 388 1
3166 359 -1
3166 373 1
3167 360 -1
3167 418 1
3168 360 -1
3168 424 1
3169 361 1
3170 361 -1
3170 466 1
3171 361 1
3171 409 -1
3172 361 -1
3172 425 1
3173 362 1
3174 362 1
3175 362 -1
3175 463 1
3176 362 -1
3176 406 1
3177 362 -1
3177 415 1
3178 362 -1
3178 386 1
3179 363 1
3180 363 -1
3180 398 1
3181 363 -1
3181 478 1
3182 364 1
3183 364 -1
3183 461 1
3184 364 -1
3184 399 1
3185 364 1
3185 413 -1
3186 364 -1
3186 408 1
3187 364 1
3187 448 -1
3188 365 -1
3188 441 1
3189 365 1
3189 435 -1
3190 365 -1
3190 499 1
3191 365 -1
3191 459 1
3192 365 -1
3192 369 1
3193 366 1
3194 366 -1
3194 480 1
3195 366 1
3195 493 -1
3196 367 1
3197 367 -1
3197 371 1
3198 368 1
3199 368 -1
3199 427 1
3200 368 -1
3200 496 1
3201 369 1
3202 369 -1
3202 457 1
3203 369 -1
3203 435 1
3204 369 1
3204 376 -1
3205 370 -1
3205 388 1
3206 370 1
3206 373 -1
3207 370 -1
3207 493 1
3208 371 1
3209 371 1
3209 474 -1
3210 371 1
3210 488 -1
3211 372 1
3212 372 -1
3212 411 1
3213 372 1
3213 374 -1
3214 373 1
3215 373 -1
3215 388 1
3216 374 1
3217 374 -1
3217 443 1
3218 374 1
3218 461 -1
3219 374 -1
3219 432 1
3220 374 1
3220 490 -1
3221 375 -1
3221 431 1
3222 375 -1
3222 384 1
3223 375 1
3223 462 -1
3224 375 1
3224 383 -1
3225 375 -1
3225 499 1
3226 376 -1
3226 432 1
3227 377 -1
3227 424 1
3228 377 -1
3228 464 1
3229 378 1
3230 378 1
3230 417 -1
3231 378 -1
3231 486 1
3232 378 -1
3232 455 1
3233 379 1
3233 405 -1
3234 379 -1
3234 437 1
3235 379 -1
3235 477 1
3236 379 -1
3236 444 1
3237 380 1
3237 465 -1
3238 380 -1
3238 482 1
3239 381 1
3240 381 1
3240 492 -1
3241 382 1
3241 384 -1
3242 382 1
3242 431 -1
3243 383 -1
3243 462 1
3244 383 1
3244 499 -1
3245 384 -1
3245 431 1
3246 384 1
3246 436 -1
3247 384 -1
3247 445 1
3248 384 -1
3248 450 1
3249 385 1
3250 385 1
3250 408 -1
3251 385 -1
3251 487 1
3252 386 1
3253 386 1
3253 486 -1
3254 386 -1
3254 417 1
3255 386 -1
3255 451 1
3256 386 -1
3256 406 1
3257 387 1
3258 387 -1
3258 412 1
3259 388 1
3259 465 -1
3260 389 1
3260 393 -1
3261 389 -1
3261 440 1
3262 389 -1
3262 444 1
3263 390 1
3264 390 1
3265 390 -1
3265 397 1
3266 390 1
3266 438 -1
3267 390 -1
3267 478 1
3268 391 1
3269 391 -1
3269 439 1
3270 391 -1
3270 456 1
3271 391 -1
3271 452 1
3272 392 1
3273 392 -1
3273 419 1
3274 393 1
3274 440 -1
3275 393 -1
3275 442 1
3276 393 -1
3276 406 1
3277 394 1
3278 395 1
3279 395 1
3279 449 -1
3280 395 -1
3280 434 1
3281 396 -1
3281 448 1
3282 396 -1
3282 467 1
3283 396 -1
3283 413 1
3284 396 -1
3284 477 1
3285 397 1
3286 397 1
3287 397 1
3287 495 -1
3288 397 -1
3288 438 1
3289 397 -1
3289 485 1
3290 398 1
3290 402 -1
3291 398 1
3291 472 -1
3292 398 -1
3292 449 1
3293 398 -1
3293 421 1
3294 399 1
3295 399 -1
3295 408 1
3296 399 -1
3296 461 1
3297 399 1
3297 448 -1
3298 399 1
3298 413 -1
3299 400 -1
3299 470 1
3300 400 1
3300 483 -1
3301 401 1
3302 401 -1
3302 496 1
3303 401 -1
3303 405 1
3304 402 1
3304 421 -1
3305 402 1
3305 472 -1
3306 403 1
3306 450 -1
3307 403 -1
3307 497 1
3308 403 1
3308 491 -1
3309 403 -1
3309 436 1
3310 403 -1
3310 447 1
3311 403 1
3311 479 -1
3312 403 1
3312 421 -1
3313 403 -1
3313 449 1
3314 404 1
3315 404 -1
3315 420 1
3316 405 -1
3316 444 1
3317 405 1
3317 445 -1
3318 405 -1
3318 496 1
3319 406 1
3320 406 1
3320 442 -1
3321 406 -1
3321 429 1
3322 406 -1
3322 440 1
3323 406 -1
3323 415 1
3324 406 1
3324 463 -1
3325 406 1
3325 407 -1
3326 407 1
3327 407 -1
3327 416 1
3328 407 -1
3328 415 1
3329 407 -1
3329 463 1
3330 408 1
3331 409 1
3332 409 -1
3332 466 1
3333 409 1
3333 425 -1
3334 409 -1
3334 414 1
3335 410 1
3336 410 1
3336 464 -1
3337 410 -1
3337 492 1
3338 412 1
3339 413 1
3340 413 1
3340 443 -1
3341 413 -1
3341 448 1
3342 413 -1
3342 477 1
3343 413 -1
3343 461 1
3344 414 1
3344 499 -1
3345 414 1
3345 441 -1
3346 414 1
3346 459 -1
3347 414 1
3347 446 -1
3348 414 1
3348 425 -1
3349 415 1
3350 415 -1
3350 416 1
3351 415 -1
3351 463 1
3352 416 1
3353 416 1
3354 416 -1
3354 463 1
3355 416 -1
3355 458 1
3356 417 1
3357 417 1
3357 451 -1
3358 418 1
3359 418 -1
3359 424 1
3360 420 1
3361 420 1
3362 421 -1
3362 449 1
3363 421 -1
3363 479 1
3364 422 1
3365 422 1
3366 422 1
3366 471 -1
3367 422 1
3367 489 -1
3368 422 -1
3368 454 1
3369 423 1
3370 423 1
3370 428 -1
3371 423 1
3371 488 -1
3372 423 1
3372 474 -1
3373 423 1
3373 489 -1
3374 424 1
3375 424 -1
3375 464 1
3376 425 1
3377 425 -1
3377 468 1
3378 425 -1
3378 485 1
3379 426 1
3379 447 -1
3380 426 1
3380 491 -1
3381 426 1
3381 474 -1
3382 426 1
3382 430 -1
3383 427 1
3384 427 -1
3384 497 1
3385 427 -1
3385 434 1
3386 428 1
3387 428 1
3387 474 -1
3388 429 1
3389 429 -1
3389 442 1
3390 429 -1
3390 448 1
3391 429 1
3391 440 -1
3392 430 1
3393 430 -1
3393 454 1
3394 430 1
3394 491 -1
3395 430 -1
3395 447 1
3396 431 -1
3396 436 1
3397 432 -1
3397 498 1
3398 432 1
3398 461 -1
3399 432 -1
3399 490 1
3400 433 -1
3400 436 1
3401 433 -1
3401 491 1
3402 433 -1
3402 465 1
3403 434 1
3404 434 -1
3404 449 1
3405 435 1
3406 435 1
3406 441 -1
3407 436 1
3407 479 -1
3408 436 -1
3408 450 1
3409 437 1
3410 437 -1
3410 473 1
3411 437 -1
3411 477 1
3412 438 1
3413 438 1
3413 485 -1
3414 438 -1
3414 478 1
3415 439 1
3416 439 1
3416 456 -1
3417 440 -1
3417 442 1
3418 441 1
3419 442 1
3420 443 1
3421 443 -1
3421 484 1
3422 444 1
3422 445 -1
3423 444 -1
3423 450 1
3424 445 -1
3424 450 1
3425 445 1
3425 496 -1
3426 446 -1
3426 459 1
3427 446 -1
3427 499 1
3428 447 -1
3428 491 1
3429 447 1
3429 450 -1
3430 447 1
3430 497 -1
3431 447 -1
3431 454 1
3432 448 1
3433 448 1
3433 477 -1
3434 450 -1
3434 497 1
3435 451 1
3436 451 1
3437 451 1
3437 473 -1
3438 452 1
3439 452 1
3440 452 1
3440 456 -1
3441 453 1
3441 478 -1
3442 454 1
3442 471 -1
3443 454 -1
3443 489 1
3444 454 1
3444 491 -1
3445 455 1
3446 455 1
3447 456 1
3448 457 1
3449 458 1
3450 458 -1
3450 481 1
3451 459 -1
3451 482 1
3452 459 -1
3452 499 1
3453 460 1
3454 460 -1
3454 476 1
3455 460 -1
3455 472 1
3456 461 1
3456 490 -1
3457 463 1
3458 463 1
3459 464 -1
3459 492 1
3460 466 1
3461 468 1
3462 469 1
3463 470 1
3464 470 -1
3464 483 1
3465 471 1
3466 471 1
3466 489 -1
3467 472 1
3468 473 1
3469 473 1
3470 474 -1
3470 488 1
3471 474 -1
3471 489 1
3472 477 1
3473 477 1
3473 484 -1
3474 478 1
3475 478 1
3476 480 1
3477 480 -1
3477 484 1
3478 481 1
3479 481 1
3480 483 -1
3480 498 1
3481 484 1
3482 484 1
3483 485 1
3484 486 1
3485 486 1
3486 487 1
3487 487 1
3488 488 1
3489 489 1
3490 490 1
3490 498 -1
3491 490 -1
3491 493 1
3492 492 1
3493 493 1
3494 494 1
3495 495 1
3496 496 1
