0.857429129437 0.049014802985 0.377323643367
0.422099441825 0.214789656772 0.396511981226
0.040769818869 0.715017804820 0.239994584798
0.345156139549 0.177877076186 0.414825588789
0.017344685472 0.939204717900 0.910448621819
0.657532547590 0.759638935169 0.329942775150
0.072282121364 0.286816127798 0.286934213635
0.928125959695 0.485181399123 0.180469014264
0.296744079152 0.389184716067 0.121903444928
0.606274951240 0.489588989068 0.707869787203
0.825315903132 0.740268740626 0.189662190707
0.946174562872 0.480277354596 0.618696499883
0.077927803138 0.446451690916 0.194692338743
0.735153979830 0.621872297012 0.031859886752
0.648283488171 0.733085578054 0.397931843146
0.918654972009 0.178044134310 0.229825743869
0.771673637088 0.895685742631 0.947992534748
0.736509584673 0.505009392240 0.867313629070
0.219904432779 0.970104383757 0.063843595495
0.613739963030 0.108059563152 0.368292230713
0.074340813759 0.668408836681 0.311039647662
0.046888961463 0.539604558497 0.758205812290
0.654501642304 0.129770599839 0.263615782397
0.396649080982 0.448218490169 0.851577147335
0.081417240116 0.519036767683 0.969411504954
0.682295871212 0.101417603241 0.107797838481
0.458400980631 0.964214308060 0.659804542274
0.849009206804 0.215435718834 0.705235672449
0.200462535375 0.605129197448 0.585348303390
0.111834015878 0.174221165044 0.623914941781
0.478761806850 0.532512143918 0.899197576533
0.643612120598 0.811008217176 0.045115629031
0.055169300620 0.145654594490 0.628925533195
0.163252334601 0.446764102147 0.415124020789
0.096263832313 0.929028096802 0.585059307160
0.604171249768 0.523840951675 0.640696230747
0.597194003942 0.595429615754 0.362422326489
0.106258799534 0.939279548688 0.414137085803
0.677208421067 0.253238883346 0.139937260128
0.320071042429 0.794022618746 0.015544563033
0.329899846254 0.421283455542 0.963263951321
0.768294702230 0.026229272825 0.952559633927
0.437806504269 0.593080844845 0.515604686398
0.253979631062 0.147352448141 0.817786419185
0.988774567667 0.759706818425 0.416712810922
0.685538387481 0.462485661175 0.236498207502
0.214772480818 0.673948743847 0.446476787982
0.601083064872 0.263669822003 0.927949853001
0.567296210445 0.186426132365 0.939420800892
0.825144307760 0.203659548521 0.984912997230
0.078452635043 0.390862582191 0.866715273273
0.502795917253 0.368827924049 0.295267073882
0.461342027387 0.261447163328 0.769469381500
0.468678900446 0.356811157760 0.091850597701
0.176798573651 0.036961982881 0.584760913078
0.437294183112 0.572743398827 0.121817185418
0.201173846433 0.271868033859 0.024891880923
0.365671688511 0.692207668694 0.345797449101
0.267819988827 0.218208972531 0.549964190033
0.834485553708 0.839974150418 0.805245735139
0.326483051493 0.736930812109 0.605244932060
0.207415620654 0.463518265074 0.615957840109
0.545646318398 0.752278616703 0.630225654979
0.943629195229 0.762502433095 0.263179542141
0.443759396279 0.598553710803 0.140478218768
0.191330552911 0.035992471338 0.196427018330
0.303016150040 0.046480990064 0.593900234148
0.879051840638 0.225770552104 0.506600420333
0.454571437798 0.771648714578 0.638719329645
0.963794354280 0.911435164638 0.246278954877
0.396637447264 0.994498347025 0.812177904880
0.163912574311 0.689393230887 0.312680574515
0.358199765657 0.623106780217 0.558235543105
0.387122299403 0.515607357742 0.546373042853
0.014327653399 0.991748348834 0.072385427275
0.424217544794 0.006760822052 0.035807741592
0.960871856951 0.121795923275 0.993206846171
0.644122756916 0.696470391084 0.762915294929
0.764228638857 0.174983455348 0.427972363439
0.916785353761 0.643048056906 0.278967381367
0.924985833339 0.134327205362 0.787356763660
0.251217579524 0.027709600523 0.666601571566
0.676682404646 0.965613218453 0.008677999073
0.351954745213 0.916052025830 0.529770801771
0.433707089138 0.526763523693 0.550943611245
0.400581985494 0.588697873833 0.755695275740
0.002249608827 0.512374365615 0.539359486935
0.393145434808 0.591402856030 0.383162375923
0.555438144306 0.112400428490 0.376196391339
0.805269362314 0.814366169333 0.797096078200
0.813196311851 0.951922612406 0.204741258818
0.101718650498 0.031490327645 0.479879879657
0.040598861716 0.624365021407 0.761084431430
0.394225656145 0.069729193841 0.187446483177
0.081838236893 0.311885742849 0.030012671236
0.983988324063 0.761174851187 0.785697038514
0.606178504464 0.312673552132 0.775308879549
0.651037632439 0.669252895440 0.406950779616
0.659309535422 0.756920766597 0.006996704402
0.349053593272 0.874269181490 0.615667927645
0.596219138515 0.017697636672 0.169329105920
0.223081916997 0.672886642379 0.558971461036
0.503832104168 0.770207592406 0.443896289996
0.257358544510 0.438568055070 0.363446044767
0.329674932644 0.376942925831 0.956511063763
0.128671271258 0.544531756610 0.498752242738
0.943218571386 0.455891150216 0.318050850907
0.971823320904 0.464296138900 0.095634945019
0.288580549944 0.415411423815 0.822180056989
0.778016177345 0.272066865868 0.753245403802
0.079000144631 0.535894135855 0.944671532649
0.952360522307 0.849516591411 0.038711661267
0.040304293637 0.762086775107 0.175919606225
0.312690555823 0.062270338114 0.827658807387
0.921669180433 0.656397491289 0.539150215356
0.380756420309 0.680070860906 0.014342715126
0.572594211219 0.177965070458 0.070255265813
0.236383689810 0.967703091659 0.024038228599
0.052269568216 0.271996026820 0.234484577227
0.544989805275 0.795779036221 0.852561799037
0.424370899678 0.993472389559 0.485040604117
0.946274147760 0.598307612278 0.278079529204
0.003195613206 0.504332880275 0.391755446223
0.454897533269 0.460561317550 0.309919131092
0.917443962002 0.583808615158 0.057802754550
0.968559364175 0.532343337068 0.010050253488
0.283894227612 0.231376940098 0.974426124605
0.911500277610 0.948731656174 0.005280227351
0.813699574592 0.380594616968 0.879671846577
0.422718122433 0.417039933635 0.938691834206
0.048970963926 0.662027467774 0.121000206591
0.551187581467 0.254856693504 0.401153552878
0.256634988973 0.505378888978 0.428700335811
0.787193810282 0.614515734168 0.934932801344
0.200370212182 0.508262478665 0.337953346287
0.378153347451 0.092995277949 0.954242090580
0.047060144184 0.577385123341 0.910146304391
0.484932246731 0.138620809097 0.127648464969
0.006686084667 0.600774437007 0.754207002028
0.105822516268 0.380987273671 0.638439482984
0.087916752316 0.273877140231 0.046349228382
0.418676708923 0.803384384572 0.655954737492
0.447944090637 0.591112961419 0.573588272047
0.392226220909 0.813514193253 0.127131204534
0.927935830872 0.698376116806 0.707691625843
0.166963109191 0.236813784494 0.088672830312
0.266159882328 0.544245929051 0.187084973427
0.983437258587 0.063418299147 0.719218176715
0.730503534846 0.296267308291 0.682485260992
0.924955486488 0.822438949509 0.811340002721
0.615308618263 0.136274152555 0.195662765445
0.762994435680 0.928031944005 0.415965347428
0.160944214334 0.534944449775 0.605411733315
0.897203412902 0.371384955056 0.730445379104
0.497545379675 0.997206957994 0.945141973757
0.539379484279 0.963819066349 0.799289912328
0.911578004851 0.321967335897 0.276662515654
0.895482644218 0.763440576276 0.128927047686
0.070730433068 0.223066681588 0.098000467843
0.910819213342 0.877482762206 0.035090389169
0.649416538122 0.359612858165 0.743350086871
0.724064000093 0.659442006856 0.296675439044
0.811452205495 0.849997921710 0.129704654903
0.480138550604 0.224552798341 0.947276183597
0.343926332518 0.112086096074 0.522752261677
0.883535871679 0.172442876390 0.238804362597
0.105390801725 0.312962153409 0.658573392490
0.958902415983 0.613445902698 0.418290675419
0.244684395892 0.333040709232 0.504655001681
0.373911302512 0.580731329954 0.098918914474
0.334628339478 0.883914963713 0.257814199544
0.469485195325 0.243949456231 0.872021043372
0.808388730132 0.905189790251 0.609040714794
0.816639709422 0.168511926269 0.124681107879
0.495035071102 0.990278098568 0.515262111471
0.964281494605 0.309211629374 0.438018265540
0.061875800410 0.231173623623 0.118386644721
0.607240034162 0.313348681753 0.950334232830
0.581643404238 0.580738878457 0.345193940559
0.834023226543 0.376828302957 0.453190659267
0.899930866910 0.449914919973 0.791977260794
0.870233384143 0.126979648060 0.118842867453
0.382809212437 0.641277692286 0.232219509515
0.671259410975 0.577585493635 0.151158375191
0.410004455718 0.165856591520 0.743330232434
0.306469478115 0.655491806430 0.606430756002
0.567348399939 0.210926204734 0.889108918164
0.102934077550 0.532200839974 0.566659504785
0.240057690714 0.971664547979 0.855706140730
0.580316621493 0.733312912677 0.584589733475
0.044027973732 0.906657391664 0.104357614846
0.806879175063 0.052765670155 0.339576139183
0.764164647868 0.426599962130 0.633343587243
0.555396683890 0.442051781321 0.986384735899
0.952532127107 0.918524703211 0.930828016179
0.457136360050 0.595739541248 0.944126903570
0.660871414954 0.772066885681 0.225076764534
0.094787884739 0.708484256790 0.720556106602
0.061741401969 0.607793941950 0.132484623273
0.260022107240 0.864228822266 0.965724400906
0.680882523503 0.640253492195 0.817243846571
0.595526319212 0.926798869699 0.371381240825
0.827158856644 0.694215393922 0.729018698873
0.617413800328 0.087186912357 0.445176557547
0.306200913661 0.986375775298 0.821105585034
0.116790394409 0.401946818043 0.974245479577
0.321910650126 0.375324480154 0.048393008800
0.284706772259 0.066634111291 0.668049226181
0.128558336546 0.295919910404 0.189063565295
0.752934039830 0.034631884375 0.448423103081
0.825774403669 0.863171408840 0.171330406546
0.931827485973 0.438569557681 0.445234384354
0.182517357980 0.099206707264 0.722533700913
0.500957466105 0.943054027154 0.164180817466
0.605666975167 0.365677814289 0.942395744653
0.989754826299 0.539021965115 0.018033611063
0.711956079118 0.659817424336 0.032835905772
0.536898620009 0.590499793823 0.731340125195
0.305454143197 0.755581599636 0.338836864648
0.620402591169 0.450591493594 0.659190947005
0.178911830385 0.013171584400 0.818986040167
0.868565125738 0.313984699739 0.136762012775
0.552231870105 0.694820491006 0.564778655137
0.424198538921 0.961628373099 0.808204855994
0.026607952320 0.543466111410 0.138588818726
0.589766415287 0.435252524317 0.516366992387
0.904774120800 0.799462070474 0.534405059898
0.277276152557 0.167016887633 0.186355814372
0.880746206164 0.046266325951 0.341160146042
0.064918438247 0.662743579319 0.967252231625
0.862262843783 0.509625683783 0.367166822979
0.913612745247 0.207876539451 0.022947678241
0.859994427370 0.976557766659 0.500032992426
0.653461712217 0.662023529256 0.455381837623
0.674916546274 0.734349374414 0.129497806533
0.001687531998 0.485424471529 0.043554439520
0.929851964792 0.713273247274 0.369792698314
0.917701934766 0.715308518792 0.012682184052
0.779877135814 0.837304743863 0.661563850837
0.708168068509 0.779423657777 0.025491807145
0.128598324854 0.729172199338 0.103471251058
0.569945928382 0.496750374591 0.974764398653
0.608787166791 0.303003831036 0.564735816622
0.236981376809 0.367731045372 0.761949738921
0.318533361127 0.293255942106 0.821179029007
0.734987574732 0.638899837260 0.298871620545
0.994168657100 0.317101935145 0.860243579851
0.836357596789 0.455795154996 0.123399142459
0.600626612895 0.210825262770 0.391637232352
0.201239605011 0.739205804810 0.575370915272
0.834242055630 0.701794663788 0.708107064574
0.655553584107 0.199940354531 0.464947197292
0.055376819843 0.756535752705 0.964120173940
0.704302911785 0.401124770596 0.259363552818
0.708883513515 0.009024803633 0.321318522535
0.550673628857 0.092380045053 0.458815475570
0.489892603078 0.602069075764 0.420895112123
0.492008058070 0.758981389070 0.464034042307
0.432402179110 0.573692895201 0.917568852039
0.720204891562 0.356265635478 0.894467265995
0.976561131979 0.209947156290 0.562162783363
0.479953228695 0.761281323573 0.743837626269
0.166278757270 0.829485646244 0.215332799398
0.977325054743 0.928679749223 0.512429758173
0.913523147722 0.676534994111 0.872729267282
0.015796928100 0.560011945307 0.489717632475
0.354833511786 0.214674989215 0.844840004310
0.352406109108 0.037493284436 0.085066410545
0.136141390715 0.301874259926 0.198521299056
0.027362070548 0.729315037593 0.067550756081
0.312495298917 0.573229247066 0.527974840888
0.690961044048 0.751050386222 0.683844799248
0.264276174183 0.260524713581 0.864841907173
0.102622430747 0.041593866818 0.332761448551
0.238064521234 0.298541978918 0.902660369908
0.858507995514 0.849909211538 0.156762818863
0.494954396505 0.263515566521 0.603949985721
0.228572972748 0.234946009502 0.491064377242
0.152663088404 0.956314781009 0.081755433010
0.334813524937 0.146613687122 0.552379613875
0.388047943388 0.651631997403 0.009405806678
0.331109251070 0.577756552137 0.460485646752
0.058154538709 0.102690648742 0.137944824818
0.209434111399 0.485527426287 0.998803449664
0.092628914806 0.350587589506 0.095622396915
0.434940235419 0.549179597161 0.655563499793
0.264225568672 0.829442806247 0.210513739840
0.005920518520 0.916649953772 0.358761446875
0.519429313821 0.530507179478 0.892694253714
0.340951257772 0.269152588677 0.617406105616
0.690399103264 0.661426219909 0.362755697342
0.247743254468 0.761994056038 0.119477007417
0.714272209149 0.089483741231 0.653840581200
0.924352245310 0.220528024256 0.366781776094
0.407181881901 0.269892911802 0.469979615115
0.050355118236 0.196408318203 0.461396849999
0.248203934398 0.413116525611 0.052523761053
0.428875087185 0.288946307122 0.040892404330
0.802853061403 0.673051476599 0.870279493337
0.033273069025 0.970375600375 0.190496753070
0.256266279773 0.763511227709 0.495959490009
0.594047291434 0.878227058625 0.567966536708
0.263249227624 0.351057641813 0.787720711125
0.242729485648 0.002492238001 0.229502725584
0.501336777842 0.570217493955 0.035140356284
0.209028356007 0.924539408627 0.781099244711
0.131151014762 0.766143344938 0.111081674188
0.284881936321 0.728091912668 0.889032846915
0.536670348188 0.115696069343 0.981360980541
0.163032390728 0.231388951851 0.910723237122
0.212968685533 0.370126080651 0.189040165286
0.959824457431 0.453350998444 0.538326337045
0.433412555058 0.366032145209 0.916240239712
0.571048336824 0.275026852410 0.015121425625
0.836410460159 0.321627198251 0.742241323162
0.360104616164 0.921084418562 0.800343416213
0.111541714612 0.663305063613 0.024495844228
0.709642580768 0.646812628843 0.908048877123
0.436611480935 0.463532662230 0.385887934399
0.623699990868 0.354186779151 0.037356684153
0.755823279194 0.121726285395 0.178860707510
0.265487835595 0.890096798495 0.604000171845
0.131577402565 0.189165014407 0.658468935104
0.737317525888 0.056648241012 0.690032818471
0.284859427484 0.522017008604 0.358088364738
0.093516031335 0.387380811792 0.981367254951
0.873837775421 0.944896016583 0.570806133503
0.614666382054 0.391496155240 0.135504244759
0.332150525591 0.632058428481 0.631998566528
0.974307023088 0.829359587843 0.016057355886
0.980642953548 0.958566688959 0.737112229254
0.509033821002 0.509358384476 0.226286471014
0.964397111498 0.379096194728 0.686992424517
0.848042702583 0.544164499446 0.100569608104
0.058852251786 0.955819731275 0.520923493027
0.895417234967 0.542928293949 0.831328425608
0.249666747498 0.685328114222 0.057362672598
0.202732657329 0.693494652503 0.824658007449
0.631481037553 0.990994800045 0.237598926898
0.958209286291 0.411764953394 0.378015136769
0.590623753552 0.187515337725 0.577540174539
0.555694544408 0.461976499323 0.869086174744
0.809836438660 0.991684825095 0.491588756355
0.151793370852 0.376046912276 0.092648524227
0.581780436400 0.963040411077 0.766740948225
0.850486819958 0.565184098295 0.245254750239
0.786124252673 0.962688907798 0.086687110966
0.042894247831 0.490655723051 0.956118155365
0.818169642238 0.910112063348 0.060476859897
0.230004504885 0.307330136466 0.101044780822
0.669558731755 0.918729748860 0.582921172772
0.199649444151 0.798151699782 0.089000254057
0.611098403554 0.801575079548 0.148910359655
0.114889500853 0.015404603029 0.444526118959
0.296646511808 0.941918830988 0.866069496298
0.007839801864 0.030408534308 0.123700027027
0.184431491692 0.840388685089 0.006428618306
0.456830977847 0.385687743975 0.968368126096
0.168027270314 0.133373277517 0.021002750407
0.583666429805 0.678008552676 0.352327660610
0.152638610479 0.733157422256 0.603732514935
0.188298391077 0.697244619887 0.927268430849
0.591557953243 0.043253398686 0.940603770664
0.833137029385 0.646411645863 0.921746864106
0.333452394796 0.026655709557 0.276810061437
0.181240722187 0.463830981767 0.592747966823
0.550423944038 0.270582736336 0.013624058181
0.689904262477 0.852777094611 0.040363576803
0.974553083390 0.468413460622 0.343187098421
0.108294589963 0.294096539266 0.575804856666
0.492178129465 0.595411498208 0.165150079387
0.680761019008 0.913103910049 0.132882037091
0.188429943294 0.111418302508 0.097982582844
0.542201249247 0.677079936508 0.110400732336
0.400334940343 0.147668120725 0.116503871127
0.479221158453 0.441946099595 0.499293063496
0.209553378162 0.414512613439 0.392347344354
0.157796903861 0.762182125826 0.349652258864
0.989971882841 0.158799893286 0.809838124739
0.793035570040 0.227316491184 0.298148255294
0.381541104319 0.739103934169 0.517601126713
0.278537576929 0.799705240367 0.009370320676
0.458053559816 0.533527698320 0.391658589938
0.448602235278 0.352234033932 0.683307372873
0.517390508874 0.506628789155 0.431011947564
0.243795723392 0.063110917332 0.475757869147
0.780522101872 0.034976158035 0.760195335311
0.742703351418 0.470036346497 0.131044420193
0.429422945032 0.667686881581 0.189379915250
0.691884565889 0.244020894216 0.570714217057
0.472577283980 0.978938737944 0.992004703271
0.811402145401 0.997389696585 0.718498312829
0.017573117437 0.386574953878 0.143727727180
0.628025766183 0.248640678364 0.608212579677
0.246916842025 0.376988313242 0.067013994385
0.979543593831 0.518506533567 0.787730246231
0.570124437163 0.089648930973 0.379777775324
0.419025214666 0.982995015905 0.913224746695
0.768383667254 0.654294535739 0.863188934316
0.328815488524 0.091474155081 0.402576849569
0.197330629316 0.637186671898 0.110263814890
0.940952614878 0.387030215176 0.254205716618
0.698373937746 0.632258399814 0.809469417367
0.734523179000 0.597859909290 0.531891164453
0.461107920213 0.998090351396 0.214220676360
0.834815043984 0.336187931032 0.349113401883
0.517349440762 0.091419351682 0.763518443899
0.412810017271 0.110147639380 0.970166922803
0.252584877189 0.064885478607 0.470585526852
0.194251985988 0.608758559733 0.942886213769
0.112817672426 0.960840043603 0.303208252314
0.162988018289 0.175153985157 0.119688153319
0.850491610399 0.447410060258 0.071191071720
0.519385162824 0.041052991172 0.246416848228
0.216974897673 0.493846736554 0.788061254202
0.375339940684 0.031095828721 0.905966849594
0.371511078950 0.035272237660 0.940352193811
0.933297360445 0.127544352794 0.767609616058
0.112536621717 0.717511723128 0.621597422085
0.144508904343 0.336683578721 0.173024971570
0.451151071167 0.986854860010 0.069587271313
0.735486854212 0.548966426321 0.729394065732
0.918860834254 0.949476201453 0.491539614672
0.939424244499 0.824115884527 0.230853560940
0.170182397036 0.789081516573 0.403255302567
0.333486897915 0.580316781787 0.980911361913
0.697069017114 0.771605627417 0.327686840593
0.932670423129 0.490232097266 0.424958280571
0.904434675038 0.774847650659 0.204468471887
0.464720762160 0.079878633330 0.592880175965
0.742013011808 0.896287856944 0.445143502651
0.493308171668 0.506865622622 0.477362896871
0.340547744980 0.303561390822 0.333410494404
0.569694371263 0.667406127834 0.477152119360
0.987165422659 0.615855061490 0.562228265447
0.051050949878 0.469855369236 0.588077791389
0.561040371423 0.619862511021 0.505542242703
0.825392640092 0.062383993353 0.325089644860
0.510213597309 0.815505358477 0.982491418650
0.800099317246 0.996914874799 0.709301990349
0.675435052891 0.152569235581 0.642417738053
0.088903551410 0.457079695037 0.641106736755
0.464231238053 0.110848324937 0.671347795136
0.469409219901 0.039382188929 0.148214646217
0.752525751558 0.350231652726 0.484821691220
0.711492887424 0.439175258524 0.315868864513
0.393283184030 0.600942286544 0.697414794133
0.740923959678 0.695035103047 0.368677622672
0.547932768876 0.007396022982 0.395325476131
0.872780038938 0.662807313975 0.743657181916
0.752628618786 0.545144748168 0.435928515999
0.891166807991 0.057045827929 0.552128281810
0.953952779553 0.936944168922 0.721297056512
0.571719662136 0.790973517684 0.791735845036
0.759376801025 0.891375212026 0.474314747986
0.981954515351 0.231403075458 0.998293304748
0.831896755608 0.955450097705 0.739020787508
0.035057645877 0.215142307343 0.545889119367
0.254634184700 0.185652574703 0.948012140559
0.261271022095 0.567682613824 0.580689129918
0.659801399593 0.380647898905 0.942033555530
0.370417793774 0.143268423014 0.256145865987
0.517777550380 0.500958113885 0.685176303307
0.523457648578 0.052172179648 0.991972760908
0.164686759729 0.821412268662 0.332826404320
0.457321753502 0.742408816411 0.435520867782
0.109382518538 0.685029894165 0.948734480325
0.605496982212 0.166374133335 0.399456059179
0.486372529813 0.435762068283 0.995284439970
0.983070406189 0.544648112215 0.104712483049
0.255994449067 0.591108234232 0.008509946580
0.840420313585 0.972081909050 0.486729127558
0.717475977460 0.518460968127 0.900365753434
0.855540316719 0.100565611564 0.450780372705
0.786463147704 0.872819301402 0.234719368874
0.897167699632 0.380965232006 0.739927213340
0.601630106176 0.316926723187 0.892660223947
0.675362908100 0.089575213577 0.269385665453
0.687158136980 0.879559072932 0.996450749434
0.597056738247 0.679084541152 0.637337509075
0.589358306709 0.191389643145 0.029782221188
0.167033477975 0.186315476405 0.858681303953
0.233605940807 0.620549260405 0.469325290967
0.295695824640 0.562648183972 0.139414389675
0.615622054649 0.004753812653 0.135659038029
0.480438702714 0.752364558233 0.943416830299
0.849699424076 0.084555967235 0.914231967330
0.049314886703 0.082709372447 0.366570080611
0.838168344081 0.902920762892 0.179484178739
0.832580718478 0.961063091531 0.367718896058
0.501560309926 0.374699308232 0.273262928307
0.680305094118 0.741387232144 0.460932177555
0.228548832411 0.869016363716 0.194321047549
0.560389552352 0.389923729586 0.103507494967
0.324706331039 0.982237845960 0.621921201253
0.447004523580 0.982084656393 0.806312816405
0.919598731699 0.452167800905 0.251824027093
0.804793823003 0.550052684662 0.432241841802
0.369301501777 0.413468407085 0.281473188765
0.306946758252 0.441657151655 0.621297277362
