1 0 1
10 0 1
100 0 1
0 1 1
2 1 1
11 1 1
101 1 1
1 2 1
3 2 1
12 2 1
102 2 1
103 3 1
2 3 1
4 3 1
13 3 1
104 4 1
3 4 1
5 4 1
14 4 1
15 5 1
105 5 1
4 5 1
6 5 1
7 6 1
16 6 1
106 6 1
5 6 1
8 7 1
17 7 1
107 7 1
6 7 1
7 8 1
9 8 1
18 8 1
108 8 1
8 9 1
19 9 1
109 9 1
0 10 1
11 10 1
20 10 1
110 10 1
1 11 1
10 11 1
12 11 1
111 11 1
21 11 1
2 12 1
11 12 1
13 12 1
112 12 1
22 12 1
3 13 1
12 13 1
14 13 1
113 13 1
23 13 1
4 14 1
13 14 1
15 14 1
114 14 1
24 14 1
5 15 1
14 15 1
16 15 1
115 15 1
25 15 1
6 16 1
15 16 1
17 16 1
116 16 1
26 16 1
7 17 1
16 17 1
18 17 1
117 17 1
27 17 1
8 18 1
17 18 1
19 18 1
118 18 1
28 18 1
119 19 1
9 19 1
18 19 1
29 19 1
120 20 1
10 20 1
21 20 1
30 20 1
31 21 1
11 21 1
20 21 1
22 21 1
121 21 1
32 22 1
12 22 1
21 22 1
23 22 1
122 22 1
33 23 1
13 23 1
22 23 1
24 23 1
123 23 1
34 24 1
14 24 1
23 24 1
25 24 1
124 24 1
35 25 1
15 25 1
24 25 1
26 25 1
125 25 1
36 26 1
16 26 1
25 26 1
27 26 1
126 26 1
127 27 1
37 27 1
17 27 1
26 27 1
28 27 1
128 28 1
38 28 1
18 28 1
27 28 1
29 28 1
39 29 1
129 29 1
19 29 1
28 29 1
31 30 1
40 30 1
130 30 1
20 30 1
32 31 1
131 31 1
41 31 1
21 31 1
30 31 1
31 32 1
33 32 1
132 32 1
42 32 1
22 32 1
32 33 1
34 33 1
133 33 1
43 33 1
23 33 1
33 34 1
35 34 1
134 34 1
44 34 1
24 34 1
34 35 1
36 35 1
135 35 1
45 35 1
25 35 1
35 36 1
37 36 1
136 36 1
46 36 1
26 36 1
36 37 1
38 37 1
137 37 1
47 37 1
27 37 1
37 38 1
39 38 1
138 38 1
48 38 1
28 38 1
49 39 1
139 39 1
29 39 1
38 39 1
41 40 1
50 40 1
140 40 1
30 40 1
31 41 1
40 41 1
42 41 1
141 41 1
51 41 1
32 42 1
41 42 1
43 42 1
142 42 1
52 42 1
33 43 1
42 43 1
44 43 1
143 43 1
53 43 1
34 44 1
43 44 1
45 44 1
144 44 1
54 44 1
35 45 1
44 45 1
46 45 1
145 45 1
55 45 1
36 46 1
45 46 1
47 46 1
146 46 1
56 46 1
37 47 1
46 47 1
48 47 1
147 47 1
57 47 1
38 48 1
47 48 1
49 48 1
148 48 1
58 48 1
39 49 1
48 49 1
59 49 1
149 49 1
40 50 1
51 50 1
60 50 1
150 50 1
41 51 1
50 51 1
52 51 1
151 51 1
61 51 1
42 52 1
51 52 1
53 52 1
152 52 1
62 52 1
63 53 1
43 53 1
52 53 1
54 53 1
153 53 1
64 54 1
44 54 1
53 54 1
55 54 1
154 54 1
65 55 1
45 55 1
54 55 1
56 55 1
155 55 1
66 56 1
46 56 1
55 56 1
57 56 1
156 56 1
67 57 1
47 57 1
56 57 1
58 57 1
157 57 1
68 58 1
48 58 1
57 58 1
59 58 1
158 58 1
159 59 1
49 59 1
58 59 1
69 59 1
160 60 1
50 60 1
61 60 1
70 60 1
161 61 1
71 61 1
51 61 1
60 61 1
62 61 1
63 62 1
162 62 1
72 62 1
52 62 1
61 62 1
64 63 1
163 63 1
73 63 1
53 63 1
62 63 1
63 64 1
65 64 1
164 64 1
74 64 1
54 64 1
64 65 1
66 65 1
165 65 1
75 65 1
55 65 1
65 66 1
67 66 1
166 66 1
76 66 1
56 66 1
66 67 1
68 67 1
167 67 1
77 67 1
57 67 1
67 68 1
69 68 1
168 68 1
78 68 1
58 68 1
79 69 1
169 69 1
59 69 1
68 69 1
71 70 1
80 70 1
170 70 1
60 70 1
70 71 1
72 71 1
171 71 1
81 71 1
61 71 1
71 72 1
73 72 1
172 72 1
82 72 1
62 72 1
63 73 1
72 73 1
74 73 1
173 73 1
83 73 1
64 74 1
73 74 1
75 74 1
174 74 1
84 74 1
65 75 1
74 75 1
76 75 1
175 75 1
85 75 1
66 76 1
75 76 1
77 76 1
176 76 1
86 76 1
67 77 1
76 77 1
78 77 1
177 77 1
87 77 1
68 78 1
77 78 1
79 78 1
178 78 1
88 78 1
89 79 1
179 79 1
69 79 1
78 79 1
81 80 1
90 80 1
180 80 1
70 80 1
71 81 1
80 81 1
82 81 1
181 81 1
91 81 1
72 82 1
81 82 1
83 82 1
182 82 1
92 82 1
73 83 1
82 83 1
84 83 1
183 83 1
93 83 1
74 84 1
83 84 1
85 84 1
184 84 1
94 84 1
95 85 1
75 85 1
84 85 1
86 85 1
185 85 1
96 86 1
76 86 1
85 86 1
87 86 1
186 86 1
97 87 1
77 87 1
86 87 1
88 87 1
187 87 1
98 88 1
78 88 1
87 88 1
89 88 1
188 88 1
79 89 1
88 89 1
99 89 1
189 89 1
80 90 1
91 90 1
190 90 1
191 91 1
81 91 1
90 91 1
92 91 1
192 92 1
82 92 1
91 92 1
93 92 1
193 93 1
83 93 1
92 93 1
94 93 1
95 94 1
194 94 1
84 94 1
93 94 1
96 95 1
195 95 1
85 95 1
94 95 1
95 96 1
97 96 1
196 96 1
86 96 1
87 97 1
96 97 1
98 97 1
197 97 1
88 98 1
97 98 1
99 98 1
198 98 1
199 99 1
89 99 1
98 99 1
0 100 1
200 100 1
101 100 1
110 100 1
1 101 1
100 101 1
102 101 1
201 101 1
111 101 1
2 102 1
101 102 1
103 102 1
202 102 1
112 102 1
3 103 1
102 103 1
104 103 1
203 103 1
113 103 1
4 104 1
103 104 1
105 104 1
204 104 1
114 104 1
5 105 1
104 105 1
106 105 1
205 105 1
115 105 1
6 106 1
105 106 1
107 106 1
206 106 1
116 106 1
7 107 1
106 107 1
108 107 1
207 107 1
117 107 1
8 108 1
107 108 1
109 108 1
208 108 1
118 108 1
119 109 1
209 109 1
9 109 1
108 109 1
100 110 1
10 110 1
111 110 1
210 110 1
120 110 1
101 111 1
11 111 1
110 111 1
112 111 1
211 111 1
121 111 1
102 112 1
12 112 1
111 112 1
113 112 1
212 112 1
122 112 1
103 113 1
13 113 1
112 113 1
114 113 1
213 113 1
123 113 1
104 114 1
14 114 1
113 114 1
115 114 1
214 114 1
124 114 1
105 115 1
15 115 1
114 115 1
116 115 1
215 115 1
125 115 1
106 116 1
16 116 1
115 116 1
117 116 1
216 116 1
126 116 1
127 117 1
107 117 1
17 117 1
116 117 1
118 117 1
217 117 1
128 118 1
108 118 1
18 118 1
117 118 1
119 118 1
218 118 1
129 119 1
109 119 1
19 119 1
118 119 1
219 119 1
130 120 1
110 120 1
20 120 1
121 120 1
220 120 1
131 121 1
111 121 1
21 121 1
120 121 1
122 121 1
221 121 1
132 122 1
112 122 1
22 122 1
121 122 1
123 122 1
222 122 1
223 123 1
133 123 1
113 123 1
23 123 1
122 123 1
124 123 1
224 124 1
134 124 1
114 124 1
24 124 1
123 124 1
125 124 1
225 125 1
135 125 1
115 125 1
25 125 1
124 125 1
126 125 1
127 126 1
226 126 1
136 126 1
116 126 1
26 126 1
125 126 1
128 127 1
227 127 1
137 127 1
117 127 1
27 127 1
126 127 1
127 128 1
129 128 1
228 128 1
138 128 1
118 128 1
28 128 1
128 129 1
229 129 1
139 129 1
119 129 1
29 129 1
131 130 1
230 130 1
140 130 1
120 130 1
30 130 1
31 131 1
130 131 1
132 131 1
231 131 1
141 131 1
121 131 1
32 132 1
131 132 1
133 132 1
232 132 1
142 132 1
122 132 1
33 133 1
132 133 1
134 133 1
233 133 1
143 133 1
123 133 1
34 134 1
133 134 1
135 134 1
234 134 1
144 134 1
124 134 1
35 135 1
134 135 1
136 135 1
235 135 1
145 135 1
125 135 1
36 136 1
135 136 1
137 136 1
236 136 1
146 136 1
126 136 1
127 137 1
37 137 1
136 137 1
138 137 1
237 137 1
147 137 1
128 138 1
38 138 1
137 138 1
139 138 1
238 138 1
148 138 1
129 139 1
39 139 1
138 139 1
239 139 1
149 139 1
130 140 1
40 140 1
141 140 1
240 140 1
150 140 1
131 141 1
41 141 1
140 141 1
142 141 1
241 141 1
151 141 1
132 142 1
42 142 1
141 142 1
143 142 1
242 142 1
152 142 1
133 143 1
43 143 1
142 143 1
144 143 1
243 143 1
153 143 1
134 144 1
44 144 1
143 144 1
145 144 1
244 144 1
154 144 1
135 145 1
45 145 1
144 145 1
146 145 1
245 145 1
155 145 1
136 146 1
46 146 1
145 146 1
147 146 1
246 146 1
156 146 1
137 147 1
47 147 1
146 147 1
148 147 1
247 147 1
157 147 1
138 148 1
48 148 1
147 148 1
149 148 1
248 148 1
158 148 1
159 149 1
139 149 1
49 149 1
148 149 1
249 149 1
160 150 1
140 150 1
50 150 1
151 150 1
250 150 1
161 151 1
141 151 1
51 151 1
150 151 1
152 151 1
251 151 1
162 152 1
142 152 1
52 152 1
151 152 1
153 152 1
252 152 1
163 153 1
143 153 1
53 153 1
152 153 1
154 153 1
253 153 1
164 154 1
144 154 1
54 154 1
153 154 1
155 154 1
254 154 1
255 155 1
165 155 1
145 155 1
55 155 1
154 155 1
156 155 1
256 156 1
166 156 1
146 156 1
56 156 1
155 156 1
157 156 1
257 157 1
167 157 1
147 157 1
57 157 1
156 157 1
158 157 1
159 158 1
258 158 1
168 158 1
148 158 1
58 158 1
157 158 1
259 159 1
169 159 1
149 159 1
59 159 1
158 159 1
161 160 1
260 160 1
170 160 1
150 160 1
60 160 1
160 161 1
162 161 1
261 161 1
171 161 1
151 161 1
61 161 1
161 162 1
163 162 1
262 162 1
172 162 1
152 162 1
62 162 1
63 163 1
162 163 1
164 163 1
263 163 1
173 163 1
153 163 1
64 164 1
163 164 1
165 164 1
264 164 1
174 164 1
154 164 1
65 165 1
164 165 1
166 165 1
265 165 1
175 165 1
155 165 1
66 166 1
165 166 1
167 166 1
266 166 1
176 166 1
156 166 1
67 167 1
166 167 1
168 167 1
267 167 1
177 167 1
157 167 1
68 168 1
167 168 1
169 168 1
268 168 1
178 168 1
158 168 1
159 169 1
69 169 1
168 169 1
269 169 1
179 169 1
160 170 1
70 170 1
171 170 1
270 170 1
180 170 1
161 171 1
71 171 1
170 171 1
172 171 1
271 171 1
181 171 1
162 172 1
72 172 1
171 172 1
173 172 1
272 172 1
182 172 1
163 173 1
73 173 1
172 173 1
174 173 1
273 173 1
183 173 1
164 174 1
74 174 1
173 174 1
175 174 1
274 174 1
184 174 1
165 175 1
75 175 1
174 175 1
176 175 1
275 175 1
185 175 1
166 176 1
76 176 1
175 176 1
177 176 1
276 176 1
186 176 1
167 177 1
77 177 1
176 177 1
178 177 1
277 177 1
187 177 1
168 178 1
78 178 1
177 178 1
179 178 1
278 178 1
188 178 1
169 179 1
79 179 1
178 179 1
279 179 1
189 179 1
170 180 1
80 180 1
181 180 1
280 180 1
190 180 1
191 181 1
171 181 1
81 181 1
180 181 1
182 181 1
281 181 1
192 182 1
172 182 1
82 182 1
181 182 1
183 182 1
282 182 1
193 183 1
173 183 1
83 183 1
182 183 1
184 183 1
283 183 1
194 184 1
174 184 1
84 184 1
183 184 1
185 184 1
284 184 1
195 185 1
175 185 1
85 185 1
184 185 1
186 185 1
285 185 1
196 186 1
176 186 1
86 186 1
185 186 1
187 186 1
286 186 1
287 187 1
197 187 1
177 187 1
87 187 1
186 187 1
188 187 1
288 188 1
198 188 1
178 188 1
88 188 1
187 188 1
189 188 1
289 189 1
199 189 1
179 189 1
89 189 1
188 189 1
191 190 1
290 190 1
90 190 1
180 190 1
192 191 1
291 191 1
181 191 1
91 191 1
190 191 1
191 192 1
193 192 1
292 192 1
182 192 1
92 192 1
192 193 1
194 193 1
293 193 1
183 193 1
93 193 1
193 194 1
195 194 1
294 194 1
184 194 1
94 194 1
95 195 1
194 195 1
196 195 1
295 195 1
185 195 1
96 196 1
195 196 1
197 196 1
296 196 1
186 196 1
97 197 1
196 197 1
198 197 1
297 197 1
187 197 1
98 198 1
197 198 1
199 198 1
298 198 1
188 198 1
99 199 1
299 199 1
189 199 1
198 199 1
300 200 1
201 200 1
210 200 1
100 200 1
101 201 1
200 201 1
202 201 1
301 201 1
211 201 1
102 202 1
201 202 1
203 202 1
302 202 1
212 202 1
103 203 1
202 203 1
204 203 1
303 203 1
213 203 1
104 204 1
203 204 1
205 204 1
304 204 1
214 204 1
105 205 1
204 205 1
206 205 1
305 205 1
215 205 1
106 206 1
205 206 1
207 206 1
306 206 1
216 206 1
107 207 1
206 207 1
208 207 1
307 207 1
217 207 1
108 208 1
207 208 1
209 208 1
308 208 1
218 208 1
309 209 1
208 209 1
219 209 1
109 209 1
200 210 1
110 210 1
211 210 1
310 210 1
220 210 1
201 211 1
111 211 1
210 211 1
212 211 1
311 211 1
221 211 1
202 212 1
112 212 1
211 212 1
213 212 1
312 212 1
222 212 1
223 213 1
203 213 1
113 213 1
212 213 1
214 213 1
313 213 1
224 214 1
204 214 1
114 214 1
213 214 1
215 214 1
314 214 1
225 215 1
205 215 1
115 215 1
214 215 1
216 215 1
315 215 1
226 216 1
206 216 1
116 216 1
215 216 1
217 216 1
316 216 1
227 217 1
207 217 1
117 217 1
216 217 1
218 217 1
317 217 1
228 218 1
208 218 1
118 218 1
217 218 1
219 218 1
318 218 1
319 219 1
229 219 1
209 219 1
119 219 1
218 219 1
320 220 1
230 220 1
210 220 1
120 220 1
221 220 1
321 221 1
231 221 1
211 221 1
121 221 1
220 221 1
222 221 1
223 222 1
322 222 1
232 222 1
212 222 1
122 222 1
221 222 1
224 223 1
323 223 1
233 223 1
213 223 1
123 223 1
222 223 1
223 224 1
225 224 1
324 224 1
234 224 1
214 224 1
124 224 1
224 225 1
226 225 1
325 225 1
235 225 1
215 225 1
125 225 1
225 226 1
227 226 1
326 226 1
236 226 1
216 226 1
126 226 1
127 227 1
226 227 1
228 227 1
327 227 1
237 227 1
217 227 1
128 228 1
227 228 1
229 228 1
328 228 1
238 228 1
218 228 1
129 229 1
228 229 1
329 229 1
239 229 1
219 229 1
130 230 1
231 230 1
330 230 1
240 230 1
220 230 1
131 231 1
230 231 1
232 231 1
331 231 1
241 231 1
221 231 1
132 232 1
231 232 1
233 232 1
332 232 1
242 232 1
222 232 1
223 233 1
133 233 1
232 233 1
234 233 1
333 233 1
243 233 1
224 234 1
134 234 1
233 234 1
235 234 1
334 234 1
244 234 1
225 235 1
135 235 1
234 235 1
236 235 1
335 235 1
245 235 1
226 236 1
136 236 1
235 236 1
237 236 1
336 236 1
246 236 1
227 237 1
137 237 1
236 237 1
238 237 1
337 237 1
247 237 1
228 238 1
138 238 1
237 238 1
239 238 1
338 238 1
248 238 1
229 239 1
139 239 1
238 239 1
339 239 1
249 239 1
230 240 1
140 240 1
241 240 1
340 240 1
250 240 1
231 241 1
141 241 1
240 241 1
242 241 1
341 241 1
251 241 1
232 242 1
142 242 1
241 242 1
243 242 1
342 242 1
252 242 1
233 243 1
143 243 1
242 243 1
244 243 1
343 243 1
253 243 1
234 244 1
144 244 1
243 244 1
245 244 1
344 244 1
254 244 1
255 245 1
235 245 1
145 245 1
244 245 1
246 245 1
345 245 1
256 246 1
236 246 1
146 246 1
245 246 1
247 246 1
346 246 1
257 247 1
237 247 1
147 247 1
246 247 1
248 247 1
347 247 1
258 248 1
238 248 1
148 248 1
247 248 1
249 248 1
348 248 1
259 249 1
239 249 1
149 249 1
248 249 1
349 249 1
260 250 1
240 250 1
150 250 1
251 250 1
350 250 1
351 251 1
261 251 1
241 251 1
151 251 1
250 251 1
252 251 1
352 252 1
262 252 1
242 252 1
152 252 1
251 252 1
253 252 1
353 253 1
263 253 1
243 253 1
153 253 1
252 253 1
254 253 1
255 254 1
354 254 1
264 254 1
244 254 1
154 254 1
253 254 1
256 255 1
355 255 1
265 255 1
245 255 1
155 255 1
254 255 1
255 256 1
257 256 1
356 256 1
266 256 1
246 256 1
156 256 1
256 257 1
258 257 1
357 257 1
267 257 1
247 257 1
157 257 1
257 258 1
259 258 1
358 258 1
268 258 1
248 258 1
158 258 1
159 259 1
258 259 1
359 259 1
269 259 1
249 259 1
160 260 1
261 260 1
360 260 1
270 260 1
250 260 1
161 261 1
260 261 1
262 261 1
361 261 1
271 261 1
251 261 1
162 262 1
261 262 1
263 262 1
362 262 1
272 262 1
252 262 1
163 263 1
262 263 1
264 263 1
363 263 1
273 263 1
253 263 1
164 264 1
263 264 1
265 264 1
364 264 1
274 264 1
254 264 1
255 265 1
165 265 1
264 265 1
266 265 1
365 265 1
275 265 1
256 266 1
166 266 1
265 266 1
267 266 1
366 266 1
276 266 1
257 267 1
167 267 1
266 267 1
268 267 1
367 267 1
277 267 1
258 268 1
168 268 1
267 268 1
269 268 1
368 268 1
278 268 1
259 269 1
169 269 1
268 269 1
369 269 1
279 269 1
260 270 1
170 270 1
271 270 1
370 270 1
280 270 1
261 271 1
171 271 1
270 271 1
272 271 1
371 271 1
281 271 1
262 272 1
172 272 1
271 272 1
273 272 1
372 272 1
282 272 1
263 273 1
173 273 1
272 273 1
274 273 1
373 273 1
283 273 1
264 274 1
174 274 1
273 274 1
275 274 1
374 274 1
284 274 1
265 275 1
175 275 1
274 275 1
276 275 1
375 275 1
285 275 1
266 276 1
176 276 1
275 276 1
277 276 1
376 276 1
286 276 1
287 277 1
267 277 1
177 277 1
276 277 1
278 277 1
377 277 1
288 278 1
268 278 1
178 278 1
277 278 1
279 278 1
378 278 1
289 279 1
269 279 1
179 279 1
278 279 1
379 279 1
290 280 1
270 280 1
180 280 1
281 280 1
380 280 1
291 281 1
271 281 1
181 281 1
280 281 1
282 281 1
381 281 1
292 282 1
272 282 1
182 282 1
281 282 1
283 282 1
382 282 1
383 283 1
293 283 1
273 283 1
183 283 1
282 283 1
284 283 1
384 284 1
294 284 1
274 284 1
184 284 1
283 284 1
285 284 1
385 285 1
295 285 1
275 285 1
185 285 1
284 285 1
286 285 1
287 286 1
386 286 1
296 286 1
276 286 1
186 286 1
285 286 1
288 287 1
387 287 1
297 287 1
277 287 1
187 287 1
286 287 1
287 288 1
289 288 1
388 288 1
298 288 1
278 288 1
188 288 1
288 289 1
389 289 1
299 289 1
279 289 1
189 289 1
390 290 1
280 290 1
291 290 1
190 290 1
191 291 1
290 291 1
292 291 1
391 291 1
281 291 1
192 292 1
291 292 1
293 292 1
392 292 1
282 292 1
193 293 1
292 293 1
294 293 1
393 293 1
283 293 1
194 294 1
293 294 1
295 294 1
394 294 1
284 294 1
195 295 1
294 295 1
296 295 1
395 295 1
285 295 1
196 296 1
295 296 1
297 296 1
396 296 1
286 296 1
287 297 1
197 297 1
296 297 1
298 297 1
397 297 1
288 298 1
198 298 1
297 298 1
299 298 1
398 298 1
199 299 1
289 299 1
298 299 1
399 299 1
200 300 1
400 300 1
301 300 1
310 300 1
201 301 1
300 301 1
302 301 1
401 301 1
311 301 1
202 302 1
301 302 1
303 302 1
402 302 1
312 302 1
203 303 1
302 303 1
304 303 1
403 303 1
313 303 1
204 304 1
303 304 1
305 304 1
404 304 1
314 304 1
205 305 1
304 305 1
306 305 1
405 305 1
315 305 1
206 306 1
305 306 1
307 306 1
406 306 1
316 306 1
207 307 1
306 307 1
308 307 1
407 307 1
317 307 1
208 308 1
307 308 1
309 308 1
408 308 1
318 308 1
319 309 1
209 309 1
308 309 1
409 309 1
320 310 1
300 310 1
210 310 1
311 310 1
410 310 1
321 311 1
301 311 1
211 311 1
310 311 1
312 311 1
411 311 1
322 312 1
302 312 1
212 312 1
311 312 1
313 312 1
412 312 1
323 313 1
303 313 1
213 313 1
312 313 1
314 313 1
413 313 1
324 314 1
304 314 1
214 314 1
313 314 1
315 314 1
414 314 1
415 315 1
325 315 1
305 315 1
215 315 1
314 315 1
316 315 1
416 316 1
326 316 1
306 316 1
216 316 1
315 316 1
317 316 1
417 317 1
327 317 1
307 317 1
217 317 1
316 317 1
318 317 1
319 318 1
418 318 1
328 318 1
308 318 1
218 318 1
317 318 1
419 319 1
329 319 1
309 319 1
219 319 1
318 319 1
321 320 1
420 320 1
330 320 1
310 320 1
220 320 1
320 321 1
322 321 1
421 321 1
331 321 1
311 321 1
221 321 1
321 322 1
323 322 1
422 322 1
332 322 1
312 322 1
222 322 1
223 323 1
322 323 1
324 323 1
423 323 1
333 323 1
313 323 1
224 324 1
323 324 1
325 324 1
424 324 1
334 324 1
314 324 1
225 325 1
324 325 1
326 325 1
425 325 1
335 325 1
315 325 1
226 326 1
325 326 1
327 326 1
426 326 1
336 326 1
316 326 1
227 327 1
326 327 1
328 327 1
427 327 1
337 327 1
317 327 1
228 328 1
327 328 1
329 328 1
428 328 1
338 328 1
318 328 1
319 329 1
229 329 1
328 329 1
429 329 1
339 329 1
320 330 1
230 330 1
331 330 1
430 330 1
340 330 1
321 331 1
231 331 1
330 331 1
332 331 1
431 331 1
341 331 1
322 332 1
232 332 1
331 332 1
333 332 1
432 332 1
342 332 1
323 333 1
233 333 1
332 333 1
334 333 1
433 333 1
343 333 1
324 334 1
234 334 1
333 334 1
335 334 1
434 334 1
344 334 1
325 335 1
235 335 1
334 335 1
336 335 1
435 335 1
345 335 1
326 336 1
236 336 1
335 336 1
337 336 1
436 336 1
346 336 1
327 337 1
237 337 1
336 337 1
338 337 1
437 337 1
347 337 1
328 338 1
238 338 1
337 338 1
339 338 1
438 338 1
348 338 1
329 339 1
239 339 1
338 339 1
439 339 1
349 339 1
330 340 1
240 340 1
341 340 1
440 340 1
350 340 1
351 341 1
331 341 1
241 341 1
340 341 1
342 341 1
441 341 1
352 342 1
332 342 1
242 342 1
341 342 1
343 342 1
442 342 1
353 343 1
333 343 1
243 343 1
342 343 1
344 343 1
443 343 1
354 344 1
334 344 1
244 344 1
343 344 1
345 344 1
444 344 1
355 345 1
335 345 1
245 345 1
344 345 1
346 345 1
445 345 1
356 346 1
336 346 1
246 346 1
345 346 1
347 346 1
446 346 1
447 347 1
357 347 1
337 347 1
247 347 1
346 347 1
348 347 1
448 348 1
358 348 1
338 348 1
248 348 1
347 348 1
349 348 1
449 349 1
359 349 1
339 349 1
249 349 1
348 349 1
351 350 1
450 350 1
360 350 1
340 350 1
250 350 1
352 351 1
451 351 1
361 351 1
341 351 1
251 351 1
350 351 1
351 352 1
353 352 1
452 352 1
362 352 1
342 352 1
252 352 1
352 353 1
354 353 1
453 353 1
363 353 1
343 353 1
253 353 1
353 354 1
355 354 1
454 354 1
364 354 1
344 354 1
254 354 1
255 355 1
354 355 1
356 355 1
455 355 1
365 355 1
345 355 1
256 356 1
355 356 1
357 356 1
456 356 1
366 356 1
346 356 1
257 357 1
356 357 1
358 357 1
457 357 1
367 357 1
347 357 1
258 358 1
357 358 1
359 358 1
458 358 1
368 358 1
348 358 1
259 359 1
358 359 1
459 359 1
369 359 1
349 359 1
260 360 1
361 360 1
460 360 1
370 360 1
350 360 1
351 361 1
261 361 1
360 361 1
362 361 1
461 361 1
371 361 1
352 362 1
262 362 1
361 362 1
363 362 1
462 362 1
372 362 1
353 363 1
263 363 1
362 363 1
364 363 1
463 363 1
373 363 1
354 364 1
264 364 1
363 364 1
365 364 1
464 364 1
374 364 1
355 365 1
265 365 1
364 365 1
366 365 1
465 365 1
375 365 1
356 366 1
266 366 1
365 366 1
367 366 1
466 366 1
376 366 1
357 367 1
267 367 1
366 367 1
368 367 1
467 367 1
377 367 1
358 368 1
268 368 1
367 368 1
369 368 1
468 368 1
378 368 1
359 369 1
269 369 1
368 369 1
469 369 1
379 369 1
360 370 1
270 370 1
371 370 1
470 370 1
380 370 1
361 371 1
271 371 1
370 371 1
372 371 1
471 371 1
381 371 1
362 372 1
272 372 1
371 372 1
373 372 1
472 372 1
382 372 1
383 373 1
363 373 1
273 373 1
372 373 1
374 373 1
473 373 1
384 374 1
364 374 1
274 374 1
373 374 1
375 374 1
474 374 1
385 375 1
365 375 1
275 375 1
374 375 1
376 375 1
475 375 1
386 376 1
366 376 1
276 376 1
375 376 1
377 376 1
476 376 1
387 377 1
367 377 1
277 377 1
376 377 1
378 377 1
477 377 1
388 378 1
368 378 1
278 378 1
377 378 1
379 378 1
478 378 1
479 379 1
389 379 1
369 379 1
279 379 1
378 379 1
480 380 1
390 380 1
370 380 1
280 380 1
381 380 1
481 381 1
391 381 1
371 381 1
281 381 1
380 381 1
382 381 1
383 382 1
482 382 1
392 382 1
372 382 1
282 382 1
381 382 1
384 383 1
483 383 1
393 383 1
373 383 1
283 383 1
382 383 1
383 384 1
385 384 1
484 384 1
394 384 1
374 384 1
284 384 1
384 385 1
386 385 1
485 385 1
395 385 1
375 385 1
285 385 1
385 386 1
387 386 1
486 386 1
396 386 1
376 386 1
286 386 1
287 387 1
386 387 1
388 387 1
487 387 1
397 387 1
377 387 1
288 388 1
387 388 1
389 388 1
488 388 1
398 388 1
378 388 1
289 389 1
388 389 1
489 389 1
399 389 1
379 389 1
391 390 1
290 390 1
380 390 1
490 390 1
291 391 1
390 391 1
392 391 1
491 391 1
381 391 1
292 392 1
391 392 1
393 392 1
492 392 1
382 392 1
383 393 1
293 393 1
392 393 1
394 393 1
493 393 1
384 394 1
294 394 1
393 394 1
395 394 1
494 394 1
385 395 1
295 395 1
394 395 1
396 395 1
495 395 1
386 396 1
296 396 1
395 396 1
397 396 1
496 396 1
387 397 1
297 397 1
396 397 1
398 397 1
497 397 1
388 398 1
298 398 1
397 398 1
399 398 1
498 398 1
299 399 1
499 399 1
389 399 1
398 399 1
500 400 1
401 400 1
410 400 1
300 400 1
301 401 1
400 401 1
402 401 1
501 401 1
411 401 1
302 402 1
401 402 1
403 402 1
502 402 1
412 402 1
303 403 1
402 403 1
404 403 1
503 403 1
413 403 1
304 404 1
403 404 1
405 404 1
504 404 1
414 404 1
415 405 1
305 405 1
404 405 1
406 405 1
505 405 1
416 406 1
306 406 1
405 406 1
407 406 1
506 406 1
417 407 1
307 407 1
406 407 1
408 407 1
507 407 1
418 408 1
308 408 1
407 408 1
409 408 1
508 408 1
408 409 1
419 409 1
309 409 1
509 409 1
420 410 1
400 410 1
310 410 1
411 410 1
510 410 1
511 411 1
421 411 1
401 411 1
311 411 1
410 411 1
412 411 1
512 412 1
422 412 1
402 412 1
312 412 1
411 412 1
413 412 1
513 413 1
423 413 1
403 413 1
313 413 1
412 413 1
414 413 1
415 414 1
514 414 1
424 414 1
404 414 1
314 414 1
413 414 1
416 415 1
515 415 1
425 415 1
405 415 1
315 415 1
414 415 1
415 416 1
417 416 1
516 416 1
426 416 1
406 416 1
316 416 1
416 417 1
418 417 1
517 417 1
427 417 1
407 417 1
317 417 1
417 418 1
419 418 1
518 418 1
428 418 1
408 418 1
318 418 1
319 419 1
418 419 1
519 419 1
429 419 1
409 419 1
320 420 1
421 420 1
520 420 1
430 420 1
410 420 1
321 421 1
420 421 1
422 421 1
521 421 1
431 421 1
411 421 1
322 422 1
421 422 1
423 422 1
522 422 1
432 422 1
412 422 1
323 423 1
422 423 1
424 423 1
523 423 1
433 423 1
413 423 1
324 424 1
423 424 1
425 424 1
524 424 1
434 424 1
414 424 1
415 425 1
325 425 1
424 425 1
426 425 1
525 425 1
435 425 1
416 426 1
326 426 1
425 426 1
427 426 1
526 426 1
436 426 1
417 427 1
327 427 1
426 427 1
428 427 1
527 427 1
437 427 1
418 428 1
328 428 1
427 428 1
429 428 1
528 428 1
438 428 1
419 429 1
329 429 1
428 429 1
529 429 1
439 429 1
420 430 1
330 430 1
431 430 1
530 430 1
440 430 1
421 431 1
331 431 1
430 431 1
432 431 1
531 431 1
441 431 1
422 432 1
332 432 1
431 432 1
433 432 1
532 432 1
442 432 1
423 433 1
333 433 1
432 433 1
434 433 1
533 433 1
443 433 1
424 434 1
334 434 1
433 434 1
435 434 1
534 434 1
444 434 1
425 435 1
335 435 1
434 435 1
436 435 1
535 435 1
445 435 1
426 436 1
336 436 1
435 436 1
437 436 1
536 436 1
446 436 1
447 437 1
427 437 1
337 437 1
436 437 1
438 437 1
537 437 1
448 438 1
428 438 1
338 438 1
437 438 1
439 438 1
538 438 1
449 439 1
429 439 1
339 439 1
438 439 1
539 439 1
450 440 1
430 440 1
340 440 1
441 440 1
540 440 1
451 441 1
431 441 1
341 441 1
440 441 1
442 441 1
541 441 1
452 442 1
432 442 1
342 442 1
441 442 1
443 442 1
542 442 1
543 443 1
453 443 1
433 443 1
343 443 1
442 443 1
444 443 1
544 444 1
454 444 1
434 444 1
344 444 1
443 444 1
445 444 1
545 445 1
455 445 1
435 445 1
345 445 1
444 445 1
446 445 1
447 446 1
546 446 1
456 446 1
436 446 1
346 446 1
445 446 1
448 447 1
547 447 1
457 447 1
437 447 1
347 447 1
446 447 1
447 448 1
449 448 1
548 448 1
458 448 1
438 448 1
348 448 1
448 449 1
549 449 1
459 449 1
439 449 1
349 449 1
451 450 1
550 450 1
460 450 1
440 450 1
350 450 1
351 451 1
450 451 1
452 451 1
551 451 1
461 451 1
441 451 1
352 452 1
451 452 1
453 452 1
552 452 1
462 452 1
442 452 1
353 453 1
452 453 1
454 453 1
553 453 1
463 453 1
443 453 1
354 454 1
453 454 1
455 454 1
554 454 1
464 454 1
444 454 1
355 455 1
454 455 1
456 455 1
555 455 1
465 455 1
445 455 1
356 456 1
455 456 1
457 456 1
556 456 1
466 456 1
446 456 1
447 457 1
357 457 1
456 457 1
458 457 1
557 457 1
467 457 1
448 458 1
358 458 1
457 458 1
459 458 1
558 458 1
468 458 1
449 459 1
359 459 1
458 459 1
559 459 1
469 459 1
450 460 1
360 460 1
461 460 1
560 460 1
470 460 1
451 461 1
361 461 1
460 461 1
462 461 1
561 461 1
471 461 1
452 462 1
362 462 1
461 462 1
463 462 1
562 462 1
472 462 1
453 463 1
363 463 1
462 463 1
464 463 1
563 463 1
473 463 1
454 464 1
364 464 1
463 464 1
465 464 1
564 464 1
474 464 1
455 465 1
365 465 1
464 465 1
466 465 1
565 465 1
475 465 1
456 466 1
366 466 1
465 466 1
467 466 1
566 466 1
476 466 1
457 467 1
367 467 1
466 467 1
468 467 1
567 467 1
477 467 1
458 468 1
368 468 1
467 468 1
469 468 1
568 468 1
478 468 1
479 469 1
459 469 1
369 469 1
468 469 1
569 469 1
480 470 1
460 470 1
370 470 1
471 470 1
570 470 1
481 471 1
461 471 1
371 471 1
470 471 1
472 471 1
571 471 1
482 472 1
462 472 1
372 472 1
471 472 1
473 472 1
572 472 1
483 473 1
463 473 1
373 473 1
472 473 1
474 473 1
573 473 1
484 474 1
464 474 1
374 474 1
473 474 1
475 474 1
574 474 1
575 475 1
485 475 1
465 475 1
375 475 1
474 475 1
476 475 1
576 476 1
486 476 1
466 476 1
376 476 1
475 476 1
477 476 1
577 477 1
487 477 1
467 477 1
377 477 1
476 477 1
478 477 1
479 478 1
578 478 1
488 478 1
468 478 1
378 478 1
477 478 1
579 479 1
489 479 1
469 479 1
379 479 1
478 479 1
481 480 1
580 480 1
490 480 1
470 480 1
380 480 1
480 481 1
482 481 1
581 481 1
491 481 1
471 481 1
381 481 1
481 482 1
483 482 1
582 482 1
492 482 1
472 482 1
382 482 1
383 483 1
482 483 1
484 483 1
583 483 1
493 483 1
473 483 1
384 484 1
483 484 1
485 484 1
584 484 1
494 484 1
474 484 1
385 485 1
484 485 1
486 485 1
585 485 1
495 485 1
475 485 1
386 486 1
485 486 1
487 486 1
586 486 1
496 486 1
476 486 1
387 487 1
486 487 1
488 487 1
587 487 1
497 487 1
477 487 1
388 488 1
487 488 1
489 488 1
588 488 1
498 488 1
478 488 1
479 489 1
389 489 1
488 489 1
589 489 1
499 489 1
480 490 1
491 490 1
590 490 1
390 490 1
481 491 1
391 491 1
490 491 1
492 491 1
591 491 1
482 492 1
392 492 1
491 492 1
493 492 1
592 492 1
483 493 1
393 493 1
492 493 1
494 493 1
593 493 1
484 494 1
394 494 1
493 494 1
495 494 1
594 494 1
485 495 1
395 495 1
494 495 1
496 495 1
595 495 1
486 496 1
396 496 1
495 496 1
497 496 1
596 496 1
487 497 1
397 497 1
496 497 1
498 497 1
597 497 1
488 498 1
398 498 1
497 498 1
499 498 1
598 498 1
399 499 1
599 499 1
489 499 1
498 499 1
600 500 1
400 500 1
501 500 1
510 500 1
511 501 1
401 501 1
500 501 1
502 501 1
601 501 1
512 502 1
402 502 1
501 502 1
503 502 1
602 502 1
513 503 1
403 503 1
502 503 1
504 503 1
603 503 1
514 504 1
404 504 1
503 504 1
505 504 1
604 504 1
515 505 1
405 505 1
504 505 1
506 505 1
605 505 1
516 506 1
406 506 1
505 506 1
507 506 1
606 506 1
607 507 1
517 507 1
407 507 1
506 507 1
508 507 1
608 508 1
518 508 1
408 508 1
507 508 1
509 508 1
519 509 1
409 509 1
508 509 1
609 509 1
511 510 1
610 510 1
520 510 1
500 510 1
410 510 1
512 511 1
611 511 1
521 511 1
501 511 1
411 511 1
510 511 1
511 512 1
513 512 1
612 512 1
522 512 1
502 512 1
412 512 1
512 513 1
514 513 1
613 513 1
523 513 1
503 513 1
413 513 1
513 514 1
515 514 1
614 514 1
524 514 1
504 514 1
414 514 1
415 515 1
514 515 1
516 515 1
615 515 1
525 515 1
505 515 1
416 516 1
515 516 1
517 516 1
616 516 1
526 516 1
506 516 1
417 517 1
516 517 1
518 517 1
617 517 1
527 517 1
507 517 1
418 518 1
517 518 1
519 518 1
618 518 1
528 518 1
508 518 1
419 519 1
518 519 1
619 519 1
529 519 1
509 519 1
420 520 1
521 520 1
620 520 1
530 520 1
510 520 1
511 521 1
421 521 1
520 521 1
522 521 1
621 521 1
531 521 1
512 522 1
422 522 1
521 522 1
523 522 1
622 522 1
532 522 1
513 523 1
423 523 1
522 523 1
524 523 1
623 523 1
533 523 1
514 524 1
424 524 1
523 524 1
525 524 1
624 524 1
534 524 1
515 525 1
425 525 1
524 525 1
526 525 1
625 525 1
535 525 1
516 526 1
426 526 1
525 526 1
527 526 1
626 526 1
536 526 1
517 527 1
427 527 1
526 527 1
528 527 1
627 527 1
537 527 1
518 528 1
428 528 1
527 528 1
529 528 1
628 528 1
538 528 1
519 529 1
429 529 1
528 529 1
629 529 1
539 529 1
520 530 1
430 530 1
531 530 1
630 530 1
540 530 1
521 531 1
431 531 1
530 531 1
532 531 1
631 531 1
541 531 1
522 532 1
432 532 1
531 532 1
533 532 1
632 532 1
542 532 1
543 533 1
523 533 1
433 533 1
532 533 1
534 533 1
633 533 1
544 534 1
524 534 1
434 534 1
533 534 1
535 534 1
634 534 1
545 535 1
525 535 1
435 535 1
534 535 1
536 535 1
635 535 1
546 536 1
526 536 1
436 536 1
535 536 1
537 536 1
636 536 1
547 537 1
527 537 1
437 537 1
536 537 1
538 537 1
637 537 1
548 538 1
528 538 1
438 538 1
537 538 1
539 538 1
638 538 1
639 539 1
549 539 1
529 539 1
439 539 1
538 539 1
640 540 1
550 540 1
530 540 1
440 540 1
541 540 1
641 541 1
551 541 1
531 541 1
441 541 1
540 541 1
542 541 1
543 542 1
642 542 1
552 542 1
532 542 1
442 542 1
541 542 1
544 543 1
643 543 1
553 543 1
533 543 1
443 543 1
542 543 1
543 544 1
545 544 1
644 544 1
554 544 1
534 544 1
444 544 1
544 545 1
546 545 1
645 545 1
555 545 1
535 545 1
445 545 1
545 546 1
547 546 1
646 546 1
556 546 1
536 546 1
446 546 1
447 547 1
546 547 1
548 547 1
647 547 1
557 547 1
537 547 1
448 548 1
547 548 1
549 548 1
648 548 1
558 548 1
538 548 1
449 549 1
548 549 1
649 549 1
559 549 1
539 549 1
450 550 1
551 550 1
650 550 1
560 550 1
540 550 1
451 551 1
550 551 1
552 551 1
651 551 1
561 551 1
541 551 1
452 552 1
551 552 1
553 552 1
652 552 1
562 552 1
542 552 1
543 553 1
453 553 1
552 553 1
554 553 1
653 553 1
563 553 1
544 554 1
454 554 1
553 554 1
555 554 1
654 554 1
564 554 1
545 555 1
455 555 1
554 555 1
556 555 1
655 555 1
565 555 1
546 556 1
456 556 1
555 556 1
557 556 1
656 556 1
566 556 1
547 557 1
457 557 1
556 557 1
558 557 1
657 557 1
567 557 1
548 558 1
458 558 1
557 558 1
559 558 1
658 558 1
568 558 1
549 559 1
459 559 1
558 559 1
659 559 1
569 559 1
550 560 1
460 560 1
561 560 1
660 560 1
570 560 1
551 561 1
461 561 1
560 561 1
562 561 1
661 561 1
571 561 1
552 562 1
462 562 1
561 562 1
563 562 1
662 562 1
572 562 1
553 563 1
463 563 1
562 563 1
564 563 1
663 563 1
573 563 1
554 564 1
464 564 1
563 564 1
565 564 1
664 564 1
574 564 1
575 565 1
555 565 1
465 565 1
564 565 1
566 565 1
665 565 1
576 566 1
556 566 1
466 566 1
565 566 1
567 566 1
666 566 1
577 567 1
557 567 1
467 567 1
566 567 1
568 567 1
667 567 1
578 568 1
558 568 1
468 568 1
567 568 1
569 568 1
668 568 1
579 569 1
559 569 1
469 569 1
568 569 1
669 569 1
580 570 1
560 570 1
470 570 1
571 570 1
670 570 1
671 571 1
581 571 1
561 571 1
471 571 1
570 571 1
572 571 1
672 572 1
582 572 1
562 572 1
472 572 1
571 572 1
573 572 1
673 573 1
583 573 1
563 573 1
473 573 1
572 573 1
574 573 1
575 574 1
674 574 1
584 574 1
564 574 1
474 574 1
573 574 1
576 575 1
675 575 1
585 575 1
565 575 1
475 575 1
574 575 1
575 576 1
577 576 1
676 576 1
586 576 1
566 576 1
476 576 1
576 577 1
578 577 1
677 577 1
587 577 1
567 577 1
477 577 1
577 578 1
579 578 1
678 578 1
588 578 1
568 578 1
478 578 1
479 579 1
578 579 1
679 579 1
589 579 1
569 579 1
480 580 1
581 580 1
680 580 1
590 580 1
570 580 1
481 581 1
580 581 1
582 581 1
681 581 1
591 581 1
571 581 1
482 582 1
581 582 1
583 582 1
682 582 1
592 582 1
572 582 1
483 583 1
582 583 1
584 583 1
683 583 1
593 583 1
573 583 1
484 584 1
583 584 1
585 584 1
684 584 1
594 584 1
574 584 1
575 585 1
485 585 1
584 585 1
586 585 1
685 585 1
595 585 1
576 586 1
486 586 1
585 586 1
587 586 1
686 586 1
596 586 1
577 587 1
487 587 1
586 587 1
588 587 1
687 587 1
597 587 1
578 588 1
488 588 1
587 588 1
589 588 1
688 588 1
598 588 1
579 589 1
489 589 1
588 589 1
689 589 1
599 589 1
591 590 1
690 590 1
490 590 1
580 590 1
581 591 1
491 591 1
590 591 1
592 591 1
691 591 1
582 592 1
492 592 1
591 592 1
593 592 1
692 592 1
583 593 1
493 593 1
592 593 1
594 593 1
693 593 1
584 594 1
494 594 1
593 594 1
595 594 1
694 594 1
585 595 1
495 595 1
594 595 1
596 595 1
695 595 1
586 596 1
496 596 1
595 596 1
597 596 1
696 596 1
587 597 1
497 597 1
596 597 1
598 597 1
697 597 1
588 598 1
498 598 1
597 598 1
599 598 1
698 598 1
699 599 1
499 599 1
589 599 1
598 599 1
601 600 1
610 600 1
500 600 1
700 600 1
611 601 1
501 601 1
600 601 1
602 601 1
701 601 1
612 602 1
502 602 1
601 602 1
603 602 1
702 602 1
703 603 1
613 603 1
503 603 1
602 603 1
604 603 1
704 604 1
614 604 1
504 604 1
603 604 1
605 604 1
705 605 1
615 605 1
505 605 1
604 605 1
606 605 1
607 606 1
706 606 1
616 606 1
506 606 1
605 606 1
608 607 1
707 607 1
617 607 1
507 607 1
606 607 1
607 608 1
609 608 1
708 608 1
618 608 1
508 608 1
608 609 1
619 609 1
709 609 1
509 609 1
611 610 1
710 610 1
620 610 1
600 610 1
510 610 1
511 611 1
610 611 1
612 611 1
711 611 1
621 611 1
601 611 1
512 612 1
611 612 1
613 612 1
712 612 1
622 612 1
602 612 1
513 613 1
612 613 1
614 613 1
713 613 1
623 613 1
603 613 1
514 614 1
613 614 1
615 614 1
714 614 1
624 614 1
604 614 1
515 615 1
614 615 1
616 615 1
715 615 1
625 615 1
605 615 1
516 616 1
615 616 1
617 616 1
716 616 1
626 616 1
606 616 1
607 617 1
517 617 1
616 617 1
618 617 1
717 617 1
627 617 1
608 618 1
518 618 1
617 618 1
619 618 1
718 618 1
628 618 1
609 619 1
519 619 1
618 619 1
719 619 1
629 619 1
610 620 1
520 620 1
621 620 1
720 620 1
630 620 1
611 621 1
521 621 1
620 621 1
622 621 1
721 621 1
631 621 1
612 622 1
522 622 1
621 622 1
623 622 1
722 622 1
632 622 1
613 623 1
523 623 1
622 623 1
624 623 1
723 623 1
633 623 1
614 624 1
524 624 1
623 624 1
625 624 1
724 624 1
634 624 1
615 625 1
525 625 1
624 625 1
626 625 1
725 625 1
635 625 1
616 626 1
526 626 1
625 626 1
627 626 1
726 626 1
636 626 1
617 627 1
527 627 1
626 627 1
628 627 1
727 627 1
637 627 1
618 628 1
528 628 1
627 628 1
629 628 1
728 628 1
638 628 1
639 629 1
619 629 1
529 629 1
628 629 1
729 629 1
640 630 1
620 630 1
530 630 1
631 630 1
730 630 1
641 631 1
621 631 1
531 631 1
630 631 1
632 631 1
731 631 1
642 632 1
622 632 1
532 632 1
631 632 1
633 632 1
732 632 1
643 633 1
623 633 1
533 633 1
632 633 1
634 633 1
733 633 1
644 634 1
624 634 1
534 634 1
633 634 1
635 634 1
734 634 1
735 635 1
645 635 1
625 635 1
535 635 1
634 635 1
636 635 1
736 636 1
646 636 1
626 636 1
536 636 1
635 636 1
637 636 1
737 637 1
647 637 1
627 637 1
537 637 1
636 637 1
638 637 1
639 638 1
738 638 1
648 638 1
628 638 1
538 638 1
637 638 1
739 639 1
649 639 1
629 639 1
539 639 1
638 639 1
641 640 1
740 640 1
650 640 1
630 640 1
540 640 1
640 641 1
642 641 1
741 641 1
651 641 1
631 641 1
541 641 1
641 642 1
643 642 1
742 642 1
652 642 1
632 642 1
542 642 1
543 643 1
642 643 1
644 643 1
743 643 1
653 643 1
633 643 1
544 644 1
643 644 1
645 644 1
744 644 1
654 644 1
634 644 1
545 645 1
644 645 1
646 645 1
745 645 1
655 645 1
635 645 1
546 646 1
645 646 1
647 646 1
746 646 1
656 646 1
636 646 1
547 647 1
646 647 1
648 647 1
747 647 1
657 647 1
637 647 1
548 648 1
647 648 1
649 648 1
748 648 1
658 648 1
638 648 1
639 649 1
549 649 1
648 649 1
749 649 1
659 649 1
640 650 1
550 650 1
651 650 1
750 650 1
660 650 1
641 651 1
551 651 1
650 651 1
652 651 1
751 651 1
661 651 1
642 652 1
552 652 1
651 652 1
653 652 1
752 652 1
662 652 1
643 653 1
553 653 1
652 653 1
654 653 1
753 653 1
663 653 1
644 654 1
554 654 1
653 654 1
655 654 1
754 654 1
664 654 1
645 655 1
555 655 1
654 655 1
656 655 1
755 655 1
665 655 1
646 656 1
556 656 1
655 656 1
657 656 1
756 656 1
666 656 1
647 657 1
557 657 1
656 657 1
658 657 1
757 657 1
667 657 1
648 658 1
558 658 1
657 658 1
659 658 1
758 658 1
668 658 1
649 659 1
559 659 1
658 659 1
759 659 1
669 659 1
650 660 1
560 660 1
661 660 1
760 660 1
670 660 1
671 661 1
651 661 1
561 661 1
660 661 1
662 661 1
761 661 1
672 662 1
652 662 1
562 662 1
661 662 1
663 662 1
762 662 1
673 663 1
653 663 1
563 663 1
662 663 1
664 663 1
763 663 1
674 664 1
654 664 1
564 664 1
663 664 1
665 664 1
764 664 1
675 665 1
655 665 1
565 665 1
664 665 1
666 665 1
765 665 1
676 666 1
656 666 1
566 666 1
665 666 1
667 666 1
766 666 1
767 667 1
677 667 1
657 667 1
567 667 1
666 667 1
668 667 1
768 668 1
678 668 1
658 668 1
568 668 1
667 668 1
669 668 1
769 669 1
679 669 1
659 669 1
569 669 1
668 669 1
671 670 1
770 670 1
680 670 1
660 670 1
570 670 1
672 671 1
771 671 1
681 671 1
661 671 1
571 671 1
670 671 1
671 672 1
673 672 1
772 672 1
682 672 1
662 672 1
572 672 1
672 673 1
674 673 1
773 673 1
683 673 1
663 673 1
573 673 1
673 674 1
675 674 1
774 674 1
684 674 1
664 674 1
574 674 1
575 675 1
674 675 1
676 675 1
775 675 1
685 675 1
665 675 1
576 676 1
675 676 1
677 676 1
776 676 1
686 676 1
666 676 1
577 677 1
676 677 1
678 677 1
777 677 1
687 677 1
667 677 1
578 678 1
677 678 1
679 678 1
778 678 1
688 678 1
668 678 1
579 679 1
678 679 1
779 679 1
689 679 1
669 679 1
580 680 1
681 680 1
780 680 1
690 680 1
670 680 1
671 681 1
581 681 1
680 681 1
682 681 1
781 681 1
691 681 1
672 682 1
582 682 1
681 682 1
683 682 1
782 682 1
692 682 1
673 683 1
583 683 1
682 683 1
684 683 1
783 683 1
693 683 1
674 684 1
584 684 1
683 684 1
685 684 1
784 684 1
694 684 1
675 685 1
585 685 1
684 685 1
686 685 1
785 685 1
695 685 1
676 686 1
586 686 1
685 686 1
687 686 1
786 686 1
696 686 1
677 687 1
587 687 1
686 687 1
688 687 1
787 687 1
697 687 1
678 688 1
588 688 1
687 688 1
689 688 1
788 688 1
698 688 1
679 689 1
589 689 1
688 689 1
789 689 1
699 689 1
680 690 1
691 690 1
790 690 1
590 690 1
681 691 1
591 691 1
690 691 1
692 691 1
791 691 1
682 692 1
592 692 1
691 692 1
693 692 1
792 692 1
683 693 1
593 693 1
692 693 1
694 693 1
793 693 1
684 694 1
594 694 1
693 694 1
695 694 1
794 694 1
685 695 1
595 695 1
694 695 1
696 695 1
795 695 1
686 696 1
596 696 1
695 696 1
697 696 1
796 696 1
687 697 1
597 697 1
696 697 1
698 697 1
797 697 1
688 698 1
598 698 1
697 698 1
699 698 1
798 698 1
599 699 1
799 699 1
689 699 1
698 699 1
600 700 1
800 700 1
701 700 1
710 700 1
801 701 1
711 701 1
601 701 1
700 701 1
702 701 1
703 702 1
802 702 1
712 702 1
602 702 1
701 702 1
704 703 1
803 703 1
713 703 1
603 703 1
702 703 1
703 704 1
705 704 1
804 704 1
714 704 1
604 704 1
704 705 1
706 705 1
805 705 1
715 705 1
605 705 1
705 706 1
707 706 1
806 706 1
716 706 1
606 706 1
607 707 1
706 707 1
708 707 1
807 707 1
717 707 1
608 708 1
707 708 1
709 708 1
808 708 1
718 708 1
719 709 1
609 709 1
809 709 1
708 709 1
610 710 1
711 710 1
810 710 1
720 710 1
700 710 1
611 711 1
710 711 1
712 711 1
811 711 1
721 711 1
701 711 1
612 712 1
711 712 1
713 712 1
812 712 1
722 712 1
702 712 1
703 713 1
613 713 1
712 713 1
714 713 1
813 713 1
723 713 1
704 714 1
614 714 1
713 714 1
715 714 1
814 714 1
724 714 1
705 715 1
615 715 1
714 715 1
716 715 1
815 715 1
725 715 1
706 716 1
616 716 1
715 716 1
717 716 1
816 716 1
726 716 1
707 717 1
617 717 1
716 717 1
718 717 1
817 717 1
727 717 1
708 718 1
618 718 1
717 718 1
719 718 1
818 718 1
728 718 1
709 719 1
619 719 1
718 719 1
819 719 1
729 719 1
710 720 1
620 720 1
721 720 1
820 720 1
730 720 1
711 721 1
621 721 1
720 721 1
722 721 1
821 721 1
731 721 1
712 722 1
622 722 1
721 722 1
723 722 1
822 722 1
732 722 1
713 723 1
623 723 1
722 723 1
724 723 1
823 723 1
733 723 1
714 724 1
624 724 1
723 724 1
725 724 1
824 724 1
734 724 1
735 725 1
715 725 1
625 725 1
724 725 1
726 725 1
825 725 1
736 726 1
716 726 1
626 726 1
725 726 1
727 726 1
826 726 1
737 727 1
717 727 1
627 727 1
726 727 1
728 727 1
827 727 1
738 728 1
718 728 1
628 728 1
727 728 1
729 728 1
828 728 1
739 729 1
719 729 1
629 729 1
728 729 1
829 729 1
740 730 1
720 730 1
630 730 1
731 730 1
830 730 1
831 731 1
741 731 1
721 731 1
631 731 1
730 731 1
732 731 1
832 732 1
742 732 1
722 732 1
632 732 1
731 732 1
733 732 1
833 733 1
743 733 1
723 733 1
633 733 1
732 733 1
734 733 1
735 734 1
834 734 1
744 734 1
724 734 1
634 734 1
733 734 1
736 735 1
835 735 1
745 735 1
725 735 1
635 735 1
734 735 1
735 736 1
737 736 1
836 736 1
746 736 1
726 736 1
636 736 1
736 737 1
738 737 1
837 737 1
747 737 1
727 737 1
637 737 1
737 738 1
739 738 1
838 738 1
748 738 1
728 738 1
638 738 1
639 739 1
738 739 1
839 739 1
749 739 1
729 739 1
640 740 1
741 740 1
840 740 1
750 740 1
730 740 1
641 741 1
740 741 1
742 741 1
841 741 1
751 741 1
731 741 1
642 742 1
741 742 1
743 742 1
842 742 1
752 742 1
732 742 1
643 743 1
742 743 1
744 743 1
843 743 1
753 743 1
733 743 1
644 744 1
743 744 1
745 744 1
844 744 1
754 744 1
734 744 1
735 745 1
645 745 1
744 745 1
746 745 1
845 745 1
755 745 1
736 746 1
646 746 1
745 746 1
747 746 1
846 746 1
756 746 1
737 747 1
647 747 1
746 747 1
748 747 1
847 747 1
757 747 1
738 748 1
648 748 1
747 748 1
749 748 1
848 748 1
758 748 1
739 749 1
649 749 1
748 749 1
849 749 1
759 749 1
740 750 1
650 750 1
751 750 1
850 750 1
760 750 1
741 751 1
651 751 1
750 751 1
752 751 1
851 751 1
761 751 1
742 752 1
652 752 1
751 752 1
753 752 1
852 752 1
762 752 1
743 753 1
653 753 1
752 753 1
754 753 1
853 753 1
763 753 1
744 754 1
654 754 1
753 754 1
755 754 1
854 754 1
764 754 1
745 755 1
655 755 1
754 755 1
756 755 1
855 755 1
765 755 1
746 756 1
656 756 1
755 756 1
757 756 1
856 756 1
766 756 1
767 757 1
747 757 1
657 757 1
756 757 1
758 757 1
857 757 1
768 758 1
748 758 1
658 758 1
757 758 1
759 758 1
858 758 1
769 759 1
749 759 1
659 759 1
758 759 1
859 759 1
770 760 1
750 760 1
660 760 1
761 760 1
860 760 1
771 761 1
751 761 1
661 761 1
760 761 1
762 761 1
861 761 1
772 762 1
752 762 1
662 762 1
761 762 1
763 762 1
862 762 1
863 763 1
773 763 1
753 763 1
663 763 1
762 763 1
764 763 1
864 764 1
774 764 1
754 764 1
664 764 1
763 764 1
765 764 1
865 765 1
775 765 1
755 765 1
665 765 1
764 765 1
766 765 1
767 766 1
866 766 1
776 766 1
756 766 1
666 766 1
765 766 1
768 767 1
867 767 1
777 767 1
757 767 1
667 767 1
766 767 1
767 768 1
769 768 1
868 768 1
778 768 1
758 768 1
668 768 1
768 769 1
869 769 1
779 769 1
759 769 1
669 769 1
771 770 1
870 770 1
780 770 1
760 770 1
670 770 1
671 771 1
770 771 1
772 771 1
871 771 1
781 771 1
761 771 1
672 772 1
771 772 1
773 772 1
872 772 1
782 772 1
762 772 1
673 773 1
772 773 1
774 773 1
873 773 1
783 773 1
763 773 1
674 774 1
773 774 1
775 774 1
874 774 1
784 774 1
764 774 1
675 775 1
774 775 1
776 775 1
875 775 1
785 775 1
765 775 1
676 776 1
775 776 1
777 776 1
876 776 1
786 776 1
766 776 1
767 777 1
677 777 1
776 777 1
778 777 1
877 777 1
787 777 1
768 778 1
678 778 1
777 778 1
779 778 1
878 778 1
788 778 1
769 779 1
679 779 1
778 779 1
879 779 1
789 779 1
770 780 1
680 780 1
781 780 1
880 780 1
790 780 1
771 781 1
681 781 1
780 781 1
782 781 1
881 781 1
791 781 1
772 782 1
682 782 1
781 782 1
783 782 1
882 782 1
792 782 1
773 783 1
683 783 1
782 783 1
784 783 1
883 783 1
793 783 1
774 784 1
684 784 1
783 784 1
785 784 1
884 784 1
794 784 1
775 785 1
685 785 1
784 785 1
786 785 1
885 785 1
795 785 1
776 786 1
686 786 1
785 786 1
787 786 1
886 786 1
796 786 1
777 787 1
687 787 1
786 787 1
788 787 1
887 787 1
797 787 1
778 788 1
688 788 1
787 788 1
789 788 1
888 788 1
798 788 1
799 789 1
779 789 1
689 789 1
788 789 1
889 789 1
791 790 1
890 790 1
690 790 1
780 790 1
781 791 1
691 791 1
790 791 1
792 791 1
891 791 1
782 792 1
692 792 1
791 792 1
793 792 1
892 792 1
783 793 1
693 793 1
792 793 1
794 793 1
893 793 1
784 794 1
694 794 1
793 794 1
795 794 1
894 794 1
895 795 1
785 795 1
695 795 1
794 795 1
796 795 1
896 796 1
786 796 1
696 796 1
795 796 1
797 796 1
897 797 1
787 797 1
697 797 1
796 797 1
798 797 1
799 798 1
898 798 1
788 798 1
698 798 1
797 798 1
899 799 1
699 799 1
789 799 1
798 799 1
801 800 1
810 800 1
700 800 1
900 800 1
800 801 1
802 801 1
901 801 1
811 801 1
701 801 1
801 802 1
803 802 1
902 802 1
812 802 1
702 802 1
703 803 1
802 803 1
804 803 1
903 803 1
813 803 1
704 804 1
803 804 1
805 804 1
904 804 1
814 804 1
705 805 1
804 805 1
806 805 1
905 805 1
815 805 1
706 806 1
805 806 1
807 806 1
906 806 1
816 806 1
707 807 1
806 807 1
808 807 1
907 807 1
817 807 1
708 808 1
807 808 1
809 808 1
908 808 1
818 808 1
808 809 1
909 809 1
819 809 1
709 809 1
800 810 1
710 810 1
811 810 1
910 810 1
820 810 1
801 811 1
711 811 1
810 811 1
812 811 1
911 811 1
821 811 1
802 812 1
712 812 1
811 812 1
813 812 1
912 812 1
822 812 1
803 813 1
713 813 1
812 813 1
814 813 1
913 813 1
823 813 1
804 814 1
714 814 1
813 814 1
815 814 1
914 814 1
824 814 1
805 815 1
715 815 1
814 815 1
816 815 1
915 815 1
825 815 1
806 816 1
716 816 1
815 816 1
817 816 1
916 816 1
826 816 1
807 817 1
717 817 1
816 817 1
818 817 1
917 817 1
827 817 1
808 818 1
718 818 1
817 818 1
819 818 1
918 818 1
828 818 1
809 819 1
719 819 1
818 819 1
919 819 1
829 819 1
810 820 1
720 820 1
821 820 1
920 820 1
830 820 1
831 821 1
811 821 1
721 821 1
820 821 1
822 821 1
921 821 1
832 822 1
812 822 1
722 822 1
821 822 1
823 822 1
922 822 1
833 823 1
813 823 1
723 823 1
822 823 1
824 823 1
923 823 1
834 824 1
814 824 1
724 824 1
823 824 1
825 824 1
924 824 1
835 825 1
815 825 1
725 825 1
824 825 1
826 825 1
925 825 1
836 826 1
816 826 1
726 826 1
825 826 1
827 826 1
926 826 1
927 827 1
837 827 1
817 827 1
727 827 1
826 827 1
828 827 1
928 828 1
838 828 1
818 828 1
728 828 1
827 828 1
829 828 1
929 829 1
839 829 1
819 829 1
729 829 1
828 829 1
831 830 1
930 830 1
840 830 1
820 830 1
730 830 1
832 831 1
931 831 1
841 831 1
821 831 1
731 831 1
830 831 1
831 832 1
833 832 1
932 832 1
842 832 1
822 832 1
732 832 1
832 833 1
834 833 1
933 833 1
843 833 1
823 833 1
733 833 1
833 834 1
835 834 1
934 834 1
844 834 1
824 834 1
734 834 1
735 835 1
834 835 1
836 835 1
935 835 1
845 835 1
825 835 1
736 836 1
835 836 1
837 836 1
936 836 1
846 836 1
826 836 1
737 837 1
836 837 1
838 837 1
937 837 1
847 837 1
827 837 1
738 838 1
837 838 1
839 838 1
938 838 1
848 838 1
828 838 1
739 839 1
838 839 1
939 839 1
849 839 1
829 839 1
740 840 1
841 840 1
940 840 1
850 840 1
830 840 1
831 841 1
741 841 1
840 841 1
842 841 1
941 841 1
851 841 1
832 842 1
742 842 1
841 842 1
843 842 1
942 842 1
852 842 1
833 843 1
743 843 1
842 843 1
844 843 1
943 843 1
853 843 1
834 844 1
744 844 1
843 844 1
845 844 1
944 844 1
854 844 1
835 845 1
745 845 1
844 845 1
846 845 1
945 845 1
855 845 1
836 846 1
746 846 1
845 846 1
847 846 1
946 846 1
856 846 1
837 847 1
747 847 1
846 847 1
848 847 1
947 847 1
857 847 1
838 848 1
748 848 1
847 848 1
849 848 1
948 848 1
858 848 1
839 849 1
749 849 1
848 849 1
949 849 1
859 849 1
840 850 1
750 850 1
851 850 1
950 850 1
860 850 1
841 851 1
751 851 1
850 851 1
852 851 1
951 851 1
861 851 1
842 852 1
752 852 1
851 852 1
853 852 1
952 852 1
862 852 1
863 853 1
843 853 1
753 853 1
852 853 1
854 853 1
953 853 1
864 854 1
844 854 1
754 854 1
853 854 1
855 854 1
954 854 1
865 855 1
845 855 1
755 855 1
854 855 1
856 855 1
955 855 1
866 856 1
846 856 1
756 856 1
855 856 1
857 856 1
956 856 1
867 857 1
847 857 1
757 857 1
856 857 1
858 857 1
957 857 1
868 858 1
848 858 1
758 858 1
857 858 1
859 858 1
958 858 1
959 859 1
869 859 1
849 859 1
759 859 1
858 859 1
960 860 1
870 860 1
850 860 1
760 860 1
861 860 1
961 861 1
871 861 1
851 861 1
761 861 1
860 861 1
862 861 1
863 862 1
962 862 1
872 862 1
852 862 1
762 862 1
861 862 1
864 863 1
963 863 1
873 863 1
853 863 1
763 863 1
862 863 1
863 864 1
865 864 1
964 864 1
874 864 1
854 864 1
764 864 1
864 865 1
866 865 1
965 865 1
875 865 1
855 865 1
765 865 1
865 866 1
867 866 1
966 866 1
876 866 1
856 866 1
766 866 1
767 867 1
866 867 1
868 867 1
967 867 1
877 867 1
857 867 1
768 868 1
867 868 1
869 868 1
968 868 1
878 868 1
858 868 1
769 869 1
868 869 1
969 869 1
879 869 1
859 869 1
770 870 1
871 870 1
970 870 1
880 870 1
860 870 1
771 871 1
870 871 1
872 871 1
971 871 1
881 871 1
861 871 1
772 872 1
871 872 1
873 872 1
972 872 1
882 872 1
862 872 1
863 873 1
773 873 1
872 873 1
874 873 1
973 873 1
883 873 1
864 874 1
774 874 1
873 874 1
875 874 1
974 874 1
884 874 1
865 875 1
775 875 1
874 875 1
876 875 1
975 875 1
885 875 1
866 876 1
776 876 1
875 876 1
877 876 1
976 876 1
886 876 1
867 877 1
777 877 1
876 877 1
878 877 1
977 877 1
887 877 1
868 878 1
778 878 1
877 878 1
879 878 1
978 878 1
888 878 1
869 879 1
779 879 1
878 879 1
979 879 1
889 879 1
870 880 1
780 880 1
881 880 1
980 880 1
890 880 1
871 881 1
781 881 1
880 881 1
882 881 1
981 881 1
891 881 1
872 882 1
782 882 1
881 882 1
883 882 1
982 882 1
892 882 1
873 883 1
783 883 1
882 883 1
884 883 1
983 883 1
893 883 1
874 884 1
784 884 1
883 884 1
885 884 1
984 884 1
894 884 1
895 885 1
875 885 1
785 885 1
884 885 1
886 885 1
985 885 1
896 886 1
876 886 1
786 886 1
885 886 1
887 886 1
986 886 1
897 887 1
877 887 1
787 887 1
886 887 1
888 887 1
987 887 1
898 888 1
878 888 1
788 888 1
887 888 1
889 888 1
988 888 1
899 889 1
879 889 1
789 889 1
888 889 1
989 889 1
880 890 1
990 890 1
891 890 1
790 890 1
991 891 1
881 891 1
791 891 1
890 891 1
892 891 1
992 892 1
882 892 1
792 892 1
891 892 1
893 892 1
993 893 1
883 893 1
793 893 1
892 893 1
894 893 1
895 894 1
994 894 1
884 894 1
794 894 1
893 894 1
896 895 1
995 895 1
885 895 1
795 895 1
894 895 1
895 896 1
897 896 1
996 896 1
886 896 1
796 896 1
896 897 1
898 897 1
997 897 1
887 897 1
797 897 1
897 898 1
899 898 1
998 898 1
888 898 1
798 898 1
799 899 1
999 899 1
889 899 1
898 899 1
800 900 1
901 900 1
910 900 1
911 901 1
801 901 1
900 901 1
902 901 1
903 902 1
912 902 1
802 902 1
901 902 1
904 903 1
913 903 1
803 903 1
902 903 1
903 904 1
905 904 1
914 904 1
804 904 1
904 905 1
906 905 1
915 905 1
805 905 1
905 906 1
907 906 1
916 906 1
806 906 1
807 907 1
906 907 1
908 907 1
917 907 1
808 908 1
907 908 1
909 908 1
918 908 1
919 909 1
809 909 1
908 909 1
911 910 1
920 910 1
810 910 1
900 910 1
901 911 1
811 911 1
910 911 1
912 911 1
921 911 1
902 912 1
812 912 1
911 912 1
913 912 1
922 912 1
903 913 1
813 913 1
912 913 1
914 913 1
923 913 1
904 914 1
814 914 1
913 914 1
915 914 1
924 914 1
905 915 1
815 915 1
914 915 1
916 915 1
925 915 1
906 916 1
816 916 1
915 916 1
917 916 1
926 916 1
927 917 1
907 917 1
817 917 1
916 917 1
918 917 1
928 918 1
908 918 1
818 918 1
917 918 1
919 918 1
929 919 1
819 919 1
909 919 1
918 919 1
921 920 1
930 920 1
820 920 1
910 920 1
931 921 1
911 921 1
821 921 1
920 921 1
922 921 1
932 922 1
912 922 1
822 922 1
921 922 1
923 922 1
933 923 1
913 923 1
823 923 1
922 923 1
924 923 1
934 924 1
914 924 1
824 924 1
923 924 1
925 924 1
935 925 1
915 925 1
825 925 1
924 925 1
926 925 1
927 926 1
936 926 1
916 926 1
826 926 1
925 926 1
928 927 1
937 927 1
917 927 1
827 927 1
926 927 1
927 928 1
929 928 1
938 928 1
918 928 1
828 928 1
919 929 1
928 929 1
939 929 1
829 929 1
920 930 1
931 930 1
940 930 1
830 930 1
831 931 1
930 931 1
932 931 1
941 931 1
921 931 1
832 932 1
931 932 1
933 932 1
942 932 1
922 932 1
833 933 1
932 933 1
934 933 1
943 933 1
923 933 1
834 934 1
933 934 1
935 934 1
944 934 1
924 934 1
835 935 1
934 935 1
936 935 1
945 935 1
925 935 1
836 936 1
935 936 1
937 936 1
946 936 1
926 936 1
927 937 1
837 937 1
936 937 1
938 937 1
947 937 1
928 938 1
838 938 1
937 938 1
939 938 1
948 938 1
839 939 1
929 939 1
938 939 1
949 939 1
840 940 1
930 940 1
941 940 1
950 940 1
931 941 1
841 941 1
940 941 1
942 941 1
951 941 1
932 942 1
842 942 1
941 942 1
943 942 1
952 942 1
933 943 1
843 943 1
942 943 1
944 943 1
953 943 1
934 944 1
844 944 1
943 944 1
945 944 1
954 944 1
935 945 1
845 945 1
944 945 1
946 945 1
955 945 1
936 946 1
846 946 1
945 946 1
947 946 1
956 946 1
937 947 1
847 947 1
946 947 1
948 947 1
957 947 1
938 948 1
848 948 1
947 948 1
949 948 1
958 948 1
959 949 1
849 949 1
939 949 1
948 949 1
951 950 1
960 950 1
850 950 1
940 950 1
961 951 1
941 951 1
851 951 1
950 951 1
952 951 1
962 952 1
942 952 1
852 952 1
951 952 1
953 952 1
963 953 1
943 953 1
853 953 1
952 953 1
954 953 1
964 954 1
944 954 1
854 954 1
953 954 1
955 954 1
965 955 1
945 955 1
855 955 1
954 955 1
956 955 1
966 956 1
946 956 1
856 956 1
955 956 1
957 956 1
967 957 1
947 957 1
857 957 1
956 957 1
958 957 1
959 958 1
968 958 1
948 958 1
858 958 1
957 958 1
969 959 1
859 959 1
949 959 1
958 959 1
961 960 1
970 960 1
860 960 1
950 960 1
960 961 1
962 961 1
971 961 1
951 961 1
861 961 1
961 962 1
963 962 1
972 962 1
952 962 1
862 962 1
863 963 1
962 963 1
964 963 1
973 963 1
953 963 1
864 964 1
963 964 1
965 964 1
974 964 1
954 964 1
865 965 1
964 965 1
966 965 1
975 965 1
955 965 1
866 966 1
965 966 1
967 966 1
976 966 1
956 966 1
867 967 1
966 967 1
968 967 1
977 967 1
957 967 1
868 968 1
967 968 1
969 968 1
978 968 1
958 968 1
959 969 1
968 969 1
979 969 1
869 969 1
960 970 1
971 970 1
980 970 1
870 970 1
961 971 1
871 971 1
970 971 1
972 971 1
981 971 1
962 972 1
872 972 1
971 972 1
973 972 1
982 972 1
963 973 1
873 973 1
972 973 1
974 973 1
983 973 1
964 974 1
874 974 1
973 974 1
975 974 1
984 974 1
965 975 1
875 975 1
974 975 1
976 975 1
985 975 1
966 976 1
876 976 1
975 976 1
977 976 1
986 976 1
967 977 1
877 977 1
976 977 1
978 977 1
987 977 1
968 978 1
878 978 1
977 978 1
979 978 1
988 978 1
879 979 1
969 979 1
978 979 1
989 979 1
880 980 1
970 980 1
981 980 1
990 980 1
991 981 1
971 981 1
881 981 1
980 981 1
982 981 1
992 982 1
972 982 1
882 982 1
981 982 1
983 982 1
993 983 1
973 983 1
883 983 1
982 983 1
984 983 1
994 984 1
974 984 1
884 984 1
983 984 1
985 984 1
995 985 1
975 985 1
885 985 1
984 985 1
986 985 1
996 986 1
976 986 1
886 986 1
985 986 1
987 986 1
997 987 1
977 987 1
887 987 1
986 987 1
988 987 1
998 988 1
978 988 1
888 988 1
987 988 1
989 988 1
999 989 1
889 989 1
979 989 1
988 989 1
991 990 1
890 990 1
980 990 1
992 991 1
891 991 1
981 991 1
990 991 1
991 992 1
993 992 1
892 992 1
982 992 1
983 993 1
992 993 1
994 993 1
893 993 1
984 994 1
993 994 1
995 994 1
894 994 1
895 995 1
985 995 1
994 995 1
996 995 1
896 996 1
986 996 1
995 996 1
997 996 1
897 997 1
987 997 1
996 997 1
998 997 1
999 998 1
898 998 1
988 998 1
997 998 1
899 999 1
989 999 1
998 999 1
