0 0 -1
1210 0 -1
2420 0 -1
0 1 1
1 1 -1
1211 1 -1
2421 1 -1
1 2 1
2 2 -1
1212 2 -1
2422 2 -1
2 3 1
3 3 -1
1213 3 -1
2423 3 -1
3 4 1
4 4 -1
1214 4 -1
2424 4 -1
4 5 1
5 5 -1
1215 5 -1
2425 5 -1
5 6 1
6 6 -1
1216 6 -1
2426 6 -1
6 7 1
7 7 -1
1217 7 -1
2427 7 -1
7 8 1
8 8 -1
1218 8 -1
2428 8 -1
8 9 1
9 9 -1
1219 9 -1
2429 9 -1
9 10 1
1220 10 -1
2430 10 -1
10 11 -1
1210 11 1
1221 11 -1
2431 11 -1
10 12 1
11 12 -1
1211 12 1
1222 12 -1
2432 12 -1
11 13 1
12 13 -1
1212 13 1
1223 13 -1
2433 13 -1
12 14 1
13 14 -1
1213 14 1
1224 14 -1
2434 14 -1
13 15 1
14 15 -1
1214 15 1
1225 15 -1
2435 15 -1
14 16 1
15 16 -1
1215 16 1
1226 16 -1
2436 16 -1
15 17 1
16 17 -1
1216 17 1
1227 17 -1
2437 17 -1
16 18 1
17 18 -1
1217 18 1
1228 18 -1
2438 18 -1
17 19 1
18 19 -1
1218 19 1
1229 19 -1
2439 19 -1
18 20 1
19 20 -1
1219 20 1
1230 20 -1
2440 20 -1
19 21 1
1220 21 1
1231 21 -1
2441 21 -1
20 22 -1
1221 22 1
1232 22 -1
2442 22 -1
20 23 1
21 23 -1
1222 23 1
1233 23 -1
2443 23 -1
21 24 1
22 24 -1
1223 24 1
1234 24 -1
2444 24 -1
22 25 1
23 25 -1
1224 25 1
1235 25 -1
2445 25 -1
23 26 1
24 26 -1
1225 26 1
1236 26 -1
2446 26 -1
24 27 1
25 27 -1
1226 27 1
1237 27 -1
2447 27 -1
25 28 1
26 28 -1
1227 28 1
1238 28 -1
2448 28 -1
26 29 1
27 29 -1
1228 29 1
1239 29 -1
2449 29 -1
27 30 1
28 30 -1
1229 30 1
1240 30 -1
2450 30 -1
28 31 1
29 31 -1
1230 31 1
1241 31 -1
2451 31 -1
29 32 1
1231 32 1
1242 32 -1
2452 32 -1
30 33 -1
1232 33 1
1243 33 -1
2453 33 -1
30 34 1
31 34 -1
1233 34 1
1244 34 -1
2454 34 -1
31 35 1
32 35 -1
1234 35 1
1245 35 -1
2455 35 -1
32 36 1
33 36 -1
1235 36 1
1246 36 -1
2456 36 -1
33 37 1
34 37 -1
1236 37 1
1247 37 -1
2457 37 -1
34 38 1
35 38 -1
1237 38 1
1248 38 -1
2458 38 -1
35 39 1
36 39 -1
1238 39 1
1249 39 -1
2459 39 -1
36 40 1
37 40 -1
1239 40 1
1250 40 -1
2460 40 -1
37 41 1
38 41 -1
1240 41 1
1251 41 -1
2461 41 -1
38 42 1
39 42 -1
1241 42 1
1252 42 -1
2462 42 -1
39 43 1
1242 43 1
1253 43 -1
2463 43 -1
40 44 -1
1243 44 1
1254 44 -1
2464 44 -1
40 45 1
41 45 -1
1244 45 1
1255 45 -1
2465 45 -1
41 46 1
42 46 -1
1245 46 1
1256 46 -1
2466 46 -1
42 47 1
43 47 -1
1246 47 1
1257 47 -1
2467 47 -1
43 48 1
44 48 -1
1247 48 1
1258 48 -1
2468 48 -1
44 49 1
45 49 -1
1248 49 1
1259 49 -1
2469 49 -1
45 50 1
46 50 -1
1249 50 1
1260 50 -1
2470 50 -1
46 51 1
47 51 -1
1250 51 1
1261 51 -1
2471 51 -1
47 52 1
48 52 -1
1251 52 1
1262 52 -1
2472 52 -1
48 53 1
49 53 -1
1252 53 1
1263 53 -1
2473 53 -1
49 54 1
1253 54 1
1264 54 -1
2474 54 -1
50 55 -1
1254 55 1
1265 55 -1
2475 55 -1
50 56 1
51 56 -1
1255 56 1
1266 56 -1
2476 56 -1
51 57 1
52 57 -1
1256 57 1
1267 57 -1
2477 57 -1
52 58 1
53 58 -1
1257 58 1
1268 58 -1
2478 58 -1
53 59 1
54 59 -1
1258 59 1
1269 59 -1
2479 59 -1
54 60 1
55 60 -1
1259 60 1
1270 60 -1
2480 60 -1
55 61 1
56 61 -1
1260 61 1
1271 61 -1
2481 61 -1
56 62 1
57 62 -1
1261 62 1
1272 62 -1
2482 62 -1
57 63 1
58 63 -1
1262 63 1
1273 63 -1
2483 63 -1
58 64 1
59 64 -1
1263 64 1
1274 64 -1
2484 64 -1
59 65 1
1264 65 1
1275 65 -1
2485 65 -1
60 66 -1
1265 66 1
1276 66 -1
2486 66 -1
60 67 1
61 67 -1
1266 67 1
1277 67 -1
2487 67 -1
61 68 1
62 68 -1
1267 68 1
1278 68 -1
2488 68 -1
62 69 1
63 69 -1
1268 69 1
1279 69 -1
2489 69 -1
63 70 1
64 70 -1
1269 70 1
1280 70 -1
2490 70 -1
64 71 1
65 71 -1
1270 71 1
1281 71 -1
2491 71 -1
65 72 1
66 72 -1
1271 72 1
1282 72 -1
2492 72 -1
66 73 1
67 73 -1
1272 73 1
1283 73 -1
2493 73 -1
67 74 1
68 74 -1
1273 74 1
1284 74 -1
2494 74 -1
68 75 1
69 75 -1
1274 75 1
1285 75 -1
2495 75 -1
69 76 1
1275 76 1
1286 76 -1
2496 76 -1
70 77 -1
1276 77 1
1287 77 -1
2497 77 -1
70 78 1
71 78 -1
1277 78 1
1288 78 -1
2498 78 -1
71 79 1
72 79 -1
1278 79 1
1289 79 -1
2499 79 -1
72 80 1
73 80 -1
1279 80 1
1290 80 -1
2500 80 -1
73 81 1
74 81 -1
1280 81 1
1291 81 -1
2501 81 -1
74 82 1
75 82 -1
1281 82 1
1292 82 -1
2502 82 -1
75 83 1
76 83 -1
1282 83 1
1293 83 -1
2503 83 -1
76 84 1
77 84 -1
1283 84 1
1294 84 -1
2504 84 -1
77 85 1
78 85 -1
1284 85 1
1295 85 -1
2505 85 -1
78 86 1
79 86 -1
1285 86 1
1296 86 -1
2506 86 -1
79 87 1
1286 87 1
1297 87 -1
2507 87 -1
80 88 -1
1287 88 1
1298 88 -1
2508 88 -1
80 89 1
81 89 -1
1288 89 1
1299 89 -1
2509 89 -1
81 90 1
82 90 -1
1289 90 1
1300 90 -1
2510 90 -1
82 91 1
83 91 -1
1290 91 1
1301 91 -1
2511 91 -1
83 92 1
84 92 -1
1291 92 1
1302 92 -1
2512 92 -1
84 93 1
85 93 -1
1292 93 1
1303 93 -1
2513 93 -1
85 94 1
86 94 -1
1293 94 1
1304 94 -1
2514 94 -1
86 95 1
87 95 -1
1294 95 1
1305 95 -1
2515 95 -1
87 96 1
88 96 -1
1295 96 1
1306 96 -1
2516 96 -1
88 97 1
89 97 -1
1296 97 1
1307 97 -1
2517 97 -1
89 98 1
1297 98 1
1308 98 -1
2518 98 -1
90 99 -1
1298 99 1
1309 99 -1
2519 99 -1
90 100 1
91 100 -1
1299 100 1
1310 100 -1
2520 100 -1
91 101 1
92 101 -1
1300 101 1
1311 101 -1
2521 101 -1
92 102 1
93 102 -1
1301 102 1
1312 102 -1
2522 102 -1
93 103 1
94 103 -1
1302 103 1
1313 103 -1
2523 103 -1
94 104 1
95 104 -1
1303 104 1
1314 104 -1
2524 104 -1
95 105 1
96 105 -1
1304 105 1
1315 105 -1
2525 105 -1
96 106 1
97 106 -1
1305 106 1
1316 106 -1
2526 106 -1
97 107 1
98 107 -1
1306 107 1
1317 107 -1
2527 107 -1
98 108 1
99 108 -1
1307 108 1
1318 108 -1
2528 108 -1
99 109 1
1308 109 1
1319 109 -1
2529 109 -1
100 110 -1
1309 110 1
2530 110 -1
100 111 1
101 111 -1
1310 111 1
2531 111 -1
101 112 1
102 112 -1
1311 112 1
2532 112 -1
102 113 1
103 113 -1
1312 113 1
2533 113 -1
103 114 1
104 114 -1
1313 114 1
2534 114 -1
104 115 1
105 115 -1
1314 115 1
2535 115 -1
105 116 1
106 116 -1
1315 116 1
2536 116 -1
106 117 1
107 117 -1
1316 117 1
2537 117 -1
107 118 1
108 118 -1
1317 118 1
2538 118 -1
108 119 1
109 119 -1
1318 119 1
2539 119 -1
109 120 1
1319 120 1
2540 120 -1
110 121 -1
1320 121 -1
2420 121 1
2541 121 -1
110 122 1
111 122 -1
1321 122 -1
2421 122 1
2542 122 -1
111 123 1
112 123 -1
1322 123 -1
2422 123 1
2543 123 -1
112 124 1
113 124 -1
1323 124 -1
2423 124 1
2544 124 -1
113 125 1
114 125 -1
1324 125 -1
2424 125 1
2545 125 -1
114 126 1
115 126 -1
1325 126 -1
2425 126 1
2546 126 -1
115 127 1
116 127 -1
1326 127 -1
2426 127 1
2547 127 -1
116 128 1
117 128 -1
1327 128 -1
2427 128 1
2548 128 -1
117 129 1
118 129 -1
1328 129 -1
2428 129 1
2549 129 -1
118 130 1
119 130 -1
1329 130 -1
2429 130 1
2550 130 -1
119 131 1
1330 131 -1
2430 131 1
2551 131 -1
120 132 -1
1320 132 1
1331 132 -1
2431 132 1
2552 132 -1
120 133 1
121 133 -1
1321 133 1
1332 133 -1
2432 133 1
2553 133 -1
121 134 1
122 134 -1
1322 134 1
1333 134 -1
2433 134 1
2554 134 -1
122 135 1
123 135 -1
1323 135 1
1334 135 -1
2434 135 1
2555 135 -1
123 136 1
124 136 -1
1324 136 1
1335 136 -1
2435 136 1
2556 136 -1
124 137 1
125 137 -1
1325 137 1
1336 137 -1
2436 137 1
2557 137 -1
125 138 1
126 138 -1
1326 138 1
1337 138 -1
2437 138 1
2558 138 -1
126 139 1
127 139 -1
1327 139 1
1338 139 -1
2438 139 1
2559 139 -1
127 140 1
128 140 -1
1328 140 1
1339 140 -1
2439 140 1
2560 140 -1
128 141 1
129 141 -1
1329 141 1
1340 141 -1
2440 141 1
2561 141 -1
129 142 1
1330 142 1
1341 142 -1
2441 142 1
2562 142 -1
130 143 -1
1331 143 1
1342 143 -1
2442 143 1
2563 143 -1
130 144 1
131 144 -1
1332 144 1
1343 144 -1
2443 144 1
2564 144 -1
131 145 1
132 145 -1
1333 145 1
1344 145 -1
2444 145 1
2565 145 -1
132 146 1
133 146 -1
1334 146 1
1345 146 -1
2445 146 1
2566 146 -1
133 147 1
134 147 -1
1335 147 1
1346 147 -1
2446 147 1
2567 147 -1
134 148 1
135 148 -1
1336 148 1
1347 148 -1
2447 148 1
2568 148 -1
135 149 1
136 149 -1
1337 149 1
1348 149 -1
2448 149 1
2569 149 -1
136 150 1
137 150 -1
1338 150 1
1349 150 -1
2449 150 1
2570 150 -1
137 151 1
138 151 -1
1339 151 1
1350 151 -1
2450 151 1
2571 151 -1
138 152 1
139 152 -1
1340 152 1
1351 152 -1
2451 152 1
2572 152 -1
139 153 1
1341 153 1
1352 153 -1
2452 153 1
2573 153 -1
140 154 -1
1342 154 1
1353 154 -1
2453 154 1
2574 154 -1
140 155 1
141 155 -1
1343 155 1
1354 155 -1
2454 155 1
2575 155 -1
141 156 1
142 156 -1
1344 156 1
1355 156 -1
2455 156 1
2576 156 -1
142 157 1
143 157 -1
1345 157 1
1356 157 -1
2456 157 1
2577 157 -1
143 158 1
144 158 -1
1346 158 1
1357 158 -1
2457 158 1
2578 158 -1
144 159 1
145 159 -1
1347 159 1
1358 159 -1
2458 159 1
2579 159 -1
145 160 1
146 160 -1
1348 160 1
1359 160 -1
2459 160 1
2580 160 -1
146 161 1
147 161 -1
1349 161 1
1360 161 -1
2460 161 1
2581 161 -1
147 162 1
148 162 -1
1350 162 1
1361 162 -1
2461 162 1
2582 162 -1
148 163 1
149 163 -1
1351 163 1
1362 163 -1
2462 163 1
2583 163 -1
149 164 1
1352 164 1
1363 164 -1
2463 164 1
2584 164 -1
150 165 -1
1353 165 1
1364 165 -1
2464 165 1
2585 165 -1
150 166 1
151 166 -1
1354 166 1
1365 166 -1
2465 166 1
2586 166 -1
151 167 1
152 167 -1
1355 167 1
1366 167 -1
2466 167 1
2587 167 -1
152 168 1
153 168 -1
1356 168 1
1367 168 -1
2467 168 1
2588 168 -1
153 169 1
154 169 -1
1357 169 1
1368 169 -1
2468 169 1
2589 169 -1
154 170 1
155 170 -1
1358 170 1
1369 170 -1
2469 170 1
2590 170 -1
155 171 1
156 171 -1
1359 171 1
1370 171 -1
2470 171 1
2591 171 -1
156 172 1
157 172 -1
1360 172 1
1371 172 -1
2471 172 1
2592 172 -1
157 173 1
158 173 -1
1361 173 1
1372 173 -1
2472 173 1
2593 173 -1
158 174 1
159 174 -1
1362 174 1
1373 174 -1
2473 174 1
2594 174 -1
159 175 1
1363 175 1
1374 175 -1
2474 175 1
2595 175 -1
160 176 -1
1364 176 1
1375 176 -1
2475 176 1
2596 176 -1
160 177 1
161 177 -1
1365 177 1
1376 177 -1
2476 177 1
2597 177 -1
161 178 1
162 178 -1
1366 178 1
1377 178 -1
2477 178 1
2598 178 -1
162 179 1
163 179 -1
1367 179 1
1378 179 -1
2478 179 1
2599 179 -1
163 180 1
164 180 -1
1368 180 1
1379 180 -1
2479 180 1
2600 180 -1
164 181 1
165 181 -1
1369 181 1
1380 181 -1
2480 181 1
2601 181 -1
165 182 1
166 182 -1
1370 182 1
1381 182 -1
2481 182 1
2602 182 -1
166 183 1
167 183 -1
1371 183 1
1382 183 -1
2482 183 1
2603 183 -1
167 184 1
168 184 -1
1372 184 1
1383 184 -1
2483 184 1
2604 184 -1
168 185 1
169 185 -1
1373 185 1
1384 185 -1
2484 185 1
2605 185 -1
169 186 1
1374 186 1
1385 186 -1
2485 186 1
2606 186 -1
170 187 -1
1375 187 1
1386 187 -1
2486 187 1
2607 187 -1
170 188 1
171 188 -1
1376 188 1
1387 188 -1
2487 188 1
2608 188 -1
171 189 1
172 189 -1
1377 189 1
1388 189 -1
2488 189 1
2609 189 -1
172 190 1
173 190 -1
1378 190 1
1389 190 -1
2489 190 1
2610 190 -1
173 191 1
174 191 -1
1379 191 1
1390 191 -1
2490 191 1
2611 191 -1
174 192 1
175 192 -1
1380 192 1
1391 192 -1
2491 192 1
2612 192 -1
175 193 1
176 193 -1
1381 193 1
1392 193 -1
2492 193 1
2613 193 -1
176 194 1
177 194 -1
1382 194 1
1393 194 -1
2493 194 1
2614 194 -1
177 195 1
178 195 -1
1383 195 1
1394 195 -1
2494 195 1
2615 195 -1
178 196 1
179 196 -1
1384 196 1
1395 196 -1
2495 196 1
2616 196 -1
179 197 1
1385 197 1
1396 197 -1
2496 197 1
2617 197 -1
180 198 -1
1386 198 1
1397 198 -1
2497 198 1
2618 198 -1
180 199 1
181 199 -1
1387 199 1
1398 199 -1
2498 199 1
2619 199 -1
181 200 1
182 200 -1
1388 200 1
1399 200 -1
2499 200 1
2620 200 -1
182 201 1
183 201 -1
1389 201 1
1400 201 -1
2500 201 1
2621 201 -1
183 202 1
184 202 -1
1390 202 1
1401 202 -1
2501 202 1
2622 202 -1
184 203 1
185 203 -1
1391 203 1
1402 203 -1
2502 203 1
2623 203 -1
185 204 1
186 204 -1
1392 204 1
1403 204 -1
2503 204 1
2624 204 -1
186 205 1
187 205 -1
1393 205 1
1404 205 -1
2504 205 1
2625 205 -1
187 206 1
188 206 -1
1394 206 1
1405 206 -1
2505 206 1
2626 206 -1
188 207 1
189 207 -1
1395 207 1
1406 207 -1
2506 207 1
2627 207 -1
189 208 1
1396 208 1
1407 208 -1
2507 208 1
2628 208 -1
190 209 -1
1397 209 1
1408 209 -1
2508 209 1
2629 209 -1
190 210 1
191 210 -1
1398 210 1
1409 210 -1
2509 210 1
2630 210 -1
191 211 1
192 211 -1
1399 211 1
1410 211 -1
2510 211 1
2631 211 -1
192 212 1
193 212 -1
1400 212 1
1411 212 -1
2511 212 1
2632 212 -1
193 213 1
194 213 -1
1401 213 1
1412 213 -1
2512 213 1
2633 213 -1
194 214 1
195 214 -1
1402 214 1
1413 214 -1
2513 214 1
2634 214 -1
195 215 1
196 215 -1
1403 215 1
1414 215 -1
2514 215 1
2635 215 -1
196 216 1
197 216 -1
1404 216 1
1415 216 -1
2515 216 1
2636 216 -1
197 217 1
198 217 -1
1405 217 1
1416 217 -1
2516 217 1
2637 217 -1
198 218 1
199 218 -1
1406 218 1
1417 218 -1
2517 218 1
2638 218 -1
199 219 1
1407 219 1
1418 219 -1
2518 219 1
2639 219 -1
200 220 -1
1408 220 1
1419 220 -1
2519 220 1
2640 220 -1
200 221 1
201 221 -1
1409 221 1
1420 221 -1
2520 221 1
2641 221 -1
201 222 1
202 222 -1
1410 222 1
1421 222 -1
2521 222 1
2642 222 -1
202 223 1
203 223 -1
1411 223 1
1422 223 -1
2522 223 1
2643 223 -1
203 224 1
204 224 -1
1412 224 1
1423 224 -1
2523 224 1
2644 224 -1
204 225 1
205 225 -1
1413 225 1
1424 225 -1
2524 225 1
2645 225 -1
205 226 1
206 226 -1
1414 226 1
1425 226 -1
2525 226 1
2646 226 -1
206 227 1
207 227 -1
1415 227 1
1426 227 -1
2526 227 1
2647 227 -1
207 228 1
208 228 -1
1416 228 1
1427 228 -1
2527 228 1
2648 228 -1
208 229 1
209 229 -1
1417 229 1
1428 229 -1
2528 229 1
2649 229 -1
209 230 1
1418 230 1
1429 230 -1
2529 230 1
2650 230 -1
210 231 -1
1419 231 1
2530 231 1
2651 231 -1
210 232 1
211 232 -1
1420 232 1
2531 232 1
2652 232 -1
211 233 1
212 233 -1
1421 233 1
2532 233 1
2653 233 -1
212 234 1
213 234 -1
1422 234 1
2533 234 1
2654 234 -1
213 235 1
214 235 -1
1423 235 1
2534 235 1
2655 235 -1
214 236 1
215 236 -1
1424 236 1
2535 236 1
2656 236 -1
215 237 1
216 237 -1
1425 237 1
2536 237 1
2657 237 -1
216 238 1
217 238 -1
1426 238 1
2537 238 1
2658 238 -1
217 239 1
218 239 -1
1427 239 1
2538 239 1
2659 239 -1
218 240 1
219 240 -1
1428 240 1
2539 240 1
2660 240 -1
219 241 1
1429 241 1
2540 241 1
2661 241 -1
220 242 -1
1430 242 -1
2541 242 1
2662 242 -1
220 243 1
221 243 -1
1431 243 -1
2542 243 1
2663 243 -1
221 244 1
222 244 -1
1432 244 -1
2543 244 1
2664 244 -1
222 245 1
223 245 -1
1433 245 -1
2544 245 1
2665 245 -1
223 246 1
224 246 -1
1434 246 -1
2545 246 1
2666 246 -1
224 247 1
225 247 -1
1435 247 -1
2546 247 1
2667 247 -1
225 248 1
226 248 -1
1436 248 -1
2547 248 1
2668 248 -1
226 249 1
227 249 -1
1437 249 -1
2548 249 1
2669 249 -1
227 250 1
228 250 -1
1438 250 -1
2549 250 1
2670 250 -1
228 251 1
229 251 -1
1439 251 -1
2550 251 1
2671 251 -1
229 252 1
1440 252 -1
2551 252 1
2672 252 -1
230 253 -1
1430 253 1
1441 253 -1
2552 253 1
2673 253 -1
230 254 1
231 254 -1
1431 254 1
1442 254 -1
2553 254 1
2674 254 -1
231 255 1
232 255 -1
1432 255 1
1443 255 -1
2554 255 1
2675 255 -1
232 256 1
233 256 -1
1433 256 1
1444 256 -1
2555 256 1
2676 256 -1
233 257 1
234 257 -1
1434 257 1
1445 257 -1
2556 257 1
2677 257 -1
234 258 1
235 258 -1
1435 258 1
1446 258 -1
2557 258 1
2678 258 -1
235 259 1
236 259 -1
1436 259 1
1447 259 -1
2558 259 1
2679 259 -1
236 260 1
237 260 -1
1437 260 1
1448 260 -1
2559 260 1
2680 260 -1
237 261 1
238 261 -1
1438 261 1
1449 261 -1
2560 261 1
2681 261 -1
238 262 1
239 262 -1
1439 262 1
1450 262 -1
2561 262 1
2682 262 -1
239 263 1
1440 263 1
1451 263 -1
2562 263 1
2683 263 -1
240 264 -1
1441 264 1
1452 264 -1
2563 264 1
2684 264 -1
240 265 1
241 265 -1
1442 265 1
1453 265 -1
2564 265 1
2685 265 -1
241 266 1
242 266 -1
1443 266 1
1454 266 -1
2565 266 1
2686 266 -1
242 267 1
243 267 -1
1444 267 1
1455 267 -1
2566 267 1
2687 267 -1
243 268 1
244 268 -1
1445 268 1
1456 268 -1
2567 268 1
2688 268 -1
244 269 1
245 269 -1
1446 269 1
1457 269 -1
2568 269 1
2689 269 -1
245 270 1
246 270 -1
1447 270 1
1458 270 -1
2569 270 1
2690 270 -1
246 271 1
247 271 -1
1448 271 1
1459 271 -1
2570 271 1
2691 271 -1
247 272 1
248 272 -1
1449 272 1
1460 272 -1
2571 272 1
2692 272 -1
248 273 1
249 273 -1
1450 273 1
1461 273 -1
2572 273 1
2693 273 -1
249 274 1
1451 274 1
1462 274 -1
2573 274 1
2694 274 -1
250 275 -1
1452 275 1
1463 275 -1
2574 275 1
2695 275 -1
250 276 1
251 276 -1
1453 276 1
1464 276 -1
2575 276 1
2696 276 -1
251 277 1
252 277 -1
1454 277 1
1465 277 -1
2576 277 1
2697 277 -1
252 278 1
253 278 -1
1455 278 1
1466 278 -1
2577 278 1
2698 278 -1
253 279 1
254 279 -1
1456 279 1
1467 279 -1
2578 279 1
2699 279 -1
254 280 1
255 280 -1
1457 280 1
1468 280 -1
2579 280 1
2700 280 -1
255 281 1
256 281 -1
1458 281 1
1469 281 -1
2580 281 1
2701 281 -1
256 282 1
257 282 -1
1459 282 1
1470 282 -1
2581 282 1
2702 282 -1
257 283 1
258 283 -1
1460 283 1
1471 283 -1
2582 283 1
2703 283 -1
258 284 1
259 284 -1
1461 284 1
1472 284 -1
2583 284 1
2704 284 -1
259 285 1
1462 285 1
1473 285 -1
2584 285 1
2705 285 -1
260 286 -1
1463 286 1
1474 286 -1
2585 286 1
2706 286 -1
260 287 1
261 287 -1
1464 287 1
1475 287 -1
2586 287 1
2707 287 -1
261 288 1
262 288 -1
1465 288 1
1476 288 -1
2587 288 1
2708 288 -1
262 289 1
263 289 -1
1466 289 1
1477 289 -1
2588 289 1
2709 289 -1
263 290 1
264 290 -1
1467 290 1
1478 290 -1
2589 290 1
2710 290 -1
264 291 1
265 291 -1
1468 291 1
1479 291 -1
2590 291 1
2711 291 -1
265 292 1
266 292 -1
1469 292 1
1480 292 -1
2591 292 1
2712 292 -1
266 293 1
267 293 -1
1470 293 1
1481 293 -1
2592 293 1
2713 293 -1
267 294 1
268 294 -1
1471 294 1
1482 294 -1
2593 294 1
2714 294 -1
268 295 1
269 295 -1
1472 295 1
1483 295 -1
2594 295 1
2715 295 -1
269 296 1
1473 296 1
1484 296 -1
2595 296 1
2716 296 -1
270 297 -1
1474 297 1
1485 297 -1
2596 297 1
2717 297 -1
270 298 1
271 298 -1
1475 298 1
1486 298 -1
2597 298 1
2718 298 -1
271 299 1
272 299 -1
1476 299 1
1487 299 -1
2598 299 1
2719 299 -1
272 300 1
273 300 -1
1477 300 1
1488 300 -1
2599 300 1
2720 300 -1
273 301 1
274 301 -1
1478 301 1
1489 301 -1
2600 301 1
2721 301 -1
274 302 1
275 302 -1
1479 302 1
1490 302 -1
2601 302 1
2722 302 -1
275 303 1
276 303 -1
1480 303 1
1491 303 -1
2602 303 1
2723 303 -1
276 304 1
277 304 -1
1481 304 1
1492 304 -1
2603 304 1
2724 304 -1
277 305 1
278 305 -1
1482 305 1
1493 305 -1
2604 305 1
2725 305 -1
278 306 1
279 306 -1
1483 306 1
1494 306 -1
2605 306 1
2726 306 -1
279 307 1
1484 307 1
1495 307 -1
2606 307 1
2727 307 -1
280 308 -1
1485 308 1
1496 308 -1
2607 308 1
2728 308 -1
280 309 1
281 309 -1
1486 309 1
1497 309 -1
2608 309 1
2729 309 -1
281 310 1
282 310 -1
1487 310 1
1498 310 -1
2609 310 1
2730 310 -1
282 311 1
283 311 -1
1488 311 1
1499 311 -1
2610 311 1
2731 311 -1
283 312 1
284 312 -1
1489 312 1
1500 312 -1
2611 312 1
2732 312 -1
284 313 1
285 313 -1
1490 313 1
1501 313 -1
2612 313 1
2733 313 -1
285 314 1
286 314 -1
1491 314 1
1502 314 -1
2613 314 1
2734 314 -1
286 315 1
287 315 -1
1492 315 1
1503 315 -1
2614 315 1
2735 315 -1
287 316 1
288 316 -1
1493 316 1
1504 316 -1
2615 316 1
2736 316 -1
288 317 1
289 317 -1
1494 317 1
1505 317 -1
2616 317 1
2737 317 -1
289 318 1
1495 318 1
1506 318 -1
2617 318 1
2738 318 -1
290 319 -1
1496 319 1
1507 319 -1
2618 319 1
2739 319 -1
290 320 1
291 320 -1
1497 320 1
1508 320 -1
2619 320 1
2740 320 -1
291 321 1
292 321 -1
1498 321 1
1509 321 -1
2620 321 1
2741 321 -1
292 322 1
293 322 -1
1499 322 1
1510 322 -1
2621 322 1
2742 322 -1
293 323 1
294 323 -1
1500 323 1
1511 323 -1
2622 323 1
2743 323 -1
294 324 1
295 324 -1
1501 324 1
1512 324 -1
2623 324 1
2744 324 -1
295 325 1
296 325 -1
1502 325 1
1513 325 -1
2624 325 1
2745 325 -1
296 326 1
297 326 -1
1503 326 1
1514 326 -1
2625 326 1
2746 326 -1
297 327 1
298 327 -1
1504 327 1
1515 327 -1
2626 327 1
2747 327 -1
298 328 1
299 328 -1
1505 328 1
1516 328 -1
2627 328 1
2748 328 -1
299 329 1
1506 329 1
1517 329 -1
2628 329 1
2749 329 -1
300 330 -1
1507 330 1
1518 330 -1
2629 330 1
2750 330 -1
300 331 1
301 331 -1
1508 331 1
1519 331 -1
2630 331 1
2751 331 -1
301 332 1
302 332 -1
1509 332 1
1520 332 -1
2631 332 1
2752 332 -1
302 333 1
303 333 -1
1510 333 1
1521 333 -1
2632 333 1
2753 333 -1
303 334 1
304 334 -1
1511 334 1
1522 334 -1
2633 334 1
2754 334 -1
304 335 1
305 335 -1
1512 335 1
1523 335 -1
2634 335 1
2755 335 -1
305 336 1
306 336 -1
1513 336 1
1524 336 -1
2635 336 1
2756 336 -1
306 337 1
307 337 -1
1514 337 1
1525 337 -1
2636 337 1
2757 337 -1
307 338 1
308 338 -1
1515 338 1
1526 338 -1
2637 338 1
2758 338 -1
308 339 1
309 339 -1
1516 339 1
1527 339 -1
2638 339 1
2759 339 -1
309 340 1
1517 340 1
1528 340 -1
2639 340 1
2760 340 -1
310 341 -1
1518 341 1
1529 341 -1
2640 341 1
2761 341 -1
310 342 1
311 342 -1
1519 342 1
1530 342 -1
2641 342 1
2762 342 -1
311 343 1
312 343 -1
1520 343 1
1531 343 -1
2642 343 1
2763 343 -1
312 344 1
313 344 -1
1521 344 1
1532 344 -1
2643 344 1
2764 344 -1
313 345 1
314 345 -1
1522 345 1
1533 345 -1
2644 345 1
2765 345 -1
314 346 1
315 346 -1
1523 346 1
1534 346 -1
2645 346 1
2766 346 -1
315 347 1
316 347 -1
1524 347 1
1535 347 -1
2646 347 1
2767 347 -1
316 348 1
317 348 -1
1525 348 1
1536 348 -1
2647 348 1
2768 348 -1
317 349 1
318 349 -1
1526 349 1
1537 349 -1
2648 349 1
2769 349 -1
318 350 1
319 350 -1
1527 350 1
1538 350 -1
2649 350 1
2770 350 -1
319 351 1
1528 351 1
1539 351 -1
2650 351 1
2771 351 -1
320 352 -1
1529 352 1
2651 352 1
2772 352 -1
320 353 1
321 353 -1
1530 353 1
2652 353 1
2773 353 -1
321 354 1
322 354 -1
1531 354 1
2653 354 1
2774 354 -1
322 355 1
323 355 -1
1532 355 1
2654 355 1
2775 355 -1
323 356 1
324 356 -1
1533 356 1
2655 356 1
2776 356 -1
324 357 1
325 357 -1
1534 357 1
2656 357 1
2777 357 -1
325 358 1
326 358 -1
1535 358 1
2657 358 1
2778 358 -1
326 359 1
327 359 -1
1536 359 1
2658 359 1
2779 359 -1
327 360 1
328 360 -1
1537 360 1
2659 360 1
2780 360 -1
328 361 1
329 361 -1
1538 361 1
2660 361 1
2781 361 -1
329 362 1
1539 362 1
2661 362 1
2782 362 -1
330 363 -1
1540 363 -1
2662 363 1
2783 363 -1
330 364 1
331 364 -1
1541 364 -1
2663 364 1
2784 364 -1
331 365 1
332 365 -1
1542 365 -1
2664 365 1
2785 365 -1
332 366 1
333 366 -1
1543 366 -1
2665 366 1
2786 366 -1
333 367 1
334 367 -1
1544 367 -1
2666 367 1
2787 367 -1
334 368 1
335 368 -1
1545 368 -1
2667 368 1
2788 368 -1
335 369 1
336 369 -1
1546 369 -1
2668 369 1
2789 369 -1
336 370 1
337 370 -1
1547 370 -1
2669 370 1
2790 370 -1
337 371 1
338 371 -1
1548 371 -1
2670 371 1
2791 371 -1
338 372 1
339 372 -1
1549 372 -1
2671 372 1
2792 372 -1
339 373 1
1550 373 -1
2672 373 1
2793 373 -1
340 374 -1
1540 374 1
1551 374 -1
2673 374 1
2794 374 -1
340 375 1
341 375 -1
1541 375 1
1552 375 -1
2674 375 1
2795 375 -1
341 376 1
342 376 -1
1542 376 1
1553 376 -1
2675 376 1
2796 376 -1
342 377 1
343 377 -1
1543 377 1
1554 377 -1
2676 377 1
2797 377 -1
343 378 1
344 378 -1
1544 378 1
1555 378 -1
2677 378 1
2798 378 -1
344 379 1
345 379 -1
1545 379 1
1556 379 -1
2678 379 1
2799 379 -1
345 380 1
346 380 -1
1546 380 1
1557 380 -1
2679 380 1
2800 380 -1
346 381 1
347 381 -1
1547 381 1
1558 381 -1
2680 381 1
2801 381 -1
347 382 1
348 382 -1
1548 382 1
1559 382 -1
2681 382 1
2802 382 -1
348 383 1
349 383 -1
1549 383 1
1560 383 -1
2682 383 1
2803 383 -1
349 384 1
1550 384 1
1561 384 -1
2683 384 1
2804 384 -1
350 385 -1
1551 385 1
1562 385 -1
2684 385 1
2805 385 -1
350 386 1
351 386 -1
1552 386 1
1563 386 -1
2685 386 1
2806 386 -1
351 387 1
352 387 -1
1553 387 1
1564 387 -1
2686 387 1
2807 387 -1
352 388 1
353 388 -1
1554 388 1
1565 388 -1
2687 388 1
2808 388 -1
353 389 1
354 389 -1
1555 389 1
1566 389 -1
2688 389 1
2809 389 -1
354 390 1
355 390 -1
1556 390 1
1567 390 -1
2689 390 1
2810 390 -1
355 391 1
356 391 -1
1557 391 1
1568 391 -1
2690 391 1
2811 391 -1
356 392 1
357 392 -1
1558 392 1
1569 392 -1
2691 392 1
2812 392 -1
357 393 1
358 393 -1
1559 393 1
1570 393 -1
2692 393 1
2813 393 -1
358 394 1
359 394 -1
1560 394 1
1571 394 -1
2693 394 1
2814 394 -1
359 395 1
1561 395 1
1572 395 -1
2694 395 1
2815 395 -1
360 396 -1
1562 396 1
1573 396 -1
2695 396 1
2816 396 -1
360 397 1
361 397 -1
1563 397 1
1574 397 -1
2696 397 1
2817 397 -1
361 398 1
362 398 -1
1564 398 1
1575 398 -1
2697 398 1
2818 398 -1
362 399 1
363 399 -1
1565 399 1
1576 399 -1
2698 399 1
2819 399 -1
363 400 1
364 400 -1
1566 400 1
1577 400 -1
2699 400 1
2820 400 -1
364 401 1
365 401 -1
1567 401 1
1578 401 -1
2700 401 1
2821 401 -1
365 402 1
366 402 -1
1568 402 1
1579 402 -1
2701 402 1
2822 402 -1
366 403 1
367 403 -1
1569 403 1
1580 403 -1
2702 403 1
2823 403 -1
367 404 1
368 404 -1
1570 404 1
1581 404 -1
2703 404 1
2824 404 -1
368 405 1
369 405 -1
1571 405 1
1582 405 -1
2704 405 1
2825 405 -1
369 406 1
1572 406 1
1583 406 -1
2705 406 1
2826 406 -1
370 407 -1
1573 407 1
1584 407 -1
2706 407 1
2827 407 -1
370 408 1
371 408 -1
1574 408 1
1585 408 -1
2707 408 1
2828 408 -1
371 409 1
372 409 -1
1575 409 1
1586 409 -1
2708 409 1
2829 409 -1
372 410 1
373 410 -1
1576 410 1
1587 410 -1
2709 410 1
2830 410 -1
373 411 1
374 411 -1
1577 411 1
1588 411 -1
2710 411 1
2831 411 -1
374 412 1
375 412 -1
1578 412 1
1589 412 -1
2711 412 1
2832 412 -1
375 413 1
376 413 -1
1579 413 1
1590 413 -1
2712 413 1
2833 413 -1
376 414 1
377 414 -1
1580 414 1
1591 414 -1
2713 414 1
2834 414 -1
377 415 1
378 415 -1
1581 415 1
1592 415 -1
2714 415 1
2835 415 -1
378 416 1
379 416 -1
1582 416 1
1593 416 -1
2715 416 1
2836 416 -1
379 417 1
1583 417 1
1594 417 -1
2716 417 1
2837 417 -1
380 418 -1
1584 418 1
1595 418 -1
2717 418 1
2838 418 -1
380 419 1
381 419 -1
1585 419 1
1596 419 -1
2718 419 1
2839 419 -1
381 420 1
382 420 -1
1586 420 1
1597 420 -1
2719 420 1
2840 420 -1
382 421 1
383 421 -1
1587 421 1
1598 421 -1
2720 421 1
2841 421 -1
383 422 1
384 422 -1
1588 422 1
1599 422 -1
2721 422 1
2842 422 -1
384 423 1
385 423 -1
1589 423 1
1600 423 -1
2722 423 1
2843 423 -1
385 424 1
386 424 -1
1590 424 1
1601 424 -1
2723 424 1
2844 424 -1
386 425 1
387 425 -1
1591 425 1
1602 425 -1
2724 425 1
2845 425 -1
387 426 1
388 426 -1
1592 426 1
1603 426 -1
2725 426 1
2846 426 -1
388 427 1
389 427 -1
1593 427 1
1604 427 -1
2726 427 1
2847 427 -1
389 428 1
1594 428 1
1605 428 -1
2727 428 1
2848 428 -1
390 429 -1
1595 429 1
1606 429 -1
2728 429 1
2849 429 -1
390 430 1
391 430 -1
1596 430 1
1607 430 -1
2729 430 1
2850 430 -1
391 431 1
392 431 -1
1597 431 1
1608 431 -1
2730 431 1
2851 431 -1
392 432 1
393 432 -1
1598 432 1
1609 432 -1
2731 432 1
2852 432 -1
393 433 1
394 433 -1
1599 433 1
1610 433 -1
2732 433 1
2853 433 -1
394 434 1
395 434 -1
1600 434 1
1611 434 -1
2733 434 1
2854 434 -1
395 435 1
396 435 -1
1601 435 1
1612 435 -1
2734 435 1
2855 435 -1
396 436 1
397 436 -1
1602 436 1
1613 436 -1
2735 436 1
2856 436 -1
397 437 1
398 437 -1
1603 437 1
1614 437 -1
2736 437 1
2857 437 -1
398 438 1
399 438 -1
1604 438 1
1615 438 -1
2737 438 1
2858 438 -1
399 439 1
1605 439 1
1616 439 -1
2738 439 1
2859 439 -1
400 440 -1
1606 440 1
1617 440 -1
2739 440 1
2860 440 -1
400 441 1
401 441 -1
1607 441 1
1618 441 -1
2740 441 1
2861 441 -1
401 442 1
402 442 -1
1608 442 1
1619 442 -1
2741 442 1
2862 442 -1
402 443 1
403 443 -1
1609 443 1
1620 443 -1
2742 443 1
2863 443 -1
403 444 1
404 444 -1
1610 444 1
1621 444 -1
2743 444 1
2864 444 -1
404 445 1
405 445 -1
1611 445 1
1622 445 -1
2744 445 1
2865 445 -1
405 446 1
406 446 -1
1612 446 1
1623 446 -1
2745 446 1
2866 446 -1
406 447 1
407 447 -1
1613 447 1
1624 447 -1
2746 447 1
2867 447 -1
407 448 1
408 448 -1
1614 448 1
1625 448 -1
2747 448 1
2868 448 -1
408 449 1
409 449 -1
1615 449 1
1626 449 -1
2748 449 1
2869 449 -1
409 450 1
1616 450 1
1627 450 -1
2749 450 1
2870 450 -1
410 451 -1
1617 451 1
1628 451 -1
2750 451 1
2871 451 -1
410 452 1
411 452 -1
1618 452 1
1629 452 -1
2751 452 1
2872 452 -1
411 453 1
412 453 -1
1619 453 1
1630 453 -1
2752 453 1
2873 453 -1
412 454 1
413 454 -1
1620 454 1
1631 454 -1
2753 454 1
2874 454 -1
413 455 1
414 455 -1
1621 455 1
1632 455 -1
2754 455 1
2875 455 -1
414 456 1
415 456 -1
1622 456 1
1633 456 -1
2755 456 1
2876 456 -1
415 457 1
416 457 -1
1623 457 1
1634 457 -1
2756 457 1
2877 457 -1
416 458 1
417 458 -1
1624 458 1
1635 458 -1
2757 458 1
2878 458 -1
417 459 1
418 459 -1
1625 459 1
1636 459 -1
2758 459 1
2879 459 -1
418 460 1
419 460 -1
1626 460 1
1637 460 -1
2759 460 1
2880 460 -1
419 461 1
1627 461 1
1638 461 -1
2760 461 1
2881 461 -1
420 462 -1
1628 462 1
1639 462 -1
2761 462 1
2882 462 -1
420 463 1
421 463 -1
1629 463 1
1640 463 -1
2762 463 1
2883 463 -1
421 464 1
422 464 -1
1630 464 1
1641 464 -1
2763 464 1
2884 464 -1
422 465 1
423 465 -1
1631 465 1
1642 465 -1
2764 465 1
2885 465 -1
423 466 1
424 466 -1
1632 466 1
1643 466 -1
2765 466 1
2886 466 -1
424 467 1
425 467 -1
1633 467 1
1644 467 -1
2766 467 1
2887 467 -1
425 468 1
426 468 -1
1634 468 1
1645 468 -1
2767 468 1
2888 468 -1
426 469 1
427 469 -1
1635 469 1
1646 469 -1
2768 469 1
2889 469 -1
427 470 1
428 470 -1
1636 470 1
1647 470 -1
2769 470 1
2890 470 -1
428 471 1
429 471 -1
1637 471 1
1648 471 -1
2770 471 1
2891 471 -1
429 472 1
1638 472 1
1649 472 -1
2771 472 1
2892 472 -1
430 473 -1
1639 473 1
2772 473 1
2893 473 -1
430 474 1
431 474 -1
1640 474 1
2773 474 1
2894 474 -1
431 475 1
432 475 -1
1641 475 1
2774 475 1
2895 475 -1
432 476 1
433 476 -1
1642 476 1
2775 476 1
2896 476 -1
433 477 1
434 477 -1
1643 477 1
2776 477 1
2897 477 -1
434 478 1
435 478 -1
1644 478 1
2777 478 1
2898 478 -1
435 479 1
436 479 -1
1645 479 1
2778 479 1
2899 479 -1
436 480 1
437 480 -1
1646 480 1
2779 480 1
2900 480 -1
437 481 1
438 481 -1
1647 481 1
2780 481 1
2901 481 -1
438 482 1
439 482 -1
1648 482 1
2781 482 1
2902 482 -1
439 483 1
1649 483 1
2782 483 1
2903 483 -1
440 484 -1
1650 484 -1
2783 484 1
2904 484 -1
440 485 1
441 485 -1
1651 485 -1
2784 485 1
2905 485 -1
441 486 1
442 486 -1
1652 486 -1
2785 486 1
2906 486 -1
442 487 1
443 487 -1
1653 487 -1
2786 487 1
2907 487 -1
443 488 1
444 488 -1
1654 488 -1
2787 488 1
2908 488 -1
444 489 1
445 489 -1
1655 489 -1
2788 489 1
2909 489 -1
445 490 1
446 490 -1
1656 490 -1
2789 490 1
2910 490 -1
446 491 1
447 491 -1
1657 491 -1
2790 491 1
2911 491 -1
447 492 1
448 492 -1
1658 492 -1
2791 492 1
2912 492 -1
448 493 1
449 493 -1
1659 493 -1
2792 493 1
2913 493 -1
449 494 1
1660 494 -1
2793 494 1
2914 494 -1
450 495 -1
1650 495 1
1661 495 -1
2794 495 1
2915 495 -1
450 496 1
451 496 -1
1651 496 1
1662 496 -1
2795 496 1
2916 496 -1
451 497 1
452 497 -1
1652 497 1
1663 497 -1
2796 497 1
2917 497 -1
452 498 1
453 498 -1
1653 498 1
1664 498 -1
2797 498 1
2918 498 -1
453 499 1
454 499 -1
1654 499 1
1665 499 -1
2798 499 1
2919 499 -1
454 500 1
455 500 -1
1655 500 1
1666 500 -1
2799 500 1
2920 500 -1
455 501 1
456 501 -1
1656 501 1
1667 501 -1
2800 501 1
2921 501 -1
456 502 1
457 502 -1
1657 502 1
1668 502 -1
2801 502 1
2922 502 -1
457 503 1
458 503 -1
1658 503 1
1669 503 -1
2802 503 1
2923 503 -1
458 504 1
459 504 -1
1659 504 1
1670 504 -1
2803 504 1
2924 504 -1
459 505 1
1660 505 1
1671 505 -1
2804 505 1
2925 505 -1
460 506 -1
1661 506 1
1672 506 -1
2805 506 1
2926 506 -1
460 507 1
461 507 -1
1662 507 1
1673 507 -1
2806 507 1
2927 507 -1
461 508 1
462 508 -1
1663 508 1
1674 508 -1
2807 508 1
2928 508 -1
462 509 1
463 509 -1
1664 509 1
1675 509 -1
2808 509 1
2929 509 -1
463 510 1
464 510 -1
1665 510 1
1676 510 -1
2809 510 1
2930 510 -1
464 511 1
465 511 -1
1666 511 1
1677 511 -1
2810 511 1
2931 511 -1
465 512 1
466 512 -1
1667 512 1
1678 512 -1
2811 512 1
2932 512 -1
466 513 1
467 513 -1
1668 513 1
1679 513 -1
2812 513 1
2933 513 -1
467 514 1
468 514 -1
1669 514 1
1680 514 -1
2813 514 1
2934 514 -1
468 515 1
469 515 -1
1670 515 1
1681 515 -1
2814 515 1
2935 515 -1
469 516 1
1671 516 1
1682 516 -1
2815 516 1
2936 516 -1
470 517 -1
1672 517 1
1683 517 -1
2816 517 1
2937 517 -1
470 518 1
471 518 -1
1673 518 1
1684 518 -1
2817 518 1
2938 518 -1
471 519 1
472 519 -1
1674 519 1
1685 519 -1
2818 519 1
2939 519 -1
472 520 1
473 520 -1
1675 520 1
1686 520 -1
2819 520 1
2940 520 -1
473 521 1
474 521 -1
1676 521 1
1687 521 -1
2820 521 1
2941 521 -1
474 522 1
475 522 -1
1677 522 1
1688 522 -1
2821 522 1
2942 522 -1
475 523 1
476 523 -1
1678 523 1
1689 523 -1
2822 523 1
2943 523 -1
476 524 1
477 524 -1
1679 524 1
1690 524 -1
2823 524 1
2944 524 -1
477 525 1
478 525 -1
1680 525 1
1691 525 -1
2824 525 1
2945 525 -1
478 526 1
479 526 -1
1681 526 1
1692 526 -1
2825 526 1
2946 526 -1
479 527 1
1682 527 1
1693 527 -1
2826 527 1
2947 527 -1
480 528 -1
1683 528 1
1694 528 -1
2827 528 1
2948 528 -1
480 529 1
481 529 -1
1684 529 1
1695 529 -1
2828 529 1
2949 529 -1
481 530 1
482 530 -1
1685 530 1
1696 530 -1
2829 530 1
2950 530 -1
482 531 1
483 531 -1
1686 531 1
1697 531 -1
2830 531 1
2951 531 -1
483 532 1
484 532 -1
1687 532 1
1698 532 -1
2831 532 1
2952 532 -1
484 533 1
485 533 -1
1688 533 1
1699 533 -1
2832 533 1
2953 533 -1
485 534 1
486 534 -1
1689 534 1
1700 534 -1
2833 534 1
2954 534 -1
486 535 1
487 535 -1
1690 535 1
1701 535 -1
2834 535 1
2955 535 -1
487 536 1
488 536 -1
1691 536 1
1702 536 -1
2835 536 1
2956 536 -1
488 537 1
489 537 -1
1692 537 1
1703 537 -1
2836 537 1
2957 537 -1
489 538 1
1693 538 1
1704 538 -1
2837 538 1
2958 538 -1
490 539 -1
1694 539 1
1705 539 -1
2838 539 1
2959 539 -1
490 540 1
491 540 -1
1695 540 1
1706 540 -1
2839 540 1
2960 540 -1
491 541 1
492 541 -1
1696 541 1
1707 541 -1
2840 541 1
2961 541 -1
492 542 1
493 542 -1
1697 542 1
1708 542 -1
2841 542 1
2962 542 -1
493 543 1
494 543 -1
1698 543 1
1709 543 -1
2842 543 1
2963 543 -1
494 544 1
495 544 -1
1699 544 1
1710 544 -1
2843 544 1
2964 544 -1
495 545 1
496 545 -1
1700 545 1
1711 545 -1
2844 545 1
2965 545 -1
496 546 1
497 546 -1
1701 546 1
1712 546 -1
2845 546 1
2966 546 -1
497 547 1
498 547 -1
1702 547 1
1713 547 -1
2846 547 1
2967 547 -1
498 548 1
499 548 -1
1703 548 1
1714 548 -1
2847 548 1
2968 548 -1
499 549 1
1704 549 1
1715 549 -1
2848 549 1
2969 549 -1
500 550 -1
1705 550 1
1716 550 -1
2849 550 1
2970 550 -1
500 551 1
501 551 -1
1706 551 1
1717 551 -1
2850 551 1
2971 551 -1
501 552 1
502 552 -1
1707 552 1
1718 552 -1
2851 552 1
2972 552 -1
502 553 1
503 553 -1
1708 553 1
1719 553 -1
2852 553 1
2973 553 -1
503 554 1
504 554 -1
1709 554 1
1720 554 -1
2853 554 1
2974 554 -1
504 555 1
505 555 -1
1710 555 1
1721 555 -1
2854 555 1
2975 555 -1
505 556 1
506 556 -1
1711 556 1
1722 556 -1
2855 556 1
2976 556 -1
506 557 1
507 557 -1
1712 557 1
1723 557 -1
2856 557 1
2977 557 -1
507 558 1
508 558 -1
1713 558 1
1724 558 -1
2857 558 1
2978 558 -1
508 559 1
509 559 -1
1714 559 1
1725 559 -1
2858 559 1
2979 559 -1
509 560 1
1715 560 1
1726 560 -1
2859 560 1
2980 560 -1
510 561 -1
1716 561 1
1727 561 -1
2860 561 1
2981 561 -1
510 562 1
511 562 -1
1717 562 1
1728 562 -1
2861 562 1
2982 562 -1
511 563 1
512 563 -1
1718 563 1
1729 563 -1
2862 563 1
2983 563 -1
512 564 1
513 564 -1
1719 564 1
1730 564 -1
2863 564 1
2984 564 -1
513 565 1
514 565 -1
1720 565 1
1731 565 -1
2864 565 1
2985 565 -1
514 566 1
515 566 -1
1721 566 1
1732 566 -1
2865 566 1
2986 566 -1
515 567 1
516 567 -1
1722 567 1
1733 567 -1
2866 567 1
2987 567 -1
516 568 1
517 568 -1
1723 568 1
1734 568 -1
2867 568 1
2988 568 -1
517 569 1
518 569 -1
1724 569 1
1735 569 -1
2868 569 1
2989 569 -1
518 570 1
519 570 -1
1725 570 1
1736 570 -1
2869 570 1
2990 570 -1
519 571 1
1726 571 1
1737 571 -1
2870 571 1
2991 571 -1
520 572 -1
1727 572 1
1738 572 -1
2871 572 1
2992 572 -1
520 573 1
521 573 -1
1728 573 1
1739 573 -1
2872 573 1
2993 573 -1
521 574 1
522 574 -1
1729 574 1
1740 574 -1
2873 574 1
2994 574 -1
522 575 1
523 575 -1
1730 575 1
1741 575 -1
2874 575 1
2995 575 -1
523 576 1
524 576 -1
1731 576 1
1742 576 -1
2875 576 1
2996 576 -1
524 577 1
525 577 -1
1732 577 1
1743 577 -1
2876 577 1
2997 577 -1
525 578 1
526 578 -1
1733 578 1
1744 578 -1
2877 578 1
2998 578 -1
526 579 1
527 579 -1
1734 579 1
1745 579 -1
2878 579 1
2999 579 -1
527 580 1
528 580 -1
1735 580 1
1746 580 -1
2879 580 1
3000 580 -1
528 581 1
529 581 -1
1736 581 1
1747 581 -1
2880 581 1
3001 581 -1
529 582 1
1737 582 1
1748 582 -1
2881 582 1
3002 582 -1
530 583 -1
1738 583 1
1749 583 -1
2882 583 1
3003 583 -1
530 584 1
531 584 -1
1739 584 1
1750 584 -1
2883 584 1
3004 584 -1
531 585 1
532 585 -1
1740 585 1
1751 585 -1
2884 585 1
3005 585 -1
532 586 1
533 586 -1
1741 586 1
1752 586 -1
2885 586 1
3006 586 -1
533 587 1
534 587 -1
1742 587 1
1753 587 -1
2886 587 1
3007 587 -1
534 588 1
535 588 -1
1743 588 1
1754 588 -1
2887 588 1
3008 588 -1
535 589 1
536 589 -1
1744 589 1
1755 589 -1
2888 589 1
3009 589 -1
536 590 1
537 590 -1
1745 590 1
1756 590 -1
2889 590 1
3010 590 -1
537 591 1
538 591 -1
1746 591 1
1757 591 -1
2890 591 1
3011 591 -1
538 592 1
539 592 -1
1747 592 1
1758 592 -1
2891 592 1
3012 592 -1
539 593 1
1748 593 1
1759 593 -1
2892 593 1
3013 593 -1
540 594 -1
1749 594 1
2893 594 1
3014 594 -1
540 595 1
541 595 -1
1750 595 1
2894 595 1
3015 595 -1
541 596 1
542 596 -1
1751 596 1
2895 596 1
3016 596 -1
542 597 1
543 597 -1
1752 597 1
2896 597 1
3017 597 -1
543 598 1
544 598 -1
1753 598 1
2897 598 1
3018 598 -1
544 599 1
545 599 -1
1754 599 1
2898 599 1
3019 599 -1
545 600 1
546 600 -1
1755 600 1
2899 600 1
3020 600 -1
546 601 1
547 601 -1
1756 601 1
2900 601 1
3021 601 -1
547 602 1
548 602 -1
1757 602 1
2901 602 1
3022 602 -1
548 603 1
549 603 -1
1758 603 1
2902 603 1
3023 603 -1
549 604 1
1759 604 1
2903 604 1
3024 604 -1
550 605 -1
1760 605 -1
2904 605 1
3025 605 -1
550 606 1
551 606 -1
1761 606 -1
2905 606 1
3026 606 -1
551 607 1
552 607 -1
1762 607 -1
2906 607 1
3027 607 -1
552 608 1
553 608 -1
1763 608 -1
2907 608 1
3028 608 -1
553 609 1
554 609 -1
1764 609 -1
2908 609 1
3029 609 -1
554 610 1
555 610 -1
1765 610 -1
2909 610 1
3030 610 -1
555 611 1
556 611 -1
1766 611 -1
2910 611 1
3031 611 -1
556 612 1
557 612 -1
1767 612 -1
2911 612 1
3032 612 -1
557 613 1
558 613 -1
1768 613 -1
2912 613 1
3033 613 -1
558 614 1
559 614 -1
1769 614 -1
2913 614 1
3034 614 -1
559 615 1
1770 615 -1
2914 615 1
3035 615 -1
560 616 -1
1760 616 1
1771 616 -1
2915 616 1
3036 616 -1
560 617 1
561 617 -1
1761 617 1
1772 617 -1
2916 617 1
3037 617 -1
561 618 1
562 618 -1
1762 618 1
1773 618 -1
2917 618 1
3038 618 -1
562 619 1
563 619 -1
1763 619 1
1774 619 -1
2918 619 1
3039 619 -1
563 620 1
564 620 -1
1764 620 1
1775 620 -1
2919 620 1
3040 620 -1
564 621 1
565 621 -1
1765 621 1
1776 621 -1
2920 621 1
3041 621 -1
565 622 1
566 622 -1
1766 622 1
1777 622 -1
2921 622 1
3042 622 -1
566 623 1
567 623 -1
1767 623 1
1778 623 -1
2922 623 1
3043 623 -1
567 624 1
568 624 -1
1768 624 1
1779 624 -1
2923 624 1
3044 624 -1
568 625 1
569 625 -1
1769 625 1
1780 625 -1
2924 625 1
3045 625 -1
569 626 1
1770 626 1
1781 626 -1
2925 626 1
3046 626 -1
570 627 -1
1771 627 1
1782 627 -1
2926 627 1
3047 627 -1
570 628 1
571 628 -1
1772 628 1
1783 628 -1
2927 628 1
3048 628 -1
571 629 1
572 629 -1
1773 629 1
1784 629 -1
2928 629 1
3049 629 -1
572 630 1
573 630 -1
1774 630 1
1785 630 -1
2929 630 1
3050 630 -1
573 631 1
574 631 -1
1775 631 1
1786 631 -1
2930 631 1
3051 631 -1
574 632 1
575 632 -1
1776 632 1
1787 632 -1
2931 632 1
3052 632 -1
575 633 1
576 633 -1
1777 633 1
1788 633 -1
2932 633 1
3053 633 -1
576 634 1
577 634 -1
1778 634 1
1789 634 -1
2933 634 1
3054 634 -1
577 635 1
578 635 -1
1779 635 1
1790 635 -1
2934 635 1
3055 635 -1
578 636 1
579 636 -1
1780 636 1
1791 636 -1
2935 636 1
3056 636 -1
579 637 1
1781 637 1
1792 637 -1
2936 637 1
3057 637 -1
580 638 -1
1782 638 1
1793 638 -1
2937 638 1
3058 638 -1
580 639 1
581 639 -1
1783 639 1
1794 639 -1
2938 639 1
3059 639 -1
581 640 1
582 640 -1
1784 640 1
1795 640 -1
2939 640 1
3060 640 -1
582 641 1
583 641 -1
1785 641 1
1796 641 -1
2940 641 1
3061 641 -1
583 642 1
584 642 -1
1786 642 1
1797 642 -1
2941 642 1
3062 642 -1
584 643 1
585 643 -1
1787 643 1
1798 643 -1
2942 643 1
3063 643 -1
585 644 1
586 644 -1
1788 644 1
1799 644 -1
2943 644 1
3064 644 -1
586 645 1
587 645 -1
1789 645 1
1800 645 -1
2944 645 1
3065 645 -1
587 646 1
588 646 -1
1790 646 1
1801 646 -1
2945 646 1
3066 646 -1
588 647 1
589 647 -1
1791 647 1
1802 647 -1
2946 647 1
3067 647 -1
589 648 1
1792 648 1
1803 648 -1
2947 648 1
3068 648 -1
590 649 -1
1793 649 1
1804 649 -1
2948 649 1
3069 649 -1
590 650 1
591 650 -1
1794 650 1
1805 650 -1
2949 650 1
3070 650 -1
591 651 1
592 651 -1
1795 651 1
1806 651 -1
2950 651 1
3071 651 -1
592 652 1
593 652 -1
1796 652 1
1807 652 -1
2951 652 1
3072 652 -1
593 653 1
594 653 -1
1797 653 1
1808 653 -1
2952 653 1
3073 653 -1
594 654 1
595 654 -1
1798 654 1
1809 654 -1
2953 654 1
3074 654 -1
595 655 1
596 655 -1
1799 655 1
1810 655 -1
2954 655 1
3075 655 -1
596 656 1
597 656 -1
1800 656 1
1811 656 -1
2955 656 1
3076 656 -1
597 657 1
598 657 -1
1801 657 1
1812 657 -1
2956 657 1
3077 657 -1
598 658 1
599 658 -1
1802 658 1
1813 658 -1
2957 658 1
3078 658 -1
599 659 1
1803 659 1
1814 659 -1
2958 659 1
3079 659 -1
600 660 -1
1804 660 1
1815 660 -1
2959 660 1
3080 660 -1
600 661 1
601 661 -1
1805 661 1
1816 661 -1
2960 661 1
3081 661 -1
601 662 1
602 662 -1
1806 662 1
1817 662 -1
2961 662 1
3082 662 -1
602 663 1
603 663 -1
1807 663 1
1818 663 -1
2962 663 1
3083 663 -1
603 664 1
604 664 -1
1808 664 1
1819 664 -1
2963 664 1
3084 664 -1
604 665 1
605 665 -1
1809 665 1
1820 665 -1
2964 665 1
3085 665 -1
605 666 1
606 666 -1
1810 666 1
1821 666 -1
2965 666 1
3086 666 -1
606 667 1
607 667 -1
1811 667 1
1822 667 -1
2966 667 1
3087 667 -1
607 668 1
608 668 -1
1812 668 1
1823 668 -1
2967 668 1
3088 668 -1
608 669 1
609 669 -1
1813 669 1
1824 669 -1
2968 669 1
3089 669 -1
609 670 1
1814 670 1
1825 670 -1
2969 670 1
3090 670 -1
610 671 -1
1815 671 1
1826 671 -1
2970 671 1
3091 671 -1
610 672 1
611 672 -1
1816 672 1
1827 672 -1
2971 672 1
3092 672 -1
611 673 1
612 673 -1
1817 673 1
1828 673 -1
2972 673 1
3093 673 -1
612 674 1
613 674 -1
1818 674 1
1829 674 -1
2973 674 1
3094 674 -1
613 675 1
614 675 -1
1819 675 1
1830 675 -1
2974 675 1
3095 675 -1
614 676 1
615 676 -1
1820 676 1
1831 676 -1
2975 676 1
3096 676 -1
615 677 1
616 677 -1
1821 677 1
1832 677 -1
2976 677 1
3097 677 -1
616 678 1
617 678 -1
1822 678 1
1833 678 -1
2977 678 1
3098 678 -1
617 679 1
618 679 -1
1823 679 1
1834 679 -1
2978 679 1
3099 679 -1
618 680 1
619 680 -1
1824 680 1
1835 680 -1
2979 680 1
3100 680 -1
619 681 1
1825 681 1
1836 681 -1
2980 681 1
3101 681 -1
620 682 -1
1826 682 1
1837 682 -1
2981 682 1
3102 682 -1
620 683 1
621 683 -1
1827 683 1
1838 683 -1
2982 683 1
3103 683 -1
621 684 1
622 684 -1
1828 684 1
1839 684 -1
2983 684 1
3104 684 -1
622 685 1
623 685 -1
1829 685 1
1840 685 -1
2984 685 1
3105 685 -1
623 686 1
624 686 -1
1830 686 1
1841 686 -1
2985 686 1
3106 686 -1
624 687 1
625 687 -1
1831 687 1
1842 687 -1
2986 687 1
3107 687 -1
625 688 1
626 688 -1
1832 688 1
1843 688 -1
2987 688 1
3108 688 -1
626 689 1
627 689 -1
1833 689 1
1844 689 -1
2988 689 1
3109 689 -1
627 690 1
628 690 -1
1834 690 1
1845 690 -1
2989 690 1
3110 690 -1
628 691 1
629 691 -1
1835 691 1
1846 691 -1
2990 691 1
3111 691 -1
629 692 1
1836 692 1
1847 692 -1
2991 692 1
3112 692 -1
630 693 -1
1837 693 1
1848 693 -1
2992 693 1
3113 693 -1
630 694 1
631 694 -1
1838 694 1
1849 694 -1
2993 694 1
3114 694 -1
631 695 1
632 695 -1
1839 695 1
1850 695 -1
2994 695 1
3115 695 -1
632 696 1
633 696 -1
1840 696 1
1851 696 -1
2995 696 1
3116 696 -1
633 697 1
634 697 -1
1841 697 1
1852 697 -1
2996 697 1
3117 697 -1
634 698 1
635 698 -1
1842 698 1
1853 698 -1
2997 698 1
3118 698 -1
635 699 1
636 699 -1
1843 699 1
1854 699 -1
2998 699 1
3119 699 -1
636 700 1
637 700 -1
1844 700 1
1855 700 -1
2999 700 1
3120 700 -1
637 701 1
638 701 -1
1845 701 1
1856 701 -1
3000 701 1
3121 701 -1
638 702 1
639 702 -1
1846 702 1
1857 702 -1
3001 702 1
3122 702 -1
639 703 1
1847 703 1
1858 703 -1
3002 703 1
3123 703 -1
640 704 -1
1848 704 1
1859 704 -1
3003 704 1
3124 704 -1
640 705 1
641 705 -1
1849 705 1
1860 705 -1
3004 705 1
3125 705 -1
641 706 1
642 706 -1
1850 706 1
1861 706 -1
3005 706 1
3126 706 -1
642 707 1
643 707 -1
1851 707 1
1862 707 -1
3006 707 1
3127 707 -1
643 708 1
644 708 -1
1852 708 1
1863 708 -1
3007 708 1
3128 708 -1
644 709 1
645 709 -1
1853 709 1
1864 709 -1
3008 709 1
3129 709 -1
645 710 1
646 710 -1
1854 710 1
1865 710 -1
3009 710 1
3130 710 -1
646 711 1
647 711 -1
1855 711 1
1866 711 -1
3010 711 1
3131 711 -1
647 712 1
648 712 -1
1856 712 1
1867 712 -1
3011 712 1
3132 712 -1
648 713 1
649 713 -1
1857 713 1
1868 713 -1
3012 713 1
3133 713 -1
649 714 1
1858 714 1
1869 714 -1
3013 714 1
3134 714 -1
650 715 -1
1859 715 1
3014 715 1
3135 715 -1
650 716 1
651 716 -1
1860 716 1
3015 716 1
3136 716 -1
651 717 1
652 717 -1
1861 717 1
3016 717 1
3137 717 -1
652 718 1
653 718 -1
1862 718 1
3017 718 1
3138 718 -1
653 719 1
654 719 -1
1863 719 1
3018 719 1
3139 719 -1
654 720 1
655 720 -1
1864 720 1
3019 720 1
3140 720 -1
655 721 1
656 721 -1
1865 721 1
3020 721 1
3141 721 -1
656 722 1
657 722 -1
1866 722 1
3021 722 1
3142 722 -1
657 723 1
658 723 -1
1867 723 1
3022 723 1
3143 723 -1
658 724 1
659 724 -1
1868 724 1
3023 724 1
3144 724 -1
659 725 1
1869 725 1
3024 725 1
3145 725 -1
660 726 -1
1870 726 -1
3025 726 1
3146 726 -1
660 727 1
661 727 -1
1871 727 -1
3026 727 1
3147 727 -1
661 728 1
662 728 -1
1872 728 -1
3027 728 1
3148 728 -1
662 729 1
663 729 -1
1873 729 -1
3028 729 1
3149 729 -1
663 730 1
664 730 -1
1874 730 -1
3029 730 1
3150 730 -1
664 731 1
665 731 -1
1875 731 -1
3030 731 1
3151 731 -1
665 732 1
666 732 -1
1876 732 -1
3031 732 1
3152 732 -1
666 733 1
667 733 -1
1877 733 -1
3032 733 1
3153 733 -1
667 734 1
668 734 -1
1878 734 -1
3033 734 1
3154 734 -1
668 735 1
669 735 -1
1879 735 -1
3034 735 1
3155 735 -1
669 736 1
1880 736 -1
3035 736 1
3156 736 -1
670 737 -1
1870 737 1
1881 737 -1
3036 737 1
3157 737 -1
670 738 1
671 738 -1
1871 738 1
1882 738 -1
3037 738 1
3158 738 -1
671 739 1
672 739 -1
1872 739 1
1883 739 -1
3038 739 1
3159 739 -1
672 740 1
673 740 -1
1873 740 1
1884 740 -1
3039 740 1
3160 740 -1
673 741 1
674 741 -1
1874 741 1
1885 741 -1
3040 741 1
3161 741 -1
674 742 1
675 742 -1
1875 742 1
1886 742 -1
3041 742 1
3162 742 -1
675 743 1
676 743 -1
1876 743 1
1887 743 -1
3042 743 1
3163 743 -1
676 744 1
677 744 -1
1877 744 1
1888 744 -1
3043 744 1
3164 744 -1
677 745 1
678 745 -1
1878 745 1
1889 745 -1
3044 745 1
3165 745 -1
678 746 1
679 746 -1
1879 746 1
1890 746 -1
3045 746 1
3166 746 -1
679 747 1
1880 747 1
1891 747 -1
3046 747 1
3167 747 -1
680 748 -1
1881 748 1
1892 748 -1
3047 748 1
3168 748 -1
680 749 1
681 749 -1
1882 749 1
1893 749 -1
3048 749 1
3169 749 -1
681 750 1
682 750 -1
1883 750 1
1894 750 -1
3049 750 1
3170 750 -1
682 751 1
683 751 -1
1884 751 1
1895 751 -1
3050 751 1
3171 751 -1
683 752 1
684 752 -1
1885 752 1
1896 752 -1
3051 752 1
3172 752 -1
684 753 1
685 753 -1
1886 753 1
1897 753 -1
3052 753 1
3173 753 -1
685 754 1
686 754 -1
1887 754 1
1898 754 -1
3053 754 1
3174 754 -1
686 755 1
687 755 -1
1888 755 1
1899 755 -1
3054 755 1
3175 755 -1
687 756 1
688 756 -1
1889 756 1
1900 756 -1
3055 756 1
3176 756 -1
688 757 1
689 757 -1
1890 757 1
1901 757 -1
3056 757 1
3177 757 -1
689 758 1
1891 758 1
1902 758 -1
3057 758 1
3178 758 -1
690 759 -1
1892 759 1
1903 759 -1
3058 759 1
3179 759 -1
690 760 1
691 760 -1
1893 760 1
1904 760 -1
3059 760 1
3180 760 -1
691 761 1
692 761 -1
1894 761 1
1905 761 -1
3060 761 1
3181 761 -1
692 762 1
693 762 -1
1895 762 1
1906 762 -1
3061 762 1
3182 762 -1
693 763 1
694 763 -1
1896 763 1
1907 763 -1
3062 763 1
3183 763 -1
694 764 1
695 764 -1
1897 764 1
1908 764 -1
3063 764 1
3184 764 -1
695 765 1
696 765 -1
1898 765 1
1909 765 -1
3064 765 1
3185 765 -1
696 766 1
697 766 -1
1899 766 1
1910 766 -1
3065 766 1
3186 766 -1
697 767 1
698 767 -1
1900 767 1
1911 767 -1
3066 767 1
3187 767 -1
698 768 1
699 768 -1
1901 768 1
1912 768 -1
3067 768 1
3188 768 -1
699 769 1
1902 769 1
1913 769 -1
3068 769 1
3189 769 -1
700 770 -1
1903 770 1
1914 770 -1
3069 770 1
3190 770 -1
700 771 1
701 771 -1
1904 771 1
1915 771 -1
3070 771 1
3191 771 -1
701 772 1
702 772 -1
1905 772 1
1916 772 -1
3071 772 1
3192 772 -1
702 773 1
703 773 -1
1906 773 1
1917 773 -1
3072 773 1
3193 773 -1
703 774 1
704 774 -1
1907 774 1
1918 774 -1
3073 774 1
3194 774 -1
704 775 1
705 775 -1
1908 775 1
1919 775 -1
3074 775 1
3195 775 -1
705 776 1
706 776 -1
1909 776 1
1920 776 -1
3075 776 1
3196 776 -1
706 777 1
707 777 -1
1910 777 1
1921 777 -1
3076 777 1
3197 777 -1
707 778 1
708 778 -1
1911 778 1
1922 778 -1
3077 778 1
3198 778 -1
708 779 1
709 779 -1
1912 779 1
1923 779 -1
3078 779 1
3199 779 -1
709 780 1
1913 780 1
1924 780 -1
3079 780 1
3200 780 -1
710 781 -1
1914 781 1
1925 781 -1
3080 781 1
3201 781 -1
710 782 1
711 782 -1
1915 782 1
1926 782 -1
3081 782 1
3202 782 -1
711 783 1
712 783 -1
1916 783 1
1927 783 -1
3082 783 1
3203 783 -1
712 784 1
713 784 -1
1917 784 1
1928 784 -1
3083 784 1
3204 784 -1
713 785 1
714 785 -1
1918 785 1
1929 785 -1
3084 785 1
3205 785 -1
714 786 1
715 786 -1
1919 786 1
1930 786 -1
3085 786 1
3206 786 -1
715 787 1
716 787 -1
1920 787 1
1931 787 -1
3086 787 1
3207 787 -1
716 788 1
717 788 -1
1921 788 1
1932 788 -1
3087 788 1
3208 788 -1
717 789 1
718 789 -1
1922 789 1
1933 789 -1
3088 789 1
3209 789 -1
718 790 1
719 790 -1
1923 790 1
1934 790 -1
3089 790 1
3210 790 -1
719 791 1
1924 791 1
1935 791 -1
3090 791 1
3211 791 -1
720 792 -1
1925 792 1
1936 792 -1
3091 792 1
3212 792 -1
720 793 1
721 793 -1
1926 793 1
1937 793 -1
3092 793 1
3213 793 -1
721 794 1
722 794 -1
1927 794 1
1938 794 -1
3093 794 1
3214 794 -1
722 795 1
723 795 -1
1928 795 1
1939 795 -1
3094 795 1
3215 795 -1
723 796 1
724 796 -1
1929 796 1
1940 796 -1
3095 796 1
3216 796 -1
724 797 1
725 797 -1
1930 797 1
1941 797 -1
3096 797 1
3217 797 -1
725 798 1
726 798 -1
1931 798 1
1942 798 -1
3097 798 1
3218 798 -1
726 799 1
727 799 -1
1932 799 1
1943 799 -1
3098 799 1
3219 799 -1
727 800 1
728 800 -1
1933 800 1
1944 800 -1
3099 800 1
3220 800 -1
728 801 1
729 801 -1
1934 801 1
1945 801 -1
3100 801 1
3221 801 -1
729 802 1
1935 802 1
1946 802 -1
3101 802 1
3222 802 -1
730 803 -1
1936 803 1
1947 803 -1
3102 803 1
3223 803 -1
730 804 1
731 804 -1
1937 804 1
1948 804 -1
3103 804 1
3224 804 -1
731 805 1
732 805 -1
1938 805 1
1949 805 -1
3104 805 1
3225 805 -1
732 806 1
733 806 -1
1939 806 1
1950 806 -1
3105 806 1
3226 806 -1
733 807 1
734 807 -1
1940 807 1
1951 807 -1
3106 807 1
3227 807 -1
734 808 1
735 808 -1
1941 808 1
1952 808 -1
3107 808 1
3228 808 -1
735 809 1
736 809 -1
1942 809 1
1953 809 -1
3108 809 1
3229 809 -1
736 810 1
737 810 -1
1943 810 1
1954 810 -1
3109 810 1
3230 810 -1
737 811 1
738 811 -1
1944 811 1
1955 811 -1
3110 811 1
3231 811 -1
738 812 1
739 812 -1
1945 812 1
1956 812 -1
3111 812 1
3232 812 -1
739 813 1
1946 813 1
1957 813 -1
3112 813 1
3233 813 -1
740 814 -1
1947 814 1
1958 814 -1
3113 814 1
3234 814 -1
740 815 1
741 815 -1
1948 815 1
1959 815 -1
3114 815 1
3235 815 -1
741 816 1
742 816 -1
1949 816 1
1960 816 -1
3115 816 1
3236 816 -1
742 817 1
743 817 -1
1950 817 1
1961 817 -1
3116 817 1
3237 817 -1
743 818 1
744 818 -1
1951 818 1
1962 818 -1
3117 818 1
3238 818 -1
744 819 1
745 819 -1
1952 819 1
1963 819 -1
3118 819 1
3239 819 -1
745 820 1
746 820 -1
1953 820 1
1964 820 -1
3119 820 1
3240 820 -1
746 821 1
747 821 -1
1954 821 1
1965 821 -1
3120 821 1
3241 821 -1
747 822 1
748 822 -1
1955 822 1
1966 822 -1
3121 822 1
3242 822 -1
748 823 1
749 823 -1
1956 823 1
1967 823 -1
3122 823 1
3243 823 -1
749 824 1
1957 824 1
1968 824 -1
3123 824 1
3244 824 -1
750 825 -1
1958 825 1
1969 825 -1
3124 825 1
3245 825 -1
750 826 1
751 826 -1
1959 826 1
1970 826 -1
3125 826 1
3246 826 -1
751 827 1
752 827 -1
1960 827 1
1971 827 -1
3126 827 1
3247 827 -1
752 828 1
753 828 -1
1961 828 1
1972 828 -1
3127 828 1
3248 828 -1
753 829 1
754 829 -1
1962 829 1
1973 829 -1
3128 829 1
3249 829 -1
754 830 1
755 830 -1
1963 830 1
1974 830 -1
3129 830 1
3250 830 -1
755 831 1
756 831 -1
1964 831 1
1975 831 -1
3130 831 1
3251 831 -1
756 832 1
757 832 -1
1965 832 1
1976 832 -1
3131 832 1
3252 832 -1
757 833 1
758 833 -1
1966 833 1
1977 833 -1
3132 833 1
3253 833 -1
758 834 1
759 834 -1
1967 834 1
1978 834 -1
3133 834 1
3254 834 -1
759 835 1
1968 835 1
1979 835 -1
3134 835 1
3255 835 -1
760 836 -1
1969 836 1
3135 836 1
3256 836 -1
760 837 1
761 837 -1
1970 837 1
3136 837 1
3257 837 -1
761 838 1
762 838 -1
1971 838 1
3137 838 1
3258 838 -1
762 839 1
763 839 -1
1972 839 1
3138 839 1
3259 839 -1
763 840 1
764 840 -1
1973 840 1
3139 840 1
3260 840 -1
764 841 1
765 841 -1
1974 841 1
3140 841 1
3261 841 -1
765 842 1
766 842 -1
1975 842 1
3141 842 1
3262 842 -1
766 843 1
767 843 -1
1976 843 1
3142 843 1
3263 843 -1
767 844 1
768 844 -1
1977 844 1
3143 844 1
3264 844 -1
768 845 1
769 845 -1
1978 845 1
3144 845 1
3265 845 -1
769 846 1
1979 846 1
3145 846 1
3266 846 -1
770 847 -1
1980 847 -1
3146 847 1
3267 847 -1
770 848 1
771 848 -1
1981 848 -1
3147 848 1
3268 848 -1
771 849 1
772 849 -1
1982 849 -1
3148 849 1
3269 849 -1
772 850 1
773 850 -1
1983 850 -1
3149 850 1
3270 850 -1
773 851 1
774 851 -1
1984 851 -1
3150 851 1
3271 851 -1
774 852 1
775 852 -1
1985 852 -1
3151 852 1
3272 852 -1
775 853 1
776 853 -1
1986 853 -1
3152 853 1
3273 853 -1
776 854 1
777 854 -1
1987 854 -1
3153 854 1
3274 854 -1
777 855 1
778 855 -1
1988 855 -1
3154 855 1
3275 855 -1
778 856 1
779 856 -1
1989 856 -1
3155 856 1
3276 856 -1
779 857 1
1990 857 -1
3156 857 1
3277 857 -1
780 858 -1
1980 858 1
1991 858 -1
3157 858 1
3278 858 -1
780 859 1
781 859 -1
1981 859 1
1992 859 -1
3158 859 1
3279 859 -1
781 860 1
782 860 -1
1982 860 1
1993 860 -1
3159 860 1
3280 860 -1
782 861 1
783 861 -1
1983 861 1
1994 861 -1
3160 861 1
3281 861 -1
783 862 1
784 862 -1
1984 862 1
1995 862 -1
3161 862 1
3282 862 -1
784 863 1
785 863 -1
1985 863 1
1996 863 -1
3162 863 1
3283 863 -1
785 864 1
786 864 -1
1986 864 1
1997 864 -1
3163 864 1
3284 864 -1
786 865 1
787 865 -1
1987 865 1
1998 865 -1
3164 865 1
3285 865 -1
787 866 1
788 866 -1
1988 866 1
1999 866 -1
3165 866 1
3286 866 -1
788 867 1
789 867 -1
1989 867 1
2000 867 -1
3166 867 1
3287 867 -1
789 868 1
1990 868 1
2001 868 -1
3167 868 1
3288 868 -1
790 869 -1
1991 869 1
2002 869 -1
3168 869 1
3289 869 -1
790 870 1
791 870 -1
1992 870 1
2003 870 -1
3169 870 1
3290 870 -1
791 871 1
792 871 -1
1993 871 1
2004 871 -1
3170 871 1
3291 871 -1
792 872 1
793 872 -1
1994 872 1
2005 872 -1
3171 872 1
3292 872 -1
793 873 1
794 873 -1
1995 873 1
2006 873 -1
3172 873 1
3293 873 -1
794 874 1
795 874 -1
1996 874 1
2007 874 -1
3173 874 1
3294 874 -1
795 875 1
796 875 -1
1997 875 1
2008 875 -1
3174 875 1
3295 875 -1
796 876 1
797 876 -1
1998 876 1
2009 876 -1
3175 876 1
3296 876 -1
797 877 1
798 877 -1
1999 877 1
2010 877 -1
3176 877 1
3297 877 -1
798 878 1
799 878 -1
2000 878 1
2011 878 -1
3177 878 1
3298 878 -1
799 879 1
2001 879 1
2012 879 -1
3178 879 1
3299 879 -1
800 880 -1
2002 880 1
2013 880 -1
3179 880 1
3300 880 -1
800 881 1
801 881 -1
2003 881 1
2014 881 -1
3180 881 1
3301 881 -1
801 882 1
802 882 -1
2004 882 1
2015 882 -1
3181 882 1
3302 882 -1
802 883 1
803 883 -1
2005 883 1
2016 883 -1
3182 883 1
3303 883 -1
803 884 1
804 884 -1
2006 884 1
2017 884 -1
3183 884 1
3304 884 -1
804 885 1
805 885 -1
2007 885 1
2018 885 -1
3184 885 1
3305 885 -1
805 886 1
806 886 -1
2008 886 1
2019 886 -1
3185 886 1
3306 886 -1
806 887 1
807 887 -1
2009 887 1
2020 887 -1
3186 887 1
3307 887 -1
807 888 1
808 888 -1
2010 888 1
2021 888 -1
3187 888 1
3308 888 -1
808 889 1
809 889 -1
2011 889 1
2022 889 -1
3188 889 1
3309 889 -1
809 890 1
2012 890 1
2023 890 -1
3189 890 1
3310 890 -1
810 891 -1
2013 891 1
2024 891 -1
3190 891 1
3311 891 -1
810 892 1
811 892 -1
2014 892 1
2025 892 -1
3191 892 1
3312 892 -1
811 893 1
812 893 -1
2015 893 1
2026 893 -1
3192 893 1
3313 893 -1
812 894 1
813 894 -1
2016 894 1
2027 894 -1
3193 894 1
3314 894 -1
813 895 1
814 895 -1
2017 895 1
2028 895 -1
3194 895 1
3315 895 -1
814 896 1
815 896 -1
2018 896 1
2029 896 -1
3195 896 1
3316 896 -1
815 897 1
816 897 -1
2019 897 1
2030 897 -1
3196 897 1
3317 897 -1
816 898 1
817 898 -1
2020 898 1
2031 898 -1
3197 898 1
3318 898 -1
817 899 1
818 899 -1
2021 899 1
2032 899 -1
3198 899 1
3319 899 -1
818 900 1
819 900 -1
2022 900 1
2033 900 -1
3199 900 1
3320 900 -1
819 901 1
2023 901 1
2034 901 -1
3200 901 1
3321 901 -1
820 902 -1
2024 902 1
2035 902 -1
3201 902 1
3322 902 -1
820 903 1
821 903 -1
2025 903 1
2036 903 -1
3202 903 1
3323 903 -1
821 904 1
822 904 -1
2026 904 1
2037 904 -1
3203 904 1
3324 904 -1
822 905 1
823 905 -1
2027 905 1
2038 905 -1
3204 905 1
3325 905 -1
823 906 1
824 906 -1
2028 906 1
2039 906 -1
3205 906 1
3326 906 -1
824 907 1
825 907 -1
2029 907 1
2040 907 -1
3206 907 1
3327 907 -1
825 908 1
826 908 -1
2030 908 1
2041 908 -1
3207 908 1
3328 908 -1
826 909 1
827 909 -1
2031 909 1
2042 909 -1
3208 909 1
3329 909 -1
827 910 1
828 910 -1
2032 910 1
2043 910 -1
3209 910 1
3330 910 -1
828 911 1
829 911 -1
2033 911 1
2044 911 -1
3210 911 1
3331 911 -1
829 912 1
2034 912 1
2045 912 -1
3211 912 1
3332 912 -1
830 913 -1
2035 913 1
2046 913 -1
3212 913 1
3333 913 -1
830 914 1
831 914 -1
2036 914 1
2047 914 -1
3213 914 1
3334 914 -1
831 915 1
832 915 -1
2037 915 1
2048 915 -1
3214 915 1
3335 915 -1
832 916 1
833 916 -1
2038 916 1
2049 916 -1
3215 916 1
3336 916 -1
833 917 1
834 917 -1
2039 917 1
2050 917 -1
3216 917 1
3337 917 -1
834 918 1
835 918 -1
2040 918 1
2051 918 -1
3217 918 1
3338 918 -1
835 919 1
836 919 -1
2041 919 1
2052 919 -1
3218 919 1
3339 919 -1
836 920 1
837 920 -1
2042 920 1
2053 920 -1
3219 920 1
3340 920 -1
837 921 1
838 921 -1
2043 921 1
2054 921 -1
3220 921 1
3341 921 -1
838 922 1
839 922 -1
2044 922 1
2055 922 -1
3221 922 1
3342 922 -1
839 923 1
2045 923 1
2056 923 -1
3222 923 1
3343 923 -1
840 924 -1
2046 924 1
2057 924 -1
3223 924 1
3344 924 -1
840 925 1
841 925 -1
2047 925 1
2058 925 -1
3224 925 1
3345 925 -1
841 926 1
842 926 -1
2048 926 1
2059 926 -1
3225 926 1
3346 926 -1
842 927 1
843 927 -1
2049 927 1
2060 927 -1
3226 927 1
3347 927 -1
843 928 1
844 928 -1
2050 928 1
2061 928 -1
3227 928 1
3348 928 -1
844 929 1
845 929 -1
2051 929 1
2062 929 -1
3228 929 1
3349 929 -1
845 930 1
846 930 -1
2052 930 1
2063 930 -1
3229 930 1
3350 930 -1
846 931 1
847 931 -1
2053 931 1
2064 931 -1
3230 931 1
3351 931 -1
847 932 1
848 932 -1
2054 932 1
2065 932 -1
3231 932 1
3352 932 -1
848 933 1
849 933 -1
2055 933 1
2066 933 -1
3232 933 1
3353 933 -1
849 934 1
2056 934 1
2067 934 -1
3233 934 1
3354 934 -1
850 935 -1
2057 935 1
2068 935 -1
3234 935 1
3355 935 -1
850 936 1
851 936 -1
2058 936 1
2069 936 -1
3235 936 1
3356 936 -1
851 937 1
852 937 -1
2059 937 1
2070 937 -1
3236 937 1
3357 937 -1
852 938 1
853 938 -1
2060 938 1
2071 938 -1
3237 938 1
3358 938 -1
853 939 1
854 939 -1
2061 939 1
2072 939 -1
3238 939 1
3359 939 -1
854 940 1
855 940 -1
2062 940 1
2073 940 -1
3239 940 1
3360 940 -1
855 941 1
856 941 -1
2063 941 1
2074 941 -1
3240 941 1
3361 941 -1
856 942 1
857 942 -1
2064 942 1
2075 942 -1
3241 942 1
3362 942 -1
857 943 1
858 943 -1
2065 943 1
2076 943 -1
3242 943 1
3363 943 -1
858 944 1
859 944 -1
2066 944 1
2077 944 -1
3243 944 1
3364 944 -1
859 945 1
2067 945 1
2078 945 -1
3244 945 1
3365 945 -1
860 946 -1
2068 946 1
2079 946 -1
3245 946 1
3366 946 -1
860 947 1
861 947 -1
2069 947 1
2080 947 -1
3246 947 1
3367 947 -1
861 948 1
862 948 -1
2070 948 1
2081 948 -1
3247 948 1
3368 948 -1
862 949 1
863 949 -1
2071 949 1
2082 949 -1
3248 949 1
3369 949 -1
863 950 1
864 950 -1
2072 950 1
2083 950 -1
3249 950 1
3370 950 -1
864 951 1
865 951 -1
2073 951 1
2084 951 -1
3250 951 1
3371 951 -1
865 952 1
866 952 -1
2074 952 1
2085 952 -1
3251 952 1
3372 952 -1
866 953 1
867 953 -1
2075 953 1
2086 953 -1
3252 953 1
3373 953 -1
867 954 1
868 954 -1
2076 954 1
2087 954 -1
3253 954 1
3374 954 -1
868 955 1
869 955 -1
2077 955 1
2088 955 -1
3254 955 1
3375 955 -1
869 956 1
2078 956 1
2089 956 -1
3255 956 1
3376 956 -1
870 957 -1
2079 957 1
3256 957 1
3377 957 -1
870 958 1
871 958 -1
2080 958 1
3257 958 1
3378 958 -1
871 959 1
872 959 -1
2081 959 1
3258 959 1
3379 959 -1
872 960 1
873 960 -1
2082 960 1
3259 960 1
3380 960 -1
873 961 1
874 961 -1
2083 961 1
3260 961 1
3381 961 -1
874 962 1
875 962 -1
2084 962 1
3261 962 1
3382 962 -1
875 963 1
876 963 -1
2085 963 1
3262 963 1
3383 963 -1
876 964 1
877 964 -1
2086 964 1
3263 964 1
3384 964 -1
877 965 1
878 965 -1
2087 965 1
3264 965 1
3385 965 -1
878 966 1
879 966 -1
2088 966 1
3265 966 1
3386 966 -1
879 967 1
2089 967 1
3266 967 1
3387 967 -1
880 968 -1
2090 968 -1
3267 968 1
3388 968 -1
880 969 1
881 969 -1
2091 969 -1
3268 969 1
3389 969 -1
881 970 1
882 970 -1
2092 970 -1
3269 970 1
3390 970 -1
882 971 1
883 971 -1
2093 971 -1
3270 971 1
3391 971 -1
883 972 1
884 972 -1
2094 972 -1
3271 972 1
3392 972 -1
884 973 1
885 973 -1
2095 973 -1
3272 973 1
3393 973 -1
885 974 1
886 974 -1
2096 974 -1
3273 974 1
3394 974 -1
886 975 1
887 975 -1
2097 975 -1
3274 975 1
3395 975 -1
887 976 1
888 976 -1
2098 976 -1
3275 976 1
3396 976 -1
888 977 1
889 977 -1
2099 977 -1
3276 977 1
3397 977 -1
889 978 1
2100 978 -1
3277 978 1
3398 978 -1
890 979 -1
2090 979 1
2101 979 -1
3278 979 1
3399 979 -1
890 980 1
891 980 -1
2091 980 1
2102 980 -1
3279 980 1
3400 980 -1
891 981 1
892 981 -1
2092 981 1
2103 981 -1
3280 981 1
3401 981 -1
892 982 1
893 982 -1
2093 982 1
2104 982 -1
3281 982 1
3402 982 -1
893 983 1
894 983 -1
2094 983 1
2105 983 -1
3282 983 1
3403 983 -1
894 984 1
895 984 -1
2095 984 1
2106 984 -1
3283 984 1
3404 984 -1
895 985 1
896 985 -1
2096 985 1
2107 985 -1
3284 985 1
3405 985 -1
896 986 1
897 986 -1
2097 986 1
2108 986 -1
3285 986 1
3406 986 -1
897 987 1
898 987 -1
2098 987 1
2109 987 -1
3286 987 1
3407 987 -1
898 988 1
899 988 -1
2099 988 1
2110 988 -1
3287 988 1
3408 988 -1
899 989 1
2100 989 1
2111 989 -1
3288 989 1
3409 989 -1
900 990 -1
2101 990 1
2112 990 -1
3289 990 1
3410 990 -1
900 991 1
901 991 -1
2102 991 1
2113 991 -1
3290 991 1
3411 991 -1
901 992 1
902 992 -1
2103 992 1
2114 992 -1
3291 992 1
3412 992 -1
902 993 1
903 993 -1
2104 993 1
2115 993 -1
3292 993 1
3413 993 -1
903 994 1
904 994 -1
2105 994 1
2116 994 -1
3293 994 1
3414 994 -1
904 995 1
905 995 -1
2106 995 1
2117 995 -1
3294 995 1
3415 995 -1
905 996 1
906 996 -1
2107 996 1
2118 996 -1
3295 996 1
3416 996 -1
906 997 1
907 997 -1
2108 997 1
2119 997 -1
3296 997 1
3417 997 -1
907 998 1
908 998 -1
2109 998 1
2120 998 -1
3297 998 1
3418 998 -1
908 999 1
909 999 -1
2110 999 1
2121 999 -1
3298 999 1
3419 999 -1
909 1000 1
2111 1000 1
2122 1000 -1
3299 1000 1
3420 1000 -1
910 1001 -1
2112 1001 1
2123 1001 -1
3300 1001 1
3421 1001 -1
910 1002 1
911 1002 -1
2113 1002 1
2124 1002 -1
3301 1002 1
3422 1002 -1
911 1003 1
912 1003 -1
2114 1003 1
2125 1003 -1
3302 1003 1
3423 1003 -1
912 1004 1
913 1004 -1
2115 1004 1
2126 1004 -1
3303 1004 1
3424 1004 -1
913 1005 1
914 1005 -1
2116 1005 1
2127 1005 -1
3304 1005 1
3425 1005 -1
914 1006 1
915 1006 -1
2117 1006 1
2128 1006 -1
3305 1006 1
3426 1006 -1
915 1007 1
916 1007 -1
2118 1007 1
2129 1007 -1
3306 1007 1
3427 1007 -1
916 1008 1
917 1008 -1
2119 1008 1
2130 1008 -1
3307 1008 1
3428 1008 -1
917 1009 1
918 1009 -1
2120 1009 1
2131 1009 -1
3308 1009 1
3429 1009 -1
918 1010 1
919 1010 -1
2121 1010 1
2132 1010 -1
3309 1010 1
3430 1010 -1
919 1011 1
2122 1011 1
2133 1011 -1
3310 1011 1
3431 1011 -1
920 1012 -1
2123 1012 1
2134 1012 -1
3311 1012 1
3432 1012 -1
920 1013 1
921 1013 -1
2124 1013 1
2135 1013 -1
3312 1013 1
3433 1013 -1
921 1014 1
922 1014 -1
2125 1014 1
2136 1014 -1
3313 1014 1
3434 1014 -1
922 1015 1
923 1015 -1
2126 1015 1
2137 1015 -1
3314 1015 1
3435 1015 -1
923 1016 1
924 1016 -1
2127 1016 1
2138 1016 -1
3315 1016 1
3436 1016 -1
924 1017 1
925 1017 -1
2128 1017 1
2139 1017 -1
3316 1017 1
3437 1017 -1
925 1018 1
926 1018 -1
2129 1018 1
2140 1018 -1
3317 1018 1
3438 1018 -1
926 1019 1
927 1019 -1
2130 1019 1
2141 1019 -1
3318 1019 1
3439 1019 -1
927 1020 1
928 1020 -1
2131 1020 1
2142 1020 -1
3319 1020 1
3440 1020 -1
928 1021 1
929 1021 -1
2132 1021 1
2143 1021 -1
3320 1021 1
3441 1021 -1
929 1022 1
2133 1022 1
2144 1022 -1
3321 1022 1
3442 1022 -1
930 1023 -1
2134 1023 1
2145 1023 -1
3322 1023 1
3443 1023 -1
930 1024 1
931 1024 -1
2135 1024 1
2146 1024 -1
3323 1024 1
3444 1024 -1
931 1025 1
932 1025 -1
2136 1025 1
2147 1025 -1
3324 1025 1
3445 1025 -1
932 1026 1
933 1026 -1
2137 1026 1
2148 1026 -1
3325 1026 1
3446 1026 -1
933 1027 1
934 1027 -1
2138 1027 1
2149 1027 -1
3326 1027 1
3447 1027 -1
934 1028 1
935 1028 -1
2139 1028 1
2150 1028 -1
3327 1028 1
3448 1028 -1
935 1029 1
936 1029 -1
2140 1029 1
2151 1029 -1
3328 1029 1
3449 1029 -1
936 1030 1
937 1030 -1
2141 1030 1
2152 1030 -1
3329 1030 1
3450 1030 -1
937 1031 1
938 1031 -1
2142 1031 1
2153 1031 -1
3330 1031 1
3451 1031 -1
938 1032 1
939 1032 -1
2143 1032 1
2154 1032 -1
3331 1032 1
3452 1032 -1
939 1033 1
2144 1033 1
2155 1033 -1
3332 1033 1
3453 1033 -1
940 1034 -1
2145 1034 1
2156 1034 -1
3333 1034 1
3454 1034 -1
940 1035 1
941 1035 -1
2146 1035 1
2157 1035 -1
3334 1035 1
3455 1035 -1
941 1036 1
942 1036 -1
2147 1036 1
2158 1036 -1
3335 1036 1
3456 1036 -1
942 1037 1
943 1037 -1
2148 1037 1
2159 1037 -1
3336 1037 1
3457 1037 -1
943 1038 1
944 1038 -1
2149 1038 1
2160 1038 -1
3337 1038 1
3458 1038 -1
944 1039 1
945 1039 -1
2150 1039 1
2161 1039 -1
3338 1039 1
3459 1039 -1
945 1040 1
946 1040 -1
2151 1040 1
2162 1040 -1
3339 1040 1
3460 1040 -1
946 1041 1
947 1041 -1
2152 1041 1
2163 1041 -1
3340 1041 1
3461 1041 -1
947 1042 1
948 1042 -1
2153 1042 1
2164 1042 -1
3341 1042 1
3462 1042 -1
948 1043 1
949 1043 -1
2154 1043 1
2165 1043 -1
3342 1043 1
3463 1043 -1
949 1044 1
2155 1044 1
2166 1044 -1
3343 1044 1
3464 1044 -1
950 1045 -1
2156 1045 1
2167 1045 -1
3344 1045 1
3465 1045 -1
950 1046 1
951 1046 -1
2157 1046 1
2168 1046 -1
3345 1046 1
3466 1046 -1
951 1047 1
952 1047 -1
2158 1047 1
2169 1047 -1
3346 1047 1
3467 1047 -1
952 1048 1
953 1048 -1
2159 1048 1
2170 1048 -1
3347 1048 1
3468 1048 -1
953 1049 1
954 1049 -1
2160 1049 1
2171 1049 -1
3348 1049 1
3469 1049 -1
954 1050 1
955 1050 -1
2161 1050 1
2172 1050 -1
3349 1050 1
3470 1050 -1
955 1051 1
956 1051 -1
2162 1051 1
2173 1051 -1
3350 1051 1
3471 1051 -1
956 1052 1
957 1052 -1
2163 1052 1
2174 1052 -1
3351 1052 1
3472 1052 -1
957 1053 1
958 1053 -1
2164 1053 1
2175 1053 -1
3352 1053 1
3473 1053 -1
958 1054 1
959 1054 -1
2165 1054 1
2176 1054 -1
3353 1054 1
3474 1054 -1
959 1055 1
2166 1055 1
2177 1055 -1
3354 1055 1
3475 1055 -1
960 1056 -1
2167 1056 1
2178 1056 -1
3355 1056 1
3476 1056 -1
960 1057 1
961 1057 -1
2168 1057 1
2179 1057 -1
3356 1057 1
3477 1057 -1
961 1058 1
962 1058 -1
2169 1058 1
2180 1058 -1
3357 1058 1
3478 1058 -1
962 1059 1
963 1059 -1
2170 1059 1
2181 1059 -1
3358 1059 1
3479 1059 -1
963 1060 1
964 1060 -1
2171 1060 1
2182 1060 -1
3359 1060 1
3480 1060 -1
964 1061 1
965 1061 -1
2172 1061 1
2183 1061 -1
3360 1061 1
3481 1061 -1
965 1062 1
966 1062 -1
2173 1062 1
2184 1062 -1
3361 1062 1
3482 1062 -1
966 1063 1
967 1063 -1
2174 1063 1
2185 1063 -1
3362 1063 1
3483 1063 -1
967 1064 1
968 1064 -1
2175 1064 1
2186 1064 -1
3363 1064 1
3484 1064 -1
968 1065 1
969 1065 -1
2176 1065 1
2187 1065 -1
3364 1065 1
3485 1065 -1
969 1066 1
2177 1066 1
2188 1066 -1
3365 1066 1
3486 1066 -1
970 1067 -1
2178 1067 1
2189 1067 -1
3366 1067 1
3487 1067 -1
970 1068 1
971 1068 -1
2179 1068 1
2190 1068 -1
3367 1068 1
3488 1068 -1
971 1069 1
972 1069 -1
2180 1069 1
2191 1069 -1
3368 1069 1
3489 1069 -1
972 1070 1
973 1070 -1
2181 1070 1
2192 1070 -1
3369 1070 1
3490 1070 -1
973 1071 1
974 1071 -1
2182 1071 1
2193 1071 -1
3370 1071 1
3491 1071 -1
974 1072 1
975 1072 -1
2183 1072 1
2194 1072 -1
3371 1072 1
3492 1072 -1
975 1073 1
976 1073 -1
2184 1073 1
2195 1073 -1
3372 1073 1
3493 1073 -1
976 1074 1
977 1074 -1
2185 1074 1
2196 1074 -1
3373 1074 1
3494 1074 -1
977 1075 1
978 1075 -1
2186 1075 1
2197 1075 -1
3374 1075 1
3495 1075 -1
978 1076 1
979 1076 -1
2187 1076 1
2198 1076 -1
3375 1076 1
3496 1076 -1
979 1077 1
2188 1077 1
2199 1077 -1
3376 1077 1
3497 1077 -1
980 1078 -1
2189 1078 1
3377 1078 1
3498 1078 -1
980 1079 1
981 1079 -1
2190 1079 1
3378 1079 1
3499 1079 -1
981 1080 1
982 1080 -1
2191 1080 1
3379 1080 1
3500 1080 -1
982 1081 1
983 1081 -1
2192 1081 1
3380 1081 1
3501 1081 -1
983 1082 1
984 1082 -1
2193 1082 1
3381 1082 1
3502 1082 -1
984 1083 1
985 1083 -1
2194 1083 1
3382 1083 1
3503 1083 -1
985 1084 1
986 1084 -1
2195 1084 1
3383 1084 1
3504 1084 -1
986 1085 1
987 1085 -1
2196 1085 1
3384 1085 1
3505 1085 -1
987 1086 1
988 1086 -1
2197 1086 1
3385 1086 1
3506 1086 -1
988 1087 1
989 1087 -1
2198 1087 1
3386 1087 1
3507 1087 -1
989 1088 1
2199 1088 1
3387 1088 1
3508 1088 -1
990 1089 -1
2200 1089 -1
3388 1089 1
3509 1089 -1
990 1090 1
991 1090 -1
2201 1090 -1
3389 1090 1
3510 1090 -1
991 1091 1
992 1091 -1
2202 1091 -1
3390 1091 1
3511 1091 -1
992 1092 1
993 1092 -1
2203 1092 -1
3391 1092 1
3512 1092 -1
993 1093 1
994 1093 -1
2204 1093 -1
3392 1093 1
3513 1093 -1
994 1094 1
995 1094 -1
2205 1094 -1
3393 1094 1
3514 1094 -1
995 1095 1
996 1095 -1
2206 1095 -1
3394 1095 1
3515 1095 -1
996 1096 1
997 1096 -1
2207 1096 -1
3395 1096 1
3516 1096 -1
997 1097 1
998 1097 -1
2208 1097 -1
3396 1097 1
3517 1097 -1
998 1098 1
999 1098 -1
2209 1098 -1
3397 1098 1
3518 1098 -1
999 1099 1
2210 1099 -1
3398 1099 1
3519 1099 -1
1000 1100 -1
2200 1100 1
2211 1100 -1
3399 1100 1
3520 1100 -1
1000 1101 1
1001 1101 -1
2201 1101 1
2212 1101 -1
3400 1101 1
3521 1101 -1
1001 1102 1
1002 1102 -1
2202 1102 1
2213 1102 -1
3401 1102 1
3522 1102 -1
1002 1103 1
1003 1103 -1
2203 1103 1
2214 1103 -1
3402 1103 1
3523 1103 -1
1003 1104 1
1004 1104 -1
2204 1104 1
2215 1104 -1
3403 1104 1
3524 1104 -1
1004 1105 1
1005 1105 -1
2205 1105 1
2216 1105 -1
3404 1105 1
3525 1105 -1
1005 1106 1
1006 1106 -1
2206 1106 1
2217 1106 -1
3405 1106 1
3526 1106 -1
1006 1107 1
1007 1107 -1
2207 1107 1
2218 1107 -1
3406 1107 1
3527 1107 -1
1007 1108 1
1008 1108 -1
2208 1108 1
2219 1108 -1
3407 1108 1
3528 1108 -1
1008 1109 1
1009 1109 -1
2209 1109 1
2220 1109 -1
3408 1109 1
3529 1109 -1
1009 1110 1
2210 1110 1
2221 1110 -1
3409 1110 1
3530 1110 -1
1010 1111 -1
2211 1111 1
2222 1111 -1
3410 1111 1
3531 1111 -1
1010 1112 1
1011 1112 -1
2212 1112 1
2223 1112 -1
3411 1112 1
3532 1112 -1
1011 1113 1
1012 1113 -1
2213 1113 1
2224 1113 -1
3412 1113 1
3533 1113 -1
1012 1114 1
1013 1114 -1
2214 1114 1
2225 1114 -1
3413 1114 1
3534 1114 -1
1013 1115 1
1014 1115 -1
2215 1115 1
2226 1115 -1
3414 1115 1
3535 1115 -1
1014 1116 1
1015 1116 -1
2216 1116 1
2227 1116 -1
3415 1116 1
3536 1116 -1
1015 1117 1
1016 1117 -1
2217 1117 1
2228 1117 -1
3416 1117 1
3537 1117 -1
1016 1118 1
1017 1118 -1
2218 1118 1
2229 1118 -1
3417 1118 1
3538 1118 -1
1017 1119 1
1018 1119 -1
2219 1119 1
2230 1119 -1
3418 1119 1
3539 1119 -1
1018 1120 1
1019 1120 -1
2220 1120 1
2231 1120 -1
3419 1120 1
3540 1120 -1
1019 1121 1
2221 1121 1
2232 1121 -1
3420 1121 1
3541 1121 -1
1020 1122 -1
2222 1122 1
2233 1122 -1
3421 1122 1
3542 1122 -1
1020 1123 1
1021 1123 -1
2223 1123 1
2234 1123 -1
3422 1123 1
3543 1123 -1
1021 1124 1
1022 1124 -1
2224 1124 1
2235 1124 -1
3423 1124 1
3544 1124 -1
1022 1125 1
1023 1125 -1
2225 1125 1
2236 1125 -1
3424 1125 1
3545 1125 -1
1023 1126 1
1024 1126 -1
2226 1126 1
2237 1126 -1
3425 1126 1
3546 1126 -1
1024 1127 1
1025 1127 -1
2227 1127 1
2238 1127 -1
3426 1127 1
3547 1127 -1
1025 1128 1
1026 1128 -1
2228 1128 1
2239 1128 -1
3427 1128 1
3548 1128 -1
1026 1129 1
1027 1129 -1
2229 1129 1
2240 1129 -1
3428 1129 1
3549 1129 -1
1027 1130 1
1028 1130 -1
2230 1130 1
2241 1130 -1
3429 1130 1
3550 1130 -1
1028 1131 1
1029 1131 -1
2231 1131 1
2242 1131 -1
3430 1131 1
3551 1131 -1
1029 1132 1
2232 1132 1
2243 1132 -1
3431 1132 1
3552 1132 -1
1030 1133 -1
2233 1133 1
2244 1133 -1
3432 1133 1
3553 1133 -1
1030 1134 1
1031 1134 -1
2234 1134 1
2245 1134 -1
3433 1134 1
3554 1134 -1
1031 1135 1
1032 1135 -1
2235 1135 1
2246 1135 -1
3434 1135 1
3555 1135 -1
1032 1136 1
1033 1136 -1
2236 1136 1
2247 1136 -1
3435 1136 1
3556 1136 -1
1033 1137 1
1034 1137 -1
2237 1137 1
2248 1137 -1
3436 1137 1
3557 1137 -1
1034 1138 1
1035 1138 -1
2238 1138 1
2249 1138 -1
3437 1138 1
3558 1138 -1
1035 1139 1
1036 1139 -1
2239 1139 1
2250 1139 -1
3438 1139 1
3559 1139 -1
1036 1140 1
1037 1140 -1
2240 1140 1
2251 1140 -1
3439 1140 1
3560 1140 -1
1037 1141 1
1038 1141 -1
2241 1141 1
2252 1141 -1
3440 1141 1
3561 1141 -1
1038 1142 1
1039 1142 -1
2242 1142 1
2253 1142 -1
3441 1142 1
3562 1142 -1
1039 1143 1
2243 1143 1
2254 1143 -1
3442 1143 1
3563 1143 -1
1040 1144 -1
2244 1144 1
2255 1144 -1
3443 1144 1
3564 1144 -1
1040 1145 1
1041 1145 -1
2245 1145 1
2256 1145 -1
3444 1145 1
3565 1145 -1
1041 1146 1
1042 1146 -1
2246 1146 1
2257 1146 -1
3445 1146 1
3566 1146 -1
1042 1147 1
1043 1147 -1
2247 1147 1
2258 1147 -1
3446 1147 1
3567 1147 -1
1043 1148 1
1044 1148 -1
2248 1148 1
2259 1148 -1
3447 1148 1
3568 1148 -1
1044 1149 1
1045 1149 -1
2249 1149 1
2260 1149 -1
3448 1149 1
3569 1149 -1
1045 1150 1
1046 1150 -1
2250 1150 1
2261 1150 -1
3449 1150 1
3570 1150 -1
1046 1151 1
1047 1151 -1
2251 1151 1
2262 1151 -1
3450 1151 1
3571 1151 -1
1047 1152 1
1048 1152 -1
2252 1152 1
2263 1152 -1
3451 1152 1
3572 1152 -1
1048 1153 1
1049 1153 -1
2253 1153 1
2264 1153 -1
3452 1153 1
3573 1153 -1
1049 1154 1
2254 1154 1
2265 1154 -1
3453 1154 1
3574 1154 -1
1050 1155 -1
2255 1155 1
2266 1155 -1
3454 1155 1
3575 1155 -1
1050 1156 1
1051 1156 -1
2256 1156 1
2267 1156 -1
3455 1156 1
3576 1156 -1
1051 1157 1
1052 1157 -1
2257 1157 1
2268 1157 -1
3456 1157 1
3577 1157 -1
1052 1158 1
1053 1158 -1
2258 1158 1
2269 1158 -1
3457 1158 1
3578 1158 -1
1053 1159 1
1054 1159 -1
2259 1159 1
2270 1159 -1
3458 1159 1
3579 1159 -1
1054 1160 1
1055 1160 -1
2260 1160 1
2271 1160 -1
3459 1160 1
3580 1160 -1
1055 1161 1
1056 1161 -1
2261 1161 1
2272 1161 -1
3460 1161 1
3581 1161 -1
1056 1162 1
1057 1162 -1
2262 1162 1
2273 1162 -1
3461 1162 1
3582 1162 -1
1057 1163 1
1058 1163 -1
2263 1163 1
2274 1163 -1
3462 1163 1
3583 1163 -1
1058 1164 1
1059 1164 -1
2264 1164 1
2275 1164 -1
3463 1164 1
3584 1164 -1
1059 1165 1
2265 1165 1
2276 1165 -1
3464 1165 1
3585 1165 -1
1060 1166 -1
2266 1166 1
2277 1166 -1
3465 1166 1
3586 1166 -1
1060 1167 1
1061 1167 -1
2267 1167 1
2278 1167 -1
3466 1167 1
3587 1167 -1
1061 1168 1
1062 1168 -1
2268 1168 1
2279 1168 -1
3467 1168 1
3588 1168 -1
1062 1169 1
1063 1169 -1
2269 1169 1
2280 1169 -1
3468 1169 1
3589 1169 -1
1063 1170 1
1064 1170 -1
2270 1170 1
2281 1170 -1
3469 1170 1
3590 1170 -1
1064 1171 1
1065 1171 -1
2271 1171 1
2282 1171 -1
3470 1171 1
3591 1171 -1
1065 1172 1
1066 1172 -1
2272 1172 1
2283 1172 -1
3471 1172 1
3592 1172 -1
1066 1173 1
1067 1173 -1
2273 1173 1
2284 1173 -1
3472 1173 1
3593 1173 -1
1067 1174 1
1068 1174 -1
2274 1174 1
2285 1174 -1
3473 1174 1
3594 1174 -1
1068 1175 1
1069 1175 -1
2275 1175 1
2286 1175 -1
3474 1175 1
3595 1175 -1
1069 1176 1
2276 1176 1
2287 1176 -1
3475 1176 1
3596 1176 -1
1070 1177 -1
2277 1177 1
2288 1177 -1
3476 1177 1
3597 1177 -1
1070 1178 1
1071 1178 -1
2278 1178 1
2289 1178 -1
3477 1178 1
3598 1178 -1
1071 1179 1
1072 1179 -1
2279 1179 1
2290 1179 -1
3478 1179 1
3599 1179 -1
1072 1180 1
1073 1180 -1
2280 1180 1
2291 1180 -1
3479 1180 1
3600 1180 -1
1073 1181 1
1074 1181 -1
2281 1181 1
2292 1181 -1
3480 1181 1
3601 1181 -1
1074 1182 1
1075 1182 -1
2282 1182 1
2293 1182 -1
3481 1182 1
3602 1182 -1
1075 1183 1
1076 1183 -1
2283 1183 1
2294 1183 -1
3482 1183 1
3603 1183 -1
1076 1184 1
1077 1184 -1
2284 1184 1
2295 1184 -1
3483 1184 1
3604 1184 -1
1077 1185 1
1078 1185 -1
2285 1185 1
2296 1185 -1
3484 1185 1
3605 1185 -1
1078 1186 1
1079 1186 -1
2286 1186 1
2297 1186 -1
3485 1186 1
3606 1186 -1
1079 1187 1
2287 1187 1
2298 1187 -1
3486 1187 1
3607 1187 -1
1080 1188 -1
2288 1188 1
2299 1188 -1
3487 1188 1
3608 1188 -1
1080 1189 1
1081 1189 -1
2289 1189 1
2300 1189 -1
3488 1189 1
3609 1189 -1
1081 1190 1
1082 1190 -1
2290 1190 1
2301 1190 -1
3489 1190 1
3610 1190 -1
1082 1191 1
1083 1191 -1
2291 1191 1
2302 1191 -1
3490 1191 1
3611 1191 -1
1083 1192 1
1084 1192 -1
2292 1192 1
2303 1192 -1
3491 1192 1
3612 1192 -1
1084 1193 1
1085 1193 -1
2293 1193 1
2304 1193 -1
3492 1193 1
3613 1193 -1
1085 1194 1
1086 1194 -1
2294 1194 1
2305 1194 -1
3493 1194 1
3614 1194 -1
1086 1195 1
1087 1195 -1
2295 1195 1
2306 1195 -1
3494 1195 1
3615 1195 -1
1087 1196 1
1088 1196 -1
2296 1196 1
2307 1196 -1
3495 1196 1
3616 1196 -1
1088 1197 1
1089 1197 -1
2297 1197 1
2308 1197 -1
3496 1197 1
3617 1197 -1
1089 1198 1
2298 1198 1
2309 1198 -1
3497 1198 1
3618 1198 -1
1090 1199 -1
2299 1199 1
3498 1199 1
3619 1199 -1
1090 1200 1
1091 1200 -1
2300 1200 1
3499 1200 1
3620 1200 -1
1091 1201 1
1092 1201 -1
2301 1201 1
3500 1201 1
3621 1201 -1
1092 1202 1
1093 1202 -1
2302 1202 1
3501 1202 1
3622 1202 -1
1093 1203 1
1094 1203 -1
2303 1203 1
3502 1203 1
3623 1203 -1
1094 1204 1
1095 1204 -1
2304 1204 1
3503 1204 1
3624 1204 -1
1095 1205 1
1096 1205 -1
2305 1205 1
3504 1205 1
3625 1205 -1
1096 1206 1
1097 1206 -1
2306 1206 1
3505 1206 1
3626 1206 -1
1097 1207 1
1098 1207 -1
2307 1207 1
3506 1207 1
3627 1207 -1
1098 1208 1
1099 1208 -1
2308 1208 1
3507 1208 1
3628 1208 -1
1099 1209 1
2309 1209 1
3508 1209 1
3629 1209 -1
1100 1210 -1
2310 1210 -1
3509 1210 1
1100 1211 1
1101 1211 -1
2311 1211 -1
3510 1211 1
1101 1212 1
1102 1212 -1
2312 1212 -1
3511 1212 1
1102 1213 1
1103 1213 -1
2313 1213 -1
3512 1213 1
1103 1214 1
1104 1214 -1
2314 1214 -1
3513 1214 1
1104 1215 1
1105 1215 -1
2315 1215 -1
3514 1215 1
1105 1216 1
1106 1216 -1
2316 1216 -1
3515 1216 1
1106 1217 1
1107 1217 -1
2317 1217 -1
3516 1217 1
1107 1218 1
1108 1218 -1
2318 1218 -1
3517 1218 1
1108 1219 1
1109 1219 -1
2319 1219 -1
3518 1219 1
1109 1220 1
2320 1220 -1
3519 1220 1
1110 1221 -1
2310 1221 1
2321 1221 -1
3520 1221 1
1110 1222 1
1111 1222 -1
2311 1222 1
2322 1222 -1
3521 1222 1
1111 1223 1
1112 1223 -1
2312 1223 1
2323 1223 -1
3522 1223 1
1112 1224 1
1113 1224 -1
2313 1224 1
2324 1224 -1
3523 1224 1
1113 1225 1
1114 1225 -1
2314 1225 1
2325 1225 -1
3524 1225 1
1114 1226 1
1115 1226 -1
2315 1226 1
2326 1226 -1
3525 1226 1
1115 1227 1
1116 1227 -1
2316 1227 1
2327 1227 -1
3526 1227 1
1116 1228 1
1117 1228 -1
2317 1228 1
2328 1228 -1
3527 1228 1
1117 1229 1
1118 1229 -1
2318 1229 1
2329 1229 -1
3528 1229 1
1118 1230 1
1119 1230 -1
2319 1230 1
2330 1230 -1
3529 1230 1
1119 1231 1
2320 1231 1
2331 1231 -1
3530 1231 1
1120 1232 -1
2321 1232 1
2332 1232 -1
3531 1232 1
1120 1233 1
1121 1233 -1
2322 1233 1
2333 1233 -1
3532 1233 1
1121 1234 1
1122 1234 -1
2323 1234 1
2334 1234 -1
3533 1234 1
1122 1235 1
1123 1235 -1
2324 1235 1
2335 1235 -1
3534 1235 1
1123 1236 1
1124 1236 -1
2325 1236 1
2336 1236 -1
3535 1236 1
1124 1237 1
1125 1237 -1
2326 1237 1
2337 1237 -1
3536 1237 1
1125 1238 1
1126 1238 -1
2327 1238 1
2338 1238 -1
3537 1238 1
1126 1239 1
1127 1239 -1
2328 1239 1
2339 1239 -1
3538 1239 1
1127 1240 1
1128 1240 -1
2329 1240 1
2340 1240 -1
3539 1240 1
1128 1241 1
1129 1241 -1
2330 1241 1
2341 1241 -1
3540 1241 1
1129 1242 1
2331 1242 1
2342 1242 -1
3541 1242 1
1130 1243 -1
2332 1243 1
2343 1243 -1
3542 1243 1
1130 1244 1
1131 1244 -1
2333 1244 1
2344 1244 -1
3543 1244 1
1131 1245 1
1132 1245 -1
2334 1245 1
2345 1245 -1
3544 1245 1
1132 1246 1
1133 1246 -1
2335 1246 1
2346 1246 -1
3545 1246 1
1133 1247 1
1134 1247 -1
2336 1247 1
2347 1247 -1
3546 1247 1
1134 1248 1
1135 1248 -1
2337 1248 1
2348 1248 -1
3547 1248 1
1135 1249 1
1136 1249 -1
2338 1249 1
2349 1249 -1
3548 1249 1
1136 1250 1
1137 1250 -1
2339 1250 1
2350 1250 -1
3549 1250 1
1137 1251 1
1138 1251 -1
2340 1251 1
2351 1251 -1
3550 1251 1
1138 1252 1
1139 1252 -1
2341 1252 1
2352 1252 -1
3551 1252 1
1139 1253 1
2342 1253 1
2353 1253 -1
3552 1253 1
1140 1254 -1
2343 1254 1
2354 1254 -1
3553 1254 1
1140 1255 1
1141 1255 -1
2344 1255 1
2355 1255 -1
3554 1255 1
1141 1256 1
1142 1256 -1
2345 1256 1
2356 1256 -1
3555 1256 1
1142 1257 1
1143 1257 -1
2346 1257 1
2357 1257 -1
3556 1257 1
1143 1258 1
1144 1258 -1
2347 1258 1
2358 1258 -1
3557 1258 1
1144 1259 1
1145 1259 -1
2348 1259 1
2359 1259 -1
3558 1259 1
1145 1260 1
1146 1260 -1
2349 1260 1
2360 1260 -1
3559 1260 1
1146 1261 1
1147 1261 -1
2350 1261 1
2361 1261 -1
3560 1261 1
1147 1262 1
1148 1262 -1
2351 1262 1
2362 1262 -1
3561 1262 1
1148 1263 1
1149 1263 -1
2352 1263 1
2363 1263 -1
3562 1263 1
1149 1264 1
2353 1264 1
2364 1264 -1
3563 1264 1
1150 1265 -1
2354 1265 1
2365 1265 -1
3564 1265 1
1150 1266 1
1151 1266 -1
2355 1266 1
2366 1266 -1
3565 1266 1
1151 1267 1
1152 1267 -1
2356 1267 1
2367 1267 -1
3566 1267 1
1152 1268 1
1153 1268 -1
2357 1268 1
2368 1268 -1
3567 1268 1
1153 1269 1
1154 1269 -1
2358 1269 1
2369 1269 -1
3568 1269 1
1154 1270 1
1155 1270 -1
2359 1270 1
2370 1270 -1
3569 1270 1
1155 1271 1
1156 1271 -1
2360 1271 1
2371 1271 -1
3570 1271 1
1156 1272 1
1157 1272 -1
2361 1272 1
2372 1272 -1
3571 1272 1
1157 1273 1
1158 1273 -1
2362 1273 1
2373 1273 -1
3572 1273 1
1158 1274 1
1159 1274 -1
2363 1274 1
2374 1274 -1
3573 1274 1
1159 1275 1
2364 1275 1
2375 1275 -1
3574 1275 1
1160 1276 -1
2365 1276 1
2376 1276 -1
3575 1276 1
1160 1277 1
1161 1277 -1
2366 1277 1
2377 1277 -1
3576 1277 1
1161 1278 1
1162 1278 -1
2367 1278 1
2378 1278 -1
3577 1278 1
1162 1279 1
1163 1279 -1
2368 1279 1
2379 1279 -1
3578 1279 1
1163 1280 1
1164 1280 -1
2369 1280 1
2380 1280 -1
3579 1280 1
1164 1281 1
1165 1281 -1
2370 1281 1
2381 1281 -1
3580 1281 1
1165 1282 1
1166 1282 -1
2371 1282 1
2382 1282 -1
3581 1282 1
1166 1283 1
1167 1283 -1
2372 1283 1
2383 1283 -1
3582 1283 1
1167 1284 1
1168 1284 -1
2373 1284 1
2384 1284 -1
3583 1284 1
1168 1285 1
1169 1285 -1
2374 1285 1
2385 1285 -1
3584 1285 1
1169 1286 1
2375 1286 1
2386 1286 -1
3585 1286 1
1170 1287 -1
2376 1287 1
2387 1287 -1
3586 1287 1
1170 1288 1
1171 1288 -1
2377 1288 1
2388 1288 -1
3587 1288 1
1171 1289 1
1172 1289 -1
2378 1289 1
2389 1289 -1
3588 1289 1
1172 1290 1
1173 1290 -1
2379 1290 1
2390 1290 -1
3589 1290 1
1173 1291 1
1174 1291 -1
2380 1291 1
2391 1291 -1
3590 1291 1
1174 1292 1
1175 1292 -1
2381 1292 1
2392 1292 -1
3591 1292 1
1175 1293 1
1176 1293 -1
2382 1293 1
2393 1293 -1
3592 1293 1
1176 1294 1
1177 1294 -1
2383 1294 1
2394 1294 -1
3593 1294 1
1177 1295 1
1178 1295 -1
2384 1295 1
2395 1295 -1
3594 1295 1
1178 1296 1
1179 1296 -1
2385 1296 1
2396 1296 -1
3595 1296 1
1179 1297 1
2386 1297 1
2397 1297 -1
3596 1297 1
1180 1298 -1
2387 1298 1
2398 1298 -1
3597 1298 1
1180 1299 1
1181 1299 -1
2388 1299 1
2399 1299 -1
3598 1299 1
1181 1300 1
1182 1300 -1
2389 1300 1
2400 1300 -1
3599 1300 1
1182 1301 1
1183 1301 -1
2390 1301 1
2401 1301 -1
3600 1301 1
1183 1302 1
1184 1302 -1
2391 1302 1
2402 1302 -1
3601 1302 1
1184 1303 1
1185 1303 -1
2392 1303 1
2403 1303 -1
3602 1303 1
1185 1304 1
1186 1304 -1
2393 1304 1
2404 1304 -1
3603 1304 1
1186 1305 1
1187 1305 -1
2394 1305 1
2405 1305 -1
3604 1305 1
1187 1306 1
1188 1306 -1
2395 1306 1
2406 1306 -1
3605 1306 1
1188 1307 1
1189 1307 -1
2396 1307 1
2407 1307 -1
3606 1307 1
1189 1308 1
2397 1308 1
2408 1308 -1
3607 1308 1
1190 1309 -1
2398 1309 1
2409 1309 -1
3608 1309 1
1190 1310 1
1191 1310 -1
2399 1310 1
2410 1310 -1
3609 1310 1
1191 1311 1
1192 1311 -1
2400 1311 1
2411 1311 -1
3610 1311 1
1192 1312 1
1193 1312 -1
2401 1312 1
2412 1312 -1
3611 1312 1
1193 1313 1
1194 1313 -1
2402 1313 1
2413 1313 -1
3612 1313 1
1194 1314 1
1195 1314 -1
2403 1314 1
2414 1314 -1
3613 1314 1
1195 1315 1
1196 1315 -1
2404 1315 1
2415 1315 -1
3614 1315 1
1196 1316 1
1197 1316 -1
2405 1316 1
2416 1316 -1
3615 1316 1
1197 1317 1
1198 1317 -1
2406 1317 1
2417 1317 -1
3616 1317 1
1198 1318 1
1199 1318 -1
2407 1318 1
2418 1318 -1
3617 1318 1
1199 1319 1
2408 1319 1
2419 1319 -1
3618 1319 1
1200 1320 -1
2409 1320 1
3619 1320 1
1200 1321 1
1201 1321 -1
2410 1321 1
3620 1321 1
1201 1322 1
1202 1322 -1
2411 1322 1
3621 1322 1
1202 1323 1
1203 1323 -1
2412 1323 1
3622 1323 1
1203 1324 1
1204 1324 -1
2413 1324 1
3623 1324 1
1204 1325 1
1205 1325 -1
2414 1325 1
3624 1325 1
1205 1326 1
1206 1326 -1
2415 1326 1
3625 1326 1
1206 1327 1
1207 1327 -1
2416 1327 1
3626 1327 1
1207 1328 1
1208 1328 -1
2417 1328 1
3627 1328 1
1208 1329 1
1209 1329 -1
2418 1329 1
3628 1329 1
1209 1330 1
2419 1330 1
3629 1330 1
