0.000000000000 0.000000000000 0.000000000000
0.100000000000 0.000000000000 0.000000000000
0.200000000000 0.000000000000 0.000000000000
0.300000000000 0.000000000000 0.000000000000
0.400000000000 0.000000000000 0.000000000000
0.500000000000 0.000000000000 0.000000000000
0.600000000000 0.000000000000 0.000000000000
0.700000000000 0.000000000000 0.000000000000
0.800000000000 0.000000000000 0.000000000000
0.900000000000 0.000000000000 0.000000000000
1.000000000000 0.000000000000 0.000000000000
0.000000000000 0.100000000000 0.000000000000
0.100000000000 0.100000000000 0.000000000000
0.200000000000 0.100000000000 0.000000000000
0.300000000000 0.100000000000 0.000000000000
0.400000000000 0.100000000000 0.000000000000
0.500000000000 0.100000000000 0.000000000000
0.600000000000 0.100000000000 0.000000000000
0.700000000000 0.100000000000 0.000000000000
0.800000000000 0.100000000000 0.000000000000
0.900000000000 0.100000000000 0.000000000000
1.000000000000 0.100000000000 0.000000000000
0.000000000000 0.200000000000 0.000000000000
0.100000000000 0.200000000000 0.000000000000
0.200000000000 0.200000000000 0.000000000000
0.300000000000 0.200000000000 0.000000000000
0.400000000000 0.200000000000 0.000000000000
0.500000000000 0.200000000000 0.000000000000
0.600000000000 0.200000000000 0.000000000000
0.700000000000 0.200000000000 0.000000000000
0.800000000000 0.200000000000 0.000000000000
0.900000000000 0.200000000000 0.000000000000
1.000000000000 0.200000000000 0.000000000000
0.000000000000 0.300000000000 0.000000000000
0.100000000000 0.300000000000 0.000000000000
0.200000000000 0.300000000000 0.000000000000
0.300000000000 0.300000000000 0.000000000000
0.400000000000 0.300000000000 0.000000000000
0.500000000000 0.300000000000 0.000000000000
0.600000000000 0.300000000000 0.000000000000
0.700000000000 0.300000000000 0.000000000000
0.800000000000 0.300000000000 0.000000000000
0.900000000000 0.300000000000 0.000000000000
1.000000000000 0.300000000000 0.000000000000
0.000000000000 0.400000000000 0.000000000000
0.100000000000 0.400000000000 0.000000000000
0.200000000000 0.400000000000 0.000000000000
0.300000000000 0.400000000000 0.000000000000
0.400000000000 0.400000000000 0.000000000000
0.500000000000 0.400000000000 0.000000000000
0.600000000000 0.400000000000 0.000000000000
0.700000000000 0.400000000000 0.000000000000
0.800000000000 0.400000000000 0.000000000000
0.900000000000 0.400000000000 0.000000000000
1.000000000000 0.400000000000 0.000000000000
0.000000000000 0.500000000000 0.000000000000
0.100000000000 0.500000000000 0.000000000000
0.200000000000 0.500000000000 0.000000000000
0.300000000000 0.500000000000 0.000000000000
0.400000000000 0.500000000000 0.000000000000
0.500000000000 0.500000000000 0.000000000000
0.600000000000 0.500000000000 0.000000000000
0.700000000000 0.500000000000 0.000000000000
0.800000000000 0.500000000000 0.000000000000
0.900000000000 0.500000000000 0.000000000000
1.000000000000 0.500000000000 0.000000000000
0.000000000000 0.600000000000 0.000000000000
0.100000000000 0.600000000000 0.000000000000
0.200000000000 0.600000000000 0.000000000000
0.300000000000 0.600000000000 0.000000000000
0.400000000000 0.600000000000 0.000000000000
0.500000000000 0.600000000000 0.000000000000
0.600000000000 0.600000000000 0.000000000000
0.700000000000 0.600000000000 0.000000000000
0.800000000000 0.600000000000 0.000000000000
0.900000000000 0.600000000000 0.000000000000
1.000000000000 0.600000000000 0.000000000000
0.000000000000 0.700000000000 0.000000000000
0.100000000000 0.700000000000 0.000000000000
0.200000000000 0.700000000000 0.000000000000
0.300000000000 0.700000000000 0.000000000000
0.400000000000 0.700000000000 0.000000000000
0.500000000000 0.700000000000 0.000000000000
0.600000000000 0.700000000000 0.000000000000
0.700000000000 0.700000000000 0.000000000000
0.800000000000 0.700000000000 0.000000000000
0.900000000000 0.700000000000 0.000000000000
1.000000000000 0.700000000000 0.000000000000
0.000000000000 0.800000000000 0.000000000000
0.100000000000 0.800000000000 0.000000000000
0.200000000000 0.800000000000 0.000000000000
0.300000000000 0.800000000000 0.000000000000
0.400000000000 0.800000000000 0.000000000000
0.500000000000 0.800000000000 0.000000000000
0.600000000000 0.800000000000 0.000000000000
0.700000000000 0.800000000000 0.000000000000
0.800000000000 0.800000000000 0.000000000000
0.900000000000 0.800000000000 0.000000000000
1.000000000000 0.800000000000 0.000000000000
0.000000000000 0.900000000000 0.000000000000
0.100000000000 0.900000000000 0.000000000000
0.200000000000 0.900000000000 0.000000000000
0.300000000000 0.900000000000 0.000000000000
0.400000000000 0.900000000000 0.000000000000
0.500000000000 0.900000000000 0.000000000000
0.600000000000 0.900000000000 0.000000000000
0.700000000000 0.900000000000 0.000000000000
0.800000000000 0.900000000000 0.000000000000
0.900000000000 0.900000000000 0.000000000000
1.000000000000 0.900000000000 0.000000000000
0.000000000000 1.000000000000 0.000000000000
0.100000000000 1.000000000000 0.000000000000
0.200000000000 1.000000000000 0.000000000000
0.300000000000 1.000000000000 0.000000000000
0.400000000000 1.000000000000 0.000000000000
0.500000000000 1.000000000000 0.000000000000
0.600000000000 1.000000000000 0.000000000000
0.700000000000 1.000000000000 0.000000000000
0.800000000000 1.000000000000 0.000000000000
0.900000000000 1.000000000000 0.000000000000
1.000000000000 1.000000000000 0.000000000000
0.000000000000 0.000000000000 0.100000000000
0.100000000000 0.000000000000 0.100000000000
0.200000000000 0.000000000000 0.100000000000
0.300000000000 0.000000000000 0.100000000000
0.400000000000 0.000000000000 0.100000000000
0.500000000000 0.000000000000 0.100000000000
0.600000000000 0.000000000000 0.100000000000
0.700000000000 0.000000000000 0.100000000000
0.800000000000 0.000000000000 0.100000000000
0.900000000000 0.000000000000 0.100000000000
1.000000000000 0.000000000000 0.100000000000
0.000000000000 0.100000000000 0.100000000000
0.100000000000 0.100000000000 0.100000000000
0.200000000000 0.100000000000 0.100000000000
0.300000000000 0.100000000000 0.100000000000
0.400000000000 0.100000000000 0.100000000000
0.500000000000 0.100000000000 0.100000000000
0.600000000000 0.100000000000 0.100000000000
0.700000000000 0.100000000000 0.100000000000
0.800000000000 0.100000000000 0.100000000000
0.900000000000 0.100000000000 0.100000000000
1.000000000000 0.100000000000 0.100000000000
0.000000000000 0.200000000000 0.100000000000
0.100000000000 0.200000000000 0.100000000000
0.200000000000 0.200000000000 0.100000000000
0.300000000000 0.200000000000 0.100000000000
0.400000000000 0.200000000000 0.100000000000
0.500000000000 0.200000000000 0.100000000000
0.600000000000 0.200000000000 0.100000000000
0.700000000000 0.200000000000 0.100000000000
0.800000000000 0.200000000000 0.100000000000
0.900000000000 0.200000000000 0.100000000000
1.000000000000 0.200000000000 0.100000000000
0.000000000000 0.300000000000 0.100000000000
0.100000000000 0.300000000000 0.100000000000
0.200000000000 0.300000000000 0.100000000000
0.300000000000 0.300000000000 0.100000000000
0.400000000000 0.300000000000 0.100000000000
0.500000000000 0.300000000000 0.100000000000
0.600000000000 0.300000000000 0.100000000000
0.700000000000 0.300000000000 0.100000000000
0.800000000000 0.300000000000 0.100000000000
0.900000000000 0.300000000000 0.100000000000
1.000000000000 0.300000000000 0.100000000000
0.000000000000 0.400000000000 0.100000000000
0.100000000000 0.400000000000 0.100000000000
0.200000000000 0.400000000000 0.100000000000
0.300000000000 0.400000000000 0.100000000000
0.400000000000 0.400000000000 0.100000000000
0.500000000000 0.400000000000 0.100000000000
0.600000000000 0.400000000000 0.100000000000
0.700000000000 0.400000000000 0.100000000000
0.800000000000 0.400000000000 0.100000000000
0.900000000000 0.400000000000 0.100000000000
1.000000000000 0.400000000000 0.100000000000
0.000000000000 0.500000000000 0.100000000000
0.100000000000 0.500000000000 0.100000000000
0.200000000000 0.500000000000 0.100000000000
0.300000000000 0.500000000000 0.100000000000
0.400000000000 0.500000000000 0.100000000000
0.500000000000 0.500000000000 0.100000000000
0.600000000000 0.500000000000 0.100000000000
0.700000000000 0.500000000000 0.100000000000
0.800000000000 0.500000000000 0.100000000000
0.900000000000 0.500000000000 0.100000000000
1.000000000000 0.500000000000 0.100000000000
0.000000000000 0.600000000000 0.100000000000
0.100000000000 0.600000000000 0.100000000000
0.200000000000 0.600000000000 0.100000000000
0.300000000000 0.600000000000 0.100000000000
0.400000000000 0.600000000000 0.100000000000
0.500000000000 0.600000000000 0.100000000000
0.600000000000 0.600000000000 0.100000000000
0.700000000000 0.600000000000 0.100000000000
0.800000000000 0.600000000000 0.100000000000
0.900000000000 0.600000000000 0.100000000000
1.000000000000 0.600000000000 0.100000000000
0.000000000000 0.700000000000 0.100000000000
0.100000000000 0.700000000000 0.100000000000
0.200000000000 0.700000000000 0.100000000000
0.300000000000 0.700000000000 0.100000000000
0.400000000000 0.700000000000 0.100000000000
0.500000000000 0.700000000000 0.100000000000
0.600000000000 0.700000000000 0.100000000000
0.700000000000 0.700000000000 0.100000000000
0.800000000000 0.700000000000 0.100000000000
0.900000000000 0.700000000000 0.100000000000
1.000000000000 0.700000000000 0.100000000000
0.000000000000 0.800000000000 0.100000000000
0.100000000000 0.800000000000 0.100000000000
0.200000000000 0.800000000000 0.100000000000
0.300000000000 0.800000000000 0.100000000000
0.400000000000 0.800000000000 0.100000000000
0.500000000000 0.800000000000 0.100000000000
0.600000000000 0.800000000000 0.100000000000
0.700000000000 0.800000000000 0.100000000000
0.800000000000 0.800000000000 0.100000000000
0.900000000000 0.800000000000 0.100000000000
1.000000000000 0.800000000000 0.100000000000
0.000000000000 0.900000000000 0.100000000000
0.100000000000 0.900000000000 0.100000000000
0.200000000000 0.900000000000 0.100000000000
0.300000000000 0.900000000000 0.100000000000
0.400000000000 0.900000000000 0.100000000000
0.500000000000 0.900000000000 0.100000000000
0.600000000000 0.900000000000 0.100000000000
0.700000000000 0.900000000000 0.100000000000
0.800000000000 0.900000000000 0.100000000000
0.900000000000 0.900000000000 0.100000000000
1.000000000000 0.900000000000 0.100000000000
0.000000000000 1.000000000000 0.100000000000
0.100000000000 1.000000000000 0.100000000000
0.200000000000 1.000000000000 0.100000000000
0.300000000000 1.000000000000 0.100000000000
0.400000000000 1.000000000000 0.100000000000
0.500000000000 1.000000000000 0.100000000000
0.600000000000 1.000000000000 0.100000000000
0.700000000000 1.000000000000 0.100000000000
0.800000000000 1.000000000000 0.100000000000
0.900000000000 1.000000000000 0.100000000000
1.000000000000 1.000000000000 0.100000000000
0.000000000000 0.000000000000 0.200000000000
0.100000000000 0.000000000000 0.200000000000
0.200000000000 0.000000000000 0.200000000000
0.300000000000 0.000000000000 0.200000000000
0.400000000000 0.000000000000 0.200000000000
0.500000000000 0.000000000000 0.200000000000
0.600000000000 0.000000000000 0.200000000000
0.700000000000 0.000000000000 0.200000000000
0.800000000000 0.000000000000 0.200000000000
0.900000000000 0.000000000000 0.200000000000
1.000000000000 0.000000000000 0.200000000000
0.000000000000 0.100000000000 0.200000000000
0.100000000000 0.100000000000 0.200000000000
0.200000000000 0.100000000000 0.200000000000
0.300000000000 0.100000000000 0.200000000000
0.400000000000 0.100000000000 0.200000000000
0.500000000000 0.100000000000 0.200000000000
0.600000000000 0.100000000000 0.200000000000
0.700000000000 0.100000000000 0.200000000000
0.800000000000 0.100000000000 0.200000000000
0.900000000000 0.100000000000 0.200000000000
1.000000000000 0.100000000000 0.200000000000
0.000000000000 0.200000000000 0.200000000000
0.100000000000 0.200000000000 0.200000000000
0.200000000000 0.200000000000 0.200000000000
0.300000000000 0.200000000000 0.200000000000
0.400000000000 0.200000000000 0.200000000000
0.500000000000 0.200000000000 0.200000000000
0.600000000000 0.200000000000 0.200000000000
0.700000000000 0.200000000000 0.200000000000
0.800000000000 0.200000000000 0.200000000000
0.900000000000 0.200000000000 0.200000000000
1.000000000000 0.200000000000 0.200000000000
0.000000000000 0.300000000000 0.200000000000
0.100000000000 0.300000000000 0.200000000000
0.200000000000 0.300000000000 0.200000000000
0.300000000000 0.300000000000 0.200000000000
0.400000000000 0.300000000000 0.200000000000
0.500000000000 0.300000000000 0.200000000000
0.600000000000 0.300000000000 0.200000000000
0.700000000000 0.300000000000 0.200000000000
0.800000000000 0.300000000000 0.200000000000
0.900000000000 0.300000000000 0.200000000000
1.000000000000 0.300000000000 0.200000000000
0.000000000000 0.400000000000 0.200000000000
0.100000000000 0.400000000000 0.200000000000
0.200000000000 0.400000000000 0.200000000000
0.300000000000 0.400000000000 0.200000000000
0.400000000000 0.400000000000 0.200000000000
0.500000000000 0.400000000000 0.200000000000
0.600000000000 0.400000000000 0.200000000000
0.700000000000 0.400000000000 0.200000000000
0.800000000000 0.400000000000 0.200000000000
0.900000000000 0.400000000000 0.200000000000
1.000000000000 0.400000000000 0.200000000000
0.000000000000 0.500000000000 0.200000000000
0.100000000000 0.500000000000 0.200000000000
0.200000000000 0.500000000000 0.200000000000
0.300000000000 0.500000000000 0.200000000000
0.400000000000 0.500000000000 0.200000000000
0.500000000000 0.500000000000 0.200000000000
0.600000000000 0.500000000000 0.200000000000
0.700000000000 0.500000000000 0.200000000000
0.800000000000 0.500000000000 0.200000000000
0.900000000000 0.500000000000 0.200000000000
1.000000000000 0.500000000000 0.200000000000
0.000000000000 0.600000000000 0.200000000000
0.100000000000 0.600000000000 0.200000000000
0.200000000000 0.600000000000 0.200000000000
0.300000000000 0.600000000000 0.200000000000
0.400000000000 0.600000000000 0.200000000000
0.500000000000 0.600000000000 0.200000000000
0.600000000000 0.600000000000 0.200000000000
0.700000000000 0.600000000000 0.200000000000
0.800000000000 0.600000000000 0.200000000000
0.900000000000 0.600000000000 0.200000000000
1.000000000000 0.600000000000 0.200000000000
0.000000000000 0.700000000000 0.200000000000
0.100000000000 0.700000000000 0.200000000000
0.200000000000 0.700000000000 0.200000000000
0.300000000000 0.700000000000 0.200000000000
0.400000000000 0.700000000000 0.200000000000
0.500000000000 0.700000000000 0.200000000000
0.600000000000 0.700000000000 0.200000000000
0.700000000000 0.700000000000 0.200000000000
0.800000000000 0.700000000000 0.200000000000
0.900000000000 0.700000000000 0.200000000000
1.000000000000 0.700000000000 0.200000000000
0.000000000000 0.800000000000 0.200000000000
0.100000000000 0.800000000000 0.200000000000
0.200000000000 0.800000000000 0.200000000000
0.300000000000 0.800000000000 0.200000000000
0.400000000000 0.800000000000 0.200000000000
0.500000000000 0.800000000000 0.200000000000
0.600000000000 0.800000000000 0.200000000000
0.700000000000 0.800000000000 0.200000000000
0.800000000000 0.800000000000 0.200000000000
0.900000000000 0.800000000000 0.200000000000
1.000000000000 0.800000000000 0.200000000000
0.000000000000 0.900000000000 0.200000000000
0.100000000000 0.900000000000 0.200000000000
0.200000000000 0.900000000000 0.200000000000
0.300000000000 0.900000000000 0.200000000000
0.400000000000 0.900000000000 0.200000000000
0.500000000000 0.900000000000 0.200000000000
0.600000000000 0.900000000000 0.200000000000
0.700000000000 0.900000000000 0.200000000000
0.800000000000 0.900000000000 0.200000000000
0.900000000000 0.900000000000 0.200000000000
1.000000000000 0.900000000000 0.200000000000
0.000000000000 1.000000000000 0.200000000000
0.100000000000 1.000000000000 0.200000000000
0.200000000000 1.000000000000 0.200000000000
0.300000000000 1.000000000000 0.200000000000
0.400000000000 1.000000000000 0.200000000000
0.500000000000 1.000000000000 0.200000000000
0.600000000000 1.000000000000 0.200000000000
0.700000000000 1.000000000000 0.200000000000
0.800000000000 1.000000000000 0.200000000000
0.900000000000 1.000000000000 0.200000000000
1.000000000000 1.000000000000 0.200000000000
0.000000000000 0.000000000000 0.300000000000
0.100000000000 0.000000000000 0.300000000000
0.200000000000 0.000000000000 0.300000000000
0.300000000000 0.000000000000 0.300000000000
0.400000000000 0.000000000000 0.300000000000
0.500000000000 0.000000000000 0.300000000000
0.600000000000 0.000000000000 0.300000000000
0.700000000000 0.000000000000 0.300000000000
0.800000000000 0.000000000000 0.300000000000
0.900000000000 0.000000000000 0.300000000000
1.000000000000 0.000000000000 0.300000000000
0.000000000000 0.100000000000 0.300000000000
0.100000000000 0.100000000000 0.300000000000
0.200000000000 0.100000000000 0.300000000000
0.300000000000 0.100000000000 0.300000000000
0.400000000000 0.100000000000 0.300000000000
0.500000000000 0.100000000000 0.300000000000
0.600000000000 0.100000000000 0.300000000000
0.700000000000 0.100000000000 0.300000000000
0.800000000000 0.100000000000 0.300000000000
0.900000000000 0.100000000000 0.300000000000
1.000000000000 0.100000000000 0.300000000000
0.000000000000 0.200000000000 0.300000000000
0.100000000000 0.200000000000 0.300000000000
0.200000000000 0.200000000000 0.300000000000
0.300000000000 0.200000000000 0.300000000000
0.400000000000 0.200000000000 0.300000000000
0.500000000000 0.200000000000 0.300000000000
0.600000000000 0.200000000000 0.300000000000
0.700000000000 0.200000000000 0.300000000000
0.800000000000 0.200000000000 0.300000000000
0.900000000000 0.200000000000 0.300000000000
1.000000000000 0.200000000000 0.300000000000
0.000000000000 0.300000000000 0.300000000000
0.100000000000 0.300000000000 0.300000000000
0.200000000000 0.300000000000 0.300000000000
0.300000000000 0.300000000000 0.300000000000
0.400000000000 0.300000000000 0.300000000000
0.500000000000 0.300000000000 0.300000000000
0.600000000000 0.300000000000 0.300000000000
0.700000000000 0.300000000000 0.300000000000
0.800000000000 0.300000000000 0.300000000000
0.900000000000 0.300000000000 0.300000000000
1.000000000000 0.300000000000 0.300000000000
0.000000000000 0.400000000000 0.300000000000
0.100000000000 0.400000000000 0.300000000000
0.200000000000 0.400000000000 0.300000000000
0.300000000000 0.400000000000 0.300000000000
0.400000000000 0.400000000000 0.300000000000
0.500000000000 0.400000000000 0.300000000000
0.600000000000 0.400000000000 0.300000000000
0.700000000000 0.400000000000 0.300000000000
0.800000000000 0.400000000000 0.300000000000
0.900000000000 0.400000000000 0.300000000000
1.000000000000 0.400000000000 0.300000000000
0.000000000000 0.500000000000 0.300000000000
0.100000000000 0.500000000000 0.300000000000
0.200000000000 0.500000000000 0.300000000000
0.300000000000 0.500000000000 0.300000000000
0.400000000000 0.500000000000 0.300000000000
0.500000000000 0.500000000000 0.300000000000
0.600000000000 0.500000000000 0.300000000000
0.700000000000 0.500000000000 0.300000000000
0.800000000000 0.500000000000 0.300000000000
0.900000000000 0.500000000000 0.300000000000
1.000000000000 0.500000000000 0.300000000000
0.000000000000 0.600000000000 0.300000000000
0.100000000000 0.600000000000 0.300000000000
0.200000000000 0.600000000000 0.300000000000
0.300000000000 0.600000000000 0.300000000000
0.400000000000 0.600000000000 0.300000000000
0.500000000000 0.600000000000 0.300000000000
0.600000000000 0.600000000000 0.300000000000
0.700000000000 0.600000000000 0.300000000000
0.800000000000 0.600000000000 0.300000000000
0.900000000000 0.600000000000 0.300000000000
1.000000000000 0.600000000000 0.300000000000
0.000000000000 0.700000000000 0.300000000000
0.100000000000 0.700000000000 0.300000000000
0.200000000000 0.700000000000 0.300000000000
0.300000000000 0.700000000000 0.300000000000
0.400000000000 0.700000000000 0.300000000000
0.500000000000 0.700000000000 0.300000000000
0.600000000000 0.700000000000 0.300000000000
0.700000000000 0.700000000000 0.300000000000
0.800000000000 0.700000000000 0.300000000000
0.900000000000 0.700000000000 0.300000000000
1.000000000000 0.700000000000 0.300000000000
0.000000000000 0.800000000000 0.300000000000
0.100000000000 0.800000000000 0.300000000000
0.200000000000 0.800000000000 0.300000000000
0.300000000000 0.800000000000 0.300000000000
0.400000000000 0.800000000000 0.300000000000
0.500000000000 0.800000000000 0.300000000000
0.600000000000 0.800000000000 0.300000000000
0.700000000000 0.800000000000 0.300000000000
0.800000000000 0.800000000000 0.300000000000
0.900000000000 0.800000000000 0.300000000000
1.000000000000 0.800000000000 0.300000000000
0.000000000000 0.900000000000 0.300000000000
0.100000000000 0.900000000000 0.300000000000
0.200000000000 0.900000000000 0.300000000000
0.300000000000 0.900000000000 0.300000000000
0.400000000000 0.900000000000 0.300000000000
0.500000000000 0.900000000000 0.300000000000
0.600000000000 0.900000000000 0.300000000000
0.700000000000 0.900000000000 0.300000000000
0.800000000000 0.900000000000 0.300000000000
0.900000000000 0.900000000000 0.300000000000
1.000000000000 0.900000000000 0.300000000000
0.000000000000 1.000000000000 0.300000000000
0.100000000000 1.000000000000 0.300000000000
0.200000000000 1.000000000000 0.300000000000
0.300000000000 1.000000000000 0.300000000000
0.400000000000 1.000000000000 0.300000000000
0.500000000000 1.000000000000 0.300000000000
0.600000000000 1.000000000000 0.300000000000
0.700000000000 1.000000000000 0.300000000000
0.800000000000 1.000000000000 0.300000000000
0.900000000000 1.000000000000 0.300000000000
1.000000000000 1.000000000000 0.300000000000
0.000000000000 0.000000000000 0.400000000000
0.100000000000 0.000000000000 0.400000000000
0.200000000000 0.000000000000 0.400000000000
0.300000000000 0.000000000000 0.400000000000
0.400000000000 0.000000000000 0.400000000000
0.500000000000 0.000000000000 0.400000000000
0.600000000000 0.000000000000 0.400000000000
0.700000000000 0.000000000000 0.400000000000
0.800000000000 0.000000000000 0.400000000000
0.900000000000 0.000000000000 0.400000000000
1.000000000000 0.000000000000 0.400000000000
0.000000000000 0.100000000000 0.400000000000
0.100000000000 0.100000000000 0.400000000000
0.200000000000 0.100000000000 0.400000000000
0.300000000000 0.100000000000 0.400000000000
0.400000000000 0.100000000000 0.400000000000
0.500000000000 0.100000000000 0.400000000000
0.600000000000 0.100000000000 0.400000000000
0.700000000000 0.100000000000 0.400000000000
0.800000000000 0.100000000000 0.400000000000
0.900000000000 0.100000000000 0.400000000000
1.000000000000 0.100000000000 0.400000000000
0.000000000000 0.200000000000 0.400000000000
0.100000000000 0.200000000000 0.400000000000
0.200000000000 0.200000000000 0.400000000000
0.300000000000 0.200000000000 0.400000000000
0.400000000000 0.200000000000 0.400000000000
0.500000000000 0.200000000000 0.400000000000
0.600000000000 0.200000000000 0.400000000000
0.700000000000 0.200000000000 0.400000000000
0.800000000000 0.200000000000 0.400000000000
0.900000000000 0.200000000000 0.400000000000
1.000000000000 0.200000000000 0.400000000000
0.000000000000 0.300000000000 0.400000000000
0.100000000000 0.300000000000 0.400000000000
0.200000000000 0.300000000000 0.400000000000
0.300000000000 0.300000000000 0.400000000000
0.400000000000 0.300000000000 0.400000000000
0.500000000000 0.300000000000 0.400000000000
0.600000000000 0.300000000000 0.400000000000
0.700000000000 0.300000000000 0.400000000000
0.800000000000 0.300000000000 0.400000000000
0.900000000000 0.300000000000 0.400000000000
1.000000000000 0.300000000000 0.400000000000
0.000000000000 0.400000000000 0.400000000000
0.100000000000 0.400000000000 0.400000000000
0.200000000000 0.400000000000 0.400000000000
0.300000000000 0.400000000000 0.400000000000
0.400000000000 0.400000000000 0.400000000000
0.500000000000 0.400000000000 0.400000000000
0.600000000000 0.400000000000 0.400000000000
0.700000000000 0.400000000000 0.400000000000
0.800000000000 0.400000000000 0.400000000000
0.900000000000 0.400000000000 0.400000000000
1.000000000000 0.400000000000 0.400000000000
0.000000000000 0.500000000000 0.400000000000
0.100000000000 0.500000000000 0.400000000000
0.200000000000 0.500000000000 0.400000000000
0.300000000000 0.500000000000 0.400000000000
0.400000000000 0.500000000000 0.400000000000
0.500000000000 0.500000000000 0.400000000000
0.600000000000 0.500000000000 0.400000000000
0.700000000000 0.500000000000 0.400000000000
0.800000000000 0.500000000000 0.400000000000
0.900000000000 0.500000000000 0.400000000000
1.000000000000 0.500000000000 0.400000000000
0.000000000000 0.600000000000 0.400000000000
0.100000000000 0.600000000000 0.400000000000
0.200000000000 0.600000000000 0.400000000000
0.300000000000 0.600000000000 0.400000000000
0.400000000000 0.600000000000 0.400000000000
0.500000000000 0.600000000000 0.400000000000
0.600000000000 0.600000000000 0.400000000000
0.700000000000 0.600000000000 0.400000000000
0.800000000000 0.600000000000 0.400000000000
0.900000000000 0.600000000000 0.400000000000
1.000000000000 0.600000000000 0.400000000000
0.000000000000 0.700000000000 0.400000000000
0.100000000000 0.700000000000 0.400000000000
0.200000000000 0.700000000000 0.400000000000
0.300000000000 0.700000000000 0.400000000000
0.400000000000 0.700000000000 0.400000000000
0.500000000000 0.700000000000 0.400000000000
0.600000000000 0.700000000000 0.400000000000
0.700000000000 0.700000000000 0.400000000000
0.800000000000 0.700000000000 0.400000000000
0.900000000000 0.700000000000 0.400000000000
1.000000000000 0.700000000000 0.400000000000
0.000000000000 0.800000000000 0.400000000000
0.100000000000 0.800000000000 0.400000000000
0.200000000000 0.800000000000 0.400000000000
0.300000000000 0.800000000000 0.400000000000
0.400000000000 0.800000000000 0.400000000000
0.500000000000 0.800000000000 0.400000000000
0.600000000000 0.800000000000 0.400000000000
0.700000000000 0.800000000000 0.400000000000
0.800000000000 0.800000000000 0.400000000000
0.900000000000 0.800000000000 0.400000000000
1.000000000000 0.800000000000 0.400000000000
0.000000000000 0.900000000000 0.400000000000
0.100000000000 0.900000000000 0.400000000000
0.200000000000 0.900000000000 0.400000000000
0.300000000000 0.900000000000 0.400000000000
0.400000000000 0.900000000000 0.400000000000
0.500000000000 0.900000000000 0.400000000000
0.600000000000 0.900000000000 0.400000000000
0.700000000000 0.900000000000 0.400000000000
0.800000000000 0.900000000000 0.400000000000
0.900000000000 0.900000000000 0.400000000000
1.000000000000 0.900000000000 0.400000000000
0.000000000000 1.000000000000 0.400000000000
0.100000000000 1.000000000000 0.400000000000
0.200000000000 1.000000000000 0.400000000000
0.300000000000 1.000000000000 0.400000000000
0.400000000000 1.000000000000 0.400000000000
0.500000000000 1.000000000000 0.400000000000
0.600000000000 1.000000000000 0.400000000000
0.700000000000 1.000000000000 0.400000000000
0.800000000000 1.000000000000 0.400000000000
0.900000000000 1.000000000000 0.400000000000
1.000000000000 1.000000000000 0.400000000000
0.000000000000 0.000000000000 0.500000000000
0.100000000000 0.000000000000 0.500000000000
0.200000000000 0.000000000000 0.500000000000
0.300000000000 0.000000000000 0.500000000000
0.400000000000 0.000000000000 0.500000000000
0.500000000000 0.000000000000 0.500000000000
0.600000000000 0.000000000000 0.500000000000
0.700000000000 0.000000000000 0.500000000000
0.800000000000 0.000000000000 0.500000000000
0.900000000000 0.000000000000 0.500000000000
1.000000000000 0.000000000000 0.500000000000
0.000000000000 0.100000000000 0.500000000000
0.100000000000 0.100000000000 0.500000000000
0.200000000000 0.100000000000 0.500000000000
0.300000000000 0.100000000000 0.500000000000
0.400000000000 0.100000000000 0.500000000000
0.500000000000 0.100000000000 0.500000000000
0.600000000000 0.100000000000 0.500000000000
0.700000000000 0.100000000000 0.500000000000
0.800000000000 0.100000000000 0.500000000000
0.900000000000 0.100000000000 0.500000000000
1.000000000000 0.100000000000 0.500000000000
0.000000000000 0.200000000000 0.500000000000
0.100000000000 0.200000000000 0.500000000000
0.200000000000 0.200000000000 0.500000000000
0.300000000000 0.200000000000 0.500000000000
0.400000000000 0.200000000000 0.500000000000
0.500000000000 0.200000000000 0.500000000000
0.600000000000 0.200000000000 0.500000000000
0.700000000000 0.200000000000 0.500000000000
0.800000000000 0.200000000000 0.500000000000
0.900000000000 0.200000000000 0.500000000000
1.000000000000 0.200000000000 0.500000000000
0.000000000000 0.300000000000 0.500000000000
0.100000000000 0.300000000000 0.500000000000
0.200000000000 0.300000000000 0.500000000000
0.300000000000 0.300000000000 0.500000000000
0.400000000000 0.300000000000 0.500000000000
0.500000000000 0.300000000000 0.500000000000
0.600000000000 0.300000000000 0.500000000000
0.700000000000 0.300000000000 0.500000000000
0.800000000000 0.300000000000 0.500000000000
0.900000000000 0.300000000000 0.500000000000
1.000000000000 0.300000000000 0.500000000000
0.000000000000 0.400000000000 0.500000000000
0.100000000000 0.400000000000 0.500000000000
0.200000000000 0.400000000000 0.500000000000
0.300000000000 0.400000000000 0.500000000000
0.400000000000 0.400000000000 0.500000000000
0.500000000000 0.400000000000 0.500000000000
0.600000000000 0.400000000000 0.500000000000
0.700000000000 0.400000000000 0.500000000000
0.800000000000 0.400000000000 0.500000000000
0.900000000000 0.400000000000 0.500000000000
1.000000000000 0.400000000000 0.500000000000
0.000000000000 0.500000000000 0.500000000000
0.100000000000 0.500000000000 0.500000000000
0.200000000000 0.500000000000 0.500000000000
0.300000000000 0.500000000000 0.500000000000
0.400000000000 0.500000000000 0.500000000000
0.500000000000 0.500000000000 0.500000000000
0.600000000000 0.500000000000 0.500000000000
0.700000000000 0.500000000000 0.500000000000
0.800000000000 0.500000000000 0.500000000000
0.900000000000 0.500000000000 0.500000000000
1.000000000000 0.500000000000 0.500000000000
0.000000000000 0.600000000000 0.500000000000
0.100000000000 0.600000000000 0.500000000000
0.200000000000 0.600000000000 0.500000000000
0.300000000000 0.600000000000 0.500000000000
0.400000000000 0.600000000000 0.500000000000
0.500000000000 0.600000000000 0.500000000000
0.600000000000 0.600000000000 0.500000000000
0.700000000000 0.600000000000 0.500000000000
0.800000000000 0.600000000000 0.500000000000
0.900000000000 0.600000000000 0.500000000000
1.000000000000 0.600000000000 0.500000000000
0.000000000000 0.700000000000 0.500000000000
0.100000000000 0.700000000000 0.500000000000
0.200000000000 0.700000000000 0.500000000000
0.300000000000 0.700000000000 0.500000000000
0.400000000000 0.700000000000 0.500000000000
0.500000000000 0.700000000000 0.500000000000
0.600000000000 0.700000000000 0.500000000000
0.700000000000 0.700000000000 0.500000000000
0.800000000000 0.700000000000 0.500000000000
0.900000000000 0.700000000000 0.500000000000
1.000000000000 0.700000000000 0.500000000000
0.000000000000 0.800000000000 0.500000000000
0.100000000000 0.800000000000 0.500000000000
0.200000000000 0.800000000000 0.500000000000
0.300000000000 0.800000000000 0.500000000000
0.400000000000 0.800000000000 0.500000000000
0.500000000000 0.800000000000 0.500000000000
0.600000000000 0.800000000000 0.500000000000
0.700000000000 0.800000000000 0.500000000000
0.800000000000 0.800000000000 0.500000000000
0.900000000000 0.800000000000 0.500000000000
1.000000000000 0.800000000000 0.500000000000
0.000000000000 0.900000000000 0.500000000000
0.100000000000 0.900000000000 0.500000000000
0.200000000000 0.900000000000 0.500000000000
0.300000000000 0.900000000000 0.500000000000
0.400000000000 0.900000000000 0.500000000000
0.500000000000 0.900000000000 0.500000000000
0.600000000000 0.900000000000 0.500000000000
0.700000000000 0.900000000000 0.500000000000
0.800000000000 0.900000000000 0.500000000000
0.900000000000 0.900000000000 0.500000000000
1.000000000000 0.900000000000 0.500000000000
0.000000000000 1.000000000000 0.500000000000
0.100000000000 1.000000000000 0.500000000000
0.200000000000 1.000000000000 0.500000000000
0.300000000000 1.000000000000 0.500000000000
0.400000000000 1.000000000000 0.500000000000
0.500000000000 1.000000000000 0.500000000000
0.600000000000 1.000000000000 0.500000000000
0.700000000000 1.000000000000 0.500000000000
0.800000000000 1.000000000000 0.500000000000
0.900000000000 1.000000000000 0.500000000000
1.000000000000 1.000000000000 0.500000000000
0.000000000000 0.000000000000 0.600000000000
0.100000000000 0.000000000000 0.600000000000
0.200000000000 0.000000000000 0.600000000000
0.300000000000 0.000000000000 0.600000000000
0.400000000000 0.000000000000 0.600000000000
0.500000000000 0.000000000000 0.600000000000
0.600000000000 0.000000000000 0.600000000000
0.700000000000 0.000000000000 0.600000000000
0.800000000000 0.000000000000 0.600000000000
0.900000000000 0.000000000000 0.600000000000
1.000000000000 0.000000000000 0.600000000000
0.000000000000 0.100000000000 0.600000000000
0.100000000000 0.100000000000 0.600000000000
0.200000000000 0.100000000000 0.600000000000
0.300000000000 0.100000000000 0.600000000000
0.400000000000 0.100000000000 0.600000000000
0.500000000000 0.100000000000 0.600000000000
0.600000000000 0.100000000000 0.600000000000
0.700000000000 0.100000000000 0.600000000000
0.800000000000 0.100000000000 0.600000000000
0.900000000000 0.100000000000 0.600000000000
1.000000000000 0.100000000000 0.600000000000
0.000000000000 0.200000000000 0.600000000000
0.100000000000 0.200000000000 0.600000000000
0.200000000000 0.200000000000 0.600000000000
0.300000000000 0.200000000000 0.600000000000
0.400000000000 0.200000000000 0.600000000000
0.500000000000 0.200000000000 0.600000000000
0.600000000000 0.200000000000 0.600000000000
0.700000000000 0.200000000000 0.600000000000
0.800000000000 0.200000000000 0.600000000000
0.900000000000 0.200000000000 0.600000000000
1.000000000000 0.200000000000 0.600000000000
0.000000000000 0.300000000000 0.600000000000
0.100000000000 0.300000000000 0.600000000000
0.200000000000 0.300000000000 0.600000000000
0.300000000000 0.300000000000 0.600000000000
0.400000000000 0.300000000000 0.600000000000
0.500000000000 0.300000000000 0.600000000000
0.600000000000 0.300000000000 0.600000000000
0.700000000000 0.300000000000 0.600000000000
0.800000000000 0.300000000000 0.600000000000
0.900000000000 0.300000000000 0.600000000000
1.000000000000 0.300000000000 0.600000000000
0.000000000000 0.400000000000 0.600000000000
0.100000000000 0.400000000000 0.600000000000
0.200000000000 0.400000000000 0.600000000000
0.300000000000 0.400000000000 0.600000000000
0.400000000000 0.400000000000 0.600000000000
0.500000000000 0.400000000000 0.600000000000
0.600000000000 0.400000000000 0.600000000000
0.700000000000 0.400000000000 0.600000000000
0.800000000000 0.400000000000 0.600000000000
0.900000000000 0.400000000000 0.600000000000
1.000000000000 0.400000000000 0.600000000000
0.000000000000 0.500000000000 0.600000000000
0.100000000000 0.500000000000 0.600000000000
0.200000000000 0.500000000000 0.600000000000
0.300000000000 0.500000000000 0.600000000000
0.400000000000 0.500000000000 0.600000000000
0.500000000000 0.500000000000 0.600000000000
0.600000000000 0.500000000000 0.600000000000
0.700000000000 0.500000000000 0.600000000000
0.800000000000 0.500000000000 0.600000000000
0.900000000000 0.500000000000 0.600000000000
1.000000000000 0.500000000000 0.600000000000
0.000000000000 0.600000000000 0.600000000000
0.100000000000 0.600000000000 0.600000000000
0.200000000000 0.600000000000 0.600000000000
0.300000000000 0.600000000000 0.600000000000
0.400000000000 0.600000000000 0.600000000000
0.500000000000 0.600000000000 0.600000000000
0.600000000000 0.600000000000 0.600000000000
0.700000000000 0.600000000000 0.600000000000
0.800000000000 0.600000000000 0.600000000000
0.900000000000 0.600000000000 0.600000000000
1.000000000000 0.600000000000 0.600000000000
0.000000000000 0.700000000000 0.600000000000
0.100000000000 0.700000000000 0.600000000000
0.200000000000 0.700000000000 0.600000000000
0.300000000000 0.700000000000 0.600000000000
0.400000000000 0.700000000000 0.600000000000
0.500000000000 0.700000000000 0.600000000000
0.600000000000 0.700000000000 0.600000000000
0.700000000000 0.700000000000 0.600000000000
0.800000000000 0.700000000000 0.600000000000
0.900000000000 0.700000000000 0.600000000000
1.000000000000 0.700000000000 0.600000000000
0.000000000000 0.800000000000 0.600000000000
0.100000000000 0.800000000000 0.600000000000
0.200000000000 0.800000000000 0.600000000000
0.300000000000 0.800000000000 0.600000000000
0.400000000000 0.800000000000 0.600000000000
0.500000000000 0.800000000000 0.600000000000
0.600000000000 0.800000000000 0.600000000000
0.700000000000 0.800000000000 0.600000000000
0.800000000000 0.800000000000 0.600000000000
0.900000000000 0.800000000000 0.600000000000
1.000000000000 0.800000000000 0.600000000000
0.000000000000 0.900000000000 0.600000000000
0.100000000000 0.900000000000 0.600000000000
0.200000000000 0.900000000000 0.600000000000
0.300000000000 0.900000000000 0.600000000000
0.400000000000 0.900000000000 0.600000000000
0.500000000000 0.900000000000 0.600000000000
0.600000000000 0.900000000000 0.600000000000
0.700000000000 0.900000000000 0.600000000000
0.800000000000 0.900000000000 0.600000000000
0.900000000000 0.900000000000 0.600000000000
1.000000000000 0.900000000000 0.600000000000
0.000000000000 1.000000000000 0.600000000000
0.100000000000 1.000000000000 0.600000000000
0.200000000000 1.000000000000 0.600000000000
0.300000000000 1.000000000000 0.600000000000
0.400000000000 1.000000000000 0.600000000000
0.500000000000 1.000000000000 0.600000000000
0.600000000000 1.000000000000 0.600000000000
0.700000000000 1.000000000000 0.600000000000
0.800000000000 1.000000000000 0.600000000000
0.900000000000 1.000000000000 0.600000000000
1.000000000000 1.000000000000 0.600000000000
0.000000000000 0.000000000000 0.700000000000
0.100000000000 0.000000000000 0.700000000000
0.200000000000 0.000000000000 0.700000000000
0.300000000000 0.000000000000 0.700000000000
0.400000000000 0.000000000000 0.700000000000
0.500000000000 0.000000000000 0.700000000000
0.600000000000 0.000000000000 0.700000000000
0.700000000000 0.000000000000 0.700000000000
0.800000000000 0.000000000000 0.700000000000
0.900000000000 0.000000000000 0.700000000000
1.000000000000 0.000000000000 0.700000000000
0.000000000000 0.100000000000 0.700000000000
0.100000000000 0.100000000000 0.700000000000
0.200000000000 0.100000000000 0.700000000000
0.300000000000 0.100000000000 0.700000000000
0.400000000000 0.100000000000 0.700000000000
0.500000000000 0.100000000000 0.700000000000
0.600000000000 0.100000000000 0.700000000000
0.700000000000 0.100000000000 0.700000000000
0.800000000000 0.100000000000 0.700000000000
0.900000000000 0.100000000000 0.700000000000
1.000000000000 0.100000000000 0.700000000000
0.000000000000 0.200000000000 0.700000000000
0.100000000000 0.200000000000 0.700000000000
0.200000000000 0.200000000000 0.700000000000
0.300000000000 0.200000000000 0.700000000000
0.400000000000 0.200000000000 0.700000000000
0.500000000000 0.200000000000 0.700000000000
0.600000000000 0.200000000000 0.700000000000
0.700000000000 0.200000000000 0.700000000000
0.800000000000 0.200000000000 0.700000000000
0.900000000000 0.200000000000 0.700000000000
1.000000000000 0.200000000000 0.700000000000
0.000000000000 0.300000000000 0.700000000000
0.100000000000 0.300000000000 0.700000000000
0.200000000000 0.300000000000 0.700000000000
0.300000000000 0.300000000000 0.700000000000
0.400000000000 0.300000000000 0.700000000000
0.500000000000 0.300000000000 0.700000000000
0.600000000000 0.300000000000 0.700000000000
0.700000000000 0.300000000000 0.700000000000
0.800000000000 0.300000000000 0.700000000000
0.900000000000 0.300000000000 0.700000000000
1.000000000000 0.300000000000 0.700000000000
0.000000000000 0.400000000000 0.700000000000
0.100000000000 0.400000000000 0.700000000000
0.200000000000 0.400000000000 0.700000000000
0.300000000000 0.400000000000 0.700000000000
0.400000000000 0.400000000000 0.700000000000
0.500000000000 0.400000000000 0.700000000000
0.600000000000 0.400000000000 0.700000000000
0.700000000000 0.400000000000 0.700000000000
0.800000000000 0.400000000000 0.700000000000
0.900000000000 0.400000000000 0.700000000000
1.000000000000 0.400000000000 0.700000000000
0.000000000000 0.500000000000 0.700000000000
0.100000000000 0.500000000000 0.700000000000
0.200000000000 0.500000000000 0.700000000000
0.300000000000 0.500000000000 0.700000000000
0.400000000000 0.500000000000 0.700000000000
0.500000000000 0.500000000000 0.700000000000
0.600000000000 0.500000000000 0.700000000000
0.700000000000 0.500000000000 0.700000000000
0.800000000000 0.500000000000 0.700000000000
0.900000000000 0.500000000000 0.700000000000
1.000000000000 0.500000000000 0.700000000000
0.000000000000 0.600000000000 0.700000000000
0.100000000000 0.600000000000 0.700000000000
0.200000000000 0.600000000000 0.700000000000
0.300000000000 0.600000000000 0.700000000000
0.400000000000 0.600000000000 0.700000000000
0.500000000000 0.600000000000 0.700000000000
0.600000000000 0.600000000000 0.700000000000
0.700000000000 0.600000000000 0.700000000000
0.800000000000 0.600000000000 0.700000000000
0.900000000000 0.600000000000 0.700000000000
1.000000000000 0.600000000000 0.700000000000
0.000000000000 0.700000000000 0.700000000000
0.100000000000 0.700000000000 0.700000000000
0.200000000000 0.700000000000 0.700000000000
0.300000000000 0.700000000000 0.700000000000
0.400000000000 0.700000000000 0.700000000000
0.500000000000 0.700000000000 0.700000000000
0.600000000000 0.700000000000 0.700000000000
0.700000000000 0.700000000000 0.700000000000
0.800000000000 0.700000000000 0.700000000000
0.900000000000 0.700000000000 0.700000000000
1.000000000000 0.700000000000 0.700000000000
0.000000000000 0.800000000000 0.700000000000
0.100000000000 0.800000000000 0.700000000000
0.200000000000 0.800000000000 0.700000000000
0.300000000000 0.800000000000 0.700000000000
0.400000000000 0.800000000000 0.700000000000
0.500000000000 0.800000000000 0.700000000000
0.600000000000 0.800000000000 0.700000000000
0.700000000000 0.800000000000 0.700000000000
0.800000000000 0.800000000000 0.700000000000
0.900000000000 0.800000000000 0.700000000000
1.000000000000 0.800000000000 0.700000000000
0.000000000000 0.900000000000 0.700000000000
0.100000000000 0.900000000000 0.700000000000
0.200000000000 0.900000000000 0.700000000000
0.300000000000 0.900000000000 0.700000000000
0.400000000000 0.900000000000 0.700000000000
0.500000000000 0.900000000000 0.700000000000
0.600000000000 0.900000000000 0.700000000000
0.700000000000 0.900000000000 0.700000000000
0.800000000000 0.900000000000 0.700000000000
0.900000000000 0.900000000000 0.700000000000
1.000000000000 0.900000000000 0.700000000000
0.000000000000 1.000000000000 0.700000000000
0.100000000000 1.000000000000 0.700000000000
0.200000000000 1.000000000000 0.700000000000
0.300000000000 1.000000000000 0.700000000000
0.400000000000 1.000000000000 0.700000000000
0.500000000000 1.000000000000 0.700000000000
0.600000000000 1.000000000000 0.700000000000
0.700000000000 1.000000000000 0.700000000000
0.800000000000 1.000000000000 0.700000000000
0.900000000000 1.000000000000 0.700000000000
1.000000000000 1.000000000000 0.700000000000
0.000000000000 0.000000000000 0.800000000000
0.100000000000 0.000000000000 0.800000000000
0.200000000000 0.000000000000 0.800000000000
0.300000000000 0.000000000000 0.800000000000
0.400000000000 0.000000000000 0.800000000000
0.500000000000 0.000000000000 0.800000000000
0.600000000000 0.000000000000 0.800000000000
0.700000000000 0.000000000000 0.800000000000
0.800000000000 0.000000000000 0.800000000000
0.900000000000 0.000000000000 0.800000000000
1.000000000000 0.000000000000 0.800000000000
0.000000000000 0.100000000000 0.800000000000
0.100000000000 0.100000000000 0.800000000000
0.200000000000 0.100000000000 0.800000000000
0.300000000000 0.100000000000 0.800000000000
0.400000000000 0.100000000000 0.800000000000
0.500000000000 0.100000000000 0.800000000000
0.600000000000 0.100000000000 0.800000000000
0.700000000000 0.100000000000 0.800000000000
0.800000000000 0.100000000000 0.800000000000
0.900000000000 0.100000000000 0.800000000000
1.000000000000 0.100000000000 0.800000000000
0.000000000000 0.200000000000 0.800000000000
0.100000000000 0.200000000000 0.800000000000
0.200000000000 0.200000000000 0.800000000000
0.300000000000 0.200000000000 0.800000000000
0.400000000000 0.200000000000 0.800000000000
0.500000000000 0.200000000000 0.800000000000
0.600000000000 0.200000000000 0.800000000000
0.700000000000 0.200000000000 0.800000000000
0.800000000000 0.200000000000 0.800000000000
0.900000000000 0.200000000000 0.800000000000
1.000000000000 0.200000000000 0.800000000000
0.000000000000 0.300000000000 0.800000000000
0.100000000000 0.300000000000 0.800000000000
0.200000000000 0.300000000000 0.800000000000
0.300000000000 0.300000000000 0.800000000000
0.400000000000 0.300000000000 0.800000000000
0.500000000000 0.300000000000 0.800000000000
0.600000000000 0.300000000000 0.800000000000
0.700000000000 0.300000000000 0.800000000000
0.800000000000 0.300000000000 0.800000000000
0.900000000000 0.300000000000 0.800000000000
1.000000000000 0.300000000000 0.800000000000
0.000000000000 0.400000000000 0.800000000000
0.100000000000 0.400000000000 0.800000000000
0.200000000000 0.400000000000 0.800000000000
0.300000000000 0.400000000000 0.800000000000
0.400000000000 0.400000000000 0.800000000000
0.500000000000 0.400000000000 0.800000000000
0.600000000000 0.400000000000 0.800000000000
0.700000000000 0.400000000000 0.800000000000
0.800000000000 0.400000000000 0.800000000000
0.900000000000 0.400000000000 0.800000000000
1.000000000000 0.400000000000 0.800000000000
0.000000000000 0.500000000000 0.800000000000
0.100000000000 0.500000000000 0.800000000000
0.200000000000 0.500000000000 0.800000000000
0.300000000000 0.500000000000 0.800000000000
0.400000000000 0.500000000000 0.800000000000
0.500000000000 0.500000000000 0.800000000000
0.600000000000 0.500000000000 0.800000000000
0.700000000000 0.500000000000 0.800000000000
0.800000000000 0.500000000000 0.800000000000
0.900000000000 0.500000000000 0.800000000000
1.000000000000 0.500000000000 0.800000000000
0.000000000000 0.600000000000 0.800000000000
0.100000000000 0.600000000000 0.800000000000
0.200000000000 0.600000000000 0.800000000000
0.300000000000 0.600000000000 0.800000000000
0.400000000000 0.600000000000 0.800000000000
0.500000000000 0.600000000000 0.800000000000
0.600000000000 0.600000000000 0.800000000000
0.700000000000 0.600000000000 0.800000000000
0.800000000000 0.600000000000 0.800000000000
0.900000000000 0.600000000000 0.800000000000
1.000000000000 0.600000000000 0.800000000000
0.000000000000 0.700000000000 0.800000000000
0.100000000000 0.700000000000 0.800000000000
0.200000000000 0.700000000000 0.800000000000
0.300000000000 0.700000000000 0.800000000000
0.400000000000 0.700000000000 0.800000000000
0.500000000000 0.700000000000 0.800000000000
0.600000000000 0.700000000000 0.800000000000
0.700000000000 0.700000000000 0.800000000000
0.800000000000 0.700000000000 0.800000000000
0.900000000000 0.700000000000 0.800000000000
1.000000000000 0.700000000000 0.800000000000
0.000000000000 0.800000000000 0.800000000000
0.100000000000 0.800000000000 0.800000000000
0.200000000000 0.800000000000 0.800000000000
0.300000000000 0.800000000000 0.800000000000
0.400000000000 0.800000000000 0.800000000000
0.500000000000 0.800000000000 0.800000000000
0.600000000000 0.800000000000 0.800000000000
0.700000000000 0.800000000000 0.800000000000
0.800000000000 0.800000000000 0.800000000000
0.900000000000 0.800000000000 0.800000000000
1.000000000000 0.800000000000 0.800000000000
0.000000000000 0.900000000000 0.800000000000
0.100000000000 0.900000000000 0.800000000000
0.200000000000 0.900000000000 0.800000000000
0.300000000000 0.900000000000 0.800000000000
0.400000000000 0.900000000000 0.800000000000
0.500000000000 0.900000000000 0.800000000000
0.600000000000 0.900000000000 0.800000000000
0.700000000000 0.900000000000 0.800000000000
0.800000000000 0.900000000000 0.800000000000
0.900000000000 0.900000000000 0.800000000000
1.000000000000 0.900000000000 0.800000000000
0.000000000000 1.000000000000 0.800000000000
0.100000000000 1.000000000000 0.800000000000
0.200000000000 1.000000000000 0.800000000000
0.300000000000 1.000000000000 0.800000000000
0.400000000000 1.000000000000 0.800000000000
0.500000000000 1.000000000000 0.800000000000
0.600000000000 1.000000000000 0.800000000000
0.700000000000 1.000000000000 0.800000000000
0.800000000000 1.000000000000 0.800000000000
0.900000000000 1.000000000000 0.800000000000
1.000000000000 1.000000000000 0.800000000000
0.000000000000 0.000000000000 0.900000000000
0.100000000000 0.000000000000 0.900000000000
0.200000000000 0.000000000000 0.900000000000
0.300000000000 0.000000000000 0.900000000000
0.400000000000 0.000000000000 0.900000000000
0.500000000000 0.000000000000 0.900000000000
0.600000000000 0.000000000000 0.900000000000
0.700000000000 0.000000000000 0.900000000000
0.800000000000 0.000000000000 0.900000000000
0.900000000000 0.000000000000 0.900000000000
1.000000000000 0.000000000000 0.900000000000
0.000000000000 0.100000000000 0.900000000000
0.100000000000 0.100000000000 0.900000000000
0.200000000000 0.100000000000 0.900000000000
0.300000000000 0.100000000000 0.900000000000
0.400000000000 0.100000000000 0.900000000000
0.500000000000 0.100000000000 0.900000000000
0.600000000000 0.100000000000 0.900000000000
0.700000000000 0.100000000000 0.900000000000
0.800000000000 0.100000000000 0.900000000000
0.900000000000 0.100000000000 0.900000000000
1.000000000000 0.100000000000 0.900000000000
0.000000000000 0.200000000000 0.900000000000
0.100000000000 0.200000000000 0.900000000000
0.200000000000 0.200000000000 0.900000000000
0.300000000000 0.200000000000 0.900000000000
0.400000000000 0.200000000000 0.900000000000
0.500000000000 0.200000000000 0.900000000000
0.600000000000 0.200000000000 0.900000000000
0.700000000000 0.200000000000 0.900000000000
0.800000000000 0.200000000000 0.900000000000
0.900000000000 0.200000000000 0.900000000000
1.000000000000 0.200000000000 0.900000000000
0.000000000000 0.300000000000 0.900000000000
0.100000000000 0.300000000000 0.900000000000
0.200000000000 0.300000000000 0.900000000000
0.300000000000 0.300000000000 0.900000000000
0.400000000000 0.300000000000 0.900000000000
0.500000000000 0.300000000000 0.900000000000
0.600000000000 0.300000000000 0.900000000000
0.700000000000 0.300000000000 0.900000000000
0.800000000000 0.300000000000 0.900000000000
0.900000000000 0.300000000000 0.900000000000
1.000000000000 0.300000000000 0.900000000000
0.000000000000 0.400000000000 0.900000000000
0.100000000000 0.400000000000 0.900000000000
0.200000000000 0.400000000000 0.900000000000
0.300000000000 0.400000000000 0.900000000000
0.400000000000 0.400000000000 0.900000000000
0.500000000000 0.400000000000 0.900000000000
0.600000000000 0.400000000000 0.900000000000
0.700000000000 0.400000000000 0.900000000000
0.800000000000 0.400000000000 0.900000000000
0.900000000000 0.400000000000 0.900000000000
1.000000000000 0.400000000000 0.900000000000
0.000000000000 0.500000000000 0.900000000000
0.100000000000 0.500000000000 0.900000000000
0.200000000000 0.500000000000 0.900000000000
0.300000000000 0.500000000000 0.900000000000
0.400000000000 0.500000000000 0.900000000000
0.500000000000 0.500000000000 0.900000000000
0.600000000000 0.500000000000 0.900000000000
0.700000000000 0.500000000000 0.900000000000
0.800000000000 0.500000000000 0.900000000000
0.900000000000 0.500000000000 0.900000000000
1.000000000000 0.500000000000 0.900000000000
0.000000000000 0.600000000000 0.900000000000
0.100000000000 0.600000000000 0.900000000000
0.200000000000 0.600000000000 0.900000000000
0.300000000000 0.600000000000 0.900000000000
0.400000000000 0.600000000000 0.900000000000
0.500000000000 0.600000000000 0.900000000000
0.600000000000 0.600000000000 0.900000000000
0.700000000000 0.600000000000 0.900000000000
0.800000000000 0.600000000000 0.900000000000
0.900000000000 0.600000000000 0.900000000000
1.000000000000 0.600000000000 0.900000000000
0.000000000000 0.700000000000 0.900000000000
0.100000000000 0.700000000000 0.900000000000
0.200000000000 0.700000000000 0.900000000000
0.300000000000 0.700000000000 0.900000000000
0.400000000000 0.700000000000 0.900000000000
0.500000000000 0.700000000000 0.900000000000
0.600000000000 0.700000000000 0.900000000000
0.700000000000 0.700000000000 0.900000000000
0.800000000000 0.700000000000 0.900000000000
0.900000000000 0.700000000000 0.900000000000
1.000000000000 0.700000000000 0.900000000000
0.000000000000 0.800000000000 0.900000000000
0.100000000000 0.800000000000 0.900000000000
0.200000000000 0.800000000000 0.900000000000
0.300000000000 0.800000000000 0.900000000000
0.400000000000 0.800000000000 0.900000000000
0.500000000000 0.800000000000 0.900000000000
0.600000000000 0.800000000000 0.900000000000
0.700000000000 0.800000000000 0.900000000000
0.800000000000 0.800000000000 0.900000000000
0.900000000000 0.800000000000 0.900000000000
1.000000000000 0.800000000000 0.900000000000
0.000000000000 0.900000000000 0.900000000000
0.100000000000 0.900000000000 0.900000000000
0.200000000000 0.900000000000 0.900000000000
0.300000000000 0.900000000000 0.900000000000
0.400000000000 0.900000000000 0.900000000000
0.500000000000 0.900000000000 0.900000000000
0.600000000000 0.900000000000 0.900000000000
0.700000000000 0.900000000000 0.900000000000
0.800000000000 0.900000000000 0.900000000000
0.900000000000 0.900000000000 0.900000000000
1.000000000000 0.900000000000 0.900000000000
0.000000000000 1.000000000000 0.900000000000
0.100000000000 1.000000000000 0.900000000000
0.200000000000 1.000000000000 0.900000000000
0.300000000000 1.000000000000 0.900000000000
0.400000000000 1.000000000000 0.900000000000
0.500000000000 1.000000000000 0.900000000000
0.600000000000 1.000000000000 0.900000000000
0.700000000000 1.000000000000 0.900000000000
0.800000000000 1.000000000000 0.900000000000
0.900000000000 1.000000000000 0.900000000000
1.000000000000 1.000000000000 0.900000000000
0.000000000000 0.000000000000 1.000000000000
0.100000000000 0.000000000000 1.000000000000
0.200000000000 0.000000000000 1.000000000000
0.300000000000 0.000000000000 1.000000000000
0.400000000000 0.000000000000 1.000000000000
0.500000000000 0.000000000000 1.000000000000
0.600000000000 0.000000000000 1.000000000000
0.700000000000 0.000000000000 1.000000000000
0.800000000000 0.000000000000 1.000000000000
0.900000000000 0.000000000000 1.000000000000
1.000000000000 0.000000000000 1.000000000000
0.000000000000 0.100000000000 1.000000000000
0.100000000000 0.100000000000 1.000000000000
0.200000000000 0.100000000000 1.000000000000
0.300000000000 0.100000000000 1.000000000000
0.400000000000 0.100000000000 1.000000000000
0.500000000000 0.100000000000 1.000000000000
0.600000000000 0.100000000000 1.000000000000
0.700000000000 0.100000000000 1.000000000000
0.800000000000 0.100000000000 1.000000000000
0.900000000000 0.100000000000 1.000000000000
1.000000000000 0.100000000000 1.000000000000
0.000000000000 0.200000000000 1.000000000000
0.100000000000 0.200000000000 1.000000000000
0.200000000000 0.200000000000 1.000000000000
0.300000000000 0.200000000000 1.000000000000
0.400000000000 0.200000000000 1.000000000000
0.500000000000 0.200000000000 1.000000000000
0.600000000000 0.200000000000 1.000000000000
0.700000000000 0.200000000000 1.000000000000
0.800000000000 0.200000000000 1.000000000000
0.900000000000 0.200000000000 1.000000000000
1.000000000000 0.200000000000 1.000000000000
0.000000000000 0.300000000000 1.000000000000
0.100000000000 0.300000000000 1.000000000000
0.200000000000 0.300000000000 1.000000000000
0.300000000000 0.300000000000 1.000000000000
0.400000000000 0.300000000000 1.000000000000
0.500000000000 0.300000000000 1.000000000000
0.600000000000 0.300000000000 1.000000000000
0.700000000000 0.300000000000 1.000000000000
0.800000000000 0.300000000000 1.000000000000
0.900000000000 0.300000000000 1.000000000000
1.000000000000 0.300000000000 1.000000000000
0.000000000000 0.400000000000 1.000000000000
0.100000000000 0.400000000000 1.000000000000
0.200000000000 0.400000000000 1.000000000000
0.300000000000 0.400000000000 1.000000000000
0.400000000000 0.400000000000 1.000000000000
0.500000000000 0.400000000000 1.000000000000
0.600000000000 0.400000000000 1.000000000000
0.700000000000 0.400000000000 1.000000000000
0.800000000000 0.400000000000 1.000000000000
0.900000000000 0.400000000000 1.000000000000
1.000000000000 0.400000000000 1.000000000000
0.000000000000 0.500000000000 1.000000000000
0.100000000000 0.500000000000 1.000000000000
0.200000000000 0.500000000000 1.000000000000
0.300000000000 0.500000000000 1.000000000000
0.400000000000 0.500000000000 1.000000000000
0.500000000000 0.500000000000 1.000000000000
0.600000000000 0.500000000000 1.000000000000
0.700000000000 0.500000000000 1.000000000000
0.800000000000 0.500000000000 1.000000000000
0.900000000000 0.500000000000 1.000000000000
1.000000000000 0.500000000000 1.000000000000
0.000000000000 0.600000000000 1.000000000000
0.100000000000 0.600000000000 1.000000000000
0.200000000000 0.600000000000 1.000000000000
0.300000000000 0.600000000000 1.000000000000
0.400000000000 0.600000000000 1.000000000000
0.500000000000 0.600000000000 1.000000000000
0.600000000000 0.600000000000 1.000000000000
0.700000000000 0.600000000000 1.000000000000
0.800000000000 0.600000000000 1.000000000000
0.900000000000 0.600000000000 1.000000000000
1.000000000000 0.600000000000 1.000000000000
0.000000000000 0.700000000000 1.000000000000
0.100000000000 0.700000000000 1.000000000000
0.200000000000 0.700000000000 1.000000000000
0.300000000000 0.700000000000 1.000000000000
0.400000000000 0.700000000000 1.000000000000
0.500000000000 0.700000000000 1.000000000000
0.600000000000 0.700000000000 1.000000000000
0.700000000000 0.700000000000 1.000000000000
0.800000000000 0.700000000000 1.000000000000
0.900000000000 0.700000000000 1.000000000000
1.000000000000 0.700000000000 1.000000000000
0.000000000000 0.800000000000 1.000000000000
0.100000000000 0.800000000000 1.000000000000
0.200000000000 0.800000000000 1.000000000000
0.300000000000 0.800000000000 1.000000000000
0.400000000000 0.800000000000 1.000000000000
0.500000000000 0.800000000000 1.000000000000
0.600000000000 0.800000000000 1.000000000000
0.700000000000 0.800000000000 1.000000000000
0.800000000000 0.800000000000 1.000000000000
0.900000000000 0.800000000000 1.000000000000
1.000000000000 0.800000000000 1.000000000000
0.000000000000 0.900000000000 1.000000000000
0.100000000000 0.900000000000 1.000000000000
0.200000000000 0.900000000000 1.000000000000
0.300000000000 0.900000000000 1.000000000000
0.400000000000 0.900000000000 1.000000000000
0.500000000000 0.900000000000 1.000000000000
0.600000000000 0.900000000000 1.000000000000
0.700000000000 0.900000000000 1.000000000000
0.800000000000 0.900000000000 1.000000000000
0.900000000000 0.900000000000 1.000000000000
1.000000000000 0.900000000000 1.000000000000
0.000000000000 1.000000000000 1.000000000000
0.100000000000 1.000000000000 1.000000000000
0.200000000000 1.000000000000 1.000000000000
0.300000000000 1.000000000000 1.000000000000
0.400000000000 1.000000000000 1.000000000000
0.500000000000 1.000000000000 1.000000000000
0.600000000000 1.000000000000 1.000000000000
0.700000000000 1.000000000000 1.000000000000
0.800000000000 1.000000000000 1.000000000000
0.900000000000 1.000000000000 1.000000000000
1.000000000000 1.000000000000 1.000000000000
