0.071428571429 0.071428571429 0.071428571429
0.071428571429 0.071428571429 0.214285714286
0.071428571429 0.071428571429 0.357142857143
0.071428571429 0.071428571429 0.500000000000
0.071428571429 0.071428571429 0.642857142857
0.071428571429 0.071428571429 0.785714285714
0.071428571429 0.071428571429 0.928571428571
0.071428571429 0.214285714286 0.071428571429
0.071428571429 0.214285714286 0.214285714286
0.071428571429 0.214285714286 0.357142857143
0.071428571429 0.214285714286 0.500000000000
0.071428571429 0.214285714286 0.642857142857
0.071428571429 0.214285714286 0.785714285714
0.071428571429 0.214285714286 0.928571428571
0.071428571429 0.357142857143 0.071428571429
0.071428571429 0.357142857143 0.214285714286
0.071428571429 0.357142857143 0.357142857143
0.071428571429 0.357142857143 0.500000000000
0.071428571429 0.357142857143 0.642857142857
0.071428571429 0.357142857143 0.785714285714
0.071428571429 0.357142857143 0.928571428571
0.071428571429 0.500000000000 0.071428571429
0.071428571429 0.500000000000 0.214285714286
0.071428571429 0.500000000000 0.357142857143
0.071428571429 0.500000000000 0.500000000000
0.071428571429 0.500000000000 0.642857142857
0.071428571429 0.500000000000 0.785714285714
0.071428571429 0.500000000000 0.928571428571
0.071428571429 0.642857142857 0.071428571429
0.071428571429 0.642857142857 0.214285714286
0.071428571429 0.642857142857 0.357142857143
0.071428571429 0.642857142857 0.500000000000
0.071428571429 0.642857142857 0.642857142857
0.071428571429 0.642857142857 0.785714285714
0.071428571429 0.642857142857 0.928571428571
0.071428571429 0.785714285714 0.071428571429
0.071428571429 0.785714285714 0.214285714286
0.071428571429 0.785714285714 0.357142857143
0.071428571429 0.785714285714 0.500000000000
0.071428571429 0.785714285714 0.642857142857
0.071428571429 0.785714285714 0.785714285714
0.071428571429 0.785714285714 0.928571428571
0.071428571429 0.928571428571 0.071428571429
0.071428571429 0.928571428571 0.214285714286
0.071428571429 0.928571428571 0.357142857143
0.071428571429 0.928571428571 0.500000000000
0.071428571429 0.928571428571 0.642857142857
0.071428571429 0.928571428571 0.785714285714
0.071428571429 0.928571428571 0.928571428571
0.214285714286 0.071428571429 0.071428571429
0.214285714286 0.071428571429 0.214285714286
0.214285714286 0.071428571429 0.357142857143
0.214285714286 0.071428571429 0.500000000000
0.214285714286 0.071428571429 0.642857142857
0.214285714286 0.071428571429 0.785714285714
0.214285714286 0.071428571429 0.928571428571
0.214285714286 0.214285714286 0.071428571429
0.214285714286 0.214285714286 0.214285714286
0.214285714286 0.214285714286 0.357142857143
0.214285714286 0.214285714286 0.500000000000
0.214285714286 0.214285714286 0.642857142857
0.214285714286 0.214285714286 0.785714285714
0.214285714286 0.214285714286 0.928571428571
0.214285714286 0.357142857143 0.071428571429
0.214285714286 0.357142857143 0.214285714286
0.214285714286 0.357142857143 0.357142857143
0.214285714286 0.357142857143 0.500000000000
0.214285714286 0.357142857143 0.642857142857
0.214285714286 0.357142857143 0.785714285714
0.214285714286 0.357142857143 0.928571428571
0.214285714286 0.500000000000 0.071428571429
0.214285714286 0.500000000000 0.214285714286
0.214285714286 0.500000000000 0.357142857143
0.214285714286 0.500000000000 0.500000000000
0.214285714286 0.500000000000 0.642857142857
0.214285714286 0.500000000000 0.785714285714
0.214285714286 0.500000000000 0.928571428571
0.214285714286 0.642857142857 0.071428571429
0.214285714286 0.642857142857 0.214285714286
0.214285714286 0.642857142857 0.357142857143
0.214285714286 0.642857142857 0.500000000000
0.214285714286 0.642857142857 0.642857142857
0.214285714286 0.642857142857 0.785714285714
0.214285714286 0.642857142857 0.928571428571
0.214285714286 0.785714285714 0.071428571429
0.214285714286 0.785714285714 0.214285714286
0.214285714286 0.785714285714 0.357142857143
0.214285714286 0.785714285714 0.500000000000
0.214285714286 0.785714285714 0.642857142857
0.214285714286 0.785714285714 0.785714285714
0.214285714286 0.785714285714 0.928571428571
0.214285714286 0.928571428571 0.071428571429
0.214285714286 0.928571428571 0.214285714286
0.214285714286 0.928571428571 0.357142857143
0.214285714286 0.928571428571 0.500000000000
0.214285714286 0.928571428571 0.642857142857
0.214285714286 0.928571428571 0.785714285714
0.214285714286 0.928571428571 0.928571428571
0.357142857143 0.071428571429 0.071428571429
0.357142857143 0.071428571429 0.214285714286
0.357142857143 0.071428571429 0.357142857143
0.357142857143 0.071428571429 0.500000000000
0.357142857143 0.071428571429 0.642857142857
0.357142857143 0.071428571429 0.785714285714
0.357142857143 0.071428571429 0.928571428571
0.357142857143 0.214285714286 0.071428571429
0.357142857143 0.214285714286 0.214285714286
0.357142857143 0.214285714286 0.357142857143
0.357142857143 0.214285714286 0.500000000000
0.357142857143 0.214285714286 0.642857142857
0.357142857143 0.214285714286 0.785714285714
0.357142857143 0.214285714286 0.928571428571
0.357142857143 0.357142857143 0.071428571429
0.357142857143 0.357142857143 0.214285714286
0.357142857143 0.357142857143 0.357142857143
0.357142857143 0.357142857143 0.500000000000
0.357142857143 0.357142857143 0.642857142857
0.357142857143 0.357142857143 0.785714285714
0.357142857143 0.357142857143 0.928571428571
0.357142857143 0.500000000000 0.071428571429
0.357142857143 0.500000000000 0.214285714286
0.357142857143 0.500000000000 0.357142857143
0.357142857143 0.500000000000 0.500000000000
0.357142857143 0.500000000000 0.642857142857
0.357142857143 0.500000000000 0.785714285714
0.357142857143 0.500000000000 0.928571428571
0.357142857143 0.642857142857 0.071428571429
0.357142857143 0.642857142857 0.214285714286
0.357142857143 0.642857142857 0.357142857143
0.357142857143 0.642857142857 0.500000000000
0.357142857143 0.642857142857 0.642857142857
0.357142857143 0.642857142857 0.785714285714
0.357142857143 0.642857142857 0.928571428571
0.357142857143 0.785714285714 0.071428571429
0.357142857143 0.785714285714 0.214285714286
0.357142857143 0.785714285714 0.357142857143
0.357142857143 0.785714285714 0.500000000000
0.357142857143 0.785714285714 0.642857142857
0.357142857143 0.785714285714 0.785714285714
0.357142857143 0.785714285714 0.928571428571
0.357142857143 0.928571428571 0.071428571429
0.357142857143 0.928571428571 0.214285714286
0.357142857143 0.928571428571 0.357142857143
0.357142857143 0.928571428571 0.500000000000
0.357142857143 0.928571428571 0.642857142857
0.357142857143 0.928571428571 0.785714285714
0.357142857143 0.928571428571 0.928571428571
0.500000000000 0.071428571429 0.071428571429
0.500000000000 0.071428571429 0.214285714286
0.500000000000 0.071428571429 0.357142857143
0.500000000000 0.071428571429 0.500000000000
0.500000000000 0.071428571429 0.642857142857
0.500000000000 0.071428571429 0.785714285714
0.500000000000 0.071428571429 0.928571428571
0.500000000000 0.214285714286 0.071428571429
0.500000000000 0.214285714286 0.214285714286
0.500000000000 0.214285714286 0.357142857143
0.500000000000 0.214285714286 0.500000000000
0.500000000000 0.214285714286 0.642857142857
0.500000000000 0.214285714286 0.785714285714
0.500000000000 0.214285714286 0.928571428571
0.500000000000 0.357142857143 0.071428571429
0.500000000000 0.357142857143 0.214285714286
0.500000000000 0.357142857143 0.357142857143
0.500000000000 0.357142857143 0.500000000000
0.500000000000 0.357142857143 0.642857142857
0.500000000000 0.357142857143 0.785714285714
0.500000000000 0.357142857143 0.928571428571
0.500000000000 0.500000000000 0.071428571429
0.500000000000 0.500000000000 0.214285714286
0.500000000000 0.500000000000 0.357142857143
0.500000000000 0.500000000000 0.500000000000
0.500000000000 0.500000000000 0.642857142857
0.500000000000 0.500000000000 0.785714285714
0.500000000000 0.500000000000 0.928571428571
0.500000000000 0.642857142857 0.071428571429
0.500000000000 0.642857142857 0.214285714286
0.500000000000 0.642857142857 0.357142857143
0.500000000000 0.642857142857 0.500000000000
0.500000000000 0.642857142857 0.642857142857
0.500000000000 0.642857142857 0.785714285714
0.500000000000 0.642857142857 0.928571428571
0.500000000000 0.785714285714 0.071428571429
0.500000000000 0.785714285714 0.214285714286
0.500000000000 0.785714285714 0.357142857143
0.500000000000 0.785714285714 0.500000000000
0.500000000000 0.785714285714 0.642857142857
0.500000000000 0.785714285714 0.785714285714
0.500000000000 0.785714285714 0.928571428571
0.500000000000 0.928571428571 0.071428571429
0.500000000000 0.928571428571 0.214285714286
0.500000000000 0.928571428571 0.357142857143
0.500000000000 0.928571428571 0.500000000000
0.500000000000 0.928571428571 0.642857142857
0.500000000000 0.928571428571 0.785714285714
0.500000000000 0.928571428571 0.928571428571
0.642857142857 0.071428571429 0.071428571429
0.642857142857 0.071428571429 0.214285714286
0.642857142857 0.071428571429 0.357142857143
0.642857142857 0.071428571429 0.500000000000
0.642857142857 0.071428571429 0.642857142857
0.642857142857 0.071428571429 0.785714285714
0.642857142857 0.071428571429 0.928571428571
0.642857142857 0.214285714286 0.071428571429
0.642857142857 0.214285714286 0.214285714286
0.642857142857 0.214285714286 0.357142857143
0.642857142857 0.214285714286 0.500000000000
0.642857142857 0.214285714286 0.642857142857
0.642857142857 0.214285714286 0.785714285714
0.642857142857 0.214285714286 0.928571428571
0.642857142857 0.357142857143 0.071428571429
0.642857142857 0.357142857143 0.214285714286
0.642857142857 0.357142857143 0.357142857143
0.642857142857 0.357142857143 0.500000000000
0.642857142857 0.357142857143 0.642857142857
0.642857142857 0.357142857143 0.785714285714
0.642857142857 0.357142857143 0.928571428571
0.642857142857 0.500000000000 0.071428571429
0.642857142857 0.500000000000 0.214285714286
0.642857142857 0.500000000000 0.357142857143
0.642857142857 0.500000000000 0.500000000000
0.642857142857 0.500000000000 0.642857142857
0.642857142857 0.500000000000 0.785714285714
0.642857142857 0.500000000000 0.928571428571
0.642857142857 0.642857142857 0.071428571429
0.642857142857 0.642857142857 0.214285714286
0.642857142857 0.642857142857 0.357142857143
0.642857142857 0.642857142857 0.500000000000
0.642857142857 0.642857142857 0.642857142857
0.642857142857 0.642857142857 0.785714285714
0.642857142857 0.642857142857 0.928571428571
0.642857142857 0.785714285714 0.071428571429
0.642857142857 0.785714285714 0.214285714286
0.642857142857 0.785714285714 0.357142857143
0.642857142857 0.785714285714 0.500000000000
0.642857142857 0.785714285714 0.642857142857
0.642857142857 0.785714285714 0.785714285714
0.642857142857 0.785714285714 0.928571428571
0.642857142857 0.928571428571 0.071428571429
0.642857142857 0.928571428571 0.214285714286
0.642857142857 0.928571428571 0.357142857143
0.642857142857 0.928571428571 0.500000000000
0.642857142857 0.928571428571 0.642857142857
0.642857142857 0.928571428571 0.785714285714
0.642857142857 0.928571428571 0.928571428571
0.785714285714 0.071428571429 0.071428571429
0.785714285714 0.071428571429 0.214285714286
0.785714285714 0.071428571429 0.357142857143
0.785714285714 0.071428571429 0.500000000000
0.785714285714 0.071428571429 0.642857142857
0.785714285714 0.071428571429 0.785714285714
0.785714285714 0.071428571429 0.928571428571
0.785714285714 0.214285714286 0.071428571429
0.785714285714 0.214285714286 0.214285714286
0.785714285714 0.214285714286 0.357142857143
0.785714285714 0.214285714286 0.500000000000
0.785714285714 0.214285714286 0.642857142857
0.785714285714 0.214285714286 0.785714285714
0.785714285714 0.214285714286 0.928571428571
0.785714285714 0.357142857143 0.071428571429
0.785714285714 0.357142857143 0.214285714286
0.785714285714 0.357142857143 0.357142857143
0.785714285714 0.357142857143 0.500000000000
0.785714285714 0.357142857143 0.642857142857
0.785714285714 0.357142857143 0.785714285714
0.785714285714 0.357142857143 0.928571428571
0.785714285714 0.500000000000 0.071428571429
0.785714285714 0.500000000000 0.214285714286
0.785714285714 0.500000000000 0.357142857143
0.785714285714 0.500000000000 0.500000000000
0.785714285714 0.500000000000 0.642857142857
0.785714285714 0.500000000000 0.785714285714
0.785714285714 0.500000000000 0.928571428571
0.785714285714 0.642857142857 0.071428571429
0.785714285714 0.642857142857 0.214285714286
0.785714285714 0.642857142857 0.357142857143
0.785714285714 0.642857142857 0.500000000000
0.785714285714 0.642857142857 0.642857142857
0.785714285714 0.642857142857 0.785714285714
0.785714285714 0.642857142857 0.928571428571
0.785714285714 0.785714285714 0.071428571429
0.785714285714 0.785714285714 0.214285714286
0.785714285714 0.785714285714 0.357142857143
0.785714285714 0.785714285714 0.500000000000
0.785714285714 0.785714285714 0.642857142857
0.785714285714 0.785714285714 0.785714285714
0.785714285714 0.785714285714 0.928571428571
0.785714285714 0.928571428571 0.071428571429
0.785714285714 0.928571428571 0.214285714286
0.785714285714 0.928571428571 0.357142857143
0.785714285714 0.928571428571 0.500000000000
0.785714285714 0.928571428571 0.642857142857
0.785714285714 0.928571428571 0.785714285714
0.785714285714 0.928571428571 0.928571428571
0.928571428571 0.071428571429 0.071428571429
0.928571428571 0.071428571429 0.214285714286
0.928571428571 0.071428571429 0.357142857143
0.928571428571 0.071428571429 0.500000000000
0.928571428571 0.071428571429 0.642857142857
0.928571428571 0.071428571429 0.785714285714
0.928571428571 0.071428571429 0.928571428571
0.928571428571 0.214285714286 0.071428571429
0.928571428571 0.214285714286 0.214285714286
0.928571428571 0.214285714286 0.357142857143
0.928571428571 0.214285714286 0.500000000000
0.928571428571 0.214285714286 0.642857142857
0.928571428571 0.214285714286 0.785714285714
0.928571428571 0.214285714286 0.928571428571
0.928571428571 0.357142857143 0.071428571429
0.928571428571 0.357142857143 0.214285714286
0.928571428571 0.357142857143 0.357142857143
0.928571428571 0.357142857143 0.500000000000
0.928571428571 0.357142857143 0.642857142857
0.928571428571 0.357142857143 0.785714285714
0.928571428571 0.357142857143 0.928571428571
0.928571428571 0.500000000000 0.071428571429
0.928571428571 0.500000000000 0.214285714286
0.928571428571 0.500000000000 0.357142857143
0.928571428571 0.500000000000 0.500000000000
0.928571428571 0.500000000000 0.642857142857
0.928571428571 0.500000000000 0.785714285714
0.928571428571 0.500000000000 0.928571428571
0.928571428571 0.642857142857 0.071428571429
0.928571428571 0.642857142857 0.214285714286
0.928571428571 0.642857142857 0.357142857143
0.928571428571 0.642857142857 0.500000000000
0.928571428571 0.642857142857 0.642857142857
0.928571428571 0.642857142857 0.785714285714
0.928571428571 0.642857142857 0.928571428571
0.928571428571 0.785714285714 0.071428571429
0.928571428571 0.785714285714 0.214285714286
0.928571428571 0.785714285714 0.357142857143
0.928571428571 0.785714285714 0.500000000000
0.928571428571 0.785714285714 0.642857142857
0.928571428571 0.785714285714 0.785714285714
0.928571428571 0.785714285714 0.928571428571
0.928571428571 0.928571428571 0.071428571429
0.928571428571 0.928571428571 0.214285714286
0.928571428571 0.928571428571 0.357142857143
0.928571428571 0.928571428571 0.500000000000
0.928571428571 0.928571428571 0.642857142857
0.928571428571 0.928571428571 0.785714285714
0.928571428571 0.928571428571 0.928571428571
0.000000000000 0.000000000000 0.000000000000
0.000000000000 0.000000000000 0.142857142857
0.000000000000 0.000000000000 0.285714285714
0.000000000000 0.000000000000 0.428571428571
0.000000000000 0.000000000000 0.571428571429
0.000000000000 0.000000000000 0.714285714286
0.000000000000 0.000000000000 0.857142857143
0.000000000000 0.000000000000 1.000000000000
0.000000000000 0.142857142857 0.000000000000
0.000000000000 0.142857142857 0.142857142857
0.000000000000 0.142857142857 0.285714285714
0.000000000000 0.142857142857 0.428571428571
0.000000000000 0.142857142857 0.571428571429
0.000000000000 0.142857142857 0.714285714286
0.000000000000 0.142857142857 0.857142857143
0.000000000000 0.142857142857 1.000000000000
0.000000000000 0.285714285714 0.000000000000
0.000000000000 0.285714285714 0.142857142857
0.000000000000 0.285714285714 0.285714285714
0.000000000000 0.285714285714 0.428571428571
0.000000000000 0.285714285714 0.571428571429
0.000000000000 0.285714285714 0.714285714286
0.000000000000 0.285714285714 0.857142857143
0.000000000000 0.285714285714 1.000000000000
0.000000000000 0.428571428571 0.000000000000
0.000000000000 0.428571428571 0.142857142857
0.000000000000 0.428571428571 0.285714285714
0.000000000000 0.428571428571 0.428571428571
0.000000000000 0.428571428571 0.571428571429
0.000000000000 0.428571428571 0.714285714286
0.000000000000 0.428571428571 0.857142857143
0.000000000000 0.428571428571 1.000000000000
0.000000000000 0.571428571429 0.000000000000
0.000000000000 0.571428571429 0.142857142857
0.000000000000 0.571428571429 0.285714285714
0.000000000000 0.571428571429 0.428571428571
0.000000000000 0.571428571429 0.571428571429
0.000000000000 0.571428571429 0.714285714286
0.000000000000 0.571428571429 0.857142857143
0.000000000000 0.571428571429 1.000000000000
0.000000000000 0.714285714286 0.000000000000
0.000000000000 0.714285714286 0.142857142857
0.000000000000 0.714285714286 0.285714285714
0.000000000000 0.714285714286 0.428571428571
0.000000000000 0.714285714286 0.571428571429
0.000000000000 0.714285714286 0.714285714286
0.000000000000 0.714285714286 0.857142857143
0.000000000000 0.714285714286 1.000000000000
0.000000000000 0.857142857143 0.000000000000
0.000000000000 0.857142857143 0.142857142857
0.000000000000 0.857142857143 0.285714285714
0.000000000000 0.857142857143 0.428571428571
0.000000000000 0.857142857143 0.571428571429
0.000000000000 0.857142857143 0.714285714286
0.000000000000 0.857142857143 0.857142857143
0.000000000000 0.857142857143 1.000000000000
0.000000000000 1.000000000000 0.000000000000
0.000000000000 1.000000000000 0.142857142857
0.000000000000 1.000000000000 0.285714285714
0.000000000000 1.000000000000 0.428571428571
0.000000000000 1.000000000000 0.571428571429
0.000000000000 1.000000000000 0.714285714286
0.000000000000 1.000000000000 0.857142857143
0.000000000000 1.000000000000 1.000000000000
0.142857142857 0.000000000000 0.000000000000
0.142857142857 0.000000000000 0.142857142857
0.142857142857 0.000000000000 0.285714285714
0.142857142857 0.000000000000 0.428571428571
0.142857142857 0.000000000000 0.571428571429
0.142857142857 0.000000000000 0.714285714286
0.142857142857 0.000000000000 0.857142857143
0.142857142857 0.000000000000 1.000000000000
0.142857142857 0.142857142857 0.000000000000
0.142857142857 0.142857142857 0.142857142857
0.142857142857 0.142857142857 0.285714285714
0.142857142857 0.142857142857 0.428571428571
0.142857142857 0.142857142857 0.571428571429
0.142857142857 0.142857142857 0.714285714286
0.142857142857 0.142857142857 0.857142857143
0.142857142857 0.142857142857 1.000000000000
0.142857142857 0.285714285714 0.000000000000
0.142857142857 0.285714285714 0.142857142857
0.142857142857 0.285714285714 0.285714285714
0.142857142857 0.285714285714 0.428571428571
0.142857142857 0.285714285714 0.571428571429
0.142857142857 0.285714285714 0.714285714286
0.142857142857 0.285714285714 0.857142857143
0.142857142857 0.285714285714 1.000000000000
0.142857142857 0.428571428571 0.000000000000
0.142857142857 0.428571428571 0.142857142857
0.142857142857 0.428571428571 0.285714285714
0.142857142857 0.428571428571 0.428571428571
0.142857142857 0.428571428571 0.571428571429
0.142857142857 0.428571428571 0.714285714286
0.142857142857 0.428571428571 0.857142857143
0.142857142857 0.428571428571 1.000000000000
0.142857142857 0.571428571429 0.000000000000
0.142857142857 0.571428571429 0.142857142857
0.142857142857 0.571428571429 0.285714285714
0.142857142857 0.571428571429 0.428571428571
0.142857142857 0.571428571429 0.571428571429
0.142857142857 0.571428571429 0.714285714286
0.142857142857 0.571428571429 0.857142857143
0.142857142857 0.571428571429 1.000000000000
0.142857142857 0.714285714286 0.000000000000
0.142857142857 0.714285714286 0.142857142857
0.142857142857 0.714285714286 0.285714285714
0.142857142857 0.714285714286 0.428571428571
0.142857142857 0.714285714286 0.571428571429
0.142857142857 0.714285714286 0.714285714286
0.142857142857 0.714285714286 0.857142857143
0.142857142857 0.714285714286 1.000000000000
0.142857142857 0.857142857143 0.000000000000
0.142857142857 0.857142857143 0.142857142857
0.142857142857 0.857142857143 0.285714285714
0.142857142857 0.857142857143 0.428571428571
0.142857142857 0.857142857143 0.571428571429
0.142857142857 0.857142857143 0.714285714286
0.142857142857 0.857142857143 0.857142857143
0.142857142857 0.857142857143 1.000000000000
0.142857142857 1.000000000000 0.000000000000
0.142857142857 1.000000000000 0.142857142857
0.142857142857 1.000000000000 0.285714285714
0.142857142857 1.000000000000 0.428571428571
0.142857142857 1.000000000000 0.571428571429
0.142857142857 1.000000000000 0.714285714286
0.142857142857 1.000000000000 0.857142857143
0.142857142857 1.000000000000 1.000000000000
0.285714285714 0.000000000000 0.000000000000
0.285714285714 0.000000000000 0.142857142857
0.285714285714 0.000000000000 0.285714285714
0.285714285714 0.000000000000 0.428571428571
0.285714285714 0.000000000000 0.571428571429
0.285714285714 0.000000000000 0.714285714286
0.285714285714 0.000000000000 0.857142857143
0.285714285714 0.000000000000 1.000000000000
0.285714285714 0.142857142857 0.000000000000
0.285714285714 0.142857142857 0.142857142857
0.285714285714 0.142857142857 0.285714285714
0.285714285714 0.142857142857 0.428571428571
0.285714285714 0.142857142857 0.571428571429
0.285714285714 0.142857142857 0.714285714286
0.285714285714 0.142857142857 0.857142857143
0.285714285714 0.142857142857 1.000000000000
0.285714285714 0.285714285714 0.000000000000
0.285714285714 0.285714285714 0.142857142857
0.285714285714 0.285714285714 0.285714285714
0.285714285714 0.285714285714 0.428571428571
0.285714285714 0.285714285714 0.571428571429
0.285714285714 0.285714285714 0.714285714286
0.285714285714 0.285714285714 0.857142857143
0.285714285714 0.285714285714 1.000000000000
0.285714285714 0.428571428571 0.000000000000
0.285714285714 0.428571428571 0.142857142857
0.285714285714 0.428571428571 0.285714285714
0.285714285714 0.428571428571 0.428571428571
0.285714285714 0.428571428571 0.571428571429
0.285714285714 0.428571428571 0.714285714286
0.285714285714 0.428571428571 0.857142857143
0.285714285714 0.428571428571 1.000000000000
0.285714285714 0.571428571429 0.000000000000
0.285714285714 0.571428571429 0.142857142857
0.285714285714 0.571428571429 0.285714285714
0.285714285714 0.571428571429 0.428571428571
0.285714285714 0.571428571429 0.571428571429
0.285714285714 0.571428571429 0.714285714286
0.285714285714 0.571428571429 0.857142857143
0.285714285714 0.571428571429 1.000000000000
0.285714285714 0.714285714286 0.000000000000
0.285714285714 0.714285714286 0.142857142857
0.285714285714 0.714285714286 0.285714285714
0.285714285714 0.714285714286 0.428571428571
0.285714285714 0.714285714286 0.571428571429
0.285714285714 0.714285714286 0.714285714286
0.285714285714 0.714285714286 0.857142857143
0.285714285714 0.714285714286 1.000000000000
0.285714285714 0.857142857143 0.000000000000
0.285714285714 0.857142857143 0.142857142857
0.285714285714 0.857142857143 0.285714285714
0.285714285714 0.857142857143 0.428571428571
0.285714285714 0.857142857143 0.571428571429
0.285714285714 0.857142857143 0.714285714286
0.285714285714 0.857142857143 0.857142857143
0.285714285714 0.857142857143 1.000000000000
0.285714285714 1.000000000000 0.000000000000
0.285714285714 1.000000000000 0.142857142857
0.285714285714 1.000000000000 0.285714285714
0.285714285714 1.000000000000 0.428571428571
0.285714285714 1.000000000000 0.571428571429
0.285714285714 1.000000000000 0.714285714286
0.285714285714 1.000000000000 0.857142857143
0.285714285714 1.000000000000 1.000000000000
0.428571428571 0.000000000000 0.000000000000
0.428571428571 0.000000000000 0.142857142857
0.428571428571 0.000000000000 0.285714285714
0.428571428571 0.000000000000 0.428571428571
0.428571428571 0.000000000000 0.571428571429
0.428571428571 0.000000000000 0.714285714286
0.428571428571 0.000000000000 0.857142857143
0.428571428571 0.000000000000 1.000000000000
0.428571428571 0.142857142857 0.000000000000
0.428571428571 0.142857142857 0.142857142857
0.428571428571 0.142857142857 0.285714285714
0.428571428571 0.142857142857 0.428571428571
0.428571428571 0.142857142857 0.571428571429
0.428571428571 0.142857142857 0.714285714286
0.428571428571 0.142857142857 0.857142857143
0.428571428571 0.142857142857 1.000000000000
0.428571428571 0.285714285714 0.000000000000
0.428571428571 0.285714285714 0.142857142857
0.428571428571 0.285714285714 0.285714285714
0.428571428571 0.285714285714 0.428571428571
0.428571428571 0.285714285714 0.571428571429
0.428571428571 0.285714285714 0.714285714286
0.428571428571 0.285714285714 0.857142857143
0.428571428571 0.285714285714 1.000000000000
0.428571428571 0.428571428571 0.000000000000
0.428571428571 0.428571428571 0.142857142857
0.428571428571 0.428571428571 0.285714285714
0.428571428571 0.428571428571 0.428571428571
0.428571428571 0.428571428571 0.571428571429
0.428571428571 0.428571428571 0.714285714286
0.428571428571 0.428571428571 0.857142857143
0.428571428571 0.428571428571 1.000000000000
0.428571428571 0.571428571429 0.000000000000
0.428571428571 0.571428571429 0.142857142857
0.428571428571 0.571428571429 0.285714285714
0.428571428571 0.571428571429 0.428571428571
0.428571428571 0.571428571429 0.571428571429
0.428571428571 0.571428571429 0.714285714286
0.428571428571 0.571428571429 0.857142857143
0.428571428571 0.571428571429 1.000000000000
0.428571428571 0.714285714286 0.000000000000
0.428571428571 0.714285714286 0.142857142857
0.428571428571 0.714285714286 0.285714285714
0.428571428571 0.714285714286 0.428571428571
0.428571428571 0.714285714286 0.571428571429
0.428571428571 0.714285714286 0.714285714286
0.428571428571 0.714285714286 0.857142857143
0.428571428571 0.714285714286 1.000000000000
0.428571428571 0.857142857143 0.000000000000
0.428571428571 0.857142857143 0.142857142857
0.428571428571 0.857142857143 0.285714285714
0.428571428571 0.857142857143 0.428571428571
0.428571428571 0.857142857143 0.571428571429
0.428571428571 0.857142857143 0.714285714286
0.428571428571 0.857142857143 0.857142857143
0.428571428571 0.857142857143 1.000000000000
0.428571428571 1.000000000000 0.000000000000
0.428571428571 1.000000000000 0.142857142857
0.428571428571 1.000000000000 0.285714285714
0.428571428571 1.000000000000 0.428571428571
0.428571428571 1.000000000000 0.571428571429
0.428571428571 1.000000000000 0.714285714286
0.428571428571 1.000000000000 0.857142857143
0.428571428571 1.000000000000 1.000000000000
0.571428571429 0.000000000000 0.000000000000
0.571428571429 0.000000000000 0.142857142857
0.571428571429 0.000000000000 0.285714285714
0.571428571429 0.000000000000 0.428571428571
0.571428571429 0.000000000000 0.571428571429
0.571428571429 0.000000000000 0.714285714286
0.571428571429 0.000000000000 0.857142857143
0.571428571429 0.000000000000 1.000000000000
0.571428571429 0.142857142857 0.000000000000
0.571428571429 0.142857142857 0.142857142857
0.571428571429 0.142857142857 0.285714285714
0.571428571429 0.142857142857 0.428571428571
0.571428571429 0.142857142857 0.571428571429
0.571428571429 0.142857142857 0.714285714286
0.571428571429 0.142857142857 0.857142857143
0.571428571429 0.142857142857 1.000000000000
0.571428571429 0.285714285714 0.000000000000
0.571428571429 0.285714285714 0.142857142857
0.571428571429 0.285714285714 0.285714285714
0.571428571429 0.285714285714 0.428571428571
0.571428571429 0.285714285714 0.571428571429
0.571428571429 0.285714285714 0.714285714286
0.571428571429 0.285714285714 0.857142857143
0.571428571429 0.285714285714 1.000000000000
0.571428571429 0.428571428571 0.000000000000
0.571428571429 0.428571428571 0.142857142857
0.571428571429 0.428571428571 0.285714285714
0.571428571429 0.428571428571 0.428571428571
0.571428571429 0.428571428571 0.571428571429
0.571428571429 0.428571428571 0.714285714286
0.571428571429 0.428571428571 0.857142857143
0.571428571429 0.428571428571 1.000000000000
0.571428571429 0.571428571429 0.000000000000
0.571428571429 0.571428571429 0.142857142857
0.571428571429 0.571428571429 0.285714285714
0.571428571429 0.571428571429 0.428571428571
0.571428571429 0.571428571429 0.571428571429
0.571428571429 0.571428571429 0.714285714286
0.571428571429 0.571428571429 0.857142857143
0.571428571429 0.571428571429 1.000000000000
0.571428571429 0.714285714286 0.000000000000
0.571428571429 0.714285714286 0.142857142857
0.571428571429 0.714285714286 0.285714285714
0.571428571429 0.714285714286 0.428571428571
0.571428571429 0.714285714286 0.571428571429
0.571428571429 0.714285714286 0.714285714286
0.571428571429 0.714285714286 0.857142857143
0.571428571429 0.714285714286 1.000000000000
0.571428571429 0.857142857143 0.000000000000
0.571428571429 0.857142857143 0.142857142857
0.571428571429 0.857142857143 0.285714285714
0.571428571429 0.857142857143 0.428571428571
0.571428571429 0.857142857143 0.571428571429
0.571428571429 0.857142857143 0.714285714286
0.571428571429 0.857142857143 0.857142857143
0.571428571429 0.857142857143 1.000000000000
0.571428571429 1.000000000000 0.000000000000
0.571428571429 1.000000000000 0.142857142857
0.571428571429 1.000000000000 0.285714285714
0.571428571429 1.000000000000 0.428571428571
0.571428571429 1.000000000000 0.571428571429
0.571428571429 1.000000000000 0.714285714286
0.571428571429 1.000000000000 0.857142857143
0.571428571429 1.000000000000 1.000000000000
0.714285714286 0.000000000000 0.000000000000
0.714285714286 0.000000000000 0.142857142857
0.714285714286 0.000000000000 0.285714285714
0.714285714286 0.000000000000 0.428571428571
0.714285714286 0.000000000000 0.571428571429
0.714285714286 0.000000000000 0.714285714286
0.714285714286 0.000000000000 0.857142857143
0.714285714286 0.000000000000 1.000000000000
0.714285714286 0.142857142857 0.000000000000
0.714285714286 0.142857142857 0.142857142857
0.714285714286 0.142857142857 0.285714285714
0.714285714286 0.142857142857 0.428571428571
0.714285714286 0.142857142857 0.571428571429
0.714285714286 0.142857142857 0.714285714286
0.714285714286 0.142857142857 0.857142857143
0.714285714286 0.142857142857 1.000000000000
0.714285714286 0.285714285714 0.000000000000
0.714285714286 0.285714285714 0.142857142857
0.714285714286 0.285714285714 0.285714285714
0.714285714286 0.285714285714 0.428571428571
0.714285714286 0.285714285714 0.571428571429
0.714285714286 0.285714285714 0.714285714286
0.714285714286 0.285714285714 0.857142857143
0.714285714286 0.285714285714 1.000000000000
0.714285714286 0.428571428571 0.000000000000
0.714285714286 0.428571428571 0.142857142857
0.714285714286 0.428571428571 0.285714285714
0.714285714286 0.428571428571 0.428571428571
0.714285714286 0.428571428571 0.571428571429
0.714285714286 0.428571428571 0.714285714286
0.714285714286 0.428571428571 0.857142857143
0.714285714286 0.428571428571 1.000000000000
0.714285714286 0.571428571429 0.000000000000
0.714285714286 0.571428571429 0.142857142857
0.714285714286 0.571428571429 0.285714285714
0.714285714286 0.571428571429 0.428571428571
0.714285714286 0.571428571429 0.571428571429
0.714285714286 0.571428571429 0.714285714286
0.714285714286 0.571428571429 0.857142857143
0.714285714286 0.571428571429 1.000000000000
0.714285714286 0.714285714286 0.000000000000
0.714285714286 0.714285714286 0.142857142857
0.714285714286 0.714285714286 0.285714285714
0.714285714286 0.714285714286 0.428571428571
0.714285714286 0.714285714286 0.571428571429
0.714285714286 0.714285714286 0.714285714286
0.714285714286 0.714285714286 0.857142857143
0.714285714286 0.714285714286 1.000000000000
0.714285714286 0.857142857143 0.000000000000
0.714285714286 0.857142857143 0.142857142857
0.714285714286 0.857142857143 0.285714285714
0.714285714286 0.857142857143 0.428571428571
0.714285714286 0.857142857143 0.571428571429
0.714285714286 0.857142857143 0.714285714286
0.714285714286 0.857142857143 0.857142857143
0.714285714286 0.857142857143 1.000000000000
0.714285714286 1.000000000000 0.000000000000
0.714285714286 1.000000000000 0.142857142857
0.714285714286 1.000000000000 0.285714285714
0.714285714286 1.000000000000 0.428571428571
0.714285714286 1.000000000000 0.571428571429
0.714285714286 1.000000000000 0.714285714286
0.714285714286 1.000000000000 0.857142857143
0.714285714286 1.000000000000 1.000000000000
0.857142857143 0.000000000000 0.000000000000
0.857142857143 0.000000000000 0.142857142857
0.857142857143 0.000000000000 0.285714285714
0.857142857143 0.000000000000 0.428571428571
0.857142857143 0.000000000000 0.571428571429
0.857142857143 0.000000000000 0.714285714286
0.857142857143 0.000000000000 0.857142857143
0.857142857143 0.000000000000 1.000000000000
0.857142857143 0.142857142857 0.000000000000
0.857142857143 0.142857142857 0.142857142857
0.857142857143 0.142857142857 0.285714285714
0.857142857143 0.142857142857 0.428571428571
0.857142857143 0.142857142857 0.571428571429
0.857142857143 0.142857142857 0.714285714286
0.857142857143 0.142857142857 0.857142857143
0.857142857143 0.142857142857 1.000000000000
0.857142857143 0.285714285714 0.000000000000
0.857142857143 0.285714285714 0.142857142857
0.857142857143 0.285714285714 0.285714285714
0.857142857143 0.285714285714 0.428571428571
0.857142857143 0.285714285714 0.571428571429
0.857142857143 0.285714285714 0.714285714286
0.857142857143 0.285714285714 0.857142857143
0.857142857143 0.285714285714 1.000000000000
0.857142857143 0.428571428571 0.000000000000
0.857142857143 0.428571428571 0.142857142857
0.857142857143 0.428571428571 0.285714285714
0.857142857143 0.428571428571 0.428571428571
0.857142857143 0.428571428571 0.571428571429
0.857142857143 0.428571428571 0.714285714286
0.857142857143 0.428571428571 0.857142857143
0.857142857143 0.428571428571 1.000000000000
0.857142857143 0.571428571429 0.000000000000
0.857142857143 0.571428571429 0.142857142857
0.857142857143 0.571428571429 0.285714285714
0.857142857143 0.571428571429 0.428571428571
0.857142857143 0.571428571429 0.571428571429
0.857142857143 0.571428571429 0.714285714286
0.857142857143 0.571428571429 0.857142857143
0.857142857143 0.571428571429 1.000000000000
0.857142857143 0.714285714286 0.000000000000
0.857142857143 0.714285714286 0.142857142857
0.857142857143 0.714285714286 0.285714285714
0.857142857143 0.714285714286 0.428571428571
0.857142857143 0.714285714286 0.571428571429
0.857142857143 0.714285714286 0.714285714286
0.857142857143 0.714285714286 0.857142857143
0.857142857143 0.714285714286 1.000000000000
0.857142857143 0.857142857143 0.000000000000
0.857142857143 0.857142857143 0.142857142857
0.857142857143 0.857142857143 0.285714285714
0.857142857143 0.857142857143 0.428571428571
0.857142857143 0.857142857143 0.571428571429
0.857142857143 0.857142857143 0.714285714286
0.857142857143 0.857142857143 0.857142857143
0.857142857143 0.857142857143 1.000000000000
0.857142857143 1.000000000000 0.000000000000
0.857142857143 1.000000000000 0.142857142857
0.857142857143 1.000000000000 0.285714285714
0.857142857143 1.000000000000 0.428571428571
0.857142857143 1.000000000000 0.571428571429
0.857142857143 1.000000000000 0.714285714286
0.857142857143 1.000000000000 0.857142857143
0.857142857143 1.000000000000 1.000000000000
1.000000000000 0.000000000000 0.000000000000
1.000000000000 0.000000000000 0.142857142857
1.000000000000 0.000000000000 0.285714285714
1.000000000000 0.000000000000 0.428571428571
1.000000000000 0.000000000000 0.571428571429
1.000000000000 0.000000000000 0.714285714286
1.000000000000 0.000000000000 0.857142857143
1.000000000000 0.000000000000 1.000000000000
1.000000000000 0.142857142857 0.000000000000
1.000000000000 0.142857142857 0.142857142857
1.000000000000 0.142857142857 0.285714285714
1.000000000000 0.142857142857 0.428571428571
1.000000000000 0.142857142857 0.571428571429
1.000000000000 0.142857142857 0.714285714286
1.000000000000 0.142857142857 0.857142857143
1.000000000000 0.142857142857 1.000000000000
1.000000000000 0.285714285714 0.000000000000
1.000000000000 0.285714285714 0.142857142857
1.000000000000 0.285714285714 0.285714285714
1.000000000000 0.285714285714 0.428571428571
1.000000000000 0.285714285714 0.571428571429
1.000000000000 0.285714285714 0.714285714286
1.000000000000 0.285714285714 0.857142857143
1.000000000000 0.285714285714 1.000000000000
1.000000000000 0.428571428571 0.000000000000
1.000000000000 0.428571428571 0.142857142857
1.000000000000 0.428571428571 0.285714285714
1.000000000000 0.428571428571 0.428571428571
1.000000000000 0.428571428571 0.571428571429
1.000000000000 0.428571428571 0.714285714286
1.000000000000 0.428571428571 0.857142857143
1.000000000000 0.428571428571 1.000000000000
1.000000000000 0.571428571429 0.000000000000
1.000000000000 0.571428571429 0.142857142857
1.000000000000 0.571428571429 0.285714285714
1.000000000000 0.571428571429 0.428571428571
1.000000000000 0.571428571429 0.571428571429
1.000000000000 0.571428571429 0.714285714286
1.000000000000 0.571428571429 0.857142857143
1.000000000000 0.571428571429 1.000000000000
1.000000000000 0.714285714286 0.000000000000
1.000000000000 0.714285714286 0.142857142857
1.000000000000 0.714285714286 0.285714285714
1.000000000000 0.714285714286 0.428571428571
1.000000000000 0.714285714286 0.571428571429
1.000000000000 0.714285714286 0.714285714286
1.000000000000 0.714285714286 0.857142857143
1.000000000000 0.714285714286 1.000000000000
1.000000000000 0.857142857143 0.000000000000
1.000000000000 0.857142857143 0.142857142857
1.000000000000 0.857142857143 0.285714285714
1.000000000000 0.857142857143 0.428571428571
1.000000000000 0.857142857143 0.571428571429
1.000000000000 0.857142857143 0.714285714286
1.000000000000 0.857142857143 0.857142857143
1.000000000000 0.857142857143 1.000000000000
1.000000000000 1.000000000000 0.000000000000
1.000000000000 1.000000000000 0.142857142857
1.000000000000 1.000000000000 0.285714285714
1.000000000000 1.000000000000 0.428571428571
1.000000000000 1.000000000000 0.571428571429
1.000000000000 1.000000000000 0.714285714286
1.000000000000 1.000000000000 0.857142857143
1.000000000000 1.000000000000 1.000000000000
