0 3 1
0 2 1
0 1 1
0 49 1
1 0 1
1 8 1
1 7 1
1 49 1
2 3 1
2 0 1
2 4 1
2 12 1
3 0 1
3 2 1
3 11 1
3 22 1
4 2 1
4 5 1
4 10 1
4 16 1
5 4 1
5 8 1
5 6 1
5 46 1
6 7 1
6 9 1
6 5 1
6 43 1
7 8 1
7 1 1
7 6 1
7 42 1
8 5 1
8 1 1
8 7 1
8 45 1
9 6 1
9 11 1
9 10 1
9 31 1
10 9 1
10 4 1
10 11 1
10 20 1
11 9 1
11 3 1
11 10 1
11 22 1
12 19 1
12 2 1
12 13 1
13 14 1
13 15 1
13 12 1
14 13 1
14 15 1
14 18 1
14 51 1
15 14 1
15 13 1
15 16 1
15 53 1
16 15 1
16 4 1
16 17 1
16 53 1
17 18 1
17 20 1
17 16 1
17 38 1
18 14 1
18 21 1
18 17 1
18 51 1
19 12 1
19 22 1
19 21 1
19 23 1
20 17 1
20 21 1
20 10 1
20 29 1
21 19 1
21 18 1
21 20 1
21 28 1
22 3 1
22 19 1
22 11 1
22 30 1
23 24 1
23 19 1
23 28 1
24 23 1
24 30 1
24 25 1
24 40 1
25 24 1
25 27 1
25 26 1
25 32 1
26 25 1
26 29 1
26 31 1
26 34 1
27 25 1
27 28 1
27 29 1
27 37 1
28 27 1
28 23 1
28 21 1
28 50 1
29 27 1
29 26 1
29 20 1
29 38 1
30 22 1
30 24 1
30 31 1
30 41 1
31 26 1
31 30 1
31 9 1
31 43 1
32 25 1
32 33 1
32 35 1
32 40 1
33 32 1
33 36 1
33 35 1
33 44 1
34 35 1
34 26 1
34 39 1
34 43 1
35 32 1
35 33 1
35 34 1
35 42 1
36 33 1
36 37 1
36 39 1
36 47 1
37 36 1
37 27 1
37 38 1
37 52 1
38 29 1
38 39 1
38 37 1
38 17 1
39 38 1
39 34 1
39 36 1
39 48 1
40 24 1
40 41 1
40 32 1
41 30 1
41 40 1
41 42 1
41 49 1
42 41 1
42 35 1
42 43 1
42 7 1
43 34 1
43 31 1
43 42 1
43 6 1
44 45 1
44 47 1
44 33 1
45 44 1
45 46 1
45 8 1
46 45 1
46 48 1
46 5 1
46 53 1
47 48 1
47 44 1
47 36 1
47 52 1
48 46 1
48 47 1
48 39 1
48 53 1
49 0 1
49 41 1
49 1 1
50 52 1
50 51 1
50 28 1
51 52 1
51 50 1
51 18 1
51 14 1
52 50 1
52 51 1
52 37 1
52 47 1
53 15 1
53 48 1
53 16 1
53 46 1
