0 0 1
0 3 -1
0 45 -1
1 0 1
1 5 -1
1 8 -1
2 0 1
2 1 -1
3 1 1
3 3 -1
3 46 -1
4 1 1
4 5 -1
4 10 -1
5 1 1
5 4 1
5 60 -1
6 1 1
6 6 -1
6 39 -1
7 1 1
7 2 -1
8 2 1
8 6 -1
8 41 -1
9 2 1
9 3 -1
9 47 -1
10 3 1
10 6 -1
10 44 1
11 3 1
11 4 1
11 48 -1
12 3 1
12 7 -1
12 24 1
13 3 1
13 5 -1
13 16 1
14 4 1
14 6 1
14 42 1
15 4 1
15 7 1
15 22 -1
16 4 1
16 5 1
16 13 -1
17 5 1
17 7 -1
17 15 1
18 8 1
18 11 -1
19 8 1
19 10 -1
20 8 1
20 16 1
20 45 -1
21 8 1
21 15 -1
21 17 -1
22 9 1
22 11 -1
23 9 1
23 14 1
23 54 -1
24 9 1
24 10 -1
25 10 1
25 11 -1
26 10 1
26 14 1
26 55 -1
27 10 1
27 13 1
27 60 -1
28 11 1
28 14 1
28 57 -1
29 11 1
29 15 -1
29 19 -1
30 11 1
30 12 1
30 51 -1
31 12 1
31 14 -1
31 52 -1
32 12 1
32 13 -1
32 53 1
33 12 1
33 15 1
33 23 -1
34 13 1
34 14 -1
34 58 1
35 13 1
35 15 1
35 22 -1
36 15 1
36 16 1
36 24 -1
37 17 1
37 18 -1
38 17 1
38 19 -1
39 17 1
39 24 1
39 45 -1
40 17 1
40 21 1
40 32 -1
41 18 1
41 21 1
41 33 -1
42 18 1
42 20 1
42 25 -1
43 18 1
43 23 1
43 50 -1
44 18 1
44 19 -1
45 19 1
45 23 1
45 51 -1
46 20 1
46 21 -1
46 27 1
47 20 1
47 23 -1
47 30 -1
48 20 1
48 22 -1
48 28 -1
49 21 1
49 22 -1
49 35 -1
50 21 1
50 24 -1
50 36 -1
51 22 1
51 23 -1
51 53 -1
52 22 1
52 24 -1
52 48 -1
53 25 1
53 27 1
53 33 -1
54 25 1
54 26 -1
55 25 1
55 29 1
55 40 -1
56 25 1
56 31 1
56 56 -1
57 25 1
57 30 -1
57 50 -1
58 26 1
58 27 1
58 34 -1
59 26 1
59 29 1
59 41 -1
60 27 1
60 29 -1
60 37 -1
61 27 1
61 28 1
61 35 -1
62 28 1
62 30 -1
62 53 1
63 28 1
63 31 1
63 58 -1
64 28 1
64 29 1
64 42 -1
65 29 1
65 31 -1
65 43 -1
66 30 1
66 31 1
66 52 1
67 32 1
67 33 -1
68 32 1
68 36 -1
68 45 -1
69 32 1
69 34 -1
70 33 1
70 34 -1
71 34 1
71 36 -1
71 47 -1
72 34 1
72 37 -1
72 41 -1
73 35 1
73 37 -1
73 42 -1
74 35 1
74 36 -1
74 48 1
75 36 1
75 37 -1
75 44 1
76 38 1
76 41 -1
77 38 1
77 39 -1
78 38 1
78 42 -1
78 59 -1
79 38 1
79 43 -1
79 54 -1
80 38 1
80 40 -1
81 39 1
81 41 -1
82 39 1
82 42 -1
82 60 -1
83 40 1
83 41 -1
84 40 1
84 43 -1
84 56 -1
85 41 1
85 44 1
85 47 -1
86 42 1
86 43 -1
86 58 -1
87 42 1
87 44 1
87 48 1
88 45 1
88 46 -1
89 45 1
89 47 -1
90 46 1
90 47 -1
91 49 1
91 50 -1
92 49 1
92 52 -1
92 54 -1
93 49 1
93 51 -1
94 50 1
94 52 -1
94 56 -1
95 50 1
95 51 -1
96 51 1
96 52 -1
96 57 -1
97 52 1
97 53 1
97 58 1
98 54 1
98 55 -1
99 54 1
99 57 -1
100 54 1
100 56 -1
101 54 1
101 58 -1
101 59 -1
102 55 1
102 58 -1
102 60 -1
103 59 1
103 60 -1
