0 0 1
1 0 1
2 0 1
3 0 1
3 6 -1
4 0 -1
4 9 1
5 0 1
5 1 -1
6 0 1
6 5 -1
7 0 1
7 2 -1
8 1 1
9 1 1
10 1 1
11 1 1
12 1 -1
12 7 1
13 1 -1
13 9 1
14 1 -1
14 8 1
15 1 1
15 2 -1
16 1 -1
16 6 1
17 2 1
18 2 1
19 2 1
20 2 -1
20 3 1
21 2 -1
21 4 1
22 2 -1
22 9 1
23 2 -1
23 7 1
24 2 -1
24 6 1
25 3 1
26 3 1
27 3 -1
27 4 1
28 3 1
28 9 -1
29 3 -1
29 5 1
30 3 1
30 7 -1
31 3 -1
31 8 1
32 4 1
33 4 1
34 4 1
35 4 1
35 9 -1
36 4 1
36 6 -1
37 4 1
37 5 -1
38 5 1
39 5 1
40 5 1
41 5 1
42 5 1
42 9 -1
43 5 1
43 8 -1
44 5 -1
44 6 1
45 6 1
46 6 1
47 6 1
48 6 -1
48 9 1
49 7 1
50 7 1
51 7 1
52 7 1
52 8 -1
53 7 -1
53 9 1
54 8 1
55 8 1
56 8 1
57 8 1
58 8 1
58 9 -1
59 9 1
60 9 1
