42.535
21.701
46.960
45.554
47.042
55.574
31.851
51.127
9.746
6.464
8.680
31.419
56.998
19.868
22.782
21.194
22.653
25.777
33.320
53.248
40.132
44.177
42.955
18.505
26.408
28.520
53.549
56.220
52.507
53.266
18.503
57.827
49.704
54.532
48.200
54.051
49.432
24.166
55.500
13.089
28.207
57.041
56.624
21.426
55.107
48.878
50.906
19.456
28.172
50.668
26.097
34.808
53.036
44.428
50.116
39.779
56.205
43.616
27.145
40.890
13.294
50.284
52.757
58.010
52.643
37.323
50.353
48.190
51.860
7.686
52.225
49.319
49.507
46.404
41.325
48.403
51.626
24.242
10.857
21.757
36.322
25.383
23.576
24.419
30.286
21.693
43.420
53.673
46.536
47.580
42.670
38.207
44.515
47.660
19.094
38.165
23.491
23.257
40.522
43.826
32.298
44.309
39.320
33.215
49.354
48.549
31.312
31.385
52.355
49.027
46.281
35.538
49.426
46.934
55.875
57.337
46.324
34.077
44.062
27.426
36.459
35.345
39.754
55.431
32.501
33.536
35.663
54.843
32.443
28.340
36.792
27.703
32.179
41.354
44.930
36.900
29.697
58.278
60.773
47.274
41.720
41.274
18.584
40.634
28.769
16.556
