17.265
16.123
50.227
45.318
50.241
49.423
42.783
6.914
34.457
39.959
10.648
53.332
55.160
49.154
55.852
50.576
55.205
20.751
49.565
52.248
43.014
37.151
45.323
53.569
52.303
8.233
49.727
44.120
51.721
31.742
22.499
41.970
48.938
40.590
35.866
32.578
38.278
52.579
52.106
9.773
49.756
44.304
19.426
18.605
39.904
45.693
37.143
32.043
17.829
45.489
13.654
44.461
49.144
42.562
40.716
21.496
24.379
52.941
41.819
6.989
22.648
45.230
57.925
7.769
37.377
50.290
41.692
52.489
48.672
37.062
23.853
9.743
56.400
51.635
51.569
45.773
52.568
25.888
16.752
14.741
27.494
29.017
39.129
25.395
26.720
60.921
54.999
53.831
45.400
22.500
27.441
59.551
27.335
52.973
49.211
50.477
52.314
43.803
42.895
42.890
50.745
49.003
38.938
33.278
33.215
59.187
50.062
56.649
51.386
46.884
39.730
45.915
52.235
46.847
48.933
32.759
37.888
59.963
43.321
40.616
56.375
39.350
34.938
2.803
30.279
32.809
22.802
8.278
53.190
56.383
13.962
44.627
50.836
56.923
56.493
7.017
50.868
45.974
46.898
20.474
54.169
21.992
29.250
20.306
47.184
50.636
56.877
44.616
59.886
37.384
49.619
39.484
14.150
39.349
40.776
40.269
60.557
55.966
52.584
58.152
37.548
44.923
46.892
47.125
44.111
42.483
50.115
43.732
51.772
34.557
20.871
10.083
9.171
47.466
51.992
54.909
53.226
38.641
24.521
40.752
50.211
18.326
17.572
42.984
33.905
34.536
34.952
37.949
50.500
31.706
29.540
28.431
44.392
44.880
33.535
40.993
42.356
32.229
28.079
26.311
17.069
15.101
22.733
54.548
13.498
27.481
15.530
16.661
10.526
32.421
55.291
25.664
37.563
31.047
31.026
52.885
17.258
23.336
23.556
53.131
39.269
19.249
37.148
36.548
55.723
29.562
54.743
50.109
3.643
47.363
