57.352
24.962
55.207
52.939
40.927
32.727
22.206
21.554
24.611
42.500
11.065
53.159
51.442
39.063
53.353
47.228
42.955
47.797
50.982
36.965
25.329
26.772
47.307
30.090
37.014
47.530
35.487
43.965
39.302
32.916
8.772
25.812
6.679
21.804
44.290
48.428
44.484
38.036
46.879
51.461
53.883
47.514
32.184
47.526
55.232
54.959
33.501
55.361
58.392
39.381
58.952
18.737
4.764
51.088
58.528
44.899
18.144
55.247
57.559
58.876
9.293
49.617
54.784
36.776
19.619
40.678
9.446
15.525
47.151
23.539
53.944
33.941
48.777
32.350
35.376
28.262
22.756
50.266
50.426
6.397
48.976
23.381
33.338
58.172
32.953
11.310
28.813
48.891
26.007
27.296
28.749
49.712
35.406
11.347
28.020
3.620
5.882
38.762
17.556
22.796
40.730
23.734
15.449
52.218
57.775
5.957
38.648
20.655
56.446
51.123
54.650
22.621
25.460
53.640
54.567
44.616
47.880
47.377
49.921
3.319
