58.153
49.483
45.909
59.933
15.944
26.959
26.178
13.001
28.828
19.470
41.048
46.682
57.131
45.416
44.663
55.657
57.097
50.200
55.816
52.762
48.818
20.535
48.719
46.710
43.384
13.487
60.149
50.850
47.564
14.124
40.835
36.476
41.566
29.636
4.467
15.360
17.261
50.134
42.915
47.016
13.977
55.305
40.188
55.816
41.460
26.170
34.204
23.836
10.143
24.700
24.931
37.065
35.460
41.595
37.098
37.427
46.596
19.831
37.869
18.751
31.356
23.984
45.092
36.215
17.136
14.908
17.821
33.641
36.647
43.701
57.565
44.701
51.075
55.004
30.002
5.630
48.278
46.402
40.688
55.937
56.548
29.646
36.021
54.473
16.140
53.889
14.349
41.668
42.431
59.054
34.109
53.358
52.405
54.478
17.903
56.671
55.155
14.199
54.480
58.234
34.590
50.370
31.498
26.940
40.550
49.698
40.032
59.257
53.536
48.979
52.105
58.737
31.475
41.270
41.404
43.407
55.812
44.946
40.971
55.057
51.625
32.465
49.837
50.765
32.573
39.006
44.282
45.559
39.300
34.399
54.345
45.586
22.440
30.280
51.936
52.900
6.659
54.854
34.644
50.581
38.325
41.428
13.414
46.362
53.373
44.181
51.196
48.706
43.500
42.850
42.272
41.953
46.578
43.853
41.844
39.688
41.460
34.057
38.923
41.532
50.614
13.990
54.223
54.971
51.924
23.656
48.579
27.220
47.139
49.999
33.564
48.543
48.646
56.710
52.474
25.860
22.960
51.038
46.124
55.976
32.467
42.718
50.024
13.391
27.643
39.718
17.368
18.555
41.981
48.862
47.422
14.948
43.799
36.626
46.271
48.687
31.378
47.848
47.481
17.387
36.457
46.428
36.385
44.368
43.622
44.100
36.863
6.735
50.460
31.220
30.438
45.198
51.853
33.872
36.831
30.086
51.066
47.465
7.203
45.349
24.679
43.354
40.662
51.427
27.833
44.512
34.719
54.769
30.785
20.766
45.939
37.300
38.365
50.385
53.674
54.436
48.083
45.849
45.478
28.192
28.265
31.582
52.011
25.536
48.092
46.536
17.904
26.200
29.849
45.057
44.425
32.987
54.007
14.350
51.971
21.718
52.354
58.271
52.642
16.231
4.137
3.852
