48.327
46.375
20.785
42.843
35.213
46.314
8.092
23.842
32.966
21.164
27.758
48.466
42.921
42.464
49.545
58.179
24.086
42.015
29.700
33.477
45.081
22.663
50.027
52.552
49.210
17.289
18.999
59.275
13.706
29.037
40.168
44.993
5.548
19.526
48.299
21.373
18.370
50.269
35.713
26.723
26.159
52.488
23.198
37.335
41.205
46.083
14.654
39.406
37.417
38.866
33.907
27.099
32.444
29.784
38.361
24.037
43.379
30.940
31.980
58.925
35.364
43.732
53.870
49.837
50.490
45.612
53.801
22.943
51.777
51.259
31.371
52.205
47.059
48.439
47.319
54.058
53.094
30.523
46.195
34.259
44.702
10.187
45.350
56.167
47.213
56.096
14.127
60.389
17.433
38.491
37.115
57.863
56.880
57.320
53.493
31.168
37.741
45.969
60.640
47.175
39.397
42.383
36.124
48.392
55.896
16.070
50.598
49.900
48.887
25.254
46.547
52.292
57.234
40.368
36.993
37.014
43.244
53.776
20.440
44.259
43.962
42.589
40.571
54.099
56.825
60.954
28.309
40.740
44.809
34.697
53.062
41.746
43.982
44.649
56.631
40.503
52.358
44.312
48.270
44.046
53.354
47.428
40.690
53.903
46.213
53.098
14.016
52.861
21.317
57.436
52.122
50.699
49.070
30.723
55.057
47.533
50.257
16.485
43.551
34.527
49.133
25.877
19.627
44.499
40.921
46.247
40.462
50.910
40.038
43.951
44.025
28.917
20.905
39.244
45.294
57.499
35.998
36.306
39.263
53.062
25.600
36.387
30.710
50.886
49.793
48.688
33.120
48.082
35.167
50.218
46.503
16.949
10.577
23.314
28.375
14.450
13.311
49.729
38.295
43.115
52.542
39.549
45.562
32.455
37.048
33.939
51.435
31.310
38.249
41.353
32.850
22.780
15.732
53.520
32.298
32.833
40.466
46.761
20.609
23.648
50.924
8.105
57.174
18.558
47.697
