40.569
35.956
1.298
54.632
24.019
45.357
42.178
42.480
24.340
30.595
29.359
40.810
26.910
29.651
24.800
20.287
41.153
31.851
43.554
36.062
25.838
52.015
38.865
19.486
19.821
13.541
35.318
24.055
42.451
39.633
48.475
36.845
12.433
17.365
38.308
50.002
49.393
30.926
9.459
60.419
34.723
56.123
58.051
49.534
19.717
13.224
18.019
42.149
31.149
37.713
21.200
54.014
44.078
5.726
14.663
58.611
6.210
10.716
7.141
32.460
21.815
34.691
7.866
40.068
54.977
40.630
43.538
49.019
49.870
40.684
44.004
42.337
30.440
50.547
55.122
44.849
25.851
55.185
10.831
20.183
55.923
56.517
44.829
53.975
35.415
29.996
49.595
52.361
26.640
56.647
20.961
59.849
44.975
29.153
36.666
36.138
23.358
46.149
48.934
21.860
39.653
45.770
37.892
60.930
21.565
55.128
12.711
29.288
29.397
52.650
13.809
48.212
9.463
49.854
56.435
49.646
37.500
36.227
41.939
28.401
53.064
40.107
50.020
14.223
42.299
48.262
13.419
37.782
50.421
50.743
30.833
13.402
41.489
57.078
49.141
50.578
27.775
51.094
53.960
60.842
28.179
46.970
41.387
34.742
12.203
34.536
42.839
14.184
51.340
25.079
49.491
32.955
15.210
52.447
35.691
39.926
22.949
19.284
17.347
49.200
31.253
18.699
40.002
55.373
42.242
59.347
52.509
55.323
48.503
19.435
59.390
25.767
44.791
22.853
36.913
17.108
41.907
19.713
56.934
48.111
13.380
39.766
33.817
49.793
26.091
35.642
29.922
42.576
20.808
30.319
42.695
36.367
43.166
41.701
32.317
13.485
58.828
38.228
13.422
41.534
12.766
58.539
37.766
39.522
20.809
50.611
28.643
3.512
60.781
49.541
53.396
35.363
40.603
23.412
18.348
42.033
41.636
55.404
40.283
37.460
45.390
32.817
39.780
48.696
10.513
36.777
44.814
41.521
40.146
30.700
35.714
10.537
12.888
15.039
21.569
54.750
55.661
29.189
53.633
11.448
45.669
24.901
32.191
42.973
12.147
7.524
34.025
59.696
31.288
33.708
51.922
37.254
11.966
36.403
47.114
21.532
47.261
41.499
45.781
53.308
22.569
47.918
48.802
48.776
31.720
50.663
50.411
16.647
22.877
31.417
43.227
33.568
31.666
32.100
23.383
23.474
45.111
43.979
49.670
52.464
29.829
16.792
28.597
32.931
39.741
44.159
43.338
27.782
7.591
55.459
23.906
55.944
45.016
50.294
25.098
44.495
44.872
46.370
46.089
37.316
43.794
33.559
54.591
30.004
41.158
19.281
49.829
38.901
45.243
58.445
32.576
38.243
57.269
22.097
29.757
18.786
52.781
44.412
57.101
49.957
37.892
56.169
32.358
26.642
56.743
54.115
50.730
47.295
42.584
43.607
19.043
30.547
12.185
16.802
43.644
41.160
37.821
44.626
39.178
15.413
49.620
18.726
16.499
29.484
7.973
44.856
46.321
45.923
40.429
34.584
20.298
24.690
39.299
41.143
56.351
11.246
47.543
49.523
18.101
36.437
36.998
38.744
37.822
39.404
59.587
49.359
37.778
8.905
56.865
25.326
13.947
55.696
47.879
60.243
54.999
53.349
56.746
40.279
34.160
52.740
38.191
43.598
31.262
32.039
37.016
45.439
33.859
5.965
37.792
41.584
56.273
51.868
47.470
47.337
48.912
26.803
29.018
17.502
51.996
55.035
58.457
8.493
44.745
53.213
37.498
14.826
23.515
10.264
46.005
36.249
25.448
47.459
48.779
53.947
53.930
25.973
59.709
55.867
38.681
39.428
43.932
49.064
7.552
12.708
20.031
58.612
18.637
50.012
14.589
32.665
10.399
3.671
14.410
8.324
48.544
27.123
42.474
46.682
48.173
22.535
27.728
55.819
45.993
58.896
51.628
22.209
27.818
15.885
41.969
33.783
55.127
43.182
51.573
29.211
51.768
34.791
15.770
54.679
53.088
24.715
31.813
53.429
15.052
40.080
53.999
36.545
27.319
34.550
45.681
42.544
48.819
54.301
58.359
24.918
16.426
12.795
37.855
13.850
40.022
17.839
47.405
24.050
36.098
18.745
59.577
35.441
15.793
35.199
33.435
28.725
24.761
30.483
40.701
50.700
38.558
55.440
47.760
60.732
35.461
13.373
20.065
55.076
56.102
54.854
50.933
16.740
33.869
58.083
49.130
40.724
42.454
23.321
37.717
53.445
34.151
54.230
23.623
10.800
15.385
41.983
43.492
12.565
18.661
30.905
44.387
28.994
51.090
40.701
41.106
55.477
44.218
32.035
57.335
59.909
58.664
57.812
37.853
32.501
54.143
50.483
58.839
53.691
40.293
35.672
46.590
57.348
55.472
51.815
57.958
39.927
52.550
34.178
34.136
52.975
44.444
54.840
40.034
56.230
35.174
37.728
47.220
22.545
12.469
56.896
53.646
52.041
43.669
54.917
36.578
37.739
53.704
32.847
24.509
58.242
29.026
48.879
37.211
58.337
31.319
47.899
56.695
32.317
27.731
31.282
35.528
41.286
60.767
32.079
39.729
48.701
41.144
46.433
38.481
51.690
27.897
14.682
42.776
34.986
12.568
53.236
27.518
54.790
49.742
27.585
32.137
18.623
14.300
41.291
17.991
46.338
55.551
41.523
46.049
56.900
7.174
37.472
47.553
47.625
51.466
28.704
44.060
57.340
47.515
6.418
33.248
47.813
30.909
37.021
41.235
54.726
8.052
38.525
23.274
50.232
39.274
19.953
48.964
19.391
26.617
46.046
39.509
33.363
31.914
42.723
53.470
43.290
43.168
28.966
39.390
41.991
46.998
54.541
56.500
50.890
55.342
15.021
25.889
59.054
50.754
54.947
54.078
57.294
42.998
35.713
53.716
24.999
11.849
28.459
18.661
44.918
18.466
47.482
30.528
18.122
48.780
28.215
31.395
50.763
49.093
35.584
37.430
58.438
52.044
49.750
37.432
46.448
27.911
37.169
41.557
45.433
17.590
29.100
20.925
24.776
36.024
30.785
39.228
33.647
34.516
40.023
34.288
39.512
35.064
39.980
40.411
49.919
23.158
48.758
54.250
6.415
33.066
53.507
51.602
19.634
49.234
44.376
22.712
34.784
45.697
16.891
39.076
55.162
42.977
38.090
44.825
33.720
16.485
34.828
59.598
54.826
52.200
36.797
40.021
39.567
34.580
50.689
31.603
36.743
30.942
30.596
48.789
55.233
40.546
46.240
48.816
46.903
52.585
48.660
29.820
49.440
38.500
24.705
36.642
34.609
52.800
58.751
51.229
52.655
39.802
37.880
58.931
23.059
50.794
19.711
15.112
52.187
20.843
38.831
44.253
22.646
45.224
43.860
30.084
46.277
31.823
36.294
44.909
29.170
36.436
54.161
43.724
58.454
42.292
37.011
27.975
52.791
39.006
35.709
26.768
30.815
46.526
26.722
50.440
49.022
58.813
50.561
52.321
35.886
50.531
30.633
51.708
33.780
41.104
47.707
39.054
38.346
50.006
51.459
35.618
20.087
18.784
13.800
24.224
32.376
25.093
13.522
14.094
12.769
13.644
45.085
39.056
10.626
48.256
29.039
38.525
51.105
38.260
28.208
43.743
31.161
29.350
32.158
39.464
27.444
53.195
55.982
43.826
49.663
37.556
33.907
17.347
56.392
46.116
13.136
33.712
29.349
42.780
25.507
37.543
50.739
10.167
26.427
45.370
18.127
19.547
16.095
16.994
22.347
54.605
37.892
52.412
59.036
40.958
30.782
23.138
22.174
48.020
39.908
55.037
39.103
36.536
29.866
29.928
26.779
7.951
44.093
36.728
48.952
47.655
53.677
16.656
46.675
31.145
46.927
48.568
25.530
22.402
45.396
38.268
33.480
32.570
50.549
14.140
29.749
36.031
4.841
38.960
35.682
17.369
33.320
55.853
28.218
39.417
24.921
17.071
55.173
45.923
26.516
44.347
54.842
35.435
53.586
36.821
39.984
46.282
41.519
36.049
45.869
23.582
39.212
46.470
42.710
10.003
31.972
33.430
42.411
43.802
33.760
52.109
41.937
32.933
48.089
12.567
37.434
46.091
39.006
20.449
28.941
42.536
17.104
22.957
29.822
20.135
31.816
36.934
53.897
38.149
25.735
48.287
36.883
40.283
35.980
40.356
56.578
34.017
50.080
42.192
24.609
29.348
25.211
24.743
41.387
53.319
41.058
32.396
28.799
39.901
27.840
49.150
39.374
53.152
36.346
41.422
26.122
23.310
24.230
19.318
25.327
31.527
24.925
40.802
50.161
31.389
48.283
29.559
55.284
60.300
47.173
34.180
48.601
37.841
30.697
34.773
35.207
42.573
27.213
49.568
47.949
46.182
28.630
49.353
43.968
40.686
41.476
17.627
50.463
36.418
32.904
37.177
30.405
44.727
47.962
20.113
58.892
60.601
55.003
58.705
23.313
34.898
41.244
27.639
14.280
43.389
49.980
24.497
46.376
43.248
48.839
21.570
25.422
50.291
30.298
23.299
55.646
29.707
46.831
50.653
31.055
46.957
51.304
49.981
35.913
46.895
51.658
13.538
38.947
48.248
12.549
42.664
50.608
28.517
25.268
44.550
47.825
23.739
59.053
43.944
16.810
33.686
30.477
33.249
26.637
35.220
46.213
34.302
33.906
27.987
17.456
47.322
34.309
41.372
53.898
40.516
27.428
8.019
35.467
14.730
46.751
20.631
29.331
29.909
17.365
51.285
35.072
35.496
41.558
36.482
52.195
40.216
29.384
34.544
48.782
34.996
38.977
42.995
47.816
46.568
43.041
29.785
19.731
46.269
34.053
34.229
37.266
17.080
31.256
23.333
58.059
25.044
45.805
38.913
42.467
50.784
38.050
28.731
53.988
47.755
50.208
14.518
35.702
40.950
47.161
38.120
40.065
46.810
55.165
30.530
23.918
9.696
44.482
16.340
24.392
56.355
36.460
16.432
50.590
23.767
45.556
32.920
44.084
27.422
59.200
18.392
27.965
58.561
55.944
55.714
54.865
46.646
45.716
30.028
50.799
38.989
42.174
31.612
46.341
23.274
17.168
47.210
30.267
18.422
22.427
24.697
55.585
46.243
50.554
51.021
45.823
53.801
41.484
53.684
54.389
33.448
15.909
51.504
45.660
13.787
43.193
54.235
45.897
54.166
48.026
50.998
19.044
46.488
30.076
48.193
42.715
20.165
13.803
36.574
40.388
59.735
44.782
28.244
20.356
51.931
45.626
48.368
45.684
25.889
41.706
47.111
55.646
37.787
36.259
39.955
37.167
47.849
42.146
43.943
34.382
44.619
13.146
48.534
48.945
20.273
43.775
29.242
28.685
25.145
29.194
14.512
17.038
15.822
56.262
29.343
17.902
21.260
35.984
30.112
52.565
55.626
16.744
17.979
53.855
19.605
58.886
39.879
41.065
28.740
41.029
7.467
34.865
51.610
39.141
24.475
28.163
22.728
21.638
35.988
15.573
38.220
48.300
19.882
38.351
25.065
17.621
22.360
47.264
35.182
45.942
35.769
52.016
30.693
50.422
37.944
55.916
49.196
32.667
40.196
28.112
45.279
34.827
43.304
32.528
39.523
42.510
10.808
21.266
37.581
48.240
38.878
54.847
25.267
48.132
28.735
30.841
59.777
51.231
51.068
37.830
44.243
51.033
29.773
44.550
43.173
32.248
60.248
56.178
33.926
44.854
49.501
38.962
41.453
54.122
49.500
57.129
18.118
23.334
42.005
50.618
54.782
57.520
55.376
24.987
38.741
38.015
41.957
26.816
29.591
9.143
15.908
44.620
26.298
46.374
28.321
50.922
23.120
46.685
46.764
51.707
47.675
18.702
21.688
10.014
38.274
37.949
55.886
37.930
39.301
53.693
50.060
52.351
46.354
48.160
42.699
54.673
41.313
24.600
36.028
39.719
16.909
45.777
32.877
19.387
38.002
36.918
53.695
44.818
48.396
30.412
29.649
47.959
58.527
47.274
45.646
27.421
36.347
52.935
44.723
44.156
46.870
53.580
47.937
25.535
17.692
44.664
21.155
29.998
19.798
46.975
52.750
15.425
41.319
48.097
52.918
53.513
12.389
13.233
19.842
43.003
27.881
56.697
19.067
29.688
40.760
55.235
36.663
56.136
44.847
12.637
39.551
19.704
34.091
56.536
43.297
44.454
59.515
53.185
15.718
37.898
47.584
43.320
35.128
38.587
36.647
52.597
40.448
44.241
16.239
39.144
37.107
30.962
16.045
24.084
13.329
28.650
18.284
43.533
42.421
30.991
9.845
24.736
42.955
17.437
37.192
47.080
16.522
27.887
14.024
47.717
53.485
20.082
37.191
39.273
36.322
36.717
44.724
45.720
50.965
35.251
47.180
45.125
31.648
39.705
30.004
38.908
33.859
33.270
41.718
10.941
50.028
28.759
23.376
44.170
20.899
47.435
29.770
34.237
42.611
39.775
29.057
27.947
40.055
52.616
18.521
44.155
16.065
35.211
17.453
47.111
27.057
45.425
37.316
55.792
51.401
32.468
39.610
42.440
36.740
34.880
47.808
49.710
36.288
59.865
60.044
53.953
48.848
43.424
29.643
7.083
13.899
50.673
50.414
47.882
31.410
26.016
22.654
53.283
9.200
17.196
28.674
54.032
39.370
53.121
46.071
54.165
56.088
48.120
39.214
15.108
27.697
37.411
30.645
6.854
31.855
53.258
26.780
27.082
51.992
40.559
57.428
37.429
28.042
41.474
56.650
46.698
11.547
16.212
45.259
37.857
8.986
37.061
47.455
13.788
27.971
28.739
35.506
52.620
38.125
47.355
50.245
31.430
46.696
54.907
57.583
28.865
56.905
34.741
57.856
53.247
51.637
41.160
55.470
19.341
8.715
59.914
35.701
28.620
31.082
41.033
14.742
41.014
34.403
52.546
51.237
50.412
30.875
15.062
51.337
33.471
19.594
39.977
24.492
45.042
31.070
19.761
51.597
42.660
30.918
16.699
43.465
35.414
37.588
59.453
52.376
50.908
50.695
17.160
31.893
46.196
44.767
45.283
56.569
59.434
39.006
47.386
38.061
40.084
29.355
29.668
49.580
46.518
51.809
43.272
49.180
25.699
34.294
15.622
43.669
16.619
26.209
45.733
24.508
19.977
43.730
16.214
31.879
31.611
38.266
10.995
59.443
18.866
45.206
49.339
46.814
50.235
55.693
41.793
20.115
28.000
43.608
60.870
51.696
53.072
38.011
31.088
59.848
36.846
37.553
35.294
21.275
50.223
18.044
33.268
44.849
42.463
48.313
23.496
31.400
31.698
31.727
25.796
46.922
44.087
51.406
25.757
50.241
51.499
25.805
14.060
38.836
34.613
42.687
46.491
19.964
21.831
15.917
40.350
26.039
50.511
10.943
29.980
35.877
36.057
33.048
41.034
41.720
15.137
42.582
23.264
48.451
43.789
6.935
60.284
36.216
38.589
47.647
41.295
58.886
46.220
38.527
50.987
33.057
27.671
39.742
55.689
51.726
50.504
29.964
40.517
35.391
33.156
48.800
32.888
60.893
50.784
56.460
48.443
51.972
53.044
53.133
21.496
35.156
43.611
45.394
17.147
54.682
2.978
39.231
49.370
51.367
30.123
60.355
51.975
48.667
42.850
46.703
46.764
16.454
31.486
50.981
53.185
14.190
48.096
49.259
16.513
7.469
22.863
57.747
47.611
60.835
33.684
44.004
45.442
47.100
51.274
49.185
34.053
26.209
28.382
38.025
14.243
26.878
28.353
35.002
53.492
35.431
11.957
14.507
14.362
48.433
7.581
14.457
1.738
7.510
51.056
40.233
24.817
51.521
36.405
26.471
28.991
43.157
60.454
42.956
54.908
34.341
45.734
28.115
22.624
25.128
23.716
55.707
50.035
52.566
8.227
15.137
2.555
59.237
14.596
47.011
25.844
31.795
34.251
44.608
28.152
49.027
59.109
56.608
52.058
50.970
56.115
49.765
55.701
47.626
16.418
10.448
24.614
60.669
34.400
58.661
43.600
50.812
35.992
35.328
48.466
54.258
46.949
42.506
49.358
46.028
21.263
55.728
50.387
24.454
30.255
48.574
12.707
14.045
25.719
14.083
12.182
31.016
35.618
17.665
38.205
13.502
43.596
32.371
60.829
56.662
34.672
46.397
57.223
48.448
55.005
58.883
61.098
55.120
47.827
52.936
34.640
50.694
19.438
33.166
50.166
54.591
21.766
55.047
13.576
50.322
47.721
48.294
49.014
27.491
12.183
56.295
56.818
53.437
44.181
53.550
48.429
42.264
28.781
34.962
36.935
53.047
40.476
49.050
42.933
37.335
43.827
51.724
32.545
33.360
43.274
1.418
9.684
43.641
47.580
16.274
24.256
57.663
26.797
34.544
21.394
60.041
54.036
37.525
29.841
37.804
46.995
46.146
41.181
20.077
44.683
40.931
41.232
43.951
41.748
10.071
46.400
25.805
38.027
16.090
42.409
38.222
30.647
42.967
12.642
25.231
24.775
37.642
52.790
40.334
22.630
18.364
16.060
37.523
51.025
54.414
26.925
28.031
29.534
29.176
12.096
21.840
50.038
35.128
36.494
55.186
11.705
37.856
19.462
21.888
51.046
42.674
43.898
14.142
37.848
39.860
48.077
55.199
14.235
16.818
47.484
49.585
42.670
40.946
49.794
46.083
23.325
22.585
17.757
37.033
47.179
37.759
42.211
33.867
33.972
15.065
44.231
42.209
48.583
56.485
59.189
58.517
41.713
60.723
18.395
47.414
30.904
47.251
25.557
29.190
28.170
32.838
32.618
29.117
21.190
55.639
18.270
57.390
29.577
36.664
38.894
26.227
40.508
4.262
37.949
54.270
33.866
29.462
26.251
48.964
32.749
25.301
57.603
32.630
2.785
13.039
22.406
8.478
40.086
25.238
50.110
33.310
59.442
34.143
38.398
25.743
6.816
13.047
25.980
17.402
13.741
43.713
19.873
61.109
11.727
33.510
52.480
38.587
16.456
56.958
35.578
37.830
43.207
41.973
40.941
32.137
29.562
57.393
42.757
24.786
42.087
27.668
37.971
40.323
33.169
50.372
56.824
41.648
39.963
31.201
23.043
46.840
27.620
34.085
27.979
32.009
56.446
60.194
60.288
53.343
55.349
51.475
46.300
38.021
30.901
38.015
45.059
39.414
37.961
44.201
36.202
42.912
58.400
39.606
61.140
57.403
55.399
42.288
45.520
55.421
13.673
50.788
40.053
16.754
39.652
57.121
16.645
54.760
36.335
27.640
32.059
47.357
10.264
29.695
49.884
33.311
14.595
50.870
15.168
18.713
17.458
40.677
39.329
25.787
39.495
41.466
26.170
22.261
57.777
46.415
20.560
20.021
18.252
16.246
22.903
28.728
37.658
40.460
51.299
21.547
45.685
12.351
32.429
57.148
44.768
10.869
29.610
38.682
17.707
34.624
30.723
51.708
18.027
56.789
23.337
44.205
53.210
48.397
52.735
32.907
45.998
54.808
45.731
54.300
59.832
56.312
48.022
45.733
30.451
55.876
25.185
6.580
38.198
51.268
13.356
20.032
9.421
38.143
11.316
11.254
26.266
19.892
19.859
46.831
19.970
23.512
36.207
28.994
14.810
50.459
36.398
11.724
32.940
37.446
42.460
38.152
44.075
6.938
40.231
44.764
28.312
44.241
55.456
46.525
44.624
20.643
35.862
51.372
54.887
35.444
61.239
28.652
16.999
6.676
12.038
42.976
44.360
30.618
28.063
27.016
25.458
28.717
28.005
54.085
10.229
45.386
20.058
38.644
49.927
27.550
14.859
7.272
31.321
60.259
9.461
14.556
13.593
37.630
11.510
45.117
22.790
3.360
44.001
36.290
27.702
14.303
14.538
9.036
44.211
36.617
36.394
17.633
11.510
20.952
51.301
12.346
34.438
47.842
32.333
49.312
48.803
34.735
15.936
54.812
49.297
24.854
21.986
47.293
49.007
31.660
44.680
30.079
50.763
46.087
52.996
21.661
40.011
49.166
52.914
54.114
53.672
15.823
15.569
43.353
39.461
20.133
41.371
33.274
58.795
55.718
30.462
52.403
56.851
48.498
30.987
60.532
14.347
45.361
39.119
23.072
55.583
13.701
19.469
12.590
8.203
46.207
24.913
38.796
18.575
21.987
29.973
9.151
33.356
44.518
17.430
30.318
16.557
50.367
28.453
44.476
40.461
23.042
13.765
42.155
11.484
15.617
23.399
20.408
31.252
19.480
34.586
48.842
14.684
22.358
43.734
26.223
24.773
27.768
26.865
46.880
47.190
35.954
32.756
44.515
33.461
14.147
55.428
56.726
43.010
50.213
53.527
54.840
36.175
33.997
39.382
48.990
20.708
60.589
10.752
21.300
37.085
31.551
41.658
20.903
29.168
46.094
28.007
24.782
34.981
5.693
15.642
21.876
21.255
16.670
41.812
38.126
22.137
50.387
9.514
40.261
19.015
34.269
32.081
54.028
50.492
25.087
13.566
48.815
29.317
59.813
4.866
46.412
15.630
14.422
27.469
24.791
41.818
43.070
36.944
34.651
46.768
17.227
47.831
56.383
43.951
58.349
47.211
39.519
44.973
32.966
36.600
36.335
18.958
7.022
47.221
38.091
34.142
21.606
49.337
16.623
33.296
13.506
17.431
36.381
15.368
44.468
14.363
25.122
53.899
13.906
50.161
55.121
17.751
46.619
13.925
35.472
7.262
44.285
51.794
47.989
11.708
39.521
44.403
18.714
42.314
35.207
50.298
43.059
44.552
49.436
20.067
14.721
23.860
16.137
57.853
37.256
44.479
40.275
55.515
43.019
14.743
28.316
22.977
54.126
12.470
23.786
34.886
11.199
19.018
26.352
24.674
59.579
42.022
29.182
41.943
36.273
51.678
44.918
21.775
22.475
24.375
11.602
28.069
42.095
27.349
22.326
34.138
12.259
24.749
46.742
17.044
39.524
56.149
23.189
45.511
38.942
6.113
53.275
46.057
54.176
37.968
55.414
10.085
33.904
11.340
33.617
16.175
54.732
30.997
27.914
34.963
28.503
45.615
28.447
47.998
42.992
46.396
57.244
27.851
13.415
23.276
13.674
9.129
4.604
50.634
34.890
14.199
12.592
48.305
12.997
13.502
18.131
11.705
36.992
6.048
49.344
56.912
39.407
13.718
58.474
17.888
51.318
46.168
2.112
45.476
28.884
38.148
3.938
25.506
10.543
61.231
37.692
30.949
16.027
14.000
18.707
18.611
26.672
31.642
22.213
24.838
13.572
19.825
55.418
17.404
57.383
58.719
29.977
50.613
38.412
45.037
29.018
51.434
42.497
15.523
17.732
8.996
25.358
12.685
11.802
18.080
8.959
4.079
13.145
4.378
7.971
46.835
23.217
31.426
27.731
40.935
44.303
48.808
49.463
39.324
34.690
55.756
48.407
40.216
52.116
34.416
43.857
40.028
36.226
10.641
21.504
14.224
28.137
42.283
11.981
41.047
10.397
6.533
38.809
10.736
42.989
17.794
17.946
44.275
12.747
16.681
41.068
37.810
44.527
50.746
40.168
29.534
15.502
11.758
41.995
19.731
21.117
26.212
54.260
7.683
30.867
60.725
45.093
42.885
29.098
46.729
23.064
20.996
17.349
25.614
57.429
14.086
37.150
29.814
50.290
46.536
18.928
23.773
30.506
12.707
51.148
49.525
35.887
35.448
42.457
45.232
34.296
32.639
49.799
57.725
53.239
39.883
46.673
15.535
11.280
6.157
12.968
42.170
7.144
27.562
36.946
15.189
28.621
25.680
15.151
12.508
44.630
53.220
58.268
43.777
58.833
32.152
42.161
46.259
51.608
52.879
53.063
43.229
38.764
46.344
44.563
43.229
60.690
47.073
40.543
55.794
45.436
54.849
49.388
45.066
42.645
39.641
28.907
44.380
47.904
24.976
19.580
24.099
17.889
25.693
19.845
28.378
19.588
34.092
44.742
60.757
41.969
22.303
47.274
38.946
16.896
8.375
41.732
40.544
37.296
11.638
41.483
3.827
34.325
30.683
10.430
26.030
19.058
20.011
19.184
21.179
22.638
44.548
20.762
29.581
52.130
33.655
13.606
36.209
21.066
31.309
6.220
8.046
43.959
14.931
20.250
7.822
9.901
57.885
9.863
21.906
23.857
46.836
19.460
40.040
43.026
42.586
4.481
57.178
10.131
11.065
10.234
7.498
35.753
49.899
52.677
49.337
53.550
48.945
48.982
25.190
15.589
47.012
17.574
46.894
16.183
42.652
34.549
28.219
10.074
13.305
32.056
45.310
17.953
36.307
29.326
49.209
49.034
13.333
7.120
48.868
11.848
9.403
5.409
43.532
14.284
21.947
26.211
27.363
10.952
19.197
16.143
13.120
22.228
43.058
34.716
29.574
51.896
52.170
40.790
59.273
22.404
40.857
35.468
34.016
39.060
31.353
54.819
51.096
37.447
35.532
46.991
45.775
50.501
10.336
44.946
6.130
47.620
11.899
52.630
41.936
56.018
33.348
45.558
50.991
41.526
34.506
11.821
56.280
49.811
44.570
38.967
52.657
5.885
38.551
22.888
15.873
43.692
42.759
51.992
17.228
51.687
55.129
48.345
39.582
34.464
19.547
39.721
31.817
56.275
40.783
53.612
16.781
12.255
38.176
43.119
11.996
8.898
31.273
19.259
39.397
40.721
8.036
30.814
39.815
21.752
27.595
34.105
26.979
42.731
28.065
54.019
20.186
39.806
46.177
30.651
38.245
39.473
45.230
52.173
22.024
52.563
54.939
37.832
14.310
30.475
37.134
8.232
25.478
15.359
54.223
14.726
20.961
51.505
46.326
49.660
55.574
32.206
39.323
25.627
45.450
41.475
58.906
59.702
25.369
8.920
18.768
25.286
57.376
48.656
23.476
33.052
54.542
30.698
30.619
56.324
46.285
40.901
31.286
26.663
39.664
33.663
43.155
44.853
46.592
38.930
55.117
4.732
34.556
51.536
56.524
41.740
51.401
57.345
8.852
56.138
13.346
56.828
49.361
49.973
39.807
20.096
57.733
45.249
32.734
23.076
38.298
27.946
47.174
30.298
38.272
31.294
24.566
39.623
26.446
10.766
48.840
13.554
11.759
18.507
7.730
46.499
36.148
42.230
14.978
39.188
34.908
8.571
39.167
33.675
51.026
34.692
35.012
58.037
26.468
14.138
37.547
49.871
52.211
53.854
7.063
35.518
10.783
10.031
7.604
44.258
46.795
46.007
51.048
58.726
51.846
53.294
54.164
40.213
32.922
26.230
8.308
54.863
21.870
32.734
56.393
53.185
48.881
50.060
53.884
39.793
44.830
34.581
38.911
5.120
16.875
30.902
36.189
5.590
9.639
37.206
47.346
38.901
43.729
26.754
32.269
15.533
12.862
1.212
53.176
23.865
43.296
27.259
31.040
44.443
38.736
45.760
40.343
50.023
12.341
24.687
41.725
17.976
12.752
34.785
38.388
42.892
23.057
53.543
54.091
46.652
51.833
53.802
46.017
14.696
36.953
59.008
32.104
15.130
21.121
38.548
11.244
19.333
35.949
22.785
9.225
46.649
47.800
13.176
47.658
41.630
46.813
51.609
49.916
50.461
38.977
44.795
51.099
51.053
32.393
15.981
45.051
53.205
39.628
25.171
29.332
20.819
36.076
35.855
54.826
12.649
37.910
39.205
26.145
29.606
26.930
15.690
7.871
17.164
18.640
34.400
30.628
4.282
50.843
25.329
24.271
48.021
36.884
19.327
36.298
36.981
12.749
29.195
27.918
50.870
49.927
54.326
39.463
50.526
50.759
56.200
56.110
23.617
47.300
60.426
39.911
43.981
33.728
48.905
41.285
42.551
48.180
46.499
51.501
56.652
54.000
54.420
12.769
51.524
55.204
28.706
44.295
16.093
50.796
14.217
27.115
33.018
44.779
10.855
42.962
57.292
21.084
30.973
17.845
3.361
41.058
48.771
35.109
7.767
16.935
44.276
42.815
30.034
36.222
31.447
21.586
40.336
57.871
40.956
50.068
60.394
57.854
31.824
11.850
39.752
10.151
41.246
54.476
20.224
47.398
40.993
48.285
21.089
42.127
6.806
19.410
51.843
25.793
19.384
11.827
35.046
14.057
23.123
40.220
49.126
8.744
33.889
22.942
46.312
24.810
27.825
59.500
17.765
15.326
29.482
54.639
48.974
32.413
38.294
20.845
42.499
38.653
31.271
40.888
33.284
55.415
45.365
24.876
41.072
47.899
40.367
51.284
40.304
53.440
52.903
43.782
45.872
33.854
51.451
53.992
47.224
56.696
42.271
18.718
37.826
23.643
24.394
44.422
37.914
10.762
35.200
7.118
51.328
10.650
58.302
25.498
15.454
43.317
16.347
42.708
46.341
50.767
44.111
26.823
46.670
25.389
29.021
33.619
22.150
59.529
23.661
23.034
29.506
24.861
52.909
27.021
24.505
28.087
49.939
56.825
50.538
40.407
16.985
11.558
42.885
44.323
24.725
37.559
21.032
43.848
23.644
44.712
17.403
35.087
48.225
17.190
35.420
15.237
36.412
48.226
57.468
32.574
41.645
7.315
12.615
24.660
33.850
47.939
41.614
26.116
47.761
41.208
36.337
55.642
45.932
28.789
31.314
37.979
46.510
41.779
44.535
40.023
17.275
45.018
42.292
11.878
56.975
41.054
5.016
51.122
10.854
30.026
52.184
38.315
36.465
20.497
54.853
33.028
10.682
26.216
21.583
20.882
35.484
45.898
17.605
44.654
45.032
32.571
34.924
22.709
40.129
52.402
39.454
31.954
30.640
36.159
44.566
35.767
47.187
44.290
37.140
39.189
41.372
57.249
15.889
45.154
55.236
31.277
36.119
23.969
17.334
52.621
25.051
58.461
48.912
56.540
48.394
29.144
48.066
31.390
22.138
37.098
30.157
30.027
37.728
52.267
45.700
51.017
55.173
48.248
60.335
20.324
46.602
30.573
37.113
37.554
28.609
7.303
29.210
36.362
24.211
23.196
41.983
45.107
24.475
45.873
16.000
50.266
52.343
32.205
44.008
51.428
56.751
43.501
29.419
54.644
51.735
19.018
42.958
42.993
30.625
33.329
52.036
28.735
27.604
54.263
21.002
25.586
44.618
29.558
24.016
29.771
47.291
41.331
43.439
37.562
18.778
19.646
9.259
38.150
48.094
40.017
38.453
21.792
45.105
25.478
46.280
26.956
49.823
41.203
41.157
19.394
42.758
36.202
33.793
45.290
49.697
36.112
12.076
29.575
40.626
43.159
14.921
48.826
51.077
41.529
61.355
30.667
48.478
45.280
36.786
43.911
41.680
32.097
59.165
36.252
35.648
37.915
48.569
24.817
28.695
58.078
21.456
11.690
49.658
33.933
11.375
23.589
27.639
54.972
53.308
19.100
26.694
33.480
44.277
24.990
45.604
24.144
50.280
39.131
55.554
54.053
45.180
47.934
37.182
21.237
23.302
4.076
50.142
53.399
44.759
24.151
22.985
45.808
29.912
29.979
45.117
27.635
30.539
24.563
36.705
44.479
26.035
39.189
46.656
46.796
38.599
54.207
15.830
5.501
41.983
45.500
26.426
36.024
28.484
14.265
48.713
48.959
37.002
31.741
15.919
36.810
48.015
18.837
54.766
48.301
40.269
40.687
23.466
31.871
27.759
59.776
43.225
56.582
41.290
49.129
59.888
48.361
38.889
51.269
30.692
48.288
58.504
53.273
50.881
53.437
51.682
5.161
51.976
41.607
12.820
23.795
27.139
31.213
30.967
51.430
13.422
15.800
44.806
17.385
44.346
53.184
26.761
42.640
45.169
22.871
48.102
55.329
55.307
43.695
41.843
48.855
44.937
47.731
26.290
16.387
44.336
48.602
58.526
18.502
18.488
41.622
22.047
18.563
24.419
11.073
5.242
55.013
44.433
51.395
40.130
12.437
58.587
46.868
49.449
24.613
34.162
18.935
35.080
45.787
46.258
47.916
50.110
36.769
26.897
19.550
23.797
44.986
22.880
16.850
20.099
48.689
16.540
29.449
19.884
25.828
17.404
5.002
50.696
36.167
41.191
41.979
46.341
34.759
40.406
39.957
25.978
45.265
51.756
23.703
49.570
28.305
36.928
29.421
47.555
36.766
42.649
41.640
59.875
36.918
55.913
42.513
58.138
24.608
31.629
53.909
27.035
12.624
28.300
21.207
45.213
19.757
40.141
29.157
26.658
50.048
35.238
38.902
17.221
34.996
39.106
35.860
24.234
31.632
33.981
9.120
18.185
56.993
4.077
37.055
9.396
33.548
24.443
34.433
35.482
31.838
35.868
31.135
6.484
43.094
58.362
46.497
44.418
32.334
37.010
55.775
34.642
33.102
37.045
19.389
56.229
22.505
21.219
14.632
48.241
25.731
41.750
45.525
47.224
53.679
18.413
28.192
49.683
24.805
28.851
33.974
23.810
16.491
17.786
45.720
39.439
40.951
42.249
35.943
36.568
36.393
41.952
30.654
20.494
45.395
50.400
9.919
37.484
51.052
42.263
50.340
52.993
23.797
26.381
54.088
56.936
59.822
42.802
33.686
27.892
52.567
28.834
33.870
55.304
55.121
31.266
10.609
58.901
37.627
49.049
37.773
15.807
47.676
49.847
36.213
24.514
44.699
39.116
40.071
43.445
45.364
47.952
44.285
6.579
53.870
44.114
29.659
45.977
36.360
37.890
55.930
47.523
35.092
51.991
45.457
45.594
23.956
30.738
39.821
24.616
35.119
50.705
56.262
38.761
42.611
38.859
27.317
31.584
53.642
27.637
32.397
20.285
47.121
18.530
38.531
23.073
26.008
45.587
28.588
51.079
39.169
30.499
24.504
9.537
47.218
54.499
51.119
58.233
30.994
48.644
34.555
25.477
60.036
10.094
56.006
55.695
39.037
46.678
35.113
46.667
15.634
46.837
15.162
10.552
25.447
25.241
27.650
37.725
39.486
47.797
44.433
39.576
41.357
38.696
30.899
56.449
49.037
44.341
45.805
47.985
54.369
21.287
36.243
55.640
39.969
4.091
51.761
12.917
55.818
54.317
13.385
14.454
38.088
55.339
36.047
30.530
42.677
41.562
38.102
29.353
37.090
57.811
51.747
18.967
26.139
29.116
35.961
52.121
50.352
52.510
35.622
50.001
41.986
47.068
39.199
37.178
38.549
35.382
41.464
56.204
56.837
34.852
35.186
20.679
55.327
47.478
42.666
53.110
19.199
26.970
46.460
43.024
28.215
17.087
25.598
37.722
47.221
17.665
51.075
8.757
12.551
48.466
31.987
24.299
60.874
48.934
36.204
43.134
11.425
13.415
47.376
13.938
53.212
45.518
8.533
39.879
5.066
34.292
41.160
50.915
43.148
27.581
39.970
11.322
54.590
51.171
41.649
31.611
46.621
56.351
50.303
38.791
23.784
24.388
15.940
32.382
36.373
50.209
33.151
42.678
26.694
7.615
25.834
55.094
56.894
46.027
36.807
38.568
36.234
23.761
34.376
17.094
37.822
23.158
44.143
43.377
27.087
42.934
25.595
54.103
56.406
39.905
35.385
52.035
37.967
18.695
46.075
42.995
13.413
20.109
37.666
23.609
50.059
53.280
42.388
16.120
20.931
24.654
41.559
48.808
50.003
25.128
24.804
54.959
35.486
39.363
20.715
43.767
46.096
50.253
40.703
53.404
30.414
26.296
44.728
50.322
36.946
53.644
60.488
57.698
49.843
48.590
25.321
42.333
9.526
42.662
37.863
47.768
40.300
33.310
51.147
45.016
50.413
47.348
42.363
55.449
53.311
52.464
48.437
58.331
47.649
33.086
32.384
31.340
42.332
47.458
43.425
50.797
44.294
55.257
22.635
34.343
42.525
36.136
53.262
29.522
25.322
20.247
48.450
53.749
37.456
22.260
51.115
10.487
38.393
31.778
26.475
47.535
18.183
47.644
48.935
30.247
43.398
49.151
47.316
13.305
35.736
41.582
42.363
51.952
39.795
29.056
52.987
28.227
50.760
15.297
43.001
18.896
22.867
58.470
44.265
54.540
36.370
39.039
55.442
52.844
30.655
21.522
30.925
49.917
26.819
22.430
47.840
57.488
37.999
44.780
52.700
25.805
41.672
34.100
39.975
28.075
27.980
35.572
44.470
41.757
9.467
11.907
50.036
5.908
21.731
46.031
13.613
27.036
52.596
41.223
20.373
58.305
44.411
39.829
42.160
49.162
44.954
52.115
51.793
41.639
17.157
30.096
46.112
39.468
55.696
18.583
57.589
30.941
42.037
36.436
54.373
43.607
48.371
20.823
42.438
53.500
50.186
31.824
35.736
11.810
41.016
16.129
58.156
30.786
47.831
50.233
36.331
13.805
42.248
51.685
40.786
47.264
53.886
56.638
41.539
47.350
43.575
52.184
46.165
15.951
50.795
43.207
16.465
15.624
57.755
26.162
20.679
58.592
37.992
51.846
35.419
8.479
20.906
46.443
14.280
29.265
50.324
46.930
53.334
59.155
37.057
52.620
48.996
29.313
33.977
50.504
55.894
32.709
33.159
45.599
59.293
14.775
42.348
43.693
28.866
42.616
33.982
21.482
14.920
16.859
36.914
20.512
13.108
51.971
7.956
47.162
49.272
32.254
36.289
51.112
34.916
57.071
9.586
51.310
43.542
43.889
41.896
23.922
46.959
53.100
51.354
18.678
52.365
56.705
13.612
9.731
26.475
45.925
27.342
41.686
52.482
58.795
22.347
56.196
36.825
44.833
44.452
12.355
53.416
38.456
29.299
43.273
52.035
41.390
38.756
44.432
47.213
35.741
43.566
22.766
31.937
28.786
17.364
15.926
47.370
43.681
20.104
39.654
34.232
47.727
9.626
19.807
45.585
49.010
40.646
17.679
41.679
27.702
30.720
16.003
44.308
52.230
2.089
13.600
54.946
46.596
42.525
29.962
47.609
51.723
55.764
12.896
50.418
16.613
44.345
52.054
58.236
59.563
39.258
33.752
35.198
45.603
36.149
33.036
22.728
26.321
36.146
14.439
51.798
18.266
27.980
55.572
20.950
31.884
18.830
17.498
33.604
35.338
49.918
50.407
58.539
54.008
16.613
48.133
36.144
46.195
28.886
51.306
53.756
43.837
20.836
45.752
52.509
32.327
51.857
39.341
51.927
51.562
41.055
50.508
47.849
59.435
45.316
17.225
58.241
47.173
48.609
55.234
38.368
14.295
24.605
35.502
11.503
54.012
12.382
39.363
23.049
38.004
35.248
48.212
42.299
50.562
57.095
20.152
32.767
46.810
21.991
31.035
38.350
42.657
45.338
27.862
39.249
47.586
32.615
45.181
48.926
45.853
39.325
27.137
51.406
40.875
46.231
40.222
28.094
35.700
40.488
20.976
45.715
59.019
31.767
34.553
46.249
32.475
50.102
10.147
8.884
13.322
38.692
44.289
32.033
45.087
39.939
51.853
41.884
43.096
28.888
46.906
42.370
36.983
42.784
38.390
10.189
25.510
56.960
30.306
31.161
51.400
43.214
29.657
17.324
17.027
15.539
44.441
53.363
46.457
32.719
57.537
12.537
41.576
53.620
32.339
30.464
52.699
30.007
35.544
49.230
43.530
41.636
55.436
39.453
25.868
46.596
47.089
59.095
53.889
53.068
46.893
14.421
28.443
39.332
39.685
42.937
53.091
47.549
55.307
44.147
50.606
48.332
52.013
44.098
37.625
58.948
54.313
3.609
53.617
55.519
7.716
23.086
56.859
53.405
30.740
53.096
47.161
47.004
43.807
46.230
56.331
44.911
54.185
34.136
53.273
31.023
46.878
15.109
31.283
19.080
28.691
30.059
32.526
20.392
29.692
9.129
20.590
18.934
55.748
43.865
48.014
40.944
57.485
50.770
47.224
42.774
39.161
56.201
48.428
61.683
33.022
42.483
41.110
59.823
58.934
37.570
37.116
36.445
54.708
13.181
55.886
1.789
50.586
42.089
26.420
42.864
48.908
47.015
45.582
31.078
46.332
36.175
45.054
43.861
42.357
51.844
50.293
45.056
53.116
27.337
49.183
41.578
45.874
44.001
43.209
40.458
10.452
46.260
11.937
15.646
42.840
38.735
49.706
23.369
48.575
23.317
38.568
43.775
38.256
52.210
45.704
44.456
25.669
35.897
42.729
45.872
39.577
16.872
24.229
20.680
49.172
20.431
24.777
58.261
57.041
55.872
49.136
9.640
47.933
42.130
42.810
45.427
21.740
40.394
58.472
43.193
50.865
35.965
58.037
14.430
21.353
16.805
20.867
32.489
16.840
33.275
31.815
48.553
51.621
40.872
54.744
19.868
21.612
29.410
17.726
36.869
31.056
50.836
16.656
47.020
46.955
39.820
43.838
32.867
37.316
14.937
47.450
49.499
35.553
48.662
42.179
47.665
25.860
38.370
58.038
15.095
50.775
30.196
43.050
48.735
28.136
25.006
54.040
34.949
36.108
27.863
38.302
47.576
57.546
9.531
18.484
55.192
54.761
59.507
54.229
58.752
44.025
51.677
58.100
51.522
36.780
7.184
15.071
2.964
7.978
26.949
50.851
35.140
45.686
38.554
47.897
40.191
43.533
48.998
38.383
52.738
46.756
41.763
41.564
40.005
54.834
9.330
10.639
27.335
39.431
20.381
30.089
40.942
14.517
45.901
50.891
53.917
39.037
12.319
27.936
35.835
41.155
48.380
50.327
49.230
45.836
53.229
47.985
51.085
40.745
47.091
17.863
39.268
35.985
55.682
54.889
28.918
37.383
29.525
31.497
21.783
42.507
60.339
41.222
26.549
29.684
16.089
50.549
5.417
36.352
58.493
52.692
24.679
42.625
57.057
57.461
56.380
51.310
35.292
33.089
18.438
54.278
50.202
40.142
54.638
52.664
46.951
50.558
43.183
9.807
47.730
14.648
33.673
32.737
50.487
51.570
54.796
49.430
60.170
59.072
25.932
58.778
22.044
25.226
51.120
41.772
46.400
42.417
25.498
39.459
43.946
47.044
47.592
34.479
25.551
57.058
34.512
8.602
49.426
39.645
58.782
60.283
47.541
50.168
41.329
40.480
49.181
26.070
44.206
42.366
44.184
40.311
50.160
24.022
52.029
33.676
43.509
43.910
37.884
53.997
52.535
52.210
47.699
36.698
44.726
43.598
39.610
44.203
44.099
47.739
35.205
38.532
13.483
57.504
56.302
50.157
30.870
11.187
44.445
54.414
23.192
10.362
30.801
50.696
44.920
59.448
22.171
57.480
51.818
37.998
30.048
51.408
43.432
49.842
55.393
33.508
44.341
59.558
40.026
43.845
43.894
43.096
48.293
10.880
58.999
47.517
55.467
42.202
45.113
54.414
8.676
58.081
51.327
44.768
48.598
53.314
36.924
58.231
45.048
27.986
33.550
38.524
49.388
7.246
38.991
55.581
39.110
24.583
37.844
55.392
39.374
54.902
48.842
46.152
33.371
44.535
40.983
37.048
43.093
6.743
35.806
19.907
29.471
42.586
51.411
30.485
20.730
33.865
57.969
57.614
47.157
41.450
49.959
42.945
58.116
50.993
59.142
38.265
31.605
6.919
56.306
36.487
40.321
39.145
26.456
26.880
46.242
24.622
40.532
22.098
42.561
56.110
51.892
37.239
42.702
42.933
44.802
4.617
25.857
58.816
47.218
58.084
13.154
35.703
32.908
42.695
17.694
44.249
38.673
59.540
37.479
44.069
48.412
55.192
46.153
52.393
37.075
34.455
36.925
57.058
9.469
27.624
50.350
42.168
43.971
20.853
5.737
29.945
55.064
52.145
56.865
50.516
22.584
40.681
22.697
51.708
35.656
41.034
46.435
16.594
41.509
37.822
54.784
24.823
41.720
38.400
44.939
48.372
45.452
58.345
37.959
43.970
48.718
58.280
36.472
37.186
41.241
18.486
21.184
36.383
29.546
20.645
49.626
46.994
29.342
24.068
9.038
56.019
16.536
35.973
19.897
2.399
54.970
51.373
12.514
55.368
9.255
48.098
54.696
10.427
8.762
42.300
57.603
25.358
41.605
19.625
17.381
11.011
15.147
43.551
53.446
34.799
38.675
56.060
39.958
36.721
44.665
15.183
17.907
25.438
54.958
32.450
57.449
21.549
53.834
57.112
15.317
37.477
12.624
47.400
54.353
60.157
46.227
21.565
22.260
45.935
33.520
28.728
48.694
43.727
27.467
20.563
43.150
31.576
54.757
30.022
29.602
57.645
41.385
24.931
27.958
44.103
42.994
46.448
47.956
36.607
32.470
15.854
59.477
35.266
60.427
31.114
18.942
34.012
54.337
60.076
57.847
13.492
14.583
53.627
48.037
14.867
55.021
31.772
60.977
56.472
37.293
24.515
55.472
53.475
28.741
16.598
42.025
44.609
33.317
51.233
44.283
44.654
14.037
43.942
30.481
43.769
40.254
29.724
39.991
47.540
41.436
57.223
43.027
25.336
45.668
40.430
40.888
48.883
46.587
38.866
57.968
32.783
48.348
38.695
44.658
32.788
59.724
55.715
50.764
45.367
17.559
46.310
55.242
60.178
24.483
38.097
31.169
44.991
24.027
40.569
12.764
35.525
33.725
19.765
34.243
38.524
37.397
55.279
53.127
30.367
28.718
39.233
33.463
53.474
53.774
54.154
53.146
38.018
42.089
48.878
56.738
19.203
32.556
25.195
57.250
44.562
49.439
46.603
25.245
23.618
46.183
36.910
42.856
38.734
51.155
49.215
43.605
35.195
47.132
4.242
43.208
40.897
31.400
55.234
15.387
34.880
57.326
10.489
58.531
21.047
21.973
51.847
26.178
44.637
57.205
11.488
26.485
23.036
31.723
35.270
57.719
21.859
58.396
29.494
51.257
57.434
34.866
34.923
23.947
24.691
20.865
38.743
32.060
25.503
49.799
47.726
27.094
42.682
39.475
37.724
26.620
28.055
39.371
6.145
53.144
31.688
35.479
43.353
48.285
50.819
48.101
44.555
29.767
42.778
28.398
43.968
48.726
45.787
59.020
56.770
40.831
20.443
18.118
38.377
13.976
42.749
54.231
53.792
45.447
42.675
32.504
17.379
24.536
15.035
51.323
48.868
55.433
37.615
25.612
39.566
30.417
10.493
25.451
34.257
26.128
33.127
44.870
47.022
31.364
32.832
24.643
33.413
58.070
52.978
42.482
38.972
55.410
47.452
33.358
31.456
55.420
53.394
41.280
35.218
46.321
31.501
33.087
48.901
39.244
57.557
49.406
26.375
21.430
21.317
21.996
13.529
56.775
59.523
59.071
55.633
33.085
41.319
55.158
53.131
33.518
27.609
46.095
58.618
42.725
30.021
36.986
20.771
24.357
20.404
43.639
48.816
38.356
46.410
47.409
38.739
47.585
42.292
17.129
40.859
52.485
6.696
56.703
12.578
46.316
55.904
15.456
11.969
44.054
50.147
45.822
55.800
26.397
48.492
25.668
37.866
43.826
22.976
28.180
51.058
20.964
33.146
45.010
35.388
58.978
57.670
41.479
17.364
34.633
19.196
6.289
50.043
11.139
38.424
17.915
46.271
13.449
49.868
51.062
20.707
25.817
22.656
44.994
28.331
34.469
44.161
43.208
42.471
37.364
40.593
39.849
38.209
40.458
40.748
31.888
21.913
32.775
55.171
56.089
55.355
45.677
48.206
50.290
41.440
52.836
40.693
52.677
39.548
55.345
33.721
8.050
31.672
55.211
19.001
55.105
48.687
12.254
32.651
42.056
46.643
8.624
56.764
37.295
21.844
14.801
44.853
22.416
46.297
36.161
14.814
14.775
53.493
57.650
34.773
42.284
40.274
50.493
54.183
49.042
48.822
52.478
38.195
32.004
19.198
36.130
32.592
35.020
24.055
32.590
30.738
25.019
52.315
25.676
9.780
27.669
44.461
58.770
44.996
25.190
27.391
30.329
45.771
36.784
48.311
38.573
37.601
45.192
30.454
24.918
39.659
24.005
54.815
40.931
41.710
31.779
51.270
39.512
33.919
52.540
58.627
47.743
53.058
7.498
7.329
39.812
31.961
59.673
45.931
54.056
11.712
55.030
27.596
28.665
34.907
16.352
43.115
53.192
48.144
17.310
47.087
44.600
10.692
43.404
26.908
25.356
42.180
17.250
59.386
38.655
56.631
47.209
39.724
56.876
49.266
41.820
51.843
45.910
49.292
31.601
19.772
54.396
21.829
20.852
50.853
9.111
23.001
13.322
49.909
51.590
30.070
37.952
35.809
28.653
21.921
18.321
23.504
47.053
50.736
40.675
35.132
16.399
38.426
20.891
5.499
47.619
48.076
26.839
42.866
28.536
19.829
35.894
8.332
57.037
51.109
43.588
59.613
41.778
38.569
31.982
49.747
36.132
32.096
45.608
58.832
36.989
33.383
23.341
9.505
56.993
41.051
27.059
52.908
49.425
22.896
57.526
53.912
56.094
44.877
15.478
58.737
6.058
51.338
32.570
8.217
26.768
33.660
57.570
49.915
45.476
57.155
31.838
13.233
28.913
41.048
53.940
5.490
51.906
15.720
56.009
17.053
40.115
40.310
44.060
43.463
46.932
49.392
16.596
12.450
31.224
50.286
33.829
54.741
25.039
23.410
26.691
46.360
26.259
51.353
47.654
46.284
54.405
11.625
33.308
19.359
49.088
50.604
35.760
33.342
36.718
56.127
29.408
48.119
36.741
38.529
40.776
58.147
29.561
21.724
50.553
9.363
38.695
41.791
38.117
30.499
36.703
11.626
39.849
36.234
43.381
41.218
46.535
11.373
38.850
45.193
39.906
46.841
41.018
49.657
53.474
58.488
49.413
44.737
14.854
48.634
54.959
51.942
51.569
49.598
50.638
35.933
51.386
57.552
18.746
56.941
50.255
56.011
28.669
52.214
57.080
55.593
4.128
51.381
6.722
16.019
51.097
54.105
36.536
19.863
33.265
59.372
55.739
53.753
7.890
39.981
23.031
55.182
48.543
53.465
45.877
25.431
56.074
54.078
41.460
17.811
58.452
52.547
54.756
23.474
18.626
41.669
43.018
49.127
30.063
18.205
14.915
11.671
45.951
13.574
29.077
54.858
50.856
19.643
37.488
25.138
19.345
60.169
14.518
55.641
54.182
6.121
50.961
48.666
53.219
47.265
54.084
17.046
42.958
49.076
8.306
56.623
45.178
59.472
57.368
10.248
55.769
46.911
56.287
33.864
56.860
49.317
45.931
43.675
17.193
57.090
45.115
47.209
45.728
43.166
35.444
44.078
45.331
25.850
55.663
20.228
36.785
57.585
48.762
55.671
39.727
50.534
15.091
3.896
57.234
24.596
34.979
47.298
41.416
51.553
48.298
53.176
52.459
23.425
32.928
18.558
14.383
30.951
37.175
41.839
39.216
36.380
47.777
8.138
31.369
60.747
54.235
48.033
25.204
43.503
54.395
47.710
55.981
42.698
41.450
42.299
46.477
38.786
34.508
22.136
47.911
36.750
48.371
45.119
44.378
37.348
25.845
59.685
51.391
21.793
52.931
36.956
28.452
26.013
32.273
30.121
21.213
46.446
52.382
40.875
48.610
36.855
34.797
43.688
41.214
46.924
19.762
50.716
48.089
34.153
50.109
53.243
38.775
27.377
20.694
42.031
19.408
15.959
52.456
47.938
11.056
11.678
50.215
15.412
48.226
52.744
36.090
42.447
34.309
43.687
26.079
56.869
17.128
16.724
34.766
39.846
23.450
51.704
34.152
32.295
34.320
41.833
39.536
43.599
32.879
50.740
53.859
48.893
44.534
21.323
39.688
14.668
17.487
50.256
60.523
32.866
21.614
59.751
34.531
19.018
53.944
53.485
59.502
59.184
31.976
22.358
49.385
41.086
50.932
55.975
10.483
28.790
33.153
49.672
57.058
6.897
56.363
53.788
56.731
47.433
47.685
35.260
46.179
51.843
21.200
44.146
28.533
21.462
10.647
34.045
16.887
53.835
42.049
46.222
46.020
37.666
3.310
8.717
40.260
27.945
55.382
10.792
3.625
15.802
3.802
11.841
11.616
28.833
39.596
49.208
13.113
51.877
55.969
39.700
47.695
24.477
37.423
33.780
25.897
55.205
30.844
24.755
33.382
39.099
6.270
57.374
43.753
34.144
42.996
34.924
34.119
20.084
12.774
54.082
59.702
33.851
52.311
57.304
46.882
52.619
45.522
10.135
52.347
38.151
58.053
40.366
7.218
50.583
45.302
38.125
42.898
56.301
48.575
45.962
46.054
49.899
27.495
29.094
43.786
7.976
53.100
51.614
54.171
36.879
48.581
47.091
56.263
13.528
54.345
13.939
46.807
45.875
57.063
45.951
18.986
47.169
45.605
22.323
32.413
44.654
51.398
31.902
52.187
29.313
36.446
51.153
49.582
56.234
51.588
46.290
33.852
45.889
38.608
38.285
25.088
9.887
52.306
26.743
50.220
10.231
34.292
49.663
15.991
12.636
58.195
45.774
46.896
51.591
53.953
18.542
39.329
50.898
44.727
40.200
24.709
12.025
35.987
20.726
38.867
42.706
11.090
44.458
59.248
