7.770
47.340
46.535
8.173
23.638
47.736
40.866
40.353
17.392
23.682
16.005
25.455
32.948
22.330
14.620
33.279
9.753
6.082
29.406
43.422
9.947
26.347
54.937
20.705
25.189
26.470
27.502
20.935
18.978
38.864
53.444
56.694
43.396
37.940
10.946
43.548
40.851
48.695
8.178
58.022
13.068
15.078
10.809
23.693
31.001
45.934
12.214
34.229
54.228
43.830
55.393
34.862
47.814
14.688
43.110
25.665
49.223
59.611
47.564
30.975
54.431
9.331
49.275
45.959
51.141
19.133
52.316
57.145
56.524
58.693
34.258
52.146
14.404
57.313
6.734
46.892
47.536
56.639
53.830
37.129
48.800
33.563
57.497
44.505
46.617
37.265
45.648
19.775
28.090
29.656
18.121
60.524
13.797
17.797
57.573
5.574
16.226
20.698
29.049
6.874
21.502
54.106
8.972
15.651
9.475
54.407
60.272
57.275
43.049
57.738
57.749
36.343
34.780
37.660
30.948
59.696
29.480
18.059
24.857
51.824
44.038
23.016
23.940
10.692
7.719
51.593
16.237
56.924
37.291
7.264
15.137
53.440
46.119
51.889
31.916
47.422
42.900
8.610
35.495
37.203
16.200
8.205
36.419
18.952
55.523
45.913
48.414
51.599
12.446
53.048
42.819
55.754
49.163
48.117
47.086
37.889
35.774
59.115
47.871
45.775
56.593
42.616
39.590
19.565
8.091
50.530
54.290
38.336
48.205
14.781
57.109
18.032
34.077
10.983
27.401
7.721
22.001
47.876
45.810
39.180
41.285
25.100
28.136
36.107
39.278
55.681
45.431
45.020
38.556
12.054
45.398
15.572
42.665
58.404
24.999
60.083
26.312
7.896
52.105
46.152
23.975
11.883
12.311
50.871
41.023
35.204
39.127
19.650
19.006
32.767
50.872
6.985
55.645
50.616
59.560
47.862
22.736
43.093
58.632
43.068
27.329
23.647
47.787
52.664
33.816
6.041
49.474
48.599
43.451
44.007
34.833
31.656
49.220
10.213
30.342
56.804
43.417
49.406
9.022
56.996
38.269
51.173
39.305
24.911
54.673
11.642
41.168
50.029
48.422
0.681
43.172
36.293
36.529
43.810
54.000
52.770
39.723
39.012
32.360
42.451
38.249
20.299
14.430
45.133
24.185
21.930
53.042
51.903
52.444
52.740
11.999
14.783
44.715
50.702
9.134
37.027
41.168
22.219
14.467
12.087
14.784
43.989
28.566
26.593
17.248
31.280
43.655
11.908
18.233
5.438
44.826
12.620
45.767
32.381
40.948
14.696
23.802
53.396
28.551
13.109
54.609
45.386
49.789
13.221
42.334
48.066
48.967
42.753
57.886
51.454
28.320
49.400
17.119
58.930
52.265
9.712
13.910
42.585
16.902
42.465
22.817
33.688
53.595
17.017
7.896
46.002
36.024
27.053
47.757
32.511
38.556
37.157
36.303
39.002
8.013
16.992
41.479
47.790
43.318
56.901
25.994
7.611
18.642
44.569
9.705
40.805
42.891
48.005
54.810
10.029
48.075
59.325
30.983
24.872
9.921
52.830
18.842
24.141
51.576
32.441
59.029
32.409
53.008
48.544
53.021
11.970
40.276
36.495
25.199
39.431
37.313
49.405
37.695
10.327
38.864
41.397
45.509
23.740
23.561
15.583
16.540
37.745
37.614
27.141
25.416
53.471
44.387
52.720
16.255
34.316
43.563
25.582
11.600
34.378
27.674
7.415
30.545
40.457
52.267
19.554
51.124
43.187
21.497
29.560
8.039
30.896
22.220
31.140
14.801
27.723
45.580
38.523
32.138
15.515
32.304
40.960
43.537
13.324
10.262
37.925
34.617
16.824
10.205
12.377
28.482
52.787
6.403
39.095
28.273
43.881
29.457
36.647
45.034
36.381
15.059
45.591
17.032
49.241
49.312
23.467
45.107
42.488
10.973
35.956
39.336
29.712
23.705
26.300
54.209
29.835
23.168
34.027
30.120
41.917
26.824
45.328
36.579
28.464
48.159
31.626
43.118
50.124
37.714
28.832
58.904
34.285
52.671
30.605
38.769
8.616
41.773
37.355
40.959
29.659
48.441
51.106
47.320
60.093
47.722
16.124
49.401
16.930
36.181
6.484
19.743
22.056
12.153
34.422
25.339
11.620
44.687
19.363
17.736
7.152
17.575
57.888
8.922
11.940
20.443
33.882
25.791
34.092
15.183
7.440
30.253
25.560
42.265
28.707
44.629
50.511
51.143
8.522
18.572
58.688
31.071
46.939
50.953
16.663
35.859
8.947
34.728
19.988
39.722
33.653
30.265
5.906
26.734
56.068
58.883
29.877
46.581
54.412
26.868
58.287
27.553
32.537
42.608
34.623
38.430
50.296
15.909
13.730
18.944
58.331
17.844
13.038
57.072
41.697
16.916
38.777
53.666
51.995
37.414
19.581
56.636
57.380
44.415
27.497
17.356
52.946
52.409
54.894
26.869
30.807
18.176
8.509
33.757
14.043
15.605
11.071
58.476
48.759
40.619
25.867
49.114
33.575
31.895
53.825
42.914
14.623
34.700
28.915
18.429
24.863
19.619
29.837
57.555
20.150
56.375
29.438
40.934
59.276
20.504
21.570
19.202
54.563
39.902
41.711
47.086
44.482
50.939
5.813
55.134
1.254
56.665
7.047
48.053
5.932
9.252
60.276
12.472
42.824
2.007
40.259
27.248
15.565
37.991
9.552
28.979
35.739
22.003
43.470
6.748
37.541
40.583
59.137
11.379
39.482
44.343
38.113
10.962
56.353
45.935
61.440
8.196
12.621
5.382
51.518
48.988
53.432
43.991
51.412
59.769
39.080
10.082
29.523
29.772
57.143
56.881
20.247
35.120
20.815
21.921
36.338
15.483
9.528
52.639
40.728
23.136
17.715
15.539
11.348
21.852
11.692
43.682
41.787
5.286
10.166
35.894
27.239
9.352
19.715
30.869
22.183
18.454
36.220
22.682
37.729
33.655
7.694
50.836
33.271
4.810
38.615
34.395
54.933
33.537
27.980
45.601
35.623
38.605
60.553
19.984
21.763
54.049
24.689
13.248
43.346
47.828
25.614
12.176
3.935
3.700
23.612
7.797
21.758
35.925
51.072
22.695
16.387
29.720
47.821
45.137
57.956
26.574
43.326
59.374
32.327
39.085
33.038
46.584
55.478
38.057
35.203
13.350
36.003
26.579
23.676
33.660
33.977
37.193
16.439
9.951
41.303
39.454
30.071
51.026
27.284
33.924
6.246
46.494
4.857
26.146
48.202
38.488
36.007
50.670
13.878
40.574
39.173
37.250
43.649
35.316
57.854
42.841
49.504
58.955
8.394
36.909
40.809
31.515
30.268
18.860
47.871
30.751
36.685
37.129
37.055
35.713
29.656
42.390
39.896
39.692
54.618
34.960
57.703
20.792
29.634
57.570
33.423
48.286
50.275
55.618
43.152
34.489
40.618
58.008
52.104
9.230
57.934
41.928
49.820
18.331
20.085
8.525
9.998
49.573
56.430
53.450
49.738
42.368
35.930
32.409
13.740
58.440
38.223
26.652
50.849
47.717
17.708
47.382
50.572
56.671
51.485
58.668
59.916
36.199
11.183
42.490
15.535
26.571
10.556
29.979
10.672
4.700
36.471
47.715
53.489
43.890
49.440
35.008
43.690
18.435
41.320
37.508
36.936
25.564
10.967
31.372
52.272
1.876
20.866
41.906
56.671
11.449
30.304
14.721
6.817
41.289
36.900
51.126
22.560
13.412
11.408
30.298
39.737
41.445
43.089
11.861
32.272
11.715
51.234
41.442
47.085
32.981
16.225
59.629
17.368
24.245
34.621
42.639
26.636
43.457
46.871
42.226
35.031
30.042
27.467
20.742
42.088
4.397
21.520
50.691
20.827
14.548
34.466
22.442
21.290
19.201
10.587
46.426
51.764
53.527
56.500
14.309
30.177
14.371
36.207
32.395
59.478
24.805
41.094
13.645
5.520
17.539
17.960
24.385
24.112
42.528
43.767
59.517
13.085
40.560
41.742
9.768
33.557
39.171
4.606
37.027
10.943
60.669
30.813
24.471
18.140
42.738
11.784
34.309
57.776
58.152
17.362
31.904
14.263
12.215
60.115
58.912
45.900
36.562
35.684
35.352
39.730
33.865
27.054
32.079
6.198
9.565
52.759
56.354
55.554
37.657
55.402
46.110
52.116
37.768
40.504
28.132
40.482
55.678
59.973
33.271
56.662
20.214
43.989
17.233
18.736
15.613
55.050
27.958
50.950
28.034
33.307
16.958
17.664
33.523
31.821
47.365
48.438
7.416
41.157
31.061
52.178
52.923
36.511
53.748
48.966
43.076
48.022
47.617
25.612
48.586
58.516
52.572
14.249
20.335
16.135
10.293
24.094
47.543
29.736
38.636
15.659
36.077
30.741
19.910
11.409
55.610
10.809
18.230
9.894
11.160
56.440
35.180
15.419
33.261
31.023
29.156
7.296
20.204
9.874
15.100
12.886
46.392
53.257
16.990
10.829
10.415
42.081
45.090
45.351
36.727
54.991
58.631
15.054
23.609
27.781
12.235
16.434
57.572
54.524
36.174
25.426
60.130
20.692
54.514
28.743
41.678
47.261
5.432
47.015
45.913
28.011
33.546
6.966
37.488
54.291
51.857
55.479
36.831
45.183
33.485
26.989
48.178
13.618
17.531
31.990
40.084
34.222
39.590
25.037
15.043
27.619
6.391
40.815
54.602
32.234
8.758
14.027
34.134
52.219
6.526
26.734
11.585
48.906
25.043
17.988
37.128
14.887
37.944
33.147
19.288
55.690
7.275
39.722
44.929
12.188
15.538
5.680
50.627
11.895
14.199
19.600
12.455
43.559
4.729
50.063
22.671
20.392
19.874
46.698
48.332
39.951
25.200
6.917
48.532
6.896
16.501
15.644
42.113
33.310
5.852
14.480
5.533
6.564
15.904
46.589
40.303
54.925
33.801
47.877
18.485
59.244
36.604
44.464
21.515
7.482
8.637
47.501
54.942
48.182
18.285
54.810
32.317
27.228
30.115
7.288
31.802
10.426
16.293
25.918
16.340
13.861
11.517
16.405
13.048
19.024
35.097
10.262
42.197
22.254
49.812
45.025
19.241
20.088
50.255
7.318
20.157
10.521
14.602
13.205
9.976
38.880
5.978
60.187
34.207
23.510
48.532
35.200
22.939
40.571
12.755
25.597
38.652
21.933
15.962
23.132
54.058
23.317
11.529
45.955
25.788
41.893
29.714
44.584
14.188
4.683
32.462
47.335
29.689
24.750
13.538
51.608
31.502
14.096
22.152
10.794
16.293
10.761
15.128
35.923
8.526
15.993
52.913
32.863
36.688
46.278
25.132
14.778
53.821
23.528
30.804
43.184
16.845
12.477
50.164
17.718
21.734
41.563
46.449
36.307
37.529
50.829
31.800
39.866
4.238
19.636
32.012
27.691
18.291
17.524
14.480
10.694
12.784
37.351
6.772
30.640
33.041
19.781
10.981
54.865
7.895
43.543
53.262
9.408
17.211
9.077
14.868
12.657
35.238
60.375
48.626
61.436
48.871
45.981
9.717
15.970
23.064
26.051
24.121
33.708
40.096
30.374
20.997
25.911
8.521
30.549
44.417
32.901
28.436
26.416
33.179
33.136
37.520
47.691
23.928
19.192
21.901
53.693
29.490
25.268
8.453
50.360
31.750
32.843
24.019
13.117
24.801
9.012
14.268
39.492
44.604
51.919
11.232
21.647
12.122
36.629
5.365
23.948
10.946
19.751
11.265
9.471
14.791
43.808
17.736
48.023
57.199
50.958
12.115
46.677
38.736
13.048
33.263
14.206
27.749
1.236
19.364
54.273
36.163
47.609
7.238
57.453
32.116
20.438
42.351
21.813
4.629
37.292
42.450
38.703
14.840
38.963
40.974
40.758
47.325
51.521
44.600
53.324
6.132
2.830
7.822
32.283
14.266
51.075
57.527
49.327
19.290
44.998
10.733
46.766
36.231
27.457
48.025
42.797
9.970
14.770
48.507
8.007
7.489
37.774
28.347
19.302
25.060
16.329
12.558
27.540
20.248
32.060
39.160
33.335
24.907
34.443
8.327
55.893
33.343
9.830
12.155
10.749
53.340
41.169
44.663
36.453
26.356
26.734
36.941
7.655
3.460
36.797
47.712
43.323
32.041
48.038
24.338
44.475
38.606
39.611
37.467
29.275
21.036
55.512
59.946
45.782
48.328
53.081
44.251
51.525
37.603
13.738
17.348
50.631
8.599
54.813
31.315
5.395
44.126
35.778
29.434
52.989
9.697
21.033
43.509
24.352
19.832
32.913
17.094
43.044
31.054
24.177
58.743
50.970
17.328
32.388
19.612
30.344
21.341
19.748
43.364
35.131
54.881
43.205
15.655
43.776
23.956
12.974
48.278
50.647
53.829
31.299
35.851
3.986
45.731
34.682
43.776
21.703
31.477
11.779
9.827
36.563
36.482
36.809
33.710
52.423
51.816
48.660
45.341
22.956
41.618
14.687
59.043
38.253
41.270
38.705
19.772
27.291
27.352
34.218
58.201
45.017
6.984
42.746
52.118
54.099
29.442
20.449
37.610
51.658
51.849
31.676
19.195
57.629
11.500
52.634
48.287
8.514
58.292
32.367
8.309
11.157
10.192
49.764
43.853
24.442
46.206
11.145
39.079
36.522
55.242
40.505
13.155
33.392
40.351
29.246
28.958
30.275
41.182
51.132
10.992
30.527
51.580
39.201
47.487
58.705
45.185
37.380
56.605
54.782
53.238
50.771
27.503
59.737
34.521
45.779
41.748
40.729
43.266
3.089
35.571
55.812
55.646
43.965
16.376
47.870
37.915
34.011
11.081
26.622
12.383
13.315
47.339
47.375
40.868
45.104
20.900
45.264
15.707
52.396
47.362
14.274
43.375
9.561
20.046
28.888
50.547
54.881
25.220
29.047
46.664
50.042
9.528
35.812
47.203
25.695
37.378
27.164
34.296
8.609
44.918
13.392
34.046
58.239
13.640
37.114
32.229
57.850
41.746
21.290
28.761
34.121
50.119
10.443
59.126
1.743
47.641
37.604
46.420
47.044
49.426
58.817
13.240
25.220
5.998
13.557
57.239
55.955
51.239
46.988
46.979
57.046
51.168
31.178
35.580
34.135
51.439
57.317
27.454
43.090
20.673
35.144
29.120
15.677
45.812
31.283
45.548
14.641
38.040
55.961
47.597
8.831
51.496
40.358
42.831
40.936
12.975
26.701
29.048
29.375
34.383
55.128
40.308
37.709
36.869
15.781
45.237
7.229
8.765
41.282
18.565
40.291
30.257
32.723
19.661
56.001
23.003
36.908
20.610
22.527
27.601
35.780
20.095
32.958
9.158
33.231
26.028
10.446
28.265
16.636
25.518
29.354
42.335
41.198
35.512
10.228
7.560
24.162
49.391
35.232
54.373
53.771
58.805
45.695
19.366
40.322
41.012
36.130
48.889
15.438
41.816
22.604
48.170
47.476
51.637
41.818
50.993
42.613
33.365
44.916
9.739
9.903
48.627
48.325
21.934
36.591
51.209
27.286
52.125
25.617
17.547
24.373
15.685
12.801
10.781
15.518
33.742
41.268
48.466
26.570
17.208
31.392
8.592
25.560
50.349
58.371
48.749
26.911
31.097
5.956
12.060
37.076
19.482
41.819
27.789
13.192
32.682
58.978
12.059
12.257
14.917
18.847
32.856
46.675
38.599
24.968
44.371
53.160
53.628
34.036
38.051
43.695
18.381
10.303
29.250
25.694
11.495
16.090
50.214
44.491
23.591
40.279
42.757
16.589
50.718
23.974
35.023
11.969
59.812
54.694
8.440
31.357
17.095
5.814
36.657
43.652
12.425
20.883
34.980
31.901
40.761
41.762
35.400
48.102
51.353
51.185
28.948
30.375
37.198
29.833
25.109
45.970
30.966
16.526
30.868
23.493
40.779
37.216
32.674
15.911
20.152
59.783
58.033
10.486
11.158
51.256
37.268
37.829
41.025
31.647
19.254
52.030
24.120
54.650
37.334
53.574
46.260
31.634
37.230
23.817
18.158
47.310
13.174
26.784
7.359
46.795
36.633
39.313
38.794
43.438
49.178
9.218
51.327
5.331
58.453
32.621
53.571
13.580
58.129
51.237
31.875
55.997
44.625
23.014
49.818
50.558
57.747
54.169
34.591
24.921
47.043
14.559
7.882
43.028
6.618
19.803
15.393
48.059
35.379
32.120
17.741
18.251
45.291
57.283
37.437
50.297
11.066
22.979
9.149
12.670
19.418
51.630
58.359
53.464
39.968
44.059
8.279
4.631
45.968
32.928
42.927
48.046
60.035
10.347
35.261
53.429
28.093
44.752
43.155
11.483
26.882
31.853
7.543
11.664
40.632
37.771
58.485
45.889
32.826
53.547
48.575
7.639
57.272
14.668
33.472
46.776
38.523
52.852
50.990
45.249
6.430
46.738
8.216
60.048
15.771
53.869
58.072
37.024
8.390
60.090
16.185
53.069
43.988
54.799
10.709
54.713
20.998
51.465
48.976
46.380
55.219
21.102
48.353
34.753
57.918
50.603
30.754
58.172
8.251
49.559
33.263
59.458
54.765
54.801
43.786
48.893
48.640
47.980
27.976
47.621
7.365
52.585
42.258
47.094
47.444
52.024
44.454
48.671
42.878
43.768
24.891
52.994
15.396
45.543
54.297
53.331
41.678
17.529
53.984
47.483
49.925
53.691
18.378
40.037
7.101
34.859
35.535
41.218
49.728
39.063
30.606
25.000
36.020
48.759
29.739
29.123
49.314
54.771
45.576
43.259
23.319
9.987
50.675
58.488
35.816
23.138
38.684
55.815
53.104
36.814
7.219
29.393
34.932
50.592
54.531
29.422
11.550
5.852
31.339
46.414
33.817
16.697
35.929
9.525
18.328
36.364
30.266
43.229
38.814
19.894
34.557
26.299
33.433
11.130
13.438
19.534
17.738
43.746
25.543
51.782
34.668
39.644
44.242
32.189
47.261
48.907
12.795
17.305
48.752
52.938
60.943
41.860
37.748
56.023
51.164
53.131
5.214
22.132
15.086
39.439
35.791
37.751
33.809
51.861
47.121
31.258
42.908
28.359
49.996
36.222
55.830
44.404
12.191
11.776
29.294
10.014
55.132
8.923
44.586
33.006
8.817
52.508
13.336
21.544
7.119
32.524
34.200
42.492
31.365
28.634
31.354
24.252
18.154
23.742
44.411
39.476
50.004
8.121
42.693
39.701
44.598
42.626
43.685
39.513
12.171
50.046
14.050
56.326
53.190
6.420
25.524
46.529
44.915
32.269
40.088
46.717
31.249
44.215
54.879
52.289
32.747
43.577
59.560
14.817
52.460
20.559
42.009
42.669
44.179
44.674
38.593
14.712
42.227
15.964
16.120
49.442
6.183
34.845
10.825
11.957
9.911
52.075
44.104
9.432
41.366
20.944
9.449
34.227
25.242
29.968
51.671
49.056
52.354
40.410
42.800
38.618
48.143
21.092
36.903
40.014
45.802
32.941
39.541
47.669
25.788
56.357
34.753
41.939
29.064
59.500
52.389
43.107
11.650
59.432
57.867
53.554
38.635
54.329
50.186
49.751
51.250
12.296
11.002
37.619
42.176
32.813
47.203
11.500
49.169
50.269
53.500
26.345
27.988
5.695
13.628
55.527
45.808
42.826
33.647
34.892
38.212
52.924
49.390
32.056
29.130
45.431
7.184
31.258
27.829
56.901
16.289
36.028
42.848
47.599
12.882
23.765
17.122
44.946
38.582
45.049
14.186
51.883
12.129
54.208
45.118
11.359
56.435
48.411
24.478
28.400
53.216
17.972
14.256
26.107
55.652
35.677
54.325
49.578
9.690
28.344
9.158
34.973
29.018
30.696
17.729
57.745
53.338
53.339
59.234
12.392
7.454
26.760
6.492
26.579
0.857
16.365
41.255
44.567
17.061
13.863
53.727
48.983
31.040
55.513
50.005
55.235
11.479
55.022
54.909
32.147
5.766
8.944
54.818
10.594
12.106
59.345
48.994
6.701
36.017
29.163
54.361
39.340
43.768
13.716
28.872
38.104
60.116
34.829
46.082
12.016
57.133
46.433
35.769
37.144
31.456
30.433
58.697
39.818
51.785
25.922
26.772
22.200
33.029
10.073
52.710
55.087
18.192
53.909
54.929
51.223
57.508
58.653
26.596
48.793
38.986
52.312
52.890
51.336
43.104
17.826
50.772
12.258
26.471
32.033
46.406
49.141
36.957
18.029
57.072
6.891
42.203
49.400
59.419
40.265
13.711
34.536
59.966
57.573
7.696
32.107
30.773
58.291
48.951
26.898
10.812
15.252
38.396
31.346
46.750
42.613
16.687
14.224
23.847
26.936
40.962
43.033
34.885
7.564
8.311
54.736
31.116
10.984
9.124
39.234
28.506
9.229
8.726
42.259
18.409
27.239
25.285
22.473
19.635
18.800
49.467
52.533
50.923
26.201
46.979
33.882
16.828
22.734
49.326
7.711
57.162
42.927
58.343
36.930
50.196
15.383
44.512
32.951
37.235
14.131
40.731
43.038
37.142
27.390
59.579
51.787
35.418
51.956
43.790
35.245
27.007
44.312
47.857
41.466
4.463
39.455
37.272
53.977
43.778
7.223
45.081
45.482
31.353
55.277
50.576
55.185
12.669
29.679
25.611
38.033
24.100
45.667
3.792
41.287
56.115
56.073
21.607
51.155
7.545
46.805
39.615
40.932
41.297
14.528
46.113
32.545
16.892
14.185
52.039
48.994
58.071
43.191
57.681
39.044
39.318
48.711
32.251
56.345
10.717
52.665
58.899
41.293
56.701
54.559
51.720
61.009
51.220
37.479
15.116
17.719
49.360
5.920
44.412
6.653
58.383
35.551
60.233
20.063
58.977
53.532
44.407
17.881
58.434
49.798
43.106
11.384
20.743
38.266
22.503
45.201
56.757
41.565
47.986
18.535
38.701
47.281
41.584
12.655
38.615
12.736
28.570
44.119
40.988
52.855
49.378
29.663
24.467
15.976
9.144
55.132
42.473
29.054
26.121
20.625
46.940
6.729
35.983
53.998
23.628
26.177
11.554
47.268
22.986
59.141
39.739
33.020
9.915
44.065
42.497
55.883
53.136
35.809
59.365
40.513
10.744
59.476
57.443
49.333
22.149
40.883
4.519
36.378
10.357
51.777
54.519
38.158
59.730
39.608
10.754
39.512
35.327
44.847
54.086
6.670
12.518
49.228
22.047
49.859
56.153
51.399
53.383
59.743
21.572
15.628
16.730
54.487
51.242
0.873
24.056
50.601
12.675
41.795
7.471
58.832
10.275
13.229
38.487
29.598
40.475
24.886
49.915
28.592
55.780
38.454
33.029
38.686
51.678
55.638
46.398
54.992
52.770
13.901
18.178
10.534
51.095
37.474
36.540
44.743
20.762
57.640
26.396
45.128
45.518
34.557
49.016
48.778
29.341
47.558
46.325
19.822
25.195
18.468
14.599
34.938
25.304
35.089
13.799
46.975
47.142
10.366
42.177
30.303
44.310
31.324
28.877
19.683
18.168
29.155
50.950
35.187
22.451
31.713
16.019
44.537
15.667
59.917
59.301
55.891
6.200
52.595
52.430
8.266
9.648
22.185
25.074
5.948
20.483
42.499
54.192
57.782
48.227
33.655
41.069
33.959
38.984
33.866
55.027
37.847
12.054
20.509
45.380
37.333
44.865
51.342
22.628
36.232
25.696
9.975
47.165
13.960
57.009
16.279
52.117
44.218
57.029
57.593
12.904
7.707
59.236
38.096
55.084
51.618
35.814
27.060
51.332
26.615
52.248
26.030
50.259
27.028
45.891
46.811
59.391
59.716
56.683
15.376
52.778
7.250
14.386
39.462
10.485
53.590
58.139
56.842
46.110
49.224
10.717
10.879
50.606
31.545
20.814
43.459
14.381
6.174
46.209
54.306
10.421
13.486
59.692
31.421
52.126
23.338
49.561
7.508
31.446
46.813
59.594
48.540
36.241
34.958
42.432
47.782
43.450
11.397
45.683
13.953
23.174
52.007
60.648
54.965
43.076
42.321
53.574
51.902
54.924
11.907
52.738
54.649
55.613
42.730
17.672
49.409
39.422
26.961
55.474
46.229
12.253
45.360
32.333
9.875
33.555
15.634
31.977
56.805
24.595
24.781
15.644
6.681
31.262
33.149
6.504
46.010
5.571
13.110
42.604
15.601
40.805
47.130
8.319
49.635
27.566
55.617
26.172
43.328
35.992
41.288
24.953
49.821
19.673
53.253
59.569
50.267
17.857
45.129
46.265
16.020
12.063
53.869
