13.741
45.737
44.399
32.619
34.788
40.839
33.586
48.077
23.933
16.754
36.055
33.890
17.571
41.204
29.944
42.948
40.847
25.129
15.360
33.803
38.268
26.447
41.362
37.291
40.787
45.489
24.104
55.282
34.273
41.651
29.536
42.926
17.391
44.947
44.657
49.975
18.238
57.279
52.277
43.774
58.289
48.701
53.847
12.004
50.125
54.383
34.113
47.373
13.391
49.913
21.121
47.763
22.880
54.041
41.619
18.836
46.499
14.932
43.040
27.502
20.802
46.607
51.950
26.470
50.728
43.974
46.845
27.625
31.237
39.885
32.107
52.154
49.183
51.939
23.859
59.880
52.845
45.461
29.473
23.269
58.350
56.494
49.409
36.643
47.125
33.996
57.109
47.884
32.612
57.054
48.799
43.727
41.293
46.727
27.705
50.750
27.204
46.120
35.785
49.751
23.490
23.992
53.317
36.990
17.058
46.230
29.720
35.170
45.446
44.312
34.957
32.516
41.554
36.082
37.293
40.303
45.414
38.086
22.814
38.971
48.824
36.148
43.577
36.305
34.370
19.577
32.782
32.594
15.406
43.540
55.098
52.991
52.432
23.098
54.648
24.962
19.887
34.435
44.838
13.410
19.513
45.636
35.489
46.961
57.496
47.423
44.973
44.504
42.423
48.895
47.647
55.253
48.740
21.777
54.275
57.550
58.373
53.931
54.920
50.979
32.758
8.153
39.051
58.276
46.082
22.120
47.288
32.427
53.709
51.019
57.686
49.715
55.388
56.882
52.822
46.545
45.493
56.419
58.192
59.253
22.956
52.140
19.400
41.647
41.109
44.374
38.688
39.040
40.614
52.428
37.253
40.297
45.610
45.121
35.168
39.063
53.104
46.137
40.932
40.946
46.860
41.385
35.664
38.531
32.016
45.799
30.566
47.252
41.827
21.163
30.694
51.732
29.006
19.420
49.087
23.298
17.383
41.243
39.522
13.387
50.631
44.078
39.682
29.662
14.268
28.385
27.793
42.929
39.317
15.926
38.890
47.692
51.623
29.671
47.482
42.123
43.928
38.298
46.578
57.782
55.689
53.931
54.800
45.424
36.980
52.354
52.158
49.711
50.447
54.028
60.389
54.875
53.698
45.582
42.911
13.264
30.412
18.847
26.898
46.294
38.248
37.164
26.647
16.226
44.385
54.644
44.213
43.336
51.425
43.925
51.384
12.732
58.511
54.829
60.521
41.355
38.197
47.774
43.101
53.672
24.583
10.097
52.747
49.618
49.088
52.951
60.206
54.817
27.608
44.522
39.942
45.251
40.383
52.115
43.707
51.996
30.687
55.981
45.658
18.456
44.382
20.400
25.047
50.543
45.140
48.424
25.530
38.038
48.150
28.235
48.267
33.458
37.627
24.250
39.359
32.818
41.160
9.063
8.253
35.737
49.696
17.746
37.533
35.601
28.820
53.834
15.926
44.968
46.002
23.650
61.225
20.342
47.305
49.011
14.631
32.056
33.234
25.292
43.777
45.551
37.544
32.555
20.831
49.971
29.434
38.257
53.557
52.684
55.934
44.438
36.273
27.194
33.654
44.746
21.131
53.957
50.193
30.417
7.902
32.420
57.921
24.869
54.737
38.310
45.211
5.360
56.767
60.010
58.887
17.298
58.615
53.537
58.636
52.072
54.078
12.555
49.394
40.924
32.843
49.855
24.983
46.580
51.776
48.740
39.767
20.882
40.309
36.860
40.658
36.461
39.132
56.922
39.563
30.749
44.259
34.778
36.711
42.352
38.408
43.053
39.480
57.259
44.156
54.377
45.242
42.646
57.564
50.595
53.324
60.912
47.482
51.515
32.203
47.351
52.870
30.120
27.265
48.138
13.788
37.326
41.718
45.896
35.136
35.933
58.005
39.898
48.142
51.952
26.808
27.295
48.774
22.672
45.344
12.471
57.219
34.247
42.607
8.318
54.314
28.981
12.816
41.884
19.009
29.974
19.128
54.586
37.275
54.285
42.411
9.514
45.876
53.011
45.965
25.182
45.412
29.889
37.156
47.314
51.957
43.250
24.451
12.282
50.533
58.657
20.459
48.803
36.534
44.207
31.411
23.429
59.284
34.448
37.156
43.730
50.973
56.538
40.004
35.547
33.773
42.847
38.899
47.394
57.055
24.399
17.644
54.930
28.688
54.228
29.749
57.175
38.597
48.420
33.981
47.220
33.476
55.206
33.360
33.163
46.178
43.877
27.716
49.330
17.547
47.457
33.645
21.241
59.704
42.928
47.474
55.329
44.225
57.577
53.396
37.638
39.609
43.071
41.552
40.502
55.256
52.691
57.264
35.819
17.912
35.259
41.510
21.696
42.855
37.890
27.433
55.038
45.565
54.673
22.392
47.826
29.337
33.850
43.759
19.043
22.408
44.138
50.029
32.237
48.305
47.351
38.652
18.134
49.826
45.251
57.869
27.906
49.877
43.702
50.518
30.524
28.490
31.507
29.919
43.740
28.553
39.193
51.579
30.983
8.197
37.883
14.734
38.328
45.830
15.080
13.982
3.752
57.824
36.249
11.138
43.824
49.712
25.965
38.941
20.409
49.550
49.065
45.476
32.320
36.155
38.365
44.434
42.294
36.512
46.790
38.954
25.042
21.024
54.936
27.728
24.168
19.765
42.147
59.218
38.300
57.208
45.136
50.946
9.102
33.367
20.025
54.937
36.086
44.940
59.504
30.892
28.574
32.203
38.171
21.021
35.592
49.047
27.172
55.892
40.414
45.537
41.363
54.794
45.384
51.338
58.840
24.017
53.848
27.095
30.866
32.071
36.256
38.923
52.089
35.305
51.255
23.849
46.809
43.122
22.076
43.892
37.946
34.888
36.172
47.494
48.272
54.860
51.357
56.673
38.705
34.613
53.786
53.541
38.594
50.324
44.424
37.916
31.598
52.264
49.565
43.352
54.608
42.705
50.253
51.060
40.595
36.257
44.629
44.178
32.088
47.749
43.753
30.365
34.871
50.553
52.759
30.231
22.339
57.638
51.379
18.215
50.860
44.822
47.018
35.672
27.550
45.994
29.020
33.369
50.791
53.348
52.264
46.176
44.216
44.406
53.904
59.190
39.277
50.063
25.194
25.063
18.115
44.996
47.472
11.091
56.687
25.034
50.360
48.591
24.355
48.919
24.327
60.117
51.853
48.926
42.245
52.674
35.818
34.397
29.061
33.734
35.312
45.155
21.885
33.537
52.721
51.962
55.049
48.053
54.594
47.284
44.697
54.089
41.083
41.358
20.319
43.663
42.392
15.879
41.126
60.526
55.701
6.435
28.178
43.760
43.296
29.639
36.807
44.768
34.733
48.447
33.742
11.429
53.164
54.239
48.770
53.918
27.291
50.026
26.104
6.083
46.665
47.478
48.281
43.231
44.352
32.849
48.149
39.374
19.503
25.955
40.026
23.807
36.137
40.870
25.616
13.040
52.067
46.983
21.395
35.000
34.473
23.101
49.598
39.485
42.817
28.016
42.764
48.139
12.339
43.634
25.968
17.490
22.386
41.813
30.829
28.227
30.050
22.116
41.520
45.647
29.042
30.437
58.652
46.460
41.531
52.948
29.759
47.767
50.445
32.701
43.262
26.555
33.205
21.406
38.212
46.054
50.447
34.917
34.620
45.351
49.325
47.710
36.508
42.122
49.396
8.645
55.164
56.955
58.894
36.402
37.950
52.945
39.876
54.388
45.104
51.239
24.222
44.827
57.905
31.027
56.160
36.381
55.511
57.560
51.288
58.153
52.578
43.701
37.474
38.221
35.797
48.330
49.965
46.104
33.307
27.893
44.388
44.963
38.069
43.512
26.150
40.224
37.138
16.431
45.321
52.718
36.434
48.921
41.452
25.109
48.159
49.654
20.123
46.827
43.132
18.627
33.215
48.741
50.452
27.685
29.032
42.178
42.824
50.165
33.960
40.829
40.042
25.456
22.769
34.456
29.783
38.205
35.038
3.103
12.784
53.411
47.078
55.833
36.595
58.184
43.005
51.198
58.679
49.956
33.692
41.270
48.830
58.297
49.012
20.359
50.869
30.077
41.795
47.685
33.611
42.850
45.298
38.764
31.243
30.040
45.552
32.301
46.868
15.411
9.319
38.139
54.334
36.512
54.588
37.806
55.959
39.540
43.500
14.741
24.137
41.340
57.987
56.836
43.086
40.341
36.120
28.319
54.544
36.691
25.699
35.125
37.663
42.884
37.688
51.203
28.901
48.098
51.772
47.400
47.954
46.892
47.966
14.537
49.285
47.432
46.944
39.122
40.298
27.244
30.257
39.584
26.459
36.247
49.335
45.407
49.199
50.050
35.865
44.063
47.526
46.401
21.633
39.951
35.699
34.135
30.947
20.865
46.669
42.212
47.828
47.020
52.717
40.977
54.083
31.669
42.916
56.730
54.981
53.422
30.976
32.318
16.863
46.641
49.630
37.025
33.756
17.013
55.472
59.611
37.954
42.787
59.600
52.261
59.803
17.526
23.458
53.464
32.603
33.239
51.486
21.843
38.591
30.646
28.362
42.347
45.497
18.095
54.809
17.024
44.353
56.614
38.934
41.065
55.490
40.765
31.115
36.515
40.487
16.695
34.956
45.159
43.166
50.730
34.120
42.387
26.804
36.519
43.148
24.778
50.964
48.035
39.138
7.558
29.004
50.549
17.680
48.186
46.344
29.008
32.671
13.830
36.273
49.645
41.164
53.005
37.767
46.003
23.888
43.014
26.622
38.454
16.057
27.484
53.649
45.973
23.516
52.478
40.579
49.175
28.357
52.715
48.735
29.888
33.119
40.277
22.755
43.205
35.173
37.882
32.870
27.249
38.682
56.674
41.297
18.504
34.401
50.661
36.879
34.475
17.078
38.389
24.780
53.580
24.452
34.392
43.550
23.734
46.843
32.742
29.070
42.019
55.230
28.640
40.975
56.713
32.325
43.372
46.629
31.705
52.247
24.002
52.877
47.330
39.479
50.356
33.973
25.616
48.148
50.423
25.887
54.972
50.774
39.935
58.553
22.182
27.380
24.085
43.950
33.989
46.532
41.530
37.690
44.577
13.816
38.142
11.856
10.554
5.768
19.103
28.846
12.439
42.802
37.123
48.475
26.358
41.383
6.123
54.098
40.273
55.469
48.090
51.515
53.120
58.931
43.269
50.575
54.671
43.941
55.380
46.064
31.621
40.837
56.159
37.430
33.603
57.179
52.592
18.206
13.061
33.320
18.439
16.185
42.863
19.312
38.905
39.414
24.798
52.529
34.945
56.614
23.787
45.827
33.383
32.143
20.058
22.035
47.813
57.441
21.345
56.384
44.623
55.424
51.639
47.774
48.559
55.382
55.062
56.825
50.139
56.591
58.901
15.689
53.073
12.544
45.708
33.704
49.466
47.823
35.360
53.699
33.633
24.871
29.960
40.058
53.203
51.157
18.283
42.387
36.434
44.590
34.947
52.872
29.319
43.036
38.482
15.632
36.778
29.465
20.997
56.674
21.758
48.136
23.201
33.595
46.778
51.458
48.716
53.609
54.321
51.929
58.883
55.182
55.685
50.881
19.889
50.810
49.819
43.730
57.640
30.007
56.670
56.356
57.454
43.848
37.075
3.933
38.405
40.798
57.532
53.705
40.137
38.508
46.833
50.609
43.485
50.319
55.170
37.616
53.396
50.882
9.300
50.878
37.525
22.647
34.643
42.469
41.500
19.186
11.877
59.413
39.344
41.259
38.244
47.704
43.720
12.813
15.460
42.159
31.813
33.225
50.754
53.064
48.772
49.541
48.039
49.310
47.252
48.447
58.415
43.121
26.549
30.964
44.071
36.258
36.003
19.384
28.716
40.219
54.063
44.247
37.606
51.298
52.364
45.803
51.391
58.160
48.685
53.887
31.755
26.136
34.915
46.414
15.506
41.343
54.359
41.386
56.400
50.081
52.583
49.233
32.559
11.179
44.092
48.171
30.358
18.034
34.279
21.605
53.110
38.655
31.958
41.145
58.009
27.489
42.631
21.676
29.717
54.888
37.211
21.256
9.283
46.472
38.989
45.622
31.191
29.642
33.560
50.811
47.783
23.898
47.062
34.958
51.586
45.513
41.123
56.188
25.180
41.860
18.141
27.955
23.641
46.475
54.034
24.458
30.684
16.946
20.450
37.366
43.945
46.454
36.609
18.581
25.081
54.588
23.941
43.562
47.142
43.435
37.635
40.506
42.406
29.990
22.632
14.641
32.954
29.213
11.398
18.311
26.525
53.256
43.215
52.287
26.504
48.774
55.942
47.074
46.418
52.353
52.169
38.558
12.257
49.548
31.771
42.852
58.509
39.203
16.771
27.245
56.665
24.356
43.185
39.952
59.737
28.171
33.877
39.959
10.646
11.844
28.432
29.424
13.622
47.818
42.761
52.603
43.645
40.506
53.587
27.469
26.550
44.960
27.716
20.483
52.077
38.417
48.873
54.696
47.001
41.717
27.316
56.080
51.890
56.912
34.392
52.579
22.081
38.237
49.649
49.808
18.620
49.625
44.319
29.264
53.078
51.501
43.206
49.068
43.883
37.207
50.105
44.942
38.396
25.240
50.103
39.320
50.111
47.890
22.692
2.262
53.866
39.596
51.040
47.793
31.437
14.256
26.286
18.600
35.270
32.784
42.029
37.640
44.600
49.723
32.707
53.140
30.287
49.088
45.971
52.795
57.490
43.654
51.907
41.306
39.624
36.788
42.308
47.005
47.843
52.604
43.340
54.148
3.588
15.466
49.604
21.739
14.688
36.036
48.699
14.121
53.518
43.133
43.757
22.217
23.912
50.336
49.469
46.750
41.769
36.571
52.954
38.799
43.691
31.131
59.773
28.254
54.814
33.014
42.111
43.646
15.285
50.813
26.372
30.169
28.154
26.800
46.114
44.127
53.715
44.384
27.952
44.452
14.703
34.688
52.383
56.423
22.259
56.599
42.212
17.916
28.721
43.674
48.013
27.997
44.757
20.748
25.452
42.817
55.462
50.339
35.832
47.929
9.887
46.334
39.926
39.326
11.512
59.335
33.373
41.173
49.745
50.584
44.757
51.413
25.752
34.047
51.410
22.232
26.745
37.261
29.252
23.093
30.357
14.941
19.114
26.416
14.788
42.716
42.676
51.570
33.020
54.586
42.711
51.460
38.100
45.169
32.039
40.303
50.365
28.584
48.165
46.229
33.986
25.989
22.581
16.560
46.205
29.760
17.597
19.322
27.958
36.042
42.250
46.658
22.132
47.754
46.926
49.926
17.295
49.896
23.467
42.203
43.587
47.683
38.763
15.680
25.569
44.888
42.018
6.208
31.103
19.366
17.402
47.248
37.927
39.089
44.550
43.079
52.659
42.787
43.780
28.003
46.132
29.889
28.583
42.968
36.757
44.356
31.833
43.049
42.871
48.510
34.022
35.770
18.984
25.174
42.431
47.998
41.802
43.628
49.010
49.920
45.103
56.115
43.797
16.051
30.040
32.880
41.842
56.046
13.544
47.507
22.782
40.150
35.445
37.710
28.827
43.033
41.401
38.761
31.970
27.042
35.822
57.080
48.119
32.116
36.461
51.253
51.768
50.891
54.682
15.741
30.423
35.143
32.303
58.058
11.168
35.192
46.137
47.716
17.938
57.019
38.569
28.467
21.628
46.978
45.290
15.076
40.736
23.226
43.700
13.421
18.444
46.972
43.607
26.078
26.536
14.122
57.294
56.675
15.487
39.935
11.352
12.636
35.520
53.380
36.443
45.845
45.496
42.034
42.690
13.654
49.028
55.489
13.169
49.974
26.792
27.146
38.136
50.560
36.404
21.982
46.213
44.863
40.184
51.143
20.787
37.071
48.007
38.968
31.044
38.593
51.740
31.668
46.914
32.552
28.606
54.673
32.627
46.085
14.118
50.021
46.536
49.343
40.731
40.172
33.610
48.113
41.648
49.433
45.488
41.181
39.304
51.836
51.205
29.325
37.801
29.021
20.110
44.912
51.809
36.186
46.275
55.585
25.358
47.883
43.816
38.650
53.752
40.447
48.708
48.353
56.871
45.502
52.675
29.485
57.148
47.065
50.827
37.441
57.651
50.519
58.566
52.389
28.084
58.497
52.779
58.958
29.510
32.810
46.169
45.727
46.335
56.130
44.154
40.448
40.358
34.954
29.547
29.779
37.143
46.732
48.140
35.391
51.195
30.445
19.128
52.227
48.038
40.698
47.684
48.400
36.570
38.052
51.586
21.229
29.146
52.386
31.126
39.452
45.309
54.742
44.989
59.477
45.421
51.192
45.392
48.876
11.644
52.815
49.142
51.993
23.073
52.167
33.740
18.702
32.404
45.711
26.915
34.105
26.836
19.891
41.940
35.010
59.871
42.383
26.919
34.253
47.378
54.122
34.022
35.601
41.643
48.878
60.821
38.344
24.075
48.728
53.770
33.190
41.452
23.847
45.209
43.155
23.074
46.557
53.192
39.705
30.458
22.112
31.801
49.953
6.631
44.668
39.470
29.149
30.469
29.250
59.475
17.781
29.838
37.452
52.615
40.950
22.775
34.355
18.072
23.043
26.955
46.043
19.637
40.255
48.420
43.484
59.023
42.429
51.342
26.215
44.141
47.633
40.948
46.667
41.914
20.031
32.360
22.773
45.639
25.880
41.812
28.588
53.082
12.497
25.245
19.362
12.085
38.513
56.353
21.306
11.931
45.488
42.402
50.368
51.775
40.546
41.350
57.357
23.453
45.386
60.319
51.625
47.793
51.046
50.740
43.053
38.284
41.542
51.928
51.152
53.701
45.082
37.367
34.789
14.614
47.428
36.246
42.203
49.370
61.617
35.970
26.972
28.680
49.002
39.172
44.424
28.057
40.470
49.304
41.212
29.743
37.768
41.270
26.347
41.510
54.213
48.259
52.761
34.162
44.518
26.826
41.942
50.854
41.760
43.524
35.389
56.239
30.759
21.804
27.340
35.463
34.782
45.926
27.660
41.536
53.006
34.086
30.348
50.415
54.174
28.185
35.043
43.683
10.551
28.390
36.376
27.306
40.848
45.965
38.557
25.991
43.626
21.914
56.784
47.353
9.802
36.852
53.391
6.233
42.453
45.942
46.468
34.515
31.027
18.523
41.311
33.375
42.251
32.476
21.474
39.040
41.125
38.132
61.159
38.741
36.185
42.323
28.391
37.594
44.802
40.819
26.514
38.785
48.593
31.288
28.970
59.323
41.566
30.099
50.629
42.637
43.411
49.961
52.370
41.797
23.583
42.159
53.023
36.309
26.085
48.000
24.106
37.685
9.320
41.196
47.990
22.996
21.809
57.636
35.488
53.188
35.514
31.070
42.155
28.358
24.114
44.338
36.623
57.741
35.607
42.860
41.726
38.248
38.172
37.697
38.648
40.812
41.087
28.435
38.401
36.773
50.068
52.449
23.641
45.143
48.473
42.257
30.579
37.350
55.000
57.254
13.286
47.345
53.168
50.913
41.830
56.338
38.615
45.076
55.156
57.229
18.560
46.413
43.569
37.984
17.852
28.150
20.538
19.072
23.361
43.087
23.728
44.507
40.259
50.843
45.742
40.016
28.068
44.602
46.046
54.866
51.470
35.804
39.785
33.954
56.213
41.313
45.741
45.981
40.423
46.250
45.527
22.165
46.085
47.204
27.971
40.558
13.207
23.404
49.281
45.876
24.851
36.946
46.534
17.700
20.598
44.440
52.767
9.685
54.594
47.904
47.031
28.627
52.664
44.429
54.114
35.439
52.437
47.657
44.732
29.877
11.634
44.898
23.618
31.922
57.629
30.565
19.705
46.983
57.899
29.054
44.630
52.778
31.747
30.553
42.828
33.662
43.104
19.676
33.507
48.696
40.675
30.087
31.296
48.960
50.058
42.806
38.097
50.918
48.466
38.831
36.979
45.581
55.210
42.745
38.994
20.816
20.537
18.605
18.755
34.588
21.710
42.134
15.458
19.917
28.968
11.148
12.458
32.749
37.233
25.757
37.413
36.995
21.114
40.758
6.431
35.392
34.279
28.696
30.931
11.592
31.079
45.427
52.300
50.139
59.862
19.158
39.395
42.280
37.854
45.319
17.626
52.368
38.855
39.887
43.991
53.321
29.405
49.776
47.413
34.542
46.436
35.714
26.207
54.424
38.713
39.305
54.148
53.916
49.738
45.922
57.725
39.611
56.383
41.747
19.077
58.572
36.321
23.391
15.204
52.110
34.074
41.443
34.374
50.489
35.630
29.908
27.824
34.496
20.312
38.867
38.110
29.437
37.970
53.435
46.967
35.786
50.596
49.657
48.994
42.096
39.898
25.180
31.370
37.258
49.229
46.122
29.595
29.571
41.848
14.743
35.125
42.183
48.310
15.731
52.410
17.358
10.177
38.750
8.195
31.824
8.452
40.515
19.220
58.252
18.758
57.458
58.214
12.325
40.813
43.271
8.697
56.444
33.384
55.047
59.692
38.566
8.823
26.307
51.729
50.191
18.051
40.397
46.363
37.487
46.767
53.295
31.708
27.860
20.272
34.706
34.489
38.853
46.506
54.070
48.961
19.642
20.200
48.750
49.090
28.398
22.363
55.488
25.808
27.250
45.062
27.189
44.725
27.930
42.461
42.882
50.691
47.248
37.057
28.135
25.686
45.994
51.046
15.013
47.543
35.020
14.676
37.699
19.059
54.609
13.748
17.341
29.821
31.532
21.248
40.435
14.341
47.470
26.369
24.391
28.643
33.046
27.826
57.381
48.047
50.815
36.441
49.997
52.363
46.845
50.730
32.619
22.603
57.217
48.067
28.070
29.674
51.830
48.846
45.280
48.225
45.015
47.272
35.571
45.593
40.764
45.390
35.425
45.791
40.676
43.815
43.577
36.154
32.047
31.767
40.821
41.696
36.945
44.706
43.099
26.631
39.080
46.315
36.504
45.759
44.288
18.376
46.047
29.012
59.411
33.617
46.267
30.489
40.488
43.196
36.232
51.250
14.227
53.858
22.414
28.627
17.728
57.049
50.695
47.509
33.347
44.145
13.822
12.849
23.661
43.474
37.830
37.551
28.031
29.664
36.603
33.625
21.194
25.375
17.641
51.967
22.348
24.193
21.172
16.453
34.903
47.631
25.934
43.850
29.242
31.452
54.976
16.790
48.210
51.234
42.703
42.872
41.840
42.406
44.400
40.727
40.940
29.102
49.168
28.392
54.301
36.596
53.788
53.339
53.958
32.630
36.666
48.913
34.429
45.736
45.394
33.597
36.322
22.621
36.865
45.623
33.055
55.320
51.800
57.277
20.416
13.908
37.243
10.579
35.718
22.687
42.538
43.725
51.472
58.191
40.850
43.415
32.702
11.994
17.095
35.468
30.199
46.286
37.787
53.215
15.159
53.395
44.085
51.585
41.376
50.775
59.777
47.255
45.599
29.400
39.118
54.976
46.766
43.113
48.161
28.946
25.731
25.273
8.847
39.013
16.221
48.283
43.781
22.035
42.339
16.988
49.502
59.389
58.437
6.895
48.494
19.938
7.487
38.154
12.999
13.802
55.874
27.051
30.878
27.246
41.924
39.679
59.874
45.611
31.276
24.007
57.481
43.026
45.571
32.058
61.559
51.142
44.519
45.117
53.410
19.030
49.534
45.196
54.284
26.274
45.453
56.387
43.906
54.045
58.065
56.106
35.106
27.984
56.540
51.471
40.735
58.117
54.319
42.047
37.768
48.954
57.642
31.314
59.506
54.085
29.292
59.314
43.967
25.305
58.766
50.017
44.484
50.498
20.140
24.625
42.929
40.470
38.358
46.526
21.554
15.048
48.073
51.820
52.988
10.921
37.113
16.744
57.018
56.033
20.034
14.193
45.798
56.035
46.676
48.345
18.539
49.144
23.214
32.845
27.639
27.524
61.021
41.136
29.514
32.464
41.165
51.683
55.093
54.687
46.946
52.633
58.895
50.088
34.148
45.112
36.669
52.803
58.893
53.493
21.617
34.929
29.673
40.825
48.769
51.371
44.590
52.772
12.337
52.315
59.335
13.012
55.439
28.805
27.882
52.482
49.336
20.584
45.210
55.222
49.550
26.494
40.527
33.939
49.286
41.522
36.359
50.362
43.878
52.202
42.756
34.126
37.403
51.712
31.595
21.350
55.820
26.423
47.986
55.743
43.997
46.340
51.182
45.186
39.342
30.646
39.129
17.499
33.134
35.194
48.396
28.562
36.076
37.252
42.435
40.794
36.251
21.481
13.115
45.492
15.701
44.713
10.138
17.893
13.332
25.507
13.320
37.005
14.326
34.894
28.289
53.178
52.686
30.775
27.375
56.926
43.282
20.173
38.053
53.478
31.174
7.490
47.022
42.786
42.421
39.921
57.689
40.930
50.898
11.694
26.673
26.121
44.506
38.745
24.458
60.717
36.290
45.661
34.001
29.614
40.825
43.038
47.146
28.796
46.915
38.022
22.503
20.274
51.998
58.522
53.369
31.351
44.673
12.494
36.532
45.191
35.435
33.589
31.661
48.843
48.650
30.070
10.831
33.278
41.128
21.027
54.504
51.304
48.678
41.986
47.870
42.493
43.732
41.751
47.157
28.953
38.338
47.091
25.502
26.887
34.042
32.437
29.597
41.248
41.066
21.242
47.083
33.414
44.522
54.675
30.881
12.228
35.363
24.516
48.582
11.104
50.502
20.594
36.100
48.698
44.131
51.143
11.962
44.668
57.639
48.693
18.156
28.430
24.948
19.276
51.639
21.462
32.404
43.354
20.997
54.656
46.283
37.378
16.259
31.928
18.367
48.362
53.569
15.693
25.875
16.588
1.911
38.433
9.492
2.259
5.407
22.981
29.109
18.914
42.960
10.826
29.081
43.899
25.358
11.248
48.911
32.647
44.055
30.062
48.510
43.015
52.750
49.588
44.697
37.490
50.028
34.341
56.616
48.559
15.511
47.935
25.997
39.054
48.092
38.416
41.721
37.609
46.609
52.507
14.143
58.389
22.750
18.853
29.154
44.041
31.438
35.449
18.625
53.465
48.798
26.236
37.151
58.155
49.984
33.334
54.858
46.812
55.336
54.903
25.109
60.484
30.113
51.509
56.327
49.665
30.877
11.235
39.143
47.676
46.887
41.694
37.587
43.308
38.820
50.814
44.937
55.947
33.007
39.085
47.806
36.515
42.522
53.053
47.099
45.943
44.713
46.928
44.274
39.003
43.172
60.328
13.147
56.925
43.520
48.945
38.217
57.813
51.527
44.013
46.522
30.226
58.334
36.253
44.377
51.570
60.049
50.096
53.809
24.795
57.195
58.694
61.433
26.779
45.505
27.639
42.310
36.397
28.831
47.908
21.073
19.855
58.893
17.132
19.316
48.470
53.308
54.909
54.347
21.873
29.517
44.148
28.196
45.052
21.164
36.640
41.959
16.821
5.272
29.094
45.269
55.227
43.801
7.809
61.401
36.585
37.477
36.530
34.810
38.309
41.474
44.653
52.551
44.288
49.405
48.254
50.689
41.108
47.116
39.591
50.596
47.932
52.824
43.950
42.062
51.071
43.899
39.099
46.901
57.203
7.991
25.972
17.357
21.341
51.731
41.715
55.978
34.828
45.826
34.118
20.036
28.048
38.692
56.132
52.118
60.601
15.887
58.194
59.059
57.319
51.515
57.670
53.540
56.486
45.880
45.616
49.611
57.211
33.112
32.681
12.485
21.901
52.826
53.910
51.921
46.534
46.219
49.771
37.166
43.844
57.016
44.034
53.668
33.843
55.128
47.829
61.637
54.284
56.765
47.636
43.647
38.263
15.890
37.679
22.194
39.919
44.013
46.698
41.557
56.995
48.191
51.378
55.913
49.920
48.245
52.651
41.458
60.473
41.460
52.655
14.881
48.935
39.991
54.514
25.899
48.016
53.433
50.966
45.220
47.813
57.807
36.058
40.830
42.830
41.777
43.094
42.418
52.206
38.869
22.123
26.520
38.610
44.592
20.667
26.021
56.205
54.243
17.722
36.553
33.775
21.007
25.826
56.020
37.473
55.078
27.421
37.530
42.578
24.243
30.398
54.673
42.158
54.844
19.034
42.566
16.680
32.562
29.685
45.838
29.502
37.989
48.909
31.705
47.084
34.178
44.267
10.359
45.235
14.368
33.333
47.291
39.239
39.212
37.557
42.711
32.729
35.341
59.163
29.163
33.803
28.357
50.397
6.431
39.411
31.006
38.312
46.605
58.240
55.223
23.889
36.038
39.535
53.111
45.521
34.198
56.384
52.505
42.163
34.279
55.913
46.747
55.548
49.099
30.794
13.485
25.153
50.840
43.525
46.829
47.095
49.839
38.215
33.327
44.700
15.494
25.328
59.286
39.272
40.523
44.427
45.622
37.740
49.818
47.220
48.336
28.189
43.396
34.905
37.336
28.673
43.173
25.635
32.058
32.440
32.529
43.359
37.506
39.516
51.308
40.477
43.088
41.678
57.579
57.112
37.611
34.595
45.379
49.638
14.300
48.944
29.346
47.242
23.392
22.702
26.109
19.678
33.515
25.292
17.698
47.575
16.694
26.595
13.069
15.511
50.798
16.713
52.641
25.897
34.544
19.278
46.742
37.987
44.611
26.167
29.433
57.728
23.405
37.803
13.063
23.701
40.014
27.739
52.249
23.637
37.088
46.034
33.173
50.926
13.691
45.200
33.172
36.510
44.513
56.152
49.238
47.461
51.147
45.583
50.069
50.187
58.794
30.245
36.473
51.880
27.495
29.252
52.203
41.052
55.355
50.850
36.348
29.048
44.220
48.670
34.822
33.862
45.643
51.714
31.797
45.255
45.798
58.354
6.090
31.424
26.636
18.297
25.923
38.014
28.824
23.107
44.986
56.317
53.651
57.831
29.737
16.348
42.777
42.995
52.890
40.161
42.249
52.956
50.159
48.054
8.711
21.558
56.746
45.813
34.892
41.110
39.327
14.131
18.673
16.694
27.694
48.295
59.629
58.752
45.538
29.919
29.852
26.429
15.734
14.661
48.233
17.221
29.816
23.743
28.634
39.465
23.743
35.058
13.977
23.207
34.736
34.210
54.049
51.886
44.915
47.054
58.742
23.905
53.762
52.535
41.697
37.710
60.466
50.291
57.283
53.458
45.060
38.203
49.792
49.310
56.393
56.479
38.740
46.655
47.390
49.419
47.139
49.208
28.613
25.499
35.864
41.206
46.431
45.539
57.957
31.035
41.742
12.507
33.536
35.652
42.449
36.755
50.899
40.844
31.405
39.678
33.048
29.526
30.480
28.793
58.545
50.318
20.662
43.850
42.757
48.015
44.873
35.911
33.291
43.689
30.878
45.736
35.531
37.150
29.180
45.513
58.044
37.455
51.433
44.899
49.903
49.313
22.682
55.615
30.296
12.992
11.315
51.314
44.466
15.213
32.538
21.427
21.581
54.379
51.030
20.983
45.247
16.680
20.247
37.708
11.985
21.847
47.124
51.746
52.191
47.572
21.581
53.204
37.612
52.971
43.197
50.170
15.295
60.638
24.668
13.927
34.667
45.011
43.814
35.946
15.263
30.462
53.178
31.229
52.718
40.043
39.945
24.949
50.913
46.425
42.241
52.364
28.890
21.049
52.758
49.501
50.380
41.480
10.459
54.278
51.887
27.543
42.074
43.293
46.325
47.487
33.456
16.931
43.986
44.536
21.152
12.011
8.614
44.358
52.323
19.484
52.091
47.710
51.278
44.441
39.385
57.011
32.891
33.647
33.697
40.014
40.621
51.003
44.696
56.991
59.082
21.966
58.762
43.154
41.677
32.565
22.554
42.284
46.570
42.953
19.413
38.294
40.592
35.751
43.486
28.828
56.980
41.594
57.808
30.800
35.575
55.962
23.889
37.472
34.031
34.130
32.225
58.275
35.252
38.329
49.548
20.724
36.224
50.591
60.171
39.797
56.542
56.806
49.005
25.556
57.372
24.366
43.013
52.990
56.272
56.580
45.542
41.740
57.199
39.508
38.497
54.293
40.144
43.402
30.230
32.876
60.309
39.445
35.408
36.805
37.527
49.278
40.483
39.416
40.118
57.513
55.201
23.862
39.624
42.536
44.589
48.265
33.083
45.354
41.224
26.770
41.681
37.204
55.744
35.579
40.706
27.769
41.231
39.331
24.437
48.511
47.836
44.114
40.181
42.249
36.884
46.602
37.436
42.046
50.114
37.668
43.252
6.155
15.301
57.122
33.857
24.633
55.692
46.189
36.383
38.949
44.191
49.696
52.941
42.022
43.411
59.475
41.548
44.776
41.664
42.717
40.222
28.272
24.552
28.078
58.678
35.038
49.134
49.946
28.676
43.982
34.472
58.264
45.696
40.516
51.165
50.983
52.977
33.786
50.111
36.632
38.909
48.759
33.307
50.242
55.279
36.995
53.865
45.103
38.645
39.886
49.147
42.232
41.856
56.135
14.606
34.487
28.097
20.349
49.753
52.219
41.946
55.358
50.254
36.213
26.361
46.838
47.181
19.938
39.937
33.270
33.889
40.764
33.744
37.453
36.517
26.540
22.044
31.401
7.880
40.006
44.616
50.135
50.087
44.280
45.443
59.966
6.704
51.519
14.323
28.435
16.041
54.778
18.568
24.612
9.846
49.978
55.103
27.176
6.741
28.660
22.765
36.831
40.051
15.302
14.827
48.206
51.218
50.473
55.931
39.310
30.508
61.292
51.622
51.681
60.013
60.103
47.816
56.785
55.442
48.101
33.746
13.653
45.745
58.078
53.722
45.942
56.726
59.149
45.042
51.570
48.664
46.708
50.683
47.847
49.606
24.943
41.350
48.979
36.350
30.690
34.497
47.587
47.798
43.069
44.920
38.051
32.616
43.929
42.108
48.648
34.184
32.622
35.038
53.851
15.760
49.119
17.610
11.746
19.648
17.816
25.257
17.549
20.877
19.224
26.484
42.528
42.429
38.997
40.112
60.064
53.975
40.269
28.534
34.770
41.623
19.865
39.256
43.850
38.955
22.109
32.843
48.091
49.144
60.127
44.911
39.003
33.148
42.423
47.585
50.068
53.579
52.085
49.582
41.744
45.160
45.973
42.994
39.229
28.326
55.102
41.237
39.604
36.637
47.116
56.386
24.674
51.859
35.449
29.808
31.739
24.832
18.601
8.540
25.182
44.333
11.124
15.139
39.272
23.332
40.590
31.566
35.308
31.844
44.351
56.467
39.802
47.347
27.260
35.471
46.743
42.939
15.127
45.977
51.676
38.743
42.096
49.419
50.604
41.564
41.856
9.193
43.743
58.669
56.294
58.430
55.908
54.741
55.318
35.737
40.845
32.960
54.662
45.866
48.657
29.324
49.367
51.568
44.691
34.407
48.138
53.335
46.276
50.130
53.000
60.742
10.437
53.194
39.040
53.438
59.553
55.684
58.261
44.789
34.439
33.166
45.169
40.425
30.095
58.194
34.849
42.837
48.583
53.662
47.090
28.147
61.161
51.756
43.864
29.873
55.443
39.720
57.398
56.949
50.009
48.417
46.240
49.551
11.811
31.738
45.664
27.131
30.289
25.463
48.362
41.113
37.823
52.327
39.817
31.697
30.934
11.617
37.884
45.251
45.857
22.422
32.306
40.187
35.339
6.169
37.340
43.865
29.595
41.757
56.531
56.352
59.260
39.435
62.335
27.938
48.409
26.473
18.511
31.687
45.003
18.504
49.641
53.669
32.251
34.001
53.181
57.788
49.829
42.455
37.915
42.668
39.110
44.665
28.425
39.492
43.597
42.304
53.404
42.652
37.311
32.839
39.451
45.240
41.760
36.174
40.424
31.969
36.826
22.485
27.199
33.426
40.911
33.562
28.441
31.719
29.374
38.837
27.347
30.707
36.584
41.907
25.396
13.495
39.887
2.634
19.538
16.069
17.741
39.679
24.581
20.690
21.467
15.313
59.975
30.542
37.756
44.851
40.268
55.067
35.733
58.100
27.180
34.821
43.978
26.558
60.315
52.962
27.587
23.612
27.728
24.552
38.952
29.538
24.658
42.818
39.830
42.224
35.674
42.108
56.375
50.048
40.323
53.118
58.283
44.720
51.399
42.474
48.188
43.598
48.058
56.141
39.854
32.543
40.239
36.762
29.080
24.273
46.478
38.153
44.779
43.121
38.676
43.078
6.544
37.014
25.315
7.527
33.262
13.454
50.915
19.686
11.433
34.386
39.379
23.882
48.465
21.742
20.331
30.940
33.237
59.936
21.943
10.014
43.569
36.408
29.910
33.213
56.805
51.700
20.030
40.667
21.349
42.125
24.349
37.292
42.664
47.804
24.247
30.034
36.487
35.775
36.843
14.357
36.008
53.055
26.585
36.458
55.143
30.725
28.920
46.441
58.195
15.207
51.635
54.499
43.386
46.218
57.047
51.445
31.281
57.193
52.693
44.179
57.783
48.050
49.238
41.401
60.610
44.790
53.216
43.461
50.315
49.848
47.881
37.906
9.303
45.223
14.194
45.499
19.597
24.645
16.940
6.307
19.750
59.337
31.162
49.863
50.642
45.603
59.875
46.658
52.562
53.395
44.887
48.384
41.396
48.206
49.797
55.885
49.232
32.017
57.046
48.316
60.051
59.793
55.752
56.439
53.550
45.052
9.698
30.251
51.973
31.979
43.773
31.856
8.920
40.655
16.164
54.003
51.694
57.537
37.376
41.239
58.805
59.659
27.490
30.620
40.459
33.226
58.035
13.226
36.153
46.753
53.620
43.915
33.089
45.682
31.261
43.228
42.058
47.356
52.690
45.942
50.824
55.718
58.840
51.283
41.796
45.175
54.285
5.584
17.448
56.218
51.932
51.222
45.107
42.825
57.113
32.176
41.563
32.248
50.818
59.974
27.470
49.262
21.112
8.312
38.706
38.291
33.053
38.548
31.083
46.662
11.666
5.653
6.961
52.455
39.413
29.174
31.722
7.437
28.634
32.799
28.601
35.167
24.178
26.004
17.100
22.894
25.681
39.792
34.286
43.765
31.836
58.525
32.425
33.373
28.891
48.504
59.998
56.935
34.873
33.959
41.391
28.284
57.243
45.826
32.952
55.343
34.797
47.746
56.047
52.635
45.584
50.671
51.011
35.559
45.477
53.453
51.209
20.909
53.618
47.459
33.648
14.838
25.175
38.688
60.562
53.765
39.643
50.410
18.511
24.229
31.767
45.913
22.432
50.586
25.498
9.971
28.443
21.045
5.312
29.280
25.204
25.685
34.151
55.176
50.519
34.963
57.600
56.153
48.581
50.392
57.097
29.615
51.362
56.407
25.625
55.042
21.703
45.432
60.249
55.648
50.413
42.790
39.689
34.708
57.574
59.633
38.130
14.691
31.812
35.735
43.263
54.101
43.781
42.384
9.034
32.413
60.494
42.335
55.036
52.848
38.611
41.983
43.867
53.027
27.396
40.930
59.787
43.648
45.033
27.079
57.376
53.347
22.477
25.192
22.279
26.130
58.597
47.141
44.376
29.860
45.505
35.764
29.609
59.559
41.138
29.886
39.342
22.058
18.015
20.198
43.093
16.026
21.410
60.078
17.816
7.024
35.155
13.739
10.494
22.926
31.853
35.714
7.580
30.716
17.383
20.810
33.153
22.348
47.178
32.972
39.301
38.353
34.466
39.119
43.653
42.447
45.364
56.117
56.292
43.136
41.279
47.329
42.791
28.843
40.670
29.944
30.784
29.914
40.068
20.809
57.774
37.434
27.701
45.702
37.167
41.367
21.281
33.115
40.577
29.102
49.654
50.823
24.196
20.878
30.061
37.262
43.680
28.453
27.450
21.098
6.036
4.040
43.980
50.700
51.935
48.680
38.799
35.590
49.247
39.760
33.721
51.841
44.092
25.714
39.891
44.073
48.216
24.266
28.048
38.753
36.477
40.637
18.852
40.416
55.471
43.106
43.777
18.997
53.408
34.062
35.067
32.009
43.964
31.649
29.579
31.401
47.441
45.596
30.681
36.700
39.494
38.203
31.737
50.283
42.167
27.437
41.287
21.127
19.397
41.244
44.862
36.434
48.315
39.177
10.480
49.297
26.536
40.848
41.857
47.479
45.930
33.203
37.095
20.398
35.495
46.062
44.979
20.996
41.114
55.852
29.924
25.392
44.751
53.366
47.423
32.417
55.999
43.976
57.108
56.802
47.402
35.254
24.913
48.304
36.463
15.382
54.669
7.127
22.061
44.169
44.188
28.295
54.155
20.118
25.673
20.597
37.266
59.856
30.052
10.043
31.961
37.488
17.387
42.315
46.455
38.397
53.866
53.817
56.466
50.877
55.427
41.074
45.377
53.932
7.181
17.120
56.377
53.042
51.459
45.574
41.702
36.140
25.547
41.250
12.165
40.120
37.595
25.656
45.886
48.825
35.920
57.697
56.861
34.359
14.356
42.234
47.415
41.449
34.434
44.301
34.285
29.898
28.758
52.167
40.283
17.445
31.668
32.888
40.923
38.409
47.560
17.458
26.195
30.578
16.795
4.233
8.991
19.220
12.912
36.632
34.777
16.990
8.347
26.563
30.014
42.013
48.937
42.581
31.911
38.681
49.765
38.179
49.352
33.861
46.771
36.149
44.099
54.095
28.392
61.097
58.759
50.179
32.294
31.197
34.670
36.637
25.112
33.312
51.679
59.994
47.911
21.521
19.123
20.462
48.564
50.638
15.213
12.489
47.845
11.416
7.392
45.616
53.061
56.804
56.001
50.296
55.342
45.288
58.452
37.464
58.774
54.800
51.936
58.893
14.963
17.206
52.576
41.133
32.701
28.385
42.899
16.055
8.725
53.736
25.418
36.106
25.384
28.799
44.025
53.282
40.217
46.636
57.916
10.530
19.833
51.584
40.864
44.211
15.905
28.236
20.132
18.982
25.035
53.337
9.418
13.988
4.128
56.908
59.157
15.804
52.784
40.536
25.083
37.053
19.548
59.267
41.803
34.704
53.350
40.583
33.138
48.710
50.033
32.337
24.468
40.777
48.783
20.417
7.340
47.975
33.399
29.527
22.294
9.107
44.434
39.478
46.925
9.074
58.659
33.510
16.504
13.656
29.470
38.127
55.616
46.114
32.168
32.477
17.446
17.961
35.757
38.283
33.674
42.030
22.561
21.165
57.218
39.379
46.612
39.778
48.461
44.513
45.932
40.339
36.055
54.019
52.451
51.406
38.319
51.049
45.901
46.204
53.368
28.483
36.638
50.855
49.327
49.836
29.327
51.279
47.786
44.693
16.492
45.662
38.687
30.759
48.400
23.148
43.322
45.092
34.134
43.259
35.611
45.202
40.940
36.995
10.245
59.812
48.554
35.057
40.275
51.672
53.971
27.032
48.673
10.516
48.925
30.701
52.707
27.423
27.482
56.734
54.835
25.071
26.307
9.212
35.710
7.171
39.093
26.139
9.203
44.144
49.933
21.021
32.541
21.214
24.221
34.475
54.854
12.307
59.869
41.178
52.965
53.700
42.903
39.750
58.819
55.429
55.782
39.683
52.640
59.573
60.568
60.206
58.171
34.926
32.351
20.017
44.594
28.009
18.914
39.479
47.805
29.847
27.380
34.986
59.779
58.287
50.894
41.702
43.535
44.344
29.741
16.953
24.365
40.448
39.351
37.250
48.501
33.941
32.022
42.439
47.737
39.488
2.950
18.905
27.003
38.143
40.220
38.958
34.267
53.904
26.292
19.326
34.412
46.165
14.909
45.787
11.276
7.217
16.756
14.610
20.177
32.459
18.567
25.059
25.097
13.319
7.539
16.801
43.227
57.934
22.761
9.816
53.418
31.513
43.751
51.658
29.902
28.190
46.617
38.807
44.717
38.773
58.730
7.516
9.929
48.687
38.384
11.099
38.330
12.947
34.199
23.274
34.382
44.904
17.237
37.017
57.120
11.060
50.073
23.098
38.672
23.379
53.212
42.660
14.521
44.282
25.429
34.503
28.035
44.148
26.381
32.619
17.331
35.816
47.964
43.115
46.870
33.618
44.362
32.539
33.727
49.581
35.599
16.334
14.277
34.537
13.197
35.922
34.810
37.769
26.530
27.796
28.598
57.231
43.624
38.223
28.160
36.987
13.958
42.445
27.929
56.270
45.051
20.499
11.347
41.689
31.045
35.204
21.369
24.948
51.572
26.599
52.344
15.573
46.598
20.721
52.303
39.592
22.801
30.357
29.124
58.559
56.549
56.736
40.011
55.777
32.888
44.179
52.776
8.811
59.582
36.452
53.016
52.294
37.939
32.516
26.428
45.040
45.668
19.389
40.423
56.127
30.713
51.672
51.823
23.674
35.198
47.748
35.795
42.630
47.879
50.324
39.969
49.868
47.850
50.331
52.128
38.693
54.243
59.132
32.292
53.174
46.854
57.892
14.762
60.245
44.298
13.444
41.359
45.179
43.520
32.018
44.813
51.144
39.995
47.707
51.562
48.341
9.120
15.590
59.896
18.449
57.424
23.149
23.220
20.930
18.761
23.614
31.387
20.329
35.183
56.888
7.469
53.971
40.857
46.545
32.138
12.006
30.836
36.793
40.802
33.623
24.848
34.030
42.729
27.495
51.787
48.036
36.108
38.041
31.067
40.429
45.443
37.087
36.217
43.568
48.228
33.301
46.648
39.664
26.162
44.330
24.516
42.294
22.230
49.505
16.724
42.947
33.710
41.944
21.496
57.898
34.602
56.354
48.789
57.548
59.914
55.144
51.060
38.909
53.601
39.284
24.557
41.152
52.044
50.843
56.797
51.319
45.550
39.174
41.908
24.101
46.984
27.298
12.431
40.297
30.054
21.490
59.805
40.583
19.222
10.095
28.723
44.022
33.688
35.130
33.832
18.041
12.135
57.849
37.026
42.769
26.760
54.742
59.389
51.380
8.691
22.950
30.994
17.733
7.612
2.804
23.191
14.931
43.926
29.845
9.992
46.724
42.132
50.476
57.628
7.401
52.248
41.506
53.745
12.193
48.535
49.200
23.779
6.767
44.801
22.242
28.599
32.132
37.597
49.954
29.834
57.260
15.622
43.960
29.941
40.235
33.974
19.171
10.719
40.967
16.990
24.021
9.455
36.459
51.825
46.337
13.595
34.216
16.435
41.094
31.731
31.758
6.071
17.922
22.644
43.917
8.443
4.420
24.888
36.629
8.263
25.368
17.329
45.182
48.874
18.128
38.289
29.668
41.258
15.865
22.889
20.268
17.591
51.874
10.406
38.046
45.221
54.100
17.063
34.849
14.786
56.415
27.548
58.138
27.238
21.222
33.886
52.506
29.327
30.464
11.960
19.323
10.822
19.163
33.355
26.168
14.685
16.504
39.731
21.361
27.414
18.237
13.787
58.259
43.318
46.613
41.120
27.329
16.572
46.359
41.519
43.172
47.547
38.656
43.306
30.334
35.848
36.717
27.382
22.133
32.837
41.024
56.544
45.689
48.646
9.981
58.995
28.692
54.710
48.275
45.777
40.779
57.093
33.189
55.316
50.558
47.741
57.207
41.202
34.210
51.761
36.655
26.229
42.749
49.424
47.766
37.115
56.780
60.784
19.870
18.219
30.046
45.599
20.687
39.913
10.498
39.324
36.356
13.594
31.475
29.099
32.801
20.810
25.701
54.137
27.669
32.275
15.157
57.146
53.691
44.788
40.635
37.946
47.376
39.999
54.283
54.569
44.597
47.362
48.603
58.847
42.357
59.859
55.698
44.045
48.718
41.072
56.724
51.262
9.392
17.160
51.393
59.044
38.967
54.694
35.612
59.443
57.377
42.667
44.854
21.643
20.861
25.720
14.208
24.238
51.527
18.695
54.006
25.867
26.859
51.948
17.241
11.501
50.554
8.957
52.641
60.830
15.096
37.293
53.455
53.414
43.151
22.236
32.054
36.975
12.387
13.145
17.441
49.538
35.495
30.082
45.106
31.993
12.282
17.313
12.003
46.202
7.615
58.472
6.424
47.332
50.358
32.295
49.900
11.502
55.870
27.898
51.505
31.190
25.483
58.628
54.698
49.960
52.599
58.356
14.057
49.629
23.807
53.437
54.730
40.121
49.095
46.117
31.430
30.054
41.011
52.787
56.944
51.613
35.595
33.341
29.379
32.233
39.779
57.362
7.365
46.260
60.555
40.411
48.434
21.129
19.783
37.201
46.147
42.040
50.900
55.623
52.045
39.733
8.351
52.559
41.427
57.847
29.513
43.988
38.566
60.023
30.486
51.660
55.603
53.293
43.392
52.349
53.264
56.824
11.407
27.053
32.383
51.373
13.240
36.531
14.229
38.197
30.733
19.772
9.877
39.168
45.452
27.868
34.542
15.755
37.033
13.845
37.327
26.383
37.197
16.087
9.333
19.049
57.816
59.212
25.435
52.325
53.358
18.365
34.842
34.211
32.521
23.027
14.986
47.485
49.862
28.293
42.765
22.477
50.637
35.624
23.851
13.290
30.335
37.010
42.688
18.106
25.052
21.709
19.026
45.070
10.540
45.690
18.434
11.868
61.585
23.865
28.700
17.945
34.039
46.798
9.821
48.350
35.950
4.146
30.256
49.756
17.861
39.559
50.651
25.078
40.039
45.324
23.617
46.851
23.147
5.466
45.970
46.086
25.759
36.735
18.267
24.129
44.575
49.445
51.782
35.739
8.028
56.257
15.490
20.283
24.355
59.038
56.315
45.443
31.971
28.361
31.421
26.307
48.589
50.030
42.725
43.890
39.231
25.865
34.531
26.622
26.083
44.644
44.908
44.544
45.738
40.029
48.640
37.108
48.575
50.953
51.086
33.902
55.794
56.464
49.754
51.882
40.442
58.635
22.080
45.062
38.232
53.725
48.137
54.176
29.723
31.222
41.579
45.595
50.305
37.557
53.492
32.471
48.921
37.268
42.976
46.858
44.268
34.348
38.807
30.847
37.213
43.705
32.749
7.373
50.415
28.453
26.653
41.608
10.636
56.075
28.011
26.981
37.149
50.444
32.332
28.988
23.409
29.084
13.654
46.236
24.128
46.468
29.429
36.733
22.454
29.321
32.307
14.170
7.558
13.060
12.446
28.229
19.661
33.154
50.149
32.221
35.836
49.584
34.383
43.272
40.778
35.998
30.125
10.121
17.372
28.249
35.074
53.998
37.690
42.496
10.587
37.727
49.611
23.183
21.605
58.194
51.203
29.320
27.377
34.187
43.107
39.027
36.951
44.440
32.999
34.818
38.186
28.953
38.472
33.862
56.120
42.566
14.713
35.729
24.056
29.722
36.592
19.133
35.698
54.801
35.377
21.811
14.643
51.091
35.321
38.103
30.974
42.489
41.056
34.972
22.559
46.330
46.673
55.098
54.534
37.782
53.301
59.690
46.956
48.019
36.489
59.955
17.347
39.742
49.186
51.363
38.880
49.753
53.614
48.167
32.406
17.230
33.155
32.938
40.721
17.954
28.399
10.821
10.800
23.465
16.403
42.227
37.765
16.503
32.569
5.543
14.201
30.955
31.816
28.558
9.722
16.600
10.012
35.717
39.192
23.274
21.636
37.117
21.761
36.937
13.490
5.864
29.092
45.228
40.642
34.986
44.810
26.118
38.991
45.778
47.038
40.306
35.454
32.578
39.344
55.056
13.337
51.500
57.269
16.734
45.538
60.993
21.462
48.703
39.084
11.928
12.234
21.986
15.528
17.867
22.940
39.884
47.451
39.010
18.259
10.372
5.670
11.892
36.985
31.270
9.112
52.421
54.695
43.062
50.886
41.322
25.391
9.023
53.079
23.354
32.775
55.228
27.307
37.237
55.783
55.207
34.812
40.234
51.283
46.459
17.387
27.277
25.907
28.530
36.441
43.992
9.071
48.685
10.116
44.943
35.577
13.194
48.873
51.060
45.256
35.456
59.973
54.962
29.171
29.874
23.835
31.692
22.941
35.676
32.739
20.397
39.773
38.987
43.238
28.260
27.252
33.425
42.593
51.840
60.311
37.812
21.772
55.950
57.392
50.105
39.551
38.846
31.328
46.021
50.038
24.317
25.560
20.232
43.581
39.377
33.192
28.758
43.945
43.807
32.083
50.051
54.370
25.522
57.431
39.338
26.924
50.493
55.682
43.492
52.265
22.748
35.270
50.951
55.274
40.941
22.864
32.999
52.467
13.149
56.893
52.095
5.012
36.841
26.699
16.926
22.181
37.490
38.548
36.133
32.237
19.526
37.589
36.893
10.299
15.212
37.717
18.913
24.172
29.582
8.029
11.145
7.260
10.655
9.219
13.185
11.219
29.739
36.981
6.439
39.136
31.535
44.540
33.478
40.630
26.358
34.484
60.499
34.179
23.221
11.350
36.119
24.853
18.304
35.788
14.726
17.028
14.202
26.887
41.937
32.061
40.048
59.650
46.070
48.774
39.300
5.733
29.339
37.848
37.233
47.196
12.120
32.416
37.532
48.371
47.343
27.856
47.020
49.803
47.178
39.618
42.825
36.945
40.053
17.545
43.676
26.353
32.236
40.417
47.329
45.758
52.909
37.275
47.628
43.712
44.161
50.122
44.871
46.181
31.548
48.287
39.013
46.528
27.481
47.327
21.831
10.504
7.470
32.372
16.498
38.718
55.060
56.426
56.613
24.765
54.697
50.982
56.608
49.529
7.271
54.120
31.138
24.335
33.749
45.457
37.616
24.770
39.248
37.987
44.907
47.075
39.194
45.570
47.644
46.408
52.760
56.325
49.590
42.888
54.155
40.236
53.107
49.137
17.430
43.137
51.596
51.641
29.613
46.156
30.975
25.284
38.671
8.719
10.005
12.366
12.822
35.394
35.206
21.470
36.290
48.576
15.285
46.800
9.385
23.509
43.496
51.219
46.887
37.916
47.641
16.379
59.086
21.031
28.451
24.330
33.659
17.724
31.972
25.709
32.129
9.536
34.901
53.222
7.651
49.871
31.101
24.025
18.406
30.839
30.659
32.251
9.286
34.821
24.832
17.645
46.934
48.415
55.601
45.781
39.218
20.025
40.201
52.564
47.499
10.221
56.016
59.448
25.447
42.298
56.054
43.414
13.736
36.739
43.980
32.104
58.613
37.523
48.700
54.474
58.064
29.450
45.239
55.029
18.225
54.257
45.428
51.535
29.183
37.261
20.144
31.221
21.042
37.154
33.046
52.047
58.970
13.751
49.028
12.671
43.772
6.119
42.415
15.362
8.341
45.487
47.691
53.632
43.931
33.522
39.548
56.810
27.034
17.825
15.667
20.550
20.474
13.716
13.117
9.395
18.437
16.431
43.553
50.725
17.271
39.684
27.936
45.226
35.759
49.905
18.001
20.047
34.514
27.767
25.702
11.577
38.480
35.305
20.888
41.786
24.999
17.662
30.769
17.743
36.822
12.910
36.630
47.631
46.714
45.507
29.766
0.816
38.271
19.631
55.550
12.350
52.242
22.024
40.799
51.581
34.860
41.245
44.621
40.689
31.255
41.921
15.717
41.030
20.046
38.566
23.993
48.804
42.169
56.394
29.513
43.349
41.482
38.714
41.720
38.777
34.792
45.137
32.104
8.641
55.492
40.975
50.365
55.049
55.983
43.679
51.502
24.479
58.718
43.551
53.007
51.357
42.450
53.397
32.847
29.797
36.274
25.403
42.936
29.128
29.659
32.722
45.888
35.612
47.111
36.501
40.495
33.385
40.883
31.276
54.375
42.754
50.356
34.664
19.319
41.932
55.261
45.639
42.894
33.710
30.452
26.606
26.801
23.750
45.185
32.338
38.541
28.988
24.970
59.679
44.158
44.893
23.831
52.064
40.954
24.584
29.963
43.743
38.223
39.834
22.709
20.162
37.886
53.945
31.132
35.273
47.501
35.763
46.920
56.840
23.920
37.942
24.470
44.335
41.857
53.784
43.020
38.169
31.596
44.869
40.875
32.384
53.628
55.606
50.504
32.369
36.809
45.784
38.913
13.495
18.996
23.215
20.793
25.872
39.067
25.072
10.885
26.598
30.666
41.274
37.254
29.416
14.901
16.614
19.653
14.249
41.386
7.955
24.291
44.024
43.852
31.736
19.626
11.978
38.742
44.403
24.837
40.211
52.608
9.329
24.767
32.429
25.157
24.631
18.361
21.730
57.161
8.426
57.274
49.649
40.389
44.601
59.077
50.857
48.268
59.001
56.062
33.736
38.239
45.007
54.880
35.956
30.526
45.806
38.161
44.475
46.318
52.196
56.664
50.829
29.729
36.651
47.597
45.824
53.698
33.630
38.632
44.428
26.414
52.952
29.465
39.326
35.511
55.479
28.187
45.609
49.066
53.225
55.808
49.309
28.401
39.122
47.912
29.770
40.310
52.309
40.009
47.403
35.922
44.412
38.957
39.128
57.027
11.106
52.541
37.522
9.268
33.943
54.401
35.327
50.238
31.915
47.113
35.606
58.409
44.107
30.920
41.710
58.267
51.185
58.528
57.396
35.282
54.638
13.172
28.866
21.507
43.447
49.238
48.066
51.438
28.675
52.028
57.911
41.569
36.860
46.864
34.670
39.794
51.667
12.430
25.398
46.334
30.069
20.729
43.724
23.760
13.511
42.978
56.064
25.184
36.638
54.665
48.678
45.511
42.924
29.387
54.361
57.897
10.429
41.490
49.672
51.135
59.625
49.572
43.659
34.323
55.898
42.816
60.587
29.256
18.176
16.499
26.958
47.297
13.902
32.500
16.680
14.197
37.707
53.209
20.377
36.320
25.505
46.551
27.624
32.906
14.435
16.389
26.425
30.544
53.677
37.826
14.749
9.222
37.237
26.580
3.040
46.448
39.616
48.638
39.323
45.477
45.615
26.081
18.188
55.353
54.863
24.443
46.379
28.399
14.814
38.145
27.935
12.349
56.557
22.247
22.968
58.107
22.342
22.868
38.039
57.363
18.147
45.725
18.960
43.310
27.414
18.905
17.840
57.608
22.028
40.566
37.736
43.068
47.635
28.392
49.959
39.566
45.988
49.025
59.626
35.234
46.895
38.912
44.943
38.192
18.924
45.800
53.521
31.036
23.555
35.424
25.873
45.292
31.781
30.238
28.043
15.819
38.452
35.931
45.897
18.795
15.273
40.224
53.559
49.927
44.849
45.327
55.667
10.293
17.098
42.954
22.722
25.673
56.204
45.268
18.090
24.450
20.923
44.448
44.782
39.504
44.381
29.080
25.020
36.659
23.579
55.749
34.727
22.562
50.661
4.607
24.517
53.136
57.242
51.519
35.241
53.300
38.589
44.899
27.288
25.655
19.304
51.269
47.002
47.066
54.783
28.990
44.453
45.935
48.566
49.506
55.893
41.140
45.191
49.869
22.397
50.015
56.072
46.558
58.746
31.829
50.273
32.944
37.925
32.255
38.993
52.304
33.462
30.627
39.156
37.487
38.611
39.128
26.056
31.973
43.022
36.330
56.278
4.820
19.571
49.455
41.269
39.557
24.467
32.050
23.594
31.783
17.138
40.150
13.907
53.545
12.131
53.287
37.248
21.845
49.071
53.350
47.242
56.016
48.330
24.759
38.045
31.160
36.537
52.040
7.288
38.606
19.555
22.064
41.286
37.559
35.049
41.944
36.056
40.908
34.943
18.439
19.299
34.752
55.039
44.626
24.047
11.683
21.146
47.916
30.460
32.932
24.791
35.833
50.785
12.591
9.001
20.282
25.578
53.576
48.136
55.219
48.539
43.226
36.163
25.491
21.578
39.217
51.633
31.074
30.724
18.822
27.962
23.453
58.164
49.655
15.178
14.084
33.726
36.728
26.755
39.166
26.412
34.084
55.452
40.881
43.229
47.060
43.631
48.527
45.914
35.827
55.591
48.115
55.805
51.994
30.927
7.175
57.603
20.957
13.040
49.552
37.138
29.950
49.984
43.417
46.934
58.408
28.004
48.754
27.946
60.202
36.891
32.673
31.068
42.957
22.820
43.047
50.678
29.538
20.918
38.349
54.531
32.848
27.535
43.736
24.470
16.437
26.651
18.945
36.527
27.061
35.138
30.648
49.099
10.899
55.807
40.504
30.147
53.075
45.741
44.211
53.015
57.304
47.853
19.336
31.966
57.448
37.829
40.449
25.195
33.513
16.887
54.434
18.875
29.978
41.172
29.250
13.471
30.695
21.021
14.931
31.131
21.999
36.615
7.686
6.998
52.018
58.212
51.560
42.788
48.266
44.335
19.898
18.131
51.869
47.782
34.347
35.447
36.795
28.722
28.293
17.380
10.988
46.129
39.143
55.135
37.052
50.141
31.272
56.014
28.140
55.970
49.513
41.378
36.181
31.824
24.173
25.710
57.447
52.723
49.217
42.699
41.909
56.636
34.544
52.270
18.932
20.150
56.469
44.819
52.645
50.093
33.014
44.639
53.014
22.300
48.332
38.718
54.512
59.420
47.085
33.493
56.252
50.121
22.305
46.353
36.901
52.880
52.002
59.142
41.143
29.970
32.899
17.011
49.456
47.319
35.946
48.866
51.014
51.472
34.942
47.290
59.900
33.936
24.972
43.483
54.486
52.807
26.990
57.314
18.117
42.655
52.695
54.385
34.742
53.289
44.518
44.951
9.422
7.787
20.621
30.964
46.815
46.520
34.688
33.299
42.951
30.107
41.208
51.332
20.834
27.072
49.967
44.806
47.225
28.773
43.669
54.839
17.677
47.462
57.457
40.773
29.017
37.686
43.388
12.587
26.003
49.540
42.802
24.421
27.560
44.022
24.490
29.325
17.201
24.969
38.405
56.609
32.215
20.040
49.081
15.565
8.403
10.056
16.865
27.149
55.054
43.307
57.573
47.568
23.286
34.263
45.793
45.716
9.989
38.767
9.717
31.260
15.834
21.888
14.124
51.274
48.283
47.330
50.757
51.939
37.980
48.186
22.125
16.967
53.366
43.806
14.820
44.142
49.762
38.302
32.906
50.113
46.263
39.203
50.556
47.726
46.842
25.271
29.844
57.293
28.864
46.033
43.621
32.405
28.306
43.188
33.877
48.377
40.255
33.293
33.836
35.522
20.470
53.066
27.858
26.149
38.666
6.627
36.357
37.316
48.850
47.650
57.393
46.767
56.834
13.035
32.064
57.457
39.929
28.045
42.791
30.981
48.654
27.946
13.344
42.238
12.312
20.009
15.790
31.397
45.915
55.676
15.360
37.699
47.772
31.451
18.293
27.547
24.695
42.395
43.772
24.570
19.408
22.642
45.876
43.407
30.981
49.454
49.102
40.703
25.297
42.846
50.341
44.124
40.916
38.102
33.629
53.398
26.890
19.263
39.800
50.352
53.768
35.221
50.710
32.482
23.289
25.637
48.718
54.245
38.530
48.846
41.782
44.508
42.066
24.410
30.741
58.285
48.980
40.363
56.031
38.738
36.099
38.848
36.462
50.595
53.592
46.604
58.075
44.039
47.129
42.825
48.023
19.149
23.822
33.437
6.684
18.590
21.578
31.094
47.445
32.836
52.198
48.810
24.474
36.402
29.273
40.319
25.947
39.012
40.934
35.965
43.423
47.766
51.087
50.288
43.339
24.850
45.186
28.275
49.862
48.205
48.960
26.907
51.989
25.933
19.733
46.372
46.461
55.480
37.357
38.780
53.357
9.383
29.901
25.949
48.698
9.641
39.355
56.617
56.903
35.070
48.265
36.093
48.484
14.453
34.264
56.434
16.666
54.913
58.170
43.583
39.616
45.707
23.300
46.661
28.519
19.624
31.338
46.907
15.303
44.736
28.514
35.370
19.039
50.122
35.837
41.398
43.155
15.565
25.064
18.040
28.797
45.199
15.778
38.064
21.898
27.949
47.183
51.678
20.851
21.340
44.874
32.952
25.543
26.608
29.876
20.537
51.206
17.038
28.023
27.143
33.416
38.922
26.394
20.949
36.033
35.078
12.998
17.462
24.997
43.323
16.584
50.115
48.222
24.205
7.210
33.076
45.044
10.804
24.734
37.627
25.536
16.084
14.752
35.154
46.933
16.932
53.447
11.294
31.933
60.501
13.360
52.151
28.573
50.134
41.639
16.827
42.150
39.979
27.611
34.765
35.217
25.229
42.622
57.138
38.939
55.159
18.626
51.191
42.024
15.605
11.760
35.840
24.480
35.829
12.669
33.195
22.105
28.103
14.279
49.320
14.331
21.914
43.844
30.988
38.589
21.292
23.126
31.046
46.158
44.734
45.405
19.981
26.071
31.639
38.704
9.225
24.062
32.209
35.587
46.189
35.088
22.159
24.037
50.639
22.621
46.952
16.026
45.666
37.650
35.512
52.869
43.871
41.043
49.773
36.153
50.809
28.342
39.839
42.199
17.413
42.186
56.795
26.264
20.757
30.456
31.171
32.243
35.142
52.640
46.146
25.681
30.047
21.100
8.371
20.367
16.235
48.792
27.143
27.937
39.947
54.829
35.261
22.860
32.199
43.145
22.638
12.255
32.343
36.665
40.995
34.750
31.503
35.284
41.347
28.005
36.372
49.579
39.033
28.471
44.605
24.406
42.272
47.243
43.445
43.381
43.667
40.000
55.658
36.138
24.278
37.318
16.787
47.390
53.809
8.220
20.302
36.808
33.815
32.249
17.576
3.960
34.840
49.884
44.954
47.592
48.683
9.721
36.841
18.542
46.069
22.110
32.156
25.725
40.999
48.240
39.680
38.734
40.909
47.415
33.498
50.648
43.270
25.339
20.384
50.036
48.374
46.391
26.620
47.587
44.257
38.422
37.317
46.749
48.635
47.052
49.164
41.255
36.159
31.332
36.145
54.014
30.936
57.137
50.850
49.646
32.680
36.243
46.199
41.363
43.543
39.743
46.171
47.246
32.390
21.823
20.665
47.846
50.986
30.586
48.770
27.274
47.968
45.706
50.283
32.633
21.324
52.012
38.160
49.817
53.637
45.577
36.843
45.315
20.228
45.476
20.661
33.128
33.386
41.234
33.669
45.399
59.929
46.012
31.167
29.252
43.090
28.876
56.613
14.166
23.805
48.149
50.011
21.013
31.005
21.155
23.527
27.238
41.381
47.056
38.233
13.137
43.463
35.416
51.374
51.796
52.374
45.573
12.690
47.314
45.875
18.204
42.433
27.888
42.975
31.902
33.426
32.606
38.746
38.450
27.407
30.702
35.233
41.321
50.660
22.739
45.294
31.793
52.477
36.174
38.845
37.587
54.942
19.675
21.559
42.502
42.494
47.270
46.898
26.829
26.091
43.829
24.247
51.430
31.594
48.600
30.875
46.801
8.324
47.965
42.959
39.620
27.144
32.529
49.728
33.272
47.440
43.182
21.617
28.814
48.463
34.208
55.946
27.488
30.688
18.833
39.625
58.572
34.639
13.530
41.320
37.805
34.742
6.985
55.535
46.646
33.699
44.810
48.592
48.760
37.503
52.294
35.313
25.817
55.387
38.282
47.527
15.892
48.675
46.020
52.456
58.929
49.547
53.628
28.747
52.692
22.217
24.484
41.219
17.076
35.678
36.531
26.054
31.289
53.456
40.457
37.148
43.750
29.355
49.286
20.534
40.509
26.431
14.032
17.466
50.882
34.068
29.621
35.340
46.795
33.658
22.894
41.752
44.437
8.968
24.574
40.442
38.167
44.490
36.356
56.371
9.002
33.969
52.126
54.103
39.551
11.619
37.445
42.779
51.156
35.857
57.410
49.056
44.293
13.028
52.802
47.766
53.009
37.427
24.479
54.936
22.885
49.539
56.514
51.133
34.616
4.666
40.907
51.801
8.776
57.372
57.166
46.465
50.463
51.737
32.783
29.727
22.823
60.391
25.376
15.391
56.866
34.113
40.266
43.872
10.603
25.490
31.181
46.573
50.532
43.687
53.560
13.447
12.797
45.619
46.364
55.623
56.708
40.515
28.969
36.156
19.281
18.943
60.050
42.963
43.832
45.306
29.665
27.140
20.794
32.574
39.662
21.724
41.104
26.116
26.473
29.480
32.726
23.583
56.222
38.667
46.248
5.689
46.750
25.709
50.798
15.527
16.751
57.321
19.943
44.283
25.931
41.065
52.373
45.925
45.895
37.875
48.122
53.010
40.815
33.631
26.412
36.215
38.716
39.888
34.049
40.323
33.888
39.551
53.608
40.545
35.181
59.707
50.345
52.989
49.379
57.959
32.525
29.823
21.315
27.416
38.485
45.410
48.996
16.550
31.752
31.291
42.013
37.588
15.566
41.589
21.808
35.011
19.957
41.699
26.804
6.389
35.664
35.685
24.952
41.473
40.098
31.212
45.586
33.251
32.258
29.412
49.016
22.458
48.662
22.476
47.345
45.798
52.365
43.666
48.234
41.541
54.628
57.773
57.183
49.944
43.720
56.783
51.773
45.794
59.009
38.815
40.183
24.938
31.708
18.227
52.523
18.324
39.336
36.867
21.662
57.898
20.489
57.405
41.612
23.968
60.173
55.969
20.953
33.505
51.066
37.536
14.551
27.355
42.873
9.331
19.035
43.401
49.136
40.892
29.393
58.019
30.411
51.743
29.709
46.352
37.857
41.360
27.104
34.324
31.346
34.520
23.268
38.280
38.421
42.617
59.939
54.802
46.494
56.642
46.824
34.559
43.165
57.957
51.888
55.497
56.642
42.900
37.332
44.735
22.989
28.117
36.845
42.197
59.154
47.532
55.525
46.290
49.067
51.583
39.857
57.230
55.240
52.915
44.058
41.243
36.907
44.572
45.311
52.223
53.905
23.335
53.197
38.722
34.941
46.756
57.821
53.211
45.738
47.117
48.060
51.316
37.052
50.697
29.589
32.774
45.746
51.521
28.292
42.706
15.523
16.165
59.327
55.170
41.996
52.855
30.079
38.119
32.970
23.476
44.879
27.249
9.272
26.646
50.783
36.224
41.878
22.354
40.959
25.410
40.059
14.691
57.161
27.739
45.236
21.071
43.579
31.550
28.377
31.864
53.545
56.771
53.643
44.552
51.945
46.805
32.385
58.245
49.999
59.442
45.407
53.402
46.742
46.218
57.221
43.371
25.160
38.213
37.588
43.729
37.114
38.447
51.840
38.093
15.021
53.627
29.391
27.876
47.761
40.334
52.024
40.440
34.001
40.896
46.886
40.038
47.714
54.433
32.437
50.279
42.751
16.924
50.570
38.718
42.492
54.264
44.214
37.582
35.712
47.462
45.232
34.538
33.889
55.769
58.990
41.659
48.685
27.587
38.072
38.133
47.369
22.356
19.441
56.641
43.218
38.387
51.253
28.126
39.936
45.095
24.281
17.272
55.248
42.951
60.993
39.393
27.466
20.309
42.140
36.591
41.678
44.131
58.345
46.425
51.797
56.716
7.890
38.146
53.140
33.681
35.539
52.101
55.649
24.174
40.652
52.758
45.948
43.462
55.468
40.901
51.483
47.498
38.938
52.187
31.200
40.573
16.500
38.371
51.489
42.495
47.540
41.225
20.968
47.491
44.893
47.373
44.962
25.443
60.250
36.417
34.836
37.319
34.045
51.742
15.126
27.573
47.701
45.679
36.788
40.693
49.974
24.831
33.596
54.240
30.394
43.511
54.127
31.021
39.486
16.680
52.410
34.788
34.597
26.608
49.674
40.638
37.693
41.198
49.885
34.946
36.421
49.853
43.726
44.869
47.917
41.602
19.961
49.891
43.893
37.690
46.787
47.604
59.725
57.956
42.019
21.080
48.963
37.753
60.051
45.364
28.991
35.341
52.003
47.516
48.628
50.977
47.063
56.611
54.364
40.906
33.243
26.428
47.550
38.099
54.480
19.553
39.006
55.010
16.262
40.215
50.104
34.521
34.951
51.827
42.275
48.364
58.078
44.149
43.271
43.536
51.198
39.601
49.934
19.991
27.794
41.310
44.595
45.817
31.954
32.164
48.555
53.148
35.382
51.464
38.943
29.616
40.453
45.351
18.300
43.606
33.871
50.359
43.208
41.996
35.753
40.664
53.971
24.475
45.374
50.893
39.595
13.529
46.623
36.460
60.850
39.623
36.251
33.368
42.712
42.070
48.296
35.746
29.415
44.964
40.346
29.845
39.718
39.301
26.952
45.311
50.324
54.213
36.092
29.833
46.785
23.322
29.091
49.697
27.833
22.740
38.191
52.381
53.052
32.064
37.119
49.610
50.493
32.718
58.252
57.150
47.696
46.142
41.708
43.984
50.931
39.503
38.425
52.172
39.139
39.450
55.736
37.740
39.387
58.176
14.608
31.958
17.742
54.479
46.435
44.576
14.918
58.974
42.737
44.408
50.460
34.721
36.019
10.875
45.758
5.650
43.573
31.943
38.019
57.915
38.428
42.846
45.880
37.126
45.965
61.036
34.322
52.687
34.139
44.671
50.831
32.328
54.630
47.355
11.671
23.370
38.853
21.763
39.564
43.452
43.196
40.375
27.189
17.486
26.578
25.761
33.885
35.681
40.892
45.099
28.420
43.931
47.138
57.403
12.460
21.143
39.343
47.889
39.634
48.389
38.349
35.760
39.372
28.607
29.030
19.066
42.095
14.150
45.870
20.008
20.640
44.157
43.880
47.103
33.598
43.968
47.437
46.336
48.655
49.949
51.869
35.563
54.628
49.302
50.861
35.113
42.831
43.207
55.902
49.786
36.123
35.007
53.306
48.036
35.423
32.703
59.391
39.754
35.832
51.399
45.527
42.511
56.729
34.422
20.303
24.481
27.625
37.697
17.431
44.499
31.528
41.294
11.148
44.821
12.502
31.670
45.944
27.066
24.081
32.688
18.245
40.721
37.402
43.808
18.030
44.562
35.420
39.191
34.858
60.534
52.344
54.984
41.530
59.199
3.421
49.827
36.879
45.637
42.214
45.141
29.677
46.552
48.651
46.449
44.297
23.883
41.201
53.526
52.160
22.848
37.645
59.704
56.523
58.056
54.853
39.928
11.425
44.356
48.884
22.990
53.270
55.721
36.862
52.158
38.724
6.977
39.056
40.648
54.598
28.949
39.627
32.001
47.703
22.688
24.050
45.703
16.858
14.961
47.367
52.925
35.184
50.454
55.795
47.236
38.198
52.002
50.933
49.056
57.391
38.408
36.583
31.604
33.776
32.172
49.765
59.317
38.973
46.365
26.236
58.721
35.616
20.150
48.187
24.584
53.163
56.065
46.175
54.115
43.612
39.618
21.617
36.524
40.410
38.443
35.897
44.560
41.084
45.176
48.145
49.166
16.564
51.599
31.343
37.236
47.613
32.550
49.005
40.388
60.646
11.233
39.445
51.864
51.782
53.289
42.717
35.923
20.864
22.162
49.842
53.692
55.272
35.856
59.448
55.302
51.605
47.535
38.255
45.149
40.376
51.197
40.134
38.374
37.067
48.227
45.173
24.610
25.104
44.756
26.730
22.218
20.659
33.888
8.804
41.726
34.188
10.415
52.300
31.886
30.342
45.199
29.450
47.322
32.518
56.097
48.036
58.493
16.153
42.081
36.639
56.607
35.451
55.602
37.961
45.094
54.485
47.196
41.153
39.437
44.376
59.721
35.618
43.695
49.130
60.551
48.780
48.275
22.749
47.931
57.251
37.296
40.843
40.149
32.758
39.789
35.923
25.093
40.711
22.951
46.461
16.779
48.197
14.650
27.977
12.356
35.352
55.053
53.264
38.503
40.402
13.698
22.661
44.758
15.680
42.384
48.498
35.177
28.330
40.756
51.669
52.651
32.690
48.198
45.627
45.625
26.225
34.290
50.150
40.748
18.713
51.164
48.703
58.967
47.785
31.987
44.163
38.931
37.972
31.542
47.549
58.281
52.615
27.330
35.230
25.979
40.053
24.153
51.841
52.418
49.842
51.649
47.561
36.010
24.024
46.228
55.263
38.692
37.014
55.261
53.698
43.778
55.537
32.524
34.469
37.210
43.284
40.588
36.131
40.287
41.326
21.813
47.156
37.344
29.237
49.149
14.479
31.172
15.856
30.683
31.135
34.187
56.886
29.280
28.229
38.369
33.877
43.815
47.205
31.313
42.646
30.923
28.913
45.256
47.881
35.223
43.486
29.005
30.630
56.793
54.775
52.368
37.125
42.257
33.399
45.965
52.598
25.324
54.925
28.143
37.942
14.717
46.483
21.992
52.185
29.389
56.832
35.835
54.716
49.427
45.635
37.079
20.167
45.938
52.088
52.054
33.702
57.165
58.386
42.676
40.872
30.128
36.282
44.547
55.912
54.459
48.061
42.177
48.531
57.119
34.775
61.595
12.986
52.654
50.091
43.915
41.746
45.198
41.783
39.828
53.121
25.994
24.654
58.564
35.732
24.429
50.318
34.248
26.927
27.336
31.736
32.845
38.113
45.588
15.063
50.210
56.845
49.585
43.925
30.238
34.930
22.539
28.633
19.008
30.422
38.216
37.062
32.277
32.172
39.615
44.989
32.608
45.750
1.837
40.477
13.979
26.091
15.761
45.149
25.283
16.616
58.185
25.083
20.038
38.683
27.314
30.582
50.434
38.513
31.577
46.854
35.515
59.677
56.709
29.452
40.355
18.904
48.764
34.207
58.483
23.988
14.201
23.277
56.343
13.253
37.397
38.600
33.636
40.272
56.721
38.635
35.383
45.413
49.345
47.603
39.101
49.826
50.335
36.664
14.997
45.633
41.864
45.214
24.103
25.823
43.250
50.656
34.113
20.532
47.589
38.957
36.847
27.023
30.512
54.456
39.215
28.691
57.479
34.581
33.601
31.154
25.079
30.962
41.782
12.125
33.679
42.614
54.551
55.306
43.195
12.207
45.564
57.431
35.999
48.694
45.150
16.548
46.251
39.006
54.722
49.325
58.087
57.373
28.908
36.246
7.066
48.087
31.277
45.377
34.636
19.367
42.063
47.450
48.046
49.183
38.654
40.116
45.462
50.113
28.021
60.241
27.384
43.995
49.353
22.219
28.885
41.332
38.838
27.643
25.010
51.982
27.171
26.129
56.039
41.625
47.835
22.425
45.222
39.810
32.112
47.888
57.492
29.542
48.923
32.288
43.196
41.518
51.332
48.683
24.671
39.579
22.744
40.301
17.676
29.638
59.228
37.883
59.071
55.052
25.272
43.620
41.230
44.353
40.385
22.808
58.370
32.432
55.028
12.530
49.152
49.832
39.900
45.734
17.791
8.244
55.735
30.372
26.965
48.974
42.248
32.755
26.650
10.243
44.950
46.088
47.942
46.409
32.422
21.234
39.951
30.525
5.418
12.187
51.309
33.896
48.187
29.144
14.571
25.426
56.756
44.010
31.628
46.537
27.907
38.461
40.519
38.694
32.397
44.709
33.208
38.392
44.647
33.851
39.946
40.606
32.489
36.394
42.073
30.022
37.795
59.987
46.490
51.112
46.022
32.164
51.701
35.772
30.454
56.958
39.571
48.042
45.416
51.621
42.835
38.490
49.712
45.712
32.529
40.424
41.796
39.672
44.124
37.132
52.637
27.207
36.429
36.319
29.724
42.585
32.404
38.872
26.503
28.484
42.206
19.387
47.493
53.496
42.827
39.039
60.379
41.291
41.630
55.659
43.333
55.335
26.932
45.940
37.222
36.717
38.210
42.755
45.682
46.345
38.451
41.647
59.282
30.581
45.427
33.845
49.708
55.916
43.173
58.550
58.984
49.206
49.525
40.031
33.406
31.066
54.414
44.550
11.420
40.604
36.338
46.408
19.999
5.298
23.067
44.803
45.049
49.454
55.394
43.712
40.150
10.316
8.920
48.911
43.003
42.023
43.404
49.392
36.616
50.191
55.998
53.965
47.620
42.446
23.571
57.131
59.127
56.403
45.068
30.201
21.310
43.293
49.777
56.125
50.801
34.416
46.284
25.075
60.669
23.965
41.254
42.886
46.910
41.854
36.696
60.679
49.044
45.499
46.575
51.573
49.311
45.620
45.282
42.258
41.947
41.669
15.847
33.892
41.130
45.200
39.153
42.609
50.008
43.544
34.450
44.407
39.345
48.496
41.975
47.963
57.748
39.463
53.840
45.188
25.027
45.081
53.239
28.741
49.415
43.903
10.111
41.818
51.590
47.684
25.996
39.660
53.003
14.451
19.124
33.501
39.484
25.924
40.084
58.125
52.104
51.659
33.217
54.279
20.221
51.890
55.763
6.177
53.175
54.578
53.462
48.092
52.237
45.170
47.175
32.900
56.300
48.192
55.452
34.081
29.650
60.120
44.975
44.300
39.764
29.841
41.692
31.805
41.884
46.049
44.441
40.341
48.423
56.651
51.807
43.674
53.151
42.685
28.974
36.970
50.966
53.302
47.070
31.882
13.900
43.865
42.473
32.338
40.292
39.911
57.843
45.485
29.732
43.343
44.050
51.791
47.717
38.849
48.406
48.520
50.464
55.345
39.510
34.709
36.769
58.146
45.913
49.950
52.715
44.759
47.319
41.132
52.365
58.051
38.476
40.997
51.352
29.182
49.282
60.423
49.294
30.102
47.751
52.954
46.366
43.796
46.713
52.206
42.076
16.793
45.658
39.963
19.580
38.887
57.370
50.944
30.291
46.146
45.462
52.372
40.892
19.318
57.310
28.540
51.566
49.295
26.313
38.979
31.213
59.985
15.031
21.973
52.578
36.928
46.221
48.836
49.258
40.586
49.716
44.126
38.862
56.686
45.318
38.235
47.317
39.387
16.268
33.672
20.134
37.323
9.491
35.030
43.654
43.357
46.067
34.434
43.543
35.345
46.697
41.891
35.819
43.545
27.343
40.078
56.731
39.686
48.030
32.243
54.345
18.757
58.643
56.653
44.417
41.236
55.765
18.919
58.247
56.905
56.357
18.581
34.046
50.483
24.510
40.826
41.491
37.387
38.593
26.926
44.038
31.171
51.655
45.718
35.423
29.826
36.076
48.811
52.981
29.464
41.399
39.153
30.106
41.270
46.436
49.420
32.840
38.473
36.114
52.187
38.911
34.860
42.584
24.987
36.401
23.836
25.454
50.200
27.176
47.754
29.606
50.855
30.487
35.457
31.447
45.451
53.144
32.684
47.526
58.235
51.268
17.668
51.369
44.458
37.661
57.062
35.825
56.415
53.146
48.646
42.867
57.034
37.146
55.977
54.575
50.501
30.073
51.147
53.194
22.343
17.399
48.407
35.650
52.290
18.017
58.000
49.388
48.083
30.615
42.208
36.871
11.317
35.100
50.114
22.525
59.328
36.246
39.742
45.427
44.793
29.255
59.992
39.796
17.121
30.599
25.292
41.015
27.728
32.809
60.286
27.000
53.336
52.913
35.380
48.401
38.355
59.319
27.049
52.873
43.584
24.226
42.910
35.714
33.610
31.602
37.980
44.110
36.428
35.598
50.617
32.430
32.810
40.427
49.034
57.036
44.112
49.504
19.456
56.475
29.926
30.232
21.167
51.519
30.165
25.146
36.426
53.796
45.596
59.324
36.067
38.430
23.562
11.910
45.017
46.007
24.870
53.246
41.445
18.045
48.419
52.881
50.266
28.805
23.816
39.561
55.053
43.762
19.844
40.177
28.563
21.645
27.924
8.255
25.672
45.367
16.995
39.650
55.444
35.399
31.532
51.316
53.469
19.763
51.309
54.227
53.136
46.630
53.064
37.040
15.657
27.042
8.794
45.050
47.652
35.136
29.203
19.781
39.502
42.274
50.346
42.579
45.526
35.941
57.655
39.886
11.569
28.626
52.045
28.621
59.596
47.974
42.233
52.131
42.215
29.527
26.807
56.198
48.648
41.579
49.115
33.694
28.231
24.922
32.923
32.172
37.999
40.962
41.706
54.285
46.077
25.338
51.604
54.116
47.253
41.748
50.214
49.558
45.512
38.930
47.102
39.804
53.846
53.543
48.824
28.089
39.473
14.173
33.996
50.378
8.100
53.979
32.819
49.629
35.390
44.900
20.008
39.969
30.606
26.695
42.425
43.801
9.678
49.756
24.945
39.786
47.161
44.484
58.302
53.478
55.359
20.884
49.604
26.340
28.473
44.790
34.997
42.433
31.856
37.184
35.068
14.778
27.438
52.570
58.713
43.266
42.821
41.017
49.807
46.547
44.071
56.975
46.561
50.822
30.583
21.581
10.200
44.676
55.205
40.752
35.598
22.920
53.445
25.754
44.822
34.201
50.803
25.556
25.100
33.571
21.204
28.795
38.057
57.122
56.987
43.631
30.471
51.458
59.640
18.502
47.010
54.375
21.249
40.999
41.119
34.178
41.005
51.961
47.106
51.698
40.904
42.323
29.982
30.367
41.947
52.420
30.963
49.021
40.887
33.642
54.500
28.067
41.604
27.225
56.255
45.744
46.505
41.053
45.346
52.782
23.734
36.418
50.250
44.809
48.697
44.387
50.442
45.368
23.441
57.634
41.512
56.540
44.328
40.783
41.928
37.306
59.669
41.960
40.652
48.788
53.080
57.442
50.707
31.845
50.292
49.530
33.014
49.437
58.410
32.133
7.611
34.949
46.599
47.982
49.089
18.793
50.717
41.194
23.163
7.468
22.172
41.065
49.168
38.653
37.782
48.261
35.057
45.405
30.224
48.086
47.335
31.901
36.297
25.590
54.021
48.607
42.705
48.022
45.938
40.553
36.510
55.146
43.266
48.154
38.620
41.296
53.779
37.465
56.865
44.402
32.519
36.419
13.596
34.674
38.576
46.897
55.652
58.226
46.771
45.091
41.311
43.861
60.012
28.473
50.298
48.858
36.648
43.801
42.003
42.831
59.001
28.853
59.326
43.701
49.554
47.024
38.523
34.683
41.391
33.268
38.630
33.819
45.108
50.032
50.719
49.516
41.160
44.659
35.222
17.852
31.655
32.092
13.638
37.812
46.915
53.588
33.552
38.340
35.494
45.204
52.534
35.446
26.260
21.746
28.175
38.920
15.764
38.153
44.184
34.570
14.974
34.013
22.875
18.099
32.363
44.590
58.160
33.344
31.325
27.669
41.184
32.411
29.888
44.362
28.710
47.712
55.568
58.583
52.403
45.609
32.709
54.159
13.080
47.436
41.317
38.378
20.359
54.517
52.394
57.308
32.325
54.601
23.368
32.394
27.556
57.342
48.847
49.927
42.066
49.915
54.849
58.311
21.685
49.441
55.768
42.620
30.563
35.985
32.829
50.648
47.044
57.119
58.306
55.038
50.518
37.030
47.786
33.095
23.262
55.726
27.917
30.599
44.599
35.517
52.818
51.313
37.250
56.944
48.467
60.172
42.581
53.241
37.348
42.806
23.641
54.944
43.307
37.507
49.817
28.568
21.852
51.394
13.627
15.317
58.629
56.681
40.976
45.806
55.590
15.684
53.384
51.934
18.787
46.636
26.424
41.577
35.989
42.739
39.195
45.679
39.404
46.177
41.413
49.735
49.492
17.378
46.201
58.713
33.504
6.539
46.279
47.259
50.842
22.526
37.113
35.919
27.371
7.936
21.730
40.871
29.696
56.394
53.842
17.230
50.208
12.575
35.732
58.260
19.100
56.569
38.137
55.200
22.472
50.018
44.696
13.186
27.945
38.716
27.844
50.740
37.347
43.862
53.793
53.903
44.183
57.245
53.465
40.846
28.059
51.640
38.761
42.334
40.610
38.389
37.513
57.975
43.632
47.126
35.678
37.724
29.454
26.994
26.019
25.241
16.694
34.262
36.879
39.178
34.623
10.958
13.230
51.520
33.623
38.639
27.570
32.023
55.194
32.785
35.166
42.408
20.455
30.223
22.851
34.382
21.111
23.739
57.955
32.642
51.805
44.964
40.789
42.262
46.850
32.837
18.204
20.037
17.943
60.692
58.865
18.769
56.607
44.552
58.960
52.512
54.739
48.757
31.064
50.230
42.987
56.391
47.159
37.221
55.073
30.684
52.575
34.359
53.195
59.100
56.137
22.705
56.316
38.196
52.489
55.502
58.915
47.958
50.180
13.605
31.185
27.150
9.771
16.630
50.565
54.525
51.372
43.973
45.767
37.674
37.306
28.970
50.338
45.864
36.335
38.831
45.782
23.954
17.996
50.701
30.347
51.169
36.948
48.948
38.881
26.477
37.195
21.287
55.621
37.499
4.425
51.564
34.161
16.066
48.771
30.948
47.247
29.110
19.536
51.879
51.580
43.324
3.817
17.215
36.234
56.181
26.611
49.450
44.564
48.132
48.617
31.760
55.450
52.006
37.854
57.296
40.852
41.188
36.629
46.365
35.936
43.313
47.490
37.099
21.613
43.103
43.726
23.470
30.647
48.181
52.036
30.475
21.412
41.018
33.035
55.927
53.036
48.758
55.754
51.951
40.629
22.408
54.068
26.212
50.941
31.084
25.297
28.080
12.018
19.106
41.068
24.456
38.114
36.132
32.907
44.287
47.985
42.375
50.680
37.354
14.313
23.456
35.144
55.420
41.910
35.425
40.577
54.213
38.607
41.298
47.030
52.855
37.179
38.466
20.244
59.011
30.463
38.125
51.914
33.723
54.094
33.322
42.145
27.855
19.331
45.692
38.596
38.348
29.585
36.493
27.783
48.582
21.725
29.634
33.287
15.779
28.669
49.690
39.059
52.608
12.796
38.681
30.951
35.157
44.647
41.724
43.617
56.300
28.442
41.688
44.425
45.858
23.944
19.116
38.910
40.266
38.924
32.028
30.700
22.249
13.145
23.110
44.029
52.849
39.711
14.978
23.408
30.640
35.698
51.426
44.063
30.935
43.310
23.061
12.134
30.217
25.580
50.285
14.714
35.412
28.673
21.214
48.404
29.477
42.072
43.247
53.334
29.726
38.272
14.823
43.845
28.370
51.243
60.114
52.122
46.417
47.348
44.465
14.465
32.482
58.829
45.417
13.607
48.934
41.970
47.193
46.890
8.975
28.192
27.816
48.520
28.827
48.282
30.797
35.820
30.373
29.436
42.869
39.716
51.517
44.636
42.819
33.022
44.437
55.664
57.284
26.389
48.993
50.673
59.619
53.892
15.328
48.908
36.001
57.159
40.426
59.230
37.415
47.755
46.087
32.850
19.820
19.572
15.966
45.243
37.941
37.922
29.159
50.961
30.900
48.717
34.486
42.053
51.261
50.018
52.522
32.792
54.202
56.270
55.011
47.718
47.438
51.950
59.764
13.073
49.881
38.575
46.526
29.433
24.234
49.004
33.873
27.613
51.338
49.519
47.320
49.167
50.828
20.238
14.540
29.712
42.082
12.879
11.585
54.255
40.533
58.270
53.443
49.212
28.905
45.210
20.703
26.511
40.851
47.916
44.270
8.937
31.974
39.358
23.685
53.465
40.188
45.838
52.178
51.016
55.080
53.051
18.120
40.795
51.061
46.465
45.284
39.730
35.690
42.189
22.924
37.698
48.415
43.927
46.122
33.105
44.083
47.827
53.728
56.227
12.596
58.522
50.314
34.881
48.384
58.847
23.399
12.866
52.614
37.381
12.597
53.895
57.805
33.671
55.216
46.318
53.614
33.077
45.695
6.919
50.614
8.575
54.353
40.922
44.653
56.890
36.414
53.957
53.045
37.161
32.528
49.390
46.892
60.452
17.063
41.500
30.511
21.196
29.472
30.113
35.103
35.498
43.480
41.597
55.628
39.995
57.818
51.987
58.207
52.171
46.460
47.932
50.086
49.605
53.700
41.637
57.526
50.227
26.459
57.217
53.196
42.789
34.320
48.561
51.349
51.612
20.279
14.314
56.453
16.429
32.554
48.539
34.406
34.671
36.010
49.366
57.811
45.969
52.552
50.694
23.343
24.316
25.443
47.619
27.381
30.528
47.442
45.220
51.350
50.106
48.542
39.496
43.118
40.466
41.895
31.280
48.892
46.105
38.423
34.400
50.695
47.925
37.427
30.385
33.692
45.676
31.417
46.795
29.060
46.373
38.563
48.487
34.279
49.207
58.135
42.608
32.078
23.652
34.830
38.837
29.801
49.815
31.420
32.267
51.208
46.633
37.497
54.676
28.446
25.902
7.592
38.648
49.410
33.127
35.987
48.663
40.480
46.012
46.704
36.189
19.770
17.172
59.774
42.472
52.852
29.012
38.505
28.932
44.627
50.668
22.688
42.597
8.937
11.065
11.839
34.893
56.611
57.429
21.375
23.411
19.836
42.562
48.752
26.632
47.276
33.621
47.503
56.611
57.945
45.478
39.989
26.688
47.678
34.718
5.037
5.605
52.917
21.320
50.001
18.363
46.876
37.602
34.061
42.858
52.651
20.697
39.640
41.987
52.508
55.893
49.839
54.742
46.357
38.024
47.509
27.153
38.216
51.282
48.136
17.492
42.743
31.504
30.256
27.586
42.672
15.197
55.703
10.462
56.159
56.720
12.797
51.099
48.010
34.107
44.661
47.389
27.263
59.435
42.984
53.934
53.764
51.367
54.492
39.112
9.838
33.948
45.131
44.293
36.199
37.871
24.486
48.701
29.652
48.110
49.778
47.985
50.807
46.945
40.812
49.659
56.141
43.846
31.232
45.993
9.066
14.264
49.614
58.211
18.585
42.239
15.379
39.732
38.753
51.843
57.623
14.339
25.033
56.395
40.401
40.244
39.526
40.968
34.082
49.587
44.416
56.037
50.492
50.422
50.254
45.958
58.688
51.754
50.735
32.037
32.567
42.675
54.399
36.024
47.536
35.585
37.023
34.455
38.826
31.422
33.209
33.466
45.220
43.658
29.299
31.898
32.497
25.256
31.651
45.368
23.242
57.071
52.553
52.233
42.294
43.422
49.136
39.618
48.966
54.517
54.647
38.039
30.275
37.565
27.324
37.923
34.086
13.533
14.078
34.704
20.380
53.595
47.626
19.644
26.838
47.499
52.862
20.206
46.127
44.059
49.127
51.726
35.998
60.944
51.185
48.517
32.139
50.860
59.560
50.257
36.921
43.507
55.002
44.767
20.406
36.259
37.268
45.860
39.950
41.852
48.803
39.941
42.416
23.503
40.673
43.548
46.172
53.037
13.968
42.984
17.452
30.700
54.979
57.114
17.889
24.650
38.513
15.131
45.925
44.761
37.440
36.560
51.266
15.897
47.282
56.269
31.980
50.086
40.502
46.792
54.663
39.070
42.701
48.468
47.833
15.848
44.155
39.405
59.623
20.702
56.448
48.454
50.684
50.891
47.626
28.525
51.454
52.935
44.744
46.415
46.295
43.144
27.818
30.214
24.467
22.533
37.562
20.493
45.842
53.011
39.537
33.178
29.018
36.054
39.134
38.685
48.050
45.363
54.095
49.830
37.616
39.124
41.196
39.231
40.317
43.842
28.515
14.348
20.292
26.186
50.109
41.041
37.753
48.120
25.005
39.497
26.422
37.548
31.689
37.928
22.434
46.048
45.929
48.153
52.988
16.435
27.249
45.271
46.129
35.060
38.868
52.750
50.730
42.046
41.324
55.710
40.989
36.607
48.435
53.747
32.203
46.012
27.976
37.572
56.775
52.905
28.333
51.617
46.202
43.424
26.894
50.240
39.067
51.015
53.973
37.006
46.791
31.680
55.780
42.574
47.630
32.495
40.077
44.611
41.220
33.471
41.290
31.333
33.520
39.599
40.879
25.859
32.125
30.330
43.078
49.255
22.158
43.534
50.289
53.055
51.655
34.737
38.500
42.821
29.248
27.715
34.365
53.986
57.050
37.716
54.031
33.265
11.725
44.983
44.878
50.612
44.659
47.818
48.598
36.971
51.731
49.845
26.417
24.560
21.153
19.497
49.918
26.868
11.401
53.843
57.698
43.006
55.759
12.376
50.878
15.820
24.135
14.771
13.777
54.847
40.301
52.368
38.606
46.189
49.109
44.962
47.733
38.103
32.428
35.850
21.477
44.911
39.365
53.007
39.058
41.450
49.108
44.157
42.820
30.015
52.091
15.284
23.667
53.549
48.010
47.855
48.023
39.745
41.531
52.733
45.521
31.497
53.621
27.690
47.389
42.739
37.424
34.330
19.496
49.465
31.062
18.655
57.234
39.117
34.469
48.176
15.178
30.571
44.233
22.169
45.930
40.342
46.831
47.638
41.623
33.197
14.581
29.963
42.109
44.823
30.559
28.065
44.619
16.536
49.347
47.457
27.171
18.434
45.492
54.869
53.125
31.329
28.829
29.205
32.969
35.966
31.490
39.069
42.156
33.237
38.799
23.686
46.705
58.976
42.312
18.747
19.874
52.987
33.079
25.069
59.948
25.924
48.933
54.537
42.467
48.223
45.184
49.206
54.526
55.854
17.476
45.671
44.589
43.619
40.428
48.347
45.326
42.385
48.104
49.101
46.490
32.362
14.512
27.624
37.900
45.639
42.727
52.606
41.528
43.467
53.715
51.057
42.186
49.199
46.478
42.830
20.818
44.900
37.464
50.268
51.771
47.459
42.773
35.522
58.850
56.146
49.761
42.357
58.868
46.572
28.704
14.290
37.056
25.323
29.224
60.592
10.469
44.265
49.747
10.970
22.358
21.298
44.680
49.055
53.481
31.881
44.513
49.666
53.020
51.221
46.651
39.506
50.391
47.358
58.744
45.874
25.127
38.126
42.780
46.714
53.644
42.619
49.987
42.432
37.344
49.605
37.150
59.109
42.231
34.762
56.917
19.069
35.732
45.624
15.718
50.829
42.156
39.761
55.731
57.802
51.914
14.924
45.408
54.004
45.534
45.911
46.558
17.454
49.774
29.064
45.848
47.682
51.648
42.923
49.072
20.638
46.040
31.802
10.088
32.339
45.210
31.779
36.807
51.793
20.463
45.562
43.624
54.247
36.752
58.178
30.520
53.252
38.664
57.053
16.699
15.864
15.001
33.684
49.396
49.788
28.380
21.626
53.808
52.700
22.263
54.341
25.308
38.728
45.109
26.007
58.322
51.374
23.861
44.316
56.058
60.821
18.444
42.182
43.473
37.409
56.871
55.230
31.752
43.727
42.545
48.539
35.973
41.646
49.611
39.027
38.795
41.079
33.947
45.028
36.607
32.595
32.716
34.128
28.168
30.090
38.520
32.501
47.364
56.062
8.367
34.677
56.480
28.086
9.885
32.873
20.300
30.889
57.231
46.281
21.292
35.804
32.669
37.658
15.155
16.806
1.960
27.775
31.006
34.952
58.289
39.429
39.976
57.717
56.081
41.699
53.087
36.126
42.888
42.407
36.347
55.237
34.431
57.207
44.653
27.320
28.341
21.728
24.919
40.235
20.965
4.329
19.213
45.776
58.315
37.219
11.328
46.059
34.886
10.944
52.573
49.267
54.812
35.416
34.797
40.562
48.407
32.753
50.480
48.170
33.083
24.199
48.220
50.037
59.580
20.295
15.485
23.304
50.329
4.858
24.766
25.214
45.828
45.037
42.937
44.334
45.607
43.080
37.336
39.952
43.962
54.164
36.459
21.159
56.932
37.748
20.645
40.054
48.892
29.734
49.576
45.244
44.459
40.006
20.730
44.814
44.925
21.986
46.819
30.540
21.711
28.488
56.051
53.544
16.558
55.444
53.034
43.008
42.400
24.758
17.244
54.071
58.108
42.484
40.731
49.688
45.783
43.188
17.297
52.159
50.786
20.982
42.377
46.363
53.201
42.160
33.681
35.748
44.642
49.796
41.835
47.294
16.145
45.277
52.053
6.016
31.173
51.310
17.937
34.972
58.938
37.842
5.753
40.927
53.179
45.528
53.122
20.351
49.375
50.075
20.767
17.313
54.189
52.253
48.609
48.924
34.493
21.448
50.881
52.886
18.672
56.338
40.567
37.034
38.915
58.838
15.843
34.968
43.667
26.182
52.229
28.285
59.012
47.432
34.230
30.857
42.247
58.289
36.118
16.256
53.102
39.298
23.843
46.152
35.462
46.923
43.607
35.154
38.966
42.772
42.203
53.719
55.611
55.458
52.325
39.466
35.328
46.861
46.203
48.017
35.149
33.086
25.999
44.155
20.514
36.876
50.460
46.503
53.397
31.669
45.654
51.553
33.214
51.073
47.396
48.848
18.245
45.282
40.474
42.121
51.723
45.860
50.853
23.441
23.610
5.034
7.820
54.818
38.705
50.692
54.232
42.885
3.557
56.418
15.380
49.448
14.129
38.096
53.904
35.176
33.476
54.685
33.274
19.543
42.357
34.221
40.059
44.164
22.596
47.092
11.755
34.768
52.529
47.055
46.922
42.999
52.688
37.967
40.737
50.148
38.470
45.912
43.738
45.247
37.504
50.014
60.398
51.941
40.377
43.122
41.087
35.939
23.489
57.298
18.907
49.285
25.835
47.829
54.617
46.780
56.929
52.149
31.428
56.607
32.396
32.368
53.755
53.684
46.179
39.488
48.958
49.680
37.374
35.957
46.688
47.761
40.747
48.471
38.010
38.070
42.218
41.439
51.968
46.499
41.634
55.330
16.819
11.353
50.168
29.437
14.291
28.963
43.910
42.669
19.159
30.476
51.230
55.834
59.855
31.690
44.694
44.894
46.579
38.843
41.319
46.252
30.844
59.289
12.848
56.233
30.514
57.046
22.306
46.127
21.822
56.142
52.308
50.507
50.959
41.054
49.841
59.432
46.457
45.025
31.831
45.207
50.714
24.315
45.027
22.435
52.692
32.332
32.106
35.062
61.871
28.342
51.830
26.421
17.320
5.510
38.426
25.273
55.667
58.267
29.677
31.578
8.743
43.529
29.672
56.052
6.929
26.315
34.029
27.526
21.179
58.510
33.105
34.569
20.998
29.528
50.721
25.522
26.852
22.977
58.025
46.129
27.053
57.659
20.754
37.590
29.953
40.138
47.013
54.112
48.784
40.228
39.770
55.979
52.875
52.108
53.419
51.703
49.732
37.274
56.484
54.842
30.145
45.280
26.274
39.074
38.347
46.345
38.493
45.277
55.281
44.104
48.512
43.841
21.446
12.969
53.649
38.395
32.210
8.178
48.765
57.544
50.059
41.073
11.621
42.702
36.873
27.357
7.697
28.085
57.635
25.183
56.896
34.193
5.140
38.327
54.955
10.985
49.671
38.351
16.463
10.916
39.872
55.703
49.187
59.207
54.648
44.777
48.313
45.520
42.704
44.233
27.760
46.721
47.448
45.867
52.339
43.348
47.457
50.780
31.678
24.730
43.120
43.051
33.679
58.569
61.947
56.154
58.368
53.327
50.347
55.416
57.568
44.855
56.701
32.102
53.277
36.834
18.612
34.779
48.546
13.140
39.324
42.005
46.268
49.191
44.609
19.379
45.039
52.178
38.650
44.730
25.033
37.147
35.031
48.799
25.295
44.348
44.919
21.683
25.453
33.137
49.827
49.372
44.389
25.612
50.564
24.007
41.949
15.697
48.920
24.585
39.938
29.517
49.252
37.295
54.472
35.870
26.034
52.556
55.603
47.976
42.068
52.138
34.559
47.679
33.096
35.169
50.056
41.820
37.069
38.450
40.232
7.592
37.614
48.734
51.455
53.897
38.935
34.024
34.513
15.343
29.436
57.628
53.828
42.356
22.446
39.460
36.020
58.233
19.744
52.145
45.903
21.821
44.482
26.139
42.499
30.921
21.629
25.867
36.172
33.642
35.204
29.455
47.041
46.686
58.102
27.042
53.475
25.988
52.425
33.013
50.059
49.426
40.656
53.196
26.793
41.484
10.455
36.987
58.777
45.952
51.992
55.092
58.183
51.069
56.231
54.565
46.855
51.070
52.421
37.958
52.053
53.465
27.401
41.288
50.347
6.708
42.946
49.577
50.129
46.662
30.839
55.610
25.085
51.570
52.110
37.246
48.116
44.930
37.441
50.987
45.815
40.827
52.154
31.505
29.480
22.281
34.048
46.800
40.280
39.066
52.882
56.167
50.359
41.333
57.817
25.016
46.451
54.330
28.454
56.446
28.303
54.166
41.907
39.227
13.563
41.208
24.637
31.285
30.926
42.204
47.128
41.990
46.414
47.476
19.822
59.033
51.073
46.226
59.383
20.268
52.680
53.983
57.565
47.225
37.477
23.273
56.952
52.080
54.912
49.454
59.166
46.937
54.613
9.415
14.562
50.079
58.110
43.843
20.370
35.118
30.870
29.396
31.787
46.344
34.637
36.486
34.595
47.921
43.154
41.673
30.205
44.498
43.929
25.265
54.361
47.469
52.199
45.017
33.036
33.382
43.578
45.168
32.605
33.329
18.743
31.758
29.498
46.249
38.898
32.743
23.754
34.390
55.184
55.512
46.417
11.717
50.756
54.636
50.890
58.094
56.211
7.380
33.286
49.270
48.757
26.197
55.076
47.835
53.400
54.998
51.407
55.601
11.201
49.506
49.468
45.017
52.273
56.803
12.248
51.720
29.582
51.889
43.765
57.879
51.105
46.200
44.316
31.972
35.361
23.839
29.264
40.702
37.198
32.849
51.866
55.379
40.857
45.749
41.835
49.851
43.367
35.642
51.049
45.437
46.882
48.803
56.015
37.015
42.855
58.971
57.099
48.822
49.060
46.048
57.266
42.670
33.168
55.308
48.065
41.345
46.456
42.816
49.096
48.813
40.829
56.261
43.139
46.565
39.654
39.457
55.953
45.929
50.584
47.777
31.880
22.916
48.914
24.833
59.727
52.772
26.545
33.563
51.165
55.818
57.836
2.682
20.640
51.041
54.043
56.464
51.847
44.415
58.832
52.193
55.514
7.326
45.245
48.204
41.963
9.567
40.634
20.293
31.603
29.317
53.237
21.186
59.167
18.295
46.031
59.268
30.714
59.973
52.467
40.000
35.623
50.827
54.428
43.965
27.444
56.480
27.278
23.793
36.260
18.675
45.103
38.822
45.102
37.164
44.781
44.589
29.254
34.804
36.365
30.645
48.700
56.809
36.501
36.344
30.501
51.283
45.662
48.168
49.288
55.080
53.128
53.428
47.858
60.022
38.014
41.608
57.514
34.154
53.425
58.486
17.899
49.176
47.324
49.444
23.537
58.569
23.162
45.152
44.309
20.252
10.740
33.934
38.423
27.097
45.969
44.357
37.738
38.256
37.337
51.225
28.957
48.484
6.087
54.447
33.995
52.747
34.261
52.944
50.507
54.432
44.547
42.488
41.375
53.170
56.362
55.201
47.646
46.786
57.607
44.798
58.990
57.742
49.352
21.805
60.275
50.266
38.135
48.724
39.545
56.631
35.733
48.197
57.392
52.823
14.107
53.065
12.024
13.299
53.965
55.592
13.922
45.716
33.884
24.689
39.745
59.945
48.931
47.736
19.227
54.997
25.815
39.925
38.677
8.706
31.423
48.805
6.596
55.447
11.185
43.668
18.298
50.722
45.486
50.847
32.051
53.954
53.703
50.603
38.919
44.712
11.806
23.407
50.150
46.118
42.958
32.488
54.777
34.928
58.459
56.310
18.444
6.060
43.233
38.385
50.453
40.347
24.433
56.725
57.494
49.322
44.177
47.015
17.753
47.829
31.291
45.521
49.431
39.154
48.583
41.172
36.374
44.427
40.918
36.943
44.296
10.274
35.502
54.414
16.708
54.211
32.177
27.830
15.749
28.741
45.147
51.493
35.389
48.272
51.974
21.275
55.019
27.241
16.599
32.723
60.088
39.692
14.449
43.877
41.614
18.682
47.440
18.548
50.765
33.030
60.656
43.070
27.464
57.506
28.704
20.127
57.634
57.055
20.504
21.460
25.026
45.904
46.045
15.152
13.994
50.999
47.238
47.673
38.533
40.472
29.821
29.681
31.543
42.034
53.642
27.630
48.254
46.322
49.105
48.186
33.746
36.784
52.238
42.387
40.572
21.999
41.195
52.858
40.790
57.285
15.024
43.360
41.791
26.816
23.659
16.302
38.875
7.629
24.362
57.738
47.628
48.031
31.533
10.241
55.648
15.068
41.158
51.296
38.339
44.671
49.712
24.595
48.293
29.251
50.969
47.935
46.911
31.504
55.878
29.880
38.860
44.169
47.458
54.065
58.978
57.112
59.353
35.924
30.025
28.205
29.620
31.865
45.559
33.932
33.825
47.118
40.840
53.369
30.818
25.924
43.298
31.072
30.783
34.453
48.139
44.669
14.688
53.281
22.856
50.953
22.800
30.886
49.818
44.549
21.388
29.511
47.666
51.461
51.259
19.309
55.282
7.648
41.071
61.550
43.237
26.040
58.137
53.824
25.800
35.391
29.143
44.097
35.794
60.658
41.537
47.793
44.441
46.116
40.393
53.908
57.252
27.706
51.998
34.985
48.457
39.786
48.565
29.520
48.989
46.745
48.845
22.692
47.940
20.674
44.195
25.247
41.489
45.497
23.635
47.322
51.397
50.856
36.369
20.314
14.121
53.405
47.512
36.355
25.806
15.880
52.919
28.763
31.889
48.015
52.424
14.798
51.675
24.363
26.563
39.610
39.334
55.054
48.263
36.773
48.967
49.498
48.401
33.824
45.599
56.339
43.466
52.525
45.986
41.249
26.481
26.283
28.172
29.680
31.485
50.162
28.378
22.374
52.487
32.658
8.414
22.738
44.580
41.494
48.111
41.487
47.565
41.576
24.262
60.210
39.447
38.921
30.561
49.242
47.635
49.801
44.939
2.122
36.090
15.066
8.585
49.954
40.932
48.280
49.303
47.003
14.698
11.486
7.272
25.998
33.386
46.636
17.135
53.039
27.961
19.195
28.711
30.864
45.152
44.244
31.604
57.184
54.535
46.223
50.392
58.659
54.048
49.874
52.307
59.662
60.827
39.962
49.323
45.316
28.864
51.275
20.869
51.292
23.557
47.882
37.374
37.409
40.139
45.296
53.005
46.817
46.594
51.193
43.021
40.665
13.683
36.743
47.523
47.317
26.676
43.986
53.416
26.946
48.498
47.063
37.531
38.031
49.815
43.457
40.322
47.469
42.946
59.057
21.136
34.976
43.551
41.844
46.846
32.389
32.888
50.851
37.194
59.776
36.395
51.730
47.838
22.022
21.958
19.747
51.010
52.708
51.785
57.344
26.660
32.457
19.679
45.643
50.832
40.183
53.416
41.509
58.712
54.328
46.482
39.203
44.420
49.002
34.679
47.183
48.439
27.277
28.806
20.482
44.822
45.480
47.704
22.169
34.224
18.636
50.734
40.987
39.696
39.295
37.294
38.625
29.909
21.965
23.572
29.823
12.745
35.909
54.591
58.637
52.524
59.854
41.251
49.985
54.674
59.596
57.232
52.739
29.119
46.066
14.073
56.883
56.973
5.653
35.491
34.930
48.210
50.547
57.710
39.831
32.544
27.288
31.699
35.024
47.534
43.140
47.338
33.662
44.081
52.653
41.395
31.719
45.701
45.270
34.726
44.557
52.430
26.514
52.123
32.799
41.751
51.760
43.758
57.650
46.969
38.462
51.806
12.084
26.175
18.904
28.019
56.128
18.043
51.043
24.599
52.276
15.801
43.224
58.663
38.496
58.451
48.842
58.319
53.237
15.490
53.813
49.517
52.995
42.979
27.890
33.267
40.796
30.774
35.428
52.271
23.869
50.161
17.078
45.858
59.215
35.298
47.272
35.059
15.062
22.271
30.992
34.534
46.255
13.544
43.023
22.703
43.690
28.392
11.169
35.689
59.288
52.707
46.260
12.697
54.436
43.697
35.573
44.631
43.001
40.864
38.056
34.009
38.288
39.156
44.581
38.695
49.776
60.272
51.695
57.733
56.234
39.973
43.117
33.492
22.179
47.180
59.434
12.359
40.812
55.044
39.440
50.888
39.029
44.938
43.222
35.759
40.912
55.602
39.380
25.153
29.350
30.480
50.312
49.692
25.952
57.581
39.798
24.889
49.447
43.535
27.677
48.731
13.466
53.024
34.217
34.233
47.658
9.734
37.897
17.499
23.338
22.803
40.986
43.098
59.039
44.999
46.660
37.470
38.840
30.531
57.149
48.601
21.448
32.689
35.051
55.026
47.225
31.373
58.525
43.409
50.321
47.332
50.935
44.513
43.719
34.266
45.697
47.835
48.243
25.997
36.829
30.749
23.682
31.076
14.845
22.743
58.053
20.032
50.100
46.569
49.979
43.605
57.473
16.864
16.305
47.168
33.773
58.365
51.561
30.065
53.827
51.525
39.437
48.658
30.709
32.547
58.327
29.910
33.225
53.622
54.011
52.009
49.257
32.033
40.852
40.128
29.445
24.977
34.057
35.046
44.613
39.684
45.987
35.188
38.548
29.353
40.446
37.869
53.830
31.127
41.404
40.580
60.373
43.596
57.756
36.409
44.718
38.645
16.402
47.880
55.720
46.537
20.808
48.658
31.690
51.498
57.255
41.863
47.922
47.141
13.115
26.887
33.954
20.497
32.661
58.369
23.920
52.854
29.008
41.568
27.805
21.573
12.612
33.688
46.821
55.031
52.835
7.422
58.975
48.046
41.268
43.563
31.134
46.366
43.396
53.730
32.803
35.409
59.049
41.890
36.667
15.426
48.816
33.764
26.280
26.831
31.954
21.662
23.961
40.917
3.721
45.150
33.611
53.430
32.457
49.763
36.131
51.786
49.913
37.628
36.245
48.605
53.896
34.436
14.941
27.282
28.106
40.686
59.063
57.769
22.445
13.146
43.644
30.441
37.259
31.944
23.671
31.613
46.240
39.661
40.643
31.540
33.067
57.519
55.778
42.498
16.931
46.448
43.762
42.641
36.567
38.726
50.438
43.503
41.053
40.842
44.113
55.054
12.229
29.507
24.229
24.431
14.278
35.399
46.148
52.031
24.386
50.301
45.373
45.508
55.472
43.870
49.037
56.717
51.569
53.039
25.153
31.591
28.925
35.423
47.687
42.353
16.238
45.359
7.723
5.171
26.273
45.366
56.412
11.124
55.755
29.979
57.276
53.811
18.474
33.389
22.920
12.513
32.029
30.081
48.851
35.482
32.234
32.963
33.924
47.550
52.555
54.092
51.008
48.453
17.542
57.888
18.757
39.454
46.527
37.514
53.191
41.414
38.045
47.297
30.548
51.923
41.055
11.592
52.447
53.743
22.683
12.820
44.433
31.823
43.489
30.942
34.167
43.890
46.698
54.636
48.770
52.963
26.676
37.940
51.388
44.525
54.054
39.706
24.576
53.832
18.451
59.069
17.093
16.392
6.774
41.992
35.034
21.037
35.022
40.896
44.931
26.762
16.048
44.815
52.318
41.472
58.819
41.182
32.208
31.163
57.559
60.498
32.361
49.769
4.906
51.127
50.448
40.820
54.190
47.078
58.114
56.854
52.956
52.670
34.853
30.366
42.385
50.814
60.329
37.789
44.224
50.697
48.613
32.925
18.137
17.039
56.242
60.618
20.092
31.041
56.849
39.898
57.755
39.671
22.400
31.759
21.503
45.955
24.367
48.109
40.019
56.812
47.457
35.647
51.451
28.727
50.307
51.322
52.791
32.701
47.227
42.946
21.274
40.700
37.476
32.970
21.663
17.969
39.433
46.308
37.713
52.875
40.626
18.295
21.104
30.084
18.927
44.825
38.339
26.049
32.398
37.615
35.515
34.018
41.436
58.191
47.963
57.635
46.804
38.038
38.498
30.790
44.210
34.231
24.606
38.901
49.825
40.627
52.134
27.097
50.416
41.259
29.261
56.108
37.242
33.439
42.093
41.518
36.055
37.223
38.484
38.322
59.102
44.105
38.716
32.161
54.876
26.904
24.798
15.968
18.824
13.435
41.921
50.667
42.308
39.014
47.725
47.871
53.878
38.944
36.805
41.303
33.414
53.806
54.134
56.809
47.220
56.214
43.399
31.981
53.327
29.307
40.561
20.360
26.493
28.838
39.016
39.492
53.376
49.523
36.851
46.228
39.537
53.452
48.404
58.555
23.371
55.235
23.281
25.190
12.278
17.116
50.238
26.458
33.912
31.538
34.774
59.747
55.903
47.324
33.482
47.413
44.068
38.818
32.700
53.135
52.249
53.368
32.477
37.775
59.186
46.485
53.542
59.192
45.757
49.934
49.842
38.965
54.742
44.959
52.241
55.191
46.901
59.378
42.443
13.292
42.783
60.260
58.526
23.615
40.322
45.322
7.878
50.102
47.797
46.923
51.042
47.840
36.610
52.020
34.992
44.316
38.240
58.682
50.288
46.901
54.826
47.966
52.338
51.323
47.847
54.081
16.965
26.147
35.114
40.262
45.538
52.323
50.905
52.356
45.710
37.171
37.861
39.800
41.062
56.624
48.781
16.389
49.407
41.684
23.283
54.358
13.932
42.697
49.695
59.752
48.760
20.587
16.192
7.456
30.109
51.323
57.812
29.276
24.398
14.677
32.282
45.779
31.781
41.218
38.348
52.544
51.456
45.060
49.003
16.530
29.783
52.838
47.814
37.619
41.558
50.070
50.100
36.386
50.103
52.965
33.925
43.253
33.183
46.251
44.878
23.148
49.593
52.239
53.184
51.292
55.036
41.038
53.661
42.928
38.850
24.310
58.111
51.736
37.728
57.488
