45.199
17.233
42.823
27.661
18.620
15.926
25.860
36.495
37.308
8.750
22.160
32.292
28.924
13.438
8.210
23.334
42.198
35.875
14.210
11.245
29.833
27.397
43.004
12.356
30.964
48.415
19.821
49.091
50.934
57.011
46.901
35.696
52.001
42.907
11.568
15.605
36.903
17.150
59.293
58.916
52.381
51.469
48.896
33.304
32.239
39.179
57.072
46.938
39.382
42.631
51.736
49.457
16.556
44.270
57.164
44.293
38.050
12.091
44.053
39.929
48.983
40.430
56.919
31.919
56.750
46.947
46.170
55.272
45.119
62.000
33.112
56.294
38.949
48.147
35.981
32.825
13.223
17.480
59.069
28.843
29.658
37.349
48.813
59.340
29.939
53.101
53.549
50.044
40.809
50.058
52.432
18.427
45.208
36.904
22.269
16.292
16.755
25.931
38.845
56.005
38.139
39.975
47.152
35.503
44.338
32.639
53.817
8.941
25.683
42.297
20.264
32.627
42.014
26.477
41.514
6.415
44.523
55.040
24.800
49.112
18.469
45.472
48.087
39.711
38.027
55.245
8.845
58.626
59.133
57.662
61.215
52.421
58.422
51.265
47.171
35.776
33.260
22.917
52.356
32.118
50.077
44.609
34.418
30.196
23.739
41.828
37.136
50.346
39.159
52.900
41.894
44.624
51.924
28.023
44.591
6.002
39.494
43.368
22.093
29.468
37.279
28.354
44.260
25.908
47.678
20.577
15.260
19.766
49.387
10.502
14.648
17.002
37.082
56.244
44.122
55.902
49.433
41.507
52.243
30.390
37.889
53.355
42.284
34.177
36.212
45.515
28.768
50.405
37.450
39.921
24.693
30.926
57.543
24.333
12.702
51.457
18.707
13.137
55.036
52.222
54.108
31.063
8.192
52.208
59.202
41.033
57.068
56.562
29.597
60.014
58.393
2.056
51.754
13.126
50.373
49.128
55.228
50.457
7.414
44.470
60.792
54.311
46.534
12.744
59.873
26.702
33.983
9.885
21.350
33.422
44.805
60.627
59.696
28.349
39.255
53.644
21.018
28.250
42.401
25.451
37.784
49.299
26.004
37.627
40.333
39.859
45.067
53.437
55.435
43.636
59.194
46.477
17.840
57.858
28.286
7.102
40.880
44.423
34.320
48.964
56.265
60.373
53.566
22.614
50.780
27.762
11.703
25.791
57.860
56.282
57.484
54.574
10.729
32.753
26.938
45.976
37.042
35.355
40.522
18.970
46.848
52.400
33.537
47.563
45.783
43.845
39.926
37.315
51.542
19.867
37.501
19.257
22.571
47.897
10.406
43.255
59.828
52.384
30.527
51.640
49.793
23.613
51.748
58.827
23.164
34.996
34.217
53.368
31.020
49.439
51.378
50.231
56.341
54.251
25.424
44.083
35.212
52.158
17.984
53.459
19.611
53.703
40.972
52.855
28.947
55.950
55.802
40.815
37.061
35.281
42.921
54.138
47.056
42.017
44.048
37.577
36.374
30.806
9.574
50.188
56.016
18.718
43.081
39.847
39.507
57.233
43.323
60.650
50.719
33.945
40.175
56.642
25.998
37.762
23.599
38.524
47.351
7.303
35.498
16.765
18.987
55.385
40.067
57.364
23.877
44.800
40.876
29.964
31.757
44.575
14.636
47.987
16.891
46.514
50.219
45.700
34.096
47.748
47.648
31.674
49.367
45.411
52.730
37.037
28.691
30.896
39.994
14.755
52.684
53.417
48.461
50.846
45.613
57.690
47.224
53.833
33.954
38.344
34.103
44.324
9.871
4.912
54.824
6.632
18.914
48.961
35.208
55.593
23.541
48.636
36.905
35.842
14.958
27.380
40.944
28.725
45.617
48.746
32.693
34.210
46.254
50.274
24.361
29.214
15.092
43.064
40.383
21.424
39.713
32.307
30.408
24.683
16.608
39.026
12.214
31.793
41.221
29.090
30.258
15.157
28.429
30.455
30.131
37.203
46.645
33.085
16.583
34.461
40.554
33.051
46.881
25.929
37.086
27.707
23.591
34.794
47.100
46.417
56.609
18.273
34.887
17.704
38.804
36.672
30.550
47.050
46.704
44.884
40.879
57.251
38.729
46.672
43.619
39.177
35.730
32.643
51.528
50.371
45.728
53.045
27.836
35.932
38.665
44.444
43.365
43.733
27.462
31.509
50.513
48.221
53.027
39.047
44.211
54.909
50.005
55.107
39.644
38.999
43.192
50.762
42.932
49.830
43.486
44.858
10.249
4.269
29.909
36.349
50.274
50.597
48.870
46.564
52.404
33.049
44.845
22.069
45.681
37.434
41.655
9.638
15.939
42.510
39.175
47.649
23.490
12.556
18.148
18.547
51.948
9.872
42.683
32.549
16.265
41.672
30.898
30.730
50.515
53.072
42.435
45.155
34.731
41.041
44.057
22.364
54.243
49.959
21.764
14.192
45.507
38.549
47.520
43.452
45.498
23.452
53.987
45.501
11.389
45.264
54.405
46.215
34.538
39.799
56.130
44.809
35.611
20.836
40.897
21.324
38.763
25.795
39.154
49.601
40.335
50.439
36.233
5.914
52.807
52.078
52.118
8.963
42.863
55.377
35.239
40.338
49.392
11.146
54.231
44.742
23.826
20.333
59.405
55.549
41.083
30.777
44.609
54.307
61.939
53.668
46.738
55.171
56.224
40.701
43.669
55.325
53.735
42.500
44.288
40.473
42.189
34.212
28.521
38.590
58.914
41.437
36.725
57.099
56.292
57.390
29.669
23.113
27.794
54.766
49.702
30.764
21.771
30.674
49.597
52.317
36.250
58.230
58.683
17.640
21.613
32.863
7.336
26.689
23.031
21.744
43.837
48.128
15.653
36.464
17.663
19.178
37.359
17.430
34.338
38.381
28.762
7.512
36.375
32.875
24.815
26.792
40.599
46.499
60.028
46.172
38.984
55.733
39.818
50.291
49.182
42.632
56.603
47.803
28.632
26.713
45.078
58.134
56.379
34.880
34.884
53.017
39.784
56.989
7.312
33.384
45.075
21.719
19.125
40.317
27.657
18.254
48.391
47.404
59.659
45.736
22.338
20.140
33.531
50.082
22.608
45.110
45.701
46.832
35.265
51.061
40.800
12.667
57.181
52.556
36.381
49.787
38.218
49.180
33.180
31.658
53.110
59.131
48.547
51.755
41.854
30.932
49.788
37.771
27.992
34.281
48.411
27.838
29.911
31.231
31.383
47.260
22.780
10.255
52.113
33.046
41.432
48.810
34.966
46.387
35.445
50.410
44.276
11.088
51.050
24.557
21.297
26.851
46.527
37.604
53.818
24.776
33.151
51.537
11.400
10.154
44.766
45.282
34.769
34.162
58.820
20.773
34.818
38.130
47.201
32.600
53.885
58.694
46.400
45.764
53.702
39.253
31.416
51.939
30.927
42.233
44.519
38.176
46.466
45.534
46.707
45.401
24.373
7.753
28.299
35.645
51.530
23.765
17.416
58.617
30.785
18.631
41.070
28.818
55.945
14.544
54.843
42.069
14.590
39.570
36.532
39.832
42.549
15.415
11.620
32.877
22.838
23.082
40.901
46.433
38.819
30.209
16.630
49.327
47.235
35.717
41.494
51.383
49.597
53.502
58.586
51.649
49.980
52.560
31.870
49.269
27.211
36.169
9.866
46.378
50.782
49.222
25.039
40.342
55.732
29.769
40.071
58.434
42.894
49.037
40.133
56.584
57.725
38.059
40.221
17.881
37.127
53.579
35.216
16.653
35.815
19.060
36.398
51.535
47.226
33.120
18.067
56.393
13.590
46.327
34.859
18.631
60.322
37.090
26.174
40.640
18.504
46.758
41.158
45.202
36.420
35.658
38.991
47.233
38.929
28.274
35.799
29.151
44.776
51.266
41.551
42.185
50.043
53.810
50.874
53.001
38.481
43.813
47.902
46.564
45.481
49.201
51.859
48.723
53.922
43.404
52.614
53.401
51.134
50.338
50.660
34.881
45.835
56.384
37.392
58.847
31.599
59.105
31.753
37.008
51.597
40.210
44.655
50.301
50.163
17.261
44.834
39.635
36.018
46.727
51.526
40.126
44.952
45.627
24.245
44.668
28.893
45.253
52.497
44.772
35.572
22.147
46.425
47.702
52.480
46.847
52.799
39.685
31.510
34.662
56.125
15.892
30.846
43.954
49.938
23.403
51.383
27.992
34.100
24.204
41.530
33.704
33.609
41.444
49.196
45.550
50.513
37.892
37.526
46.702
37.054
55.655
26.380
34.140
44.792
46.425
38.004
48.188
22.765
40.329
52.770
32.475
47.903
43.121
26.692
49.876
32.091
47.677
31.811
59.665
47.370
43.921
29.004
21.934
32.660
46.177
14.728
17.232
35.577
46.649
8.095
44.159
13.587
31.952
48.792
29.088
49.140
46.434
52.876
59.302
18.675
60.303
17.792
42.054
50.095
11.598
46.991
35.232
58.963
41.282
52.980
50.916
18.249
42.209
36.141
45.069
34.429
49.138
55.411
42.087
55.901
39.833
40.161
49.584
37.330
42.823
50.419
24.067
34.440
34.438
26.468
45.963
24.512
11.506
46.801
16.367
38.463
46.739
44.563
31.620
51.489
44.949
47.166
48.160
49.264
54.211
40.274
24.006
30.303
21.769
32.438
39.591
46.698
39.103
35.617
34.896
46.761
51.509
30.765
44.494
33.190
35.501
18.600
53.610
52.773
43.562
50.760
26.506
55.819
52.060
59.153
42.982
46.522
51.621
50.696
50.629
37.052
39.850
28.105
32.272
35.807
42.085
47.132
37.083
25.810
35.242
19.365
38.402
59.099
52.847
28.113
59.461
44.730
36.313
37.737
58.885
27.151
41.805
24.019
51.851
50.624
59.550
49.221
46.360
43.327
37.641
55.450
54.366
48.329
57.103
23.780
49.160
25.796
20.941
54.712
25.026
20.275
34.237
51.144
11.860
15.613
37.942
39.196
25.792
53.527
27.788
44.223
55.099
34.943
30.901
48.024
29.319
9.141
49.253
22.970
53.472
20.124
32.798
23.844
18.543
41.677
31.635
37.433
24.365
48.084
54.780
39.402
42.906
45.248
45.166
55.534
13.961
7.458
36.606
38.878
22.529
8.499
9.292
34.007
36.605
35.549
44.151
6.096
36.402
14.021
19.076
13.252
25.346
30.305
37.674
40.391
46.049
50.562
25.743
32.518
44.360
35.405
47.731
40.252
40.931
31.823
43.396
37.473
45.611
37.672
24.397
50.429
22.445
22.594
46.154
29.321
40.836
49.715
46.944
41.041
27.855
37.876
44.505
21.069
47.624
16.639
29.050
54.667
15.778
44.818
48.064
43.004
30.542
42.235
22.117
10.151
28.262
29.841
12.806
21.127
37.051
30.834
47.312
25.747
57.766
40.764
48.440
57.544
60.794
48.800
56.873
38.445
52.807
34.312
16.709
7.057
55.447
40.134
53.267
36.296
54.864
22.131
41.800
30.943
19.609
37.304
32.411
29.700
23.697
29.501
28.961
22.465
26.132
55.450
59.536
53.714
38.269
55.286
36.435
26.193
46.861
36.301
42.428
35.983
34.428
43.783
5.541
46.511
27.385
25.106
24.354
45.123
36.967
53.840
39.002
8.121
27.634
37.798
23.123
30.813
29.896
49.777
50.472
38.275
55.844
59.609
48.325
57.930
59.094
57.185
41.826
60.316
58.251
43.786
54.115
9.499
48.818
57.215
54.944
23.160
12.731
50.183
51.365
39.305
53.380
4.178
53.545
28.994
45.043
33.117
43.807
38.531
44.059
55.476
29.876
44.028
28.566
27.481
46.171
41.909
42.501
52.548
29.062
52.433
45.106
34.223
44.495
33.213
44.979
53.603
47.148
28.887
19.029
10.708
33.636
31.129
59.830
56.149
58.764
43.228
28.384
52.102
46.957
39.250
28.164
37.552
60.527
49.924
21.299
47.001
25.045
53.602
56.915
48.459
31.077
45.219
29.987
15.433
36.178
12.522
38.026
37.864
50.745
40.950
39.267
23.200
17.721
38.841
45.703
24.801
30.023
38.981
24.918
33.436
22.595
6.089
46.758
56.200
31.813
43.264
40.952
31.974
35.517
55.764
11.339
24.817
50.531
48.154
36.183
19.713
54.648
43.519
24.539
58.560
39.171
51.708
49.199
58.352
43.686
46.473
57.296
32.945
30.682
29.800
50.016
43.394
34.309
60.065
53.205
40.446
52.410
33.624
28.755
16.557
10.028
23.541
31.288
42.198
21.091
40.014
49.786
30.471
40.321
42.761
28.718
55.022
35.128
13.838
39.906
50.003
20.709
40.215
10.674
15.612
24.203
28.274
24.663
16.396
49.570
23.292
26.910
34.392
17.564
32.608
56.569
15.903
53.758
25.152
22.430
46.107
39.091
29.916
39.443
23.796
32.808
43.071
33.951
37.538
43.544
30.741
40.907
45.589
58.989
34.065
43.442
26.472
14.889
55.709
49.346
46.740
56.871
37.801
58.717
51.595
38.829
26.530
29.188
35.760
15.942
47.408
49.881
53.273
29.084
25.800
30.699
16.203
23.936
27.099
43.241
40.551
30.949
49.169
46.182
57.494
19.356
16.302
45.266
53.659
37.237
45.073
19.377
44.590
28.805
39.912
45.366
34.891
56.891
32.220
31.481
33.456
51.950
38.319
47.635
26.358
27.053
46.573
49.324
44.750
43.779
45.171
35.622
52.971
28.567
51.978
31.969
53.825
30.918
45.056
41.877
44.436
54.893
23.756
29.965
17.305
30.985
44.550
56.061
13.453
45.707
29.984
41.409
24.008
37.761
41.453
57.184
27.798
10.281
27.599
35.334
53.671
48.638
44.880
14.355
55.338
54.493
20.166
23.733
43.198
35.666
51.951
51.938
43.682
31.101
33.661
30.217
19.050
34.527
14.631
40.250
25.108
31.421
30.610
34.055
54.670
56.148
31.691
42.567
32.161
42.528
49.160
37.084
45.094
34.411
19.587
51.563
13.264
47.428
59.076
19.996
39.928
37.552
20.697
27.828
13.888
58.734
15.322
16.621
40.426
23.271
33.948
39.579
30.054
35.646
50.883
37.460
44.061
23.163
41.250
34.213
35.327
25.090
10.353
49.609
59.226
12.122
24.083
37.753
42.278
14.939
49.436
57.136
43.515
46.933
47.309
42.166
38.180
42.155
43.092
28.266
36.288
48.876
35.260
51.010
46.537
57.221
51.552
34.245
34.007
15.829
49.506
42.945
58.747
35.367
17.377
44.395
39.799
30.964
38.625
38.182
16.720
44.278
35.490
53.482
37.927
49.673
34.364
25.058
32.263
44.444
29.805
58.486
49.258
28.996
53.992
40.175
47.999
33.142
37.576
27.501
14.433
47.008
46.104
22.174
50.255
19.237
9.618
49.991
59.276
8.225
41.565
55.344
33.412
21.080
27.908
47.371
38.641
49.199
34.766
45.410
25.345
43.079
33.006
29.045
41.987
24.311
35.256
42.896
33.527
46.116
55.726
26.503
21.964
55.394
21.110
54.960
25.483
49.318
42.206
36.991
28.902
12.182
23.714
23.351
57.953
60.905
42.877
49.651
38.346
12.376
28.993
27.732
53.867
28.122
17.435
21.774
21.345
25.106
54.431
33.927
52.603
41.394
52.368
30.458
42.693
36.292
49.562
42.274
59.108
47.680
37.383
43.421
39.936
32.234
31.531
39.050
28.729
34.779
42.904
51.420
47.798
40.062
38.055
45.061
36.614
22.765
43.358
35.187
34.351
33.657
34.015
33.519
40.699
42.023
24.501
43.809
27.718
26.781
19.919
34.196
45.320
9.994
42.208
13.838
37.967
36.889
55.076
20.187
32.548
32.294
40.506
10.983
31.837
41.162
44.217
37.393
53.509
38.048
41.049
23.025
42.791
52.932
48.358
32.783
49.230
41.813
31.368
38.664
25.181
24.495
44.595
30.851
35.387
20.996
34.802
33.326
31.553
33.770
5.163
44.324
51.170
51.622
37.369
48.837
58.526
40.685
33.486
55.231
40.241
58.101
14.088
48.899
53.802
30.443
21.615
55.171
35.071
42.964
46.244
32.171
54.125
52.891
41.932
24.989
33.970
12.799
32.255
53.977
28.308
30.568
12.201
17.259
23.701
51.748
49.182
18.371
31.107
9.989
40.156
33.476
39.258
18.733
54.699
47.114
33.078
37.527
13.100
52.299
52.903
51.950
57.893
6.719
58.664
18.245
7.589
41.740
16.015
29.971
50.237
36.257
58.515
40.376
24.387
34.319
47.042
56.318
47.514
35.077
56.441
58.061
56.027
30.674
46.429
28.858
58.967
24.037
56.919
52.543
28.965
47.969
52.202
45.137
50.768
58.742
31.421
51.159
36.904
53.542
14.538
41.452
22.977
47.529
40.369
50.049
32.075
43.372
36.992
55.681
51.955
10.335
30.984
36.894
37.561
35.028
52.616
54.936
48.874
53.065
56.358
44.250
44.604
31.043
38.289
60.796
44.332
56.518
47.438
31.516
60.484
35.540
32.752
38.434
51.057
51.166
38.625
34.715
33.633
45.192
45.171
53.380
51.280
55.747
48.113
51.096
26.033
42.117
48.151
32.916
48.870
47.020
42.644
50.953
34.115
38.661
43.634
45.941
49.160
43.656
35.198
43.281
43.093
33.865
45.780
23.019
51.281
29.599
29.089
49.658
52.242
41.322
9.251
57.021
17.562
13.074
20.326
51.974
47.587
39.754
45.318
30.473
51.500
43.461
39.360
46.777
48.258
35.858
43.039
43.806
52.827
44.255
23.311
39.892
26.711
26.903
25.687
41.203
42.919
11.039
8.977
46.420
17.741
6.577
10.014
30.892
36.818
11.663
40.200
7.523
41.229
23.992
30.952
24.031
20.723
51.496
53.383
50.415
56.987
21.367
45.326
43.952
32.399
41.706
37.380
37.254
49.177
34.042
42.969
42.566
32.953
24.312
21.560
58.383
60.145
28.098
20.185
57.333
52.188
53.066
35.349
18.348
52.153
27.197
31.999
38.657
38.904
16.105
25.810
24.904
31.592
13.967
47.361
22.366
25.864
42.122
26.797
8.598
17.743
16.638
60.451
34.631
20.859
38.751
25.745
22.543
47.044
44.697
35.090
35.654
35.557
45.962
31.601
46.225
14.510
26.284
42.542
25.776
55.341
47.366
31.363
44.429
42.096
42.638
53.798
29.396
31.146
8.811
44.842
14.214
47.881
52.025
44.197
11.773
59.666
24.878
38.445
58.904
44.983
44.695
56.731
58.111
37.182
49.867
27.251
46.164
41.646
45.209
49.044
39.165
39.650
36.969
50.723
43.364
46.631
41.463
36.136
26.428
53.000
55.785
27.697
25.416
33.588
48.054
43.844
44.785
35.553
41.943
49.218
44.186
52.880
24.751
60.424
59.730
25.022
49.050
15.567
38.888
25.869
36.771
42.288
56.984
51.580
55.469
39.038
49.370
15.209
44.343
44.890
47.031
53.530
22.485
3.550
28.107
36.572
23.520
51.092
40.730
39.573
52.451
42.690
39.941
54.169
43.549
28.891
12.035
34.096
42.146
41.977
45.512
33.808
37.719
28.548
39.726
22.253
27.840
35.094
32.899
45.024
51.798
58.873
55.789
25.996
28.331
36.429
23.623
37.224
49.066
22.811
45.401
54.312
53.258
56.333
18.903
21.479
59.082
46.437
39.229
14.395
52.997
54.179
50.928
56.089
39.514
60.453
37.301
21.006
26.205
28.147
51.934
39.859
49.292
43.674
17.433
44.202
38.579
19.238
54.157
27.483
44.040
38.681
43.857
43.028
42.665
47.444
35.397
26.886
51.647
35.227
43.296
28.442
34.942
47.379
21.087
30.171
18.950
47.832
53.302
41.668
46.611
34.187
42.688
29.681
16.202
46.447
39.619
27.289
41.673
50.335
54.011
27.015
18.917
45.059
17.091
44.940
35.012
45.313
40.516
40.382
32.128
34.886
19.103
56.944
47.189
23.303
13.864
22.656
12.169
50.724
50.146
38.243
40.732
56.389
23.877
47.815
46.117
51.964
31.010
19.553
31.486
9.809
18.709
52.675
42.846
47.397
49.568
43.276
21.980
28.655
59.329
22.692
32.399
53.074
57.611
55.604
32.557
27.505
48.202
47.021
32.114
39.548
45.463
26.733
46.347
31.341
57.618
59.757
59.433
56.946
25.049
30.702
36.322
52.222
40.966
44.966
41.095
49.574
40.164
39.575
45.271
38.408
27.683
52.309
48.349
47.959
27.564
29.511
42.230
40.856
36.860
46.252
40.146
32.555
43.862
21.552
48.169
24.535
17.085
27.447
21.272
16.078
19.504
25.028
23.486
47.783
31.492
36.672
49.436
45.740
12.909
28.981
46.995
29.126
24.041
48.531
44.730
24.325
32.935
21.096
56.094
39.706
21.201
38.455
39.000
50.943
58.759
44.505
34.285
37.777
52.415
45.808
50.675
48.237
37.903
41.104
48.127
36.290
54.377
44.694
35.988
43.421
40.539
52.263
27.443
51.897
55.327
58.385
37.435
39.627
40.823
49.009
46.574
36.108
23.273
36.266
52.464
15.400
25.692
17.472
47.234
35.341
37.038
33.823
23.449
29.400
52.159
20.497
40.157
36.211
29.808
51.466
55.606
32.714
39.958
21.256
39.335
48.932
22.152
28.151
44.421
29.496
21.799
37.357
38.395
29.115
53.634
38.368
45.644
36.628
54.052
55.797
55.447
54.223
25.943
40.213
55.962
34.030
51.910
50.425
43.796
51.436
50.584
42.294
47.963
51.287
40.503
45.892
58.884
29.579
33.750
50.958
41.142
59.621
33.153
58.593
38.153
41.790
56.139
49.655
33.509
46.597
48.779
45.002
38.467
54.622
35.718
39.394
33.059
36.524
38.588
35.261
47.950
22.878
51.087
24.064
20.664
32.491
14.501
58.159
23.260
58.756
20.430
49.538
44.290
37.387
36.622
25.034
50.873
48.074
38.412
41.080
39.985
52.849
43.782
42.989
20.671
43.565
58.323
52.971
42.686
46.076
23.955
53.557
27.523
38.285
27.336
34.613
42.139
21.897
43.169
58.159
39.085
41.743
33.196
53.506
54.730
45.706
24.363
39.589
40.457
46.745
40.980
24.795
25.470
15.536
18.503
9.436
37.675
53.952
26.909
32.761
46.753
23.962
43.852
31.486
36.594
45.992
54.627
40.451
34.428
42.441
44.596
44.977
39.014
37.960
54.480
44.236
35.823
39.961
53.147
42.796
36.528
34.525
43.709
60.423
38.855
31.384
52.637
54.190
51.104
55.756
52.043
45.690
56.431
28.347
36.272
51.982
50.240
6.354
28.712
8.845
43.658
27.714
7.491
11.334
44.464
48.287
37.050
52.040
37.245
56.150
47.950
41.235
48.349
29.249
31.409
27.368
43.457
44.616
29.366
30.356
37.656
44.635
47.860
29.729
35.058
30.625
33.702
40.718
45.166
44.147
57.627
48.330
42.657
58.904
48.709
50.163
39.724
51.594
46.441
55.723
48.998
48.059
51.049
48.901
57.120
41.704
25.154
34.973
37.862
49.326
45.310
56.672
40.241
57.318
51.173
27.753
50.321
45.702
53.593
44.736
20.428
45.626
46.994
30.274
41.065
45.471
56.059
6.826
21.415
25.763
39.401
16.960
9.096
43.401
19.032
20.465
26.906
43.670
33.763
31.443
40.942
35.283
27.046
23.672
27.917
59.754
59.540
48.033
24.623
23.420
21.973
26.590
32.411
26.729
31.025
39.388
56.983
49.748
19.987
44.888
45.838
16.417
55.585
49.316
56.555
30.780
59.815
51.584
36.978
31.856
59.363
54.423
45.929
60.198
42.377
61.051
52.899
57.348
19.644
53.195
54.223
51.587
18.700
53.008
53.081
56.720
35.307
50.242
44.588
39.873
47.168
55.072
23.949
38.650
11.798
43.608
26.302
30.502
50.731
22.114
47.926
28.430
21.953
51.198
23.721
28.044
47.936
25.088
51.187
45.500
27.504
45.987
45.899
29.554
32.475
38.849
32.929
29.454
39.645
43.965
39.888
52.441
59.945
51.644
51.147
55.764
48.926
60.401
60.083
49.247
35.918
33.277
50.141
30.085
51.196
47.433
46.803
28.520
52.214
55.971
49.198
54.441
31.582
15.111
45.022
11.352
20.645
23.352
25.712
41.738
31.224
23.546
44.671
26.557
47.928
26.835
27.185
14.708
34.606
40.021
39.850
48.480
56.062
56.026
20.427
54.688
59.779
53.976
20.446
60.169
28.993
35.080
28.763
46.015
48.644
59.041
58.830
51.483
32.920
55.163
36.708
42.117
53.824
53.976
46.069
29.657
45.100
51.054
55.068
41.661
41.056
37.911
49.412
59.708
46.057
41.973
42.429
32.353
22.599
41.721
49.447
46.356
34.243
18.452
51.578
26.232
28.940
25.587
27.141
21.199
48.614
5.358
46.273
40.743
16.140
62.124
33.173
23.573
30.822
37.681
43.129
58.286
21.026
25.025
49.509
33.958
41.185
58.562
33.213
54.029
50.614
45.255
46.394
46.612
45.678
58.798
42.884
45.422
38.668
35.854
23.594
38.605
33.810
39.138
48.165
40.829
31.251
40.801
1.794
47.115
49.284
40.479
40.018
42.205
12.332
25.092
33.424
19.532
8.793
12.976
34.257
29.167
57.092
46.250
30.086
56.633
36.654
45.273
38.698
41.082
43.580
32.996
47.825
37.650
44.782
27.746
27.094
25.545
58.135
58.229
54.712
27.557
56.798
56.045
49.571
46.549
31.765
44.654
53.565
50.748
38.994
9.527
57.131
45.839
33.540
35.627
44.067
48.053
38.941
49.265
44.705
15.844
60.725
33.362
16.980
58.250
55.570
55.437
22.958
19.565
41.962
27.812
26.365
57.225
32.427
37.879
31.339
50.658
53.999
39.111
52.469
20.278
19.552
18.817
13.861
32.722
36.372
49.534
60.696
55.367
33.714
45.253
36.454
54.968
33.962
28.065
57.981
54.516
50.312
9.504
54.135
49.144
37.729
44.012
24.029
27.661
26.489
25.249
60.138
18.995
34.949
35.871
35.239
24.923
35.151
46.641
38.402
44.258
37.445
45.486
60.640
53.980
53.554
35.299
56.224
44.596
41.071
52.620
53.867
53.304
40.972
51.312
35.691
22.427
50.429
55.252
55.326
53.365
13.647
22.508
26.328
24.482
42.278
40.686
45.407
51.968
42.412
44.125
45.224
30.467
42.002
43.448
37.390
49.380
56.973
53.989
44.899
48.516
43.513
59.462
50.381
54.686
42.059
31.079
44.139
35.602
30.065
56.292
57.419
43.277
49.004
54.641
52.168
39.563
25.607
52.642
23.027
24.812
39.427
55.324
21.738
16.291
24.144
43.267
21.074
29.639
25.679
26.757
52.574
42.061
40.135
49.164
59.251
49.505
35.578
26.387
43.568
24.961
54.883
50.763
37.252
32.650
43.127
50.307
53.816
50.089
43.075
52.150
46.339
51.191
47.754
54.355
39.373
56.389
23.589
49.259
23.524
19.460
30.952
17.473
44.753
21.645
23.484
37.676
44.437
57.127
56.388
59.209
36.582
57.212
59.168
18.401
20.467
59.694
56.656
48.109
52.572
52.807
11.564
51.013
12.609
55.412
24.020
55.262
57.196
39.121
44.323
38.374
34.038
45.685
37.818
54.421
55.129
27.440
39.745
42.562
49.646
36.504
31.122
58.951
34.328
53.799
39.149
48.430
40.433
35.094
34.259
53.281
49.515
33.456
45.063
44.069
14.279
43.345
52.624
59.472
54.541
45.869
59.770
38.555
46.718
21.852
16.212
26.980
10.907
23.797
25.617
31.081
37.660
29.511
18.514
19.872
18.030
58.972
20.986
31.681
43.612
57.909
36.805
11.988
7.174
45.303
45.737
29.853
47.351
35.114
35.317
24.183
59.169
54.048
44.006
39.502
36.068
31.697
48.807
51.064
37.279
19.044
31.093
15.846
26.147
43.229
39.614
28.592
36.863
24.553
47.549
18.118
47.532
49.285
30.811
44.596
37.155
26.016
25.292
52.851
41.799
57.163
39.594
54.554
45.745
55.607
29.715
32.249
41.565
52.913
34.138
53.313
47.913
22.295
13.916
26.896
51.965
54.701
36.173
27.331
30.982
33.344
39.892
20.490
41.290
56.547
38.065
50.010
39.078
48.145
55.535
23.314
44.975
43.139
44.453
44.334
51.203
14.453
26.187
57.492
35.489
47.904
23.807
47.503
51.545
46.024
41.598
47.627
55.782
25.384
8.473
42.138
57.919
25.729
38.267
51.464
16.348
14.560
49.636
56.219
54.530
44.530
42.849
59.806
55.737
50.453
56.716
59.298
41.850
26.099
35.175
15.523
55.331
25.096
42.769
9.384
11.401
48.699
47.273
49.529
29.967
45.401
33.195
40.536
34.022
35.626
32.989
44.491
4.929
31.292
35.041
14.215
28.893
14.584
58.182
20.953
24.981
30.562
17.317
24.412
19.972
58.443
21.085
37.376
25.907
61.085
19.064
38.569
37.420
40.763
27.795
39.446
41.412
34.616
12.004
17.826
51.055
43.019
14.669
21.279
46.901
59.995
39.214
37.988
26.246
31.242
53.931
24.223
53.138
30.460
55.513
30.340
50.938
31.501
41.040
37.615
50.460
16.109
61.404
17.975
33.955
39.673
33.128
45.041
54.213
32.091
52.494
28.645
56.054
8.307
14.503
39.244
17.359
17.078
31.487
12.669
55.987
57.636
27.074
17.392
31.696
41.640
25.734
49.030
54.047
34.537
15.801
56.229
28.689
31.815
56.352
28.325
21.244
42.042
37.837
33.956
25.550
52.993
38.618
7.781
27.544
15.574
45.247
50.066
25.119
33.363
36.866
13.305
16.600
20.182
58.189
53.251
22.422
35.973
42.279
32.841
40.991
46.465
45.909
44.003
39.520
41.905
51.444
49.909
37.486
49.386
19.342
28.806
23.043
41.539
38.495
43.469
39.657
25.749
9.840
54.342
40.764
34.831
36.922
50.047
45.289
45.955
55.669
57.105
51.497
38.902
48.973
53.395
43.015
46.794
54.542
13.962
35.407
46.569
10.165
57.483
30.005
14.440
36.402
30.399
42.029
57.383
29.886
20.935
58.113
59.019
55.062
52.159
51.860
41.541
59.617
58.853
57.798
48.453
28.793
28.369
55.069
37.143
16.583
42.301
45.165
34.320
42.603
58.996
40.228
21.088
45.113
46.492
49.307
49.774
44.079
57.546
43.115
39.815
43.797
45.179
43.730
22.276
45.701
34.592
33.351
9.669
16.231
13.998
10.653
24.082
37.729
41.950
33.559
24.132
32.954
8.555
11.421
13.494
7.181
12.772
37.648
37.185
47.440
40.591
49.128
13.995
13.209
21.113
26.767
54.121
52.074
28.474
27.177
11.103
34.626
10.901
46.816
34.988
41.959
7.944
40.296
59.898
44.011
35.209
35.153
33.173
38.405
42.127
29.393
47.290
35.627
26.009
33.650
29.025
57.659
26.425
14.694
26.291
52.184
38.294
15.516
30.927
44.486
38.203
34.482
23.581
52.649
38.309
28.664
10.054
22.183
13.757
28.803
49.478
37.572
47.592
38.553
45.386
41.134
13.723
47.912
37.247
53.387
55.438
46.124
51.471
22.463
25.923
37.125
46.439
48.158
36.681
47.631
52.249
51.423
55.597
37.037
36.186
38.183
53.591
49.180
49.439
52.514
55.105
42.732
59.180
50.218
45.522
46.448
44.902
39.794
57.446
50.131
49.788
40.356
41.016
28.184
50.500
46.083
10.449
10.065
46.702
16.807
33.064
16.213
33.530
18.137
13.148
55.020
8.369
46.092
55.462
46.624
9.130
11.814
49.980
50.271
17.775
29.546
28.615
27.294
31.901
47.821
57.937
15.894
30.129
35.158
27.156
44.723
38.866
46.654
29.910
45.774
32.830
37.002
30.595
33.867
30.350
37.907
41.748
10.785
45.363
12.006
42.849
39.459
41.720
58.033
44.195
53.828
17.536
33.741
50.429
50.982
51.320
56.282
55.330
44.927
31.169
28.732
33.489
20.509
59.366
35.831
56.527
15.980
24.997
22.509
20.673
18.889
28.848
28.581
22.087
10.627
45.402
17.212
45.293
8.303
20.687
29.411
47.292
15.062
32.514
50.361
49.428
22.581
41.796
27.190
55.676
46.134
19.183
32.110
24.640
24.290
24.420
32.299
56.043
59.846
55.576
7.003
19.028
21.174
25.084
30.930
17.365
2.918
16.293
30.724
12.457
40.604
17.917
12.365
17.607
16.071
48.877
59.302
18.290
60.116
17.690
28.889
56.535
16.232
17.356
22.285
22.414
10.007
47.043
31.716
26.664
13.824
26.453
32.681
5.984
43.695
30.598
53.628
23.871
30.488
26.447
35.402
58.379
20.428
21.004
4.997
33.610
38.392
37.116
27.322
61.032
44.071
36.696
56.882
26.670
39.459
27.853
48.926
26.841
43.481
43.947
49.015
32.989
58.864
58.693
49.481
55.142
34.261
27.690
38.008
53.819
52.195
57.862
44.458
37.758
38.626
34.755
53.569
50.364
50.504
45.024
52.521
33.380
24.482
6.244
36.725
21.114
26.888
25.559
43.954
57.080
56.480
53.262
53.271
34.661
56.939
39.641
16.169
28.113
31.867
45.131
57.273
44.709
49.496
56.438
48.347
47.000
26.250
41.688
56.943
6.557
25.429
28.751
25.338
26.774
57.334
27.888
6.301
18.990
22.108
9.281
55.624
9.274
40.204
12.922
44.881
24.688
3.928
20.161
53.518
6.824
22.141
54.151
28.099
9.736
25.130
55.985
29.531
25.477
21.660
51.847
29.062
17.825
51.569
31.475
60.509
9.540
51.527
34.511
36.116
26.308
48.899
45.917
45.790
21.836
22.251
30.622
59.023
49.567
9.750
48.000
52.421
27.856
51.967
52.345
30.952
40.675
45.602
50.011
53.134
12.188
13.011
48.348
53.313
29.189
13.554
29.240
54.087
17.186
56.580
58.685
50.970
9.770
39.474
37.899
54.110
57.254
57.242
59.434
58.222
56.005
48.615
34.418
24.526
47.650
18.590
6.039
22.536
35.575
32.661
42.576
20.293
6.693
33.688
59.119
20.468
44.890
24.256
52.769
32.424
16.172
41.679
19.014
49.371
12.166
22.170
16.477
17.524
13.708
30.418
20.724
38.289
48.450
31.709
12.434
8.430
22.359
49.964
11.243
35.281
15.069
12.315
16.584
6.821
9.898
12.371
9.630
15.186
58.767
29.392
31.558
24.593
54.170
40.477
6.970
15.382
12.290
25.174
48.443
26.953
51.983
35.716
9.276
12.705
44.663
4.625
57.486
7.279
9.516
52.760
29.817
53.580
48.974
42.116
33.655
41.746
35.071
35.850
42.784
47.132
42.280
58.789
50.590
58.004
50.031
57.821
56.172
54.266
48.315
37.448
44.284
28.355
26.171
42.920
45.376
48.712
42.574
36.830
45.471
35.133
44.375
36.580
49.187
49.566
37.430
25.473
20.336
54.950
29.223
44.835
27.033
35.122
15.411
31.776
18.495
18.059
44.219
6.697
7.853
10.171
27.108
47.284
20.804
22.042
39.926
46.921
46.856
16.223
17.786
33.193
15.253
55.811
36.879
41.917
19.753
58.013
42.793
25.409
24.335
58.030
14.166
19.171
34.685
11.328
28.108
28.862
33.955
36.505
25.317
45.204
39.286
22.695
40.034
56.144
43.233
28.964
17.400
35.151
42.179
33.197
25.481
20.494
27.107
8.504
12.766
59.123
14.557
31.308
40.811
53.206
44.405
33.572
58.321
48.208
60.421
47.072
58.365
54.739
50.881
7.263
23.117
14.092
26.138
40.067
31.384
23.173
50.732
19.377
17.438
33.976
9.449
29.497
15.441
17.317
45.270
9.835
27.741
56.223
32.798
40.933
35.283
34.130
49.600
31.193
45.697
33.872
44.083
28.802
18.902
22.097
11.676
33.381
15.339
30.009
13.450
6.992
45.272
22.504
8.566
25.645
17.514
25.840
47.480
30.388
21.002
52.199
45.954
29.405
21.845
37.078
43.863
10.016
38.858
45.904
18.955
54.805
24.779
6.701
51.999
56.878
39.453
58.485
21.959
36.143
25.846
37.855
28.190
23.470
21.637
37.499
33.922
26.809
53.685
45.413
30.523
34.995
38.717
28.198
42.281
42.077
55.413
27.177
21.196
31.537
50.301
47.118
50.939
49.239
35.674
49.746
42.153
38.263
40.669
38.783
10.170
23.277
19.309
29.565
43.205
32.633
25.567
53.620
23.307
20.783
38.139
14.588
8.069
28.318
29.188
17.773
8.109
47.233
11.275
2.019
38.992
48.599
18.899
20.650
48.549
30.314
25.257
19.173
21.195
11.306
29.806
5.361
59.342
48.795
16.168
20.367
10.245
17.480
59.960
47.736
37.848
16.621
57.378
21.676
21.919
43.206
40.207
39.312
31.190
48.052
50.665
53.830
49.243
48.023
49.629
57.287
52.148
41.821
46.619
37.884
49.370
46.877
40.459
39.531
35.940
49.215
28.271
39.197
44.799
22.151
34.090
39.630
28.979
23.173
16.041
55.409
13.292
16.733
51.438
53.710
52.072
51.119
41.798
47.491
48.865
46.931
40.504
50.142
43.791
34.391
28.661
18.046
14.398
27.141
13.083
8.710
41.578
42.655
24.713
20.507
41.676
46.382
20.004
34.893
27.300
38.623
44.516
16.750
54.481
6.973
40.835
23.277
29.228
8.840
17.717
23.796
51.209
5.486
49.961
42.075
30.006
7.098
27.199
24.948
26.920
38.162
27.433
22.956
26.698
20.069
39.194
17.485
44.316
25.542
34.942
38.216
50.603
21.351
21.848
16.709
18.611
33.084
46.511
31.630
41.008
48.691
42.358
51.839
51.068
42.498
36.830
23.994
53.960
18.494
41.644
34.943
61.890
41.230
12.795
19.892
42.270
3.704
43.890
37.487
19.502
41.955
17.518
12.175
26.361
24.608
46.658
23.441
44.471
5.708
27.127
41.032
22.649
43.003
29.347
13.624
44.336
26.721
15.122
26.148
23.860
15.458
14.681
33.982
49.194
20.014
32.776
57.228
21.188
46.075
43.452
38.636
29.184
43.908
55.448
38.623
53.431
50.926
18.316
43.057
40.227
35.786
30.576
16.053
7.795
44.825
47.256
33.660
6.023
29.004
46.565
58.104
50.662
51.299
39.468
51.562
37.045
57.995
54.482
59.021
44.715
18.943
34.546
25.226
49.827
20.149
31.224
35.201
8.287
47.682
11.875
35.255
29.618
25.245
37.588
29.413
11.902
33.263
41.853
34.553
30.391
33.127
33.514
15.548
25.547
26.299
52.432
33.784
26.272
51.607
29.073
37.373
59.450
27.758
45.760
45.542
51.524
44.039
26.984
33.216
47.465
42.470
36.066
38.393
32.381
38.661
12.969
33.735
39.626
18.507
4.434
39.335
11.698
15.110
49.434
9.529
14.811
11.242
7.900
21.130
21.906
55.351
29.724
25.494
27.855
15.797
16.829
18.853
14.525
39.976
57.669
59.195
16.706
56.608
56.620
52.523
34.327
54.470
41.193
27.898
58.497
39.328
23.055
47.161
43.900
27.434
40.046
51.650
47.462
35.263
45.983
51.119
54.955
53.947
52.962
37.259
41.116
44.468
50.321
37.010
52.592
52.576
51.532
38.992
45.884
60.136
29.506
40.780
33.303
45.676
58.379
32.817
42.009
52.173
46.657
52.548
57.373
41.616
48.196
42.357
51.463
34.175
43.257
45.682
51.912
25.334
28.560
32.583
45.432
31.212
27.858
22.138
49.304
27.600
27.737
33.900
43.562
43.971
49.137
43.395
16.510
41.836
15.748
30.384
42.356
7.502
26.724
18.182
46.502
10.959
28.913
16.228
45.510
48.447
28.108
51.663
7.725
28.915
13.655
37.343
41.281
6.371
23.359
22.391
8.106
46.592
19.588
7.785
10.276
3.077
28.819
52.379
26.126
21.608
20.604
32.555
32.322
37.204
24.348
47.585
14.660
38.053
52.726
29.590
42.835
5.141
22.678
23.015
28.782
26.519
47.958
19.661
7.481
47.830
29.283
34.014
4.154
4.381
55.722
7.164
52.752
18.655
58.093
53.132
24.093
47.960
55.411
60.272
40.954
11.463
33.789
27.292
29.929
41.216
12.683
30.337
31.825
30.385
46.639
38.056
28.321
18.264
58.281
41.360
36.910
41.793
36.722
43.113
41.605
25.036
32.729
46.220
42.345
46.741
29.254
32.494
9.487
6.702
31.866
26.706
53.315
30.883
23.401
42.370
42.381
33.053
48.213
48.262
50.829
52.450
40.018
46.012
47.745
48.902
31.841
44.909
50.240
23.547
38.135
14.280
53.226
36.533
32.245
15.214
54.941
22.659
26.881
61.418
21.088
52.958
29.487
36.500
41.939
26.451
16.232
36.119
34.330
36.830
41.621
35.304
46.668
48.299
37.372
43.595
53.366
53.533
12.752
34.785
45.740
14.791
51.740
30.934
50.079
33.405
20.338
22.375
38.967
9.660
16.538
6.193
31.529
21.286
33.951
45.304
45.252
23.208
35.661
21.550
22.746
55.680
32.636
43.647
19.053
48.387
45.046
34.422
8.978
21.447
46.871
15.194
47.438
22.558
43.723
29.454
17.439
51.269
19.980
17.446
48.268
13.998
16.799
34.178
15.591
34.721
55.376
25.499
38.904
32.406
55.436
35.858
34.531
54.466
22.853
50.296
44.032
42.832
48.046
13.995
46.145
14.191
38.303
52.074
23.624
42.072
37.004
47.916
37.171
48.265
59.251
14.245
47.271
9.540
40.042
44.116
45.793
37.489
46.748
47.356
19.083
48.956
55.379
30.384
36.065
26.468
38.008
47.837
19.594
50.002
41.025
48.572
40.914
50.165
19.019
24.816
43.299
37.807
36.529
56.059
48.592
48.713
50.037
44.969
25.038
50.660
23.309
53.053
48.097
43.040
38.240
20.393
20.375
30.132
38.546
30.595
39.934
23.632
16.415
31.106
35.877
13.532
13.974
16.390
6.142
56.522
28.378
47.594
37.967
16.883
46.313
36.304
11.945
35.627
46.013
29.098
46.031
26.832
46.837
59.887
44.846
32.984
25.193
34.377
28.730
18.903
37.838
38.498
22.713
37.677
45.602
42.373
27.345
30.145
45.642
38.470
54.123
36.341
34.114
25.672
19.634
26.638
24.145
38.799
56.161
17.874
19.340
13.120
43.156
55.771
30.306
31.973
27.270
28.700
43.467
32.928
38.028
21.795
29.172
35.046
33.750
43.490
47.188
45.450
56.160
35.230
18.067
32.249
46.771
26.759
42.702
40.016
31.243
45.281
33.130
41.003
30.125
44.332
48.386
30.628
52.774
33.807
35.707
46.328
54.890
25.584
15.934
40.062
52.871
19.963
43.945
15.400
24.423
8.507
22.880
35.202
38.773
45.521
21.609
27.330
30.412
37.896
25.387
15.461
15.443
49.358
33.516
31.229
45.717
16.999
7.529
24.187
35.994
25.696
34.422
47.044
56.223
52.363
21.120
60.058
56.250
58.819
55.470
33.659
57.510
49.843
13.416
15.077
40.516
53.514
44.796
51.278
54.002
54.177
55.180
52.071
40.182
40.631
29.649
40.242
24.477
56.182
46.219
52.948
44.457
38.690
50.167
51.414
42.890
36.596
32.525
25.154
17.306
55.369
16.958
23.570
40.549
28.528
14.175
23.189
42.298
46.569
27.072
26.649
54.843
39.512
58.340
30.814
39.757
43.064
23.492
50.679
48.136
46.056
50.818
49.849
24.401
47.636
29.711
58.435
34.864
52.879
47.089
16.071
26.081
38.058
49.350
52.069
47.884
32.783
36.178
10.752
31.237
30.298
44.242
51.763
41.928
30.387
41.160
35.766
29.636
38.275
58.910
41.944
44.558
47.628
24.750
29.348
15.019
21.760
54.284
47.713
49.353
37.765
18.417
37.833
43.193
13.962
21.318
38.179
41.355
34.645
36.677
49.600
40.044
29.671
35.330
52.521
33.985
29.767
30.250
13.714
36.944
16.580
14.845
30.523
40.252
43.923
56.182
40.351
33.886
49.112
37.765
52.322
55.186
43.793
46.084
39.211
13.960
44.282
24.564
20.017
17.689
41.135
18.658
48.183
17.025
9.048
43.326
19.440
17.699
10.241
49.309
13.068
31.720
38.317
8.036
34.934
50.326
35.129
38.082
14.101
26.520
6.510
3.534
47.006
12.879
54.883
46.142
41.761
38.808
14.890
25.581
38.617
33.028
30.918
46.221
33.920
47.342
33.645
25.856
30.504
25.862
28.234
49.701
38.238
18.407
36.832
12.717
41.376
35.659
27.935
33.902
37.496
37.343
33.164
18.850
49.928
55.282
8.968
29.949
17.056
45.462
11.059
24.762
15.797
11.345
42.642
35.530
39.460
33.604
48.635
17.767
54.160
40.973
41.855
45.620
45.473
27.211
16.359
46.053
46.886
15.868
40.051
16.522
36.565
43.576
49.855
13.468
55.221
33.240
58.578
43.312
22.814
52.612
47.146
53.167
56.226
47.291
21.676
38.828
36.903
11.228
35.998
50.330
35.883
13.716
14.327
35.764
47.436
6.228
12.296
24.180
33.961
46.597
24.878
29.247
33.482
38.147
40.662
40.874
30.833
7.056
26.226
22.682
38.506
53.208
53.456
17.573
18.742
11.188
39.325
32.351
39.690
45.945
49.781
16.264
30.314
13.243
35.894
51.251
22.880
30.507
14.737
27.309
53.593
60.265
46.339
54.039
41.294
36.084
41.767
40.283
33.971
53.655
45.349
48.602
33.247
23.093
52.471
49.450
39.660
42.881
8.773
28.686
37.518
35.557
41.653
34.668
41.408
42.131
32.876
36.584
33.242
31.171
33.777
38.706
41.598
50.731
46.772
35.302
41.866
51.460
39.430
31.870
54.963
49.529
44.511
14.080
48.747
49.704
20.902
43.528
58.570
29.294
48.525
38.788
14.093
29.025
43.079
54.099
46.357
28.147
20.591
28.268
14.535
22.915
46.501
34.811
47.089
9.461
47.003
20.876
31.695
27.092
36.574
34.047
57.666
44.230
12.514
35.461
41.800
36.842
44.164
41.704
48.529
50.958
53.260
38.259
37.018
12.971
60.045
34.719
13.166
23.080
40.463
31.223
35.781
51.513
38.124
39.433
41.869
44.961
25.943
49.663
35.362
34.625
27.451
47.379
59.850
58.433
53.750
32.025
50.314
40.800
50.343
39.829
28.560
46.695
46.632
26.321
36.052
45.754
24.883
52.521
48.770
21.050
43.952
52.030
59.788
39.753
33.340
45.563
41.874
49.767
21.805
16.898
22.242
27.101
58.101
32.389
49.853
35.931
45.882
42.716
21.715
34.591
55.711
12.442
15.467
54.585
39.185
36.399
35.304
41.426
23.941
35.113
26.139
32.817
38.619
59.426
35.264
11.331
26.740
10.728
56.265
41.096
50.065
41.481
32.705
43.257
33.181
39.957
30.716
56.617
51.770
54.921
51.367
45.352
53.898
13.108
49.233
5.943
51.880
58.170
28.667
48.217
40.576
34.395
37.251
38.384
39.776
23.148
55.772
17.288
56.936
47.635
27.685
44.153
54.084
51.852
43.148
30.662
54.991
33.532
50.775
49.237
19.213
36.675
43.937
13.117
28.899
35.628
14.652
50.356
52.739
15.585
9.022
52.238
39.462
20.955
47.546
27.602
19.359
30.461
21.560
6.389
40.915
13.175
22.504
9.927
31.736
32.636
34.345
45.525
33.853
54.046
41.937
50.133
30.680
41.850
60.008
35.677
38.445
51.782
41.041
43.069
39.719
17.238
54.225
44.748
52.950
34.935
38.863
48.087
34.934
40.959
27.917
53.101
47.555
23.565
54.053
40.199
31.961
34.652
43.091
48.586
44.530
19.011
10.432
45.694
35.592
24.067
37.899
24.850
28.953
17.972
44.611
23.586
20.994
29.500
43.071
33.002
26.421
30.173
56.272
35.572
51.319
57.373
54.678
37.521
34.427
44.489
48.971
19.741
39.602
54.426
9.669
53.487
43.131
53.750
55.540
47.237
50.674
55.427
37.794
9.976
15.150
17.194
11.136
57.215
43.351
45.725
28.522
20.047
34.133
45.604
48.956
35.817
47.261
44.897
49.936
48.341
46.366
40.410
57.327
26.600
36.519
23.428
21.811
42.182
52.362
21.308
40.346
51.914
37.960
47.328
58.068
43.962
33.180
59.143
47.727
43.978
41.820
40.882
18.054
55.474
44.300
22.012
24.967
48.462
47.056
31.485
17.827
48.751
33.981
43.961
46.374
42.106
48.030
59.210
15.883
51.298
29.356
17.377
55.478
57.824
46.345
17.059
16.425
38.057
26.306
43.853
45.077
47.065
24.642
37.290
26.269
38.720
56.017
32.335
37.076
52.616
41.868
51.164
44.127
41.283
43.636
29.790
49.280
38.786
48.448
41.364
34.822
33.985
38.052
31.200
44.559
49.186
44.433
34.835
32.285
49.359
57.646
32.036
52.638
54.304
10.456
26.469
46.304
10.678
55.087
23.727
46.724
35.207
43.958
47.475
35.408
48.704
46.547
57.696
49.778
11.535
56.075
46.638
46.339
22.281
11.836
15.072
39.361
44.424
16.024
23.559
15.790
47.642
17.608
56.082
23.003
38.878
22.927
46.087
56.623
43.044
29.869
57.250
25.362
52.631
40.541
38.497
48.410
35.448
52.756
43.127
43.717
33.930
37.629
41.662
55.257
49.637
48.121
51.768
25.833
39.246
43.702
58.577
36.105
46.019
42.601
51.723
31.168
45.824
34.307
29.255
35.529
14.973
37.319
38.053
36.187
36.926
34.713
14.835
36.220
30.535
33.756
55.681
45.328
39.878
52.546
47.309
19.934
36.287
47.445
34.733
55.972
53.485
26.212
44.484
34.239
31.670
32.711
31.240
28.696
38.845
60.536
60.600
46.788
48.301
44.375
51.143
39.070
37.209
45.148
38.845
56.990
53.394
35.802
50.394
31.503
39.264
43.962
59.389
33.788
55.310
41.313
45.838
36.588
31.682
27.245
43.371
24.755
45.574
37.536
38.655
45.157
47.881
31.996
60.449
53.126
54.985
30.941
47.024
42.215
30.513
47.789
46.677
49.474
16.878
26.352
42.575
7.835
33.238
47.696
23.378
45.628
36.750
39.340
43.503
44.118
11.193
23.435
36.497
19.663
41.568
27.335
13.153
24.813
22.046
31.124
46.222
52.082
14.335
20.865
38.968
37.966
43.878
29.247
44.153
35.785
51.179
53.563
46.964
37.836
49.922
37.692
32.260
38.327
20.831
35.258
42.964
29.311
45.350
30.697
23.152
25.631
17.481
55.268
29.072
53.154
32.791
35.990
59.610
44.802
50.323
52.111
32.416
23.764
54.406
43.378
28.758
22.529
30.959
49.155
42.702
56.277
57.426
40.209
52.479
41.958
31.140
27.034
32.435
13.383
28.650
50.699
50.799
19.167
29.905
35.467
22.952
17.488
18.533
26.015
41.054
37.624
50.334
27.743
29.395
36.323
54.558
21.103
51.458
49.410
29.842
44.450
39.406
38.639
48.492
37.384
55.204
52.734
30.778
14.600
49.529
52.138
27.854
13.565
24.350
24.247
51.036
28.532
21.696
29.229
24.244
37.038
9.396
21.004
29.754
47.551
43.451
27.996
51.185
43.526
46.725
28.043
35.576
27.993
17.994
44.142
38.484
43.386
17.881
35.739
38.550
23.112
33.154
34.629
33.800
48.570
34.380
6.353
9.504
44.366
46.356
32.601
54.221
52.718
30.375
15.301
44.633
56.980
48.318
47.662
53.055
36.776
59.810
39.227
43.494
59.374
48.556
26.539
53.323
55.803
53.919
13.977
37.027
43.972
36.033
22.567
45.966
39.564
35.726
58.177
41.762
38.562
37.468
46.540
46.524
38.235
31.785
27.049
41.749
53.707
45.772
13.030
47.873
54.316
20.759
59.576
54.199
39.677
49.691
54.559
40.620
5.296
46.025
53.104
37.180
30.899
53.518
47.392
54.993
39.280
14.446
10.900
37.001
41.571
46.889
10.040
31.805
11.373
42.504
44.944
41.114
46.104
21.972
39.628
30.025
46.218
43.813
54.139
54.985
35.802
39.536
58.139
46.823
37.075
39.074
27.298
48.573
38.805
55.817
54.418
38.455
46.002
50.392
39.682
47.171
44.966
54.035
51.504
34.404
58.701
47.499
37.917
48.782
34.531
46.303
51.590
39.996
52.257
36.555
27.988
44.580
43.718
31.507
9.735
26.552
38.736
31.185
17.052
24.791
25.116
34.625
32.498
39.367
55.117
32.195
25.772
48.382
24.839
52.283
28.244
47.379
28.048
19.189
59.150
28.571
31.017
45.975
25.286
44.012
32.721
36.670
46.827
17.058
47.139
34.816
43.889
41.472
20.714
27.524
40.733
50.738
18.524
27.707
55.738
37.489
35.563
19.903
25.955
32.490
19.018
42.185
33.997
57.338
24.694
24.975
20.700
9.887
41.980
49.545
38.141
34.681
17.001
18.560
26.291
49.223
43.011
28.769
30.112
39.106
49.081
54.864
38.658
45.662
31.034
45.697
20.047
38.960
48.218
43.691
30.986
25.810
36.327
48.387
49.715
35.433
31.928
58.855
45.098
16.944
47.883
48.626
40.169
31.546
47.219
19.183
26.611
8.874
16.560
11.227
23.657
42.476
37.122
21.969
27.084
27.961
36.976
36.168
50.864
33.064
20.771
33.295
49.494
25.712
38.814
23.228
44.522
36.864
32.211
47.810
29.013
42.072
35.599
42.551
29.296
15.752
41.002
55.490
16.809
7.849
33.312
43.339
31.416
34.346
33.679
30.537
32.920
30.202
32.739
29.703
40.540
25.891
31.419
51.772
52.271
29.631
29.815
36.640
11.929
13.164
56.859
41.014
55.120
11.014
38.540
34.398
40.522
16.047
42.263
44.534
41.389
36.071
46.873
37.638
36.284
37.435
39.715
35.532
43.717
28.750
41.034
27.805
46.357
32.387
42.495
44.531
50.818
39.640
31.417
17.858
35.122
36.323
24.927
41.797
13.899
41.560
5.375
11.719
21.110
54.967
53.385
57.004
29.571
35.737
46.715
45.633
45.699
45.237
33.959
49.432
55.562
37.952
8.927
43.091
34.311
48.209
14.473
31.254
43.812
44.245
40.943
58.347
31.888
51.770
28.455
27.772
43.051
22.520
40.336
39.659
41.205
50.417
56.232
50.503
43.073
52.425
37.847
12.014
34.616
56.966
49.896
42.808
14.760
37.038
59.893
49.577
47.433
31.383
40.001
48.187
52.557
39.594
13.733
16.942
26.948
26.161
16.357
53.571
11.187
27.109
20.140
42.097
58.255
59.437
30.087
43.043
28.269
32.249
52.402
31.978
33.131
41.772
37.518
58.870
41.155
37.066
33.189
44.312
41.607
52.919
41.037
14.593
46.323
48.552
52.401
39.575
57.234
43.373
48.349
59.963
35.995
31.429
39.326
35.258
44.900
27.286
22.244
36.851
37.989
37.942
38.330
47.195
38.186
49.992
17.966
32.021
17.239
28.160
31.782
48.520
20.915
45.803
50.520
33.507
54.598
31.534
21.844
22.028
46.093
47.414
42.977
60.072
42.208
56.734
38.482
33.564
46.828
36.299
12.152
29.583
52.865
54.715
21.371
26.161
51.389
50.799
16.590
41.918
49.010
18.041
26.639
57.941
52.134
45.622
35.661
45.938
35.123
35.708
53.893
44.718
60.307
35.880
13.649
37.899
42.090
27.488
17.571
46.858
45.068
42.189
44.116
38.281
16.519
56.863
42.542
58.346
35.579
40.763
32.037
53.589
40.263
34.305
41.942
27.122
59.297
36.387
43.709
49.339
46.864
38.720
47.939
34.033
41.326
41.249
44.196
33.976
42.536
38.614
37.030
26.022
54.228
22.389
40.102
27.568
38.350
48.802
32.660
43.820
19.741
23.697
54.890
54.106
42.849
37.836
43.222
40.514
47.615
44.092
39.960
38.448
42.080
45.671
36.416
52.233
55.680
29.598
37.578
31.725
49.935
26.043
24.073
28.717
51.419
24.966
52.564
49.611
59.904
42.869
48.796
6.324
36.600
59.239
46.952
46.041
58.145
45.615
51.883
49.264
39.373
46.835
37.241
48.968
35.073
53.243
54.344
50.132
47.894
44.656
51.406
39.356
31.740
43.650
59.579
51.581
40.479
48.562
47.438
32.933
57.092
57.941
46.171
16.715
21.926
29.442
54.140
29.755
51.992
32.090
48.774
44.097
43.938
42.248
25.103
35.040
50.642
50.631
43.315
41.324
10.902
26.292
47.414
22.591
20.577
40.722
28.331
30.270
35.559
38.973
53.227
51.077
41.412
32.707
24.781
55.368
53.363
44.953
37.857
35.200
30.287
58.439
13.901
34.696
28.821
40.297
39.006
26.947
35.253
38.185
34.718
33.533
33.315
56.496
39.664
23.348
49.674
49.662
33.380
42.501
50.896
55.697
46.432
38.015
42.479
34.246
46.629
56.134
50.950
15.560
30.502
22.545
25.115
19.267
26.995
38.338
26.665
50.567
19.653
45.064
45.268
35.881
48.179
42.249
46.808
56.573
28.577
30.952
26.489
44.567
18.225
44.024
52.659
53.566
12.226
47.389
44.556
19.837
48.046
45.601
25.940
47.425
49.039
54.343
43.258
47.327
32.139
50.800
44.361
46.396
19.605
55.631
28.095
19.960
39.326
51.158
24.202
54.397
55.686
26.878
26.292
44.630
46.999
51.223
47.628
51.310
45.363
50.489
38.199
18.608
35.542
21.997
37.753
43.571
41.377
55.864
32.726
18.410
25.596
50.445
16.044
57.750
9.678
27.549
49.052
58.736
45.065
51.548
45.689
20.043
38.559
47.990
53.931
34.656
40.255
48.463
47.010
52.906
42.827
53.979
53.897
41.388
49.566
32.322
19.940
31.229
47.445
32.778
44.704
35.655
21.100
43.717
40.829
38.124
40.950
47.252
11.895
41.576
47.091
49.403
45.212
41.637
40.991
59.413
39.010
56.620
33.909
48.749
55.953
32.031
27.784
49.789
56.991
40.824
45.473
40.273
56.528
15.877
29.201
28.362
46.212
54.476
40.036
47.883
26.791
42.009
26.116
59.525
24.310
37.425
43.272
40.967
45.494
41.438
37.946
47.443
47.929
54.722
35.541
47.908
48.489
39.462
59.505
11.725
25.424
14.798
40.319
58.145
24.253
25.463
44.427
49.485
30.497
37.843
25.549
50.406
36.166
25.481
49.694
36.226
36.107
26.719
55.684
36.631
55.662
34.144
29.713
21.921
38.870
31.298
19.017
42.500
29.298
50.416
37.488
59.597
27.292
57.368
44.870
39.469
32.880
57.996
41.499
23.469
32.201
32.320
35.672
51.912
49.087
48.516
48.650
56.488
24.888
57.471
40.080
22.031
54.548
21.954
34.455
54.396
47.658
55.141
44.026
46.708
56.326
54.205
42.829
57.902
41.990
47.870
53.141
45.640
52.130
49.182
48.497
32.135
39.155
43.127
43.962
32.932
53.072
52.845
39.472
39.433
53.537
44.190
27.566
50.002
48.558
36.631
28.829
43.997
43.445
55.279
19.151
29.426
15.380
45.642
15.960
49.873
54.439
47.781
44.893
53.187
49.131
44.189
37.753
29.610
60.451
27.532
33.691
51.914
26.348
61.025
18.338
52.438
41.319
55.921
44.978
46.746
37.443
49.667
26.800
50.407
33.013
31.649
38.014
32.927
52.847
41.043
38.342
51.413
48.320
46.698
34.756
55.513
45.835
17.931
20.326
17.056
38.630
35.957
37.305
51.501
15.865
47.638
15.699
29.193
46.934
39.711
56.019
29.942
37.074
17.831
21.116
50.194
50.093
48.527
40.877
36.347
55.201
22.689
59.316
39.942
50.316
54.364
40.598
24.336
53.179
56.443
22.381
31.612
52.138
52.887
27.704
39.338
31.769
56.280
23.473
10.618
49.553
46.439
41.101
42.807
45.429
44.673
30.456
33.082
24.364
45.807
46.503
30.787
53.064
24.225
53.466
28.000
39.460
27.316
52.046
44.448
29.820
17.550
49.726
51.053
26.970
34.039
60.642
12.484
52.329
45.725
28.589
42.657
34.083
53.252
40.115
54.470
45.920
21.266
21.161
55.726
17.376
40.448
49.571
46.028
24.722
51.475
49.292
58.905
55.374
16.052
58.244
49.944
35.817
35.567
24.732
42.217
54.685
50.599
54.786
45.759
53.943
44.030
46.719
52.040
47.971
51.805
53.764
59.465
25.961
31.412
58.855
47.518
7.222
26.817
37.048
8.103
10.168
23.946
59.014
48.414
36.722
12.102
28.293
15.135
52.106
44.305
27.363
51.962
47.186
53.468
54.751
30.301
23.876
55.468
49.759
39.510
31.249
27.771
47.222
27.191
34.563
53.007
31.538
56.521
20.984
38.582
53.376
38.582
55.909
53.590
49.640
50.921
35.617
29.954
38.929
52.955
59.497
28.917
54.827
45.606
53.792
25.566
27.430
37.120
29.607
31.755
16.882
51.730
53.178
20.227
48.851
39.610
34.324
24.433
51.610
47.561
44.627
49.729
50.032
13.441
46.645
46.270
38.416
9.326
34.558
14.088
45.756
21.251
33.370
51.579
58.914
36.636
41.079
14.484
60.128
48.642
50.041
45.086
52.156
26.701
33.649
33.982
37.874
41.350
21.991
41.114
10.712
50.707
42.539
50.589
45.968
24.472
37.545
51.858
40.485
29.882
39.595
30.285
46.973
42.669
56.719
28.346
61.280
55.986
48.167
31.468
55.094
40.627
53.707
49.886
37.296
44.867
48.903
36.423
39.945
44.596
34.205
47.559
29.507
21.679
42.577
58.339
39.122
50.298
24.196
33.009
33.337
25.914
22.296
29.456
15.244
22.235
33.709
45.488
30.940
10.737
42.628
43.756
35.329
30.740
40.407
10.202
45.249
19.930
15.718
27.796
8.546
41.898
45.594
51.976
16.544
50.990
50.335
57.292
17.138
38.204
55.253
46.326
52.492
56.884
52.629
29.557
48.630
42.421
53.138
44.257
52.649
45.311
41.583
34.770
29.500
17.898
57.511
33.222
54.772
55.766
42.083
36.481
31.071
47.918
46.968
52.838
60.615
22.172
55.725
41.542
54.686
43.823
36.710
45.950
41.321
22.147
60.891
45.077
19.188
56.365
46.778
37.672
50.831
20.609
31.900
49.374
40.481
34.871
10.765
56.062
30.089
56.181
43.583
59.509
12.764
22.397
11.852
17.933
53.886
30.825
47.666
50.121
46.683
34.977
47.401
46.208
51.217
44.305
45.647
31.692
41.416
27.928
49.764
59.406
36.476
46.611
47.842
10.023
38.827
47.324
14.069
57.616
52.350
44.810
57.330
53.083
14.031
47.050
54.689
45.789
36.332
38.700
39.287
17.348
45.996
53.848
38.785
40.552
37.523
57.400
24.319
48.500
56.129
55.199
58.013
46.060
54.440
41.199
31.155
48.741
35.543
50.958
50.470
10.821
49.402
53.007
35.240
50.452
34.727
34.418
44.640
44.088
36.219
52.483
46.888
50.424
48.669
39.125
46.445
16.550
9.953
42.165
57.368
47.612
45.845
51.033
37.010
27.195
32.912
38.631
48.583
35.677
22.401
29.397
26.000
47.726
24.548
48.218
32.605
46.483
26.191
47.729
51.444
52.847
40.990
25.216
56.334
58.887
26.151
46.477
53.651
31.032
55.313
60.240
50.029
50.272
53.085
26.838
37.644
41.872
43.430
39.779
49.977
41.489
33.412
30.393
40.133
53.689
42.838
61.198
39.325
29.961
19.540
47.378
47.444
28.343
31.810
56.950
57.517
33.597
5.400
55.320
25.581
26.943
31.448
44.357
35.977
59.825
55.511
21.186
40.132
58.683
36.854
50.307
35.981
52.914
55.089
34.829
43.779
44.756
35.924
50.277
46.486
22.586
37.085
39.438
51.802
28.550
44.270
48.466
30.910
28.878
38.639
44.689
49.247
51.312
50.246
34.579
31.258
41.106
30.677
52.551
23.886
58.644
21.267
33.802
40.777
12.521
30.406
43.400
43.047
57.326
34.648
40.208
21.513
44.469
33.974
27.090
31.331
16.811
38.808
24.292
30.074
30.767
32.025
33.891
18.167
15.583
34.250
53.542
36.660
25.172
27.759
38.318
47.781
57.044
49.344
52.175
43.602
47.852
33.779
55.188
46.738
47.717
46.097
46.337
53.516
41.755
20.759
42.712
33.895
43.592
33.187
45.646
22.787
26.909
45.073
57.977
37.350
56.874
50.020
41.175
19.370
38.132
25.680
51.714
18.365
26.692
58.939
36.791
55.063
50.471
19.311
14.640
54.497
33.634
36.756
46.360
25.331
43.116
30.586
44.845
36.518
36.787
38.500
58.240
51.892
35.024
50.544
33.578
33.659
27.406
43.782
23.723
36.695
29.652
34.438
36.139
44.107
60.426
9.930
43.161
43.631
47.145
39.739
50.839
51.226
42.316
25.306
47.760
43.732
24.110
46.811
19.810
14.995
48.903
47.345
47.438
20.553
34.399
20.734
47.507
50.780
47.841
33.543
10.983
31.187
48.575
44.544
49.463
54.917
34.538
16.779
28.144
23.296
40.849
30.181
51.888
37.012
38.723
56.877
57.381
11.895
23.644
27.408
39.647
61.657
44.749
54.909
48.003
36.088
47.908
46.367
27.889
55.442
60.255
54.736
42.132
52.520
47.253
50.170
50.314
39.980
57.983
49.938
43.872
44.124
29.173
37.902
31.332
29.337
30.654
27.585
42.916
37.049
41.135
43.781
37.196
30.864
35.042
46.205
47.293
43.029
30.948
34.464
48.846
45.584
42.546
38.656
52.755
50.677
39.173
46.027
27.058
53.351
46.319
46.435
49.714
25.198
39.476
54.121
42.474
55.035
26.070
48.770
36.571
34.191
31.788
49.182
49.103
55.540
45.949
28.116
55.222
43.582
45.058
31.759
35.564
30.757
36.156
20.679
31.407
48.433
48.081
48.907
28.830
46.294
18.902
45.266
22.393
33.178
39.082
52.565
47.602
43.535
36.003
37.238
11.248
46.168
27.918
16.796
23.246
33.859
44.683
30.668
16.329
44.128
22.301
20.177
14.868
52.580
60.825
50.888
52.684
47.416
42.996
56.953
41.344
23.439
20.820
14.619
54.159
36.438
43.990
60.801
46.973
47.985
40.691
28.119
46.214
46.792
47.048
18.040
51.702
52.143
47.770
57.037
59.875
46.295
42.650
37.074
39.527
7.186
24.850
39.147
16.274
40.379
31.061
8.020
54.353
28.609
13.822
46.210
49.892
29.824
11.562
13.831
31.827
49.897
29.115
47.660
34.806
26.067
29.974
50.514
39.741
25.232
33.878
19.162
50.740
28.516
34.421
30.364
38.338
31.267
45.124
26.703
47.908
54.801
39.803
39.957
55.630
14.903
44.728
33.154
15.138
18.371
28.885
46.639
59.548
39.016
20.990
47.954
42.703
23.607
45.326
59.440
52.912
38.114
50.267
36.619
53.131
57.770
25.509
47.325
45.422
56.027
49.918
35.994
41.080
36.129
23.486
43.719
44.115
24.500
46.926
47.843
40.246
51.231
47.424
49.837
12.124
37.657
36.648
17.713
27.470
19.752
15.405
15.581
35.858
42.456
55.050
26.020
49.421
51.743
54.717
60.693
51.995
58.356
55.939
48.595
48.629
48.513
12.450
39.485
29.648
42.814
36.864
39.044
46.342
39.204
49.006
36.505
17.544
44.972
54.329
45.258
35.682
28.469
39.210
23.636
45.069
29.058
54.221
51.226
56.080
23.667
48.590
34.640
41.956
33.236
45.462
51.632
38.599
39.445
51.899
10.477
29.623
16.223
29.890
54.206
28.091
22.374
47.458
51.238
45.110
13.567
55.999
57.281
55.121
51.870
37.611
52.579
26.632
43.867
34.489
10.437
32.789
54.937
43.426
54.700
46.382
50.435
57.025
33.085
48.168
33.564
44.600
42.004
25.800
47.464
34.563
29.119
36.497
35.304
45.449
53.663
37.509
54.206
55.478
35.355
35.106
39.157
40.093
18.464
53.659
18.191
40.636
19.340
54.548
57.039
53.500
46.884
50.457
54.139
31.986
48.399
25.645
11.110
12.050
19.559
36.148
30.891
5.706
54.479
55.703
42.373
47.501
58.510
44.212
40.215
35.272
51.439
25.567
51.032
23.217
21.328
42.941
52.819
47.009
47.898
51.191
58.388
23.738
29.912
40.524
46.118
38.338
50.970
59.061
49.300
56.057
35.692
10.465
58.632
34.920
44.270
48.422
42.738
54.376
16.534
22.572
13.453
36.621
45.950
56.310
42.034
45.095
46.782
49.929
29.258
47.480
23.461
48.608
52.341
56.189
44.793
33.886
36.839
26.642
26.206
38.765
33.237
57.849
39.166
50.854
26.103
16.815
13.118
7.663
52.428
29.218
33.108
51.840
15.277
20.758
40.943
38.277
51.473
39.893
28.858
43.828
49.204
29.645
22.499
52.990
12.854
14.775
53.434
49.083
48.359
59.514
51.249
48.354
12.283
59.314
56.455
60.174
17.529
58.141
35.472
31.315
26.689
30.677
55.432
55.116
11.382
48.706
11.074
34.828
30.705
42.903
36.705
44.055
46.634
21.067
42.450
42.658
53.669
44.360
46.335
46.119
42.566
54.531
33.364
54.374
55.429
57.701
36.555
33.875
43.536
43.952
39.068
47.388
47.998
28.316
50.618
44.320
44.007
50.958
50.985
56.362
31.933
53.282
53.091
41.816
50.530
53.144
52.719
39.036
56.970
39.557
56.736
57.351
56.144
39.973
37.708
8.732
58.653
24.175
15.824
15.885
31.354
31.758
23.540
30.468
56.350
15.030
42.526
47.813
32.075
26.165
43.628
37.557
45.736
47.747
44.329
39.354
47.842
26.514
49.111
30.165
39.991
17.808
51.455
30.962
43.908
48.761
52.149
45.011
44.426
47.852
34.062
47.984
36.135
48.375
39.845
38.334
27.737
29.488
51.512
42.231
41.561
53.171
41.636
47.781
31.620
19.079
55.194
29.098
43.978
42.930
57.962
52.128
22.472
17.850
44.158
33.674
57.778
47.644
55.410
27.393
49.113
17.135
53.212
36.292
54.612
49.691
57.211
34.592
34.508
52.889
55.171
57.978
49.296
27.035
42.258
27.053
55.155
59.211
28.016
58.659
47.704
25.399
31.952
14.125
56.306
51.929
15.633
47.313
46.267
45.480
45.567
58.045
29.860
34.641
44.299
43.360
56.337
44.257
58.335
55.091
47.961
51.180
36.255
39.724
29.149
40.666
54.904
29.714
45.301
26.170
26.459
41.213
60.480
59.813
43.425
5.771
37.303
50.078
61.170
44.819
59.431
42.692
54.468
28.198
54.872
49.273
40.601
9.750
52.891
28.983
51.586
58.546
54.467
50.798
34.414
9.751
5.079
50.095
35.824
56.132
3.454
40.806
41.675
9.724
29.915
38.886
52.517
20.206
49.997
36.179
48.853
28.875
40.016
24.733
48.438
56.671
29.349
30.549
20.211
56.511
54.587
22.539
59.215
24.125
30.515
22.604
57.599
45.294
46.047
53.367
53.089
44.774
50.663
60.759
9.594
40.345
54.058
6.913
58.989
13.950
19.438
45.677
29.664
35.035
42.209
44.577
37.359
47.373
42.031
40.269
27.475
46.986
30.287
47.805
15.654
30.417
29.337
40.996
31.385
31.112
50.680
49.680
41.553
50.769
45.548
56.332
33.960
56.430
50.529
50.599
25.952
54.559
55.224
46.814
58.771
53.775
37.451
28.291
21.626
54.280
55.384
55.499
14.566
24.186
50.033
11.819
47.920
31.801
46.070
49.812
54.572
36.570
51.882
56.078
45.511
44.520
28.674
42.658
46.668
25.767
47.527
24.341
55.726
29.971
33.037
37.660
35.861
38.349
41.124
30.321
32.239
26.546
37.085
43.488
47.401
47.706
47.028
36.466
48.751
59.106
9.836
32.571
47.673
31.109
55.999
56.310
53.062
46.264
49.235
29.957
55.138
50.970
32.866
55.078
60.657
55.607
37.340
59.003
48.563
34.059
26.997
33.561
6.569
35.171
21.724
34.585
29.023
19.223
27.794
29.257
47.640
55.213
29.730
24.914
36.206
55.341
32.412
21.091
15.816
50.311
43.126
37.513
60.122
53.278
34.158
38.346
31.696
23.860
60.191
55.467
3.887
21.880
52.776
49.141
44.936
49.290
47.920
52.417
55.400
7.688
43.730
48.420
27.871
49.205
35.288
17.592
44.643
14.378
42.111
37.741
52.502
14.272
54.745
46.045
56.136
38.211
18.601
53.984
54.276
47.572
47.126
27.903
32.552
53.073
50.584
43.935
33.341
25.392
46.198
27.655
56.899
56.944
23.856
59.855
55.018
38.821
44.642
37.457
33.941
54.329
17.156
14.545
51.482
45.967
45.185
48.174
55.177
58.381
11.343
49.530
17.098
45.365
2.470
45.666
46.546
22.439
19.366
22.304
59.790
41.009
30.681
39.615
46.188
37.179
29.524
40.486
33.216
53.625
36.630
49.127
52.546
57.441
11.891
37.151
52.052
45.205
53.319
54.284
53.230
42.094
46.456
45.432
42.315
44.358
30.373
45.731
46.949
23.736
30.103
18.409
57.665
29.012
44.171
56.063
44.641
50.398
35.278
8.167
10.414
57.831
51.308
6.253
47.520
56.458
59.229
50.236
12.378
51.347
5.588
52.991
43.582
41.469
28.857
28.764
34.143
4.279
37.823
49.759
37.780
38.301
46.847
52.911
48.725
52.366
55.664
27.400
56.357
50.843
52.615
41.017
47.943
40.875
59.536
54.692
12.066
41.232
43.270
50.286
60.586
54.092
49.594
19.789
25.643
43.613
43.262
41.090
34.798
39.832
41.206
34.056
50.749
48.150
54.649
45.596
30.741
59.488
41.229
31.556
34.903
57.809
48.965
59.836
57.481
37.709
35.740
33.728
43.336
47.522
39.918
46.556
31.188
48.657
31.527
30.355
24.846
35.188
58.553
40.490
51.735
43.137
38.546
26.246
36.264
56.803
43.195
32.967
38.037
36.627
23.541
42.532
41.540
56.034
49.409
34.342
48.560
31.362
33.198
15.566
38.858
21.714
38.670
36.331
37.698
53.664
59.083
37.151
59.727
12.243
15.979
56.440
51.516
40.861
44.817
47.558
25.994
16.659
54.849
60.196
42.879
54.088
38.361
46.448
45.513
59.735
50.043
41.432
30.977
39.481
27.022
43.902
18.183
30.696
47.784
45.564
40.455
38.913
25.354
48.469
53.596
57.576
60.003
42.132
34.681
41.104
37.975
33.286
48.733
55.487
39.930
42.383
44.239
47.986
51.693
48.210
45.764
44.445
44.515
36.962
40.578
8.242
37.570
45.800
20.758
52.224
34.970
43.043
27.181
23.046
36.485
49.779
23.707
27.879
33.160
7.214
57.138
49.225
42.864
58.593
52.732
36.125
39.085
60.378
46.012
61.305
21.236
17.728
29.631
32.446
14.659
31.104
36.322
47.498
51.671
49.899
28.013
21.782
37.510
43.725
41.812
21.916
12.558
49.401
48.575
40.124
50.314
29.536
26.126
47.972
48.208
24.094
38.155
37.138
41.974
36.326
50.094
56.644
44.374
28.037
15.896
38.569
44.702
32.203
37.892
47.815
26.383
23.982
42.505
56.293
24.966
43.915
30.332
44.591
51.244
27.672
22.086
40.667
43.558
48.903
58.320
52.234
46.192
57.807
49.891
16.859
44.951
15.153
42.057
52.346
54.653
46.832
56.148
37.403
37.132
43.908
18.112
55.055
45.262
39.284
32.088
26.397
60.109
54.721
33.315
43.994
34.345
41.987
34.854
52.466
41.703
51.648
60.035
22.852
47.585
30.012
37.829
51.777
47.139
45.090
54.834
30.218
51.906
34.841
31.233
46.679
57.058
36.475
37.441
48.289
33.489
35.313
36.744
27.461
37.431
47.299
56.427
41.965
26.695
25.617
28.108
42.588
48.595
53.811
43.687
48.895
50.584
47.623
47.139
41.682
23.751
35.263
18.775
31.346
34.668
32.134
43.383
52.756
34.257
33.805
47.345
29.533
47.967
46.624
33.825
33.747
33.283
49.436
44.766
51.424
51.895
42.658
50.696
26.592
54.827
60.689
56.984
20.235
56.317
51.641
48.749
35.617
42.667
49.988
22.139
38.741
55.454
34.524
25.352
29.626
56.710
57.633
55.866
13.046
25.412
44.857
21.723
45.086
19.416
41.858
40.804
45.068
28.406
37.892
11.517
17.108
54.642
38.471
34.044
56.225
41.759
31.262
51.983
12.400
34.730
31.760
53.342
56.740
29.819
53.727
50.953
57.873
33.589
34.730
38.368
58.630
46.670
21.475
42.035
33.308
51.165
40.511
38.602
51.240
52.603
57.036
24.542
49.579
51.524
30.680
46.625
47.741
37.378
22.181
43.617
44.411
40.183
39.040
43.720
48.229
38.028
50.250
51.431
55.337
54.345
54.767
52.026
43.646
11.192
46.351
45.924
16.524
20.018
48.389
51.765
32.992
52.285
32.195
42.395
49.831
26.492
37.091
53.103
33.595
49.019
38.408
41.680
50.045
33.419
20.749
31.871
52.763
41.637
45.237
44.276
48.399
45.732
42.251
21.911
41.845
43.874
28.080
19.185
55.896
37.881
28.848
30.002
47.392
21.107
34.454
20.028
38.581
14.238
31.144
57.491
57.011
44.007
38.508
58.921
36.644
35.493
38.914
29.265
34.229
43.497
45.775
48.315
44.529
45.821
16.770
36.203
25.979
43.135
26.323
20.801
52.339
52.849
54.128
54.007
50.535
48.579
53.191
32.780
42.410
28.888
12.426
35.712
50.797
5.773
52.203
54.759
11.422
11.240
53.092
48.658
49.847
39.727
47.086
30.601
18.943
19.867
60.619
46.591
47.839
34.047
55.213
26.607
56.602
29.787
48.797
47.611
56.549
22.757
34.239
48.104
54.994
43.750
47.867
37.430
27.327
22.575
8.223
44.857
33.108
50.116
18.304
27.972
40.000
36.937
25.251
16.865
59.269
18.938
46.000
49.602
46.695
33.752
29.276
43.723
24.433
39.481
42.977
9.299
33.739
59.520
49.867
7.456
50.973
42.688
11.585
25.580
41.845
41.669
27.610
18.689
17.187
35.827
50.215
16.721
51.251
46.924
55.406
39.650
22.182
52.733
43.033
46.815
54.973
48.962
42.021
35.906
41.860
43.816
38.232
45.519
45.066
39.679
48.652
39.052
38.896
45.316
59.112
54.638
16.677
48.716
41.690
56.819
60.423
60.531
18.124
55.890
49.558
39.896
35.782
52.626
56.205
41.963
55.778
49.346
54.013
42.387
49.067
39.704
41.053
23.696
30.385
35.863
23.307
52.986
25.593
9.265
46.423
33.033
45.846
33.102
5.954
35.714
38.341
39.594
42.876
15.180
40.365
31.702
55.280
8.626
55.076
58.458
46.392
47.665
53.279
6.485
47.369
51.611
35.026
47.788
53.883
42.451
48.302
48.311
26.676
48.609
45.898
34.092
54.147
50.113
58.267
59.670
33.674
47.480
31.487
52.098
2.219
16.262
44.621
47.360
36.618
44.489
48.831
6.533
54.422
37.042
13.647
28.849
43.555
36.623
31.366
37.042
60.453
57.903
51.731
33.255
32.962
21.530
25.876
28.797
52.900
46.127
21.582
19.283
11.837
12.480
40.822
53.633
30.178
46.434
38.974
46.096
32.887
19.132
44.523
44.542
50.125
53.819
22.628
37.913
54.439
38.312
50.949
42.569
42.520
33.628
42.654
44.586
56.029
12.490
51.367
17.595
41.427
52.995
40.992
50.854
40.745
10.596
55.357
10.466
39.387
36.887
14.945
28.902
31.953
52.765
55.893
19.840
18.081
54.815
23.585
7.559
39.925
30.000
52.621
45.887
38.837
47.045
23.143
57.712
20.226
47.053
42.153
49.965
11.751
12.728
49.164
28.542
49.261
46.243
32.549
45.769
32.206
35.114
29.184
44.636
59.807
30.405
45.603
34.675
12.791
26.285
32.653
24.060
23.135
34.231
59.330
40.367
44.004
53.175
17.768
54.406
46.407
42.934
52.909
39.781
55.059
59.478
38.742
42.761
17.269
21.611
14.751
43.399
51.116
55.744
57.818
26.224
47.195
25.044
57.162
16.083
15.068
47.832
50.002
22.965
52.507
31.507
28.638
48.401
41.830
31.035
50.895
36.466
51.770
42.523
40.315
36.458
35.966
47.827
43.141
49.295
56.494
56.806
51.576
60.692
54.502
57.819
53.679
50.529
56.991
24.164
50.683
31.970
13.254
8.662
53.879
54.637
38.577
54.447
58.230
54.313
57.011
53.379
55.769
52.902
38.701
25.317
40.758
52.065
10.387
35.489
25.143
60.102
50.328
51.274
26.444
32.633
17.140
54.673
10.575
58.398
56.697
55.692
47.648
34.680
44.245
30.028
40.776
51.986
55.477
57.245
51.014
21.374
34.942
18.939
27.416
36.411
52.424
50.349
27.630
11.412
47.602
44.818
38.962
13.688
18.751
29.746
53.401
50.410
54.490
12.886
36.938
38.482
39.828
44.693
56.825
16.641
56.008
50.988
43.598
45.981
41.163
45.685
10.690
54.657
49.164
55.441
52.335
30.940
36.133
13.684
45.174
45.109
45.063
56.997
11.562
59.151
14.460
59.087
54.522
3.449
37.569
32.766
50.868
48.395
45.548
45.573
42.983
49.513
19.561
12.118
42.680
48.642
44.650
41.447
24.353
48.639
20.526
30.302
35.858
12.746
24.776
58.937
58.519
52.664
50.964
52.816
56.918
39.448
41.115
55.129
50.514
41.092
36.754
47.540
40.107
36.103
47.724
57.235
58.199
58.677
51.744
22.650
15.643
26.094
14.636
55.622
56.499
51.039
25.733
46.358
44.349
31.772
17.740
58.526
11.961
54.534
52.032
24.202
52.897
41.746
34.202
46.987
8.191
44.108
52.061
51.410
51.711
46.812
39.208
23.519
20.113
22.116
52.070
25.797
46.862
45.103
39.473
14.347
18.954
30.096
50.212
54.033
12.743
33.371
40.153
52.614
33.676
21.272
38.825
33.916
43.750
33.743
18.654
45.264
21.895
14.772
13.563
42.646
58.724
34.191
38.471
35.322
49.400
21.933
48.391
52.377
26.188
22.951
18.587
32.955
41.266
33.877
38.322
45.641
50.470
49.515
37.389
58.683
30.171
32.350
50.414
44.575
25.259
53.139
16.527
57.900
41.130
32.644
27.722
27.664
50.028
41.392
17.009
59.031
47.339
36.157
7.436
55.637
18.597
7.981
8.400
17.362
44.175
54.290
54.057
19.895
43.946
17.747
30.350
34.400
54.358
37.718
33.885
29.868
30.719
30.642
47.249
47.447
59.402
35.163
20.022
45.483
59.837
19.290
34.251
56.894
44.164
13.208
42.565
54.273
11.087
47.972
58.513
50.631
48.654
13.271
31.846
9.720
45.110
38.323
58.810
56.654
13.976
56.763
57.651
53.038
28.868
18.227
47.174
50.583
44.013
53.578
13.132
7.126
44.781
58.549
51.467
33.678
48.315
48.907
45.542
51.843
43.734
45.242
52.668
52.355
51.889
14.033
40.786
16.662
51.859
13.603
15.333
13.705
22.702
43.929
58.857
27.967
18.080
54.214
31.374
27.273
16.843
55.805
45.062
20.713
23.829
47.675
40.094
27.450
49.880
57.947
49.125
41.213
51.957
58.666
58.439
60.451
42.366
35.504
54.513
38.142
13.294
46.582
11.206
38.297
36.858
43.439
58.755
55.312
46.260
31.375
27.425
45.785
42.525
40.768
58.829
13.062
50.723
52.906
10.582
57.504
11.938
60.323
15.253
55.932
54.438
56.656
51.411
7.202
43.475
5.824
4.527
27.688
47.555
22.200
48.797
27.700
35.193
55.203
42.738
36.432
34.565
40.216
45.033
22.937
45.710
47.793
54.459
37.214
45.322
37.047
38.555
53.693
19.648
54.232
36.455
47.983
39.001
46.978
55.420
59.156
60.280
48.942
55.575
52.538
15.206
49.518
26.601
46.399
25.495
55.346
11.630
48.271
8.576
38.732
48.637
