1 0 1
11 0 1
121 0 1
0 1 1
2 1 1
12 1 1
122 1 1
1 2 1
3 2 1
13 2 1
123 2 1
2 3 1
4 3 1
14 3 1
124 3 1
3 4 1
5 4 1
15 4 1
125 4 1
4 5 1
6 5 1
16 5 1
126 5 1
5 6 1
7 6 1
17 6 1
127 6 1
6 7 1
8 7 1
18 7 1
128 7 1
7 8 1
9 8 1
19 8 1
129 8 1
8 9 1
10 9 1
20 9 1
130 9 1
9 10 1
21 10 1
131 10 1
12 11 1
0 11 1
22 11 1
132 11 1
11 12 1
13 12 1
1 12 1
23 12 1
133 12 1
12 13 1
14 13 1
2 13 1
24 13 1
134 13 1
13 14 1
15 14 1
3 14 1
25 14 1
135 14 1
14 15 1
16 15 1
4 15 1
26 15 1
136 15 1
15 16 1
17 16 1
5 16 1
27 16 1
137 16 1
16 17 1
18 17 1
6 17 1
28 17 1
138 17 1
17 18 1
19 18 1
7 18 1
29 18 1
139 18 1
18 19 1
20 19 1
8 19 1
30 19 1
140 19 1
19 20 1
21 20 1
9 20 1
31 20 1
141 20 1
20 21 1
10 21 1
32 21 1
142 21 1
23 22 1
11 22 1
33 22 1
143 22 1
22 23 1
24 23 1
12 23 1
34 23 1
144 23 1
23 24 1
25 24 1
13 24 1
35 24 1
145 24 1
24 25 1
26 25 1
14 25 1
36 25 1
146 25 1
25 26 1
27 26 1
15 26 1
37 26 1
147 26 1
26 27 1
28 27 1
16 27 1
38 27 1
148 27 1
27 28 1
29 28 1
17 28 1
39 28 1
149 28 1
28 29 1
30 29 1
18 29 1
40 29 1
150 29 1
29 30 1
31 30 1
19 30 1
41 30 1
151 30 1
30 31 1
32 31 1
20 31 1
42 31 1
152 31 1
31 32 1
21 32 1
43 32 1
153 32 1
34 33 1
22 33 1
44 33 1
154 33 1
33 34 1
35 34 1
23 34 1
45 34 1
155 34 1
34 35 1
36 35 1
24 35 1
46 35 1
156 35 1
35 36 1
37 36 1
25 36 1
47 36 1
157 36 1
36 37 1
38 37 1
26 37 1
48 37 1
158 37 1
37 38 1
39 38 1
27 38 1
49 38 1
159 38 1
38 39 1
40 39 1
28 39 1
50 39 1
160 39 1
39 40 1
41 40 1
29 40 1
51 40 1
161 40 1
40 41 1
42 41 1
30 41 1
52 41 1
162 41 1
41 42 1
43 42 1
31 42 1
53 42 1
163 42 1
42 43 1
32 43 1
54 43 1
164 43 1
45 44 1
33 44 1
55 44 1
165 44 1
44 45 1
46 45 1
34 45 1
56 45 1
166 45 1
45 46 1
47 46 1
35 46 1
57 46 1
167 46 1
46 47 1
48 47 1
36 47 1
58 47 1
168 47 1
47 48 1
49 48 1
37 48 1
59 48 1
169 48 1
48 49 1
50 49 1
38 49 1
60 49 1
170 49 1
49 50 1
51 50 1
39 50 1
61 50 1
171 50 1
50 51 1
52 51 1
40 51 1
62 51 1
172 51 1
51 52 1
53 52 1
41 52 1
63 52 1
173 52 1
52 53 1
54 53 1
42 53 1
64 53 1
174 53 1
53 54 1
43 54 1
65 54 1
175 54 1
56 55 1
44 55 1
66 55 1
176 55 1
55 56 1
57 56 1
45 56 1
67 56 1
177 56 1
56 57 1
58 57 1
46 57 1
68 57 1
178 57 1
57 58 1
59 58 1
47 58 1
69 58 1
179 58 1
58 59 1
60 59 1
48 59 1
70 59 1
180 59 1
59 60 1
61 60 1
49 60 1
71 60 1
181 60 1
60 61 1
62 61 1
50 61 1
72 61 1
182 61 1
61 62 1
63 62 1
51 62 1
73 62 1
183 62 1
62 63 1
64 63 1
52 63 1
74 63 1
184 63 1
63 64 1
65 64 1
53 64 1
75 64 1
185 64 1
64 65 1
54 65 1
76 65 1
186 65 1
67 66 1
55 66 1
77 66 1
187 66 1
66 67 1
68 67 1
56 67 1
78 67 1
188 67 1
67 68 1
69 68 1
57 68 1
79 68 1
189 68 1
68 69 1
70 69 1
58 69 1
80 69 1
190 69 1
69 70 1
71 70 1
59 70 1
81 70 1
191 70 1
70 71 1
72 71 1
60 71 1
82 71 1
192 71 1
71 72 1
73 72 1
61 72 1
83 72 1
193 72 1
72 73 1
74 73 1
62 73 1
84 73 1
194 73 1
73 74 1
75 74 1
63 74 1
85 74 1
195 74 1
74 75 1
76 75 1
64 75 1
86 75 1
196 75 1
75 76 1
65 76 1
87 76 1
197 76 1
78 77 1
66 77 1
88 77 1
198 77 1
77 78 1
79 78 1
67 78 1
89 78 1
199 78 1
78 79 1
80 79 1
68 79 1
90 79 1
200 79 1
79 80 1
81 80 1
69 80 1
91 80 1
201 80 1
80 81 1
82 81 1
70 81 1
92 81 1
202 81 1
81 82 1
83 82 1
71 82 1
93 82 1
203 82 1
82 83 1
84 83 1
72 83 1
94 83 1
204 83 1
83 84 1
85 84 1
73 84 1
95 84 1
205 84 1
84 85 1
86 85 1
74 85 1
96 85 1
206 85 1
85 86 1
87 86 1
75 86 1
97 86 1
207 86 1
86 87 1
76 87 1
98 87 1
208 87 1
89 88 1
77 88 1
99 88 1
209 88 1
88 89 1
90 89 1
78 89 1
100 89 1
210 89 1
89 90 1
91 90 1
79 90 1
101 90 1
211 90 1
90 91 1
92 91 1
80 91 1
102 91 1
212 91 1
91 92 1
93 92 1
81 92 1
103 92 1
213 92 1
92 93 1
94 93 1
82 93 1
104 93 1
214 93 1
93 94 1
95 94 1
83 94 1
105 94 1
215 94 1
94 95 1
96 95 1
84 95 1
106 95 1
216 95 1
95 96 1
97 96 1
85 96 1
107 96 1
217 96 1
96 97 1
98 97 1
86 97 1
108 97 1
218 97 1
97 98 1
87 98 1
109 98 1
219 98 1
100 99 1
88 99 1
110 99 1
220 99 1
99 100 1
101 100 1
89 100 1
111 100 1
221 100 1
100 101 1
102 101 1
90 101 1
112 101 1
222 101 1
101 102 1
103 102 1
91 102 1
113 102 1
223 102 1
102 103 1
104 103 1
92 103 1
114 103 1
224 103 1
103 104 1
105 104 1
93 104 1
115 104 1
225 104 1
104 105 1
106 105 1
94 105 1
116 105 1
226 105 1
105 106 1
107 106 1
95 106 1
117 106 1
227 106 1
106 107 1
108 107 1
96 107 1
118 107 1
228 107 1
107 108 1
109 108 1
97 108 1
119 108 1
229 108 1
108 109 1
98 109 1
120 109 1
230 109 1
111 110 1
99 110 1
231 110 1
110 111 1
112 111 1
100 111 1
232 111 1
111 112 1
113 112 1
101 112 1
233 112 1
112 113 1
114 113 1
102 113 1
234 113 1
113 114 1
115 114 1
103 114 1
235 114 1
114 115 1
116 115 1
104 115 1
236 115 1
115 116 1
117 116 1
105 116 1
237 116 1
116 117 1
118 117 1
106 117 1
238 117 1
117 118 1
119 118 1
107 118 1
239 118 1
118 119 1
120 119 1
108 119 1
240 119 1
119 120 1
109 120 1
241 120 1
122 121 1
132 121 1
0 121 1
242 121 1
121 122 1
123 122 1
133 122 1
1 122 1
243 122 1
122 123 1
124 123 1
134 123 1
2 123 1
244 123 1
123 124 1
125 124 1
135 124 1
3 124 1
245 124 1
124 125 1
126 125 1
136 125 1
4 125 1
246 125 1
125 126 1
127 126 1
137 126 1
5 126 1
247 126 1
126 127 1
128 127 1
138 127 1
6 127 1
248 127 1
127 128 1
129 128 1
139 128 1
7 128 1
249 128 1
128 129 1
130 129 1
140 129 1
8 129 1
250 129 1
129 130 1
131 130 1
141 130 1
9 130 1
251 130 1
130 131 1
142 131 1
10 131 1
252 131 1
133 132 1
121 132 1
143 132 1
11 132 1
253 132 1
132 133 1
134 133 1
122 133 1
144 133 1
12 133 1
254 133 1
133 134 1
135 134 1
123 134 1
145 134 1
13 134 1
255 134 1
134 135 1
136 135 1
124 135 1
146 135 1
14 135 1
256 135 1
135 136 1
137 136 1
125 136 1
147 136 1
15 136 1
257 136 1
136 137 1
138 137 1
126 137 1
148 137 1
16 137 1
258 137 1
137 138 1
139 138 1
127 138 1
149 138 1
17 138 1
259 138 1
138 139 1
140 139 1
128 139 1
150 139 1
18 139 1
260 139 1
139 140 1
141 140 1
129 140 1
151 140 1
19 140 1
261 140 1
140 141 1
142 141 1
130 141 1
152 141 1
20 141 1
262 141 1
141 142 1
131 142 1
153 142 1
21 142 1
263 142 1
144 143 1
132 143 1
154 143 1
22 143 1
264 143 1
143 144 1
145 144 1
133 144 1
155 144 1
23 144 1
265 144 1
144 145 1
146 145 1
134 145 1
156 145 1
24 145 1
266 145 1
145 146 1
147 146 1
135 146 1
157 146 1
25 146 1
267 146 1
146 147 1
148 147 1
136 147 1
158 147 1
26 147 1
268 147 1
147 148 1
149 148 1
137 148 1
159 148 1
27 148 1
269 148 1
148 149 1
150 149 1
138 149 1
160 149 1
28 149 1
270 149 1
149 150 1
151 150 1
139 150 1
161 150 1
29 150 1
271 150 1
150 151 1
152 151 1
140 151 1
162 151 1
30 151 1
272 151 1
151 152 1
153 152 1
141 152 1
163 152 1
31 152 1
273 152 1
152 153 1
142 153 1
164 153 1
32 153 1
274 153 1
155 154 1
143 154 1
165 154 1
33 154 1
275 154 1
154 155 1
156 155 1
144 155 1
166 155 1
34 155 1
276 155 1
155 156 1
157 156 1
145 156 1
167 156 1
35 156 1
277 156 1
156 157 1
158 157 1
146 157 1
168 157 1
36 157 1
278 157 1
157 158 1
159 158 1
147 158 1
169 158 1
37 158 1
279 158 1
158 159 1
160 159 1
148 159 1
170 159 1
38 159 1
280 159 1
159 160 1
161 160 1
149 160 1
171 160 1
39 160 1
281 160 1
160 161 1
162 161 1
150 161 1
172 161 1
40 161 1
282 161 1
161 162 1
163 162 1
151 162 1
173 162 1
41 162 1
283 162 1
162 163 1
164 163 1
152 163 1
174 163 1
42 163 1
284 163 1
163 164 1
153 164 1
175 164 1
43 164 1
285 164 1
166 165 1
154 165 1
176 165 1
44 165 1
286 165 1
165 166 1
167 166 1
155 166 1
177 166 1
45 166 1
287 166 1
166 167 1
168 167 1
156 167 1
178 167 1
46 167 1
288 167 1
167 168 1
169 168 1
157 168 1
179 168 1
47 168 1
289 168 1
168 169 1
170 169 1
158 169 1
180 169 1
48 169 1
290 169 1
169 170 1
171 170 1
159 170 1
181 170 1
49 170 1
291 170 1
170 171 1
172 171 1
160 171 1
182 171 1
50 171 1
292 171 1
171 172 1
173 172 1
161 172 1
183 172 1
51 172 1
293 172 1
172 173 1
174 173 1
162 173 1
184 173 1
52 173 1
294 173 1
173 174 1
175 174 1
163 174 1
185 174 1
53 174 1
295 174 1
174 175 1
164 175 1
186 175 1
54 175 1
296 175 1
177 176 1
165 176 1
187 176 1
55 176 1
297 176 1
176 177 1
178 177 1
166 177 1
188 177 1
56 177 1
298 177 1
177 178 1
179 178 1
167 178 1
189 178 1
57 178 1
299 178 1
178 179 1
180 179 1
168 179 1
190 179 1
58 179 1
300 179 1
179 180 1
181 180 1
169 180 1
191 180 1
59 180 1
301 180 1
180 181 1
182 181 1
170 181 1
192 181 1
60 181 1
302 181 1
181 182 1
183 182 1
171 182 1
193 182 1
61 182 1
303 182 1
182 183 1
184 183 1
172 183 1
194 183 1
62 183 1
304 183 1
183 184 1
185 184 1
173 184 1
195 184 1
63 184 1
305 184 1
184 185 1
186 185 1
174 185 1
196 185 1
64 185 1
306 185 1
185 186 1
175 186 1
197 186 1
65 186 1
307 186 1
188 187 1
176 187 1
198 187 1
66 187 1
308 187 1
187 188 1
189 188 1
177 188 1
199 188 1
67 188 1
309 188 1
188 189 1
190 189 1
178 189 1
200 189 1
68 189 1
310 189 1
189 190 1
191 190 1
179 190 1
201 190 1
69 190 1
311 190 1
190 191 1
192 191 1
180 191 1
202 191 1
70 191 1
312 191 1
191 192 1
193 192 1
181 192 1
203 192 1
71 192 1
313 192 1
192 193 1
194 193 1
182 193 1
204 193 1
72 193 1
314 193 1
193 194 1
195 194 1
183 194 1
205 194 1
73 194 1
315 194 1
194 195 1
196 195 1
184 195 1
206 195 1
74 195 1
316 195 1
195 196 1
197 196 1
185 196 1
207 196 1
75 196 1
317 196 1
196 197 1
186 197 1
208 197 1
76 197 1
318 197 1
199 198 1
187 198 1
209 198 1
77 198 1
319 198 1
198 199 1
200 199 1
188 199 1
210 199 1
78 199 1
320 199 1
199 200 1
201 200 1
189 200 1
211 200 1
79 200 1
321 200 1
200 201 1
202 201 1
190 201 1
212 201 1
80 201 1
322 201 1
201 202 1
203 202 1
191 202 1
213 202 1
81 202 1
323 202 1
202 203 1
204 203 1
192 203 1
214 203 1
82 203 1
324 203 1
203 204 1
205 204 1
193 204 1
215 204 1
83 204 1
325 204 1
204 205 1
206 205 1
194 205 1
216 205 1
84 205 1
326 205 1
205 206 1
207 206 1
195 206 1
217 206 1
85 206 1
327 206 1
206 207 1
208 207 1
196 207 1
218 207 1
86 207 1
328 207 1
207 208 1
197 208 1
219 208 1
87 208 1
329 208 1
210 209 1
198 209 1
220 209 1
88 209 1
330 209 1
209 210 1
211 210 1
199 210 1
221 210 1
89 210 1
331 210 1
210 211 1
212 211 1
200 211 1
222 211 1
90 211 1
332 211 1
211 212 1
213 212 1
201 212 1
223 212 1
91 212 1
333 212 1
212 213 1
214 213 1
202 213 1
224 213 1
92 213 1
334 213 1
213 214 1
215 214 1
203 214 1
225 214 1
93 214 1
335 214 1
214 215 1
216 215 1
204 215 1
226 215 1
94 215 1
336 215 1
215 216 1
217 216 1
205 216 1
227 216 1
95 216 1
337 216 1
216 217 1
218 217 1
206 217 1
228 217 1
96 217 1
338 217 1
217 218 1
219 218 1
207 218 1
229 218 1
97 218 1
339 218 1
218 219 1
208 219 1
230 219 1
98 219 1
340 219 1
221 220 1
209 220 1
231 220 1
99 220 1
341 220 1
220 221 1
222 221 1
210 221 1
232 221 1
100 221 1
342 221 1
221 222 1
223 222 1
211 222 1
233 222 1
101 222 1
343 222 1
222 223 1
224 223 1
212 223 1
234 223 1
102 223 1
344 223 1
223 224 1
225 224 1
213 224 1
235 224 1
103 224 1
345 224 1
224 225 1
226 225 1
214 225 1
236 225 1
104 225 1
346 225 1
225 226 1
227 226 1
215 226 1
237 226 1
105 226 1
347 226 1
226 227 1
228 227 1
216 227 1
238 227 1
106 227 1
348 227 1
227 228 1
229 228 1
217 228 1
239 228 1
107 228 1
349 228 1
228 229 1
230 229 1
218 229 1
240 229 1
108 229 1
350 229 1
229 230 1
219 230 1
241 230 1
109 230 1
351 230 1
232 231 1
220 231 1
110 231 1
352 231 1
231 232 1
233 232 1
221 232 1
111 232 1
353 232 1
232 233 1
234 233 1
222 233 1
112 233 1
354 233 1
233 234 1
235 234 1
223 234 1
113 234 1
355 234 1
234 235 1
236 235 1
224 235 1
114 235 1
356 235 1
235 236 1
237 236 1
225 236 1
115 236 1
357 236 1
236 237 1
238 237 1
226 237 1
116 237 1
358 237 1
237 238 1
239 238 1
227 238 1
117 238 1
359 238 1
238 239 1
240 239 1
228 239 1
118 239 1
360 239 1
239 240 1
241 240 1
229 240 1
119 240 1
361 240 1
240 241 1
230 241 1
120 241 1
362 241 1
243 242 1
253 242 1
121 242 1
363 242 1
242 243 1
244 243 1
254 243 1
122 243 1
364 243 1
243 244 1
245 244 1
255 244 1
123 244 1
365 244 1
244 245 1
246 245 1
256 245 1
124 245 1
366 245 1
245 246 1
247 246 1
257 246 1
125 246 1
367 246 1
246 247 1
248 247 1
258 247 1
126 247 1
368 247 1
247 248 1
249 248 1
259 248 1
127 248 1
369 248 1
248 249 1
250 249 1
260 249 1
128 249 1
370 249 1
249 250 1
251 250 1
261 250 1
129 250 1
371 250 1
250 251 1
252 251 1
262 251 1
130 251 1
372 251 1
251 252 1
263 252 1
131 252 1
373 252 1
254 253 1
242 253 1
264 253 1
132 253 1
374 253 1
253 254 1
255 254 1
243 254 1
265 254 1
133 254 1
375 254 1
254 255 1
256 255 1
244 255 1
266 255 1
134 255 1
376 255 1
255 256 1
257 256 1
245 256 1
267 256 1
135 256 1
377 256 1
256 257 1
258 257 1
246 257 1
268 257 1
136 257 1
378 257 1
257 258 1
259 258 1
247 258 1
269 258 1
137 258 1
379 258 1
258 259 1
260 259 1
248 259 1
270 259 1
138 259 1
380 259 1
259 260 1
261 260 1
249 260 1
271 260 1
139 260 1
381 260 1
260 261 1
262 261 1
250 261 1
272 261 1
140 261 1
382 261 1
261 262 1
263 262 1
251 262 1
273 262 1
141 262 1
383 262 1
262 263 1
252 263 1
274 263 1
142 263 1
384 263 1
265 264 1
253 264 1
275 264 1
143 264 1
385 264 1
264 265 1
266 265 1
254 265 1
276 265 1
144 265 1
386 265 1
265 266 1
267 266 1
255 266 1
277 266 1
145 266 1
387 266 1
266 267 1
268 267 1
256 267 1
278 267 1
146 267 1
388 267 1
267 268 1
269 268 1
257 268 1
279 268 1
147 268 1
389 268 1
268 269 1
270 269 1
258 269 1
280 269 1
148 269 1
390 269 1
269 270 1
271 270 1
259 270 1
281 270 1
149 270 1
391 270 1
270 271 1
272 271 1
260 271 1
282 271 1
150 271 1
392 271 1
271 272 1
273 272 1
261 272 1
283 272 1
151 272 1
393 272 1
272 273 1
274 273 1
262 273 1
284 273 1
152 273 1
394 273 1
273 274 1
263 274 1
285 274 1
153 274 1
395 274 1
276 275 1
264 275 1
286 275 1
154 275 1
396 275 1
275 276 1
277 276 1
265 276 1
287 276 1
155 276 1
397 276 1
276 277 1
278 277 1
266 277 1
288 277 1
156 277 1
398 277 1
277 278 1
279 278 1
267 278 1
289 278 1
157 278 1
399 278 1
278 279 1
280 279 1
268 279 1
290 279 1
158 279 1
400 279 1
279 280 1
281 280 1
269 280 1
291 280 1
159 280 1
401 280 1
280 281 1
282 281 1
270 281 1
292 281 1
160 281 1
402 281 1
281 282 1
283 282 1
271 282 1
293 282 1
161 282 1
403 282 1
282 283 1
284 283 1
272 283 1
294 283 1
162 283 1
404 283 1
283 284 1
285 284 1
273 284 1
295 284 1
163 284 1
405 284 1
284 285 1
274 285 1
296 285 1
164 285 1
406 285 1
287 286 1
275 286 1
297 286 1
165 286 1
407 286 1
286 287 1
288 287 1
276 287 1
298 287 1
166 287 1
408 287 1
287 288 1
289 288 1
277 288 1
299 288 1
167 288 1
409 288 1
288 289 1
290 289 1
278 289 1
300 289 1
168 289 1
410 289 1
289 290 1
291 290 1
279 290 1
301 290 1
169 290 1
411 290 1
290 291 1
292 291 1
280 291 1
302 291 1
170 291 1
412 291 1
291 292 1
293 292 1
281 292 1
303 292 1
171 292 1
413 292 1
292 293 1
294 293 1
282 293 1
304 293 1
172 293 1
414 293 1
293 294 1
295 294 1
283 294 1
305 294 1
173 294 1
415 294 1
294 295 1
296 295 1
284 295 1
306 295 1
174 295 1
416 295 1
295 296 1
285 296 1
307 296 1
175 296 1
417 296 1
298 297 1
286 297 1
308 297 1
176 297 1
418 297 1
297 298 1
299 298 1
287 298 1
309 298 1
177 298 1
419 298 1
298 299 1
300 299 1
288 299 1
310 299 1
178 299 1
420 299 1
299 300 1
301 300 1
289 300 1
311 300 1
179 300 1
421 300 1
300 301 1
302 301 1
290 301 1
312 301 1
180 301 1
422 301 1
301 302 1
303 302 1
291 302 1
313 302 1
181 302 1
423 302 1
302 303 1
304 303 1
292 303 1
314 303 1
182 303 1
424 303 1
303 304 1
305 304 1
293 304 1
315 304 1
183 304 1
425 304 1
304 305 1
306 305 1
294 305 1
316 305 1
184 305 1
426 305 1
305 306 1
307 306 1
295 306 1
317 306 1
185 306 1
427 306 1
306 307 1
296 307 1
318 307 1
186 307 1
428 307 1
309 308 1
297 308 1
319 308 1
187 308 1
429 308 1
308 309 1
310 309 1
298 309 1
320 309 1
188 309 1
430 309 1
309 310 1
311 310 1
299 310 1
321 310 1
189 310 1
431 310 1
310 311 1
312 311 1
300 311 1
322 311 1
190 311 1
432 311 1
311 312 1
313 312 1
301 312 1
323 312 1
191 312 1
433 312 1
312 313 1
314 313 1
302 313 1
324 313 1
192 313 1
434 313 1
313 314 1
315 314 1
303 314 1
325 314 1
193 314 1
435 314 1
314 315 1
316 315 1
304 315 1
326 315 1
194 315 1
436 315 1
315 316 1
317 316 1
305 316 1
327 316 1
195 316 1
437 316 1
316 317 1
318 317 1
306 317 1
328 317 1
196 317 1
438 317 1
317 318 1
307 318 1
329 318 1
197 318 1
439 318 1
320 319 1
308 319 1
330 319 1
198 319 1
440 319 1
319 320 1
321 320 1
309 320 1
331 320 1
199 320 1
441 320 1
320 321 1
322 321 1
310 321 1
332 321 1
200 321 1
442 321 1
321 322 1
323 322 1
311 322 1
333 322 1
201 322 1
443 322 1
322 323 1
324 323 1
312 323 1
334 323 1
202 323 1
444 323 1
323 324 1
325 324 1
313 324 1
335 324 1
203 324 1
445 324 1
324 325 1
326 325 1
314 325 1
336 325 1
204 325 1
446 325 1
325 326 1
327 326 1
315 326 1
337 326 1
205 326 1
447 326 1
326 327 1
328 327 1
316 327 1
338 327 1
206 327 1
448 327 1
327 328 1
329 328 1
317 328 1
339 328 1
207 328 1
449 328 1
328 329 1
318 329 1
340 329 1
208 329 1
450 329 1
331 330 1
319 330 1
341 330 1
209 330 1
451 330 1
330 331 1
332 331 1
320 331 1
342 331 1
210 331 1
452 331 1
331 332 1
333 332 1
321 332 1
343 332 1
211 332 1
453 332 1
332 333 1
334 333 1
322 333 1
344 333 1
212 333 1
454 333 1
333 334 1
335 334 1
323 334 1
345 334 1
213 334 1
455 334 1
334 335 1
336 335 1
324 335 1
346 335 1
214 335 1
456 335 1
335 336 1
337 336 1
325 336 1
347 336 1
215 336 1
457 336 1
336 337 1
338 337 1
326 337 1
348 337 1
216 337 1
458 337 1
337 338 1
339 338 1
327 338 1
349 338 1
217 338 1
459 338 1
338 339 1
340 339 1
328 339 1
350 339 1
218 339 1
460 339 1
339 340 1
329 340 1
351 340 1
219 340 1
461 340 1
342 341 1
330 341 1
352 341 1
220 341 1
462 341 1
341 342 1
343 342 1
331 342 1
353 342 1
221 342 1
463 342 1
342 343 1
344 343 1
332 343 1
354 343 1
222 343 1
464 343 1
343 344 1
345 344 1
333 344 1
355 344 1
223 344 1
465 344 1
344 345 1
346 345 1
334 345 1
356 345 1
224 345 1
466 345 1
345 346 1
347 346 1
335 346 1
357 346 1
225 346 1
467 346 1
346 347 1
348 347 1
336 347 1
358 347 1
226 347 1
468 347 1
347 348 1
349 348 1
337 348 1
359 348 1
227 348 1
469 348 1
348 349 1
350 349 1
338 349 1
360 349 1
228 349 1
470 349 1
349 350 1
351 350 1
339 350 1
361 350 1
229 350 1
471 350 1
350 351 1
340 351 1
362 351 1
230 351 1
472 351 1
353 352 1
341 352 1
231 352 1
473 352 1
352 353 1
354 353 1
342 353 1
232 353 1
474 353 1
353 354 1
355 354 1
343 354 1
233 354 1
475 354 1
354 355 1
356 355 1
344 355 1
234 355 1
476 355 1
355 356 1
357 356 1
345 356 1
235 356 1
477 356 1
356 357 1
358 357 1
346 357 1
236 357 1
478 357 1
357 358 1
359 358 1
347 358 1
237 358 1
479 358 1
358 359 1
360 359 1
348 359 1
238 359 1
480 359 1
359 360 1
361 360 1
349 360 1
239 360 1
481 360 1
360 361 1
362 361 1
350 361 1
240 361 1
482 361 1
361 362 1
351 362 1
241 362 1
483 362 1
364 363 1
374 363 1
242 363 1
484 363 1
363 364 1
365 364 1
375 364 1
243 364 1
485 364 1
364 365 1
366 365 1
376 365 1
244 365 1
486 365 1
365 366 1
367 366 1
377 366 1
245 366 1
487 366 1
366 367 1
368 367 1
378 367 1
246 367 1
488 367 1
367 368 1
369 368 1
379 368 1
247 368 1
489 368 1
368 369 1
370 369 1
380 369 1
248 369 1
490 369 1
369 370 1
371 370 1
381 370 1
249 370 1
491 370 1
370 371 1
372 371 1
382 371 1
250 371 1
492 371 1
371 372 1
373 372 1
383 372 1
251 372 1
493 372 1
372 373 1
384 373 1
252 373 1
494 373 1
375 374 1
363 374 1
385 374 1
253 374 1
495 374 1
374 375 1
376 375 1
364 375 1
386 375 1
254 375 1
496 375 1
375 376 1
377 376 1
365 376 1
387 376 1
255 376 1
497 376 1
376 377 1
378 377 1
366 377 1
388 377 1
256 377 1
498 377 1
377 378 1
379 378 1
367 378 1
389 378 1
257 378 1
499 378 1
378 379 1
380 379 1
368 379 1
390 379 1
258 379 1
500 379 1
379 380 1
381 380 1
369 380 1
391 380 1
259 380 1
501 380 1
380 381 1
382 381 1
370 381 1
392 381 1
260 381 1
502 381 1
381 382 1
383 382 1
371 382 1
393 382 1
261 382 1
503 382 1
382 383 1
384 383 1
372 383 1
394 383 1
262 383 1
504 383 1
383 384 1
373 384 1
395 384 1
263 384 1
505 384 1
386 385 1
374 385 1
396 385 1
264 385 1
506 385 1
385 386 1
387 386 1
375 386 1
397 386 1
265 386 1
507 386 1
386 387 1
388 387 1
376 387 1
398 387 1
266 387 1
508 387 1
387 388 1
389 388 1
377 388 1
399 388 1
267 388 1
509 388 1
388 389 1
390 389 1
378 389 1
400 389 1
268 389 1
510 389 1
389 390 1
391 390 1
379 390 1
401 390 1
269 390 1
511 390 1
390 391 1
392 391 1
380 391 1
402 391 1
270 391 1
512 391 1
391 392 1
393 392 1
381 392 1
403 392 1
271 392 1
513 392 1
392 393 1
394 393 1
382 393 1
404 393 1
272 393 1
514 393 1
393 394 1
395 394 1
383 394 1
405 394 1
273 394 1
515 394 1
394 395 1
384 395 1
406 395 1
274 395 1
516 395 1
397 396 1
385 396 1
407 396 1
275 396 1
517 396 1
396 397 1
398 397 1
386 397 1
408 397 1
276 397 1
518 397 1
397 398 1
399 398 1
387 398 1
409 398 1
277 398 1
519 398 1
398 399 1
400 399 1
388 399 1
410 399 1
278 399 1
520 399 1
399 400 1
401 400 1
389 400 1
411 400 1
279 400 1
521 400 1
400 401 1
402 401 1
390 401 1
412 401 1
280 401 1
522 401 1
401 402 1
403 402 1
391 402 1
413 402 1
281 402 1
523 402 1
402 403 1
404 403 1
392 403 1
414 403 1
282 403 1
524 403 1
403 404 1
405 404 1
393 404 1
415 404 1
283 404 1
525 404 1
404 405 1
406 405 1
394 405 1
416 405 1
284 405 1
526 405 1
405 406 1
395 406 1
417 406 1
285 406 1
527 406 1
408 407 1
396 407 1
418 407 1
286 407 1
528 407 1
407 408 1
409 408 1
397 408 1
419 408 1
287 408 1
529 408 1
408 409 1
410 409 1
398 409 1
420 409 1
288 409 1
530 409 1
409 410 1
411 410 1
399 410 1
421 410 1
289 410 1
531 410 1
410 411 1
412 411 1
400 411 1
422 411 1
290 411 1
532 411 1
411 412 1
413 412 1
401 412 1
423 412 1
291 412 1
533 412 1
412 413 1
414 413 1
402 413 1
424 413 1
292 413 1
534 413 1
413 414 1
415 414 1
403 414 1
425 414 1
293 414 1
535 414 1
414 415 1
416 415 1
404 415 1
426 415 1
294 415 1
536 415 1
415 416 1
417 416 1
405 416 1
427 416 1
295 416 1
537 416 1
416 417 1
406 417 1
428 417 1
296 417 1
538 417 1
419 418 1
407 418 1
429 418 1
297 418 1
539 418 1
418 419 1
420 419 1
408 419 1
430 419 1
298 419 1
540 419 1
419 420 1
421 420 1
409 420 1
431 420 1
299 420 1
541 420 1
420 421 1
422 421 1
410 421 1
432 421 1
300 421 1
542 421 1
421 422 1
423 422 1
411 422 1
433 422 1
301 422 1
543 422 1
422 423 1
424 423 1
412 423 1
434 423 1
302 423 1
544 423 1
423 424 1
425 424 1
413 424 1
435 424 1
303 424 1
545 424 1
424 425 1
426 425 1
414 425 1
436 425 1
304 425 1
546 425 1
425 426 1
427 426 1
415 426 1
437 426 1
305 426 1
547 426 1
426 427 1
428 427 1
416 427 1
438 427 1
306 427 1
548 427 1
427 428 1
417 428 1
439 428 1
307 428 1
549 428 1
430 429 1
418 429 1
440 429 1
308 429 1
550 429 1
429 430 1
431 430 1
419 430 1
441 430 1
309 430 1
551 430 1
430 431 1
432 431 1
420 431 1
442 431 1
310 431 1
552 431 1
431 432 1
433 432 1
421 432 1
443 432 1
311 432 1
553 432 1
432 433 1
434 433 1
422 433 1
444 433 1
312 433 1
554 433 1
433 434 1
435 434 1
423 434 1
445 434 1
313 434 1
555 434 1
434 435 1
436 435 1
424 435 1
446 435 1
314 435 1
556 435 1
435 436 1
437 436 1
425 436 1
447 436 1
315 436 1
557 436 1
436 437 1
438 437 1
426 437 1
448 437 1
316 437 1
558 437 1
437 438 1
439 438 1
427 438 1
449 438 1
317 438 1
559 438 1
438 439 1
428 439 1
450 439 1
318 439 1
560 439 1
441 440 1
429 440 1
451 440 1
319 440 1
561 440 1
440 441 1
442 441 1
430 441 1
452 441 1
320 441 1
562 441 1
441 442 1
443 442 1
431 442 1
453 442 1
321 442 1
563 442 1
442 443 1
444 443 1
432 443 1
454 443 1
322 443 1
564 443 1
443 444 1
445 444 1
433 444 1
455 444 1
323 444 1
565 444 1
444 445 1
446 445 1
434 445 1
456 445 1
324 445 1
566 445 1
445 446 1
447 446 1
435 446 1
457 446 1
325 446 1
567 446 1
446 447 1
448 447 1
436 447 1
458 447 1
326 447 1
568 447 1
447 448 1
449 448 1
437 448 1
459 448 1
327 448 1
569 448 1
448 449 1
450 449 1
438 449 1
460 449 1
328 449 1
570 449 1
449 450 1
439 450 1
461 450 1
329 450 1
571 450 1
452 451 1
440 451 1
462 451 1
330 451 1
572 451 1
451 452 1
453 452 1
441 452 1
463 452 1
331 452 1
573 452 1
452 453 1
454 453 1
442 453 1
464 453 1
332 453 1
574 453 1
453 454 1
455 454 1
443 454 1
465 454 1
333 454 1
575 454 1
454 455 1
456 455 1
444 455 1
466 455 1
334 455 1
576 455 1
455 456 1
457 456 1
445 456 1
467 456 1
335 456 1
577 456 1
456 457 1
458 457 1
446 457 1
468 457 1
336 457 1
578 457 1
457 458 1
459 458 1
447 458 1
469 458 1
337 458 1
579 458 1
458 459 1
460 459 1
448 459 1
470 459 1
338 459 1
580 459 1
459 460 1
461 460 1
449 460 1
471 460 1
339 460 1
581 460 1
460 461 1
450 461 1
472 461 1
340 461 1
582 461 1
463 462 1
451 462 1
473 462 1
341 462 1
583 462 1
462 463 1
464 463 1
452 463 1
474 463 1
342 463 1
584 463 1
463 464 1
465 464 1
453 464 1
475 464 1
343 464 1
585 464 1
464 465 1
466 465 1
454 465 1
476 465 1
344 465 1
586 465 1
465 466 1
467 466 1
455 466 1
477 466 1
345 466 1
587 466 1
466 467 1
468 467 1
456 467 1
478 467 1
346 467 1
588 467 1
467 468 1
469 468 1
457 468 1
479 468 1
347 468 1
589 468 1
468 469 1
470 469 1
458 469 1
480 469 1
348 469 1
590 469 1
469 470 1
471 470 1
459 470 1
481 470 1
349 470 1
591 470 1
470 471 1
472 471 1
460 471 1
482 471 1
350 471 1
592 471 1
471 472 1
461 472 1
483 472 1
351 472 1
593 472 1
474 473 1
462 473 1
352 473 1
594 473 1
473 474 1
475 474 1
463 474 1
353 474 1
595 474 1
474 475 1
476 475 1
464 475 1
354 475 1
596 475 1
475 476 1
477 476 1
465 476 1
355 476 1
597 476 1
476 477 1
478 477 1
466 477 1
356 477 1
598 477 1
477 478 1
479 478 1
467 478 1
357 478 1
599 478 1
478 479 1
480 479 1
468 479 1
358 479 1
600 479 1
479 480 1
481 480 1
469 480 1
359 480 1
601 480 1
480 481 1
482 481 1
470 481 1
360 481 1
602 481 1
481 482 1
483 482 1
471 482 1
361 482 1
603 482 1
482 483 1
472 483 1
362 483 1
604 483 1
485 484 1
495 484 1
363 484 1
605 484 1
484 485 1
486 485 1
496 485 1
364 485 1
606 485 1
485 486 1
487 486 1
497 486 1
365 486 1
607 486 1
486 487 1
488 487 1
498 487 1
366 487 1
608 487 1
487 488 1
489 488 1
499 488 1
367 488 1
609 488 1
488 489 1
490 489 1
500 489 1
368 489 1
610 489 1
489 490 1
491 490 1
501 490 1
369 490 1
611 490 1
490 491 1
492 491 1
502 491 1
370 491 1
612 491 1
491 492 1
493 492 1
503 492 1
371 492 1
613 492 1
492 493 1
494 493 1
504 493 1
372 493 1
614 493 1
493 494 1
505 494 1
373 494 1
615 494 1
496 495 1
484 495 1
506 495 1
374 495 1
616 495 1
495 496 1
497 496 1
485 496 1
507 496 1
375 496 1
617 496 1
496 497 1
498 497 1
486 497 1
508 497 1
376 497 1
618 497 1
497 498 1
499 498 1
487 498 1
509 498 1
377 498 1
619 498 1
498 499 1
500 499 1
488 499 1
510 499 1
378 499 1
620 499 1
499 500 1
501 500 1
489 500 1
511 500 1
379 500 1
621 500 1
500 501 1
502 501 1
490 501 1
512 501 1
380 501 1
622 501 1
501 502 1
503 502 1
491 502 1
513 502 1
381 502 1
623 502 1
502 503 1
504 503 1
492 503 1
514 503 1
382 503 1
624 503 1
503 504 1
505 504 1
493 504 1
515 504 1
383 504 1
625 504 1
504 505 1
494 505 1
516 505 1
384 505 1
626 505 1
507 506 1
495 506 1
517 506 1
385 506 1
627 506 1
506 507 1
508 507 1
496 507 1
518 507 1
386 507 1
628 507 1
507 508 1
509 508 1
497 508 1
519 508 1
387 508 1
629 508 1
508 509 1
510 509 1
498 509 1
520 509 1
388 509 1
630 509 1
509 510 1
511 510 1
499 510 1
521 510 1
389 510 1
631 510 1
510 511 1
512 511 1
500 511 1
522 511 1
390 511 1
632 511 1
511 512 1
513 512 1
501 512 1
523 512 1
391 512 1
633 512 1
512 513 1
514 513 1
502 513 1
524 513 1
392 513 1
634 513 1
513 514 1
515 514 1
503 514 1
525 514 1
393 514 1
635 514 1
514 515 1
516 515 1
504 515 1
526 515 1
394 515 1
636 515 1
515 516 1
505 516 1
527 516 1
395 516 1
637 516 1
518 517 1
506 517 1
528 517 1
396 517 1
638 517 1
517 518 1
519 518 1
507 518 1
529 518 1
397 518 1
639 518 1
518 519 1
520 519 1
508 519 1
530 519 1
398 519 1
640 519 1
519 520 1
521 520 1
509 520 1
531 520 1
399 520 1
641 520 1
520 521 1
522 521 1
510 521 1
532 521 1
400 521 1
642 521 1
521 522 1
523 522 1
511 522 1
533 522 1
401 522 1
643 522 1
522 523 1
524 523 1
512 523 1
534 523 1
402 523 1
644 523 1
523 524 1
525 524 1
513 524 1
535 524 1
403 524 1
645 524 1
524 525 1
526 525 1
514 525 1
536 525 1
404 525 1
646 525 1
525 526 1
527 526 1
515 526 1
537 526 1
405 526 1
647 526 1
526 527 1
516 527 1
538 527 1
406 527 1
648 527 1
529 528 1
517 528 1
539 528 1
407 528 1
649 528 1
528 529 1
530 529 1
518 529 1
540 529 1
408 529 1
650 529 1
529 530 1
531 530 1
519 530 1
541 530 1
409 530 1
651 530 1
530 531 1
532 531 1
520 531 1
542 531 1
410 531 1
652 531 1
531 532 1
533 532 1
521 532 1
543 532 1
411 532 1
653 532 1
532 533 1
534 533 1
522 533 1
544 533 1
412 533 1
654 533 1
533 534 1
535 534 1
523 534 1
545 534 1
413 534 1
655 534 1
534 535 1
536 535 1
524 535 1
546 535 1
414 535 1
656 535 1
535 536 1
537 536 1
525 536 1
547 536 1
415 536 1
657 536 1
536 537 1
538 537 1
526 537 1
548 537 1
416 537 1
658 537 1
537 538 1
527 538 1
549 538 1
417 538 1
659 538 1
540 539 1
528 539 1
550 539 1
418 539 1
660 539 1
539 540 1
541 540 1
529 540 1
551 540 1
419 540 1
661 540 1
540 541 1
542 541 1
530 541 1
552 541 1
420 541 1
662 541 1
541 542 1
543 542 1
531 542 1
553 542 1
421 542 1
663 542 1
542 543 1
544 543 1
532 543 1
554 543 1
422 543 1
664 543 1
543 544 1
545 544 1
533 544 1
555 544 1
423 544 1
665 544 1
544 545 1
546 545 1
534 545 1
556 545 1
424 545 1
666 545 1
545 546 1
547 546 1
535 546 1
557 546 1
425 546 1
667 546 1
546 547 1
548 547 1
536 547 1
558 547 1
426 547 1
668 547 1
547 548 1
549 548 1
537 548 1
559 548 1
427 548 1
669 548 1
548 549 1
538 549 1
560 549 1
428 549 1
670 549 1
551 550 1
539 550 1
561 550 1
429 550 1
671 550 1
550 551 1
552 551 1
540 551 1
562 551 1
430 551 1
672 551 1
551 552 1
553 552 1
541 552 1
563 552 1
431 552 1
673 552 1
552 553 1
554 553 1
542 553 1
564 553 1
432 553 1
674 553 1
553 554 1
555 554 1
543 554 1
565 554 1
433 554 1
675 554 1
554 555 1
556 555 1
544 555 1
566 555 1
434 555 1
676 555 1
555 556 1
557 556 1
545 556 1
567 556 1
435 556 1
677 556 1
556 557 1
558 557 1
546 557 1
568 557 1
436 557 1
678 557 1
557 558 1
559 558 1
547 558 1
569 558 1
437 558 1
679 558 1
558 559 1
560 559 1
548 559 1
570 559 1
438 559 1
680 559 1
559 560 1
549 560 1
571 560 1
439 560 1
681 560 1
562 561 1
550 561 1
572 561 1
440 561 1
682 561 1
561 562 1
563 562 1
551 562 1
573 562 1
441 562 1
683 562 1
562 563 1
564 563 1
552 563 1
574 563 1
442 563 1
684 563 1
563 564 1
565 564 1
553 564 1
575 564 1
443 564 1
685 564 1
564 565 1
566 565 1
554 565 1
576 565 1
444 565 1
686 565 1
565 566 1
567 566 1
555 566 1
577 566 1
445 566 1
687 566 1
566 567 1
568 567 1
556 567 1
578 567 1
446 567 1
688 567 1
567 568 1
569 568 1
557 568 1
579 568 1
447 568 1
689 568 1
568 569 1
570 569 1
558 569 1
580 569 1
448 569 1
690 569 1
569 570 1
571 570 1
559 570 1
581 570 1
449 570 1
691 570 1
570 571 1
560 571 1
582 571 1
450 571 1
692 571 1
573 572 1
561 572 1
583 572 1
451 572 1
693 572 1
572 573 1
574 573 1
562 573 1
584 573 1
452 573 1
694 573 1
573 574 1
575 574 1
563 574 1
585 574 1
453 574 1
695 574 1
574 575 1
576 575 1
564 575 1
586 575 1
454 575 1
696 575 1
575 576 1
577 576 1
565 576 1
587 576 1
455 576 1
697 576 1
576 577 1
578 577 1
566 577 1
588 577 1
456 577 1
698 577 1
577 578 1
579 578 1
567 578 1
589 578 1
457 578 1
699 578 1
578 579 1
580 579 1
568 579 1
590 579 1
458 579 1
700 579 1
579 580 1
581 580 1
569 580 1
591 580 1
459 580 1
701 580 1
580 581 1
582 581 1
570 581 1
592 581 1
460 581 1
702 581 1
581 582 1
571 582 1
593 582 1
461 582 1
703 582 1
584 583 1
572 583 1
594 583 1
462 583 1
704 583 1
583 584 1
585 584 1
573 584 1
595 584 1
463 584 1
705 584 1
584 585 1
586 585 1
574 585 1
596 585 1
464 585 1
706 585 1
585 586 1
587 586 1
575 586 1
597 586 1
465 586 1
707 586 1
586 587 1
588 587 1
576 587 1
598 587 1
466 587 1
708 587 1
587 588 1
589 588 1
577 588 1
599 588 1
467 588 1
709 588 1
588 589 1
590 589 1
578 589 1
600 589 1
468 589 1
710 589 1
589 590 1
591 590 1
579 590 1
601 590 1
469 590 1
711 590 1
590 591 1
592 591 1
580 591 1
602 591 1
470 591 1
712 591 1
591 592 1
593 592 1
581 592 1
603 592 1
471 592 1
713 592 1
592 593 1
582 593 1
604 593 1
472 593 1
714 593 1
595 594 1
583 594 1
473 594 1
715 594 1
594 595 1
596 595 1
584 595 1
474 595 1
716 595 1
595 596 1
597 596 1
585 596 1
475 596 1
717 596 1
596 597 1
598 597 1
586 597 1
476 597 1
718 597 1
597 598 1
599 598 1
587 598 1
477 598 1
719 598 1
598 599 1
600 599 1
588 599 1
478 599 1
720 599 1
599 600 1
601 600 1
589 600 1
479 600 1
721 600 1
600 601 1
602 601 1
590 601 1
480 601 1
722 601 1
601 602 1
603 602 1
591 602 1
481 602 1
723 602 1
602 603 1
604 603 1
592 603 1
482 603 1
724 603 1
603 604 1
593 604 1
483 604 1
725 604 1
606 605 1
616 605 1
484 605 1
726 605 1
605 606 1
607 606 1
617 606 1
485 606 1
727 606 1
606 607 1
608 607 1
618 607 1
486 607 1
728 607 1
607 608 1
609 608 1
619 608 1
487 608 1
729 608 1
608 609 1
610 609 1
620 609 1
488 609 1
730 609 1
609 610 1
611 610 1
621 610 1
489 610 1
731 610 1
610 611 1
612 611 1
622 611 1
490 611 1
732 611 1
611 612 1
613 612 1
623 612 1
491 612 1
733 612 1
612 613 1
614 613 1
624 613 1
492 613 1
734 613 1
613 614 1
615 614 1
625 614 1
493 614 1
735 614 1
614 615 1
626 615 1
494 615 1
736 615 1
617 616 1
605 616 1
627 616 1
495 616 1
737 616 1
616 617 1
618 617 1
606 617 1
628 617 1
496 617 1
738 617 1
617 618 1
619 618 1
607 618 1
629 618 1
497 618 1
739 618 1
618 619 1
620 619 1
608 619 1
630 619 1
498 619 1
740 619 1
619 620 1
621 620 1
609 620 1
631 620 1
499 620 1
741 620 1
620 621 1
622 621 1
610 621 1
632 621 1
500 621 1
742 621 1
621 622 1
623 622 1
611 622 1
633 622 1
501 622 1
743 622 1
622 623 1
624 623 1
612 623 1
634 623 1
502 623 1
744 623 1
623 624 1
625 624 1
613 624 1
635 624 1
503 624 1
745 624 1
624 625 1
626 625 1
614 625 1
636 625 1
504 625 1
746 625 1
625 626 1
615 626 1
637 626 1
505 626 1
747 626 1
628 627 1
616 627 1
638 627 1
506 627 1
748 627 1
627 628 1
629 628 1
617 628 1
639 628 1
507 628 1
749 628 1
628 629 1
630 629 1
618 629 1
640 629 1
508 629 1
750 629 1
629 630 1
631 630 1
619 630 1
641 630 1
509 630 1
751 630 1
630 631 1
632 631 1
620 631 1
642 631 1
510 631 1
752 631 1
631 632 1
633 632 1
621 632 1
643 632 1
511 632 1
753 632 1
632 633 1
634 633 1
622 633 1
644 633 1
512 633 1
754 633 1
633 634 1
635 634 1
623 634 1
645 634 1
513 634 1
755 634 1
634 635 1
636 635 1
624 635 1
646 635 1
514 635 1
756 635 1
635 636 1
637 636 1
625 636 1
647 636 1
515 636 1
757 636 1
636 637 1
626 637 1
648 637 1
516 637 1
758 637 1
639 638 1
627 638 1
649 638 1
517 638 1
759 638 1
638 639 1
640 639 1
628 639 1
650 639 1
518 639 1
760 639 1
639 640 1
641 640 1
629 640 1
651 640 1
519 640 1
761 640 1
640 641 1
642 641 1
630 641 1
652 641 1
520 641 1
762 641 1
641 642 1
643 642 1
631 642 1
653 642 1
521 642 1
763 642 1
642 643 1
644 643 1
632 643 1
654 643 1
522 643 1
764 643 1
643 644 1
645 644 1
633 644 1
655 644 1
523 644 1
765 644 1
644 645 1
646 645 1
634 645 1
656 645 1
524 645 1
766 645 1
645 646 1
647 646 1
635 646 1
657 646 1
525 646 1
767 646 1
646 647 1
648 647 1
636 647 1
658 647 1
526 647 1
768 647 1
647 648 1
637 648 1
659 648 1
527 648 1
769 648 1
650 649 1
638 649 1
660 649 1
528 649 1
770 649 1
649 650 1
651 650 1
639 650 1
661 650 1
529 650 1
771 650 1
650 651 1
652 651 1
640 651 1
662 651 1
530 651 1
772 651 1
651 652 1
653 652 1
641 652 1
663 652 1
531 652 1
773 652 1
652 653 1
654 653 1
642 653 1
664 653 1
532 653 1
774 653 1
653 654 1
655 654 1
643 654 1
665 654 1
533 654 1
775 654 1
654 655 1
656 655 1
644 655 1
666 655 1
534 655 1
776 655 1
655 656 1
657 656 1
645 656 1
667 656 1
535 656 1
777 656 1
656 657 1
658 657 1
646 657 1
668 657 1
536 657 1
778 657 1
657 658 1
659 658 1
647 658 1
669 658 1
537 658 1
779 658 1
658 659 1
648 659 1
670 659 1
538 659 1
780 659 1
661 660 1
649 660 1
671 660 1
539 660 1
781 660 1
660 661 1
662 661 1
650 661 1
672 661 1
540 661 1
782 661 1
661 662 1
663 662 1
651 662 1
673 662 1
541 662 1
783 662 1
662 663 1
664 663 1
652 663 1
674 663 1
542 663 1
784 663 1
663 664 1
665 664 1
653 664 1
675 664 1
543 664 1
785 664 1
664 665 1
666 665 1
654 665 1
676 665 1
544 665 1
786 665 1
665 666 1
667 666 1
655 666 1
677 666 1
545 666 1
787 666 1
666 667 1
668 667 1
656 667 1
678 667 1
546 667 1
788 667 1
667 668 1
669 668 1
657 668 1
679 668 1
547 668 1
789 668 1
668 669 1
670 669 1
658 669 1
680 669 1
548 669 1
790 669 1
669 670 1
659 670 1
681 670 1
549 670 1
791 670 1
672 671 1
660 671 1
682 671 1
550 671 1
792 671 1
671 672 1
673 672 1
661 672 1
683 672 1
551 672 1
793 672 1
672 673 1
674 673 1
662 673 1
684 673 1
552 673 1
794 673 1
673 674 1
675 674 1
663 674 1
685 674 1
553 674 1
795 674 1
674 675 1
676 675 1
664 675 1
686 675 1
554 675 1
796 675 1
675 676 1
677 676 1
665 676 1
687 676 1
555 676 1
797 676 1
676 677 1
678 677 1
666 677 1
688 677 1
556 677 1
798 677 1
677 678 1
679 678 1
667 678 1
689 678 1
557 678 1
799 678 1
678 679 1
680 679 1
668 679 1
690 679 1
558 679 1
800 679 1
679 680 1
681 680 1
669 680 1
691 680 1
559 680 1
801 680 1
680 681 1
670 681 1
692 681 1
560 681 1
802 681 1
683 682 1
671 682 1
693 682 1
561 682 1
803 682 1
682 683 1
684 683 1
672 683 1
694 683 1
562 683 1
804 683 1
683 684 1
685 684 1
673 684 1
695 684 1
563 684 1
805 684 1
684 685 1
686 685 1
674 685 1
696 685 1
564 685 1
806 685 1
685 686 1
687 686 1
675 686 1
697 686 1
565 686 1
807 686 1
686 687 1
688 687 1
676 687 1
698 687 1
566 687 1
808 687 1
687 688 1
689 688 1
677 688 1
699 688 1
567 688 1
809 688 1
688 689 1
690 689 1
678 689 1
700 689 1
568 689 1
810 689 1
689 690 1
691 690 1
679 690 1
701 690 1
569 690 1
811 690 1
690 691 1
692 691 1
680 691 1
702 691 1
570 691 1
812 691 1
691 692 1
681 692 1
703 692 1
571 692 1
813 692 1
694 693 1
682 693 1
704 693 1
572 693 1
814 693 1
693 694 1
695 694 1
683 694 1
705 694 1
573 694 1
815 694 1
694 695 1
696 695 1
684 695 1
706 695 1
574 695 1
816 695 1
695 696 1
697 696 1
685 696 1
707 696 1
575 696 1
817 696 1
696 697 1
698 697 1
686 697 1
708 697 1
576 697 1
818 697 1
697 698 1
699 698 1
687 698 1
709 698 1
577 698 1
819 698 1
698 699 1
700 699 1
688 699 1
710 699 1
578 699 1
820 699 1
699 700 1
701 700 1
689 700 1
711 700 1
579 700 1
821 700 1
700 701 1
702 701 1
690 701 1
712 701 1
580 701 1
822 701 1
701 702 1
703 702 1
691 702 1
713 702 1
581 702 1
823 702 1
702 703 1
692 703 1
714 703 1
582 703 1
824 703 1
705 704 1
693 704 1
715 704 1
583 704 1
825 704 1
704 705 1
706 705 1
694 705 1
716 705 1
584 705 1
826 705 1
705 706 1
707 706 1
695 706 1
717 706 1
585 706 1
827 706 1
706 707 1
708 707 1
696 707 1
718 707 1
586 707 1
828 707 1
707 708 1
709 708 1
697 708 1
719 708 1
587 708 1
829 708 1
708 709 1
710 709 1
698 709 1
720 709 1
588 709 1
830 709 1
709 710 1
711 710 1
699 710 1
721 710 1
589 710 1
831 710 1
710 711 1
712 711 1
700 711 1
722 711 1
590 711 1
832 711 1
711 712 1
713 712 1
701 712 1
723 712 1
591 712 1
833 712 1
712 713 1
714 713 1
702 713 1
724 713 1
592 713 1
834 713 1
713 714 1
703 714 1
725 714 1
593 714 1
835 714 1
716 715 1
704 715 1
594 715 1
836 715 1
715 716 1
717 716 1
705 716 1
595 716 1
837 716 1
716 717 1
718 717 1
706 717 1
596 717 1
838 717 1
717 718 1
719 718 1
707 718 1
597 718 1
839 718 1
718 719 1
720 719 1
708 719 1
598 719 1
840 719 1
719 720 1
721 720 1
709 720 1
599 720 1
841 720 1
720 721 1
722 721 1
710 721 1
600 721 1
842 721 1
721 722 1
723 722 1
711 722 1
601 722 1
843 722 1
722 723 1
724 723 1
712 723 1
602 723 1
844 723 1
723 724 1
725 724 1
713 724 1
603 724 1
845 724 1
724 725 1
714 725 1
604 725 1
846 725 1
727 726 1
737 726 1
605 726 1
847 726 1
726 727 1
728 727 1
738 727 1
606 727 1
848 727 1
727 728 1
729 728 1
739 728 1
607 728 1
849 728 1
728 729 1
730 729 1
740 729 1
608 729 1
850 729 1
729 730 1
731 730 1
741 730 1
609 730 1
851 730 1
730 731 1
732 731 1
742 731 1
610 731 1
852 731 1
731 732 1
733 732 1
743 732 1
611 732 1
853 732 1
732 733 1
734 733 1
744 733 1
612 733 1
854 733 1
733 734 1
735 734 1
745 734 1
613 734 1
855 734 1
734 735 1
736 735 1
746 735 1
614 735 1
856 735 1
735 736 1
747 736 1
615 736 1
857 736 1
738 737 1
726 737 1
748 737 1
616 737 1
858 737 1
737 738 1
739 738 1
727 738 1
749 738 1
617 738 1
859 738 1
738 739 1
740 739 1
728 739 1
750 739 1
618 739 1
860 739 1
739 740 1
741 740 1
729 740 1
751 740 1
619 740 1
861 740 1
740 741 1
742 741 1
730 741 1
752 741 1
620 741 1
862 741 1
741 742 1
743 742 1
731 742 1
753 742 1
621 742 1
863 742 1
742 743 1
744 743 1
732 743 1
754 743 1
622 743 1
864 743 1
743 744 1
745 744 1
733 744 1
755 744 1
623 744 1
865 744 1
744 745 1
746 745 1
734 745 1
756 745 1
624 745 1
866 745 1
745 746 1
747 746 1
735 746 1
757 746 1
625 746 1
867 746 1
746 747 1
736 747 1
758 747 1
626 747 1
868 747 1
749 748 1
737 748 1
759 748 1
627 748 1
869 748 1
748 749 1
750 749 1
738 749 1
760 749 1
628 749 1
870 749 1
749 750 1
751 750 1
739 750 1
761 750 1
629 750 1
871 750 1
750 751 1
752 751 1
740 751 1
762 751 1
630 751 1
872 751 1
751 752 1
753 752 1
741 752 1
763 752 1
631 752 1
873 752 1
752 753 1
754 753 1
742 753 1
764 753 1
632 753 1
874 753 1
753 754 1
755 754 1
743 754 1
765 754 1
633 754 1
875 754 1
754 755 1
756 755 1
744 755 1
766 755 1
634 755 1
876 755 1
755 756 1
757 756 1
745 756 1
767 756 1
635 756 1
877 756 1
756 757 1
758 757 1
746 757 1
768 757 1
636 757 1
878 757 1
757 758 1
747 758 1
769 758 1
637 758 1
879 758 1
760 759 1
748 759 1
770 759 1
638 759 1
880 759 1
759 760 1
761 760 1
749 760 1
771 760 1
639 760 1
881 760 1
760 761 1
762 761 1
750 761 1
772 761 1
640 761 1
882 761 1
761 762 1
763 762 1
751 762 1
773 762 1
641 762 1
883 762 1
762 763 1
764 763 1
752 763 1
774 763 1
642 763 1
884 763 1
763 764 1
765 764 1
753 764 1
775 764 1
643 764 1
885 764 1
764 765 1
766 765 1
754 765 1
776 765 1
644 765 1
886 765 1
765 766 1
767 766 1
755 766 1
777 766 1
645 766 1
887 766 1
766 767 1
768 767 1
756 767 1
778 767 1
646 767 1
888 767 1
767 768 1
769 768 1
757 768 1
779 768 1
647 768 1
889 768 1
768 769 1
758 769 1
780 769 1
648 769 1
890 769 1
771 770 1
759 770 1
781 770 1
649 770 1
891 770 1
770 771 1
772 771 1
760 771 1
782 771 1
650 771 1
892 771 1
771 772 1
773 772 1
761 772 1
783 772 1
651 772 1
893 772 1
772 773 1
774 773 1
762 773 1
784 773 1
652 773 1
894 773 1
773 774 1
775 774 1
763 774 1
785 774 1
653 774 1
895 774 1
774 775 1
776 775 1
764 775 1
786 775 1
654 775 1
896 775 1
775 776 1
777 776 1
765 776 1
787 776 1
655 776 1
897 776 1
776 777 1
778 777 1
766 777 1
788 777 1
656 777 1
898 777 1
777 778 1
779 778 1
767 778 1
789 778 1
657 778 1
899 778 1
778 779 1
780 779 1
768 779 1
790 779 1
658 779 1
900 779 1
779 780 1
769 780 1
791 780 1
659 780 1
901 780 1
782 781 1
770 781 1
792 781 1
660 781 1
902 781 1
781 782 1
783 782 1
771 782 1
793 782 1
661 782 1
903 782 1
782 783 1
784 783 1
772 783 1
794 783 1
662 783 1
904 783 1
783 784 1
785 784 1
773 784 1
795 784 1
663 784 1
905 784 1
784 785 1
786 785 1
774 785 1
796 785 1
664 785 1
906 785 1
785 786 1
787 786 1
775 786 1
797 786 1
665 786 1
907 786 1
786 787 1
788 787 1
776 787 1
798 787 1
666 787 1
908 787 1
787 788 1
789 788 1
777 788 1
799 788 1
667 788 1
909 788 1
788 789 1
790 789 1
778 789 1
800 789 1
668 789 1
910 789 1
789 790 1
791 790 1
779 790 1
801 790 1
669 790 1
911 790 1
790 791 1
780 791 1
802 791 1
670 791 1
912 791 1
793 792 1
781 792 1
803 792 1
671 792 1
913 792 1
792 793 1
794 793 1
782 793 1
804 793 1
672 793 1
914 793 1
793 794 1
795 794 1
783 794 1
805 794 1
673 794 1
915 794 1
794 795 1
796 795 1
784 795 1
806 795 1
674 795 1
916 795 1
795 796 1
797 796 1
785 796 1
807 796 1
675 796 1
917 796 1
796 797 1
798 797 1
786 797 1
808 797 1
676 797 1
918 797 1
797 798 1
799 798 1
787 798 1
809 798 1
677 798 1
919 798 1
798 799 1
800 799 1
788 799 1
810 799 1
678 799 1
920 799 1
799 800 1
801 800 1
789 800 1
811 800 1
679 800 1
921 800 1
800 801 1
802 801 1
790 801 1
812 801 1
680 801 1
922 801 1
801 802 1
791 802 1
813 802 1
681 802 1
923 802 1
804 803 1
792 803 1
814 803 1
682 803 1
924 803 1
803 804 1
805 804 1
793 804 1
815 804 1
683 804 1
925 804 1
804 805 1
806 805 1
794 805 1
816 805 1
684 805 1
926 805 1
805 806 1
807 806 1
795 806 1
817 806 1
685 806 1
927 806 1
806 807 1
808 807 1
796 807 1
818 807 1
686 807 1
928 807 1
807 808 1
809 808 1
797 808 1
819 808 1
687 808 1
929 808 1
808 809 1
810 809 1
798 809 1
820 809 1
688 809 1
930 809 1
809 810 1
811 810 1
799 810 1
821 810 1
689 810 1
931 810 1
810 811 1
812 811 1
800 811 1
822 811 1
690 811 1
932 811 1
811 812 1
813 812 1
801 812 1
823 812 1
691 812 1
933 812 1
812 813 1
802 813 1
824 813 1
692 813 1
934 813 1
815 814 1
803 814 1
825 814 1
693 814 1
935 814 1
814 815 1
816 815 1
804 815 1
826 815 1
694 815 1
936 815 1
815 816 1
817 816 1
805 816 1
827 816 1
695 816 1
937 816 1
816 817 1
818 817 1
806 817 1
828 817 1
696 817 1
938 817 1
817 818 1
819 818 1
807 818 1
829 818 1
697 818 1
939 818 1
818 819 1
820 819 1
808 819 1
830 819 1
698 819 1
940 819 1
819 820 1
821 820 1
809 820 1
831 820 1
699 820 1
941 820 1
820 821 1
822 821 1
810 821 1
832 821 1
700 821 1
942 821 1
821 822 1
823 822 1
811 822 1
833 822 1
701 822 1
943 822 1
822 823 1
824 823 1
812 823 1
834 823 1
702 823 1
944 823 1
823 824 1
813 824 1
835 824 1
703 824 1
945 824 1
826 825 1
814 825 1
836 825 1
704 825 1
946 825 1
825 826 1
827 826 1
815 826 1
837 826 1
705 826 1
947 826 1
826 827 1
828 827 1
816 827 1
838 827 1
706 827 1
948 827 1
827 828 1
829 828 1
817 828 1
839 828 1
707 828 1
949 828 1
828 829 1
830 829 1
818 829 1
840 829 1
708 829 1
950 829 1
829 830 1
831 830 1
819 830 1
841 830 1
709 830 1
951 830 1
830 831 1
832 831 1
820 831 1
842 831 1
710 831 1
952 831 1
831 832 1
833 832 1
821 832 1
843 832 1
711 832 1
953 832 1
832 833 1
834 833 1
822 833 1
844 833 1
712 833 1
954 833 1
833 834 1
835 834 1
823 834 1
845 834 1
713 834 1
955 834 1
834 835 1
824 835 1
846 835 1
714 835 1
956 835 1
837 836 1
825 836 1
715 836 1
957 836 1
836 837 1
838 837 1
826 837 1
716 837 1
958 837 1
837 838 1
839 838 1
827 838 1
717 838 1
959 838 1
838 839 1
840 839 1
828 839 1
718 839 1
960 839 1
839 840 1
841 840 1
829 840 1
719 840 1
961 840 1
840 841 1
842 841 1
830 841 1
720 841 1
962 841 1
841 842 1
843 842 1
831 842 1
721 842 1
963 842 1
842 843 1
844 843 1
832 843 1
722 843 1
964 843 1
843 844 1
845 844 1
833 844 1
723 844 1
965 844 1
844 845 1
846 845 1
834 845 1
724 845 1
966 845 1
845 846 1
835 846 1
725 846 1
967 846 1
848 847 1
858 847 1
726 847 1
968 847 1
847 848 1
849 848 1
859 848 1
727 848 1
969 848 1
848 849 1
850 849 1
860 849 1
728 849 1
970 849 1
849 850 1
851 850 1
861 850 1
729 850 1
971 850 1
850 851 1
852 851 1
862 851 1
730 851 1
972 851 1
851 852 1
853 852 1
863 852 1
731 852 1
973 852 1
852 853 1
854 853 1
864 853 1
732 853 1
974 853 1
853 854 1
855 854 1
865 854 1
733 854 1
975 854 1
854 855 1
856 855 1
866 855 1
734 855 1
976 855 1
855 856 1
857 856 1
867 856 1
735 856 1
977 856 1
856 857 1
868 857 1
736 857 1
978 857 1
859 858 1
847 858 1
869 858 1
737 858 1
979 858 1
858 859 1
860 859 1
848 859 1
870 859 1
738 859 1
980 859 1
859 860 1
861 860 1
849 860 1
871 860 1
739 860 1
981 860 1
860 861 1
862 861 1
850 861 1
872 861 1
740 861 1
982 861 1
861 862 1
863 862 1
851 862 1
873 862 1
741 862 1
983 862 1
862 863 1
864 863 1
852 863 1
874 863 1
742 863 1
984 863 1
863 864 1
865 864 1
853 864 1
875 864 1
743 864 1
985 864 1
864 865 1
866 865 1
854 865 1
876 865 1
744 865 1
986 865 1
865 866 1
867 866 1
855 866 1
877 866 1
745 866 1
987 866 1
866 867 1
868 867 1
856 867 1
878 867 1
746 867 1
988 867 1
867 868 1
857 868 1
879 868 1
747 868 1
989 868 1
870 869 1
858 869 1
880 869 1
748 869 1
990 869 1
869 870 1
871 870 1
859 870 1
881 870 1
749 870 1
991 870 1
870 871 1
872 871 1
860 871 1
882 871 1
750 871 1
992 871 1
871 872 1
873 872 1
861 872 1
883 872 1
751 872 1
993 872 1
872 873 1
874 873 1
862 873 1
884 873 1
752 873 1
994 873 1
873 874 1
875 874 1
863 874 1
885 874 1
753 874 1
995 874 1
874 875 1
876 875 1
864 875 1
886 875 1
754 875 1
996 875 1
875 876 1
877 876 1
865 876 1
887 876 1
755 876 1
997 876 1
876 877 1
878 877 1
866 877 1
888 877 1
756 877 1
998 877 1
877 878 1
879 878 1
867 878 1
889 878 1
757 878 1
999 878 1
878 879 1
868 879 1
890 879 1
758 879 1
1000 879 1
881 880 1
869 880 1
891 880 1
759 880 1
1001 880 1
880 881 1
882 881 1
870 881 1
892 881 1
760 881 1
1002 881 1
881 882 1
883 882 1
871 882 1
893 882 1
761 882 1
1003 882 1
882 883 1
884 883 1
872 883 1
894 883 1
762 883 1
1004 883 1
883 884 1
885 884 1
873 884 1
895 884 1
763 884 1
1005 884 1
884 885 1
886 885 1
874 885 1
896 885 1
764 885 1
1006 885 1
885 886 1
887 886 1
875 886 1
897 886 1
765 886 1
1007 886 1
886 887 1
888 887 1
876 887 1
898 887 1
766 887 1
1008 887 1
887 888 1
889 888 1
877 888 1
899 888 1
767 888 1
1009 888 1
888 889 1
890 889 1
878 889 1
900 889 1
768 889 1
1010 889 1
889 890 1
879 890 1
901 890 1
769 890 1
1011 890 1
892 891 1
880 891 1
902 891 1
770 891 1
1012 891 1
891 892 1
893 892 1
881 892 1
903 892 1
771 892 1
1013 892 1
892 893 1
894 893 1
882 893 1
904 893 1
772 893 1
1014 893 1
893 894 1
895 894 1
883 894 1
905 894 1
773 894 1
1015 894 1
894 895 1
896 895 1
884 895 1
906 895 1
774 895 1
1016 895 1
895 896 1
897 896 1
885 896 1
907 896 1
775 896 1
1017 896 1
896 897 1
898 897 1
886 897 1
908 897 1
776 897 1
1018 897 1
897 898 1
899 898 1
887 898 1
909 898 1
777 898 1
1019 898 1
898 899 1
900 899 1
888 899 1
910 899 1
778 899 1
1020 899 1
899 900 1
901 900 1
889 900 1
911 900 1
779 900 1
1021 900 1
900 901 1
890 901 1
912 901 1
780 901 1
1022 901 1
903 902 1
891 902 1
913 902 1
781 902 1
1023 902 1
902 903 1
904 903 1
892 903 1
914 903 1
782 903 1
1024 903 1
903 904 1
905 904 1
893 904 1
915 904 1
783 904 1
1025 904 1
904 905 1
906 905 1
894 905 1
916 905 1
784 905 1
1026 905 1
905 906 1
907 906 1
895 906 1
917 906 1
785 906 1
1027 906 1
906 907 1
908 907 1
896 907 1
918 907 1
786 907 1
1028 907 1
907 908 1
909 908 1
897 908 1
919 908 1
787 908 1
1029 908 1
908 909 1
910 909 1
898 909 1
920 909 1
788 909 1
1030 909 1
909 910 1
911 910 1
899 910 1
921 910 1
789 910 1
1031 910 1
910 911 1
912 911 1
900 911 1
922 911 1
790 911 1
1032 911 1
911 912 1
901 912 1
923 912 1
791 912 1
1033 912 1
914 913 1
902 913 1
924 913 1
792 913 1
1034 913 1
913 914 1
915 914 1
903 914 1
925 914 1
793 914 1
1035 914 1
914 915 1
916 915 1
904 915 1
926 915 1
794 915 1
1036 915 1
915 916 1
917 916 1
905 916 1
927 916 1
795 916 1
1037 916 1
916 917 1
918 917 1
906 917 1
928 917 1
796 917 1
1038 917 1
917 918 1
919 918 1
907 918 1
929 918 1
797 918 1
1039 918 1
918 919 1
920 919 1
908 919 1
930 919 1
798 919 1
1040 919 1
919 920 1
921 920 1
909 920 1
931 920 1
799 920 1
1041 920 1
920 921 1
922 921 1
910 921 1
932 921 1
800 921 1
1042 921 1
921 922 1
923 922 1
911 922 1
933 922 1
801 922 1
1043 922 1
922 923 1
912 923 1
934 923 1
802 923 1
1044 923 1
925 924 1
913 924 1
935 924 1
803 924 1
1045 924 1
924 925 1
926 925 1
914 925 1
936 925 1
804 925 1
1046 925 1
925 926 1
927 926 1
915 926 1
937 926 1
805 926 1
1047 926 1
926 927 1
928 927 1
916 927 1
938 927 1
806 927 1
1048 927 1
927 928 1
929 928 1
917 928 1
939 928 1
807 928 1
1049 928 1
928 929 1
930 929 1
918 929 1
940 929 1
808 929 1
1050 929 1
929 930 1
931 930 1
919 930 1
941 930 1
809 930 1
1051 930 1
930 931 1
932 931 1
920 931 1
942 931 1
810 931 1
1052 931 1
931 932 1
933 932 1
921 932 1
943 932 1
811 932 1
1053 932 1
932 933 1
934 933 1
922 933 1
944 933 1
812 933 1
1054 933 1
933 934 1
923 934 1
945 934 1
813 934 1
1055 934 1
936 935 1
924 935 1
946 935 1
814 935 1
1056 935 1
935 936 1
937 936 1
925 936 1
947 936 1
815 936 1
1057 936 1
936 937 1
938 937 1
926 937 1
948 937 1
816 937 1
1058 937 1
937 938 1
939 938 1
927 938 1
949 938 1
817 938 1
1059 938 1
938 939 1
940 939 1
928 939 1
950 939 1
818 939 1
1060 939 1
939 940 1
941 940 1
929 940 1
951 940 1
819 940 1
1061 940 1
940 941 1
942 941 1
930 941 1
952 941 1
820 941 1
1062 941 1
941 942 1
943 942 1
931 942 1
953 942 1
821 942 1
1063 942 1
942 943 1
944 943 1
932 943 1
954 943 1
822 943 1
1064 943 1
943 944 1
945 944 1
933 944 1
955 944 1
823 944 1
1065 944 1
944 945 1
934 945 1
956 945 1
824 945 1
1066 945 1
947 946 1
935 946 1
957 946 1
825 946 1
1067 946 1
946 947 1
948 947 1
936 947 1
958 947 1
826 947 1
1068 947 1
947 948 1
949 948 1
937 948 1
959 948 1
827 948 1
1069 948 1
948 949 1
950 949 1
938 949 1
960 949 1
828 949 1
1070 949 1
949 950 1
951 950 1
939 950 1
961 950 1
829 950 1
1071 950 1
950 951 1
952 951 1
940 951 1
962 951 1
830 951 1
1072 951 1
951 952 1
953 952 1
941 952 1
963 952 1
831 952 1
1073 952 1
952 953 1
954 953 1
942 953 1
964 953 1
832 953 1
1074 953 1
953 954 1
955 954 1
943 954 1
965 954 1
833 954 1
1075 954 1
954 955 1
956 955 1
944 955 1
966 955 1
834 955 1
1076 955 1
955 956 1
945 956 1
967 956 1
835 956 1
1077 956 1
958 957 1
946 957 1
836 957 1
1078 957 1
957 958 1
959 958 1
947 958 1
837 958 1
1079 958 1
958 959 1
960 959 1
948 959 1
838 959 1
1080 959 1
959 960 1
961 960 1
949 960 1
839 960 1
1081 960 1
960 961 1
962 961 1
950 961 1
840 961 1
1082 961 1
961 962 1
963 962 1
951 962 1
841 962 1
1083 962 1
962 963 1
964 963 1
952 963 1
842 963 1
1084 963 1
963 964 1
965 964 1
953 964 1
843 964 1
1085 964 1
964 965 1
966 965 1
954 965 1
844 965 1
1086 965 1
965 966 1
967 966 1
955 966 1
845 966 1
1087 966 1
966 967 1
956 967 1
846 967 1
1088 967 1
969 968 1
979 968 1
847 968 1
1089 968 1
968 969 1
970 969 1
980 969 1
848 969 1
1090 969 1
969 970 1
971 970 1
981 970 1
849 970 1
1091 970 1
970 971 1
972 971 1
982 971 1
850 971 1
1092 971 1
971 972 1
973 972 1
983 972 1
851 972 1
1093 972 1
972 973 1
974 973 1
984 973 1
852 973 1
1094 973 1
973 974 1
975 974 1
985 974 1
853 974 1
1095 974 1
974 975 1
976 975 1
986 975 1
854 975 1
1096 975 1
975 976 1
977 976 1
987 976 1
855 976 1
1097 976 1
976 977 1
978 977 1
988 977 1
856 977 1
1098 977 1
977 978 1
989 978 1
857 978 1
1099 978 1
980 979 1
968 979 1
990 979 1
858 979 1
1100 979 1
979 980 1
981 980 1
969 980 1
991 980 1
859 980 1
1101 980 1
980 981 1
982 981 1
970 981 1
992 981 1
860 981 1
1102 981 1
981 982 1
983 982 1
971 982 1
993 982 1
861 982 1
1103 982 1
982 983 1
984 983 1
972 983 1
994 983 1
862 983 1
1104 983 1
983 984 1
985 984 1
973 984 1
995 984 1
863 984 1
1105 984 1
984 985 1
986 985 1
974 985 1
996 985 1
864 985 1
1106 985 1
985 986 1
987 986 1
975 986 1
997 986 1
865 986 1
1107 986 1
986 987 1
988 987 1
976 987 1
998 987 1
866 987 1
1108 987 1
987 988 1
989 988 1
977 988 1
999 988 1
867 988 1
1109 988 1
988 989 1
978 989 1
1000 989 1
868 989 1
1110 989 1
991 990 1
979 990 1
1001 990 1
869 990 1
1111 990 1
990 991 1
992 991 1
980 991 1
1002 991 1
870 991 1
1112 991 1
991 992 1
993 992 1
981 992 1
1003 992 1
871 992 1
1113 992 1
992 993 1
994 993 1
982 993 1
1004 993 1
872 993 1
1114 993 1
993 994 1
995 994 1
983 994 1
1005 994 1
873 994 1
1115 994 1
994 995 1
996 995 1
984 995 1
1006 995 1
874 995 1
1116 995 1
995 996 1
997 996 1
985 996 1
1007 996 1
875 996 1
1117 996 1
996 997 1
998 997 1
986 997 1
1008 997 1
876 997 1
1118 997 1
997 998 1
999 998 1
987 998 1
1009 998 1
877 998 1
1119 998 1
998 999 1
1000 999 1
988 999 1
1010 999 1
878 999 1
1120 999 1
999 1000 1
989 1000 1
1011 1000 1
879 1000 1
1121 1000 1
1002 1001 1
990 1001 1
1012 1001 1
880 1001 1
1122 1001 1
1001 1002 1
1003 1002 1
991 1002 1
1013 1002 1
881 1002 1
1123 1002 1
1002 1003 1
1004 1003 1
992 1003 1
1014 1003 1
882 1003 1
1124 1003 1
1003 1004 1
1005 1004 1
993 1004 1
1015 1004 1
883 1004 1
1125 1004 1
1004 1005 1
1006 1005 1
994 1005 1
1016 1005 1
884 1005 1
1126 1005 1
1005 1006 1
1007 1006 1
995 1006 1
1017 1006 1
885 1006 1
1127 1006 1
1006 1007 1
1008 1007 1
996 1007 1
1018 1007 1
886 1007 1
1128 1007 1
1007 1008 1
1009 1008 1
997 1008 1
1019 1008 1
887 1008 1
1129 1008 1
1008 1009 1
1010 1009 1
998 1009 1
1020 1009 1
888 1009 1
1130 1009 1
1009 1010 1
1011 1010 1
999 1010 1
1021 1010 1
889 1010 1
1131 1010 1
1010 1011 1
1000 1011 1
1022 1011 1
890 1011 1
1132 1011 1
1013 1012 1
1001 1012 1
1023 1012 1
891 1012 1
1133 1012 1
1012 1013 1
1014 1013 1
1002 1013 1
1024 1013 1
892 1013 1
1134 1013 1
1013 1014 1
1015 1014 1
1003 1014 1
1025 1014 1
893 1014 1
1135 1014 1
1014 1015 1
1016 1015 1
1004 1015 1
1026 1015 1
894 1015 1
1136 1015 1
1015 1016 1
1017 1016 1
1005 1016 1
1027 1016 1
895 1016 1
1137 1016 1
1016 1017 1
1018 1017 1
1006 1017 1
1028 1017 1
896 1017 1
1138 1017 1
1017 1018 1
1019 1018 1
1007 1018 1
1029 1018 1
897 1018 1
1139 1018 1
1018 1019 1
1020 1019 1
1008 1019 1
1030 1019 1
898 1019 1
1140 1019 1
1019 1020 1
1021 1020 1
1009 1020 1
1031 1020 1
899 1020 1
1141 1020 1
1020 1021 1
1022 1021 1
1010 1021 1
1032 1021 1
900 1021 1
1142 1021 1
1021 1022 1
1011 1022 1
1033 1022 1
901 1022 1
1143 1022 1
1024 1023 1
1012 1023 1
1034 1023 1
902 1023 1
1144 1023 1
1023 1024 1
1025 1024 1
1013 1024 1
1035 1024 1
903 1024 1
1145 1024 1
1024 1025 1
1026 1025 1
1014 1025 1
1036 1025 1
904 1025 1
1146 1025 1
1025 1026 1
1027 1026 1
1015 1026 1
1037 1026 1
905 1026 1
1147 1026 1
1026 1027 1
1028 1027 1
1016 1027 1
1038 1027 1
906 1027 1
1148 1027 1
1027 1028 1
1029 1028 1
1017 1028 1
1039 1028 1
907 1028 1
1149 1028 1
1028 1029 1
1030 1029 1
1018 1029 1
1040 1029 1
908 1029 1
1150 1029 1
1029 1030 1
1031 1030 1
1019 1030 1
1041 1030 1
909 1030 1
1151 1030 1
1030 1031 1
1032 1031 1
1020 1031 1
1042 1031 1
910 1031 1
1152 1031 1
1031 1032 1
1033 1032 1
1021 1032 1
1043 1032 1
911 1032 1
1153 1032 1
1032 1033 1
1022 1033 1
1044 1033 1
912 1033 1
1154 1033 1
1035 1034 1
1023 1034 1
1045 1034 1
913 1034 1
1155 1034 1
1034 1035 1
1036 1035 1
1024 1035 1
1046 1035 1
914 1035 1
1156 1035 1
1035 1036 1
1037 1036 1
1025 1036 1
1047 1036 1
915 1036 1
1157 1036 1
1036 1037 1
1038 1037 1
1026 1037 1
1048 1037 1
916 1037 1
1158 1037 1
1037 1038 1
1039 1038 1
1027 1038 1
1049 1038 1
917 1038 1
1159 1038 1
1038 1039 1
1040 1039 1
1028 1039 1
1050 1039 1
918 1039 1
1160 1039 1
1039 1040 1
1041 1040 1
1029 1040 1
1051 1040 1
919 1040 1
1161 1040 1
1040 1041 1
1042 1041 1
1030 1041 1
1052 1041 1
920 1041 1
1162 1041 1
1041 1042 1
1043 1042 1
1031 1042 1
1053 1042 1
921 1042 1
1163 1042 1
1042 1043 1
1044 1043 1
1032 1043 1
1054 1043 1
922 1043 1
1164 1043 1
1043 1044 1
1033 1044 1
1055 1044 1
923 1044 1
1165 1044 1
1046 1045 1
1034 1045 1
1056 1045 1
924 1045 1
1166 1045 1
1045 1046 1
1047 1046 1
1035 1046 1
1057 1046 1
925 1046 1
1167 1046 1
1046 1047 1
1048 1047 1
1036 1047 1
1058 1047 1
926 1047 1
1168 1047 1
1047 1048 1
1049 1048 1
1037 1048 1
1059 1048 1
927 1048 1
1169 1048 1
1048 1049 1
1050 1049 1
1038 1049 1
1060 1049 1
928 1049 1
1170 1049 1
1049 1050 1
1051 1050 1
1039 1050 1
1061 1050 1
929 1050 1
1171 1050 1
1050 1051 1
1052 1051 1
1040 1051 1
1062 1051 1
930 1051 1
1172 1051 1
1051 1052 1
1053 1052 1
1041 1052 1
1063 1052 1
931 1052 1
1173 1052 1
1052 1053 1
1054 1053 1
1042 1053 1
1064 1053 1
932 1053 1
1174 1053 1
1053 1054 1
1055 1054 1
1043 1054 1
1065 1054 1
933 1054 1
1175 1054 1
1054 1055 1
1044 1055 1
1066 1055 1
934 1055 1
1176 1055 1
1057 1056 1
1045 1056 1
1067 1056 1
935 1056 1
1177 1056 1
1056 1057 1
1058 1057 1
1046 1057 1
1068 1057 1
936 1057 1
1178 1057 1
1057 1058 1
1059 1058 1
1047 1058 1
1069 1058 1
937 1058 1
1179 1058 1
1058 1059 1
1060 1059 1
1048 1059 1
1070 1059 1
938 1059 1
1180 1059 1
1059 1060 1
1061 1060 1
1049 1060 1
1071 1060 1
939 1060 1
1181 1060 1
1060 1061 1
1062 1061 1
1050 1061 1
1072 1061 1
940 1061 1
1182 1061 1
1061 1062 1
1063 1062 1
1051 1062 1
1073 1062 1
941 1062 1
1183 1062 1
1062 1063 1
1064 1063 1
1052 1063 1
1074 1063 1
942 1063 1
1184 1063 1
1063 1064 1
1065 1064 1
1053 1064 1
1075 1064 1
943 1064 1
1185 1064 1
1064 1065 1
1066 1065 1
1054 1065 1
1076 1065 1
944 1065 1
1186 1065 1
1065 1066 1
1055 1066 1
1077 1066 1
945 1066 1
1187 1066 1
1068 1067 1
1056 1067 1
1078 1067 1
946 1067 1
1188 1067 1
1067 1068 1
1069 1068 1
1057 1068 1
1079 1068 1
947 1068 1
1189 1068 1
1068 1069 1
1070 1069 1
1058 1069 1
1080 1069 1
948 1069 1
1190 1069 1
1069 1070 1
1071 1070 1
1059 1070 1
1081 1070 1
949 1070 1
1191 1070 1
1070 1071 1
1072 1071 1
1060 1071 1
1082 1071 1
950 1071 1
1192 1071 1
1071 1072 1
1073 1072 1
1061 1072 1
1083 1072 1
951 1072 1
1193 1072 1
1072 1073 1
1074 1073 1
1062 1073 1
1084 1073 1
952 1073 1
1194 1073 1
1073 1074 1
1075 1074 1
1063 1074 1
1085 1074 1
953 1074 1
1195 1074 1
1074 1075 1
1076 1075 1
1064 1075 1
1086 1075 1
954 1075 1
1196 1075 1
1075 1076 1
1077 1076 1
1065 1076 1
1087 1076 1
955 1076 1
1197 1076 1
1076 1077 1
1066 1077 1
1088 1077 1
956 1077 1
1198 1077 1
1079 1078 1
1067 1078 1
957 1078 1
1199 1078 1
1078 1079 1
1080 1079 1
1068 1079 1
958 1079 1
1200 1079 1
1079 1080 1
1081 1080 1
1069 1080 1
959 1080 1
1201 1080 1
1080 1081 1
1082 1081 1
1070 1081 1
960 1081 1
1202 1081 1
1081 1082 1
1083 1082 1
1071 1082 1
961 1082 1
1203 1082 1
1082 1083 1
1084 1083 1
1072 1083 1
962 1083 1
1204 1083 1
1083 1084 1
1085 1084 1
1073 1084 1
963 1084 1
1205 1084 1
1084 1085 1
1086 1085 1
1074 1085 1
964 1085 1
1206 1085 1
1085 1086 1
1087 1086 1
1075 1086 1
965 1086 1
1207 1086 1
1086 1087 1
1088 1087 1
1076 1087 1
966 1087 1
1208 1087 1
1087 1088 1
1077 1088 1
967 1088 1
1209 1088 1
1090 1089 1
1100 1089 1
968 1089 1
1210 1089 1
1089 1090 1
1091 1090 1
1101 1090 1
969 1090 1
1211 1090 1
1090 1091 1
1092 1091 1
1102 1091 1
970 1091 1
1212 1091 1
1091 1092 1
1093 1092 1
1103 1092 1
971 1092 1
1213 1092 1
1092 1093 1
1094 1093 1
1104 1093 1
972 1093 1
1214 1093 1
1093 1094 1
1095 1094 1
1105 1094 1
973 1094 1
1215 1094 1
1094 1095 1
1096 1095 1
1106 1095 1
974 1095 1
1216 1095 1
1095 1096 1
1097 1096 1
1107 1096 1
975 1096 1
1217 1096 1
1096 1097 1
1098 1097 1
1108 1097 1
976 1097 1
1218 1097 1
1097 1098 1
1099 1098 1
1109 1098 1
977 1098 1
1219 1098 1
1098 1099 1
1110 1099 1
978 1099 1
1220 1099 1
1101 1100 1
1089 1100 1
1111 1100 1
979 1100 1
1221 1100 1
1100 1101 1
1102 1101 1
1090 1101 1
1112 1101 1
980 1101 1
1222 1101 1
1101 1102 1
1103 1102 1
1091 1102 1
1113 1102 1
981 1102 1
1223 1102 1
1102 1103 1
1104 1103 1
1092 1103 1
1114 1103 1
982 1103 1
1224 1103 1
1103 1104 1
1105 1104 1
1093 1104 1
1115 1104 1
983 1104 1
1225 1104 1
1104 1105 1
1106 1105 1
1094 1105 1
1116 1105 1
984 1105 1
1226 1105 1
1105 1106 1
1107 1106 1
1095 1106 1
1117 1106 1
985 1106 1
1227 1106 1
1106 1107 1
1108 1107 1
1096 1107 1
1118 1107 1
986 1107 1
1228 1107 1
1107 1108 1
1109 1108 1
1097 1108 1
1119 1108 1
987 1108 1
1229 1108 1
1108 1109 1
1110 1109 1
1098 1109 1
1120 1109 1
988 1109 1
1230 1109 1
1109 1110 1
1099 1110 1
1121 1110 1
989 1110 1
1231 1110 1
1112 1111 1
1100 1111 1
1122 1111 1
990 1111 1
1232 1111 1
1111 1112 1
1113 1112 1
1101 1112 1
1123 1112 1
991 1112 1
1233 1112 1
1112 1113 1
1114 1113 1
1102 1113 1
1124 1113 1
992 1113 1
1234 1113 1
1113 1114 1
1115 1114 1
1103 1114 1
1125 1114 1
993 1114 1
1235 1114 1
1114 1115 1
1116 1115 1
1104 1115 1
1126 1115 1
994 1115 1
1236 1115 1
1115 1116 1
1117 1116 1
1105 1116 1
1127 1116 1
995 1116 1
1237 1116 1
1116 1117 1
1118 1117 1
1106 1117 1
1128 1117 1
996 1117 1
1238 1117 1
1117 1118 1
1119 1118 1
1107 1118 1
1129 1118 1
997 1118 1
1239 1118 1
1118 1119 1
1120 1119 1
1108 1119 1
1130 1119 1
998 1119 1
1240 1119 1
1119 1120 1
1121 1120 1
1109 1120 1
1131 1120 1
999 1120 1
1241 1120 1
1120 1121 1
1110 1121 1
1132 1121 1
1000 1121 1
1242 1121 1
1123 1122 1
1111 1122 1
1133 1122 1
1001 1122 1
1243 1122 1
1122 1123 1
1124 1123 1
1112 1123 1
1134 1123 1
1002 1123 1
1244 1123 1
1123 1124 1
1125 1124 1
1113 1124 1
1135 1124 1
1003 1124 1
1245 1124 1
1124 1125 1
1126 1125 1
1114 1125 1
1136 1125 1
1004 1125 1
1246 1125 1
1125 1126 1
1127 1126 1
1115 1126 1
1137 1126 1
1005 1126 1
1247 1126 1
1126 1127 1
1128 1127 1
1116 1127 1
1138 1127 1
1006 1127 1
1248 1127 1
1127 1128 1
1129 1128 1
1117 1128 1
1139 1128 1
1007 1128 1
1249 1128 1
1128 1129 1
1130 1129 1
1118 1129 1
1140 1129 1
1008 1129 1
1250 1129 1
1129 1130 1
1131 1130 1
1119 1130 1
1141 1130 1
1009 1130 1
1251 1130 1
1130 1131 1
1132 1131 1
1120 1131 1
1142 1131 1
1010 1131 1
1252 1131 1
1131 1132 1
1121 1132 1
1143 1132 1
1011 1132 1
1253 1132 1
1134 1133 1
1122 1133 1
1144 1133 1
1012 1133 1
1254 1133 1
1133 1134 1
1135 1134 1
1123 1134 1
1145 1134 1
1013 1134 1
1255 1134 1
1134 1135 1
1136 1135 1
1124 1135 1
1146 1135 1
1014 1135 1
1256 1135 1
1135 1136 1
1137 1136 1
1125 1136 1
1147 1136 1
1015 1136 1
1257 1136 1
1136 1137 1
1138 1137 1
1126 1137 1
1148 1137 1
1016 1137 1
1258 1137 1
1137 1138 1
1139 1138 1
1127 1138 1
1149 1138 1
1017 1138 1
1259 1138 1
1138 1139 1
1140 1139 1
1128 1139 1
1150 1139 1
1018 1139 1
1260 1139 1
1139 1140 1
1141 1140 1
1129 1140 1
1151 1140 1
1019 1140 1
1261 1140 1
1140 1141 1
1142 1141 1
1130 1141 1
1152 1141 1
1020 1141 1
1262 1141 1
1141 1142 1
1143 1142 1
1131 1142 1
1153 1142 1
1021 1142 1
1263 1142 1
1142 1143 1
1132 1143 1
1154 1143 1
1022 1143 1
1264 1143 1
1145 1144 1
1133 1144 1
1155 1144 1
1023 1144 1
1265 1144 1
1144 1145 1
1146 1145 1
1134 1145 1
1156 1145 1
1024 1145 1
1266 1145 1
1145 1146 1
1147 1146 1
1135 1146 1
1157 1146 1
1025 1146 1
1267 1146 1
1146 1147 1
1148 1147 1
1136 1147 1
1158 1147 1
1026 1147 1
1268 1147 1
1147 1148 1
1149 1148 1
1137 1148 1
1159 1148 1
1027 1148 1
1269 1148 1
1148 1149 1
1150 1149 1
1138 1149 1
1160 1149 1
1028 1149 1
1270 1149 1
1149 1150 1
1151 1150 1
1139 1150 1
1161 1150 1
1029 1150 1
1271 1150 1
1150 1151 1
1152 1151 1
1140 1151 1
1162 1151 1
1030 1151 1
1272 1151 1
1151 1152 1
1153 1152 1
1141 1152 1
1163 1152 1
1031 1152 1
1273 1152 1
1152 1153 1
1154 1153 1
1142 1153 1
1164 1153 1
1032 1153 1
1274 1153 1
1153 1154 1
1143 1154 1
1165 1154 1
1033 1154 1
1275 1154 1
1156 1155 1
1144 1155 1
1166 1155 1
1034 1155 1
1276 1155 1
1155 1156 1
1157 1156 1
1145 1156 1
1167 1156 1
1035 1156 1
1277 1156 1
1156 1157 1
1158 1157 1
1146 1157 1
1168 1157 1
1036 1157 1
1278 1157 1
1157 1158 1
1159 1158 1
1147 1158 1
1169 1158 1
1037 1158 1
1279 1158 1
1158 1159 1
1160 1159 1
1148 1159 1
1170 1159 1
1038 1159 1
1280 1159 1
1159 1160 1
1161 1160 1
1149 1160 1
1171 1160 1
1039 1160 1
1281 1160 1
1160 1161 1
1162 1161 1
1150 1161 1
1172 1161 1
1040 1161 1
1282 1161 1
1161 1162 1
1163 1162 1
1151 1162 1
1173 1162 1
1041 1162 1
1283 1162 1
1162 1163 1
1164 1163 1
1152 1163 1
1174 1163 1
1042 1163 1
1284 1163 1
1163 1164 1
1165 1164 1
1153 1164 1
1175 1164 1
1043 1164 1
1285 1164 1
1164 1165 1
1154 1165 1
1176 1165 1
1044 1165 1
1286 1165 1
1167 1166 1
1155 1166 1
1177 1166 1
1045 1166 1
1287 1166 1
1166 1167 1
1168 1167 1
1156 1167 1
1178 1167 1
1046 1167 1
1288 1167 1
1167 1168 1
1169 1168 1
1157 1168 1
1179 1168 1
1047 1168 1
1289 1168 1
1168 1169 1
1170 1169 1
1158 1169 1
1180 1169 1
1048 1169 1
1290 1169 1
1169 1170 1
1171 1170 1
1159 1170 1
1181 1170 1
1049 1170 1
1291 1170 1
1170 1171 1
1172 1171 1
1160 1171 1
1182 1171 1
1050 1171 1
1292 1171 1
1171 1172 1
1173 1172 1
1161 1172 1
1183 1172 1
1051 1172 1
1293 1172 1
1172 1173 1
1174 1173 1
1162 1173 1
1184 1173 1
1052 1173 1
1294 1173 1
1173 1174 1
1175 1174 1
1163 1174 1
1185 1174 1
1053 1174 1
1295 1174 1
1174 1175 1
1176 1175 1
1164 1175 1
1186 1175 1
1054 1175 1
1296 1175 1
1175 1176 1
1165 1176 1
1187 1176 1
1055 1176 1
1297 1176 1
1178 1177 1
1166 1177 1
1188 1177 1
1056 1177 1
1298 1177 1
1177 1178 1
1179 1178 1
1167 1178 1
1189 1178 1
1057 1178 1
1299 1178 1
1178 1179 1
1180 1179 1
1168 1179 1
1190 1179 1
1058 1179 1
1300 1179 1
1179 1180 1
1181 1180 1
1169 1180 1
1191 1180 1
1059 1180 1
1301 1180 1
1180 1181 1
1182 1181 1
1170 1181 1
1192 1181 1
1060 1181 1
1302 1181 1
1181 1182 1
1183 1182 1
1171 1182 1
1193 1182 1
1061 1182 1
1303 1182 1
1182 1183 1
1184 1183 1
1172 1183 1
1194 1183 1
1062 1183 1
1304 1183 1
1183 1184 1
1185 1184 1
1173 1184 1
1195 1184 1
1063 1184 1
1305 1184 1
1184 1185 1
1186 1185 1
1174 1185 1
1196 1185 1
1064 1185 1
1306 1185 1
1185 1186 1
1187 1186 1
1175 1186 1
1197 1186 1
1065 1186 1
1307 1186 1
1186 1187 1
1176 1187 1
1198 1187 1
1066 1187 1
1308 1187 1
1189 1188 1
1177 1188 1
1199 1188 1
1067 1188 1
1309 1188 1
1188 1189 1
1190 1189 1
1178 1189 1
1200 1189 1
1068 1189 1
1310 1189 1
1189 1190 1
1191 1190 1
1179 1190 1
1201 1190 1
1069 1190 1
1311 1190 1
1190 1191 1
1192 1191 1
1180 1191 1
1202 1191 1
1070 1191 1
1312 1191 1
1191 1192 1
1193 1192 1
1181 1192 1
1203 1192 1
1071 1192 1
1313 1192 1
1192 1193 1
1194 1193 1
1182 1193 1
1204 1193 1
1072 1193 1
1314 1193 1
1193 1194 1
1195 1194 1
1183 1194 1
1205 1194 1
1073 1194 1
1315 1194 1
1194 1195 1
1196 1195 1
1184 1195 1
1206 1195 1
1074 1195 1
1316 1195 1
1195 1196 1
1197 1196 1
1185 1196 1
1207 1196 1
1075 1196 1
1317 1196 1
1196 1197 1
1198 1197 1
1186 1197 1
1208 1197 1
1076 1197 1
1318 1197 1
1197 1198 1
1187 1198 1
1209 1198 1
1077 1198 1
1319 1198 1
1200 1199 1
1188 1199 1
1078 1199 1
1320 1199 1
1199 1200 1
1201 1200 1
1189 1200 1
1079 1200 1
1321 1200 1
1200 1201 1
1202 1201 1
1190 1201 1
1080 1201 1
1322 1201 1
1201 1202 1
1203 1202 1
1191 1202 1
1081 1202 1
1323 1202 1
1202 1203 1
1204 1203 1
1192 1203 1
1082 1203 1
1324 1203 1
1203 1204 1
1205 1204 1
1193 1204 1
1083 1204 1
1325 1204 1
1204 1205 1
1206 1205 1
1194 1205 1
1084 1205 1
1326 1205 1
1205 1206 1
1207 1206 1
1195 1206 1
1085 1206 1
1327 1206 1
1206 1207 1
1208 1207 1
1196 1207 1
1086 1207 1
1328 1207 1
1207 1208 1
1209 1208 1
1197 1208 1
1087 1208 1
1329 1208 1
1208 1209 1
1198 1209 1
1088 1209 1
1330 1209 1
1211 1210 1
1221 1210 1
1089 1210 1
1210 1211 1
1212 1211 1
1222 1211 1
1090 1211 1
1211 1212 1
1213 1212 1
1223 1212 1
1091 1212 1
1212 1213 1
1214 1213 1
1224 1213 1
1092 1213 1
1213 1214 1
1215 1214 1
1225 1214 1
1093 1214 1
1214 1215 1
1216 1215 1
1226 1215 1
1094 1215 1
1215 1216 1
1217 1216 1
1227 1216 1
1095 1216 1
1216 1217 1
1218 1217 1
1228 1217 1
1096 1217 1
1217 1218 1
1219 1218 1
1229 1218 1
1097 1218 1
1218 1219 1
1220 1219 1
1230 1219 1
1098 1219 1
1219 1220 1
1231 1220 1
1099 1220 1
1222 1221 1
1210 1221 1
1232 1221 1
1100 1221 1
1221 1222 1
1223 1222 1
1211 1222 1
1233 1222 1
1101 1222 1
1222 1223 1
1224 1223 1
1212 1223 1
1234 1223 1
1102 1223 1
1223 1224 1
1225 1224 1
1213 1224 1
1235 1224 1
1103 1224 1
1224 1225 1
1226 1225 1
1214 1225 1
1236 1225 1
1104 1225 1
1225 1226 1
1227 1226 1
1215 1226 1
1237 1226 1
1105 1226 1
1226 1227 1
1228 1227 1
1216 1227 1
1238 1227 1
1106 1227 1
1227 1228 1
1229 1228 1
1217 1228 1
1239 1228 1
1107 1228 1
1228 1229 1
1230 1229 1
1218 1229 1
1240 1229 1
1108 1229 1
1229 1230 1
1231 1230 1
1219 1230 1
1241 1230 1
1109 1230 1
1230 1231 1
1220 1231 1
1242 1231 1
1110 1231 1
1233 1232 1
1221 1232 1
1243 1232 1
1111 1232 1
1232 1233 1
1234 1233 1
1222 1233 1
1244 1233 1
1112 1233 1
1233 1234 1
1235 1234 1
1223 1234 1
1245 1234 1
1113 1234 1
1234 1235 1
1236 1235 1
1224 1235 1
1246 1235 1
1114 1235 1
1235 1236 1
1237 1236 1
1225 1236 1
1247 1236 1
1115 1236 1
1236 1237 1
1238 1237 1
1226 1237 1
1248 1237 1
1116 1237 1
1237 1238 1
1239 1238 1
1227 1238 1
1249 1238 1
1117 1238 1
1238 1239 1
1240 1239 1
1228 1239 1
1250 1239 1
1118 1239 1
1239 1240 1
1241 1240 1
1229 1240 1
1251 1240 1
1119 1240 1
1240 1241 1
1242 1241 1
1230 1241 1
1252 1241 1
1120 1241 1
1241 1242 1
1231 1242 1
1253 1242 1
1121 1242 1
1244 1243 1
1232 1243 1
1254 1243 1
1122 1243 1
1243 1244 1
1245 1244 1
1233 1244 1
1255 1244 1
1123 1244 1
1244 1245 1
1246 1245 1
1234 1245 1
1256 1245 1
1124 1245 1
1245 1246 1
1247 1246 1
1235 1246 1
1257 1246 1
1125 1246 1
1246 1247 1
1248 1247 1
1236 1247 1
1258 1247 1
1126 1247 1
1247 1248 1
1249 1248 1
1237 1248 1
1259 1248 1
1127 1248 1
1248 1249 1
1250 1249 1
1238 1249 1
1260 1249 1
1128 1249 1
1249 1250 1
1251 1250 1
1239 1250 1
1261 1250 1
1129 1250 1
1250 1251 1
1252 1251 1
1240 1251 1
1262 1251 1
1130 1251 1
1251 1252 1
1253 1252 1
1241 1252 1
1263 1252 1
1131 1252 1
1252 1253 1
1242 1253 1
1264 1253 1
1132 1253 1
1255 1254 1
1243 1254 1
1265 1254 1
1133 1254 1
1254 1255 1
1256 1255 1
1244 1255 1
1266 1255 1
1134 1255 1
1255 1256 1
1257 1256 1
1245 1256 1
1267 1256 1
1135 1256 1
1256 1257 1
1258 1257 1
1246 1257 1
1268 1257 1
1136 1257 1
1257 1258 1
1259 1258 1
1247 1258 1
1269 1258 1
1137 1258 1
1258 1259 1
1260 1259 1
1248 1259 1
1270 1259 1
1138 1259 1
1259 1260 1
1261 1260 1
1249 1260 1
1271 1260 1
1139 1260 1
1260 1261 1
1262 1261 1
1250 1261 1
1272 1261 1
1140 1261 1
1261 1262 1
1263 1262 1
1251 1262 1
1273 1262 1
1141 1262 1
1262 1263 1
1264 1263 1
1252 1263 1
1274 1263 1
1142 1263 1
1263 1264 1
1253 1264 1
1275 1264 1
1143 1264 1
1266 1265 1
1254 1265 1
1276 1265 1
1144 1265 1
1265 1266 1
1267 1266 1
1255 1266 1
1277 1266 1
1145 1266 1
1266 1267 1
1268 1267 1
1256 1267 1
1278 1267 1
1146 1267 1
1267 1268 1
1269 1268 1
1257 1268 1
1279 1268 1
1147 1268 1
1268 1269 1
1270 1269 1
1258 1269 1
1280 1269 1
1148 1269 1
1269 1270 1
1271 1270 1
1259 1270 1
1281 1270 1
1149 1270 1
1270 1271 1
1272 1271 1
1260 1271 1
1282 1271 1
1150 1271 1
1271 1272 1
1273 1272 1
1261 1272 1
1283 1272 1
1151 1272 1
1272 1273 1
1274 1273 1
1262 1273 1
1284 1273 1
1152 1273 1
1273 1274 1
1275 1274 1
1263 1274 1
1285 1274 1
1153 1274 1
1274 1275 1
1264 1275 1
1286 1275 1
1154 1275 1
1277 1276 1
1265 1276 1
1287 1276 1
1155 1276 1
1276 1277 1
1278 1277 1
1266 1277 1
1288 1277 1
1156 1277 1
1277 1278 1
1279 1278 1
1267 1278 1
1289 1278 1
1157 1278 1
1278 1279 1
1280 1279 1
1268 1279 1
1290 1279 1
1158 1279 1
1279 1280 1
1281 1280 1
1269 1280 1
1291 1280 1
1159 1280 1
1280 1281 1
1282 1281 1
1270 1281 1
1292 1281 1
1160 1281 1
1281 1282 1
1283 1282 1
1271 1282 1
1293 1282 1
1161 1282 1
1282 1283 1
1284 1283 1
1272 1283 1
1294 1283 1
1162 1283 1
1283 1284 1
1285 1284 1
1273 1284 1
1295 1284 1
1163 1284 1
1284 1285 1
1286 1285 1
1274 1285 1
1296 1285 1
1164 1285 1
1285 1286 1
1275 1286 1
1297 1286 1
1165 1286 1
1288 1287 1
1276 1287 1
1298 1287 1
1166 1287 1
1287 1288 1
1289 1288 1
1277 1288 1
1299 1288 1
1167 1288 1
1288 1289 1
1290 1289 1
1278 1289 1
1300 1289 1
1168 1289 1
1289 1290 1
1291 1290 1
1279 1290 1
1301 1290 1
1169 1290 1
1290 1291 1
1292 1291 1
1280 1291 1
1302 1291 1
1170 1291 1
1291 1292 1
1293 1292 1
1281 1292 1
1303 1292 1
1171 1292 1
1292 1293 1
1294 1293 1
1282 1293 1
1304 1293 1
1172 1293 1
1293 1294 1
1295 1294 1
1283 1294 1
1305 1294 1
1173 1294 1
1294 1295 1
1296 1295 1
1284 1295 1
1306 1295 1
1174 1295 1
1295 1296 1
1297 1296 1
1285 1296 1
1307 1296 1
1175 1296 1
1296 1297 1
1286 1297 1
1308 1297 1
1176 1297 1
1299 1298 1
1287 1298 1
1309 1298 1
1177 1298 1
1298 1299 1
1300 1299 1
1288 1299 1
1310 1299 1
1178 1299 1
1299 1300 1
1301 1300 1
1289 1300 1
1311 1300 1
1179 1300 1
1300 1301 1
1302 1301 1
1290 1301 1
1312 1301 1
1180 1301 1
1301 1302 1
1303 1302 1
1291 1302 1
1313 1302 1
1181 1302 1
1302 1303 1
1304 1303 1
1292 1303 1
1314 1303 1
1182 1303 1
1303 1304 1
1305 1304 1
1293 1304 1
1315 1304 1
1183 1304 1
1304 1305 1
1306 1305 1
1294 1305 1
1316 1305 1
1184 1305 1
1305 1306 1
1307 1306 1
1295 1306 1
1317 1306 1
1185 1306 1
1306 1307 1
1308 1307 1
1296 1307 1
1318 1307 1
1186 1307 1
1307 1308 1
1297 1308 1
1319 1308 1
1187 1308 1
1310 1309 1
1298 1309 1
1320 1309 1
1188 1309 1
1309 1310 1
1311 1310 1
1299 1310 1
1321 1310 1
1189 1310 1
1310 1311 1
1312 1311 1
1300 1311 1
1322 1311 1
1190 1311 1
1311 1312 1
1313 1312 1
1301 1312 1
1323 1312 1
1191 1312 1
1312 1313 1
1314 1313 1
1302 1313 1
1324 1313 1
1192 1313 1
1313 1314 1
1315 1314 1
1303 1314 1
1325 1314 1
1193 1314 1
1314 1315 1
1316 1315 1
1304 1315 1
1326 1315 1
1194 1315 1
1315 1316 1
1317 1316 1
1305 1316 1
1327 1316 1
1195 1316 1
1316 1317 1
1318 1317 1
1306 1317 1
1328 1317 1
1196 1317 1
1317 1318 1
1319 1318 1
1307 1318 1
1329 1318 1
1197 1318 1
1318 1319 1
1308 1319 1
1330 1319 1
1198 1319 1
1321 1320 1
1309 1320 1
1199 1320 1
1320 1321 1
1322 1321 1
1310 1321 1
1200 1321 1
1321 1322 1
1323 1322 1
1311 1322 1
1201 1322 1
1322 1323 1
1324 1323 1
1312 1323 1
1202 1323 1
1323 1324 1
1325 1324 1
1313 1324 1
1203 1324 1
1324 1325 1
1326 1325 1
1314 1325 1
1204 1325 1
1325 1326 1
1327 1326 1
1315 1326 1
1205 1326 1
1326 1327 1
1328 1327 1
1316 1327 1
1206 1327 1
1327 1328 1
1329 1328 1
1317 1328 1
1207 1328 1
1328 1329 1
1330 1329 1
1318 1329 1
1208 1329 1
1329 1330 1
1319 1330 1
1209 1330 1
