0 0 -1
0 1 1
1 1 -1
1 2 1
2 2 -1
2 3 1
3 3 -1
3 4 1
4 4 -1
4 5 1
5 5 -1
5 6 1
6 6 -1
6 7 1
7 7 -1
7 8 1
8 8 -1
8 9 1
9 9 -1
9 10 1
10 11 -1
10 12 1
11 12 -1
11 13 1
12 13 -1
12 14 1
13 14 -1
13 15 1
14 15 -1
14 16 1
15 16 -1
15 17 1
16 17 -1
16 18 1
17 18 -1
17 19 1
18 19 -1
18 20 1
19 20 -1
19 21 1
20 22 -1
20 23 1
21 23 -1
21 24 1
22 24 -1
22 25 1
23 25 -1
23 26 1
24 26 -1
24 27 1
25 27 -1
25 28 1
26 28 -1
26 29 1
27 29 -1
27 30 1
28 30 -1
28 31 1
29 31 -1
29 32 1
30 33 -1
30 34 1
31 34 -1
31 35 1
32 35 -1
32 36 1
33 36 -1
33 37 1
34 37 -1
34 38 1
35 38 -1
35 39 1
36 39 -1
36 40 1
37 40 -1
37 41 1
38 41 -1
38 42 1
39 42 -1
39 43 1
40 44 -1
40 45 1
41 45 -1
41 46 1
42 46 -1
42 47 1
43 47 -1
43 48 1
44 48 -1
44 49 1
45 49 -1
45 50 1
46 50 -1
46 51 1
47 51 -1
47 52 1
48 52 -1
48 53 1
49 53 -1
49 54 1
50 55 -1
50 56 1
51 56 -1
51 57 1
52 57 -1
52 58 1
53 58 -1
53 59 1
54 59 -1
54 60 1
55 60 -1
55 61 1
56 61 -1
56 62 1
57 62 -1
57 63 1
58 63 -1
58 64 1
59 64 -1
59 65 1
60 66 -1
60 67 1
61 67 -1
61 68 1
62 68 -1
62 69 1
63 69 -1
63 70 1
64 70 -1
64 71 1
65 71 -1
65 72 1
66 72 -1
66 73 1
67 73 -1
67 74 1
68 74 -1
68 75 1
69 75 -1
69 76 1
70 77 -1
70 78 1
71 78 -1
71 79 1
72 79 -1
72 80 1
73 80 -1
73 81 1
74 81 -1
74 82 1
75 82 -1
75 83 1
76 83 -1
76 84 1
77 84 -1
77 85 1
78 85 -1
78 86 1
79 86 -1
79 87 1
80 88 -1
80 89 1
81 89 -1
81 90 1
82 90 -1
82 91 1
83 91 -1
83 92 1
84 92 -1
84 93 1
85 93 -1
85 94 1
86 94 -1
86 95 1
87 95 -1
87 96 1
88 96 -1
88 97 1
89 97 -1
89 98 1
90 99 -1
90 100 1
91 100 -1
91 101 1
92 101 -1
92 102 1
93 102 -1
93 103 1
94 103 -1
94 104 1
95 104 -1
95 105 1
96 105 -1
96 106 1
97 106 -1
97 107 1
98 107 -1
98 108 1
99 108 -1
99 109 1
100 110 -1
100 111 1
101 111 -1
101 112 1
102 112 -1
102 113 1
103 113 -1
103 114 1
104 114 -1
104 115 1
105 115 -1
105 116 1
106 116 -1
106 117 1
107 117 -1
107 118 1
108 118 -1
108 119 1
109 119 -1
109 120 1
110 121 -1
110 122 1
111 122 -1
111 123 1
112 123 -1
112 124 1
113 124 -1
113 125 1
114 125 -1
114 126 1
115 126 -1
115 127 1
116 127 -1
116 128 1
117 128 -1
117 129 1
118 129 -1
118 130 1
119 130 -1
119 131 1
120 132 -1
120 133 1
121 133 -1
121 134 1
122 134 -1
122 135 1
123 135 -1
123 136 1
124 136 -1
124 137 1
125 137 -1
125 138 1
126 138 -1
126 139 1
127 139 -1
127 140 1
128 140 -1
128 141 1
129 141 -1
129 142 1
130 143 -1
130 144 1
131 144 -1
131 145 1
132 145 -1
132 146 1
133 146 -1
133 147 1
134 147 -1
134 148 1
135 148 -1
135 149 1
136 149 -1
136 150 1
137 150 -1
137 151 1
138 151 -1
138 152 1
139 152 -1
139 153 1
140 154 -1
140 155 1
141 155 -1
141 156 1
142 156 -1
142 157 1
143 157 -1
143 158 1
144 158 -1
144 159 1
145 159 -1
145 160 1
146 160 -1
146 161 1
147 161 -1
147 162 1
148 162 -1
148 163 1
149 163 -1
149 164 1
150 165 -1
150 166 1
151 166 -1
151 167 1
152 167 -1
152 168 1
153 168 -1
153 169 1
154 169 -1
154 170 1
155 170 -1
155 171 1
156 171 -1
156 172 1
157 172 -1
157 173 1
158 173 -1
158 174 1
159 174 -1
159 175 1
160 176 -1
160 177 1
161 177 -1
161 178 1
162 178 -1
162 179 1
163 179 -1
163 180 1
164 180 -1
164 181 1
165 181 -1
165 182 1
166 182 -1
166 183 1
167 183 -1
167 184 1
168 184 -1
168 185 1
169 185 -1
169 186 1
170 187 -1
170 188 1
171 188 -1
171 189 1
172 189 -1
172 190 1
173 190 -1
173 191 1
174 191 -1
174 192 1
175 192 -1
175 193 1
176 193 -1
176 194 1
177 194 -1
177 195 1
178 195 -1
178 196 1
179 196 -1
179 197 1
180 198 -1
180 199 1
181 199 -1
181 200 1
182 200 -1
182 201 1
183 201 -1
183 202 1
184 202 -1
184 203 1
185 203 -1
185 204 1
186 204 -1
186 205 1
187 205 -1
187 206 1
188 206 -1
188 207 1
189 207 -1
189 208 1
190 209 -1
190 210 1
191 210 -1
191 211 1
192 211 -1
192 212 1
193 212 -1
193 213 1
194 213 -1
194 214 1
195 214 -1
195 215 1
196 215 -1
196 216 1
197 216 -1
197 217 1
198 217 -1
198 218 1
199 218 -1
199 219 1
200 220 -1
200 221 1
201 221 -1
201 222 1
202 222 -1
202 223 1
203 223 -1
203 224 1
204 224 -1
204 225 1
205 225 -1
205 226 1
206 226 -1
206 227 1
207 227 -1
207 228 1
208 228 -1
208 229 1
209 229 -1
209 230 1
210 231 -1
210 232 1
211 232 -1
211 233 1
212 233 -1
212 234 1
213 234 -1
213 235 1
214 235 -1
214 236 1
215 236 -1
215 237 1
216 237 -1
216 238 1
217 238 -1
217 239 1
218 239 -1
218 240 1
219 240 -1
219 241 1
220 242 -1
220 243 1
221 243 -1
221 244 1
222 244 -1
222 245 1
223 245 -1
223 246 1
224 246 -1
224 247 1
225 247 -1
225 248 1
226 248 -1
226 249 1
227 249 -1
227 250 1
228 250 -1
228 251 1
229 251 -1
229 252 1
230 253 -1
230 254 1
231 254 -1
231 255 1
232 255 -1
232 256 1
233 256 -1
233 257 1
234 257 -1
234 258 1
235 258 -1
235 259 1
236 259 -1
236 260 1
237 260 -1
237 261 1
238 261 -1
238 262 1
239 262 -1
239 263 1
240 264 -1
240 265 1
241 265 -1
241 266 1
242 266 -1
242 267 1
243 267 -1
243 268 1
244 268 -1
244 269 1
245 269 -1
245 270 1
246 270 -1
246 271 1
247 271 -1
247 272 1
248 272 -1
248 273 1
249 273 -1
249 274 1
250 275 -1
250 276 1
251 276 -1
251 277 1
252 277 -1
252 278 1
253 278 -1
253 279 1
254 279 -1
254 280 1
255 280 -1
255 281 1
256 281 -1
256 282 1
257 282 -1
257 283 1
258 283 -1
258 284 1
259 284 -1
259 285 1
260 286 -1
260 287 1
261 287 -1
261 288 1
262 288 -1
262 289 1
263 289 -1
263 290 1
264 290 -1
264 291 1
265 291 -1
265 292 1
266 292 -1
266 293 1
267 293 -1
267 294 1
268 294 -1
268 295 1
269 295 -1
269 296 1
270 297 -1
270 298 1
271 298 -1
271 299 1
272 299 -1
272 300 1
273 300 -1
273 301 1
274 301 -1
274 302 1
275 302 -1
275 303 1
276 303 -1
276 304 1
277 304 -1
277 305 1
278 305 -1
278 306 1
279 306 -1
279 307 1
280 308 -1
280 309 1
281 309 -1
281 310 1
282 310 -1
282 311 1
283 311 -1
283 312 1
284 312 -1
284 313 1
285 313 -1
285 314 1
286 314 -1
286 315 1
287 315 -1
287 316 1
288 316 -1
288 317 1
289 317 -1
289 318 1
290 319 -1
290 320 1
291 320 -1
291 321 1
292 321 -1
292 322 1
293 322 -1
293 323 1
294 323 -1
294 324 1
295 324 -1
295 325 1
296 325 -1
296 326 1
297 326 -1
297 327 1
298 327 -1
298 328 1
299 328 -1
299 329 1
300 330 -1
300 331 1
301 331 -1
301 332 1
302 332 -1
302 333 1
303 333 -1
303 334 1
304 334 -1
304 335 1
305 335 -1
305 336 1
306 336 -1
306 337 1
307 337 -1
307 338 1
308 338 -1
308 339 1
309 339 -1
309 340 1
310 341 -1
310 342 1
311 342 -1
311 343 1
312 343 -1
312 344 1
313 344 -1
313 345 1
314 345 -1
314 346 1
315 346 -1
315 347 1
316 347 -1
316 348 1
317 348 -1
317 349 1
318 349 -1
318 350 1
319 350 -1
319 351 1
320 352 -1
320 353 1
321 353 -1
321 354 1
322 354 -1
322 355 1
323 355 -1
323 356 1
324 356 -1
324 357 1
325 357 -1
325 358 1
326 358 -1
326 359 1
327 359 -1
327 360 1
328 360 -1
328 361 1
329 361 -1
329 362 1
330 363 -1
330 364 1
331 364 -1
331 365 1
332 365 -1
332 366 1
333 366 -1
333 367 1
334 367 -1
334 368 1
335 368 -1
335 369 1
336 369 -1
336 370 1
337 370 -1
337 371 1
338 371 -1
338 372 1
339 372 -1
339 373 1
340 374 -1
340 375 1
341 375 -1
341 376 1
342 376 -1
342 377 1
343 377 -1
343 378 1
344 378 -1
344 379 1
345 379 -1
345 380 1
346 380 -1
346 381 1
347 381 -1
347 382 1
348 382 -1
348 383 1
349 383 -1
349 384 1
350 385 -1
350 386 1
351 386 -1
351 387 1
352 387 -1
352 388 1
353 388 -1
353 389 1
354 389 -1
354 390 1
355 390 -1
355 391 1
356 391 -1
356 392 1
357 392 -1
357 393 1
358 393 -1
358 394 1
359 394 -1
359 395 1
360 396 -1
360 397 1
361 397 -1
361 398 1
362 398 -1
362 399 1
363 399 -1
363 400 1
364 400 -1
364 401 1
365 401 -1
365 402 1
366 402 -1
366 403 1
367 403 -1
367 404 1
368 404 -1
368 405 1
369 405 -1
369 406 1
370 407 -1
370 408 1
371 408 -1
371 409 1
372 409 -1
372 410 1
373 410 -1
373 411 1
374 411 -1
374 412 1
375 412 -1
375 413 1
376 413 -1
376 414 1
377 414 -1
377 415 1
378 415 -1
378 416 1
379 416 -1
379 417 1
380 418 -1
380 419 1
381 419 -1
381 420 1
382 420 -1
382 421 1
383 421 -1
383 422 1
384 422 -1
384 423 1
385 423 -1
385 424 1
386 424 -1
386 425 1
387 425 -1
387 426 1
388 426 -1
388 427 1
389 427 -1
389 428 1
390 429 -1
390 430 1
391 430 -1
391 431 1
392 431 -1
392 432 1
393 432 -1
393 433 1
394 433 -1
394 434 1
395 434 -1
395 435 1
396 435 -1
396 436 1
397 436 -1
397 437 1
398 437 -1
398 438 1
399 438 -1
399 439 1
400 440 -1
400 441 1
401 441 -1
401 442 1
402 442 -1
402 443 1
403 443 -1
403 444 1
404 444 -1
404 445 1
405 445 -1
405 446 1
406 446 -1
406 447 1
407 447 -1
407 448 1
408 448 -1
408 449 1
409 449 -1
409 450 1
410 451 -1
410 452 1
411 452 -1
411 453 1
412 453 -1
412 454 1
413 454 -1
413 455 1
414 455 -1
414 456 1
415 456 -1
415 457 1
416 457 -1
416 458 1
417 458 -1
417 459 1
418 459 -1
418 460 1
419 460 -1
419 461 1
420 462 -1
420 463 1
421 463 -1
421 464 1
422 464 -1
422 465 1
423 465 -1
423 466 1
424 466 -1
424 467 1
425 467 -1
425 468 1
426 468 -1
426 469 1
427 469 -1
427 470 1
428 470 -1
428 471 1
429 471 -1
429 472 1
430 473 -1
430 474 1
431 474 -1
431 475 1
432 475 -1
432 476 1
433 476 -1
433 477 1
434 477 -1
434 478 1
435 478 -1
435 479 1
436 479 -1
436 480 1
437 480 -1
437 481 1
438 481 -1
438 482 1
439 482 -1
439 483 1
440 484 -1
440 485 1
441 485 -1
441 486 1
442 486 -1
442 487 1
443 487 -1
443 488 1
444 488 -1
444 489 1
445 489 -1
445 490 1
446 490 -1
446 491 1
447 491 -1
447 492 1
448 492 -1
448 493 1
449 493 -1
449 494 1
450 495 -1
450 496 1
451 496 -1
451 497 1
452 497 -1
452 498 1
453 498 -1
453 499 1
454 499 -1
454 500 1
455 500 -1
455 501 1
456 501 -1
456 502 1
457 502 -1
457 503 1
458 503 -1
458 504 1
459 504 -1
459 505 1
460 506 -1
460 507 1
461 507 -1
461 508 1
462 508 -1
462 509 1
463 509 -1
463 510 1
464 510 -1
464 511 1
465 511 -1
465 512 1
466 512 -1
466 513 1
467 513 -1
467 514 1
468 514 -1
468 515 1
469 515 -1
469 516 1
470 517 -1
470 518 1
471 518 -1
471 519 1
472 519 -1
472 520 1
473 520 -1
473 521 1
474 521 -1
474 522 1
475 522 -1
475 523 1
476 523 -1
476 524 1
477 524 -1
477 525 1
478 525 -1
478 526 1
479 526 -1
479 527 1
480 528 -1
480 529 1
481 529 -1
481 530 1
482 530 -1
482 531 1
483 531 -1
483 532 1
484 532 -1
484 533 1
485 533 -1
485 534 1
486 534 -1
486 535 1
487 535 -1
487 536 1
488 536 -1
488 537 1
489 537 -1
489 538 1
490 539 -1
490 540 1
491 540 -1
491 541 1
492 541 -1
492 542 1
493 542 -1
493 543 1
494 543 -1
494 544 1
495 544 -1
495 545 1
496 545 -1
496 546 1
497 546 -1
497 547 1
498 547 -1
498 548 1
499 548 -1
499 549 1
500 550 -1
500 551 1
501 551 -1
501 552 1
502 552 -1
502 553 1
503 553 -1
503 554 1
504 554 -1
504 555 1
505 555 -1
505 556 1
506 556 -1
506 557 1
507 557 -1
507 558 1
508 558 -1
508 559 1
509 559 -1
509 560 1
510 561 -1
510 562 1
511 562 -1
511 563 1
512 563 -1
512 564 1
513 564 -1
513 565 1
514 565 -1
514 566 1
515 566 -1
515 567 1
516 567 -1
516 568 1
517 568 -1
517 569 1
518 569 -1
518 570 1
519 570 -1
519 571 1
520 572 -1
520 573 1
521 573 -1
521 574 1
522 574 -1
522 575 1
523 575 -1
523 576 1
524 576 -1
524 577 1
525 577 -1
525 578 1
526 578 -1
526 579 1
527 579 -1
527 580 1
528 580 -1
528 581 1
529 581 -1
529 582 1
530 583 -1
530 584 1
531 584 -1
531 585 1
532 585 -1
532 586 1
533 586 -1
533 587 1
534 587 -1
534 588 1
535 588 -1
535 589 1
536 589 -1
536 590 1
537 590 -1
537 591 1
538 591 -1
538 592 1
539 592 -1
539 593 1
540 594 -1
540 595 1
541 595 -1
541 596 1
542 596 -1
542 597 1
543 597 -1
543 598 1
544 598 -1
544 599 1
545 599 -1
545 600 1
546 600 -1
546 601 1
547 601 -1
547 602 1
548 602 -1
548 603 1
549 603 -1
549 604 1
550 605 -1
550 606 1
551 606 -1
551 607 1
552 607 -1
552 608 1
553 608 -1
553 609 1
554 609 -1
554 610 1
555 610 -1
555 611 1
556 611 -1
556 612 1
557 612 -1
557 613 1
558 613 -1
558 614 1
559 614 -1
559 615 1
560 616 -1
560 617 1
561 617 -1
561 618 1
562 618 -1
562 619 1
563 619 -1
563 620 1
564 620 -1
564 621 1
565 621 -1
565 622 1
566 622 -1
566 623 1
567 623 -1
567 624 1
568 624 -1
568 625 1
569 625 -1
569 626 1
570 627 -1
570 628 1
571 628 -1
571 629 1
572 629 -1
572 630 1
573 630 -1
573 631 1
574 631 -1
574 632 1
575 632 -1
575 633 1
576 633 -1
576 634 1
577 634 -1
577 635 1
578 635 -1
578 636 1
579 636 -1
579 637 1
580 638 -1
580 639 1
581 639 -1
581 640 1
582 640 -1
582 641 1
583 641 -1
583 642 1
584 642 -1
584 643 1
585 643 -1
585 644 1
586 644 -1
586 645 1
587 645 -1
587 646 1
588 646 -1
588 647 1
589 647 -1
589 648 1
590 649 -1
590 650 1
591 650 -1
591 651 1
592 651 -1
592 652 1
593 652 -1
593 653 1
594 653 -1
594 654 1
595 654 -1
595 655 1
596 655 -1
596 656 1
597 656 -1
597 657 1
598 657 -1
598 658 1
599 658 -1
599 659 1
600 660 -1
600 661 1
601 661 -1
601 662 1
602 662 -1
602 663 1
603 663 -1
603 664 1
604 664 -1
604 665 1
605 665 -1
605 666 1
606 666 -1
606 667 1
607 667 -1
607 668 1
608 668 -1
608 669 1
609 669 -1
609 670 1
610 671 -1
610 672 1
611 672 -1
611 673 1
612 673 -1
612 674 1
613 674 -1
613 675 1
614 675 -1
614 676 1
615 676 -1
615 677 1
616 677 -1
616 678 1
617 678 -1
617 679 1
618 679 -1
618 680 1
619 680 -1
619 681 1
620 682 -1
620 683 1
621 683 -1
621 684 1
622 684 -1
622 685 1
623 685 -1
623 686 1
624 686 -1
624 687 1
625 687 -1
625 688 1
626 688 -1
626 689 1
627 689 -1
627 690 1
628 690 -1
628 691 1
629 691 -1
629 692 1
630 693 -1
630 694 1
631 694 -1
631 695 1
632 695 -1
632 696 1
633 696 -1
633 697 1
634 697 -1
634 698 1
635 698 -1
635 699 1
636 699 -1
636 700 1
637 700 -1
637 701 1
638 701 -1
638 702 1
639 702 -1
639 703 1
640 704 -1
640 705 1
641 705 -1
641 706 1
642 706 -1
642 707 1
643 707 -1
643 708 1
644 708 -1
644 709 1
645 709 -1
645 710 1
646 710 -1
646 711 1
647 711 -1
647 712 1
648 712 -1
648 713 1
649 713 -1
649 714 1
650 715 -1
650 716 1
651 716 -1
651 717 1
652 717 -1
652 718 1
653 718 -1
653 719 1
654 719 -1
654 720 1
655 720 -1
655 721 1
656 721 -1
656 722 1
657 722 -1
657 723 1
658 723 -1
658 724 1
659 724 -1
659 725 1
660 726 -1
660 727 1
661 727 -1
661 728 1
662 728 -1
662 729 1
663 729 -1
663 730 1
664 730 -1
664 731 1
665 731 -1
665 732 1
666 732 -1
666 733 1
667 733 -1
667 734 1
668 734 -1
668 735 1
669 735 -1
669 736 1
670 737 -1
670 738 1
671 738 -1
671 739 1
672 739 -1
672 740 1
673 740 -1
673 741 1
674 741 -1
674 742 1
675 742 -1
675 743 1
676 743 -1
676 744 1
677 744 -1
677 745 1
678 745 -1
678 746 1
679 746 -1
679 747 1
680 748 -1
680 749 1
681 749 -1
681 750 1
682 750 -1
682 751 1
683 751 -1
683 752 1
684 752 -1
684 753 1
685 753 -1
685 754 1
686 754 -1
686 755 1
687 755 -1
687 756 1
688 756 -1
688 757 1
689 757 -1
689 758 1
690 759 -1
690 760 1
691 760 -1
691 761 1
692 761 -1
692 762 1
693 762 -1
693 763 1
694 763 -1
694 764 1
695 764 -1
695 765 1
696 765 -1
696 766 1
697 766 -1
697 767 1
698 767 -1
698 768 1
699 768 -1
699 769 1
700 770 -1
700 771 1
701 771 -1
701 772 1
702 772 -1
702 773 1
703 773 -1
703 774 1
704 774 -1
704 775 1
705 775 -1
705 776 1
706 776 -1
706 777 1
707 777 -1
707 778 1
708 778 -1
708 779 1
709 779 -1
709 780 1
710 781 -1
710 782 1
711 782 -1
711 783 1
712 783 -1
712 784 1
713 784 -1
713 785 1
714 785 -1
714 786 1
715 786 -1
715 787 1
716 787 -1
716 788 1
717 788 -1
717 789 1
718 789 -1
718 790 1
719 790 -1
719 791 1
720 792 -1
720 793 1
721 793 -1
721 794 1
722 794 -1
722 795 1
723 795 -1
723 796 1
724 796 -1
724 797 1
725 797 -1
725 798 1
726 798 -1
726 799 1
727 799 -1
727 800 1
728 800 -1
728 801 1
729 801 -1
729 802 1
730 803 -1
730 804 1
731 804 -1
731 805 1
732 805 -1
732 806 1
733 806 -1
733 807 1
734 807 -1
734 808 1
735 808 -1
735 809 1
736 809 -1
736 810 1
737 810 -1
737 811 1
738 811 -1
738 812 1
739 812 -1
739 813 1
740 814 -1
740 815 1
741 815 -1
741 816 1
742 816 -1
742 817 1
743 817 -1
743 818 1
744 818 -1
744 819 1
745 819 -1
745 820 1
746 820 -1
746 821 1
747 821 -1
747 822 1
748 822 -1
748 823 1
749 823 -1
749 824 1
750 825 -1
750 826 1
751 826 -1
751 827 1
752 827 -1
752 828 1
753 828 -1
753 829 1
754 829 -1
754 830 1
755 830 -1
755 831 1
756 831 -1
756 832 1
757 832 -1
757 833 1
758 833 -1
758 834 1
759 834 -1
759 835 1
760 836 -1
760 837 1
761 837 -1
761 838 1
762 838 -1
762 839 1
763 839 -1
763 840 1
764 840 -1
764 841 1
765 841 -1
765 842 1
766 842 -1
766 843 1
767 843 -1
767 844 1
768 844 -1
768 845 1
769 845 -1
769 846 1
770 847 -1
770 848 1
771 848 -1
771 849 1
772 849 -1
772 850 1
773 850 -1
773 851 1
774 851 -1
774 852 1
775 852 -1
775 853 1
776 853 -1
776 854 1
777 854 -1
777 855 1
778 855 -1
778 856 1
779 856 -1
779 857 1
780 858 -1
780 859 1
781 859 -1
781 860 1
782 860 -1
782 861 1
783 861 -1
783 862 1
784 862 -1
784 863 1
785 863 -1
785 864 1
786 864 -1
786 865 1
787 865 -1
787 866 1
788 866 -1
788 867 1
789 867 -1
789 868 1
790 869 -1
790 870 1
791 870 -1
791 871 1
792 871 -1
792 872 1
793 872 -1
793 873 1
794 873 -1
794 874 1
795 874 -1
795 875 1
796 875 -1
796 876 1
797 876 -1
797 877 1
798 877 -1
798 878 1
799 878 -1
799 879 1
800 880 -1
800 881 1
801 881 -1
801 882 1
802 882 -1
802 883 1
803 883 -1
803 884 1
804 884 -1
804 885 1
805 885 -1
805 886 1
806 886 -1
806 887 1
807 887 -1
807 888 1
808 888 -1
808 889 1
809 889 -1
809 890 1
810 891 -1
810 892 1
811 892 -1
811 893 1
812 893 -1
812 894 1
813 894 -1
813 895 1
814 895 -1
814 896 1
815 896 -1
815 897 1
816 897 -1
816 898 1
817 898 -1
817 899 1
818 899 -1
818 900 1
819 900 -1
819 901 1
820 902 -1
820 903 1
821 903 -1
821 904 1
822 904 -1
822 905 1
823 905 -1
823 906 1
824 906 -1
824 907 1
825 907 -1
825 908 1
826 908 -1
826 909 1
827 909 -1
827 910 1
828 910 -1
828 911 1
829 911 -1
829 912 1
830 913 -1
830 914 1
831 914 -1
831 915 1
832 915 -1
832 916 1
833 916 -1
833 917 1
834 917 -1
834 918 1
835 918 -1
835 919 1
836 919 -1
836 920 1
837 920 -1
837 921 1
838 921 -1
838 922 1
839 922 -1
839 923 1
840 924 -1
840 925 1
841 925 -1
841 926 1
842 926 -1
842 927 1
843 927 -1
843 928 1
844 928 -1
844 929 1
845 929 -1
845 930 1
846 930 -1
846 931 1
847 931 -1
847 932 1
848 932 -1
848 933 1
849 933 -1
849 934 1
850 935 -1
850 936 1
851 936 -1
851 937 1
852 937 -1
852 938 1
853 938 -1
853 939 1
854 939 -1
854 940 1
855 940 -1
855 941 1
856 941 -1
856 942 1
857 942 -1
857 943 1
858 943 -1
858 944 1
859 944 -1
859 945 1
860 946 -1
860 947 1
861 947 -1
861 948 1
862 948 -1
862 949 1
863 949 -1
863 950 1
864 950 -1
864 951 1
865 951 -1
865 952 1
866 952 -1
866 953 1
867 953 -1
867 954 1
868 954 -1
868 955 1
869 955 -1
869 956 1
870 957 -1
870 958 1
871 958 -1
871 959 1
872 959 -1
872 960 1
873 960 -1
873 961 1
874 961 -1
874 962 1
875 962 -1
875 963 1
876 963 -1
876 964 1
877 964 -1
877 965 1
878 965 -1
878 966 1
879 966 -1
879 967 1
880 968 -1
880 969 1
881 969 -1
881 970 1
882 970 -1
882 971 1
883 971 -1
883 972 1
884 972 -1
884 973 1
885 973 -1
885 974 1
886 974 -1
886 975 1
887 975 -1
887 976 1
888 976 -1
888 977 1
889 977 -1
889 978 1
890 979 -1
890 980 1
891 980 -1
891 981 1
892 981 -1
892 982 1
893 982 -1
893 983 1
894 983 -1
894 984 1
895 984 -1
895 985 1
896 985 -1
896 986 1
897 986 -1
897 987 1
898 987 -1
898 988 1
899 988 -1
899 989 1
900 990 -1
900 991 1
901 991 -1
901 992 1
902 992 -1
902 993 1
903 993 -1
903 994 1
904 994 -1
904 995 1
905 995 -1
905 996 1
906 996 -1
906 997 1
907 997 -1
907 998 1
908 998 -1
908 999 1
909 999 -1
909 1000 1
910 1001 -1
910 1002 1
911 1002 -1
911 1003 1
912 1003 -1
912 1004 1
913 1004 -1
913 1005 1
914 1005 -1
914 1006 1
915 1006 -1
915 1007 1
916 1007 -1
916 1008 1
917 1008 -1
917 1009 1
918 1009 -1
918 1010 1
919 1010 -1
919 1011 1
920 1012 -1
920 1013 1
921 1013 -1
921 1014 1
922 1014 -1
922 1015 1
923 1015 -1
923 1016 1
924 1016 -1
924 1017 1
925 1017 -1
925 1018 1
926 1018 -1
926 1019 1
927 1019 -1
927 1020 1
928 1020 -1
928 1021 1
929 1021 -1
929 1022 1
930 1023 -1
930 1024 1
931 1024 -1
931 1025 1
932 1025 -1
932 1026 1
933 1026 -1
933 1027 1
934 1027 -1
934 1028 1
935 1028 -1
935 1029 1
936 1029 -1
936 1030 1
937 1030 -1
937 1031 1
938 1031 -1
938 1032 1
939 1032 -1
939 1033 1
940 1034 -1
940 1035 1
941 1035 -1
941 1036 1
942 1036 -1
942 1037 1
943 1037 -1
943 1038 1
944 1038 -1
944 1039 1
945 1039 -1
945 1040 1
946 1040 -1
946 1041 1
947 1041 -1
947 1042 1
948 1042 -1
948 1043 1
949 1043 -1
949 1044 1
950 1045 -1
950 1046 1
951 1046 -1
951 1047 1
952 1047 -1
952 1048 1
953 1048 -1
953 1049 1
954 1049 -1
954 1050 1
955 1050 -1
955 1051 1
956 1051 -1
956 1052 1
957 1052 -1
957 1053 1
958 1053 -1
958 1054 1
959 1054 -1
959 1055 1
960 1056 -1
960 1057 1
961 1057 -1
961 1058 1
962 1058 -1
962 1059 1
963 1059 -1
963 1060 1
964 1060 -1
964 1061 1
965 1061 -1
965 1062 1
966 1062 -1
966 1063 1
967 1063 -1
967 1064 1
968 1064 -1
968 1065 1
969 1065 -1
969 1066 1
970 1067 -1
970 1068 1
971 1068 -1
971 1069 1
972 1069 -1
972 1070 1
973 1070 -1
973 1071 1
974 1071 -1
974 1072 1
975 1072 -1
975 1073 1
976 1073 -1
976 1074 1
977 1074 -1
977 1075 1
978 1075 -1
978 1076 1
979 1076 -1
979 1077 1
980 1078 -1
980 1079 1
981 1079 -1
981 1080 1
982 1080 -1
982 1081 1
983 1081 -1
983 1082 1
984 1082 -1
984 1083 1
985 1083 -1
985 1084 1
986 1084 -1
986 1085 1
987 1085 -1
987 1086 1
988 1086 -1
988 1087 1
989 1087 -1
989 1088 1
990 1089 -1
990 1090 1
991 1090 -1
991 1091 1
992 1091 -1
992 1092 1
993 1092 -1
993 1093 1
994 1093 -1
994 1094 1
995 1094 -1
995 1095 1
996 1095 -1
996 1096 1
997 1096 -1
997 1097 1
998 1097 -1
998 1098 1
999 1098 -1
999 1099 1
0 1100 -1
1 1101 -1
2 1102 -1
3 1103 -1
4 1104 -1
5 1105 -1
6 1106 -1
7 1107 -1
8 1108 -1
9 1109 -1
0 1110 1
10 1110 -1
1 1111 1
11 1111 -1
2 1112 1
12 1112 -1
3 1113 1
13 1113 -1
4 1114 1
14 1114 -1
5 1115 1
15 1115 -1
6 1116 1
16 1116 -1
7 1117 1
17 1117 -1
8 1118 1
18 1118 -1
9 1119 1
19 1119 -1
10 1120 1
20 1120 -1
11 1121 1
21 1121 -1
12 1122 1
22 1122 -1
13 1123 1
23 1123 -1
14 1124 1
24 1124 -1
15 1125 1
25 1125 -1
16 1126 1
26 1126 -1
17 1127 1
27 1127 -1
18 1128 1
28 1128 -1
19 1129 1
29 1129 -1
20 1130 1
30 1130 -1
21 1131 1
31 1131 -1
22 1132 1
32 1132 -1
23 1133 1
33 1133 -1
24 1134 1
34 1134 -1
25 1135 1
35 1135 -1
26 1136 1
36 1136 -1
27 1137 1
37 1137 -1
28 1138 1
38 1138 -1
29 1139 1
39 1139 -1
30 1140 1
40 1140 -1
31 1141 1
41 1141 -1
32 1142 1
42 1142 -1
33 1143 1
43 1143 -1
34 1144 1
44 1144 -1
35 1145 1
45 1145 -1
36 1146 1
46 1146 -1
37 1147 1
47 1147 -1
38 1148 1
48 1148 -1
39 1149 1
49 1149 -1
40 1150 1
50 1150 -1
41 1151 1
51 1151 -1
42 1152 1
52 1152 -1
43 1153 1
53 1153 -1
44 1154 1
54 1154 -1
45 1155 1
55 1155 -1
46 1156 1
56 1156 -1
47 1157 1
57 1157 -1
48 1158 1
58 1158 -1
49 1159 1
59 1159 -1
50 1160 1
60 1160 -1
51 1161 1
61 1161 -1
52 1162 1
62 1162 -1
53 1163 1
63 1163 -1
54 1164 1
64 1164 -1
55 1165 1
65 1165 -1
56 1166 1
66 1166 -1
57 1167 1
67 1167 -1
58 1168 1
68 1168 -1
59 1169 1
69 1169 -1
60 1170 1
70 1170 -1
61 1171 1
71 1171 -1
62 1172 1
72 1172 -1
63 1173 1
73 1173 -1
64 1174 1
74 1174 -1
65 1175 1
75 1175 -1
66 1176 1
76 1176 -1
67 1177 1
77 1177 -1
68 1178 1
78 1178 -1
69 1179 1
79 1179 -1
70 1180 1
80 1180 -1
71 1181 1
81 1181 -1
72 1182 1
82 1182 -1
73 1183 1
83 1183 -1
74 1184 1
84 1184 -1
75 1185 1
85 1185 -1
76 1186 1
86 1186 -1
77 1187 1
87 1187 -1
78 1188 1
88 1188 -1
79 1189 1
89 1189 -1
80 1190 1
90 1190 -1
81 1191 1
91 1191 -1
82 1192 1
92 1192 -1
83 1193 1
93 1193 -1
84 1194 1
94 1194 -1
85 1195 1
95 1195 -1
86 1196 1
96 1196 -1
87 1197 1
97 1197 -1
88 1198 1
98 1198 -1
89 1199 1
99 1199 -1
90 1200 1
91 1201 1
92 1202 1
93 1203 1
94 1204 1
95 1205 1
96 1206 1
97 1207 1
98 1208 1
99 1209 1
100 1210 -1
101 1211 -1
102 1212 -1
103 1213 -1
104 1214 -1
105 1215 -1
106 1216 -1
107 1217 -1
108 1218 -1
109 1219 -1
100 1220 1
110 1220 -1
101 1221 1
111 1221 -1
102 1222 1
112 1222 -1
103 1223 1
113 1223 -1
104 1224 1
114 1224 -1
105 1225 1
115 1225 -1
106 1226 1
116 1226 -1
107 1227 1
117 1227 -1
108 1228 1
118 1228 -1
109 1229 1
119 1229 -1
110 1230 1
120 1230 -1
111 1231 1
121 1231 -1
112 1232 1
122 1232 -1
113 1233 1
123 1233 -1
114 1234 1
124 1234 -1
115 1235 1
125 1235 -1
116 1236 1
126 1236 -1
117 1237 1
127 1237 -1
118 1238 1
128 1238 -1
119 1239 1
129 1239 -1
120 1240 1
130 1240 -1
121 1241 1
131 1241 -1
122 1242 1
132 1242 -1
123 1243 1
133 1243 -1
124 1244 1
134 1244 -1
125 1245 1
135 1245 -1
126 1246 1
136 1246 -1
127 1247 1
137 1247 -1
128 1248 1
138 1248 -1
129 1249 1
139 1249 -1
130 1250 1
140 1250 -1
131 1251 1
141 1251 -1
132 1252 1
142 1252 -1
133 1253 1
143 1253 -1
134 1254 1
144 1254 -1
135 1255 1
145 1255 -1
136 1256 1
146 1256 -1
137 1257 1
147 1257 -1
138 1258 1
148 1258 -1
139 1259 1
149 1259 -1
140 1260 1
150 1260 -1
141 1261 1
151 1261 -1
142 1262 1
152 1262 -1
143 1263 1
153 1263 -1
144 1264 1
154 1264 -1
145 1265 1
155 1265 -1
146 1266 1
156 1266 -1
147 1267 1
157 1267 -1
148 1268 1
158 1268 -1
149 1269 1
159 1269 -1
150 1270 1
160 1270 -1
151 1271 1
161 1271 -1
152 1272 1
162 1272 -1
153 1273 1
163 1273 -1
154 1274 1
164 1274 -1
155 1275 1
165 1275 -1
156 1276 1
166 1276 -1
157 1277 1
167 1277 -1
158 1278 1
168 1278 -1
159 1279 1
169 1279 -1
160 1280 1
170 1280 -1
161 1281 1
171 1281 -1
162 1282 1
172 1282 -1
163 1283 1
173 1283 -1
164 1284 1
174 1284 -1
165 1285 1
175 1285 -1
166 1286 1
176 1286 -1
167 1287 1
177 1287 -1
168 1288 1
178 1288 -1
169 1289 1
179 1289 -1
170 1290 1
180 1290 -1
171 1291 1
181 1291 -1
172 1292 1
182 1292 -1
173 1293 1
183 1293 -1
174 1294 1
184 1294 -1
175 1295 1
185 1295 -1
176 1296 1
186 1296 -1
177 1297 1
187 1297 -1
178 1298 1
188 1298 -1
179 1299 1
189 1299 -1
180 1300 1
190 1300 -1
181 1301 1
191 1301 -1
182 1302 1
192 1302 -1
183 1303 1
193 1303 -1
184 1304 1
194 1304 -1
185 1305 1
195 1305 -1
186 1306 1
196 1306 -1
187 1307 1
197 1307 -1
188 1308 1
198 1308 -1
189 1309 1
199 1309 -1
190 1310 1
191 1311 1
192 1312 1
193 1313 1
194 1314 1
195 1315 1
196 1316 1
197 1317 1
198 1318 1
199 1319 1
200 1320 -1
201 1321 -1
202 1322 -1
203 1323 -1
204 1324 -1
205 1325 -1
206 1326 -1
207 1327 -1
208 1328 -1
209 1329 -1
200 1330 1
210 1330 -1
201 1331 1
211 1331 -1
202 1332 1
212 1332 -1
203 1333 1
213 1333 -1
204 1334 1
214 1334 -1
205 1335 1
215 1335 -1
206 1336 1
216 1336 -1
207 1337 1
217 1337 -1
208 1338 1
218 1338 -1
209 1339 1
219 1339 -1
210 1340 1
220 1340 -1
211 1341 1
221 1341 -1
212 1342 1
222 1342 -1
213 1343 1
223 1343 -1
214 1344 1
224 1344 -1
215 1345 1
225 1345 -1
216 1346 1
226 1346 -1
217 1347 1
227 1347 -1
218 1348 1
228 1348 -1
219 1349 1
229 1349 -1
220 1350 1
230 1350 -1
221 1351 1
231 1351 -1
222 1352 1
232 1352 -1
223 1353 1
233 1353 -1
224 1354 1
234 1354 -1
225 1355 1
235 1355 -1
226 1356 1
236 1356 -1
227 1357 1
237 1357 -1
228 1358 1
238 1358 -1
229 1359 1
239 1359 -1
230 1360 1
240 1360 -1
231 1361 1
241 1361 -1
232 1362 1
242 1362 -1
233 1363 1
243 1363 -1
234 1364 1
244 1364 -1
235 1365 1
245 1365 -1
236 1366 1
246 1366 -1
237 1367 1
247 1367 -1
238 1368 1
248 1368 -1
239 1369 1
249 1369 -1
240 1370 1
250 1370 -1
241 1371 1
251 1371 -1
242 1372 1
252 1372 -1
243 1373 1
253 1373 -1
244 1374 1
254 1374 -1
245 1375 1
255 1375 -1
246 1376 1
256 1376 -1
247 1377 1
257 1377 -1
248 1378 1
258 1378 -1
249 1379 1
259 1379 -1
250 1380 1
260 1380 -1
251 1381 1
261 1381 -1
252 1382 1
262 1382 -1
253 1383 1
263 1383 -1
254 1384 1
264 1384 -1
255 1385 1
265 1385 -1
256 1386 1
266 1386 -1
257 1387 1
267 1387 -1
258 1388 1
268 1388 -1
259 1389 1
269 1389 -1
260 1390 1
270 1390 -1
261 1391 1
271 1391 -1
262 1392 1
272 1392 -1
263 1393 1
273 1393 -1
264 1394 1
274 1394 -1
265 1395 1
275 1395 -1
266 1396 1
276 1396 -1
267 1397 1
277 1397 -1
268 1398 1
278 1398 -1
269 1399 1
279 1399 -1
270 1400 1
280 1400 -1
271 1401 1
281 1401 -1
272 1402 1
282 1402 -1
273 1403 1
283 1403 -1
274 1404 1
284 1404 -1
275 1405 1
285 1405 -1
276 1406 1
286 1406 -1
277 1407 1
287 1407 -1
278 1408 1
288 1408 -1
279 1409 1
289 1409 -1
280 1410 1
290 1410 -1
281 1411 1
291 1411 -1
282 1412 1
292 1412 -1
283 1413 1
293 1413 -1
284 1414 1
294 1414 -1
285 1415 1
295 1415 -1
286 1416 1
296 1416 -1
287 1417 1
297 1417 -1
288 1418 1
298 1418 -1
289 1419 1
299 1419 -1
290 1420 1
291 1421 1
292 1422 1
293 1423 1
294 1424 1
295 1425 1
296 1426 1
297 1427 1
298 1428 1
299 1429 1
300 1430 -1
301 1431 -1
302 1432 -1
303 1433 -1
304 1434 -1
305 1435 -1
306 1436 -1
307 1437 -1
308 1438 -1
309 1439 -1
300 1440 1
310 1440 -1
301 1441 1
311 1441 -1
302 1442 1
312 1442 -1
303 1443 1
313 1443 -1
304 1444 1
314 1444 -1
305 1445 1
315 1445 -1
306 1446 1
316 1446 -1
307 1447 1
317 1447 -1
308 1448 1
318 1448 -1
309 1449 1
319 1449 -1
310 1450 1
320 1450 -1
311 1451 1
321 1451 -1
312 1452 1
322 1452 -1
313 1453 1
323 1453 -1
314 1454 1
324 1454 -1
315 1455 1
325 1455 -1
316 1456 1
326 1456 -1
317 1457 1
327 1457 -1
318 1458 1
328 1458 -1
319 1459 1
329 1459 -1
320 1460 1
330 1460 -1
321 1461 1
331 1461 -1
322 1462 1
332 1462 -1
323 1463 1
333 1463 -1
324 1464 1
334 1464 -1
325 1465 1
335 1465 -1
326 1466 1
336 1466 -1
327 1467 1
337 1467 -1
328 1468 1
338 1468 -1
329 1469 1
339 1469 -1
330 1470 1
340 1470 -1
331 1471 1
341 1471 -1
332 1472 1
342 1472 -1
333 1473 1
343 1473 -1
334 1474 1
344 1474 -1
335 1475 1
345 1475 -1
336 1476 1
346 1476 -1
337 1477 1
347 1477 -1
338 1478 1
348 1478 -1
339 1479 1
349 1479 -1
340 1480 1
350 1480 -1
341 1481 1
351 1481 -1
342 1482 1
352 1482 -1
343 1483 1
353 1483 -1
344 1484 1
354 1484 -1
345 1485 1
355 1485 -1
346 1486 1
356 1486 -1
347 1487 1
357 1487 -1
348 1488 1
358 1488 -1
349 1489 1
359 1489 -1
350 1490 1
360 1490 -1
351 1491 1
361 1491 -1
352 1492 1
362 1492 -1
353 1493 1
363 1493 -1
354 1494 1
364 1494 -1
355 1495 1
365 1495 -1
356 1496 1
366 1496 -1
357 1497 1
367 1497 -1
358 1498 1
368 1498 -1
359 1499 1
369 1499 -1
360 1500 1
370 1500 -1
361 1501 1
371 1501 -1
362 1502 1
372 1502 -1
363 1503 1
373 1503 -1
364 1504 1
374 1504 -1
365 1505 1
375 1505 -1
366 1506 1
376 1506 -1
367 1507 1
377 1507 -1
368 1508 1
378 1508 -1
369 1509 1
379 1509 -1
370 1510 1
380 1510 -1
371 1511 1
381 1511 -1
372 1512 1
382 1512 -1
373 1513 1
383 1513 -1
374 1514 1
384 1514 -1
375 1515 1
385 1515 -1
376 1516 1
386 1516 -1
377 1517 1
387 1517 -1
378 1518 1
388 1518 -1
379 1519 1
389 1519 -1
380 1520 1
390 1520 -1
381 1521 1
391 1521 -1
382 1522 1
392 1522 -1
383 1523 1
393 1523 -1
384 1524 1
394 1524 -1
385 1525 1
395 1525 -1
386 1526 1
396 1526 -1
387 1527 1
397 1527 -1
388 1528 1
398 1528 -1
389 1529 1
399 1529 -1
390 1530 1
391 1531 1
392 1532 1
393 1533 1
394 1534 1
395 1535 1
396 1536 1
397 1537 1
398 1538 1
399 1539 1
400 1540 -1
401 1541 -1
402 1542 -1
403 1543 -1
404 1544 -1
405 1545 -1
406 1546 -1
407 1547 -1
408 1548 -1
409 1549 -1
400 1550 1
410 1550 -1
401 1551 1
411 1551 -1
402 1552 1
412 1552 -1
403 1553 1
413 1553 -1
404 1554 1
414 1554 -1
405 1555 1
415 1555 -1
406 1556 1
416 1556 -1
407 1557 1
417 1557 -1
408 1558 1
418 1558 -1
409 1559 1
419 1559 -1
410 1560 1
420 1560 -1
411 1561 1
421 1561 -1
412 1562 1
422 1562 -1
413 1563 1
423 1563 -1
414 1564 1
424 1564 -1
415 1565 1
425 1565 -1
416 1566 1
426 1566 -1
417 1567 1
427 1567 -1
418 1568 1
428 1568 -1
419 1569 1
429 1569 -1
420 1570 1
430 1570 -1
421 1571 1
431 1571 -1
422 1572 1
432 1572 -1
423 1573 1
433 1573 -1
424 1574 1
434 1574 -1
425 1575 1
435 1575 -1
426 1576 1
436 1576 -1
427 1577 1
437 1577 -1
428 1578 1
438 1578 -1
429 1579 1
439 1579 -1
430 1580 1
440 1580 -1
431 1581 1
441 1581 -1
432 1582 1
442 1582 -1
433 1583 1
443 1583 -1
434 1584 1
444 1584 -1
435 1585 1
445 1585 -1
436 1586 1
446 1586 -1
437 1587 1
447 1587 -1
438 1588 1
448 1588 -1
439 1589 1
449 1589 -1
440 1590 1
450 1590 -1
441 1591 1
451 1591 -1
442 1592 1
452 1592 -1
443 1593 1
453 1593 -1
444 1594 1
454 1594 -1
445 1595 1
455 1595 -1
446 1596 1
456 1596 -1
447 1597 1
457 1597 -1
448 1598 1
458 1598 -1
449 1599 1
459 1599 -1
450 1600 1
460 1600 -1
451 1601 1
461 1601 -1
452 1602 1
462 1602 -1
453 1603 1
463 1603 -1
454 1604 1
464 1604 -1
455 1605 1
465 1605 -1
456 1606 1
466 1606 -1
457 1607 1
467 1607 -1
458 1608 1
468 1608 -1
459 1609 1
469 1609 -1
460 1610 1
470 1610 -1
461 1611 1
471 1611 -1
462 1612 1
472 1612 -1
463 1613 1
473 1613 -1
464 1614 1
474 1614 -1
465 1615 1
475 1615 -1
466 1616 1
476 1616 -1
467 1617 1
477 1617 -1
468 1618 1
478 1618 -1
469 1619 1
479 1619 -1
470 1620 1
480 1620 -1
471 1621 1
481 1621 -1
472 1622 1
482 1622 -1
473 1623 1
483 1623 -1
474 1624 1
484 1624 -1
475 1625 1
485 1625 -1
476 1626 1
486 1626 -1
477 1627 1
487 1627 -1
478 1628 1
488 1628 -1
479 1629 1
489 1629 -1
480 1630 1
490 1630 -1
481 1631 1
491 1631 -1
482 1632 1
492 1632 -1
483 1633 1
493 1633 -1
484 1634 1
494 1634 -1
485 1635 1
495 1635 -1
486 1636 1
496 1636 -1
487 1637 1
497 1637 -1
488 1638 1
498 1638 -1
489 1639 1
499 1639 -1
490 1640 1
491 1641 1
492 1642 1
493 1643 1
494 1644 1
495 1645 1
496 1646 1
497 1647 1
498 1648 1
499 1649 1
500 1650 -1
501 1651 -1
502 1652 -1
503 1653 -1
504 1654 -1
505 1655 -1
506 1656 -1
507 1657 -1
508 1658 -1
509 1659 -1
500 1660 1
510 1660 -1
501 1661 1
511 1661 -1
502 1662 1
512 1662 -1
503 1663 1
513 1663 -1
504 1664 1
514 1664 -1
505 1665 1
515 1665 -1
506 1666 1
516 1666 -1
507 1667 1
517 1667 -1
508 1668 1
518 1668 -1
509 1669 1
519 1669 -1
510 1670 1
520 1670 -1
511 1671 1
521 1671 -1
512 1672 1
522 1672 -1
513 1673 1
523 1673 -1
514 1674 1
524 1674 -1
515 1675 1
525 1675 -1
516 1676 1
526 1676 -1
517 1677 1
527 1677 -1
518 1678 1
528 1678 -1
519 1679 1
529 1679 -1
520 1680 1
530 1680 -1
521 1681 1
531 1681 -1
522 1682 1
532 1682 -1
523 1683 1
533 1683 -1
524 1684 1
534 1684 -1
525 1685 1
535 1685 -1
526 1686 1
536 1686 -1
527 1687 1
537 1687 -1
528 1688 1
538 1688 -1
529 1689 1
539 1689 -1
530 1690 1
540 1690 -1
531 1691 1
541 1691 -1
532 1692 1
542 1692 -1
533 1693 1
543 1693 -1
534 1694 1
544 1694 -1
535 1695 1
545 1695 -1
536 1696 1
546 1696 -1
537 1697 1
547 1697 -1
538 1698 1
548 1698 -1
539 1699 1
549 1699 -1
540 1700 1
550 1700 -1
541 1701 1
551 1701 -1
542 1702 1
552 1702 -1
543 1703 1
553 1703 -1
544 1704 1
554 1704 -1
545 1705 1
555 1705 -1
546 1706 1
556 1706 -1
547 1707 1
557 1707 -1
548 1708 1
558 1708 -1
549 1709 1
559 1709 -1
550 1710 1
560 1710 -1
551 1711 1
561 1711 -1
552 1712 1
562 1712 -1
553 1713 1
563 1713 -1
554 1714 1
564 1714 -1
555 1715 1
565 1715 -1
556 1716 1
566 1716 -1
557 1717 1
567 1717 -1
558 1718 1
568 1718 -1
559 1719 1
569 1719 -1
560 1720 1
570 1720 -1
561 1721 1
571 1721 -1
562 1722 1
572 1722 -1
563 1723 1
573 1723 -1
564 1724 1
574 1724 -1
565 1725 1
575 1725 -1
566 1726 1
576 1726 -1
567 1727 1
577 1727 -1
568 1728 1
578 1728 -1
569 1729 1
579 1729 -1
570 1730 1
580 1730 -1
571 1731 1
581 1731 -1
572 1732 1
582 1732 -1
573 1733 1
583 1733 -1
574 1734 1
584 1734 -1
575 1735 1
585 1735 -1
576 1736 1
586 1736 -1
577 1737 1
587 1737 -1
578 1738 1
588 1738 -1
579 1739 1
589 1739 -1
580 1740 1
590 1740 -1
581 1741 1
591 1741 -1
582 1742 1
592 1742 -1
583 1743 1
593 1743 -1
584 1744 1
594 1744 -1
585 1745 1
595 1745 -1
586 1746 1
596 1746 -1
587 1747 1
597 1747 -1
588 1748 1
598 1748 -1
589 1749 1
599 1749 -1
590 1750 1
591 1751 1
592 1752 1
593 1753 1
594 1754 1
595 1755 1
596 1756 1
597 1757 1
598 1758 1
599 1759 1
600 1760 -1
601 1761 -1
602 1762 -1
603 1763 -1
604 1764 -1
605 1765 -1
606 1766 -1
607 1767 -1
608 1768 -1
609 1769 -1
600 1770 1
610 1770 -1
601 1771 1
611 1771 -1
602 1772 1
612 1772 -1
603 1773 1
613 1773 -1
604 1774 1
614 1774 -1
605 1775 1
615 1775 -1
606 1776 1
616 1776 -1
607 1777 1
617 1777 -1
608 1778 1
618 1778 -1
609 1779 1
619 1779 -1
610 1780 1
620 1780 -1
611 1781 1
621 1781 -1
612 1782 1
622 1782 -1
613 1783 1
623 1783 -1
614 1784 1
624 1784 -1
615 1785 1
625 1785 -1
616 1786 1
626 1786 -1
617 1787 1
627 1787 -1
618 1788 1
628 1788 -1
619 1789 1
629 1789 -1
620 1790 1
630 1790 -1
621 1791 1
631 1791 -1
622 1792 1
632 1792 -1
623 1793 1
633 1793 -1
624 1794 1
634 1794 -1
625 1795 1
635 1795 -1
626 1796 1
636 1796 -1
627 1797 1
637 1797 -1
628 1798 1
638 1798 -1
629 1799 1
639 1799 -1
630 1800 1
640 1800 -1
631 1801 1
641 1801 -1
632 1802 1
642 1802 -1
633 1803 1
643 1803 -1
634 1804 1
644 1804 -1
635 1805 1
645 1805 -1
636 1806 1
646 1806 -1
637 1807 1
647 1807 -1
638 1808 1
648 1808 -1
639 1809 1
649 1809 -1
640 1810 1
650 1810 -1
641 1811 1
651 1811 -1
642 1812 1
652 1812 -1
643 1813 1
653 1813 -1
644 1814 1
654 1814 -1
645 1815 1
655 1815 -1
646 1816 1
656 1816 -1
647 1817 1
657 1817 -1
648 1818 1
658 1818 -1
649 1819 1
659 1819 -1
650 1820 1
660 1820 -1
651 1821 1
661 1821 -1
652 1822 1
662 1822 -1
653 1823 1
663 1823 -1
654 1824 1
664 1824 -1
655 1825 1
665 1825 -1
656 1826 1
666 1826 -1
657 1827 1
667 1827 -1
658 1828 1
668 1828 -1
659 1829 1
669 1829 -1
660 1830 1
670 1830 -1
661 1831 1
671 1831 -1
662 1832 1
672 1832 -1
663 1833 1
673 1833 -1
664 1834 1
674 1834 -1
665 1835 1
675 1835 -1
666 1836 1
676 1836 -1
667 1837 1
677 1837 -1
668 1838 1
678 1838 -1
669 1839 1
679 1839 -1
670 1840 1
680 1840 -1
671 1841 1
681 1841 -1
672 1842 1
682 1842 -1
673 1843 1
683 1843 -1
674 1844 1
684 1844 -1
675 1845 1
685 1845 -1
676 1846 1
686 1846 -1
677 1847 1
687 1847 -1
678 1848 1
688 1848 -1
679 1849 1
689 1849 -1
680 1850 1
690 1850 -1
681 1851 1
691 1851 -1
682 1852 1
692 1852 -1
683 1853 1
693 1853 -1
684 1854 1
694 1854 -1
685 1855 1
695 1855 -1
686 1856 1
696 1856 -1
687 1857 1
697 1857 -1
688 1858 1
698 1858 -1
689 1859 1
699 1859 -1
690 1860 1
691 1861 1
692 1862 1
693 1863 1
694 1864 1
695 1865 1
696 1866 1
697 1867 1
698 1868 1
699 1869 1
700 1870 -1
701 1871 -1
702 1872 -1
703 1873 -1
704 1874 -1
705 1875 -1
706 1876 -1
707 1877 -1
708 1878 -1
709 1879 -1
700 1880 1
710 1880 -1
701 1881 1
711 1881 -1
702 1882 1
712 1882 -1
703 1883 1
713 1883 -1
704 1884 1
714 1884 -1
705 1885 1
715 1885 -1
706 1886 1
716 1886 -1
707 1887 1
717 1887 -1
708 1888 1
718 1888 -1
709 1889 1
719 1889 -1
710 1890 1
720 1890 -1
711 1891 1
721 1891 -1
712 1892 1
722 1892 -1
713 1893 1
723 1893 -1
714 1894 1
724 1894 -1
715 1895 1
725 1895 -1
716 1896 1
726 1896 -1
717 1897 1
727 1897 -1
718 1898 1
728 1898 -1
719 1899 1
729 1899 -1
720 1900 1
730 1900 -1
721 1901 1
731 1901 -1
722 1902 1
732 1902 -1
723 1903 1
733 1903 -1
724 1904 1
734 1904 -1
725 1905 1
735 1905 -1
726 1906 1
736 1906 -1
727 1907 1
737 1907 -1
728 1908 1
738 1908 -1
729 1909 1
739 1909 -1
730 1910 1
740 1910 -1
731 1911 1
741 1911 -1
732 1912 1
742 1912 -1
733 1913 1
743 1913 -1
734 1914 1
744 1914 -1
735 1915 1
745 1915 -1
736 1916 1
746 1916 -1
737 1917 1
747 1917 -1
738 1918 1
748 1918 -1
739 1919 1
749 1919 -1
740 1920 1
750 1920 -1
741 1921 1
751 1921 -1
742 1922 1
752 1922 -1
743 1923 1
753 1923 -1
744 1924 1
754 1924 -1
745 1925 1
755 1925 -1
746 1926 1
756 1926 -1
747 1927 1
757 1927 -1
748 1928 1
758 1928 -1
749 1929 1
759 1929 -1
750 1930 1
760 1930 -1
751 1931 1
761 1931 -1
752 1932 1
762 1932 -1
753 1933 1
763 1933 -1
754 1934 1
764 1934 -1
755 1935 1
765 1935 -1
756 1936 1
766 1936 -1
757 1937 1
767 1937 -1
758 1938 1
768 1938 -1
759 1939 1
769 1939 -1
760 1940 1
770 1940 -1
761 1941 1
771 1941 -1
762 1942 1
772 1942 -1
763 1943 1
773 1943 -1
764 1944 1
774 1944 -1
765 1945 1
775 1945 -1
766 1946 1
776 1946 -1
767 1947 1
777 1947 -1
768 1948 1
778 1948 -1
769 1949 1
779 1949 -1
770 1950 1
780 1950 -1
771 1951 1
781 1951 -1
772 1952 1
782 1952 -1
773 1953 1
783 1953 -1
774 1954 1
784 1954 -1
775 1955 1
785 1955 -1
776 1956 1
786 1956 -1
777 1957 1
787 1957 -1
778 1958 1
788 1958 -1
779 1959 1
789 1959 -1
780 1960 1
790 1960 -1
781 1961 1
791 1961 -1
782 1962 1
792 1962 -1
783 1963 1
793 1963 -1
784 1964 1
794 1964 -1
785 1965 1
795 1965 -1
786 1966 1
796 1966 -1
787 1967 1
797 1967 -1
788 1968 1
798 1968 -1
789 1969 1
799 1969 -1
790 1970 1
791 1971 1
792 1972 1
793 1973 1
794 1974 1
795 1975 1
796 1976 1
797 1977 1
798 1978 1
799 1979 1
800 1980 -1
801 1981 -1
802 1982 -1
803 1983 -1
804 1984 -1
805 1985 -1
806 1986 -1
807 1987 -1
808 1988 -1
809 1989 -1
800 1990 1
810 1990 -1
801 1991 1
811 1991 -1
802 1992 1
812 1992 -1
803 1993 1
813 1993 -1
804 1994 1
814 1994 -1
805 1995 1
815 1995 -1
806 1996 1
816 1996 -1
807 1997 1
817 1997 -1
808 1998 1
818 1998 -1
809 1999 1
819 1999 -1
810 2000 1
820 2000 -1
811 2001 1
821 2001 -1
812 2002 1
822 2002 -1
813 2003 1
823 2003 -1
814 2004 1
824 2004 -1
815 2005 1
825 2005 -1
816 2006 1
826 2006 -1
817 2007 1
827 2007 -1
818 2008 1
828 2008 -1
819 2009 1
829 2009 -1
820 2010 1
830 2010 -1
821 2011 1
831 2011 -1
822 2012 1
832 2012 -1
823 2013 1
833 2013 -1
824 2014 1
834 2014 -1
825 2015 1
835 2015 -1
826 2016 1
836 2016 -1
827 2017 1
837 2017 -1
828 2018 1
838 2018 -1
829 2019 1
839 2019 -1
830 2020 1
840 2020 -1
831 2021 1
841 2021 -1
832 2022 1
842 2022 -1
833 2023 1
843 2023 -1
834 2024 1
844 2024 -1
835 2025 1
845 2025 -1
836 2026 1
846 2026 -1
837 2027 1
847 2027 -1
838 2028 1
848 2028 -1
839 2029 1
849 2029 -1
840 2030 1
850 2030 -1
841 2031 1
851 2031 -1
842 2032 1
852 2032 -1
843 2033 1
853 2033 -1
844 2034 1
854 2034 -1
845 2035 1
855 2035 -1
846 2036 1
856 2036 -1
847 2037 1
857 2037 -1
848 2038 1
858 2038 -1
849 2039 1
859 2039 -1
850 2040 1
860 2040 -1
851 2041 1
861 2041 -1
852 2042 1
862 2042 -1
853 2043 1
863 2043 -1
854 2044 1
864 2044 -1
855 2045 1
865 2045 -1
856 2046 1
866 2046 -1
857 2047 1
867 2047 -1
858 2048 1
868 2048 -1
859 2049 1
869 2049 -1
860 2050 1
870 2050 -1
861 2051 1
871 2051 -1
862 2052 1
872 2052 -1
863 2053 1
873 2053 -1
864 2054 1
874 2054 -1
865 2055 1
875 2055 -1
866 2056 1
876 2056 -1
867 2057 1
877 2057 -1
868 2058 1
878 2058 -1
869 2059 1
879 2059 -1
870 2060 1
880 2060 -1
871 2061 1
881 2061 -1
872 2062 1
882 2062 -1
873 2063 1
883 2063 -1
874 2064 1
884 2064 -1
875 2065 1
885 2065 -1
876 2066 1
886 2066 -1
877 2067 1
887 2067 -1
878 2068 1
888 2068 -1
879 2069 1
889 2069 -1
880 2070 1
890 2070 -1
881 2071 1
891 2071 -1
882 2072 1
892 2072 -1
883 2073 1
893 2073 -1
884 2074 1
894 2074 -1
885 2075 1
895 2075 -1
886 2076 1
896 2076 -1
887 2077 1
897 2077 -1
888 2078 1
898 2078 -1
889 2079 1
899 2079 -1
890 2080 1
891 2081 1
892 2082 1
893 2083 1
894 2084 1
895 2085 1
896 2086 1
897 2087 1
898 2088 1
899 2089 1
900 2090 -1
901 2091 -1
902 2092 -1
903 2093 -1
904 2094 -1
905 2095 -1
906 2096 -1
907 2097 -1
908 2098 -1
909 2099 -1
900 2100 1
910 2100 -1
901 2101 1
911 2101 -1
902 2102 1
912 2102 -1
903 2103 1
913 2103 -1
904 2104 1
914 2104 -1
905 2105 1
915 2105 -1
906 2106 1
916 2106 -1
907 2107 1
917 2107 -1
908 2108 1
918 2108 -1
909 2109 1
919 2109 -1
910 2110 1
920 2110 -1
911 2111 1
921 2111 -1
912 2112 1
922 2112 -1
913 2113 1
923 2113 -1
914 2114 1
924 2114 -1
915 2115 1
925 2115 -1
916 2116 1
926 2116 -1
917 2117 1
927 2117 -1
918 2118 1
928 2118 -1
919 2119 1
929 2119 -1
920 2120 1
930 2120 -1
921 2121 1
931 2121 -1
922 2122 1
932 2122 -1
923 2123 1
933 2123 -1
924 2124 1
934 2124 -1
925 2125 1
935 2125 -1
926 2126 1
936 2126 -1
927 2127 1
937 2127 -1
928 2128 1
938 2128 -1
929 2129 1
939 2129 -1
930 2130 1
940 2130 -1
931 2131 1
941 2131 -1
932 2132 1
942 2132 -1
933 2133 1
943 2133 -1
934 2134 1
944 2134 -1
935 2135 1
945 2135 -1
936 2136 1
946 2136 -1
937 2137 1
947 2137 -1
938 2138 1
948 2138 -1
939 2139 1
949 2139 -1
940 2140 1
950 2140 -1
941 2141 1
951 2141 -1
942 2142 1
952 2142 -1
943 2143 1
953 2143 -1
944 2144 1
954 2144 -1
945 2145 1
955 2145 -1
946 2146 1
956 2146 -1
947 2147 1
957 2147 -1
948 2148 1
958 2148 -1
949 2149 1
959 2149 -1
950 2150 1
960 2150 -1
951 2151 1
961 2151 -1
952 2152 1
962 2152 -1
953 2153 1
963 2153 -1
954 2154 1
964 2154 -1
955 2155 1
965 2155 -1
956 2156 1
966 2156 -1
957 2157 1
967 2157 -1
958 2158 1
968 2158 -1
959 2159 1
969 2159 -1
960 2160 1
970 2160 -1
961 2161 1
971 2161 -1
962 2162 1
972 2162 -1
963 2163 1
973 2163 -1
964 2164 1
974 2164 -1
965 2165 1
975 2165 -1
966 2166 1
976 2166 -1
967 2167 1
977 2167 -1
968 2168 1
978 2168 -1
969 2169 1
979 2169 -1
970 2170 1
980 2170 -1
971 2171 1
981 2171 -1
972 2172 1
982 2172 -1
973 2173 1
983 2173 -1
974 2174 1
984 2174 -1
975 2175 1
985 2175 -1
976 2176 1
986 2176 -1
977 2177 1
987 2177 -1
978 2178 1
988 2178 -1
979 2179 1
989 2179 -1
980 2180 1
990 2180 -1
981 2181 1
991 2181 -1
982 2182 1
992 2182 -1
983 2183 1
993 2183 -1
984 2184 1
994 2184 -1
985 2185 1
995 2185 -1
986 2186 1
996 2186 -1
987 2187 1
997 2187 -1
988 2188 1
998 2188 -1
989 2189 1
999 2189 -1
990 2190 1
991 2191 1
992 2192 1
993 2193 1
994 2194 1
995 2195 1
996 2196 1
997 2197 1
998 2198 1
999 2199 1
0 2200 -1
1 2201 -1
2 2202 -1
3 2203 -1
4 2204 -1
5 2205 -1
6 2206 -1
7 2207 -1
8 2208 -1
9 2209 -1
10 2210 -1
11 2211 -1
12 2212 -1
13 2213 -1
14 2214 -1
15 2215 -1
16 2216 -1
17 2217 -1
18 2218 -1
19 2219 -1
20 2220 -1
21 2221 -1
22 2222 -1
23 2223 -1
24 2224 -1
25 2225 -1
26 2226 -1
27 2227 -1
28 2228 -1
29 2229 -1
30 2230 -1
31 2231 -1
32 2232 -1
33 2233 -1
34 2234 -1
35 2235 -1
36 2236 -1
37 2237 -1
38 2238 -1
39 2239 -1
40 2240 -1
41 2241 -1
42 2242 -1
43 2243 -1
44 2244 -1
45 2245 -1
46 2246 -1
47 2247 -1
48 2248 -1
49 2249 -1
50 2250 -1
51 2251 -1
52 2252 -1
53 2253 -1
54 2254 -1
55 2255 -1
56 2256 -1
57 2257 -1
58 2258 -1
59 2259 -1
60 2260 -1
61 2261 -1
62 2262 -1
63 2263 -1
64 2264 -1
65 2265 -1
66 2266 -1
67 2267 -1
68 2268 -1
69 2269 -1
70 2270 -1
71 2271 -1
72 2272 -1
73 2273 -1
74 2274 -1
75 2275 -1
76 2276 -1
77 2277 -1
78 2278 -1
79 2279 -1
80 2280 -1
81 2281 -1
82 2282 -1
83 2283 -1
84 2284 -1
85 2285 -1
86 2286 -1
87 2287 -1
88 2288 -1
89 2289 -1
90 2290 -1
91 2291 -1
92 2292 -1
93 2293 -1
94 2294 -1
95 2295 -1
96 2296 -1
97 2297 -1
98 2298 -1
99 2299 -1
0 2300 1
100 2300 -1
1 2301 1
101 2301 -1
2 2302 1
102 2302 -1
3 2303 1
103 2303 -1
4 2304 1
104 2304 -1
5 2305 1
105 2305 -1
6 2306 1
106 2306 -1
7 2307 1
107 2307 -1
8 2308 1
108 2308 -1
9 2309 1
109 2309 -1
10 2310 1
110 2310 -1
11 2311 1
111 2311 -1
12 2312 1
112 2312 -1
13 2313 1
113 2313 -1
14 2314 1
114 2314 -1
15 2315 1
115 2315 -1
16 2316 1
116 2316 -1
17 2317 1
117 2317 -1
18 2318 1
118 2318 -1
19 2319 1
119 2319 -1
20 2320 1
120 2320 -1
21 2321 1
121 2321 -1
22 2322 1
122 2322 -1
23 2323 1
123 2323 -1
24 2324 1
124 2324 -1
25 2325 1
125 2325 -1
26 2326 1
126 2326 -1
27 2327 1
127 2327 -1
28 2328 1
128 2328 -1
29 2329 1
129 2329 -1
30 2330 1
130 2330 -1
31 2331 1
131 2331 -1
32 2332 1
132 2332 -1
33 2333 1
133 2333 -1
34 2334 1
134 2334 -1
35 2335 1
135 2335 -1
36 2336 1
136 2336 -1
37 2337 1
137 2337 -1
38 2338 1
138 2338 -1
39 2339 1
139 2339 -1
40 2340 1
140 2340 -1
41 2341 1
141 2341 -1
42 2342 1
142 2342 -1
43 2343 1
143 2343 -1
44 2344 1
144 2344 -1
45 2345 1
145 2345 -1
46 2346 1
146 2346 -1
47 2347 1
147 2347 -1
48 2348 1
148 2348 -1
49 2349 1
149 2349 -1
50 2350 1
150 2350 -1
51 2351 1
151 2351 -1
52 2352 1
152 2352 -1
53 2353 1
153 2353 -1
54 2354 1
154 2354 -1
55 2355 1
155 2355 -1
56 2356 1
156 2356 -1
57 2357 1
157 2357 -1
58 2358 1
158 2358 -1
59 2359 1
159 2359 -1
60 2360 1
160 2360 -1
61 2361 1
161 2361 -1
62 2362 1
162 2362 -1
63 2363 1
163 2363 -1
64 2364 1
164 2364 -1
65 2365 1
165 2365 -1
66 2366 1
166 2366 -1
67 2367 1
167 2367 -1
68 2368 1
168 2368 -1
69 2369 1
169 2369 -1
70 2370 1
170 2370 -1
71 2371 1
171 2371 -1
72 2372 1
172 2372 -1
73 2373 1
173 2373 -1
74 2374 1
174 2374 -1
75 2375 1
175 2375 -1
76 2376 1
176 2376 -1
77 2377 1
177 2377 -1
78 2378 1
178 2378 -1
79 2379 1
179 2379 -1
80 2380 1
180 2380 -1
81 2381 1
181 2381 -1
82 2382 1
182 2382 -1
83 2383 1
183 2383 -1
84 2384 1
184 2384 -1
85 2385 1
185 2385 -1
86 2386 1
186 2386 -1
87 2387 1
187 2387 -1
88 2388 1
188 2388 -1
89 2389 1
189 2389 -1
90 2390 1
190 2390 -1
91 2391 1
191 2391 -1
92 2392 1
192 2392 -1
93 2393 1
193 2393 -1
94 2394 1
194 2394 -1
95 2395 1
195 2395 -1
96 2396 1
196 2396 -1
97 2397 1
197 2397 -1
98 2398 1
198 2398 -1
99 2399 1
199 2399 -1
100 2400 1
200 2400 -1
101 2401 1
201 2401 -1
102 2402 1
202 2402 -1
103 2403 1
203 2403 -1
104 2404 1
204 2404 -1
105 2405 1
205 2405 -1
106 2406 1
206 2406 -1
107 2407 1
207 2407 -1
108 2408 1
208 2408 -1
109 2409 1
209 2409 -1
110 2410 1
210 2410 -1
111 2411 1
211 2411 -1
112 2412 1
212 2412 -1
113 2413 1
213 2413 -1
114 2414 1
214 2414 -1
115 2415 1
215 2415 -1
116 2416 1
216 2416 -1
117 2417 1
217 2417 -1
118 2418 1
218 2418 -1
119 2419 1
219 2419 -1
120 2420 1
220 2420 -1
121 2421 1
221 2421 -1
122 2422 1
222 2422 -1
123 2423 1
223 2423 -1
124 2424 1
224 2424 -1
125 2425 1
225 2425 -1
126 2426 1
226 2426 -1
127 2427 1
227 2427 -1
128 2428 1
228 2428 -1
129 2429 1
229 2429 -1
130 2430 1
230 2430 -1
131 2431 1
231 2431 -1
132 2432 1
232 2432 -1
133 2433 1
233 2433 -1
134 2434 1
234 2434 -1
135 2435 1
235 2435 -1
136 2436 1
236 2436 -1
137 2437 1
237 2437 -1
138 2438 1
238 2438 -1
139 2439 1
239 2439 -1
140 2440 1
240 2440 -1
141 2441 1
241 2441 -1
142 2442 1
242 2442 -1
143 2443 1
243 2443 -1
144 2444 1
244 2444 -1
145 2445 1
245 2445 -1
146 2446 1
246 2446 -1
147 2447 1
247 2447 -1
148 2448 1
248 2448 -1
149 2449 1
249 2449 -1
150 2450 1
250 2450 -1
151 2451 1
251 2451 -1
152 2452 1
252 2452 -1
153 2453 1
253 2453 -1
154 2454 1
254 2454 -1
155 2455 1
255 2455 -1
156 2456 1
256 2456 -1
157 2457 1
257 2457 -1
158 2458 1
258 2458 -1
159 2459 1
259 2459 -1
160 2460 1
260 2460 -1
161 2461 1
261 2461 -1
162 2462 1
262 2462 -1
163 2463 1
263 2463 -1
164 2464 1
264 2464 -1
165 2465 1
265 2465 -1
166 2466 1
266 2466 -1
167 2467 1
267 2467 -1
168 2468 1
268 2468 -1
169 2469 1
269 2469 -1
170 2470 1
270 2470 -1
171 2471 1
271 2471 -1
172 2472 1
272 2472 -1
173 2473 1
273 2473 -1
174 2474 1
274 2474 -1
175 2475 1
275 2475 -1
176 2476 1
276 2476 -1
177 2477 1
277 2477 -1
178 2478 1
278 2478 -1
179 2479 1
279 2479 -1
180 2480 1
280 2480 -1
181 2481 1
281 2481 -1
182 2482 1
282 2482 -1
183 2483 1
283 2483 -1
184 2484 1
284 2484 -1
185 2485 1
285 2485 -1
186 2486 1
286 2486 -1
187 2487 1
287 2487 -1
188 2488 1
288 2488 -1
189 2489 1
289 2489 -1
190 2490 1
290 2490 -1
191 2491 1
291 2491 -1
192 2492 1
292 2492 -1
193 2493 1
293 2493 -1
194 2494 1
294 2494 -1
195 2495 1
295 2495 -1
196 2496 1
296 2496 -1
197 2497 1
297 2497 -1
198 2498 1
298 2498 -1
199 2499 1
299 2499 -1
200 2500 1
300 2500 -1
201 2501 1
301 2501 -1
202 2502 1
302 2502 -1
203 2503 1
303 2503 -1
204 2504 1
304 2504 -1
205 2505 1
305 2505 -1
206 2506 1
306 2506 -1
207 2507 1
307 2507 -1
208 2508 1
308 2508 -1
209 2509 1
309 2509 -1
210 2510 1
310 2510 -1
211 2511 1
311 2511 -1
212 2512 1
312 2512 -1
213 2513 1
313 2513 -1
214 2514 1
314 2514 -1
215 2515 1
315 2515 -1
216 2516 1
316 2516 -1
217 2517 1
317 2517 -1
218 2518 1
318 2518 -1
219 2519 1
319 2519 -1
220 2520 1
320 2520 -1
221 2521 1
321 2521 -1
222 2522 1
322 2522 -1
223 2523 1
323 2523 -1
224 2524 1
324 2524 -1
225 2525 1
325 2525 -1
226 2526 1
326 2526 -1
227 2527 1
327 2527 -1
228 2528 1
328 2528 -1
229 2529 1
329 2529 -1
230 2530 1
330 2530 -1
231 2531 1
331 2531 -1
232 2532 1
332 2532 -1
233 2533 1
333 2533 -1
234 2534 1
334 2534 -1
235 2535 1
335 2535 -1
236 2536 1
336 2536 -1
237 2537 1
337 2537 -1
238 2538 1
338 2538 -1
239 2539 1
339 2539 -1
240 2540 1
340 2540 -1
241 2541 1
341 2541 -1
242 2542 1
342 2542 -1
243 2543 1
343 2543 -1
244 2544 1
344 2544 -1
245 2545 1
345 2545 -1
246 2546 1
346 2546 -1
247 2547 1
347 2547 -1
248 2548 1
348 2548 -1
249 2549 1
349 2549 -1
250 2550 1
350 2550 -1
251 2551 1
351 2551 -1
252 2552 1
352 2552 -1
253 2553 1
353 2553 -1
254 2554 1
354 2554 -1
255 2555 1
355 2555 -1
256 2556 1
356 2556 -1
257 2557 1
357 2557 -1
258 2558 1
358 2558 -1
259 2559 1
359 2559 -1
260 2560 1
360 2560 -1
261 2561 1
361 2561 -1
262 2562 1
362 2562 -1
263 2563 1
363 2563 -1
264 2564 1
364 2564 -1
265 2565 1
365 2565 -1
266 2566 1
366 2566 -1
267 2567 1
367 2567 -1
268 2568 1
368 2568 -1
269 2569 1
369 2569 -1
270 2570 1
370 2570 -1
271 2571 1
371 2571 -1
272 2572 1
372 2572 -1
273 2573 1
373 2573 -1
274 2574 1
374 2574 -1
275 2575 1
375 2575 -1
276 2576 1
376 2576 -1
277 2577 1
377 2577 -1
278 2578 1
378 2578 -1
279 2579 1
379 2579 -1
280 2580 1
380 2580 -1
281 2581 1
381 2581 -1
282 2582 1
382 2582 -1
283 2583 1
383 2583 -1
284 2584 1
384 2584 -1
285 2585 1
385 2585 -1
286 2586 1
386 2586 -1
287 2587 1
387 2587 -1
288 2588 1
388 2588 -1
289 2589 1
389 2589 -1
290 2590 1
390 2590 -1
291 2591 1
391 2591 -1
292 2592 1
392 2592 -1
293 2593 1
393 2593 -1
294 2594 1
394 2594 -1
295 2595 1
395 2595 -1
296 2596 1
396 2596 -1
297 2597 1
397 2597 -1
298 2598 1
398 2598 -1
299 2599 1
399 2599 -1
300 2600 1
400 2600 -1
301 2601 1
401 2601 -1
302 2602 1
402 2602 -1
303 2603 1
403 2603 -1
304 2604 1
404 2604 -1
305 2605 1
405 2605 -1
306 2606 1
406 2606 -1
307 2607 1
407 2607 -1
308 2608 1
408 2608 -1
309 2609 1
409 2609 -1
310 2610 1
410 2610 -1
311 2611 1
411 2611 -1
312 2612 1
412 2612 -1
313 2613 1
413 2613 -1
314 2614 1
414 2614 -1
315 2615 1
415 2615 -1
316 2616 1
416 2616 -1
317 2617 1
417 2617 -1
318 2618 1
418 2618 -1
319 2619 1
419 2619 -1
320 2620 1
420 2620 -1
321 2621 1
421 2621 -1
322 2622 1
422 2622 -1
323 2623 1
423 2623 -1
324 2624 1
424 2624 -1
325 2625 1
425 2625 -1
326 2626 1
426 2626 -1
327 2627 1
427 2627 -1
328 2628 1
428 2628 -1
329 2629 1
429 2629 -1
330 2630 1
430 2630 -1
331 2631 1
431 2631 -1
332 2632 1
432 2632 -1
333 2633 1
433 2633 -1
334 2634 1
434 2634 -1
335 2635 1
435 2635 -1
336 2636 1
436 2636 -1
337 2637 1
437 2637 -1
338 2638 1
438 2638 -1
339 2639 1
439 2639 -1
340 2640 1
440 2640 -1
341 2641 1
441 2641 -1
342 2642 1
442 2642 -1
343 2643 1
443 2643 -1
344 2644 1
444 2644 -1
345 2645 1
445 2645 -1
346 2646 1
446 2646 -1
347 2647 1
447 2647 -1
348 2648 1
448 2648 -1
349 2649 1
449 2649 -1
350 2650 1
450 2650 -1
351 2651 1
451 2651 -1
352 2652 1
452 2652 -1
353 2653 1
453 2653 -1
354 2654 1
454 2654 -1
355 2655 1
455 2655 -1
356 2656 1
456 2656 -1
357 2657 1
457 2657 -1
358 2658 1
458 2658 -1
359 2659 1
459 2659 -1
360 2660 1
460 2660 -1
361 2661 1
461 2661 -1
362 2662 1
462 2662 -1
363 2663 1
463 2663 -1
364 2664 1
464 2664 -1
365 2665 1
465 2665 -1
366 2666 1
466 2666 -1
367 2667 1
467 2667 -1
368 2668 1
468 2668 -1
369 2669 1
469 2669 -1
370 2670 1
470 2670 -1
371 2671 1
471 2671 -1
372 2672 1
472 2672 -1
373 2673 1
473 2673 -1
374 2674 1
474 2674 -1
375 2675 1
475 2675 -1
376 2676 1
476 2676 -1
377 2677 1
477 2677 -1
378 2678 1
478 2678 -1
379 2679 1
479 2679 -1
380 2680 1
480 2680 -1
381 2681 1
481 2681 -1
382 2682 1
482 2682 -1
383 2683 1
483 2683 -1
384 2684 1
484 2684 -1
385 2685 1
485 2685 -1
386 2686 1
486 2686 -1
387 2687 1
487 2687 -1
388 2688 1
488 2688 -1
389 2689 1
489 2689 -1
390 2690 1
490 2690 -1
391 2691 1
491 2691 -1
392 2692 1
492 2692 -1
393 2693 1
493 2693 -1
394 2694 1
494 2694 -1
395 2695 1
495 2695 -1
396 2696 1
496 2696 -1
397 2697 1
497 2697 -1
398 2698 1
498 2698 -1
399 2699 1
499 2699 -1
400 2700 1
500 2700 -1
401 2701 1
501 2701 -1
402 2702 1
502 2702 -1
403 2703 1
503 2703 -1
404 2704 1
504 2704 -1
405 2705 1
505 2705 -1
406 2706 1
506 2706 -1
407 2707 1
507 2707 -1
408 2708 1
508 2708 -1
409 2709 1
509 2709 -1
410 2710 1
510 2710 -1
411 2711 1
511 2711 -1
412 2712 1
512 2712 -1
413 2713 1
513 2713 -1
414 2714 1
514 2714 -1
415 2715 1
515 2715 -1
416 2716 1
516 2716 -1
417 2717 1
517 2717 -1
418 2718 1
518 2718 -1
419 2719 1
519 2719 -1
420 2720 1
520 2720 -1
421 2721 1
521 2721 -1
422 2722 1
522 2722 -1
423 2723 1
523 2723 -1
424 2724 1
524 2724 -1
425 2725 1
525 2725 -1
426 2726 1
526 2726 -1
427 2727 1
527 2727 -1
428 2728 1
528 2728 -1
429 2729 1
529 2729 -1
430 2730 1
530 2730 -1
431 2731 1
531 2731 -1
432 2732 1
532 2732 -1
433 2733 1
533 2733 -1
434 2734 1
534 2734 -1
435 2735 1
535 2735 -1
436 2736 1
536 2736 -1
437 2737 1
537 2737 -1
438 2738 1
538 2738 -1
439 2739 1
539 2739 -1
440 2740 1
540 2740 -1
441 2741 1
541 2741 -1
442 2742 1
542 2742 -1
443 2743 1
543 2743 -1
444 2744 1
544 2744 -1
445 2745 1
545 2745 -1
446 2746 1
546 2746 -1
447 2747 1
547 2747 -1
448 2748 1
548 2748 -1
449 2749 1
549 2749 -1
450 2750 1
550 2750 -1
451 2751 1
551 2751 -1
452 2752 1
552 2752 -1
453 2753 1
553 2753 -1
454 2754 1
554 2754 -1
455 2755 1
555 2755 -1
456 2756 1
556 2756 -1
457 2757 1
557 2757 -1
458 2758 1
558 2758 -1
459 2759 1
559 2759 -1
460 2760 1
560 2760 -1
461 2761 1
561 2761 -1
462 2762 1
562 2762 -1
463 2763 1
563 2763 -1
464 2764 1
564 2764 -1
465 2765 1
565 2765 -1
466 2766 1
566 2766 -1
467 2767 1
567 2767 -1
468 2768 1
568 2768 -1
469 2769 1
569 2769 -1
470 2770 1
570 2770 -1
471 2771 1
571 2771 -1
472 2772 1
572 2772 -1
473 2773 1
573 2773 -1
474 2774 1
574 2774 -1
475 2775 1
575 2775 -1
476 2776 1
576 2776 -1
477 2777 1
577 2777 -1
478 2778 1
578 2778 -1
479 2779 1
579 2779 -1
480 2780 1
580 2780 -1
481 2781 1
581 2781 -1
482 2782 1
582 2782 -1
483 2783 1
583 2783 -1
484 2784 1
584 2784 -1
485 2785 1
585 2785 -1
486 2786 1
586 2786 -1
487 2787 1
587 2787 -1
488 2788 1
588 2788 -1
489 2789 1
589 2789 -1
490 2790 1
590 2790 -1
491 2791 1
591 2791 -1
492 2792 1
592 2792 -1
493 2793 1
593 2793 -1
494 2794 1
594 2794 -1
495 2795 1
595 2795 -1
496 2796 1
596 2796 -1
497 2797 1
597 2797 -1
498 2798 1
598 2798 -1
499 2799 1
599 2799 -1
500 2800 1
600 2800 -1
501 2801 1
601 2801 -1
502 2802 1
602 2802 -1
503 2803 1
603 2803 -1
504 2804 1
604 2804 -1
505 2805 1
605 2805 -1
506 2806 1
606 2806 -1
507 2807 1
607 2807 -1
508 2808 1
608 2808 -1
509 2809 1
609 2809 -1
510 2810 1
610 2810 -1
511 2811 1
611 2811 -1
512 2812 1
612 2812 -1
513 2813 1
613 2813 -1
514 2814 1
614 2814 -1
515 2815 1
615 2815 -1
516 2816 1
616 2816 -1
517 2817 1
617 2817 -1
518 2818 1
618 2818 -1
519 2819 1
619 2819 -1
520 2820 1
620 2820 -1
521 2821 1
621 2821 -1
522 2822 1
622 2822 -1
523 2823 1
623 2823 -1
524 2824 1
624 2824 -1
525 2825 1
625 2825 -1
526 2826 1
626 2826 -1
527 2827 1
627 2827 -1
528 2828 1
628 2828 -1
529 2829 1
629 2829 -1
530 2830 1
630 2830 -1
531 2831 1
631 2831 -1
532 2832 1
632 2832 -1
533 2833 1
633 2833 -1
534 2834 1
634 2834 -1
535 2835 1
635 2835 -1
536 2836 1
636 2836 -1
537 2837 1
637 2837 -1
538 2838 1
638 2838 -1
539 2839 1
639 2839 -1
540 2840 1
640 2840 -1
541 2841 1
641 2841 -1
542 2842 1
642 2842 -1
543 2843 1
643 2843 -1
544 2844 1
644 2844 -1
545 2845 1
645 2845 -1
546 2846 1
646 2846 -1
547 2847 1
647 2847 -1
548 2848 1
648 2848 -1
549 2849 1
649 2849 -1
550 2850 1
650 2850 -1
551 2851 1
651 2851 -1
552 2852 1
652 2852 -1
553 2853 1
653 2853 -1
554 2854 1
654 2854 -1
555 2855 1
655 2855 -1
556 2856 1
656 2856 -1
557 2857 1
657 2857 -1
558 2858 1
658 2858 -1
559 2859 1
659 2859 -1
560 2860 1
660 2860 -1
561 2861 1
661 2861 -1
562 2862 1
662 2862 -1
563 2863 1
663 2863 -1
564 2864 1
664 2864 -1
565 2865 1
665 2865 -1
566 2866 1
666 2866 -1
567 2867 1
667 2867 -1
568 2868 1
668 2868 -1
569 2869 1
669 2869 -1
570 2870 1
670 2870 -1
571 2871 1
671 2871 -1
572 2872 1
672 2872 -1
573 2873 1
673 2873 -1
574 2874 1
674 2874 -1
575 2875 1
675 2875 -1
576 2876 1
676 2876 -1
577 2877 1
677 2877 -1
578 2878 1
678 2878 -1
579 2879 1
679 2879 -1
580 2880 1
680 2880 -1
581 2881 1
681 2881 -1
582 2882 1
682 2882 -1
583 2883 1
683 2883 -1
584 2884 1
684 2884 -1
585 2885 1
685 2885 -1
586 2886 1
686 2886 -1
587 2887 1
687 2887 -1
588 2888 1
688 2888 -1
589 2889 1
689 2889 -1
590 2890 1
690 2890 -1
591 2891 1
691 2891 -1
592 2892 1
692 2892 -1
593 2893 1
693 2893 -1
594 2894 1
694 2894 -1
595 2895 1
695 2895 -1
596 2896 1
696 2896 -1
597 2897 1
697 2897 -1
598 2898 1
698 2898 -1
599 2899 1
699 2899 -1
600 2900 1
700 2900 -1
601 2901 1
701 2901 -1
602 2902 1
702 2902 -1
603 2903 1
703 2903 -1
604 2904 1
704 2904 -1
605 2905 1
705 2905 -1
606 2906 1
706 2906 -1
607 2907 1
707 2907 -1
608 2908 1
708 2908 -1
609 2909 1
709 2909 -1
610 2910 1
710 2910 -1
611 2911 1
711 2911 -1
612 2912 1
712 2912 -1
613 2913 1
713 2913 -1
614 2914 1
714 2914 -1
615 2915 1
715 2915 -1
616 2916 1
716 2916 -1
617 2917 1
717 2917 -1
618 2918 1
718 2918 -1
619 2919 1
719 2919 -1
620 2920 1
720 2920 -1
621 2921 1
721 2921 -1
622 2922 1
722 2922 -1
623 2923 1
723 2923 -1
624 2924 1
724 2924 -1
625 2925 1
725 2925 -1
626 2926 1
726 2926 -1
627 2927 1
727 2927 -1
628 2928 1
728 2928 -1
629 2929 1
729 2929 -1
630 2930 1
730 2930 -1
631 2931 1
731 2931 -1
632 2932 1
732 2932 -1
633 2933 1
733 2933 -1
634 2934 1
734 2934 -1
635 2935 1
735 2935 -1
636 2936 1
736 2936 -1
637 2937 1
737 2937 -1
638 2938 1
738 2938 -1
639 2939 1
739 2939 -1
640 2940 1
740 2940 -1
641 2941 1
741 2941 -1
642 2942 1
742 2942 -1
643 2943 1
743 2943 -1
644 2944 1
744 2944 -1
645 2945 1
745 2945 -1
646 2946 1
746 2946 -1
647 2947 1
747 2947 -1
648 2948 1
748 2948 -1
649 2949 1
749 2949 -1
650 2950 1
750 2950 -1
651 2951 1
751 2951 -1
652 2952 1
752 2952 -1
653 2953 1
753 2953 -1
654 2954 1
754 2954 -1
655 2955 1
755 2955 -1
656 2956 1
756 2956 -1
657 2957 1
757 2957 -1
658 2958 1
758 2958 -1
659 2959 1
759 2959 -1
660 2960 1
760 2960 -1
661 2961 1
761 2961 -1
662 2962 1
762 2962 -1
663 2963 1
763 2963 -1
664 2964 1
764 2964 -1
665 2965 1
765 2965 -1
666 2966 1
766 2966 -1
667 2967 1
767 2967 -1
668 2968 1
768 2968 -1
669 2969 1
769 2969 -1
670 2970 1
770 2970 -1
671 2971 1
771 2971 -1
672 2972 1
772 2972 -1
673 2973 1
773 2973 -1
674 2974 1
774 2974 -1
675 2975 1
775 2975 -1
676 2976 1
776 2976 -1
677 2977 1
777 2977 -1
678 2978 1
778 2978 -1
679 2979 1
779 2979 -1
680 2980 1
780 2980 -1
681 2981 1
781 2981 -1
682 2982 1
782 2982 -1
683 2983 1
783 2983 -1
684 2984 1
784 2984 -1
685 2985 1
785 2985 -1
686 2986 1
786 2986 -1
687 2987 1
787 2987 -1
688 2988 1
788 2988 -1
689 2989 1
789 2989 -1
690 2990 1
790 2990 -1
691 2991 1
791 2991 -1
692 2992 1
792 2992 -1
693 2993 1
793 2993 -1
694 2994 1
794 2994 -1
695 2995 1
795 2995 -1
696 2996 1
796 2996 -1
697 2997 1
797 2997 -1
698 2998 1
798 2998 -1
699 2999 1
799 2999 -1
700 3000 1
800 3000 -1
701 3001 1
801 3001 -1
702 3002 1
802 3002 -1
703 3003 1
803 3003 -1
704 3004 1
804 3004 -1
705 3005 1
805 3005 -1
706 3006 1
806 3006 -1
707 3007 1
807 3007 -1
708 3008 1
808 3008 -1
709 3009 1
809 3009 -1
710 3010 1
810 3010 -1
711 3011 1
811 3011 -1
712 3012 1
812 3012 -1
713 3013 1
813 3013 -1
714 3014 1
814 3014 -1
715 3015 1
815 3015 -1
716 3016 1
816 3016 -1
717 3017 1
817 3017 -1
718 3018 1
818 3018 -1
719 3019 1
819 3019 -1
720 3020 1
820 3020 -1
721 3021 1
821 3021 -1
722 3022 1
822 3022 -1
723 3023 1
823 3023 -1
724 3024 1
824 3024 -1
725 3025 1
825 3025 -1
726 3026 1
826 3026 -1
727 3027 1
827 3027 -1
728 3028 1
828 3028 -1
729 3029 1
829 3029 -1
730 3030 1
830 3030 -1
731 3031 1
831 3031 -1
732 3032 1
832 3032 -1
733 3033 1
833 3033 -1
734 3034 1
834 3034 -1
735 3035 1
835 3035 -1
736 3036 1
836 3036 -1
737 3037 1
837 3037 -1
738 3038 1
838 3038 -1
739 3039 1
839 3039 -1
740 3040 1
840 3040 -1
741 3041 1
841 3041 -1
742 3042 1
842 3042 -1
743 3043 1
843 3043 -1
744 3044 1
844 3044 -1
745 3045 1
845 3045 -1
746 3046 1
846 3046 -1
747 3047 1
847 3047 -1
748 3048 1
848 3048 -1
749 3049 1
849 3049 -1
750 3050 1
850 3050 -1
751 3051 1
851 3051 -1
752 3052 1
852 3052 -1
753 3053 1
853 3053 -1
754 3054 1
854 3054 -1
755 3055 1
855 3055 -1
756 3056 1
856 3056 -1
757 3057 1
857 3057 -1
758 3058 1
858 3058 -1
759 3059 1
859 3059 -1
760 3060 1
860 3060 -1
761 3061 1
861 3061 -1
762 3062 1
862 3062 -1
763 3063 1
863 3063 -1
764 3064 1
864 3064 -1
765 3065 1
865 3065 -1
766 3066 1
866 3066 -1
767 3067 1
867 3067 -1
768 3068 1
868 3068 -1
769 3069 1
869 3069 -1
770 3070 1
870 3070 -1
771 3071 1
871 3071 -1
772 3072 1
872 3072 -1
773 3073 1
873 3073 -1
774 3074 1
874 3074 -1
775 3075 1
875 3075 -1
776 3076 1
876 3076 -1
777 3077 1
877 3077 -1
778 3078 1
878 3078 -1
779 3079 1
879 3079 -1
780 3080 1
880 3080 -1
781 3081 1
881 3081 -1
782 3082 1
882 3082 -1
783 3083 1
883 3083 -1
784 3084 1
884 3084 -1
785 3085 1
885 3085 -1
786 3086 1
886 3086 -1
787 3087 1
887 3087 -1
788 3088 1
888 3088 -1
789 3089 1
889 3089 -1
790 3090 1
890 3090 -1
791 3091 1
891 3091 -1
792 3092 1
892 3092 -1
793 3093 1
893 3093 -1
794 3094 1
894 3094 -1
795 3095 1
895 3095 -1
796 3096 1
896 3096 -1
797 3097 1
897 3097 -1
798 3098 1
898 3098 -1
799 3099 1
899 3099 -1
800 3100 1
900 3100 -1
801 3101 1
901 3101 -1
802 3102 1
902 3102 -1
803 3103 1
903 3103 -1
804 3104 1
904 3104 -1
805 3105 1
905 3105 -1
806 3106 1
906 3106 -1
807 3107 1
907 3107 -1
808 3108 1
908 3108 -1
809 3109 1
909 3109 -1
810 3110 1
910 3110 -1
811 3111 1
911 3111 -1
812 3112 1
912 3112 -1
813 3113 1
913 3113 -1
814 3114 1
914 3114 -1
815 3115 1
915 3115 -1
816 3116 1
916 3116 -1
817 3117 1
917 3117 -1
818 3118 1
918 3118 -1
819 3119 1
919 3119 -1
820 3120 1
920 3120 -1
821 3121 1
921 3121 -1
822 3122 1
922 3122 -1
823 3123 1
923 3123 -1
824 3124 1
924 3124 -1
825 3125 1
925 3125 -1
826 3126 1
926 3126 -1
827 3127 1
927 3127 -1
828 3128 1
928 3128 -1
829 3129 1
929 3129 -1
830 3130 1
930 3130 -1
831 3131 1
931 3131 -1
832 3132 1
932 3132 -1
833 3133 1
933 3133 -1
834 3134 1
934 3134 -1
835 3135 1
935 3135 -1
836 3136 1
936 3136 -1
837 3137 1
937 3137 -1
838 3138 1
938 3138 -1
839 3139 1
939 3139 -1
840 3140 1
940 3140 -1
841 3141 1
941 3141 -1
842 3142 1
942 3142 -1
843 3143 1
943 3143 -1
844 3144 1
944 3144 -1
845 3145 1
945 3145 -1
846 3146 1
946 3146 -1
847 3147 1
947 3147 -1
848 3148 1
948 3148 -1
849 3149 1
949 3149 -1
850 3150 1
950 3150 -1
851 3151 1
951 3151 -1
852 3152 1
952 3152 -1
853 3153 1
953 3153 -1
854 3154 1
954 3154 -1
855 3155 1
955 3155 -1
856 3156 1
956 3156 -1
857 3157 1
957 3157 -1
858 3158 1
958 3158 -1
859 3159 1
959 3159 -1
860 3160 1
960 3160 -1
861 3161 1
961 3161 -1
862 3162 1
962 3162 -1
863 3163 1
963 3163 -1
864 3164 1
964 3164 -1
865 3165 1
965 3165 -1
866 3166 1
966 3166 -1
867 3167 1
967 3167 -1
868 3168 1
968 3168 -1
869 3169 1
969 3169 -1
870 3170 1
970 3170 -1
871 3171 1
971 3171 -1
872 3172 1
972 3172 -1
873 3173 1
973 3173 -1
874 3174 1
974 3174 -1
875 3175 1
975 3175 -1
876 3176 1
976 3176 -1
877 3177 1
977 3177 -1
878 3178 1
978 3178 -1
879 3179 1
979 3179 -1
880 3180 1
980 3180 -1
881 3181 1
981 3181 -1
882 3182 1
982 3182 -1
883 3183 1
983 3183 -1
884 3184 1
984 3184 -1
885 3185 1
985 3185 -1
886 3186 1
986 3186 -1
887 3187 1
987 3187 -1
888 3188 1
988 3188 -1
889 3189 1
989 3189 -1
890 3190 1
990 3190 -1
891 3191 1
991 3191 -1
892 3192 1
992 3192 -1
893 3193 1
993 3193 -1
894 3194 1
994 3194 -1
895 3195 1
995 3195 -1
896 3196 1
996 3196 -1
897 3197 1
997 3197 -1
898 3198 1
998 3198 -1
899 3199 1
999 3199 -1
900 3200 1
901 3201 1
902 3202 1
903 3203 1
904 3204 1
905 3205 1
906 3206 1
907 3207 1
908 3208 1
909 3209 1
910 3210 1
911 3211 1
912 3212 1
913 3213 1
914 3214 1
915 3215 1
916 3216 1
917 3217 1
918 3218 1
919 3219 1
920 3220 1
921 3221 1
922 3222 1
923 3223 1
924 3224 1
925 3225 1
926 3226 1
927 3227 1
928 3228 1
929 3229 1
930 3230 1
931 3231 1
932 3232 1
933 3233 1
934 3234 1
935 3235 1
936 3236 1
937 3237 1
938 3238 1
939 3239 1
940 3240 1
941 3241 1
942 3242 1
943 3243 1
944 3244 1
945 3245 1
946 3246 1
947 3247 1
948 3248 1
949 3249 1
950 3250 1
951 3251 1
952 3252 1
953 3253 1
954 3254 1
955 3255 1
956 3256 1
957 3257 1
958 3258 1
959 3259 1
960 3260 1
961 3261 1
962 3262 1
963 3263 1
964 3264 1
965 3265 1
966 3266 1
967 3267 1
968 3268 1
969 3269 1
970 3270 1
971 3271 1
972 3272 1
973 3273 1
974 3274 1
975 3275 1
976 3276 1
977 3277 1
978 3278 1
979 3279 1
980 3280 1
981 3281 1
982 3282 1
983 3283 1
984 3284 1
985 3285 1
986 3286 1
987 3287 1
988 3288 1
989 3289 1
990 3290 1
991 3291 1
992 3292 1
993 3293 1
994 3294 1
995 3295 1
996 3296 1
997 3297 1
998 3298 1
999 3299 1
