0.327544505352 0.059994859404 0.520245461924
0.463746603421 0.352810469826 0.017266972293
0.140016493288 0.914894611083 0.371457357317
0.348110723967 0.898568807683 0.620980766206
0.228136020208 0.772531206470 0.776879102353
0.747908502360 0.481969104081 0.987303741555
0.064469931529 0.184636624118 0.753216233629
0.799042535648 0.691676427394 0.041937630353
0.979422516210 0.597123611043 0.274389313947
0.621418434654 0.502629860059 0.490413780382
0.389739053696 0.882190150228 0.961960252690
0.919765225927 0.305820642844 0.627597448708
0.100025954167 0.190375905790 0.219837545699
0.591482605733 0.619317429985 0.970541252879
0.311080696628 0.474293025080 0.548311933027
0.484980888647 0.534066949190 0.986179467563
0.922751188011 0.772766685098 0.298144742819
0.474518588297 0.532513789491 0.994048045506
0.186815388358 0.067732627903 0.870822788378
0.369224982585 0.267921598181 0.108697351651
0.471943302530 0.362822727253 0.551512314732
0.643162861367 0.999565816375 0.332189878404
0.210163667785 0.047690203752 0.629314432835
0.936424595872 0.816947252952 0.716088963593
0.859079428030 0.563496597833 0.734393430911
0.508605994361 0.597602939896 0.971951186477
0.281649247268 0.267199129253 0.827567912279
0.734979055737 0.233445796455 0.743496858558
0.896749519113 0.300372990036 0.324694449366
0.717521914325 0.441853826546 0.331666544937
0.708563893058 0.584869768483 0.568627157101
0.715768753858 0.495769576353 0.288890436659
0.582806564820 0.474066694632 0.884156612136
0.353433819516 0.111779690183 0.014257201675
0.669089119889 0.417006724101 0.115739315451
0.976878346172 0.031217178592 0.546424482419
0.830016179691 0.807654544101 0.959804253195
0.428086178712 0.644144184408 0.833251858239
0.205982189119 0.133570828082 0.159104071979
0.688709657665 0.504298473045 0.258505799268
0.052649170759 0.895780747099 0.753342074867
0.250901513574 0.846039516729 0.106998593309
0.497569803672 0.288688049746 0.195631240099
0.976342190100 0.207265720028 0.690168088448
0.791397884124 0.816717703613 0.273666672487
0.361282214937 0.369495846154 0.775556854531
0.771241099831 0.998218118276 0.041658317433
0.420771592509 0.321574062689 0.049373783717
0.303520813722 0.813350417001 0.287027551725
0.894277579042 0.319214585693 0.327001586090
0.089262986841 0.635460602223 0.721298750616
0.507017141023 0.756624319876 0.809832230287
0.770943512727 0.852966006018 0.774266010670
0.490860827060 0.085804435225 0.806202910748
0.487765847783 0.337241819479 0.357533951712
0.628657719963 0.350250368303 0.046277294494
0.412280717923 0.879550698310 0.640293617112
0.218640844018 0.251786657676 0.600180548105
0.922178081265 0.371679561963 0.356565017657
0.955812125931 0.445940101852 0.226814541081
0.129886476730 0.866304818161 0.292455504177
0.226474893534 0.205107202350 0.700437900824
0.433891015911 0.265859209655 0.054257783785
0.378931616202 0.570723120371 0.346851281705
0.215939376583 0.738008431747 0.089799156379
0.554601992696 0.821880351572 0.727468398644
0.073469475747 0.387136284695 0.170580623069
0.537327078397 0.110564211090 0.607474587380
0.591464877601 0.055452919788 0.579877518751
0.064455613379 0.621392278614 0.472567780117
0.652340190981 0.234622749891 0.018649161559
0.872401702636 0.961602805381 0.709035625082
0.768281773854 0.477451374817 0.030131377039
0.535865189529 0.040681316005 0.407290962749
0.143034828534 0.291728562067 0.477761572189
0.070910645229 0.650562538184 0.350971234370
0.245714429109 0.906900273128 0.649294043448
0.671830975695 0.180494727290 0.134520012005
0.945171368042 0.109096183571 0.152730964905
0.656592642641 0.779048650122 0.043155852152
0.764069158705 0.109754965082 0.671315476288
0.054659287730 0.066649491623 0.001117101940
0.201350885852 0.466646291098 0.818777109267
0.897196104222 0.570822628532 0.780283342802
0.711663879708 0.922397740074 0.592932671414
0.255316950460 0.873316959888 0.802487162160
0.003848256445 0.337292607447 0.333136443449
0.440674897411 0.592853479572 0.869606801231
0.843175820111 0.110235973303 0.209246904642
0.182956063167 0.981161203922 0.973323687636
0.184915019935 0.665906462524 0.765350529555
0.463732222771 0.400229807664 0.856107956524
0.199575535534 0.735122956574 0.383115385698
0.809450140171 0.765621103845 0.908703015259
0.052194964808 0.468377808461 0.253651874515
0.244669482192 0.411093042155 0.368245658231
0.795684884376 0.386917213659 0.097514165298
0.418005666552 0.671178957670 0.798287132391
0.664584863650 0.023265325048 0.867911058858
0.153341964791 0.590372928990 0.878773957813
0.576384663533 0.731895843497 0.393262946934
0.565901319855 0.868051976241 0.219882117440
0.848364988595 0.780341408275 0.192998402602
0.262340954250 0.851699785644 0.361598841437
0.211412571952 0.274553609276 0.974488148169
0.667932682826 0.146371235484 0.483656415694
0.267982927689 0.673127636464 0.522235980088
0.032052646498 0.372918328383 0.805953482308
0.113521486234 0.898903773273 0.783490967633
0.665988369082 0.164237091285 0.075209126430
0.444480515499 0.903001986480 0.703478004317
0.725140024598 0.995830513849 0.486159145903
0.249155644887 0.417116771967 0.792633272276
0.959066050121 0.186176117847 0.823781392084
0.534893000427 0.617478739186 0.719698493502
0.980742934047 0.005643007771 0.162566825825
0.862333480769 0.737308856165 0.458944371868
0.573049067268 0.117668061590 0.025761989452
0.800621197088 0.498588122280 0.964767366450
0.256946907340 0.585710188135 0.612681757516
0.267721409927 0.397900757171 0.935752111228
0.380571797402 0.875197811206 0.392585163030
0.561752812081 0.981888356297 0.745010371680
0.587885512133 0.325739836287 0.699079451620
0.440116463499 0.971053888736 0.044328819282
0.930481941671 0.480181002933 0.264162925858
0.882473175195 0.918960745603 0.359560064754
0.048247990306 0.620389720998 0.193079661269
0.863129176023 0.828190623206 0.295050244313
0.530418838130 0.250290498088 0.454871851370
0.865850414801 0.462269635558 0.489754067479
0.922751099651 0.085907538331 0.008087782600
0.288994401276 0.178494886182 0.153415475618
0.331430916775 0.282523853781 0.825087363165
0.694620837188 0.765275640249 0.151568806224
0.350261094389 0.166117923838 0.479410110637
0.099663396869 0.932376511228 0.720679283761
0.924071347819 0.543313598400 0.044761495443
0.265848621026 0.333427562217 0.948019048696
0.180463059236 0.212144237661 0.144190720570
0.273367049911 0.902354698616 0.522983892880
0.112866245229 0.945397759055 0.229697518652
0.379629404789 0.533810013095 0.159064641448
0.283531078713 0.519565320309 0.125760395530
0.911847097478 0.509517712801 0.896969903068
0.520381161358 0.684770201137 0.533665894031
0.187794868327 0.223515214455 0.630994546389
0.302166984668 0.441185514475 0.213503433911
0.109355671803 0.899068935788 0.164688467092
0.382756350056 0.305938035419 0.153852744325
0.669524667953 0.034793359118 0.160077204649
0.722372384085 0.363278424161 0.621620054172
0.452463530498 0.801404734684 0.086695617960
0.384898738934 0.927088279058 0.854648885945
0.305826876622 0.520023828834 0.246719735721
0.026732841324 0.410868890703 0.188715921056
0.558922273078 0.850278590141 0.166222638725
0.668594238497 0.625597005789 0.797555684215
0.954984926174 0.379419476147 0.818689091394
0.921149023045 0.411246284420 0.428577023811
0.514634365735 0.598272896849 0.578052701475
0.636231088694 0.018395675882 0.986488682781
0.366186663540 0.979195627025 0.437476494846
0.120089591258 0.679889365445 0.824687520470
0.621817405233 0.159544870119 0.307394522106
0.878550452194 0.320639675295 0.158946122476
0.754828492680 0.306052422767 0.994523076090
0.264365084347 0.746387412516 0.182224337774
0.198428845694 0.570031254284 0.794378482712
0.983024385542 0.676414619431 0.410202489143
0.678567163013 0.960911050417 0.477007115362
0.002489286095 0.213474862846 0.787620490136
0.313527053800 0.024162136712 0.615720264413
0.022936236670 0.618805867984 0.822331329430
0.991144412653 0.641010331413 0.146877893608
0.834464675963 0.917776994577 0.585229906995
0.304934995493 0.777725999119 0.730399078114
0.495261524382 0.921342445433 0.599325041829
0.627535359968 0.539109472728 0.183740008624
0.991326324696 0.444249656593 0.225110673002
0.626509604178 0.954682340315 0.654875285798
0.547258446506 0.987275525121 0.221430351565
0.411684165956 0.761178683240 0.111202639330
0.942078978260 0.622178936318 0.947801925801
0.544585599858 0.033359075188 0.644940138804
0.316984715830 0.208134924031 0.714418670815
0.318695354235 0.113114871725 0.634557679496
0.587679997922 0.543023561190 0.730191379262
0.509293673157 0.963582410408 0.676138670990
0.465606216987 0.516939120056 0.870957146930
0.852039837913 0.640846480825 0.665162029166
0.240585724291 0.052551702905 0.228789604224
0.455273913819 0.962248124190 0.595999849752
0.826071515437 0.279034237571 0.524793492026
0.989423933155 0.950240624635 0.884682266098
0.842609548032 0.960694479193 0.822508957741
0.752357466138 0.938646496272 0.984825872727
0.454362523381 0.946157382688 0.964916542980
0.258277701996 0.147642494275 0.593379033372
0.665187659008 0.271634943708 0.830181065865
0.054131175626 0.888370931708 0.798298116864
0.612746844344 0.219818943606 0.714601076560
0.510488669544 0.886048287148 0.106692008332
0.521695445854 0.692523906860 0.263764219069
0.016996115331 0.188250650393 0.406344963077
0.330075360168 0.857809956220 0.588952299193
0.247432452020 0.293078871138 0.094578399926
0.814854541178 0.972613446912 0.563634952817
0.880545844388 0.074936745601 0.975549943527
0.439830321407 0.915931230963 0.603145347560
0.893659252579 0.779556736799 0.113619881484
0.939155625860 0.561303667137 0.049621461219
0.191170051825 0.590456448692 0.829685533500
0.307978874317 0.959143620726 0.286094676847
0.776561659072 0.537080863358 0.675789447828
0.817346601169 0.458920955491 0.642696399529
0.962402850507 0.181079913167 0.334339647440
0.269299767327 0.262538248460 0.623813531168
0.495483097343 0.428357899815 0.578385987554
0.831273788143 0.251674482511 0.713840981252
0.112623909724 0.586982164732 0.017748906405
0.243904183058 0.701089260721 0.953667204283
0.488719263264 0.209505640106 0.696093312905
0.727413949418 0.463164928663 0.305226028449
0.364081756118 0.905553655477 0.560309823221
0.663863670111 0.518805002433 0.865157345662
0.053651308185 0.154764070338 0.249019931493
0.432080508525 0.956600521508 0.255067938159
0.453089602139 0.125993447118 0.276764307696
0.698354192895 0.539621623620 0.517886361440
0.525228777019 0.733251360183 0.738647492789
0.131142452280 0.368548389152 0.023996079191
0.991931021000 0.809566802971 0.817662653634
0.623058670426 0.680267353131 0.256474963058
0.686295640244 0.048187415531 0.701596769469
0.183938682564 0.729444191346 0.539914664615
0.075603182190 0.337369431871 0.631322650439
0.001039946352 0.272482415895 0.080840419084
0.322589928140 0.275835955209 0.027809490594
0.929005248307 0.283702233977 0.361823218298
0.806214820644 0.303511666710 0.923335250773
0.858134108697 0.459841258634 0.913938510661
0.885699733414 0.036223889321 0.267496124399
0.413497476653 0.533392717994 0.775416014032
0.290328359498 0.502725716569 0.117839466847
0.913368912848 0.716741031683 0.892907213471
0.826958890459 0.192699735166 0.066210851938
0.676775567794 0.686167414340 0.044884485089
0.451416728169 0.494858148605 0.250524714197
0.105051862883 0.773807867099 0.665918100682
0.614021584673 0.924314564427 0.606154832692
0.331854380920 0.440305182354 0.945192106052
0.311272687599 0.858781673108 0.734823866085
0.735145008882 0.745466514006 0.064075435576
0.942186970578 0.860941540559 0.868209984801
0.834639491784 0.121166591904 0.779588995358
0.837351337488 0.191430342870 0.221960425171
0.993789887690 0.218486695457 0.943031327846
0.390266352100 0.690404526455 0.386623425567
0.027062677783 0.814122795967 0.203418365824
0.677769457519 0.380803930750 0.324129494372
0.906684909487 0.372394967378 0.242057703696
0.458572907072 0.326224349722 0.252451295468
0.083069347774 0.880676537020 0.255143520542
0.911572565893 0.980906224436 0.626056419294
0.530254939786 0.278116851834 0.722715344033
0.044905421905 0.597985670337 0.924185728476
0.112051480999 0.573973621954 0.946977415983
0.576988075950 0.927542118866 0.942245439976
0.918675420377 0.077634086439 0.676515080844
0.848972535791 0.235371124241 0.388717889719
0.426320438469 0.801326550880 0.206846220627
0.238649683602 0.357057103912 0.774165638293
0.884863836346 0.441087559931 0.876511994412
0.053177103617 0.388193999013 0.350867161644
0.004941281066 0.564275110529 0.627344799599
0.520995175123 0.828073223992 0.644778257824
0.372689201677 0.476230397217 0.495503763756
0.433263757571 0.319819370985 0.678065006621
0.538138181993 0.290010638584 0.351381934476
0.505154760746 0.060967528979 0.537337762173
0.828509747891 0.718344392118 0.687233071505
0.021862758147 0.453488615129 0.517737642184
0.071617497432 0.276281534523 0.730719944647
0.543370781897 0.547315295823 0.922950750775
0.945338254494 0.300174865479 0.603637868092
0.188449190937 0.927563456602 0.175928276815
0.843000900660 0.765759107644 0.778949298531
0.592471856714 0.645988862876 0.563838527018
0.390516347569 0.341502227249 0.588952615177
0.575991360663 0.943087391941 0.861377352410
0.882652998814 0.089054531282 0.698472848406
0.987773308762 0.562139784259 0.266425371892
0.261281180765 0.462813509577 0.303046773870
0.781465073844 0.402483658743 0.302556393794
0.809286327746 0.787554380384 0.527464903089
0.270249509303 0.990337695280 0.917252750846
0.833164096580 0.492920463048 0.768947981591
0.997355287333 0.274573127919 0.694334746746
0.584965556624 0.077101915207 0.427426121339
0.859000221968 0.792316767621 0.784804832752
0.069818829145 0.483833992738 0.506409070354
0.891873327973 0.899140246242 0.722333092514
0.296362435706 0.366707688617 0.651863057444
0.354224495538 0.346876365634 0.543064878482
0.942560243022 0.883398245752 0.064736401452
0.683992539006 0.709853671223 0.288240878392
0.869498015818 0.463655150243 0.398922724469
0.212922298618 0.337732001065 0.221465566509
0.736971790069 0.084210707082 0.549802656061
0.822375338520 0.798213140241 0.081638128829
0.440011140589 0.980123362489 0.633009288791
0.447983925713 0.624682982821 0.068656101384
0.286832599509 0.017739303949 0.170004784519
0.647528806684 0.968026075144 0.035060882908
0.041987259144 0.175450158202 0.772395933468
0.307449276638 0.151594288475 0.768580707838
0.503798772468 0.100929144405 0.780178501409
0.232438888823 0.484864907162 0.310367131699
0.534375798474 0.863420290815 0.661454988089
0.263817329581 0.436372804517 0.846108659004
0.290458789133 0.663573406004 0.509040778821
0.514433788608 0.273361301889 0.040181277153
0.814563402148 0.799843545609 0.671842387377
0.826477117862 0.017683811450 0.374890694113
0.334999809425 0.849486120198 0.813361238524
0.420091048619 0.425786238260 0.340048407320
0.898940673371 0.338718983905 0.971691867667
0.262869032248 0.083955058070 0.049045728085
0.382592695615 0.505322190505 0.543515607600
0.482679169879 0.003713249752 0.512516840837
0.015607516362 0.200000389247 0.218211810404
0.984762783290 0.830595961830 0.293617310127
0.871970694427 0.666959617130 0.577887014134
0.986240164713 0.756341789450 0.526760293414
0.288975982350 0.834476043310 0.155374662079
0.299441571948 0.669770227955 0.681379372461
0.007710901025 0.556201167478 0.806870278902
0.584379107641 0.030202892516 0.042029131467
0.044900083196 0.495540638313 0.831607714187
0.774767442519 0.781992218168 0.183178437475
0.179951592355 0.495688438372 0.631572428923
0.729615345584 0.711321549382 0.717036899982
0.921870158644 0.403366193812 0.480388265000
0.212651678804 0.944837150109 0.235391489580
0.275356457621 0.861218818819 0.261317763727
0.401034447576 0.170672570633 0.811684421442
0.425522951900 0.542479150811 0.890037992391
0.852648269216 0.728539837512 0.096038374741
0.586658236422 0.303121441594 0.541975488173
0.323360301265 0.334549334964 0.262541758828
0.373266142941 0.950640299406 0.109894402449
0.448918915056 0.123085822088 0.261559618901
0.993332362666 0.809067810705 0.936918039142
0.749232451921 0.814464304693 0.180493856912
0.911865683578 0.713904265509 0.649110913991
0.932759047903 0.333966478357 0.031909076652
0.925050852741 0.314742461179 0.902654595329
0.225599555397 0.638066689208 0.201500420478
0.264628106311 0.882457887617 0.407580429703
0.372164474152 0.754284084124 0.690720090564
0.078034260377 0.234427167687 0.253663143307
0.595249132903 0.494190536725 0.643503460048
0.177306920108 0.579252921509 0.580259679222
0.497044521883 0.839852331171 0.980240249816
0.569685348934 0.451529024148 0.579639739591
0.756372196060 0.981749632773 0.420069162336
0.261576730650 0.134340615542 0.472390202553
0.100004226332 0.188734521196 0.443777596481
0.079658019179 0.141710800893 0.249788574896
0.622566507768 0.919048438549 0.440851193706
0.962477593366 0.814856408262 0.758546313026
0.523918248487 0.394417022419 0.098702836446
0.426615638449 0.128229210895 0.099890425060
0.343866434789 0.814956569406 0.051880314116
0.433200732114 0.588417526251 0.925904982327
0.390342791598 0.493098082846 0.679844580753
0.510893200346 0.823078501998 0.376492680075
0.755400290093 0.293001560136 0.909986367025
0.759125340155 0.650563595440 0.807506263359
0.590746967843 0.673518390366 0.667049522022
0.293227600835 0.912477402453 0.765162901818
0.302214935963 0.614169746356 0.097479622888
0.836198815017 0.799257307967 0.136280678577
0.953222292396 0.480939821124 0.588269139212
0.973656192184 0.014799286270 0.658385019138
0.521127504821 0.062400922949 0.424290804049
0.026636746785 0.139213004487 0.805532922483
0.398644369283 0.284050765142 0.121521507625
0.182620790057 0.217947807922 0.358743187700
0.523409011742 0.643655676835 0.614707840393
0.667404065480 0.549967935897 0.999607393887
0.465306625285 0.114476669029 0.350709806482
0.309053052138 0.357809892077 0.760421829333
0.893791778280 0.996174009526 0.300276080948
0.348496521668 0.872702502782 0.131095328546
0.892472520883 0.892134581877 0.566297300462
0.263214285069 0.964460669419 0.190708043559
0.402073644321 0.929499468767 0.699537229659
0.289803024565 0.242525857084 0.201797037096
0.082244577440 0.611751342182 0.572351119209
0.494688841752 0.682013204242 0.668728951656
0.636914634355 0.301793756722 0.506947980553
0.543518607728 0.169509846223 0.637521091284
0.056534459364 0.851883605622 0.610499423564
0.982524019899 0.042444200563 0.366552844729
0.983158842247 0.245948686834 0.775729417058
0.043144609584 0.681905894133 0.976447855654
0.791331472595 0.465893803485 0.464145051784
0.527366957456 0.541077516568 0.515551496439
0.922858521288 0.444235322978 0.568797983994
0.815453725319 0.963609882497 0.201799765678
0.868012413735 0.269106163689 0.963274265563
0.996296310383 0.621010441763 0.180180676458
0.923366307757 0.511226262548 0.236419457465
0.557467669604 0.229547086791 0.268119350349
0.728302896350 0.024147214125 0.375272047215
0.156613128600 0.255529942141 0.941453555002
0.756935542401 0.477888161878 0.895662365368
0.711791750152 0.321139281775 0.802345334045
0.604394627375 0.264437112859 0.507143234227
0.011184090203 0.065103377203 0.717717198605
0.443838993664 0.478736620329 0.805388441159
0.976357755949 0.785590496980 0.382443989713
0.973066322288 0.438661363428 0.984946250673
0.217716018013 0.677568326580 0.926510514834
0.781380127467 0.615309588656 0.486574264358
0.185116661900 0.220247547136 0.315606161674
0.607506453353 0.292355641914 0.664198973007
0.651881147624 0.097932601710 0.347207828706
0.962501405836 0.329388732960 0.103527816040
0.068787405930 0.949996788403 0.620125496161
0.028269233298 0.503808589853 0.603559149402
0.371249973360 0.438819205410 0.993569538570
0.903415427998 0.854068309157 0.066886954083
0.902961960020 0.682113788125 0.238278522604
0.281392729208 0.369731147108 0.760420742023
0.004437345972 0.493788623376 0.214508117043
0.975720402289 0.710207525930 0.610076566105
0.609737054475 0.751139783545 0.401752956670
0.067723810317 0.500024835517 0.613362491716
0.396348971574 0.950650180133 0.224348320768
0.931095642994 0.896844152107 0.492439387650
0.028537155470 0.908003283094 0.656171529653
0.215051645219 0.794289863717 0.798396757092
0.119935721308 0.373717986998 0.689761860467
0.146713556111 0.856826581600 0.626432059393
0.855044364372 0.254961647105 0.576371751502
0.361128985609 0.008673010791 0.480063301191
0.947684608586 0.992740127794 0.431845026242
0.004578936058 0.434820305431 0.323285342356
0.397800447040 0.235762615238 0.783350969316
0.973907696129 0.738970204085 0.796716319147
0.289065035314 0.208432138502 0.019429953623
0.387730870020 0.092050423855 0.475103065680
0.775396996177 0.323640763274 0.253821631854
0.620351335387 0.176758759862 0.228847760392
0.725684144308 0.326961043113 0.502928090045
0.294195960965 0.911634102704 0.749561831536
0.696883575955 0.043382948118 0.529099420853
0.714685240856 0.865452430531 0.659650988732
0.640330313506 0.418530725554 0.756859227489
0.507600999199 0.707336761341 0.036756292513
0.460020580473 0.535856958996 0.531168244017
0.616712178297 0.590391572488 0.804849542459
0.115356280941 0.265621454032 0.465252789677
0.134941880864 0.312624954340 0.610054041696
0.994892570511 0.708709052623 0.196790269795
0.304011011049 0.594658404001 0.346006977297
0.706788517769 0.807864855362 0.666904614961
0.913769738659 0.725263093757 0.069082531206
0.944102524126 0.685565338415 0.588751376980
0.194109666803 0.585276941423 0.539755241524
0.411530341182 0.673265214545 0.877149703714
0.265387515556 0.016329096178 0.897815209547
0.452982744308 0.404477604324 0.954005947846
0.814001985592 0.620362580950 0.202912957499
0.939579867509 0.211929622091 0.652569528063
0.237399054803 0.223881094080 0.112845817361
0.323740135840 0.602174089499 0.604062169262
0.469351987423 0.857318882082 0.241925207496
0.259516770359 0.946099516671 0.929899593391
0.389495568216 0.388962763780 0.697362922563
0.022897420849 0.233483890132 0.868344381410
0.328555111568 0.981565788257 0.951101802053
0.734750388490 0.074759184960 0.596135886679
0.892600136863 0.464869872886 0.657859204031
0.501983911791 0.748095749018 0.355545825865
0.508418029366 0.779072219136 0.795645702631
0.542938360480 0.160705936118 0.838801249023
0.566987999804 0.245687514854 0.967322323635
0.354008414343 0.388310553414 0.974256160989
0.560051647095 0.666751386784 0.162143698943
0.985143214756 0.228136232756 0.985147875154
0.679171562632 0.189138494340 0.202679143100
0.597206727260 0.392546840513 0.187072470363
0.410799174225 0.421727569446 0.637643372362
0.864319305933 0.138621544155 0.199295939269
0.511279891297 0.973476240105 0.145572959961
0.922670591273 0.816346556698 0.340921991625
0.384404327576 0.417307237662 0.573486065035
0.046009249076 0.740918763663 0.630292267953
0.369828393479 0.524300277791 0.452641045006
0.388674367090 0.464178843730 0.212375833466
0.127545663266 0.061236679778 0.452252718779
0.613167717515 0.826884427009 0.158869498533
0.155264237959 0.718214374851 0.393097907028
0.341480502831 0.718949499584 0.450742886601
0.877003878921 0.039178719292 0.707152950350
0.633181894657 0.213203490014 0.160583158684
0.811892685545 0.514474322230 0.391047473425
0.016488019993 0.843223555795 0.441159625331
0.689265026346 0.491462283425 0.729645968640
0.997783350407 0.137023417441 0.269212259346
0.129189478901 0.726580677193 0.903652907387
0.909387301862 0.542627180702 0.631257237865
0.803039644158 0.216970198202 0.849648942577
0.518142863777 0.716197775216 0.755774974171
0.724352381134 0.689968221510 0.270322015459
0.201004074951 0.606271798972 0.889517941863
0.993887231261 0.536414551946 0.357961222104
0.596811232249 0.033627853704 0.994994131354
0.031036977912 0.119574806711 0.639202197196
0.017632969255 0.395299990942 0.437562319498
0.764584374763 0.846945202417 0.656120572976
0.991068455556 0.987538159046 0.706654615499
0.619991331883 0.740930361077 0.155080637231
0.473221217918 0.051886779397 0.298807898306
0.151553809437 0.456178617959 0.167071259760
0.784115041258 0.866876854916 0.785953683009
0.026291237769 0.871150359635 0.881513482653
0.802774884238 0.227499172195 0.012916601731
0.336673364599 0.777551772816 0.494348732696
0.886418252354 0.101150839611 0.381385112342
0.829002651315 0.786991071425 0.499023613519
0.864897846703 0.270845559032 0.150822888287
0.688239753475 0.285551281543 0.596053638904
0.649284791277 0.897516395355 0.510907199849
0.479944994719 0.548944325999 0.238307555845
0.657312585821 0.019550321827 0.776115405057
0.487613209509 0.954398282581 0.876115458582
0.003381839166 0.520581099965 0.715087859681
0.083063900787 0.403349788505 0.386750856321
0.992901397047 0.152253068662 0.498673742545
0.978221359388 0.204122003162 0.438224934082
0.479592472118 0.122480584371 0.875835145815
0.412490250362 0.465095344723 0.701534769509
0.120757712792 0.762291380892 0.180941643350
0.260168112223 0.953630411537 0.698957998358
0.731273112470 0.620229193818 0.131726858019
0.276066967039 0.246730945011 0.262370584164
0.010732419809 0.442725876554 0.980663299919
0.737697481923 0.059387186051 0.656776991166
0.911907157337 0.209100678559 0.291851539874
0.099092676759 0.944638389956 0.197455640092
0.768327043744 0.850649431548 0.912872583936
0.431605521691 0.874493950341 0.806924232761
0.726422224590 0.420847793278 0.229315803869
0.738331388461 0.657678591956 0.972497505609
0.331779688294 0.619387594063 0.926241773483
0.635616279184 0.190929325454 0.120634932794
0.728245821131 0.339322291240 0.971012453165
0.036879371452 0.056821442461 0.717321915739
0.765482556716 0.951003113320 0.169382615233
0.226774997188 0.655801899068 0.394968059225
0.786409208440 0.097756315486 0.658876153143
0.322065454112 0.523363046208 0.643292981541
0.271254110582 0.604024536138 0.981595196420
0.884246028467 0.160507730101 0.831129345205
0.390890032774 0.879991015844 0.647184619743
0.836664505535 0.354376974362 0.652407753460
0.059367380484 0.462537257746 0.910870206982
0.859164886366 0.435551179540 0.737009645889
0.694654572043 0.588283955532 0.421335301070
0.815721643726 0.499192564002 0.246168105240
0.693718924803 0.002810422732 0.102936262481
0.312723264968 0.070684852502 0.516462612186
0.682044999439 0.416621364809 0.775257462302
0.756667744962 0.297813848815 0.682080530274
0.238367093367 0.203982994538 0.966859249567
0.275367181129 0.944965926353 0.573706708307
0.293415047251 0.258389397661 0.008948516685
0.714880311379 0.057178364720 0.290224461400
0.958270799386 0.888960824014 0.537268732551
0.642840239776 0.901659539369 0.094087417373
0.405537217956 0.289265314464 0.837966124430
0.100178565945 0.712442251243 0.701222934753
0.824099684132 0.418398953371 0.548632953718
0.266601091017 0.041691681974 0.735355312897
0.332930990523 0.447005803828 0.599741488668
0.783683676263 0.793625297369 0.761214078652
0.975135061652 0.703977733083 0.390331017450
0.123131337064 0.672676713252 0.662694239305
0.861427558712 0.441861460434 0.957603728576
0.408271546688 0.862553756237 0.150278785731
0.115146947357 0.664186519131 0.441942781463
0.656585166285 0.329418330300 0.367353280269
0.894302136901 0.851218389114 0.457744110521
0.629197780834 0.195692525127 0.576373095758
0.341625018403 0.132052783281 0.914536145181
0.342598114922 0.357909157737 0.078085412720
0.568138203895 0.060106626041 0.082152421976
0.992664931155 0.139320778137 0.545148036317
0.202077598262 0.815258221674 0.737655092077
0.314497749603 0.965377960095 0.912140341796
0.811029526481 0.820691363976 0.863042628325
0.233837281713 0.918281398879 0.222864363134
0.128653576107 0.680099890793 0.243901276211
0.249690673148 0.675081707498 0.648711694797
0.767088393834 0.814738818635 0.848367083714
0.541172734712 0.656332402276 0.633704484126
0.238371652812 0.737432170219 0.980205127636
0.070570005757 0.176974433987 0.918378414991
0.712495140934 0.626705722216 0.525059408426
0.656495868269 0.038564257821 0.799025136502
0.622536810465 0.672804185719 0.892582855506
0.140173341723 0.864559034973 0.287923362727
0.638478933694 0.203383891756 0.204701986821
0.421837132585 0.630431479724 0.936916295749
0.392695406614 0.441127012818 0.700070445507
0.928008272769 0.257348700443 0.596441323978
0.200028160274 0.209006577257 0.230505695797
0.335901097048 0.434568235205 0.724761552231
0.704169902807 0.046871909435 0.001224287781
0.235617841299 0.190977960870 0.223511557239
0.497738673583 0.529371872255 0.083636327427
0.767249341933 0.320219269473 0.599600238179
0.139070697058 0.398528196291 0.687449980812
0.692706719844 0.978363469092 0.197144062466
0.785506135636 0.682255399627 0.264276426177
0.848996773271 0.714118049416 0.295754413514
0.635215555419 0.015841862335 0.852683057486
0.900321076713 0.641616757995 0.359665475254
0.888214831631 0.366914042067 0.933068925147
0.270304369156 0.923806470431 0.759536195571
0.890730373348 0.114127299078 0.418851141522
0.191032008686 0.915853816062 0.499989247951
0.669619625111 0.922075781576 0.613769901721
0.875344845364 0.559536292276 0.727291268682
0.845166724018 0.913737307420 0.240942742012
0.687335276251 0.220554178622 0.920845732433
0.786695896193 0.564510913836 0.826104487622
0.191778208409 0.554124910040 0.134244503431
0.537937016041 0.332826212844 0.019433674560
0.390530689104 0.886599416122 0.085264180443
0.918140718216 0.498792932984 0.238840381460
0.408718267192 0.969844728692 0.446889419885
0.028877205353 0.352286953269 0.057363182360
0.015807694515 0.454986055971 0.772993276218
0.806103527526 0.769418340299 0.056503070987
0.481130095650 0.908224235053 0.108590488248
0.533988201391 0.877181920361 0.748021277772
0.739914120556 0.045810766172 0.499793787127
0.044845879105 0.066573840496 0.337679902053
0.659887924536 0.862173184636 0.066810548416
0.715053206658 0.789804978074 0.103063193071
0.231801201564 0.044295115593 0.562864044896
0.605774354032 0.437015607908 0.653555608546
0.191166925928 0.963099338878 0.840987566425
0.263615661344 0.437448971852 0.287603251808
0.871784427503 0.686543782314 0.265419286582
0.864495894510 0.301985002639 0.987044999633
0.672425512008 0.278091974941 0.956324597593
0.171335063815 0.797999690609 0.090384042397
0.369674044007 0.658708032549 0.413090243464
0.725458743473 0.464651811141 0.281297756420
0.938394195546 0.560427927133 0.244376640979
0.317240336839 0.000941307174 0.115286925149
0.994648044124 0.544362083208 0.738809788664
0.054772633901 0.591643429691 0.791071760014
0.840383710613 0.778675205539 0.466123316207
0.085354707723 0.008718434391 0.043880801825
0.058399239506 0.322180122356 0.125446643785
0.269012072669 0.015302407845 0.715149521760
0.597251853619 0.883859380062 0.448917029702
0.190174725448 0.753797322828 0.558734454394
0.851246767123 0.721734218150 0.134725708416
0.603036966050 0.312178105638 0.321615985870
0.326883310496 0.995431275028 0.579249296117
0.613606720972 0.697271747729 0.849314740741
0.333266178905 0.233256888600 0.574677068476
0.330761311309 0.782889407891 0.232736191143
0.973506860381 0.766622535516 0.788214049051
0.378802761051 0.814263330662 0.654555262303
0.525871020982 0.538728609612 0.706678293058
0.143562087883 0.213032664411 0.584061998921
0.770710385322 0.053110203934 0.425691012968
0.593590279430 0.981699120135 0.578690244838
0.458222245553 0.335844475262 0.913463320613
0.737760424546 0.060210413184 0.701582743898
0.398469668141 0.475833902697 0.285536659281
0.359086331334 0.371285019905 0.686656764357
0.191181209909 0.220450574747 0.362497068695
0.533553180269 0.184204976970 0.786887190469
0.571912958151 0.452939285521 0.256466114048
0.091735286260 0.443131332732 0.170409541126
0.945442285913 0.078909285872 0.440415725445
0.008341298646 0.659391823700 0.191184246635
0.858206224970 0.337506455236 0.533951780420
0.522552038435 0.976158960626 0.826278103918
0.476466938137 0.126723430577 0.906803463636
0.785671362111 0.403459206812 0.761211252639
0.330393341011 0.610873406406 0.971502134975
0.277529971993 0.817582103800 0.495871919440
0.508228817318 0.399160873129 0.348127030065
0.057026359139 0.412666916477 0.690790097359
0.391916008773 0.012280558315 0.367486207197
0.539973680805 0.818697012843 0.894405074676
0.738982412900 0.113031995885 0.446784070252
0.095877228551 0.215235397072 0.944987623435
0.036745283121 0.679037470557 0.434311610424
0.253363377696 0.473394151572 0.059413851120
0.240100483500 0.794881276498 0.651823655258
0.298340605289 0.590085557797 0.007889372787
0.683533729606 0.398102895582 0.036125727455
0.354433045774 0.549892059420 0.400890232999
0.743618545432 0.990743801589 0.251312523587
0.390392110689 0.239711271673 0.192158012249
0.728378647867 0.853350736181 0.445927735664
0.384345802355 0.757014702676 0.118674729680
0.581722537471 0.956451659838 0.067350554550
0.324126989176 0.478661448460 0.751943613733
0.136480779313 0.375391785235 0.580961274533
0.769544131733 0.101771211831 0.250700537432
0.756248105439 0.948485741204 0.119142096946
0.442961814040 0.480492905477 0.501778351681
0.248024066019 0.263572017460 0.257940047752
0.180719887712 0.719198858227 0.833110490358
0.374167990702 0.377478019740 0.166272070882
0.458443238833 0.276825216209 0.502639928620
0.258073017084 0.250386821015 0.671538551597
0.457301960726 0.046130722018 0.634560819477
0.046267726331 0.402778733559 0.378481331020
0.260961685636 0.192715298110 0.623986178067
0.284398459088 0.772882763176 0.523903149514
0.486068482476 0.187142685038 0.617051021913
0.745081486866 0.011942168775 0.186234331330
0.407551841125 0.630710731647 0.473706158072
0.911621576225 0.499316969094 0.054480056412
0.402212999995 0.418982299258 0.492448523098
0.050674305764 0.149681310750 0.237542971296
0.597443511658 0.763282439395 0.500397742106
0.148899968156 0.049918580165 0.001791938460
0.207946637548 0.730321891812 0.967609582670
0.658973491524 0.384032792699 0.417591963734
0.213044363698 0.437167706840 0.029176342285
0.004947532019 0.730189915634 0.141634132150
0.777412038894 0.341223165559 0.208185676707
0.134170680848 0.313491912380 0.409614485341
0.199540631667 0.688725985641 0.905270966882
0.403089415249 0.098010124443 0.990589908070
0.420784458395 0.574040844071 0.487527129759
0.384081648858 0.308045086861 0.803697103122
0.364837479686 0.490543593871 0.943388962188
0.949221184233 0.732556753293 0.162428316193
0.495886844088 0.302799818529 0.568547214075
0.499149373986 0.747663521592 0.758767635216
0.395768361199 0.259997430363 0.130559673390
0.510281459906 0.109895022441 0.068372189244
0.883300190211 0.468450937747 0.658196980760
0.698047518673 0.548580197837 0.572365763174
0.680761367731 0.182045106718 0.116539682273
0.715204273183 0.346299096834 0.811501459106
0.527966902612 0.480582603704 0.891229261308
0.027965021054 0.295326094912 0.137059799793
0.959931831542 0.929371255025 0.512810377919
0.649769778719 0.040144527361 0.994192297096
0.486510011888 0.843468964628 0.164737758474
0.874274937815 0.409832493479 0.247094164712
0.294090659576 0.648961945736 0.046300126823
0.679744251188 0.166577081282 0.847006981492
0.164283225583 0.262445886880 0.809017680575
0.807726320262 0.547649257077 0.664643781771
0.283965630109 0.013204379410 0.303075250136
0.216333714977 0.375823782334 0.420280843471
0.520388423246 0.871725872568 0.735761874884
0.162508282633 0.829196226300 0.487469939919
0.578177749326 0.054838826741 0.895035907865
0.178196639986 0.593501618723 0.456664950437
0.767541942035 0.390622462833 0.524278948330
0.590842826081 0.186659116454 0.639617934428
0.887720080111 0.984768662216 0.892889531018
0.893145012169 0.426750855467 0.027941801947
0.814664747283 0.510020099224 0.274758561340
0.828676030524 0.113897415686 0.156106197834
0.210408367192 0.718551558615 0.323687294776
0.475759606495 0.045210964822 0.477667550113
0.633755686239 0.979002092072 0.244272507648
0.110930938934 0.927562677400 0.730836814769
0.705451548816 0.851637493697 0.573038605530
0.714040475102 0.439451628614 0.680404496763
0.722385296219 0.242762600317 0.785417680884
0.912738814414 0.511071851517 0.172710474055
0.226570148081 0.423693705241 0.378094334723
0.424797186994 0.291618891338 0.538323516607
0.201393265018 0.798105062973 0.376117572353
0.358971072029 0.503393862900 0.553141007051
0.285503495495 0.119480690447 0.910121837448
0.429995701238 0.708857633921 0.481808361175
0.974896315726 0.701514478206 0.560218670169
0.127909807716 0.438174102980 0.715662634476
0.643330346313 0.628567552728 0.172395154380
0.704034710154 0.631318462002 0.315653037304
0.121935601101 0.811286387204 0.189329828549
0.990847587913 0.902363686974 0.609239643445
0.209736383818 0.493085826016 0.113712862276
0.550298490933 0.089460018702 0.918108253035
0.001504361490 0.778163041634 0.694571143169
0.683220624804 0.656748250851 0.291365800990
0.272768867215 0.881297618671 0.952510803311
0.358351247288 0.027412618274 0.929794840094
0.230551568054 0.572390760600 0.549565695171
0.984893360861 0.387737342845 0.557278012837
0.682712414894 0.247740659845 0.410919435953
0.754895600830 0.622141761744 0.406723389092
0.445081722372 0.993260318740 0.423473164772
0.507179954180 0.529589181667 0.246112059690
0.443370136498 0.558344814240 0.738727507590
0.881964150443 0.101859816509 0.889612756431
0.104743374687 0.023063544242 0.067992044677
0.147855596962 0.115280319124 0.671157519029
0.895308193882 0.691543428343 0.138993840568
0.737904335715 0.033318792468 0.583818213602
0.316503660879 0.395785216930 0.305332703591
0.105505767197 0.559063878724 0.049163285841
0.653089179827 0.974776886045 0.594052794250
0.581865891611 0.564566980367 0.848285420199
0.552359125202 0.897187957074 0.442552377586
0.181290730896 0.359924436611 0.656489223848
0.447102851960 0.824681626014 0.096777347430
0.319281006967 0.686174577779 0.218183072889
0.965996117225 0.082732673638 0.236231279533
0.886684358471 0.882413928767 0.516053806396
0.126186736325 0.685232792472 0.530766759143
0.844835899402 0.207686193434 0.894623536358
0.831166423877 0.668966528412 0.028296450206
0.503946808154 0.015737598826 0.015041534160
0.245565580007 0.135665132521 0.648594714358
0.691770554848 0.652442517660 0.483654024846
0.658780007358 0.030883430424 0.460979866747
0.533748061046 0.107344449102 0.180177254519
0.419076610167 0.910825417338 0.625740746335
0.074118345665 0.850956937845 0.435738926897
0.031198323019 0.659493683760 0.925366210885
0.669595807561 0.001346086071 0.280331494044
0.233509559739 0.915303680720 0.811011324390
0.296731026732 0.766435397562 0.050772181434
0.413118983899 0.197339085083 0.609158601618
0.266935423123 0.642823775976 0.087314814555
0.224487478914 0.161062725442 0.938971170350
0.334171006616 0.032631259289 0.442966407192
0.323877242268 0.095710302929 0.536175027498
0.322601655083 0.239588319375 0.810603857568
0.443848267822 0.552230897620 0.673505225262
0.542703944006 0.374452913280 0.592987256223
0.919135221633 0.474517250561 0.779820833947
0.977754795744 0.970661842544 0.551926255787
0.289861102556 0.821482090524 0.736138925930
0.680905597869 0.226468938359 0.320624063841
0.779806012362 0.976014712099 0.952000952751
0.290129321006 0.176332756887 0.111816085404
0.843090969835 0.870821693649 0.161367407117
0.693569755929 0.006587132373 0.055471067696
0.581309280383 0.168991941493 0.074849302215
0.384778984103 0.199795559795 0.413148321067
0.775180445294 0.953238119824 0.189411339412
0.165908141087 0.515655378469 0.191453310283
0.283274285695 0.729082743210 0.452064417985
0.117285835708 0.803354488832 0.408145554357
0.940262423071 0.044242022252 0.921648825671
0.754817296357 0.432854152651 0.531264654123
0.447567183837 0.251803976135 0.537250156864
0.869920268231 0.448645525471 0.678244997937
0.492718286914 0.340424261451 0.421875456565
0.797105249735 0.877869906763 0.725287019110
0.232235092311 0.737340911413 0.522782298298
0.863320017926 0.927462474523 0.246666368099
0.248683264827 0.107970626455 0.447815495408
0.502508429398 0.960729653077 0.544121998054
0.242771467903 0.798912905657 0.268162305639
0.005446653571 0.548344864952 0.589166319165
0.176148651888 0.572222303614 0.631726331510
0.099823577657 0.676369869235 0.025730884609
0.529325387577 0.345095498178 0.838405217247
0.702048956068 0.100708035388 0.316663937403
0.908304868958 0.547891177217 0.526388748123
0.205741738850 0.734310859274 0.861399976017
0.149569333777 0.557576424372 0.031760317324
0.185094543899 0.153935479122 0.689122571930
0.430987594091 0.650562690095 0.455820400143
0.293114081722 0.545801620276 0.815463213189
0.513514968452 0.187910553387 0.791632459147
0.375124498403 0.022872791926 0.593246542922
0.272528152549 0.338041152997 0.377084130689
0.071497309521 0.098552717503 0.581592816036
0.417654914084 0.904392082599 0.812503740455
0.695946390763 0.932064380227 0.464808109179
0.376753600213 0.196650319955 0.049890053247
0.279763578735 0.397794694624 0.042456136434
0.771689082940 0.147592622224 0.168737109055
0.333946848759 0.412962361056 0.492395584331
0.341725759207 0.948672754465 0.330377253317
0.471280069269 0.992928502631 0.223677259058
0.659686753434 0.561140488597 0.770377799841
0.864458573236 0.345904011028 0.564150434690
0.846078196029 0.389584574063 0.880253405485
0.151554228406 0.145464024787 0.227334149038
0.557051698282 0.269341177113 0.761002132340
0.874753979282 0.504988928069 0.646772063799
0.741314780434 0.392472580636 0.353677696923
0.662773779061 0.494014230193 0.360145444491
0.650373492042 0.614493816433 0.995531165556
0.511303819056 0.069838622835 0.862036356069
0.514619209893 0.076413971828 0.896504244901
0.759017668344 0.457916941741 0.009820493051
0.735134965354 0.028018304931 0.703783586774
0.511771342358 0.669393504446 0.366188138120
0.086579238128 0.781217866266 0.795930589172
0.314811398535 0.260011232172 0.484824577160
0.522401812735 0.231258472249 0.275618494801
0.508223439474 0.947558627867 0.893534289975
0.537434445917 0.996924954742 0.145054205577
0.659038748983 0.010867127315 0.176549399661
0.379574654710 0.347791236178 0.790295334593
0.750494249063 0.973717325554 0.542622941554
0.605623286788 0.869157676493 0.823491402630
0.860930245577 0.788654151525 0.149434272167
0.161653137322 0.882275103324 0.993673341743
0.766592340384 0.152349433378 0.276398210235
0.850053024106 0.772047921015 0.956811957995
0.465491624413 0.884091509709 0.682789819427
0.992409814518 0.026587270273 0.695073880006
0.615643114152 0.716107550447 0.027103249852
0.807038000914 0.893797142137 0.985830275581
0.503826923844 0.498163502342 0.802120378627
0.184515530995 0.631313381497 0.468430900020
0.146726318475 0.704622231027 0.561157616261
0.956571357229 0.779215319043 0.222009151758
0.823733734835 0.136125624214 0.342885632926
0.198446244521 0.206054168837 0.662500126563
0.544146606007 0.957101593665 0.475698915006
0.770460395567 0.284355982049 0.009912537725
0.427847092641 0.853955098953 0.364868521256
0.037254611384 0.701344801938 0.875498068434
0.514934878867 0.116803697373 0.229581810882
0.999254477143 0.399704456466 0.739249598534
0.091011832880 0.751338358981 0.061512414042
0.458736092819 0.724099216036 0.501449333103
0.476909305503 0.182314429239 0.501290059385
0.975458162742 0.564273590250 0.421301716618
0.954708833580 0.557330116722 0.682731965899
0.518911382354 0.791210833868 0.532117744302
0.406554008352 0.098893153516 0.137338884251
0.195982677521 0.795873092303 0.564187040524
0.753729634976 0.160207263155 0.693852416113
0.662586927641 0.173921002561 0.746991160857
0.992446770188 0.495602273398 0.004086797508
0.232382948669 0.689233325896 0.817057628048
0.273219716993 0.552261621773 0.313794253904
0.273653883419 0.078560714700 0.926203432974
0.825097941657 0.289129179267 0.290686074940
0.148664429904 0.149876628320 0.372051126618
0.569233726850 0.428603105375 0.400003123035
0.594524790995 0.348510528029 0.911809671834
0.229109353441 0.058044434379 0.593371880938
0.027095878652 0.938412863731 0.759512400611
0.619177441258 0.813390139754 0.908527667434
0.369085834168 0.174653715323 0.914102043907
0.511989310123 0.814295354481 0.106855067421
0.312203614282 0.116510379852 0.065372296237
0.798620242101 0.107689002052 0.220764413285
0.673941021899 0.555373057760 0.855070479740
0.550278056362 0.996422781294 0.235155145784
0.681247950897 0.543068623446 0.445139530411
0.872997826676 0.866353821172 0.681985388287
0.986119747043 0.172610990326 0.397299524805
0.123391491857 0.265748820759 0.584551459090
0.023178501755 0.137596690805 0.410304637876
0.313327748155 0.758377054579 0.962599826790
0.755651851212 0.364490368640 0.674445446028
0.624525971721 0.414412935820 0.832294397488
0.780031519365 0.692898583476 0.852128677322
0.427897725095 0.919329460840 0.771347331316
0.284275286609 0.557370996717 0.474854967538
0.505532589415 0.566291106489 0.491189284138
0.218607127099 0.042600514758 0.447640225047
0.059709546945 0.455321364844 0.875787354163
0.838414926635 0.067531089202 0.014904918279
0.319806604760 0.955445607848 0.545062638502
0.214489250505 0.131570671845 0.325538319956
0.336547247184 0.812817847546 0.016931760090
0.455995283056 0.097290717960 0.643132839365
0.282961706385 0.882379661733 0.087921915002
0.132982381644 0.005078027569 0.945237735257
0.652064254116 0.693920965647 0.108028312901
0.146447938644 0.918606190126 0.226703142399
0.631379655067 0.131915852409 0.767184767407
0.740137355374 0.683653845902 0.159970936745
0.889495779422 0.243324540361 0.994352691215
0.003127657788 0.464271092400 0.627736422473
