415 0 1
416 0 1
351 0 1
352 0 1
1 0 1
407 0 1
7 0 1
408 0 1
49 0 1
343 0 1
344 0 1
416 1 1
417 1 1
0 1 1
352 1 1
353 1 1
2 1 1
344 1 1
8 1 1
409 1 1
50 1 1
408 1 1
345 1 1
417 2 1
354 2 1
1 2 1
418 2 1
353 2 1
3 2 1
9 2 1
345 2 1
51 2 1
410 2 1
409 2 1
346 2 1
2 3 1
355 3 1
354 3 1
419 3 1
418 3 1
4 3 1
10 3 1
410 3 1
52 3 1
347 3 1
346 3 1
411 3 1
355 4 1
356 4 1
419 4 1
3 4 1
420 4 1
5 4 1
11 4 1
53 4 1
347 4 1
411 4 1
348 4 1
412 4 1
349 5 1
4 5 1
357 5 1
421 5 1
420 5 1
356 5 1
6 5 1
12 5 1
54 5 1
412 5 1
348 5 1
413 5 1
413 6 1
357 6 1
421 6 1
358 6 1
5 6 1
422 6 1
350 6 1
13 6 1
55 6 1
349 6 1
414 6 1
415 7 1
0 7 1
416 7 1
351 7 1
352 7 1
423 7 1
359 7 1
360 7 1
424 7 1
8 7 1
14 7 1
56 7 1
416 8 1
417 8 1
1 8 1
352 8 1
353 8 1
7 8 1
360 8 1
424 8 1
425 8 1
361 8 1
9 8 1
15 8 1
57 8 1
417 9 1
354 9 1
2 9 1
418 9 1
353 9 1
8 9 1
425 9 1
361 9 1
362 9 1
426 9 1
10 9 1
16 9 1
58 9 1
354 10 1
355 10 1
418 10 1
419 10 1
3 10 1
9 10 1
362 10 1
363 10 1
427 10 1
426 10 1
11 10 1
17 10 1
59 10 1
419 11 1
356 11 1
355 11 1
4 11 1
420 11 1
10 11 1
363 11 1
364 11 1
428 11 1
427 11 1
12 11 1
18 11 1
60 11 1
356 12 1
357 12 1
420 12 1
421 12 1
5 12 1
11 12 1
364 12 1
365 12 1
429 12 1
428 12 1
13 12 1
19 12 1
61 12 1
421 13 1
358 13 1
6 13 1
357 13 1
422 13 1
12 13 1
365 13 1
429 13 1
366 13 1
430 13 1
20 13 1
62 13 1
63 14 1
7 14 1
424 14 1
359 14 1
360 14 1
423 14 1
431 14 1
367 14 1
368 14 1
432 14 1
15 14 1
21 14 1
64 15 1
424 15 1
425 15 1
8 15 1
360 15 1
361 15 1
14 15 1
368 15 1
432 15 1
433 15 1
369 15 1
16 15 1
22 15 1
65 16 1
425 16 1
362 16 1
9 16 1
426 16 1
361 16 1
15 16 1
433 16 1
369 16 1
434 16 1
370 16 1
17 16 1
23 16 1
66 17 1
362 17 1
10 17 1
427 17 1
363 17 1
426 17 1
16 17 1
434 17 1
371 17 1
435 17 1
370 17 1
18 17 1
24 17 1
67 18 1
363 18 1
427 18 1
364 18 1
11 18 1
428 18 1
17 18 1
371 18 1
372 18 1
435 18 1
436 18 1
19 18 1
25 18 1
68 19 1
364 19 1
365 19 1
12 19 1
429 19 1
428 19 1
18 19 1
372 19 1
437 19 1
373 19 1
436 19 1
20 19 1
26 19 1
69 20 1
365 20 1
429 20 1
13 20 1
366 20 1
430 20 1
19 20 1
437 20 1
438 20 1
373 20 1
27 20 1
374 20 1
375 21 1
70 21 1
376 21 1
14 21 1
367 21 1
431 21 1
368 21 1
432 21 1
22 21 1
439 21 1
440 21 1
28 21 1
71 22 1
440 22 1
15 22 1
432 22 1
433 22 1
368 22 1
369 22 1
441 22 1
21 22 1
23 22 1
376 22 1
377 22 1
29 22 1
72 23 1
377 23 1
16 23 1
433 23 1
434 23 1
369 23 1
370 23 1
378 23 1
22 23 1
24 23 1
441 23 1
442 23 1
30 23 1
31 24 1
73 24 1
17 24 1
370 24 1
371 24 1
434 24 1
435 24 1
442 24 1
23 24 1
379 24 1
25 24 1
378 24 1
443 24 1
32 25 1
74 25 1
18 25 1
435 25 1
371 25 1
372 25 1
436 25 1
379 25 1
24 25 1
26 25 1
443 25 1
380 25 1
444 25 1
33 26 1
445 26 1
75 26 1
19 26 1
372 26 1
373 26 1
437 26 1
436 26 1
25 26 1
27 26 1
380 26 1
381 26 1
444 26 1
381 27 1
34 27 1
446 27 1
76 27 1
20 27 1
373 27 1
438 27 1
437 27 1
26 27 1
374 27 1
445 27 1
382 27 1
383 28 1
448 28 1
384 28 1
447 28 1
375 28 1
35 28 1
376 28 1
77 28 1
21 28 1
439 28 1
440 28 1
29 28 1
448 29 1
384 29 1
449 29 1
385 29 1
36 29 1
376 29 1
78 29 1
441 29 1
22 29 1
440 29 1
377 29 1
28 29 1
30 29 1
31 30 1
449 30 1
386 30 1
450 30 1
385 30 1
37 30 1
377 30 1
79 30 1
378 30 1
23 30 1
441 30 1
442 30 1
29 30 1
32 31 1
386 31 1
451 31 1
387 31 1
450 31 1
38 31 1
80 31 1
378 31 1
24 31 1
443 31 1
442 31 1
379 31 1
30 31 1
31 32 1
33 32 1
387 32 1
451 32 1
452 32 1
388 32 1
39 32 1
81 32 1
379 32 1
25 32 1
443 32 1
380 32 1
444 32 1
32 33 1
34 33 1
445 33 1
452 33 1
453 33 1
389 33 1
388 33 1
40 33 1
82 33 1
26 33 1
380 33 1
381 33 1
444 33 1
33 34 1
381 34 1
389 34 1
453 34 1
390 34 1
454 34 1
382 34 1
41 34 1
83 34 1
27 34 1
445 34 1
446 34 1
383 35 1
448 35 1
384 35 1
447 35 1
36 35 1
391 35 1
456 35 1
392 35 1
455 35 1
42 35 1
84 35 1
28 35 1
448 36 1
384 36 1
449 36 1
35 36 1
385 36 1
37 36 1
392 36 1
456 36 1
457 36 1
393 36 1
43 36 1
85 36 1
29 36 1
449 37 1
386 37 1
450 37 1
36 37 1
385 37 1
38 37 1
457 37 1
458 37 1
394 37 1
393 37 1
44 37 1
86 37 1
30 37 1
31 38 1
386 38 1
387 38 1
451 38 1
37 38 1
450 38 1
39 38 1
458 38 1
395 38 1
459 38 1
394 38 1
45 38 1
87 38 1
32 39 1
451 39 1
452 39 1
388 39 1
38 39 1
387 39 1
40 39 1
395 39 1
460 39 1
396 39 1
459 39 1
46 39 1
88 39 1
33 40 1
452 40 1
389 40 1
453 40 1
39 40 1
388 40 1
41 40 1
396 40 1
397 40 1
461 40 1
460 40 1
47 40 1
89 40 1
34 41 1
453 41 1
389 41 1
390 41 1
40 41 1
454 41 1
397 41 1
461 41 1
398 41 1
462 41 1
48 41 1
90 41 1
35 42 1
455 42 1
456 42 1
392 42 1
391 42 1
43 42 1
399 42 1
400 42 1
463 42 1
464 42 1
91 42 1
36 43 1
456 43 1
392 43 1
42 43 1
393 43 1
457 43 1
44 43 1
400 43 1
464 43 1
465 43 1
401 43 1
92 43 1
37 44 1
457 44 1
458 44 1
43 44 1
393 44 1
394 44 1
45 44 1
465 44 1
401 44 1
466 44 1
402 44 1
93 44 1
38 45 1
458 45 1
459 45 1
395 45 1
44 45 1
394 45 1
46 45 1
466 45 1
403 45 1
467 45 1
402 45 1
94 45 1
95 46 1
39 46 1
395 46 1
460 46 1
45 46 1
396 46 1
459 46 1
47 46 1
403 46 1
468 46 1
467 46 1
404 46 1
96 47 1
40 47 1
396 47 1
461 47 1
397 47 1
46 47 1
460 47 1
48 47 1
468 47 1
469 47 1
405 47 1
404 47 1
470 48 1
97 48 1
41 48 1
397 48 1
461 48 1
47 48 1
398 48 1
462 48 1
469 48 1
406 48 1
405 48 1
415 49 1
0 49 1
416 49 1
480 49 1
479 49 1
98 49 1
471 49 1
472 49 1
50 49 1
407 49 1
408 49 1
56 49 1
416 50 1
1 50 1
417 50 1
481 50 1
480 50 1
99 50 1
57 50 1
408 50 1
473 50 1
49 50 1
51 50 1
472 50 1
409 50 1
481 51 1
417 51 1
2 51 1
418 51 1
482 51 1
100 51 1
473 51 1
50 51 1
410 51 1
52 51 1
474 51 1
409 51 1
58 51 1
418 52 1
483 52 1
419 52 1
3 52 1
482 52 1
101 52 1
59 52 1
51 52 1
410 52 1
53 52 1
411 52 1
474 52 1
475 52 1
476 53 1
483 53 1
484 53 1
419 53 1
4 53 1
420 53 1
102 53 1
52 53 1
54 53 1
475 53 1
411 53 1
60 53 1
412 53 1
413 54 1
420 54 1
485 54 1
421 54 1
5 54 1
484 54 1
103 54 1
53 54 1
412 54 1
55 54 1
61 54 1
476 54 1
477 54 1
477 55 1
421 55 1
422 55 1
485 55 1
6 55 1
486 55 1
104 55 1
478 55 1
54 55 1
62 55 1
413 55 1
414 55 1
415 56 1
416 56 1
63 56 1
480 56 1
479 56 1
7 56 1
423 56 1
424 56 1
487 56 1
488 56 1
105 56 1
49 56 1
57 56 1
64 57 1
416 57 1
417 57 1
481 57 1
480 57 1
424 57 1
488 57 1
8 57 1
425 57 1
489 57 1
106 57 1
50 57 1
56 57 1
58 57 1
65 58 1
417 58 1
481 58 1
418 58 1
482 58 1
9 58 1
425 58 1
489 58 1
426 58 1
490 58 1
107 58 1
51 58 1
57 58 1
59 58 1
418 59 1
419 59 1
483 59 1
482 59 1
66 59 1
10 59 1
491 59 1
427 59 1
426 59 1
490 59 1
108 59 1
52 59 1
58 59 1
60 59 1
483 60 1
67 60 1
419 60 1
484 60 1
420 60 1
11 60 1
428 60 1
427 60 1
491 60 1
492 60 1
109 60 1
53 60 1
59 60 1
61 60 1
484 61 1
420 61 1
421 61 1
485 61 1
68 61 1
12 61 1
493 61 1
429 61 1
428 61 1
492 61 1
110 61 1
54 61 1
60 61 1
62 61 1
421 62 1
422 62 1
485 62 1
486 62 1
69 62 1
493 62 1
13 62 1
429 62 1
430 62 1
494 62 1
111 62 1
55 62 1
61 62 1
64 63 1
70 63 1
423 63 1
424 63 1
488 63 1
487 63 1
14 63 1
431 63 1
432 63 1
495 63 1
496 63 1
112 63 1
56 63 1
63 64 1
65 64 1
71 64 1
424 64 1
489 64 1
425 64 1
488 64 1
15 64 1
432 64 1
496 64 1
433 64 1
497 64 1
113 64 1
57 64 1
64 65 1
66 65 1
72 65 1
489 65 1
425 65 1
426 65 1
490 65 1
16 65 1
433 65 1
497 65 1
434 65 1
498 65 1
114 65 1
58 65 1
65 66 1
67 66 1
73 66 1
426 66 1
427 66 1
491 66 1
490 66 1
17 66 1
434 66 1
435 66 1
499 66 1
498 66 1
115 66 1
59 66 1
66 67 1
68 67 1
74 67 1
491 67 1
492 67 1
427 67 1
428 67 1
18 67 1
435 67 1
436 67 1
500 67 1
499 67 1
116 67 1
60 67 1
67 68 1
69 68 1
75 68 1
492 68 1
429 68 1
493 68 1
428 68 1
19 68 1
436 68 1
437 68 1
501 68 1
500 68 1
117 68 1
61 68 1
502 69 1
68 69 1
76 69 1
429 69 1
494 69 1
493 69 1
430 69 1
118 69 1
20 69 1
437 69 1
438 69 1
501 69 1
62 69 1
63 70 1
439 70 1
71 70 1
440 70 1
77 70 1
431 70 1
432 70 1
495 70 1
496 70 1
21 70 1
503 70 1
504 70 1
119 70 1
64 71 1
120 71 1
70 71 1
72 71 1
440 71 1
78 71 1
441 71 1
496 71 1
432 71 1
433 71 1
497 71 1
22 71 1
504 71 1
505 71 1
65 72 1
121 72 1
71 72 1
73 72 1
79 72 1
497 72 1
433 72 1
434 72 1
498 72 1
505 72 1
442 72 1
23 72 1
441 72 1
506 72 1
66 73 1
72 73 1
74 73 1
122 73 1
507 73 1
80 73 1
434 73 1
499 73 1
435 73 1
498 73 1
442 73 1
24 73 1
506 73 1
443 73 1
443 74 1
67 74 1
73 74 1
75 74 1
507 74 1
81 74 1
435 74 1
436 74 1
500 74 1
499 74 1
25 74 1
123 74 1
508 74 1
444 74 1
68 75 1
509 75 1
74 75 1
76 75 1
82 75 1
436 75 1
437 75 1
501 75 1
500 75 1
124 75 1
26 75 1
508 75 1
445 75 1
444 75 1
502 76 1
445 76 1
69 76 1
510 76 1
75 76 1
83 76 1
501 76 1
438 76 1
437 76 1
125 76 1
27 76 1
509 76 1
446 76 1
447 77 1
512 77 1
448 77 1
511 77 1
439 77 1
70 77 1
504 77 1
78 77 1
84 77 1
503 77 1
440 77 1
28 77 1
126 77 1
127 78 1
512 78 1
513 78 1
448 78 1
449 78 1
71 78 1
504 78 1
77 78 1
79 78 1
441 78 1
85 78 1
440 78 1
505 78 1
29 78 1
128 79 1
513 79 1
514 79 1
449 79 1
450 79 1
72 79 1
78 79 1
441 79 1
80 79 1
442 79 1
86 79 1
505 79 1
506 79 1
30 79 1
31 80 1
129 80 1
514 80 1
451 80 1
515 80 1
450 80 1
73 80 1
79 80 1
81 80 1
442 80 1
87 80 1
443 80 1
506 80 1
507 80 1
32 81 1
130 81 1
451 81 1
515 81 1
516 81 1
452 81 1
74 81 1
507 81 1
80 81 1
82 81 1
88 81 1
443 81 1
508 81 1
444 81 1
33 82 1
131 82 1
516 82 1
453 82 1
517 82 1
452 82 1
445 82 1
75 82 1
81 82 1
83 82 1
89 82 1
508 82 1
509 82 1
444 82 1
34 83 1
132 83 1
517 83 1
454 83 1
453 83 1
518 83 1
509 83 1
510 83 1
76 83 1
82 83 1
90 83 1
445 83 1
446 83 1
447 84 1
512 84 1
448 84 1
511 84 1
35 84 1
133 84 1
519 84 1
456 84 1
520 84 1
455 84 1
77 84 1
85 84 1
91 84 1
512 85 1
513 85 1
448 85 1
449 85 1
36 85 1
134 85 1
520 85 1
521 85 1
456 85 1
457 85 1
78 85 1
84 85 1
86 85 1
92 85 1
449 86 1
514 86 1
513 86 1
450 86 1
37 86 1
135 86 1
457 86 1
522 86 1
521 86 1
458 86 1
79 86 1
85 86 1
87 86 1
93 86 1
514 87 1
451 87 1
515 87 1
450 87 1
38 87 1
136 87 1
522 87 1
459 87 1
523 87 1
458 87 1
80 87 1
86 87 1
88 87 1
94 87 1
95 88 1
451 88 1
452 88 1
515 88 1
516 88 1
39 88 1
137 88 1
523 88 1
459 88 1
524 88 1
460 88 1
81 88 1
87 88 1
89 88 1
96 89 1
452 89 1
516 89 1
453 89 1
517 89 1
40 89 1
138 89 1
524 89 1
461 89 1
525 89 1
460 89 1
82 89 1
88 89 1
90 89 1
97 90 1
453 90 1
518 90 1
517 90 1
454 90 1
41 90 1
139 90 1
461 90 1
526 90 1
525 90 1
462 90 1
83 90 1
89 90 1
519 91 1
520 91 1
456 91 1
42 91 1
455 91 1
140 91 1
527 91 1
528 91 1
463 91 1
464 91 1
84 91 1
92 91 1
520 92 1
521 92 1
456 92 1
43 92 1
457 92 1
141 92 1
528 92 1
529 92 1
464 92 1
465 92 1
85 92 1
91 92 1
93 92 1
457 93 1
522 93 1
521 93 1
44 93 1
458 93 1
142 93 1
529 93 1
465 93 1
530 93 1
466 93 1
86 93 1
92 93 1
94 93 1
95 94 1
522 94 1
459 94 1
523 94 1
45 94 1
458 94 1
143 94 1
530 94 1
531 94 1
467 94 1
466 94 1
87 94 1
93 94 1
96 95 1
523 95 1
460 95 1
459 95 1
524 95 1
46 95 1
144 95 1
531 95 1
532 95 1
468 95 1
467 95 1
88 95 1
94 95 1
95 96 1
97 96 1
524 96 1
461 96 1
525 96 1
47 96 1
460 96 1
145 96 1
532 96 1
533 96 1
469 96 1
468 96 1
89 96 1
96 97 1
534 97 1
461 97 1
526 97 1
525 97 1
48 97 1
462 97 1
146 97 1
533 97 1
470 97 1
469 97 1
90 97 1
479 98 1
480 98 1
543 98 1
544 98 1
99 98 1
535 98 1
105 98 1
536 98 1
49 98 1
147 98 1
471 98 1
472 98 1
480 99 1
481 99 1
98 99 1
545 99 1
544 99 1
100 99 1
106 99 1
536 99 1
473 99 1
50 99 1
148 99 1
472 99 1
537 99 1
481 100 1
546 100 1
99 100 1
545 100 1
482 100 1
101 100 1
107 100 1
473 100 1
51 100 1
474 100 1
149 100 1
537 100 1
538 100 1
546 101 1
483 101 1
100 101 1
547 101 1
482 101 1
102 101 1
108 101 1
52 101 1
474 101 1
150 101 1
538 101 1
475 101 1
539 101 1
540 102 1
483 102 1
484 102 1
101 102 1
547 102 1
548 102 1
103 102 1
109 102 1
539 102 1
53 102 1
151 102 1
475 102 1
476 102 1
540 103 1
484 103 1
549 103 1
102 103 1
485 103 1
548 103 1
104 103 1
541 103 1
110 103 1
54 103 1
152 103 1
476 103 1
477 103 1
477 104 1
549 104 1
486 104 1
103 104 1
550 104 1
485 104 1
478 104 1
111 104 1
55 104 1
153 104 1
541 104 1
542 104 1
479 105 1
480 105 1
543 105 1
98 105 1
544 105 1
487 105 1
488 105 1
552 105 1
551 105 1
106 105 1
112 105 1
56 105 1
154 105 1
480 106 1
481 106 1
545 106 1
99 106 1
544 106 1
488 106 1
105 106 1
489 106 1
553 106 1
552 106 1
107 106 1
113 106 1
57 106 1
155 106 1
481 107 1
546 107 1
545 107 1
100 107 1
482 107 1
489 107 1
106 107 1
490 107 1
553 107 1
554 107 1
108 107 1
114 107 1
58 107 1
156 107 1
546 108 1
483 108 1
547 108 1
101 108 1
482 108 1
490 108 1
107 108 1
491 108 1
555 108 1
554 108 1
109 108 1
115 108 1
59 108 1
157 108 1
483 109 1
548 109 1
484 109 1
547 109 1
102 109 1
491 109 1
108 109 1
492 109 1
555 109 1
556 109 1
110 109 1
116 109 1
60 109 1
158 109 1
159 110 1
548 110 1
484 110 1
549 110 1
103 110 1
485 110 1
492 110 1
557 110 1
109 110 1
493 110 1
556 110 1
111 110 1
117 110 1
61 110 1
160 111 1
485 111 1
550 111 1
549 111 1
104 111 1
486 111 1
557 111 1
110 111 1
493 111 1
494 111 1
558 111 1
118 111 1
62 111 1
63 112 1
161 112 1
487 112 1
488 112 1
105 112 1
552 112 1
551 112 1
495 112 1
496 112 1
560 112 1
559 112 1
113 112 1
119 112 1
64 113 1
162 113 1
488 113 1
489 113 1
106 113 1
553 113 1
552 113 1
112 113 1
496 113 1
497 113 1
561 113 1
560 113 1
114 113 1
120 113 1
65 114 1
163 114 1
489 114 1
553 114 1
107 114 1
490 114 1
554 114 1
113 114 1
497 114 1
498 114 1
561 114 1
562 114 1
115 114 1
121 114 1
66 115 1
164 115 1
490 115 1
491 115 1
108 115 1
555 115 1
554 115 1
114 115 1
499 115 1
498 115 1
563 115 1
562 115 1
116 115 1
122 115 1
67 116 1
165 116 1
491 116 1
492 116 1
109 116 1
555 116 1
556 116 1
115 116 1
500 116 1
499 116 1
564 116 1
563 116 1
117 116 1
123 116 1
68 117 1
166 117 1
492 117 1
557 117 1
493 117 1
110 117 1
556 117 1
116 117 1
501 117 1
118 117 1
565 117 1
500 117 1
564 117 1
124 117 1
566 118 1
69 118 1
167 118 1
557 118 1
493 118 1
111 118 1
494 118 1
558 118 1
117 118 1
502 118 1
501 118 1
565 118 1
125 118 1
70 119 1
168 119 1
567 119 1
504 119 1
568 119 1
495 119 1
112 119 1
496 119 1
560 119 1
559 119 1
503 119 1
120 119 1
126 119 1
127 120 1
71 120 1
169 120 1
504 120 1
496 120 1
113 120 1
497 120 1
561 120 1
560 120 1
505 120 1
569 120 1
119 120 1
568 120 1
121 120 1
128 121 1
72 121 1
170 121 1
122 121 1
497 121 1
114 121 1
561 121 1
498 121 1
562 121 1
505 121 1
120 121 1
569 121 1
506 121 1
570 121 1
129 122 1
73 122 1
171 122 1
507 122 1
498 122 1
499 122 1
115 122 1
563 122 1
562 122 1
570 122 1
121 122 1
506 122 1
123 122 1
571 122 1
130 123 1
572 123 1
74 123 1
172 123 1
499 123 1
500 123 1
116 123 1
564 123 1
563 123 1
124 123 1
122 123 1
507 123 1
508 123 1
571 123 1
508 124 1
131 124 1
509 124 1
75 124 1
173 124 1
500 124 1
565 124 1
117 124 1
501 124 1
564 124 1
125 124 1
123 124 1
572 124 1
573 124 1
502 125 1
132 125 1
573 125 1
76 125 1
574 125 1
174 125 1
118 125 1
565 125 1
566 125 1
501 125 1
124 125 1
509 125 1
510 125 1
511 126 1
512 126 1
575 126 1
127 126 1
576 126 1
133 126 1
567 126 1
504 126 1
77 126 1
175 126 1
503 126 1
568 126 1
119 126 1
576 127 1
513 127 1
128 127 1
577 127 1
512 127 1
120 127 1
134 127 1
78 127 1
568 127 1
176 127 1
505 127 1
504 127 1
569 127 1
126 127 1
127 128 1
513 128 1
578 128 1
514 128 1
577 128 1
121 128 1
129 128 1
135 128 1
79 128 1
177 128 1
569 128 1
570 128 1
505 128 1
506 128 1
128 129 1
578 129 1
514 129 1
515 129 1
579 129 1
130 129 1
136 129 1
122 129 1
80 129 1
178 129 1
570 129 1
506 129 1
507 129 1
571 129 1
129 130 1
572 130 1
515 130 1
516 130 1
579 130 1
580 130 1
131 130 1
137 130 1
507 130 1
81 130 1
179 130 1
123 130 1
508 130 1
571 130 1
130 131 1
572 131 1
516 131 1
581 131 1
517 131 1
580 131 1
132 131 1
509 131 1
138 131 1
82 131 1
124 131 1
180 131 1
508 131 1
573 131 1
131 132 1
517 132 1
518 132 1
581 132 1
582 132 1
573 132 1
139 132 1
574 132 1
83 132 1
181 132 1
125 132 1
509 132 1
510 132 1
511 133 1
512 133 1
575 133 1
576 133 1
134 133 1
583 133 1
519 133 1
520 133 1
584 133 1
140 133 1
84 133 1
182 133 1
126 133 1
127 134 1
512 134 1
513 134 1
577 134 1
576 134 1
133 134 1
135 134 1
520 134 1
521 134 1
585 134 1
584 134 1
141 134 1
85 134 1
183 134 1
128 135 1
513 135 1
578 135 1
514 135 1
577 135 1
134 135 1
136 135 1
521 135 1
522 135 1
585 135 1
586 135 1
142 135 1
86 135 1
184 135 1
129 136 1
578 136 1
514 136 1
515 136 1
579 136 1
135 136 1
137 136 1
522 136 1
523 136 1
587 136 1
586 136 1
143 136 1
87 136 1
185 136 1
130 137 1
515 137 1
580 137 1
516 137 1
579 137 1
136 137 1
138 137 1
523 137 1
524 137 1
587 137 1
588 137 1
144 137 1
88 137 1
186 137 1
131 138 1
580 138 1
516 138 1
581 138 1
517 138 1
137 138 1
139 138 1
524 138 1
589 138 1
525 138 1
588 138 1
145 138 1
89 138 1
187 138 1
132 139 1
581 139 1
518 139 1
517 139 1
582 139 1
138 139 1
589 139 1
526 139 1
525 139 1
590 139 1
146 139 1
90 139 1
188 139 1
133 140 1
519 140 1
520 140 1
583 140 1
584 140 1
141 140 1
527 140 1
528 140 1
591 140 1
592 140 1
91 140 1
189 140 1
134 141 1
584 141 1
521 141 1
585 141 1
520 141 1
140 141 1
142 141 1
528 141 1
529 141 1
593 141 1
592 141 1
92 141 1
190 141 1
191 142 1
135 142 1
521 142 1
522 142 1
586 142 1
585 142 1
141 142 1
143 142 1
529 142 1
530 142 1
593 142 1
594 142 1
93 142 1
192 143 1
136 143 1
522 143 1
586 143 1
523 143 1
587 143 1
142 143 1
144 143 1
530 143 1
531 143 1
595 143 1
594 143 1
94 143 1
95 144 1
193 144 1
137 144 1
523 144 1
524 144 1
587 144 1
588 144 1
143 144 1
145 144 1
531 144 1
532 144 1
595 144 1
596 144 1
96 145 1
194 145 1
138 145 1
524 145 1
525 145 1
589 145 1
588 145 1
144 145 1
146 145 1
532 145 1
533 145 1
597 145 1
596 145 1
97 146 1
534 146 1
195 146 1
139 146 1
589 146 1
525 146 1
526 146 1
590 146 1
145 146 1
533 146 1
598 146 1
597 146 1
607 147 1
608 147 1
543 147 1
98 147 1
544 147 1
196 147 1
535 147 1
536 147 1
148 147 1
599 147 1
600 147 1
154 147 1
608 148 1
609 148 1
545 148 1
99 148 1
544 148 1
197 148 1
536 148 1
147 148 1
601 148 1
149 148 1
600 148 1
537 148 1
155 148 1
609 149 1
610 149 1
546 149 1
545 149 1
100 149 1
198 149 1
602 149 1
148 149 1
601 149 1
150 149 1
537 149 1
538 149 1
156 149 1
610 150 1
546 150 1
611 150 1
101 150 1
547 150 1
199 150 1
149 150 1
151 150 1
602 150 1
538 150 1
603 150 1
539 150 1
157 150 1
540 151 1
611 151 1
612 151 1
547 151 1
102 151 1
548 151 1
200 151 1
603 151 1
150 151 1
152 151 1
539 151 1
604 151 1
158 151 1
159 152 1
540 152 1
612 152 1
549 152 1
613 152 1
103 152 1
548 152 1
201 152 1
605 152 1
151 152 1
153 152 1
604 152 1
541 152 1
160 153 1
613 153 1
550 153 1
549 153 1
104 153 1
614 153 1
202 153 1
605 153 1
606 153 1
152 153 1
541 153 1
542 153 1
607 154 1
608 154 1
543 154 1
161 154 1
544 154 1
615 154 1
616 154 1
105 154 1
552 154 1
551 154 1
203 154 1
147 154 1
155 154 1
608 155 1
609 155 1
545 155 1
544 155 1
162 155 1
616 155 1
617 155 1
106 155 1
553 155 1
552 155 1
204 155 1
148 155 1
154 155 1
156 155 1
609 156 1
546 156 1
163 156 1
610 156 1
545 156 1
617 156 1
618 156 1
107 156 1
553 156 1
554 156 1
205 156 1
149 156 1
155 156 1
157 156 1
546 157 1
610 157 1
611 157 1
547 157 1
164 157 1
618 157 1
619 157 1
108 157 1
555 157 1
554 157 1
206 157 1
150 157 1
156 157 1
158 157 1
159 158 1
611 158 1
548 158 1
165 158 1
612 158 1
547 158 1
619 158 1
620 158 1
109 158 1
555 158 1
556 158 1
207 158 1
151 158 1
157 158 1
160 159 1
548 159 1
549 159 1
612 159 1
613 159 1
166 159 1
620 159 1
557 159 1
621 159 1
110 159 1
556 159 1
208 159 1
152 159 1
158 159 1
159 160 1
613 160 1
614 160 1
549 160 1
550 160 1
167 160 1
557 160 1
621 160 1
111 160 1
622 160 1
558 160 1
209 160 1
153 160 1
162 161 1
615 161 1
616 161 1
551 161 1
552 161 1
168 161 1
623 161 1
624 161 1
112 161 1
560 161 1
559 161 1
210 161 1
154 161 1
161 162 1
163 162 1
616 162 1
553 162 1
617 162 1
552 162 1
169 162 1
624 162 1
113 162 1
625 162 1
561 162 1
560 162 1
211 162 1
155 162 1
162 163 1
164 163 1
617 163 1
618 163 1
554 163 1
553 163 1
170 163 1
625 163 1
114 163 1
626 163 1
561 163 1
562 163 1
212 163 1
156 163 1
163 164 1
165 164 1
618 164 1
619 164 1
554 164 1
555 164 1
171 164 1
626 164 1
115 164 1
627 164 1
563 164 1
562 164 1
213 164 1
157 164 1
164 165 1
166 165 1
619 165 1
620 165 1
556 165 1
555 165 1
172 165 1
627 165 1
116 165 1
628 165 1
564 165 1
563 165 1
214 165 1
158 165 1
159 166 1
165 166 1
167 166 1
620 166 1
557 166 1
621 166 1
556 166 1
173 166 1
628 166 1
117 166 1
629 166 1
565 166 1
564 166 1
215 166 1
160 167 1
166 167 1
630 167 1
621 167 1
622 167 1
557 167 1
558 167 1
174 167 1
118 167 1
629 167 1
566 167 1
565 167 1
216 167 1
161 168 1
567 168 1
169 168 1
623 168 1
624 168 1
560 168 1
559 168 1
175 168 1
632 168 1
631 168 1
568 168 1
217 168 1
119 168 1
120 169 1
162 169 1
168 169 1
170 169 1
624 169 1
625 169 1
561 169 1
632 169 1
560 169 1
176 169 1
569 169 1
568 169 1
633 169 1
218 169 1
163 170 1
169 170 1
171 170 1
561 170 1
626 170 1
625 170 1
562 170 1
569 170 1
177 170 1
633 170 1
570 170 1
121 170 1
634 170 1
219 170 1
164 171 1
634 171 1
170 171 1
172 171 1
626 171 1
627 171 1
563 171 1
562 171 1
178 171 1
570 171 1
122 171 1
635 171 1
220 171 1
571 171 1
635 172 1
572 172 1
165 172 1
171 172 1
173 172 1
627 172 1
628 172 1
564 172 1
563 172 1
179 172 1
571 172 1
123 172 1
636 172 1
221 172 1
636 173 1
166 173 1
637 173 1
172 173 1
174 173 1
628 173 1
565 173 1
629 173 1
124 173 1
564 173 1
180 173 1
572 173 1
573 173 1
222 173 1
223 174 1
566 174 1
167 174 1
637 174 1
574 174 1
173 174 1
565 174 1
630 174 1
629 174 1
181 174 1
125 174 1
573 174 1
638 174 1
639 175 1
640 175 1
575 175 1
224 175 1
576 175 1
168 175 1
567 175 1
176 175 1
632 175 1
182 175 1
631 175 1
568 175 1
126 175 1
127 176 1
640 176 1
641 176 1
577 176 1
576 176 1
225 176 1
169 176 1
175 176 1
632 176 1
177 176 1
633 176 1
183 176 1
568 176 1
569 176 1
128 177 1
641 177 1
578 177 1
642 177 1
577 177 1
226 177 1
170 177 1
176 177 1
178 177 1
633 177 1
184 177 1
569 177 1
634 177 1
570 177 1
129 178 1
578 178 1
643 178 1
642 178 1
579 178 1
227 178 1
171 178 1
177 178 1
179 178 1
570 178 1
185 178 1
634 178 1
635 178 1
571 178 1
130 179 1
643 179 1
580 179 1
644 179 1
579 179 1
228 179 1
572 179 1
172 179 1
178 179 1
180 179 1
186 179 1
635 179 1
636 179 1
571 179 1
572 180 1
131 180 1
580 180 1
645 180 1
644 180 1
581 180 1
229 180 1
637 180 1
173 180 1
179 180 1
181 180 1
187 180 1
636 180 1
573 180 1
132 181 1
581 181 1
582 181 1
645 181 1
646 181 1
230 181 1
573 181 1
574 181 1
174 181 1
180 181 1
188 181 1
637 181 1
638 181 1
639 182 1
640 182 1
575 182 1
576 182 1
133 182 1
583 182 1
648 182 1
647 182 1
584 182 1
231 182 1
175 182 1
183 182 1
189 182 1
576 183 1
640 183 1
577 183 1
641 183 1
134 183 1
584 183 1
648 183 1
649 183 1
585 183 1
232 183 1
176 183 1
182 183 1
184 183 1
190 183 1
191 184 1
641 184 1
578 184 1
642 184 1
577 184 1
135 184 1
585 184 1
586 184 1
650 184 1
649 184 1
233 184 1
177 184 1
183 184 1
185 184 1
192 185 1
578 185 1
643 185 1
642 185 1
579 185 1
136 185 1
586 185 1
650 185 1
651 185 1
587 185 1
234 185 1
178 185 1
184 185 1
186 185 1
193 186 1
643 186 1
580 186 1
644 186 1
579 186 1
137 186 1
651 186 1
588 186 1
652 186 1
587 186 1
235 186 1
179 186 1
185 186 1
187 186 1
194 187 1
580 187 1
581 187 1
645 187 1
644 187 1
138 187 1
652 187 1
653 187 1
589 187 1
588 187 1
236 187 1
180 187 1
186 187 1
188 187 1
195 188 1
645 188 1
646 188 1
581 188 1
582 188 1
139 188 1
653 188 1
589 188 1
654 188 1
590 188 1
237 188 1
181 188 1
187 188 1
647 189 1
648 189 1
583 189 1
584 189 1
140 189 1
238 189 1
655 189 1
656 189 1
591 189 1
592 189 1
182 189 1
190 189 1
191 190 1
584 190 1
648 190 1
585 190 1
649 190 1
141 190 1
239 190 1
656 190 1
657 190 1
593 190 1
592 190 1
183 190 1
189 190 1
192 191 1
649 191 1
586 191 1
650 191 1
585 191 1
142 191 1
240 191 1
657 191 1
658 191 1
593 191 1
594 191 1
184 191 1
190 191 1
191 192 1
193 192 1
586 192 1
651 192 1
650 192 1
587 192 1
143 192 1
241 192 1
658 192 1
659 192 1
595 192 1
594 192 1
185 192 1
192 193 1
194 193 1
651 193 1
588 193 1
652 193 1
587 193 1
144 193 1
242 193 1
659 193 1
660 193 1
595 193 1
596 193 1
186 193 1
193 194 1
195 194 1
588 194 1
589 194 1
653 194 1
652 194 1
145 194 1
243 194 1
660 194 1
661 194 1
597 194 1
596 194 1
187 194 1
194 195 1
662 195 1
653 195 1
654 195 1
589 195 1
590 195 1
146 195 1
244 195 1
661 195 1
598 195 1
597 195 1
188 195 1
671 196 1
672 196 1
607 196 1
608 196 1
197 196 1
203 196 1
663 196 1
664 196 1
147 196 1
245 196 1
599 196 1
600 196 1
672 197 1
673 197 1
609 197 1
608 197 1
196 197 1
198 197 1
204 197 1
664 197 1
148 197 1
601 197 1
246 197 1
600 197 1
665 197 1
673 198 1
610 198 1
674 198 1
609 198 1
197 198 1
199 198 1
205 198 1
601 198 1
149 198 1
247 198 1
665 198 1
602 198 1
666 198 1
610 199 1
675 199 1
611 199 1
674 199 1
198 199 1
200 199 1
206 199 1
150 199 1
248 199 1
602 199 1
666 199 1
667 199 1
603 199 1
675 200 1
611 200 1
612 200 1
676 200 1
199 200 1
604 200 1
201 200 1
207 200 1
151 200 1
249 200 1
667 200 1
668 200 1
603 200 1
604 201 1
612 201 1
613 201 1
677 201 1
676 201 1
200 201 1
202 201 1
669 201 1
208 201 1
152 201 1
250 201 1
668 201 1
605 201 1
677 202 1
614 202 1
613 202 1
678 202 1
201 202 1
605 202 1
606 202 1
209 202 1
153 202 1
251 202 1
669 202 1
670 202 1
671 203 1
672 203 1
607 203 1
608 203 1
196 203 1
679 203 1
680 203 1
616 203 1
615 203 1
204 203 1
210 203 1
154 203 1
252 203 1
672 204 1
673 204 1
609 204 1
608 204 1
197 204 1
680 204 1
681 204 1
617 204 1
203 204 1
616 204 1
205 204 1
211 204 1
155 204 1
253 204 1
673 205 1
610 205 1
674 205 1
609 205 1
198 205 1
681 205 1
617 205 1
682 205 1
204 205 1
618 205 1
206 205 1
212 205 1
156 205 1
254 205 1
255 206 1
610 206 1
611 206 1
675 206 1
674 206 1
199 206 1
682 206 1
619 206 1
683 206 1
205 206 1
618 206 1
207 206 1
213 206 1
157 206 1
256 207 1
611 207 1
675 207 1
612 207 1
676 207 1
200 207 1
683 207 1
684 207 1
619 207 1
206 207 1
620 207 1
208 207 1
214 207 1
158 207 1
159 208 1
257 208 1
612 208 1
613 208 1
677 208 1
676 208 1
201 208 1
684 208 1
621 208 1
685 208 1
207 208 1
620 208 1
209 208 1
215 208 1
160 209 1
258 209 1
677 209 1
678 209 1
613 209 1
614 209 1
202 209 1
621 209 1
685 209 1
686 209 1
208 209 1
622 209 1
216 209 1
161 210 1
259 210 1
679 210 1
680 210 1
615 210 1
616 210 1
203 210 1
687 210 1
688 210 1
624 210 1
623 210 1
211 210 1
217 210 1
162 211 1
260 211 1
680 211 1
681 211 1
617 211 1
616 211 1
204 211 1
688 211 1
689 211 1
210 211 1
625 211 1
624 211 1
212 211 1
218 211 1
163 212 1
261 212 1
681 212 1
618 212 1
682 212 1
617 212 1
205 212 1
689 212 1
625 212 1
211 212 1
690 212 1
626 212 1
213 212 1
219 212 1
164 213 1
262 213 1
618 213 1
682 213 1
619 213 1
683 213 1
206 213 1
690 213 1
691 213 1
212 213 1
627 213 1
626 213 1
214 213 1
220 213 1
165 214 1
263 214 1
683 214 1
619 214 1
620 214 1
684 214 1
207 214 1
691 214 1
692 214 1
213 214 1
627 214 1
628 214 1
221 214 1
215 214 1
166 215 1
264 215 1
620 215 1
621 215 1
684 215 1
685 215 1
208 215 1
692 215 1
693 215 1
214 215 1
629 215 1
216 215 1
628 215 1
222 215 1
223 216 1
630 216 1
167 216 1
265 216 1
685 216 1
622 216 1
621 216 1
686 216 1
209 216 1
693 216 1
694 216 1
629 216 1
215 216 1
224 217 1
168 217 1
266 217 1
695 217 1
687 217 1
688 217 1
624 217 1
210 217 1
623 217 1
632 217 1
631 217 1
696 217 1
218 217 1
225 218 1
217 218 1
169 218 1
267 218 1
688 218 1
689 218 1
625 218 1
211 218 1
624 218 1
696 218 1
697 218 1
632 218 1
633 218 1
219 218 1
226 219 1
170 219 1
268 219 1
218 219 1
689 219 1
690 219 1
625 219 1
212 219 1
626 219 1
633 219 1
220 219 1
697 219 1
634 219 1
698 219 1
635 220 1
227 220 1
171 220 1
269 220 1
690 220 1
691 220 1
627 220 1
213 220 1
626 220 1
219 220 1
634 220 1
699 220 1
698 220 1
221 220 1
699 221 1
228 221 1
636 221 1
172 221 1
270 221 1
691 221 1
692 221 1
627 221 1
214 221 1
220 221 1
628 221 1
635 221 1
700 221 1
222 221 1
223 222 1
636 222 1
229 222 1
637 222 1
173 222 1
271 222 1
221 222 1
692 222 1
693 222 1
629 222 1
215 222 1
628 222 1
700 222 1
701 222 1
230 223 1
630 223 1
637 223 1
174 223 1
638 223 1
702 223 1
272 223 1
629 223 1
694 223 1
693 223 1
216 223 1
701 223 1
222 223 1
703 224 1
704 224 1
640 224 1
225 224 1
639 224 1
231 224 1
631 224 1
175 224 1
273 224 1
696 224 1
695 224 1
632 224 1
217 224 1
224 225 1
705 225 1
640 225 1
704 225 1
641 225 1
226 225 1
232 225 1
176 225 1
274 225 1
696 225 1
697 225 1
632 225 1
633 225 1
218 225 1
705 226 1
225 226 1
642 226 1
706 226 1
641 226 1
227 226 1
233 226 1
177 226 1
275 226 1
633 226 1
697 226 1
634 226 1
219 226 1
698 226 1
635 227 1
226 227 1
707 227 1
643 227 1
706 227 1
642 227 1
228 227 1
234 227 1
178 227 1
276 227 1
220 227 1
634 227 1
699 227 1
698 227 1
635 228 1
643 228 1
707 228 1
227 228 1
644 228 1
708 228 1
229 228 1
636 228 1
235 228 1
179 228 1
277 228 1
699 228 1
700 228 1
221 228 1
228 229 1
709 229 1
708 229 1
645 229 1
644 229 1
230 229 1
636 229 1
637 229 1
236 229 1
180 229 1
278 229 1
700 229 1
701 229 1
222 229 1
223 230 1
645 230 1
709 230 1
229 230 1
646 230 1
710 230 1
637 230 1
237 230 1
702 230 1
181 230 1
279 230 1
701 230 1
638 230 1
703 231 1
224 231 1
640 231 1
704 231 1
639 231 1
711 231 1
648 231 1
712 231 1
647 231 1
232 231 1
238 231 1
182 231 1
280 231 1
640 232 1
705 232 1
225 232 1
704 232 1
641 232 1
231 232 1
648 232 1
712 232 1
713 232 1
649 232 1
233 232 1
239 232 1
183 232 1
281 232 1
705 233 1
226 233 1
642 233 1
706 233 1
641 233 1
232 233 1
713 233 1
650 233 1
649 233 1
714 233 1
234 233 1
240 233 1
184 233 1
282 233 1
642 234 1
643 234 1
707 234 1
227 234 1
706 234 1
233 234 1
650 234 1
715 234 1
651 234 1
714 234 1
235 234 1
241 234 1
185 234 1
283 234 1
643 235 1
708 235 1
707 235 1
228 235 1
644 235 1
234 235 1
715 235 1
651 235 1
652 235 1
716 235 1
236 235 1
242 235 1
186 235 1
284 235 1
644 236 1
709 236 1
708 236 1
645 236 1
229 236 1
235 236 1
652 236 1
717 236 1
653 236 1
716 236 1
237 236 1
243 236 1
187 236 1
285 236 1
709 237 1
646 237 1
710 237 1
645 237 1
230 237 1
236 237 1
653 237 1
718 237 1
717 237 1
654 237 1
244 237 1
188 237 1
286 237 1
287 238 1
231 238 1
712 238 1
648 238 1
647 238 1
711 238 1
719 238 1
720 238 1
656 238 1
655 238 1
239 238 1
189 238 1
288 239 1
232 239 1
713 239 1
648 239 1
712 239 1
649 239 1
238 239 1
720 239 1
721 239 1
656 239 1
657 239 1
240 239 1
190 239 1
191 240 1
289 240 1
713 240 1
233 240 1
650 240 1
649 240 1
714 240 1
239 240 1
721 240 1
657 240 1
722 240 1
658 240 1
241 240 1
192 241 1
290 241 1
234 241 1
715 241 1
650 241 1
651 241 1
714 241 1
240 241 1
722 241 1
723 241 1
659 241 1
658 241 1
242 241 1
193 242 1
291 242 1
651 242 1
715 242 1
235 242 1
652 242 1
716 242 1
241 242 1
723 242 1
660 242 1
724 242 1
659 242 1
243 242 1
194 243 1
292 243 1
236 243 1
653 243 1
717 243 1
652 243 1
716 243 1
242 243 1
660 243 1
725 243 1
661 243 1
724 243 1
244 243 1
195 244 1
293 244 1
726 244 1
717 244 1
718 244 1
653 244 1
237 244 1
654 244 1
243 244 1
725 244 1
662 244 1
661 244 1
735 245 1
736 245 1
672 245 1
671 245 1
196 245 1
294 245 1
663 245 1
728 245 1
246 245 1
727 245 1
664 245 1
252 245 1
672 246 1
673 246 1
737 246 1
736 246 1
197 246 1
295 246 1
728 246 1
245 246 1
253 246 1
247 246 1
664 246 1
665 246 1
729 246 1
673 247 1
737 247 1
674 247 1
738 247 1
198 247 1
296 247 1
665 247 1
246 247 1
248 247 1
729 247 1
730 247 1
666 247 1
254 247 1
255 248 1
674 248 1
675 248 1
739 248 1
738 248 1
731 248 1
199 248 1
297 248 1
247 248 1
249 248 1
666 248 1
667 248 1
730 248 1
256 249 1
667 249 1
675 249 1
739 249 1
740 249 1
676 249 1
668 249 1
200 249 1
298 249 1
248 249 1
250 249 1
731 249 1
732 249 1
257 250 1
740 250 1
741 250 1
677 250 1
676 250 1
668 250 1
201 250 1
669 250 1
299 250 1
249 250 1
251 250 1
732 250 1
733 250 1
258 251 1
741 251 1
742 251 1
677 251 1
678 251 1
202 251 1
669 251 1
300 251 1
734 251 1
250 251 1
733 251 1
670 251 1
735 252 1
736 252 1
672 252 1
671 252 1
259 252 1
743 252 1
744 252 1
679 252 1
680 252 1
203 252 1
301 252 1
245 252 1
253 252 1
672 253 1
673 253 1
737 253 1
736 253 1
260 253 1
744 253 1
681 253 1
745 253 1
680 253 1
204 253 1
302 253 1
246 253 1
252 253 1
254 253 1
255 254 1
673 254 1
737 254 1
674 254 1
738 254 1
261 254 1
745 254 1
681 254 1
746 254 1
682 254 1
205 254 1
303 254 1
247 254 1
253 254 1
256 255 1
674 255 1
675 255 1
739 255 1
738 255 1
262 255 1
746 255 1
683 255 1
747 255 1
682 255 1
206 255 1
304 255 1
248 255 1
254 255 1
255 256 1
257 256 1
675 256 1
739 256 1
740 256 1
676 256 1
263 256 1
747 256 1
748 256 1
683 256 1
684 256 1
207 256 1
305 256 1
249 256 1
256 257 1
258 257 1
676 257 1
677 257 1
740 257 1
741 257 1
264 257 1
748 257 1
685 257 1
749 257 1
684 257 1
208 257 1
306 257 1
250 257 1
257 258 1
677 258 1
742 258 1
741 258 1
678 258 1
265 258 1
685 258 1
750 258 1
749 258 1
686 258 1
209 258 1
307 258 1
251 258 1
260 259 1
743 259 1
744 259 1
680 259 1
679 259 1
266 259 1
751 259 1
752 259 1
687 259 1
210 259 1
688 259 1
308 259 1
252 259 1
259 260 1
261 260 1
680 260 1
681 260 1
745 260 1
744 260 1
267 260 1
752 260 1
753 260 1
689 260 1
211 260 1
688 260 1
309 260 1
253 260 1
260 261 1
262 261 1
745 261 1
681 261 1
682 261 1
746 261 1
268 261 1
753 261 1
754 261 1
689 261 1
212 261 1
690 261 1
310 261 1
254 261 1
255 262 1
261 262 1
263 262 1
746 262 1
683 262 1
747 262 1
682 262 1
269 262 1
754 262 1
755 262 1
691 262 1
213 262 1
690 262 1
311 262 1
256 263 1
262 263 1
264 263 1
683 263 1
747 263 1
748 263 1
684 263 1
270 263 1
755 263 1
756 263 1
692 263 1
214 263 1
691 263 1
312 263 1
257 264 1
263 264 1
265 264 1
748 264 1
685 264 1
749 264 1
684 264 1
271 264 1
756 264 1
757 264 1
693 264 1
215 264 1
692 264 1
313 264 1
258 265 1
264 265 1
694 265 1
685 265 1
749 265 1
750 265 1
686 265 1
272 265 1
757 265 1
758 265 1
693 265 1
216 265 1
314 265 1
259 266 1
267 266 1
695 266 1
751 266 1
752 266 1
688 266 1
687 266 1
273 266 1
760 266 1
759 266 1
696 266 1
217 266 1
315 266 1
260 267 1
266 267 1
268 267 1
752 267 1
753 267 1
689 267 1
688 267 1
274 267 1
760 267 1
697 267 1
696 267 1
761 267 1
218 267 1
316 267 1
261 268 1
267 268 1
269 268 1
689 268 1
753 268 1
754 268 1
690 268 1
275 268 1
697 268 1
761 268 1
762 268 1
219 268 1
698 268 1
317 268 1
699 269 1
262 269 1
268 269 1
270 269 1
754 269 1
755 269 1
691 269 1
690 269 1
276 269 1
220 269 1
762 269 1
763 269 1
698 269 1
318 269 1
319 270 1
699 270 1
263 270 1
764 270 1
269 270 1
271 270 1
755 270 1
756 270 1
692 270 1
691 270 1
277 270 1
763 270 1
700 270 1
221 270 1
320 271 1
700 271 1
264 271 1
765 271 1
270 271 1
272 271 1
756 271 1
757 271 1
693 271 1
692 271 1
278 271 1
764 271 1
701 271 1
222 271 1
223 272 1
321 272 1
694 272 1
265 272 1
765 272 1
271 272 1
766 272 1
757 272 1
758 272 1
279 272 1
693 272 1
701 272 1
702 272 1
767 273 1
224 273 1
704 273 1
768 273 1
703 273 1
322 273 1
280 273 1
266 273 1
695 273 1
274 273 1
760 273 1
759 273 1
696 273 1
768 274 1
769 274 1
225 274 1
704 274 1
705 274 1
323 274 1
281 274 1
267 274 1
273 274 1
275 274 1
760 274 1
697 274 1
696 274 1
761 274 1
705 275 1
770 275 1
769 275 1
706 275 1
226 275 1
324 275 1
268 275 1
282 275 1
274 275 1
276 275 1
697 275 1
761 275 1
762 275 1
698 275 1
699 276 1
770 276 1
227 276 1
707 276 1
771 276 1
706 276 1
325 276 1
269 276 1
275 276 1
283 276 1
277 276 1
762 276 1
763 276 1
698 276 1
699 277 1
707 277 1
708 277 1
228 277 1
771 277 1
772 277 1
326 277 1
764 277 1
270 277 1
276 277 1
278 277 1
284 277 1
763 277 1
700 277 1
772 278 1
229 278 1
708 278 1
709 278 1
773 278 1
327 278 1
764 278 1
765 278 1
271 278 1
277 278 1
279 278 1
700 278 1
701 278 1
285 278 1
286 279 1
773 279 1
230 279 1
774 279 1
709 279 1
710 279 1
328 279 1
701 279 1
272 279 1
766 279 1
278 279 1
765 279 1
702 279 1
767 280 1
768 280 1
287 280 1
704 280 1
703 280 1
231 280 1
776 280 1
775 280 1
711 280 1
712 280 1
329 280 1
273 280 1
281 280 1
768 281 1
769 281 1
704 281 1
705 281 1
288 281 1
232 281 1
777 281 1
776 281 1
713 281 1
712 281 1
330 281 1
274 281 1
280 281 1
282 281 1
705 282 1
769 282 1
770 282 1
289 282 1
706 282 1
233 282 1
778 282 1
777 282 1
713 282 1
714 282 1
331 282 1
275 282 1
281 282 1
283 282 1
770 283 1
707 283 1
771 283 1
706 283 1
290 283 1
778 283 1
715 283 1
779 283 1
234 283 1
714 283 1
332 283 1
276 283 1
282 283 1
284 283 1
707 284 1
708 284 1
771 284 1
772 284 1
291 284 1
235 284 1
779 284 1
780 284 1
715 284 1
716 284 1
333 284 1
277 284 1
283 284 1
285 284 1
708 285 1
292 285 1
772 285 1
709 285 1
773 285 1
236 285 1
717 285 1
780 285 1
781 285 1
716 285 1
334 285 1
278 285 1
284 285 1
286 285 1
293 286 1
773 286 1
774 286 1
709 286 1
710 286 1
717 286 1
237 286 1
782 286 1
781 286 1
718 286 1
335 286 1
279 286 1
285 286 1
288 287 1
775 287 1
776 287 1
712 287 1
711 287 1
238 287 1
783 287 1
784 287 1
719 287 1
720 287 1
336 287 1
280 287 1
287 288 1
289 288 1
776 288 1
777 288 1
712 288 1
713 288 1
239 288 1
784 288 1
785 288 1
721 288 1
720 288 1
337 288 1
281 288 1
288 289 1
290 289 1
777 289 1
778 289 1
713 289 1
714 289 1
240 289 1
785 289 1
786 289 1
721 289 1
722 289 1
338 289 1
282 289 1
289 290 1
291 290 1
778 290 1
715 290 1
779 290 1
714 290 1
241 290 1
786 290 1
787 290 1
723 290 1
722 290 1
339 290 1
283 290 1
290 291 1
292 291 1
779 291 1
780 291 1
715 291 1
716 291 1
242 291 1
787 291 1
788 291 1
723 291 1
724 291 1
340 291 1
284 291 1
291 292 1
293 292 1
716 292 1
717 292 1
780 292 1
781 292 1
243 292 1
788 292 1
789 292 1
725 292 1
724 292 1
341 292 1
285 292 1
292 293 1
790 293 1
781 293 1
718 293 1
717 293 1
782 293 1
244 293 1
789 293 1
726 293 1
725 293 1
342 293 1
286 293 1
735 294 1
736 294 1
799 294 1
800 294 1
295 294 1
301 294 1
791 294 1
728 294 1
245 294 1
727 294 1
792 294 1
736 295 1
737 295 1
801 295 1
800 295 1
294 295 1
296 295 1
302 295 1
792 295 1
246 295 1
728 295 1
729 295 1
793 295 1
737 296 1
802 296 1
801 296 1
738 296 1
295 296 1
297 296 1
303 296 1
247 296 1
729 296 1
793 296 1
794 296 1
730 296 1
802 297 1
739 297 1
803 297 1
738 297 1
795 297 1
296 297 1
298 297 1
304 297 1
248 297 1
794 297 1
731 297 1
730 297 1
731 298 1
739 298 1
804 298 1
740 298 1
803 298 1
732 298 1
297 298 1
299 298 1
305 298 1
249 298 1
795 298 1
796 298 1
740 299 1
804 299 1
805 299 1
741 299 1
732 299 1
298 299 1
300 299 1
797 299 1
306 299 1
250 299 1
796 299 1
733 299 1
741 300 1
742 300 1
805 300 1
806 300 1
299 300 1
733 300 1
734 300 1
307 300 1
251 300 1
797 300 1
798 300 1
735 301 1
736 301 1
799 301 1
800 301 1
294 301 1
743 301 1
744 301 1
808 301 1
807 301 1
302 301 1
308 301 1
252 301 1
736 302 1
737 302 1
801 302 1
800 302 1
295 302 1
744 302 1
745 302 1
808 302 1
809 302 1
301 302 1
303 302 1
309 302 1
253 302 1
737 303 1
802 303 1
801 303 1
738 303 1
296 303 1
745 303 1
746 303 1
809 303 1
810 303 1
302 303 1
304 303 1
310 303 1
254 303 1
255 304 1
802 304 1
739 304 1
803 304 1
738 304 1
297 304 1
746 304 1
747 304 1
811 304 1
810 304 1
303 304 1
305 304 1
311 304 1
256 305 1
739 305 1
804 305 1
740 305 1
803 305 1
298 305 1
747 305 1
748 305 1
812 305 1
811 305 1
304 305 1
306 305 1
312 305 1
257 306 1
740 306 1
804 306 1
805 306 1
741 306 1
299 306 1
748 306 1
749 306 1
813 306 1
812 306 1
305 306 1
307 306 1
313 306 1
258 307 1
805 307 1
742 307 1
741 307 1
806 307 1
300 307 1
749 307 1
813 307 1
750 307 1
814 307 1
306 307 1
314 307 1
259 308 1
743 308 1
744 308 1
807 308 1
808 308 1
301 308 1
751 308 1
752 308 1
816 308 1
815 308 1
309 308 1
315 308 1
260 309 1
744 309 1
745 309 1
809 309 1
808 309 1
302 309 1
752 309 1
753 309 1
816 309 1
817 309 1
308 309 1
310 309 1
316 309 1
261 310 1
745 310 1
810 310 1
809 310 1
746 310 1
303 310 1
753 310 1
754 310 1
817 310 1
818 310 1
309 310 1
311 310 1
317 310 1
262 311 1
810 311 1
746 311 1
747 311 1
811 311 1
304 311 1
754 311 1
755 311 1
819 311 1
818 311 1
310 311 1
312 311 1
318 311 1
319 312 1
263 312 1
747 312 1
812 312 1
748 312 1
811 312 1
305 312 1
755 312 1
756 312 1
819 312 1
820 312 1
311 312 1
313 312 1
320 313 1
264 313 1
812 313 1
749 313 1
813 313 1
748 313 1
306 313 1
756 313 1
757 313 1
821 313 1
820 313 1
312 313 1
314 313 1
321 314 1
265 314 1
758 314 1
813 314 1
814 314 1
749 314 1
750 314 1
307 314 1
757 314 1
822 314 1
821 314 1
313 314 1
322 315 1
266 315 1
751 315 1
752 315 1
816 315 1
815 315 1
759 315 1
308 315 1
824 315 1
823 315 1
760 315 1
316 315 1
323 316 1
267 316 1
752 316 1
753 316 1
816 316 1
817 316 1
309 316 1
824 316 1
315 316 1
760 316 1
761 316 1
825 316 1
317 316 1
324 317 1
318 317 1
268 317 1
753 317 1
818 317 1
754 317 1
817 317 1
310 317 1
761 317 1
826 317 1
825 317 1
316 317 1
762 317 1
319 318 1
763 318 1
325 318 1
269 318 1
754 318 1
755 318 1
819 318 1
818 318 1
311 318 1
826 318 1
827 318 1
317 318 1
762 318 1
320 319 1
827 319 1
326 319 1
764 319 1
270 319 1
755 319 1
756 319 1
819 319 1
820 319 1
312 319 1
763 319 1
828 319 1
318 319 1
319 320 1
321 320 1
327 320 1
764 320 1
765 320 1
271 320 1
756 320 1
821 320 1
757 320 1
820 320 1
313 320 1
828 320 1
829 320 1
320 321 1
328 321 1
758 321 1
829 321 1
272 321 1
830 321 1
821 321 1
822 321 1
757 321 1
314 321 1
765 321 1
766 321 1
767 322 1
768 322 1
831 322 1
832 322 1
323 322 1
329 322 1
273 322 1
823 322 1
824 322 1
759 322 1
760 322 1
315 322 1
832 323 1
769 323 1
322 323 1
833 323 1
768 323 1
324 323 1
330 323 1
274 323 1
824 323 1
760 323 1
761 323 1
825 323 1
316 323 1
769 324 1
770 324 1
834 324 1
323 324 1
833 324 1
325 324 1
331 324 1
275 324 1
761 324 1
826 324 1
825 324 1
317 324 1
762 324 1
834 325 1
770 325 1
771 325 1
324 325 1
835 325 1
326 325 1
827 325 1
762 325 1
332 325 1
276 325 1
826 325 1
763 325 1
318 325 1
319 326 1
771 326 1
836 326 1
772 326 1
325 326 1
835 326 1
327 326 1
827 326 1
764 326 1
333 326 1
277 326 1
763 326 1
828 326 1
320 327 1
772 327 1
773 327 1
837 327 1
326 327 1
836 327 1
328 327 1
828 327 1
334 327 1
829 327 1
278 327 1
764 327 1
765 327 1
321 328 1
837 328 1
774 328 1
327 328 1
773 328 1
838 328 1
765 328 1
335 328 1
766 328 1
279 328 1
829 328 1
830 328 1
767 329 1
768 329 1
832 329 1
322 329 1
831 329 1
775 329 1
776 329 1
839 329 1
840 329 1
330 329 1
336 329 1
280 329 1
832 330 1
769 330 1
833 330 1
323 330 1
768 330 1
840 330 1
777 330 1
329 330 1
776 330 1
841 330 1
331 330 1
337 330 1
281 330 1
833 331 1
770 331 1
769 331 1
834 331 1
324 331 1
841 331 1
778 331 1
777 331 1
330 331 1
842 331 1
332 331 1
338 331 1
282 331 1
770 332 1
834 332 1
771 332 1
325 332 1
835 332 1
778 332 1
779 332 1
843 332 1
331 332 1
842 332 1
333 332 1
339 332 1
283 332 1
771 333 1
836 333 1
835 333 1
772 333 1
326 333 1
843 333 1
332 333 1
779 333 1
780 333 1
844 333 1
334 333 1
340 333 1
284 333 1
772 334 1
836 334 1
837 334 1
327 334 1
773 334 1
780 334 1
333 334 1
845 334 1
781 334 1
844 334 1
335 334 1
341 334 1
285 334 1
773 335 1
838 335 1
837 335 1
328 335 1
774 335 1
781 335 1
334 335 1
782 335 1
845 335 1
846 335 1
342 335 1
286 335 1
287 336 1
839 336 1
776 336 1
329 336 1
775 336 1
840 336 1
783 336 1
784 336 1
848 336 1
847 336 1
337 336 1
288 337 1
840 337 1
777 337 1
330 337 1
776 337 1
841 337 1
336 337 1
784 337 1
785 337 1
848 337 1
849 337 1
338 337 1
289 338 1
777 338 1
778 338 1
331 338 1
841 338 1
842 338 1
337 338 1
785 338 1
786 338 1
849 338 1
850 338 1
339 338 1
290 339 1
778 339 1
779 339 1
332 339 1
843 339 1
842 339 1
338 339 1
787 339 1
786 339 1
851 339 1
850 339 1
340 339 1
291 340 1
779 340 1
780 340 1
333 340 1
843 340 1
844 340 1
339 340 1
787 340 1
788 340 1
852 340 1
851 340 1
341 340 1
292 341 1
780 341 1
845 341 1
334 341 1
781 341 1
844 341 1
340 341 1
789 341 1
853 341 1
788 341 1
852 341 1
342 341 1
293 342 1
845 342 1
782 342 1
335 342 1
781 342 1
846 342 1
854 342 1
341 342 1
790 342 1
789 342 1
853 342 1
407 343 1
344 343 1
351 343 1
0 343 1
0 344 1
1 344 1
352 344 1
343 344 1
408 344 1
345 344 1
1 345 1
2 345 1
353 345 1
344 345 1
409 345 1
346 345 1
2 346 1
354 346 1
3 346 1
345 346 1
410 346 1
347 346 1
3 347 1
4 347 1
355 347 1
346 347 1
411 347 1
348 347 1
4 348 1
356 348 1
5 348 1
347 348 1
412 348 1
349 348 1
5 349 1
357 349 1
6 349 1
348 349 1
413 349 1
350 349 1
414 350 1
6 350 1
349 350 1
358 350 1
415 351 1
0 351 1
352 351 1
7 351 1
359 351 1
343 351 1
351 352 1
0 352 1
1 352 1
416 352 1
353 352 1
7 352 1
8 352 1
360 352 1
344 352 1
352 353 1
417 353 1
2 353 1
1 353 1
354 353 1
8 353 1
9 353 1
361 353 1
345 353 1
353 354 1
2 354 1
3 354 1
418 354 1
355 354 1
9 354 1
10 354 1
362 354 1
346 354 1
354 355 1
419 355 1
4 355 1
3 355 1
356 355 1
10 355 1
11 355 1
363 355 1
347 355 1
355 356 1
4 356 1
5 356 1
420 356 1
357 356 1
11 356 1
12 356 1
364 356 1
348 356 1
356 357 1
421 357 1
6 357 1
5 357 1
358 357 1
12 357 1
13 357 1
365 357 1
349 357 1
357 358 1
6 358 1
422 358 1
13 358 1
366 358 1
350 358 1
351 359 1
7 359 1
423 359 1
360 359 1
14 359 1
367 359 1
352 360 1
7 360 1
424 360 1
359 360 1
8 360 1
361 360 1
14 360 1
15 360 1
368 360 1
353 361 1
8 361 1
425 361 1
9 361 1
360 361 1
362 361 1
15 361 1
16 361 1
369 361 1
354 362 1
9 362 1
10 362 1
426 362 1
361 362 1
363 362 1
16 362 1
17 362 1
370 362 1
355 363 1
10 363 1
11 363 1
362 363 1
364 363 1
427 363 1
17 363 1
18 363 1
371 363 1
356 364 1
11 364 1
12 364 1
363 364 1
428 364 1
365 364 1
18 364 1
19 364 1
372 364 1
357 365 1
12 365 1
429 365 1
364 365 1
13 365 1
366 365 1
19 365 1
20 365 1
373 365 1
358 366 1
13 366 1
365 366 1
430 366 1
20 366 1
374 366 1
359 367 1
14 367 1
431 367 1
368 367 1
21 367 1
375 367 1
360 368 1
14 368 1
15 368 1
432 368 1
367 368 1
369 368 1
21 368 1
22 368 1
376 368 1
361 369 1
15 369 1
16 369 1
368 369 1
433 369 1
370 369 1
22 369 1
23 369 1
377 369 1
362 370 1
16 370 1
17 370 1
434 370 1
369 370 1
371 370 1
23 370 1
24 370 1
378 370 1
363 371 1
17 371 1
18 371 1
370 371 1
372 371 1
435 371 1
24 371 1
25 371 1
379 371 1
364 372 1
18 372 1
19 372 1
371 372 1
436 372 1
373 372 1
25 372 1
26 372 1
380 372 1
365 373 1
19 373 1
20 373 1
437 373 1
372 373 1
26 373 1
27 373 1
381 373 1
374 373 1
366 374 1
20 374 1
373 374 1
438 374 1
27 374 1
382 374 1
383 375 1
367 375 1
21 375 1
439 375 1
376 375 1
28 375 1
384 376 1
368 376 1
21 376 1
22 376 1
375 376 1
440 376 1
377 376 1
28 376 1
29 376 1
385 377 1
369 377 1
22 377 1
23 377 1
376 377 1
441 377 1
378 377 1
29 377 1
30 377 1
31 378 1
386 378 1
370 378 1
23 378 1
24 378 1
377 378 1
442 378 1
379 378 1
30 378 1
31 379 1
32 379 1
387 379 1
371 379 1
24 379 1
25 379 1
378 379 1
443 379 1
380 379 1
32 380 1
33 380 1
388 380 1
372 380 1
25 380 1
26 380 1
379 380 1
444 380 1
381 380 1
33 381 1
34 381 1
389 381 1
373 381 1
26 381 1
27 381 1
380 381 1
445 381 1
382 381 1
34 382 1
390 382 1
374 382 1
27 382 1
381 382 1
446 382 1
447 383 1
384 383 1
35 383 1
391 383 1
375 383 1
28 383 1
383 384 1
448 384 1
385 384 1
35 384 1
36 384 1
392 384 1
376 384 1
28 384 1
29 384 1
384 385 1
449 385 1
386 385 1
36 385 1
37 385 1
393 385 1
377 385 1
29 385 1
30 385 1
31 386 1
385 386 1
450 386 1
387 386 1
37 386 1
38 386 1
394 386 1
378 386 1
30 386 1
31 387 1
32 387 1
386 387 1
451 387 1
388 387 1
38 387 1
39 387 1
395 387 1
379 387 1
32 388 1
33 388 1
387 388 1
452 388 1
389 388 1
39 388 1
40 388 1
396 388 1
380 388 1
33 389 1
34 389 1
388 389 1
453 389 1
390 389 1
40 389 1
41 389 1
397 389 1
381 389 1
34 390 1
389 390 1
454 390 1
41 390 1
398 390 1
382 390 1
383 391 1
35 391 1
455 391 1
392 391 1
42 391 1
399 391 1
384 392 1
35 392 1
36 392 1
391 392 1
456 392 1
393 392 1
42 392 1
43 392 1
400 392 1
385 393 1
36 393 1
37 393 1
392 393 1
457 393 1
394 393 1
43 393 1
44 393 1
401 393 1
386 394 1
37 394 1
38 394 1
393 394 1
458 394 1
395 394 1
44 394 1
45 394 1
402 394 1
387 395 1
38 395 1
39 395 1
394 395 1
459 395 1
396 395 1
45 395 1
46 395 1
403 395 1
388 396 1
39 396 1
40 396 1
395 396 1
460 396 1
397 396 1
46 396 1
47 396 1
404 396 1
389 397 1
40 397 1
41 397 1
396 397 1
461 397 1
398 397 1
47 397 1
48 397 1
405 397 1
390 398 1
41 398 1
397 398 1
462 398 1
48 398 1
406 398 1
391 399 1
400 399 1
42 399 1
463 399 1
392 400 1
42 400 1
43 400 1
399 400 1
464 400 1
401 400 1
393 401 1
43 401 1
44 401 1
400 401 1
465 401 1
402 401 1
394 402 1
44 402 1
45 402 1
401 402 1
466 402 1
403 402 1
395 403 1
45 403 1
46 403 1
402 403 1
467 403 1
404 403 1
396 404 1
46 404 1
47 404 1
403 404 1
468 404 1
405 404 1
397 405 1
47 405 1
48 405 1
404 405 1
469 405 1
406 405 1
48 406 1
470 406 1
405 406 1
398 406 1
415 407 1
0 407 1
471 407 1
49 407 1
343 407 1
408 407 1
0 408 1
1 408 1
416 408 1
344 408 1
49 408 1
50 408 1
407 408 1
472 408 1
409 408 1
417 409 1
2 409 1
1 409 1
473 409 1
50 409 1
51 409 1
408 409 1
345 409 1
410 409 1
2 410 1
3 410 1
418 410 1
346 410 1
51 410 1
52 410 1
409 410 1
474 410 1
411 410 1
419 411 1
3 411 1
4 411 1
475 411 1
52 411 1
53 411 1
410 411 1
347 411 1
412 411 1
4 412 1
5 412 1
420 412 1
348 412 1
53 412 1
54 412 1
411 412 1
476 412 1
413 412 1
349 413 1
421 413 1
6 413 1
5 413 1
54 413 1
55 413 1
412 413 1
477 413 1
414 413 1
6 414 1
422 414 1
478 414 1
55 414 1
413 414 1
350 414 1
351 415 1
0 415 1
416 415 1
479 415 1
7 415 1
423 415 1
49 415 1
407 415 1
56 415 1
415 416 1
0 416 1
1 416 1
480 416 1
352 416 1
417 416 1
7 416 1
8 416 1
424 416 1
49 416 1
50 416 1
408 416 1
57 416 1
56 416 1
416 417 1
1 417 1
2 417 1
418 417 1
353 417 1
481 417 1
8 417 1
9 417 1
425 417 1
409 417 1
50 417 1
51 417 1
57 417 1
58 417 1
417 418 1
354 418 1
2 418 1
3 418 1
482 418 1
419 418 1
9 418 1
10 418 1
426 418 1
51 418 1
52 418 1
410 418 1
58 418 1
59 418 1
418 419 1
355 419 1
4 419 1
3 419 1
420 419 1
483 419 1
10 419 1
11 419 1
427 419 1
52 419 1
53 419 1
411 419 1
59 419 1
60 419 1
419 420 1
4 420 1
356 420 1
484 420 1
5 420 1
421 420 1
11 420 1
12 420 1
428 420 1
60 420 1
53 420 1
54 420 1
412 420 1
61 420 1
413 421 1
420 421 1
485 421 1
5 421 1
357 421 1
6 421 1
422 421 1
12 421 1
13 421 1
429 421 1
54 421 1
55 421 1
61 421 1
62 421 1
421 422 1
486 422 1
358 422 1
6 422 1
414 422 1
13 422 1
430 422 1
55 422 1
62 422 1
63 423 1
415 423 1
7 423 1
424 423 1
359 423 1
487 423 1
14 423 1
431 423 1
56 423 1
63 424 1
64 424 1
416 424 1
7 424 1
360 424 1
8 424 1
423 424 1
488 424 1
425 424 1
14 424 1
15 424 1
432 424 1
56 424 1
57 424 1
64 425 1
417 425 1
65 425 1
8 425 1
9 425 1
361 425 1
424 425 1
426 425 1
489 425 1
15 425 1
16 425 1
433 425 1
57 425 1
58 425 1
65 426 1
66 426 1
418 426 1
9 426 1
10 426 1
362 426 1
425 426 1
490 426 1
427 426 1
16 426 1
17 426 1
434 426 1
58 426 1
59 426 1
66 427 1
419 427 1
67 427 1
10 427 1
363 427 1
11 427 1
426 427 1
428 427 1
491 427 1
17 427 1
18 427 1
435 427 1
59 427 1
60 427 1
67 428 1
68 428 1
420 428 1
11 428 1
364 428 1
12 428 1
427 428 1
492 428 1
429 428 1
18 428 1
19 428 1
436 428 1
60 428 1
61 428 1
68 429 1
69 429 1
421 429 1
12 429 1
365 429 1
13 429 1
428 429 1
493 429 1
430 429 1
19 429 1
20 429 1
437 429 1
61 429 1
62 429 1
69 430 1
422 430 1
13 430 1
429 430 1
366 430 1
494 430 1
20 430 1
438 430 1
62 430 1
63 431 1
70 431 1
423 431 1
14 431 1
367 431 1
432 431 1
495 431 1
21 431 1
439 431 1
63 432 1
64 432 1
70 432 1
71 432 1
424 432 1
14 432 1
15 432 1
368 432 1
431 432 1
496 432 1
433 432 1
21 432 1
22 432 1
440 432 1
64 433 1
65 433 1
71 433 1
72 433 1
425 433 1
15 433 1
16 433 1
369 433 1
432 433 1
434 433 1
497 433 1
22 433 1
23 433 1
441 433 1
65 434 1
66 434 1
72 434 1
73 434 1
426 434 1
16 434 1
17 434 1
370 434 1
433 434 1
498 434 1
435 434 1
23 434 1
24 434 1
442 434 1
66 435 1
67 435 1
73 435 1
74 435 1
427 435 1
17 435 1
18 435 1
371 435 1
434 435 1
436 435 1
499 435 1
24 435 1
25 435 1
443 435 1
67 436 1
68 436 1
74 436 1
75 436 1
428 436 1
18 436 1
19 436 1
372 436 1
435 436 1
500 436 1
437 436 1
25 436 1
26 436 1
444 436 1
438 437 1
68 437 1
69 437 1
75 437 1
76 437 1
429 437 1
19 437 1
20 437 1
373 437 1
436 437 1
501 437 1
26 437 1
27 437 1
445 437 1
69 438 1
446 438 1
76 438 1
430 438 1
20 438 1
437 438 1
502 438 1
27 438 1
374 438 1
447 439 1
70 439 1
503 439 1
77 439 1
431 439 1
21 439 1
375 439 1
440 439 1
28 439 1
448 440 1
70 440 1
71 440 1
376 440 1
77 440 1
78 440 1
432 440 1
21 440 1
22 440 1
439 440 1
504 440 1
441 440 1
28 440 1
29 440 1
449 441 1
71 441 1
72 441 1
78 441 1
79 441 1
433 441 1
505 441 1
22 441 1
23 441 1
440 441 1
377 441 1
442 441 1
29 441 1
30 441 1
31 442 1
450 442 1
72 442 1
73 442 1
79 442 1
80 442 1
434 442 1
378 442 1
23 442 1
24 442 1
441 442 1
506 442 1
443 442 1
30 442 1
31 443 1
32 443 1
451 443 1
73 443 1
74 443 1
507 443 1
80 443 1
81 443 1
435 443 1
24 443 1
25 443 1
442 443 1
379 443 1
444 443 1
32 444 1
33 444 1
452 444 1
74 444 1
75 444 1
81 444 1
82 444 1
380 444 1
436 444 1
25 444 1
26 444 1
443 444 1
508 444 1
445 444 1
33 445 1
34 445 1
381 445 1
453 445 1
75 445 1
76 445 1
82 445 1
83 445 1
437 445 1
26 445 1
27 445 1
444 445 1
509 445 1
446 445 1
34 446 1
454 446 1
510 446 1
76 446 1
83 446 1
438 446 1
27 446 1
445 446 1
382 446 1
383 447 1
448 447 1
511 447 1
35 447 1
455 447 1
77 447 1
84 447 1
439 447 1
28 447 1
447 448 1
384 448 1
449 448 1
512 448 1
35 448 1
36 448 1
456 448 1
77 448 1
78 448 1
84 448 1
85 448 1
440 448 1
28 448 1
29 448 1
448 449 1
385 449 1
513 449 1
450 449 1
36 449 1
37 449 1
457 449 1
78 449 1
79 449 1
85 449 1
86 449 1
441 449 1
29 449 1
30 449 1
31 450 1
449 450 1
514 450 1
451 450 1
386 450 1
37 450 1
38 450 1
458 450 1
79 450 1
80 450 1
86 450 1
87 450 1
442 450 1
30 450 1
31 451 1
32 451 1
450 451 1
387 451 1
452 451 1
515 451 1
38 451 1
39 451 1
459 451 1
80 451 1
81 451 1
87 451 1
88 451 1
443 451 1
32 452 1
33 452 1
451 452 1
516 452 1
388 452 1
453 452 1
39 452 1
40 452 1
460 452 1
81 452 1
82 452 1
88 452 1
89 452 1
444 452 1
33 453 1
34 453 1
452 453 1
389 453 1
517 453 1
454 453 1
40 453 1
41 453 1
461 453 1
82 453 1
83 453 1
89 453 1
90 453 1
445 453 1
34 454 1
453 454 1
518 454 1
390 454 1
41 454 1
462 454 1
83 454 1
90 454 1
446 454 1
447 455 1
35 455 1
519 455 1
456 455 1
391 455 1
42 455 1
463 455 1
84 455 1
91 455 1
448 456 1
35 456 1
36 456 1
455 456 1
392 456 1
520 456 1
42 456 1
43 456 1
457 456 1
464 456 1
84 456 1
85 456 1
91 456 1
92 456 1
449 457 1
36 457 1
37 457 1
456 457 1
393 457 1
521 457 1
43 457 1
44 457 1
458 457 1
465 457 1
85 457 1
86 457 1
92 457 1
93 457 1
450 458 1
37 458 1
38 458 1
457 458 1
394 458 1
522 458 1
44 458 1
45 458 1
459 458 1
466 458 1
86 458 1
87 458 1
93 458 1
94 458 1
95 459 1
451 459 1
38 459 1
39 459 1
458 459 1
395 459 1
460 459 1
45 459 1
46 459 1
523 459 1
467 459 1
87 459 1
88 459 1
94 459 1
95 460 1
96 460 1
452 460 1
39 460 1
40 460 1
459 460 1
396 460 1
524 460 1
46 460 1
47 460 1
461 460 1
468 460 1
88 460 1
89 460 1
96 461 1
97 461 1
453 461 1
40 461 1
41 461 1
460 461 1
397 461 1
525 461 1
47 461 1
48 461 1
462 461 1
469 461 1
89 461 1
90 461 1
97 462 1
454 462 1
41 462 1
461 462 1
398 462 1
526 462 1
48 462 1
470 462 1
90 462 1
455 463 1
42 463 1
527 463 1
399 463 1
464 463 1
91 463 1
456 464 1
42 464 1
43 464 1
463 464 1
400 464 1
528 464 1
465 464 1
91 464 1
92 464 1
457 465 1
43 465 1
44 465 1
464 465 1
401 465 1
529 465 1
466 465 1
92 465 1
93 465 1
458 466 1
44 466 1
45 466 1
465 466 1
402 466 1
530 466 1
467 466 1
93 466 1
94 466 1
95 467 1
459 467 1
45 467 1
46 467 1
466 467 1
403 467 1
468 467 1
531 467 1
94 467 1
95 468 1
96 468 1
460 468 1
46 468 1
47 468 1
467 468 1
404 468 1
532 468 1
469 468 1
96 469 1
97 469 1
470 469 1
461 469 1
47 469 1
48 469 1
468 469 1
405 469 1
533 469 1
97 470 1
534 470 1
462 470 1
48 470 1
469 470 1
406 470 1
479 471 1
98 471 1
407 471 1
49 471 1
535 471 1
472 471 1
480 472 1
98 472 1
99 472 1
536 472 1
49 472 1
50 472 1
471 472 1
408 472 1
473 472 1
481 473 1
99 473 1
100 473 1
50 473 1
51 473 1
537 473 1
472 473 1
409 473 1
474 473 1
482 474 1
100 474 1
101 474 1
51 474 1
52 474 1
538 474 1
473 474 1
410 474 1
475 474 1
483 475 1
101 475 1
102 475 1
52 475 1
53 475 1
411 475 1
474 475 1
539 475 1
476 475 1
484 476 1
477 476 1
102 476 1
103 476 1
53 476 1
54 476 1
475 476 1
540 476 1
412 476 1
485 477 1
541 477 1
103 477 1
104 477 1
54 477 1
55 477 1
476 477 1
413 477 1
478 477 1
486 478 1
414 478 1
104 478 1
55 478 1
477 478 1
542 478 1
415 479 1
480 479 1
543 479 1
98 479 1
487 479 1
105 479 1
49 479 1
471 479 1
56 479 1
479 480 1
416 480 1
544 480 1
98 480 1
99 480 1
481 480 1
488 480 1
105 480 1
106 480 1
49 480 1
50 480 1
472 480 1
57 480 1
56 480 1
480 481 1
417 481 1
545 481 1
99 481 1
100 481 1
482 481 1
489 481 1
106 481 1
107 481 1
473 481 1
50 481 1
51 481 1
57 481 1
58 481 1
481 482 1
546 482 1
418 482 1
100 482 1
101 482 1
483 482 1
490 482 1
107 482 1
108 482 1
51 482 1
52 482 1
474 482 1
58 482 1
59 482 1
482 483 1
419 483 1
484 483 1
101 483 1
102 483 1
547 483 1
491 483 1
108 483 1
109 483 1
52 483 1
53 483 1
475 483 1
59 483 1
60 483 1
476 484 1
483 484 1
548 484 1
420 484 1
102 484 1
103 484 1
485 484 1
492 484 1
109 484 1
110 484 1
53 484 1
54 484 1
60 484 1
61 484 1
484 485 1
549 485 1
421 485 1
103 485 1
104 485 1
477 485 1
486 485 1
493 485 1
110 485 1
111 485 1
54 485 1
55 485 1
61 485 1
62 485 1
485 486 1
550 486 1
422 486 1
104 486 1
478 486 1
494 486 1
111 486 1
55 486 1
62 486 1
63 487 1
479 487 1
551 487 1
423 487 1
105 487 1
488 487 1
495 487 1
112 487 1
56 487 1
63 488 1
64 488 1
480 488 1
487 488 1
424 488 1
105 488 1
106 488 1
552 488 1
489 488 1
112 488 1
113 488 1
496 488 1
56 488 1
57 488 1
64 489 1
65 489 1
481 489 1
488 489 1
425 489 1
106 489 1
107 489 1
553 489 1
490 489 1
113 489 1
114 489 1
497 489 1
57 489 1
58 489 1
65 490 1
66 490 1
482 490 1
489 490 1
426 490 1
107 490 1
108 490 1
554 490 1
491 490 1
114 490 1
115 490 1
498 490 1
58 490 1
59 490 1
66 491 1
67 491 1
483 491 1
490 491 1
427 491 1
108 491 1
109 491 1
492 491 1
555 491 1
115 491 1
116 491 1
499 491 1
59 491 1
60 491 1
67 492 1
68 492 1
484 492 1
491 492 1
428 492 1
109 492 1
110 492 1
556 492 1
493 492 1
116 492 1
117 492 1
500 492 1
60 492 1
61 492 1
68 493 1
69 493 1
485 493 1
492 493 1
429 493 1
110 493 1
111 493 1
557 493 1
494 493 1
117 493 1
118 493 1
501 493 1
61 493 1
62 493 1
502 494 1
69 494 1
486 494 1
493 494 1
430 494 1
111 494 1
558 494 1
118 494 1
62 494 1
63 495 1
70 495 1
487 495 1
503 495 1
431 495 1
112 495 1
559 495 1
496 495 1
119 495 1
63 496 1
64 496 1
70 496 1
71 496 1
488 496 1
504 496 1
495 496 1
112 496 1
113 496 1
432 496 1
560 496 1
497 496 1
119 496 1
120 496 1
64 497 1
65 497 1
71 497 1
72 497 1
489 497 1
496 497 1
113 497 1
114 497 1
433 497 1
561 497 1
498 497 1
505 497 1
120 497 1
121 497 1
65 498 1
66 498 1
72 498 1
73 498 1
490 498 1
497 498 1
114 498 1
115 498 1
434 498 1
562 498 1
499 498 1
506 498 1
121 498 1
122 498 1
66 499 1
67 499 1
73 499 1
74 499 1
491 499 1
507 499 1
498 499 1
115 499 1
116 499 1
435 499 1
500 499 1
563 499 1
122 499 1
123 499 1
67 500 1
68 500 1
74 500 1
75 500 1
492 500 1
499 500 1
116 500 1
117 500 1
436 500 1
564 500 1
124 500 1
501 500 1
123 500 1
508 500 1
502 501 1
68 501 1
69 501 1
75 501 1
76 501 1
493 501 1
500 501 1
117 501 1
118 501 1
437 501 1
565 501 1
125 501 1
124 501 1
509 501 1
438 502 1
566 502 1
69 502 1
76 502 1
494 502 1
501 502 1
118 502 1
125 502 1
510 502 1
511 503 1
439 503 1
70 503 1
77 503 1
495 503 1
567 503 1
504 503 1
119 503 1
126 503 1
127 504 1
512 504 1
120 504 1
70 504 1
71 504 1
77 504 1
78 504 1
568 504 1
496 504 1
503 504 1
440 504 1
505 504 1
119 504 1
126 504 1
127 505 1
128 505 1
513 505 1
120 505 1
121 505 1
71 505 1
72 505 1
78 505 1
79 505 1
497 505 1
569 505 1
504 505 1
441 505 1
506 505 1
128 506 1
129 506 1
514 506 1
121 506 1
72 506 1
73 506 1
122 506 1
79 506 1
80 506 1
498 506 1
570 506 1
505 506 1
442 506 1
507 506 1
129 507 1
130 507 1
515 507 1
73 507 1
74 507 1
122 507 1
123 507 1
80 507 1
81 507 1
499 507 1
506 507 1
443 507 1
508 507 1
571 507 1
130 508 1
131 508 1
516 508 1
74 508 1
75 508 1
123 508 1
81 508 1
82 508 1
500 508 1
124 508 1
507 508 1
572 508 1
509 508 1
444 508 1
131 509 1
132 509 1
517 509 1
573 509 1
75 509 1
76 509 1
82 509 1
83 509 1
124 509 1
501 509 1
125 509 1
508 509 1
445 509 1
510 509 1
132 510 1
518 510 1
76 510 1
574 510 1
83 510 1
502 510 1
125 510 1
509 510 1
446 510 1
447 511 1
512 511 1
575 511 1
133 511 1
519 511 1
77 511 1
84 511 1
503 511 1
126 511 1
127 512 1
448 512 1
513 512 1
511 512 1
576 512 1
133 512 1
134 512 1
520 512 1
77 512 1
78 512 1
84 512 1
85 512 1
504 512 1
126 512 1
127 513 1
128 513 1
449 513 1
514 513 1
512 513 1
577 513 1
134 513 1
135 513 1
521 513 1
78 513 1
79 513 1
85 513 1
86 513 1
505 513 1
128 514 1
513 514 1
578 514 1
450 514 1
129 514 1
515 514 1
135 514 1
136 514 1
522 514 1
79 514 1
80 514 1
86 514 1
87 514 1
506 514 1
129 515 1
514 515 1
451 515 1
516 515 1
130 515 1
579 515 1
136 515 1
137 515 1
523 515 1
80 515 1
81 515 1
87 515 1
88 515 1
507 515 1
130 516 1
515 516 1
452 516 1
131 516 1
580 516 1
517 516 1
137 516 1
138 516 1
524 516 1
81 516 1
82 516 1
88 516 1
89 516 1
508 516 1
131 517 1
516 517 1
453 517 1
581 517 1
132 517 1
518 517 1
138 517 1
139 517 1
525 517 1
82 517 1
83 517 1
89 517 1
90 517 1
509 517 1
132 518 1
517 518 1
582 518 1
454 518 1
139 518 1
526 518 1
83 518 1
90 518 1
510 518 1
511 519 1
133 519 1
583 519 1
520 519 1
455 519 1
140 519 1
527 519 1
84 519 1
91 519 1
512 520 1
133 520 1
134 520 1
519 520 1
456 520 1
584 520 1
521 520 1
140 520 1
141 520 1
528 520 1
84 520 1
85 520 1
91 520 1
92 520 1
513 521 1
134 521 1
135 521 1
520 521 1
457 521 1
522 521 1
585 521 1
141 521 1
142 521 1
529 521 1
85 521 1
86 521 1
92 521 1
93 521 1
514 522 1
135 522 1
136 522 1
521 522 1
458 522 1
586 522 1
523 522 1
142 522 1
143 522 1
530 522 1
86 522 1
87 522 1
93 522 1
94 522 1
95 523 1
515 523 1
136 523 1
137 523 1
522 523 1
459 523 1
524 523 1
587 523 1
143 523 1
144 523 1
531 523 1
87 523 1
88 523 1
94 523 1
95 524 1
96 524 1
516 524 1
137 524 1
138 524 1
523 524 1
460 524 1
588 524 1
525 524 1
144 524 1
145 524 1
532 524 1
88 524 1
89 524 1
96 525 1
97 525 1
517 525 1
138 525 1
139 525 1
524 525 1
461 525 1
589 525 1
526 525 1
145 525 1
146 525 1
533 525 1
89 525 1
90 525 1
97 526 1
518 526 1
139 526 1
525 526 1
462 526 1
590 526 1
146 526 1
534 526 1
90 526 1
519 527 1
140 527 1
591 527 1
463 527 1
528 527 1
91 527 1
520 528 1
140 528 1
141 528 1
527 528 1
464 528 1
592 528 1
529 528 1
91 528 1
92 528 1
521 529 1
141 529 1
142 529 1
528 529 1
465 529 1
530 529 1
593 529 1
92 529 1
93 529 1
522 530 1
142 530 1
143 530 1
529 530 1
466 530 1
594 530 1
531 530 1
93 530 1
94 530 1
95 531 1
523 531 1
143 531 1
144 531 1
530 531 1
467 531 1
532 531 1
595 531 1
94 531 1
95 532 1
96 532 1
524 532 1
144 532 1
145 532 1
531 532 1
468 532 1
596 532 1
533 532 1
96 533 1
97 533 1
534 533 1
525 533 1
145 533 1
146 533 1
532 533 1
469 533 1
597 533 1
97 534 1
598 534 1
526 534 1
146 534 1
533 534 1
470 534 1
543 535 1
98 535 1
471 535 1
147 535 1
599 535 1
536 535 1
544 536 1
98 536 1
99 536 1
472 536 1
147 536 1
148 536 1
535 536 1
600 536 1
537 536 1
545 537 1
99 537 1
100 537 1
473 537 1
148 537 1
149 537 1
536 537 1
601 537 1
538 537 1
546 538 1
602 538 1
100 538 1
101 538 1
149 538 1
150 538 1
537 538 1
474 538 1
539 538 1
547 539 1
101 539 1
102 539 1
150 539 1
151 539 1
538 539 1
475 539 1
540 539 1
603 539 1
604 540 1
548 540 1
102 540 1
103 540 1
151 540 1
152 540 1
539 540 1
476 540 1
541 540 1
477 541 1
549 541 1
103 541 1
104 541 1
152 541 1
153 541 1
540 541 1
605 541 1
542 541 1
550 542 1
104 542 1
606 542 1
153 542 1
541 542 1
478 542 1
479 543 1
544 543 1
607 543 1
98 543 1
551 543 1
105 543 1
147 543 1
535 543 1
154 543 1
543 544 1
480 544 1
608 544 1
98 544 1
99 544 1
545 544 1
552 544 1
105 544 1
106 544 1
147 544 1
148 544 1
536 544 1
154 544 1
155 544 1
544 545 1
481 545 1
609 545 1
99 545 1
100 545 1
546 545 1
553 545 1
106 545 1
107 545 1
148 545 1
149 545 1
537 545 1
155 545 1
156 545 1
545 546 1
610 546 1
482 546 1
100 546 1
101 546 1
547 546 1
554 546 1
107 546 1
108 546 1
149 546 1
150 546 1
538 546 1
156 546 1
157 546 1
546 547 1
483 547 1
548 547 1
101 547 1
102 547 1
611 547 1
555 547 1
108 547 1
109 547 1
150 547 1
151 547 1
539 547 1
157 547 1
158 547 1
159 548 1
547 548 1
484 548 1
612 548 1
102 548 1
103 548 1
549 548 1
556 548 1
109 548 1
110 548 1
151 548 1
152 548 1
540 548 1
158 548 1
159 549 1
160 549 1
548 549 1
613 549 1
485 549 1
103 549 1
104 549 1
550 549 1
557 549 1
110 549 1
111 549 1
152 549 1
153 549 1
541 549 1
160 550 1
549 550 1
614 550 1
486 550 1
104 550 1
558 550 1
111 550 1
153 550 1
542 550 1
543 551 1
161 551 1
487 551 1
552 551 1
105 551 1
615 551 1
559 551 1
112 551 1
154 551 1
544 552 1
161 552 1
162 552 1
551 552 1
488 552 1
105 552 1
106 552 1
616 552 1
553 552 1
112 552 1
113 552 1
560 552 1
154 552 1
155 552 1
545 553 1
162 553 1
163 553 1
552 553 1
489 553 1
106 553 1
107 553 1
617 553 1
554 553 1
113 553 1
114 553 1
561 553 1
155 553 1
156 553 1
546 554 1
163 554 1
164 554 1
553 554 1
490 554 1
107 554 1
108 554 1
618 554 1
555 554 1
114 554 1
115 554 1
562 554 1
156 554 1
157 554 1
547 555 1
164 555 1
165 555 1
554 555 1
491 555 1
108 555 1
109 555 1
556 555 1
619 555 1
115 555 1
116 555 1
563 555 1
157 555 1
158 555 1
159 556 1
548 556 1
165 556 1
166 556 1
555 556 1
492 556 1
109 556 1
110 556 1
620 556 1
557 556 1
116 556 1
117 556 1
564 556 1
158 556 1
159 557 1
160 557 1
549 557 1
166 557 1
167 557 1
556 557 1
493 557 1
110 557 1
111 557 1
621 557 1
558 557 1
117 557 1
118 557 1
565 557 1
160 558 1
550 558 1
167 558 1
557 558 1
494 558 1
111 558 1
622 558 1
118 558 1
566 558 1
161 559 1
551 559 1
168 559 1
567 559 1
495 559 1
112 559 1
623 559 1
560 559 1
119 559 1
161 560 1
162 560 1
168 560 1
169 560 1
552 560 1
568 560 1
559 560 1
112 560 1
113 560 1
496 560 1
624 560 1
561 560 1
119 560 1
120 560 1
162 561 1
163 561 1
553 561 1
169 561 1
170 561 1
560 561 1
113 561 1
114 561 1
497 561 1
562 561 1
625 561 1
569 561 1
120 561 1
121 561 1
163 562 1
164 562 1
170 562 1
171 562 1
554 562 1
561 562 1
114 562 1
115 562 1
498 562 1
626 562 1
563 562 1
570 562 1
121 562 1
122 562 1
164 563 1
165 563 1
555 563 1
171 563 1
172 563 1
562 563 1
115 563 1
116 563 1
499 563 1
564 563 1
627 563 1
122 563 1
123 563 1
571 563 1
165 564 1
166 564 1
556 564 1
173 564 1
172 564 1
563 564 1
116 564 1
117 564 1
500 564 1
628 564 1
124 564 1
565 564 1
123 564 1
572 564 1
566 565 1
166 565 1
167 565 1
557 565 1
174 565 1
173 565 1
564 565 1
117 565 1
118 565 1
501 565 1
629 565 1
125 565 1
124 565 1
573 565 1
502 566 1
630 566 1
167 566 1
174 566 1
558 566 1
565 566 1
118 566 1
125 566 1
574 566 1
575 567 1
503 567 1
168 567 1
559 567 1
175 567 1
631 567 1
568 567 1
119 567 1
126 567 1
127 568 1
576 568 1
120 568 1
168 568 1
169 568 1
175 568 1
176 568 1
560 568 1
632 568 1
567 568 1
504 568 1
569 568 1
119 568 1
126 568 1
127 569 1
128 569 1
577 569 1
120 569 1
121 569 1
169 569 1
170 569 1
176 569 1
177 569 1
561 569 1
633 569 1
568 569 1
505 569 1
570 569 1
128 570 1
129 570 1
578 570 1
121 570 1
170 570 1
171 570 1
122 570 1
177 570 1
178 570 1
562 570 1
506 570 1
569 570 1
634 570 1
571 570 1
635 571 1
129 571 1
130 571 1
579 571 1
122 571 1
171 571 1
172 571 1
123 571 1
178 571 1
179 571 1
563 571 1
570 571 1
507 571 1
572 571 1
508 572 1
130 572 1
131 572 1
580 572 1
573 572 1
172 572 1
173 572 1
179 572 1
180 572 1
564 572 1
124 572 1
123 572 1
636 572 1
571 572 1
131 573 1
132 573 1
581 573 1
637 573 1
173 573 1
174 573 1
180 573 1
181 573 1
565 573 1
124 573 1
125 573 1
572 573 1
509 573 1
574 573 1
132 574 1
582 574 1
174 574 1
638 574 1
181 574 1
566 574 1
125 574 1
573 574 1
510 574 1
511 575 1
576 575 1
639 575 1
133 575 1
583 575 1
175 575 1
182 575 1
567 575 1
126 575 1
127 576 1
512 576 1
577 576 1
575 576 1
640 576 1
133 576 1
134 576 1
584 576 1
175 576 1
176 576 1
182 576 1
183 576 1
568 576 1
126 576 1
127 577 1
128 577 1
513 577 1
578 577 1
576 577 1
641 577 1
134 577 1
135 577 1
585 577 1
176 577 1
177 577 1
183 577 1
184 577 1
569 577 1
128 578 1
129 578 1
514 578 1
642 578 1
577 578 1
579 578 1
135 578 1
136 578 1
586 578 1
177 578 1
178 578 1
184 578 1
185 578 1
570 578 1
129 579 1
578 579 1
515 579 1
130 579 1
580 579 1
643 579 1
136 579 1
137 579 1
587 579 1
178 579 1
179 579 1
185 579 1
186 579 1
571 579 1
130 580 1
131 580 1
516 580 1
644 580 1
579 580 1
581 580 1
137 580 1
138 580 1
588 580 1
179 580 1
180 580 1
186 580 1
187 580 1
572 580 1
131 581 1
580 581 1
517 581 1
645 581 1
132 581 1
582 581 1
138 581 1
139 581 1
589 581 1
180 581 1
181 581 1
187 581 1
188 581 1
573 581 1
132 582 1
581 582 1
646 582 1
518 582 1
139 582 1
590 582 1
181 582 1
188 582 1
574 582 1
575 583 1
133 583 1
519 583 1
647 583 1
584 583 1
140 583 1
591 583 1
182 583 1
189 583 1
576 584 1
133 584 1
134 584 1
583 584 1
520 584 1
585 584 1
648 584 1
140 584 1
141 584 1
592 584 1
182 584 1
183 584 1
189 584 1
190 584 1
191 585 1
577 585 1
134 585 1
135 585 1
584 585 1
521 585 1
586 585 1
649 585 1
141 585 1
142 585 1
593 585 1
183 585 1
184 585 1
190 585 1
191 586 1
192 586 1
578 586 1
135 586 1
136 586 1
585 586 1
522 586 1
650 586 1
587 586 1
142 586 1
143 586 1
594 586 1
184 586 1
185 586 1
192 587 1
193 587 1
579 587 1
136 587 1
137 587 1
586 587 1
523 587 1
588 587 1
651 587 1
143 587 1
144 587 1
595 587 1
185 587 1
186 587 1
193 588 1
194 588 1
580 588 1
137 588 1
138 588 1
587 588 1
524 588 1
652 588 1
589 588 1
144 588 1
145 588 1
596 588 1
186 588 1
187 588 1
194 589 1
195 589 1
581 589 1
138 589 1
139 589 1
588 589 1
525 589 1
653 589 1
590 589 1
145 589 1
146 589 1
597 589 1
187 589 1
188 589 1
195 590 1
582 590 1
139 590 1
589 590 1
526 590 1
654 590 1
146 590 1
598 590 1
188 590 1
583 591 1
140 591 1
527 591 1
592 591 1
655 591 1
189 591 1
584 592 1
140 592 1
141 592 1
591 592 1
528 592 1
593 592 1
656 592 1
189 592 1
190 592 1
191 593 1
585 593 1
141 593 1
142 593 1
592 593 1
529 593 1
594 593 1
657 593 1
190 593 1
191 594 1
192 594 1
586 594 1
142 594 1
143 594 1
593 594 1
530 594 1
658 594 1
595 594 1
192 595 1
193 595 1
587 595 1
143 595 1
144 595 1
594 595 1
531 595 1
596 595 1
659 595 1
193 596 1
194 596 1
588 596 1
144 596 1
145 596 1
595 596 1
532 596 1
660 596 1
597 596 1
194 597 1
195 597 1
598 597 1
589 597 1
145 597 1
146 597 1
596 597 1
533 597 1
661 597 1
195 598 1
662 598 1
590 598 1
146 598 1
597 598 1
534 598 1
607 599 1
196 599 1
663 599 1
147 599 1
535 599 1
600 599 1
608 600 1
196 600 1
197 600 1
664 600 1
147 600 1
148 600 1
599 600 1
536 600 1
601 600 1
609 601 1
197 601 1
198 601 1
148 601 1
149 601 1
665 601 1
600 601 1
537 601 1
602 601 1
610 602 1
198 602 1
199 602 1
149 602 1
150 602 1
601 602 1
538 602 1
666 602 1
603 602 1
604 603 1
611 603 1
199 603 1
200 603 1
150 603 1
151 603 1
602 603 1
667 603 1
539 603 1
612 604 1
668 604 1
200 604 1
201 604 1
151 604 1
152 604 1
603 604 1
540 604 1
605 604 1
613 605 1
201 605 1
202 605 1
669 605 1
152 605 1
153 605 1
604 605 1
541 605 1
606 605 1
614 606 1
202 606 1
542 606 1
153 606 1
605 606 1
670 606 1
543 607 1
608 607 1
671 607 1
196 607 1
615 607 1
203 607 1
147 607 1
599 607 1
154 607 1
607 608 1
544 608 1
609 608 1
672 608 1
196 608 1
197 608 1
616 608 1
203 608 1
204 608 1
147 608 1
148 608 1
600 608 1
154 608 1
155 608 1
608 609 1
673 609 1
610 609 1
545 609 1
197 609 1
198 609 1
617 609 1
204 609 1
205 609 1
148 609 1
149 609 1
601 609 1
155 609 1
156 609 1
609 610 1
546 610 1
674 610 1
611 610 1
198 610 1
199 610 1
618 610 1
205 610 1
206 610 1
149 610 1
150 610 1
602 610 1
156 610 1
157 610 1
610 611 1
675 611 1
547 611 1
612 611 1
199 611 1
200 611 1
619 611 1
206 611 1
207 611 1
150 611 1
151 611 1
603 611 1
157 611 1
158 611 1
159 612 1
611 612 1
548 612 1
676 612 1
613 612 1
200 612 1
201 612 1
620 612 1
207 612 1
208 612 1
151 612 1
152 612 1
604 612 1
158 612 1
159 613 1
160 613 1
612 613 1
677 613 1
549 613 1
614 613 1
201 613 1
202 613 1
621 613 1
208 613 1
209 613 1
152 613 1
153 613 1
605 613 1
160 614 1
613 614 1
678 614 1
550 614 1
202 614 1
622 614 1
209 614 1
153 614 1
606 614 1
607 615 1
161 615 1
551 615 1
616 615 1
679 615 1
203 615 1
623 615 1
210 615 1
154 615 1
608 616 1
161 616 1
162 616 1
615 616 1
552 616 1
680 616 1
617 616 1
203 616 1
204 616 1
624 616 1
210 616 1
211 616 1
154 616 1
155 616 1
609 617 1
162 617 1
163 617 1
616 617 1
553 617 1
681 617 1
618 617 1
204 617 1
205 617 1
625 617 1
211 617 1
212 617 1
155 617 1
156 617 1
610 618 1
163 618 1
164 618 1
617 618 1
554 618 1
682 618 1
619 618 1
205 618 1
206 618 1
626 618 1
212 618 1
213 618 1
156 618 1
157 618 1
611 619 1
164 619 1
165 619 1
618 619 1
555 619 1
620 619 1
683 619 1
206 619 1
207 619 1
627 619 1
213 619 1
214 619 1
157 619 1
158 619 1
159 620 1
612 620 1
165 620 1
166 620 1
619 620 1
556 620 1
684 620 1
621 620 1
207 620 1
208 620 1
628 620 1
214 620 1
215 620 1
158 620 1
159 621 1
160 621 1
613 621 1
166 621 1
167 621 1
620 621 1
557 621 1
685 621 1
622 621 1
208 621 1
209 621 1
629 621 1
215 621 1
216 621 1
160 622 1
614 622 1
167 622 1
621 622 1
558 622 1
686 622 1
209 622 1
630 622 1
216 622 1
161 623 1
615 623 1
168 623 1
559 623 1
687 623 1
624 623 1
210 623 1
631 623 1
217 623 1
161 624 1
162 624 1
168 624 1
169 624 1
616 624 1
623 624 1
560 624 1
688 624 1
210 624 1
211 624 1
625 624 1
632 624 1
217 624 1
218 624 1
162 625 1
163 625 1
169 625 1
170 625 1
617 625 1
624 625 1
561 625 1
689 625 1
211 625 1
212 625 1
626 625 1
633 625 1
218 625 1
219 625 1
163 626 1
164 626 1
170 626 1
171 626 1
618 626 1
625 626 1
562 626 1
690 626 1
212 626 1
213 626 1
627 626 1
634 626 1
219 626 1
220 626 1
164 627 1
165 627 1
171 627 1
619 627 1
172 627 1
626 627 1
563 627 1
628 627 1
213 627 1
214 627 1
691 627 1
635 627 1
220 627 1
221 627 1
165 628 1
166 628 1
172 628 1
173 628 1
620 628 1
627 628 1
564 628 1
692 628 1
214 628 1
215 628 1
629 628 1
636 628 1
221 628 1
222 628 1
223 629 1
166 629 1
167 629 1
630 629 1
173 629 1
174 629 1
621 629 1
628 629 1
565 629 1
693 629 1
215 629 1
216 629 1
637 629 1
222 629 1
223 630 1
566 630 1
167 630 1
174 630 1
622 630 1
629 630 1
694 630 1
216 630 1
638 630 1
639 631 1
224 631 1
168 631 1
695 631 1
623 631 1
175 631 1
567 631 1
632 631 1
217 631 1
224 632 1
225 632 1
640 632 1
168 632 1
169 632 1
568 632 1
175 632 1
176 632 1
624 632 1
633 632 1
631 632 1
696 632 1
217 632 1
218 632 1
225 633 1
226 633 1
641 633 1
634 633 1
169 633 1
170 633 1
176 633 1
177 633 1
625 633 1
697 633 1
632 633 1
569 633 1
218 633 1
219 633 1
635 634 1
226 634 1
227 634 1
642 634 1
170 634 1
171 634 1
177 634 1
178 634 1
626 634 1
220 634 1
633 634 1
570 634 1
219 634 1
698 634 1
227 635 1
228 635 1
636 635 1
643 635 1
171 635 1
172 635 1
221 635 1
178 635 1
179 635 1
627 635 1
634 635 1
699 635 1
220 635 1
571 635 1
572 636 1
228 636 1
229 636 1
644 636 1
637 636 1
172 636 1
173 636 1
179 636 1
180 636 1
628 636 1
635 636 1
700 636 1
221 636 1
222 636 1
223 637 1
645 637 1
229 637 1
230 637 1
701 637 1
173 637 1
174 637 1
638 637 1
180 637 1
181 637 1
629 637 1
636 637 1
573 637 1
222 637 1
223 638 1
230 638 1
646 638 1
574 638 1
174 638 1
181 638 1
630 638 1
637 638 1
702 638 1
575 639 1
224 639 1
640 639 1
703 639 1
231 639 1
647 639 1
175 639 1
182 639 1
631 639 1
639 640 1
576 640 1
225 640 1
704 640 1
224 640 1
641 640 1
231 640 1
232 640 1
648 640 1
175 640 1
176 640 1
182 640 1
183 640 1
632 640 1
640 641 1
225 641 1
226 641 1
577 641 1
705 641 1
642 641 1
232 641 1
233 641 1
649 641 1
176 641 1
177 641 1
183 641 1
184 641 1
633 641 1
641 642 1
578 642 1
227 642 1
706 642 1
226 642 1
643 642 1
233 642 1
234 642 1
650 642 1
177 642 1
178 642 1
184 642 1
185 642 1
634 642 1
642 643 1
707 643 1
228 643 1
227 643 1
579 643 1
644 643 1
234 643 1
235 643 1
651 643 1
178 643 1
179 643 1
185 643 1
186 643 1
635 643 1
643 644 1
228 644 1
580 644 1
708 644 1
229 644 1
645 644 1
235 644 1
236 644 1
652 644 1
179 644 1
180 644 1
186 644 1
187 644 1
636 644 1
644 645 1
709 645 1
230 645 1
581 645 1
229 645 1
646 645 1
236 645 1
237 645 1
653 645 1
180 645 1
181 645 1
187 645 1
188 645 1
637 645 1
645 646 1
710 646 1
230 646 1
582 646 1
237 646 1
654 646 1
181 646 1
188 646 1
638 646 1
639 647 1
231 647 1
648 647 1
583 647 1
711 647 1
238 647 1
655 647 1
182 647 1
189 647 1
640 648 1
231 648 1
647 648 1
232 648 1
584 648 1
712 648 1
649 648 1
238 648 1
239 648 1
656 648 1
182 648 1
183 648 1
189 648 1
190 648 1
191 649 1
641 649 1
232 649 1
233 649 1
585 649 1
648 649 1
713 649 1
650 649 1
239 649 1
240 649 1
657 649 1
183 649 1
184 649 1
190 649 1
191 650 1
192 650 1
642 650 1
233 650 1
234 650 1
586 650 1
649 650 1
714 650 1
651 650 1
240 650 1
241 650 1
658 650 1
184 650 1
185 650 1
192 651 1
193 651 1
643 651 1
234 651 1
235 651 1
587 651 1
650 651 1
652 651 1
715 651 1
241 651 1
242 651 1
659 651 1
185 651 1
186 651 1
193 652 1
194 652 1
644 652 1
235 652 1
588 652 1
236 652 1
651 652 1
716 652 1
653 652 1
242 652 1
243 652 1
660 652 1
186 652 1
187 652 1
194 653 1
195 653 1
645 653 1
236 653 1
589 653 1
237 653 1
652 653 1
717 653 1
654 653 1
243 653 1
244 653 1
661 653 1
187 653 1
188 653 1
195 654 1
646 654 1
653 654 1
590 654 1
237 654 1
718 654 1
244 654 1
662 654 1
188 654 1
647 655 1
238 655 1
591 655 1
719 655 1
656 655 1
189 655 1
648 656 1
238 656 1
239 656 1
655 656 1
592 656 1
720 656 1
657 656 1
189 656 1
190 656 1
191 657 1
649 657 1
239 657 1
240 657 1
593 657 1
656 657 1
721 657 1
658 657 1
190 657 1
191 658 1
192 658 1
650 658 1
240 658 1
241 658 1
594 658 1
657 658 1
722 658 1
659 658 1
192 659 1
193 659 1
651 659 1
241 659 1
242 659 1
595 659 1
658 659 1
660 659 1
723 659 1
193 660 1
194 660 1
652 660 1
242 660 1
243 660 1
596 660 1
659 660 1
724 660 1
661 660 1
194 661 1
195 661 1
662 661 1
653 661 1
243 661 1
244 661 1
597 661 1
660 661 1
725 661 1
195 662 1
726 662 1
654 662 1
244 662 1
661 662 1
598 662 1
671 663 1
196 663 1
727 663 1
245 663 1
599 663 1
664 663 1
672 664 1
196 664 1
197 664 1
728 664 1
245 664 1
246 664 1
663 664 1
600 664 1
665 664 1
673 665 1
197 665 1
198 665 1
246 665 1
247 665 1
664 665 1
601 665 1
666 665 1
729 665 1
674 666 1
198 666 1
199 666 1
247 666 1
248 666 1
665 666 1
602 666 1
667 666 1
730 666 1
731 667 1
675 667 1
199 667 1
200 667 1
248 667 1
249 667 1
666 667 1
603 667 1
668 667 1
604 668 1
676 668 1
200 668 1
201 668 1
249 668 1
250 668 1
667 668 1
732 668 1
669 668 1
677 669 1
201 669 1
202 669 1
733 669 1
250 669 1
251 669 1
668 669 1
605 669 1
670 669 1
678 670 1
202 670 1
734 670 1
251 670 1
669 670 1
606 670 1
607 671 1
672 671 1
735 671 1
196 671 1
679 671 1
203 671 1
245 671 1
663 671 1
252 671 1
671 672 1
608 672 1
673 672 1
736 672 1
196 672 1
197 672 1
680 672 1
203 672 1
204 672 1
245 672 1
246 672 1
664 672 1
252 672 1
253 672 1
672 673 1
609 673 1
674 673 1
737 673 1
197 673 1
198 673 1
681 673 1
204 673 1
205 673 1
246 673 1
247 673 1
665 673 1
253 673 1
254 673 1
255 674 1
673 674 1
610 674 1
675 674 1
738 674 1
198 674 1
199 674 1
682 674 1
205 674 1
206 674 1
247 674 1
248 674 1
666 674 1
254 674 1
255 675 1
256 675 1
674 675 1
611 675 1
676 675 1
739 675 1
199 675 1
200 675 1
683 675 1
206 675 1
207 675 1
248 675 1
249 675 1
667 675 1
256 676 1
257 676 1
675 676 1
612 676 1
740 676 1
677 676 1
200 676 1
201 676 1
684 676 1
207 676 1
208 676 1
249 676 1
250 676 1
668 676 1
257 677 1
258 677 1
676 677 1
613 677 1
741 677 1
678 677 1
201 677 1
202 677 1
685 677 1
208 677 1
209 677 1
250 677 1
251 677 1
669 677 1
258 678 1
677 678 1
614 678 1
742 678 1
202 678 1
686 678 1
209 678 1
251 678 1
670 678 1
671 679 1
259 679 1
615 679 1
680 679 1
743 679 1
203 679 1
687 679 1
210 679 1
252 679 1
672 680 1
259 680 1
260 680 1
679 680 1
616 680 1
681 680 1
744 680 1
203 680 1
204 680 1
688 680 1
210 680 1
211 680 1
252 680 1
253 680 1
673 681 1
260 681 1
261 681 1
680 681 1
617 681 1
682 681 1
745 681 1
204 681 1
205 681 1
689 681 1
211 681 1
212 681 1
253 681 1
254 681 1
255 682 1
674 682 1
261 682 1
262 682 1
681 682 1
618 682 1
683 682 1
746 682 1
205 682 1
206 682 1
690 682 1
212 682 1
213 682 1
254 682 1
255 683 1
256 683 1
675 683 1
262 683 1
263 683 1
682 683 1
619 683 1
684 683 1
747 683 1
206 683 1
207 683 1
691 683 1
213 683 1
214 683 1
256 684 1
257 684 1
676 684 1
263 684 1
264 684 1
683 684 1
620 684 1
748 684 1
685 684 1
207 684 1
208 684 1
692 684 1
214 684 1
215 684 1
257 685 1
258 685 1
677 685 1
264 685 1
265 685 1
684 685 1
621 685 1
686 685 1
749 685 1
208 685 1
209 685 1
693 685 1
215 685 1
216 685 1
258 686 1
678 686 1
265 686 1
685 686 1
622 686 1
750 686 1
209 686 1
694 686 1
216 686 1
259 687 1
679 687 1
266 687 1
623 687 1
688 687 1
751 687 1
210 687 1
695 687 1
217 687 1
259 688 1
260 688 1
680 688 1
266 688 1
267 688 1
687 688 1
624 688 1
689 688 1
210 688 1
211 688 1
752 688 1
696 688 1
217 688 1
218 688 1
260 689 1
261 689 1
681 689 1
267 689 1
268 689 1
688 689 1
625 689 1
690 689 1
211 689 1
212 689 1
753 689 1
697 689 1
218 689 1
219 689 1
261 690 1
262 690 1
682 690 1
268 690 1
269 690 1
689 690 1
626 690 1
691 690 1
212 690 1
213 690 1
754 690 1
698 690 1
219 690 1
220 690 1
262 691 1
263 691 1
683 691 1
269 691 1
270 691 1
690 691 1
627 691 1
692 691 1
213 691 1
214 691 1
755 691 1
699 691 1
220 691 1
221 691 1
263 692 1
264 692 1
684 692 1
270 692 1
271 692 1
691 692 1
628 692 1
756 692 1
214 692 1
215 692 1
693 692 1
700 692 1
221 692 1
222 692 1
223 693 1
264 693 1
265 693 1
694 693 1
685 693 1
271 693 1
272 693 1
692 693 1
629 693 1
757 693 1
215 693 1
216 693 1
701 693 1
222 693 1
223 694 1
265 694 1
758 694 1
686 694 1
272 694 1
693 694 1
630 694 1
216 694 1
702 694 1
703 695 1
224 695 1
266 695 1
687 695 1
759 695 1
273 695 1
631 695 1
696 695 1
217 695 1
224 696 1
225 696 1
704 696 1
266 696 1
267 696 1
688 696 1
273 696 1
274 696 1
760 696 1
695 696 1
632 696 1
217 696 1
218 696 1
697 696 1
705 697 1
225 697 1
226 697 1
761 697 1
267 697 1
268 697 1
689 697 1
274 697 1
275 697 1
696 697 1
633 697 1
218 697 1
219 697 1
698 697 1
226 698 1
227 698 1
706 698 1
268 698 1
269 698 1
690 698 1
275 698 1
276 698 1
219 698 1
697 698 1
634 698 1
699 698 1
220 698 1
762 698 1
707 699 1
228 699 1
227 699 1
763 699 1
269 699 1
270 699 1
691 699 1
276 699 1
277 699 1
220 699 1
698 699 1
635 699 1
700 699 1
221 699 1
228 700 1
708 700 1
229 700 1
636 700 1
701 700 1
270 700 1
271 700 1
692 700 1
277 700 1
278 700 1
699 700 1
764 700 1
221 700 1
222 700 1
223 701 1
709 701 1
230 701 1
229 701 1
637 701 1
271 701 1
272 701 1
702 701 1
693 701 1
278 701 1
279 701 1
700 701 1
765 701 1
222 701 1
223 702 1
710 702 1
230 702 1
272 702 1
766 702 1
694 702 1
279 702 1
701 702 1
638 702 1
639 703 1
224 703 1
704 703 1
767 703 1
231 703 1
711 703 1
273 703 1
695 703 1
280 703 1
703 704 1
224 704 1
225 704 1
640 704 1
705 704 1
768 704 1
231 704 1
232 704 1
712 704 1
273 704 1
274 704 1
696 704 1
280 704 1
281 704 1
704 705 1
225 705 1
226 705 1
706 705 1
641 705 1
769 705 1
232 705 1
233 705 1
713 705 1
274 705 1
275 705 1
697 705 1
281 705 1
282 705 1
705 706 1
642 706 1
226 706 1
707 706 1
227 706 1
770 706 1
233 706 1
234 706 1
714 706 1
275 706 1
276 706 1
282 706 1
283 706 1
698 706 1
699 707 1
706 707 1
643 707 1
708 707 1
228 707 1
227 707 1
771 707 1
234 707 1
235 707 1
715 707 1
276 707 1
277 707 1
283 707 1
284 707 1
707 708 1
772 708 1
228 708 1
229 708 1
644 708 1
709 708 1
700 708 1
235 708 1
236 708 1
716 708 1
277 708 1
278 708 1
284 708 1
285 708 1
286 709 1
708 709 1
229 709 1
230 709 1
645 709 1
773 709 1
710 709 1
236 709 1
237 709 1
717 709 1
278 709 1
279 709 1
701 709 1
285 709 1
709 710 1
646 710 1
230 710 1
774 710 1
237 710 1
718 710 1
702 710 1
279 710 1
286 710 1
287 711 1
703 711 1
231 711 1
712 711 1
647 711 1
775 711 1
238 711 1
719 711 1
280 711 1
287 712 1
288 712 1
704 712 1
231 712 1
648 712 1
232 712 1
711 712 1
713 712 1
776 712 1
238 712 1
239 712 1
720 712 1
280 712 1
281 712 1
288 713 1
289 713 1
705 713 1
232 713 1
233 713 1
649 713 1
712 713 1
714 713 1
777 713 1
239 713 1
240 713 1
721 713 1
281 713 1
282 713 1
289 714 1
290 714 1
706 714 1
233 714 1
650 714 1
234 714 1
713 714 1
715 714 1
778 714 1
240 714 1
241 714 1
722 714 1
282 714 1
283 714 1
290 715 1
707 715 1
291 715 1
234 715 1
651 715 1
235 715 1
714 715 1
716 715 1
779 715 1
241 715 1
242 715 1
723 715 1
283 715 1
284 715 1
291 716 1
292 716 1
708 716 1
235 716 1
236 716 1
652 716 1
715 716 1
780 716 1
717 716 1
242 716 1
243 716 1
724 716 1
284 716 1
285 716 1
292 717 1
293 717 1
709 717 1
236 717 1
653 717 1
237 717 1
716 717 1
781 717 1
718 717 1
243 717 1
244 717 1
725 717 1
285 717 1
286 717 1
293 718 1
710 718 1
237 718 1
654 718 1
717 718 1
782 718 1
244 718 1
726 718 1
286 718 1
287 719 1
711 719 1
238 719 1
655 719 1
720 719 1
783 719 1
287 720 1
288 720 1
712 720 1
238 720 1
239 720 1
656 720 1
719 720 1
721 720 1
784 720 1
288 721 1
289 721 1
713 721 1
239 721 1
240 721 1
657 721 1
720 721 1
722 721 1
785 721 1
289 722 1
290 722 1
714 722 1
240 722 1
241 722 1
658 722 1
721 722 1
723 722 1
786 722 1
290 723 1
291 723 1
715 723 1
241 723 1
242 723 1
659 723 1
722 723 1
724 723 1
787 723 1
291 724 1
292 724 1
716 724 1
242 724 1
243 724 1
660 724 1
723 724 1
788 724 1
725 724 1
292 725 1
293 725 1
726 725 1
717 725 1
243 725 1
244 725 1
661 725 1
724 725 1
789 725 1
293 726 1
790 726 1
718 726 1
244 726 1
725 726 1
662 726 1
735 727 1
294 727 1
791 727 1
245 727 1
663 727 1
728 727 1
736 728 1
294 728 1
295 728 1
245 728 1
246 728 1
727 728 1
664 728 1
729 728 1
792 728 1
737 729 1
295 729 1
296 729 1
793 729 1
246 729 1
247 729 1
728 729 1
665 729 1
730 729 1
794 730 1
738 730 1
296 730 1
297 730 1
247 730 1
248 730 1
729 730 1
666 730 1
731 730 1
739 731 1
795 731 1
297 731 1
298 731 1
248 731 1
249 731 1
730 731 1
667 731 1
732 731 1
740 732 1
668 732 1
298 732 1
299 732 1
249 732 1
250 732 1
731 732 1
796 732 1
733 732 1
741 733 1
669 733 1
299 733 1
300 733 1
250 733 1
251 733 1
732 733 1
797 733 1
734 733 1
742 734 1
300 734 1
798 734 1
251 734 1
733 734 1
670 734 1
671 735 1
736 735 1
799 735 1
294 735 1
743 735 1
301 735 1
245 735 1
727 735 1
252 735 1
735 736 1
672 736 1
737 736 1
800 736 1
294 736 1
295 736 1
744 736 1
301 736 1
302 736 1
245 736 1
246 736 1
728 736 1
252 736 1
253 736 1
736 737 1
673 737 1
738 737 1
801 737 1
295 737 1
296 737 1
745 737 1
302 737 1
303 737 1
246 737 1
247 737 1
729 737 1
253 737 1
254 737 1
255 738 1
737 738 1
674 738 1
739 738 1
802 738 1
296 738 1
297 738 1
746 738 1
303 738 1
304 738 1
247 738 1
248 738 1
730 738 1
254 738 1
255 739 1
256 739 1
738 739 1
675 739 1
740 739 1
803 739 1
297 739 1
298 739 1
747 739 1
304 739 1
305 739 1
248 739 1
249 739 1
731 739 1
256 740 1
257 740 1
739 740 1
804 740 1
676 740 1
741 740 1
298 740 1
299 740 1
748 740 1
305 740 1
306 740 1
249 740 1
250 740 1
732 740 1
257 741 1
258 741 1
740 741 1
805 741 1
677 741 1
742 741 1
299 741 1
300 741 1
749 741 1
306 741 1
307 741 1
250 741 1
251 741 1
733 741 1
258 742 1
741 742 1
678 742 1
806 742 1
300 742 1
750 742 1
307 742 1
251 742 1
734 742 1
735 743 1
259 743 1
679 743 1
744 743 1
807 743 1
301 743 1
751 743 1
308 743 1
252 743 1
736 744 1
259 744 1
260 744 1
743 744 1
680 744 1
745 744 1
808 744 1
301 744 1
302 744 1
752 744 1
308 744 1
309 744 1
252 744 1
253 744 1
737 745 1
260 745 1
261 745 1
744 745 1
681 745 1
746 745 1
809 745 1
302 745 1
303 745 1
753 745 1
309 745 1
310 745 1
253 745 1
254 745 1
255 746 1
738 746 1
261 746 1
262 746 1
745 746 1
682 746 1
747 746 1
810 746 1
303 746 1
304 746 1
754 746 1
310 746 1
311 746 1
254 746 1
255 747 1
256 747 1
739 747 1
262 747 1
263 747 1
746 747 1
683 747 1
748 747 1
811 747 1
304 747 1
305 747 1
755 747 1
311 747 1
312 747 1
256 748 1
257 748 1
740 748 1
263 748 1
264 748 1
747 748 1
684 748 1
812 748 1
749 748 1
305 748 1
306 748 1
756 748 1
312 748 1
313 748 1
257 749 1
258 749 1
741 749 1
264 749 1
265 749 1
748 749 1
685 749 1
813 749 1
750 749 1
306 749 1
307 749 1
757 749 1
313 749 1
314 749 1
258 750 1
742 750 1
265 750 1
749 750 1
686 750 1
814 750 1
307 750 1
758 750 1
314 750 1
259 751 1
743 751 1
266 751 1
687 751 1
752 751 1
815 751 1
308 751 1
759 751 1
315 751 1
259 752 1
260 752 1
744 752 1
266 752 1
267 752 1
751 752 1
688 752 1
753 752 1
816 752 1
308 752 1
309 752 1
760 752 1
315 752 1
316 752 1
260 753 1
261 753 1
745 753 1
267 753 1
268 753 1
752 753 1
689 753 1
754 753 1
817 753 1
309 753 1
310 753 1
761 753 1
316 753 1
317 753 1
261 754 1
262 754 1
746 754 1
268 754 1
269 754 1
753 754 1
690 754 1
755 754 1
818 754 1
310 754 1
311 754 1
762 754 1
317 754 1
318 754 1
319 755 1
262 755 1
263 755 1
747 755 1
269 755 1
270 755 1
754 755 1
691 755 1
756 755 1
819 755 1
311 755 1
312 755 1
763 755 1
318 755 1
319 756 1
320 756 1
263 756 1
264 756 1
748 756 1
270 756 1
271 756 1
755 756 1
692 756 1
820 756 1
757 756 1
312 756 1
313 756 1
764 756 1
320 757 1
321 757 1
264 757 1
265 757 1
758 757 1
749 757 1
271 757 1
272 757 1
756 757 1
693 757 1
821 757 1
313 757 1
314 757 1
765 757 1
321 758 1
265 758 1
822 758 1
750 758 1
272 758 1
757 758 1
694 758 1
314 758 1
766 758 1
767 759 1
322 759 1
266 759 1
751 759 1
273 759 1
823 759 1
695 759 1
760 759 1
315 759 1
768 760 1
322 760 1
323 760 1
266 760 1
267 760 1
752 760 1
273 760 1
274 760 1
824 760 1
759 760 1
696 760 1
761 760 1
315 760 1
316 760 1
769 761 1
323 761 1
324 761 1
267 761 1
268 761 1
753 761 1
274 761 1
275 761 1
760 761 1
697 761 1
762 761 1
825 761 1
316 761 1
317 761 1
826 762 1
770 762 1
324 762 1
325 762 1
268 762 1
269 762 1
754 762 1
275 762 1
276 762 1
761 762 1
698 762 1
763 762 1
317 762 1
318 762 1
319 763 1
771 763 1
325 763 1
326 763 1
827 763 1
269 763 1
270 763 1
755 763 1
276 763 1
277 763 1
762 763 1
699 763 1
764 763 1
318 763 1
319 764 1
320 764 1
772 764 1
326 764 1
327 764 1
700 764 1
270 764 1
271 764 1
756 764 1
277 764 1
278 764 1
763 764 1
828 764 1
765 764 1
320 765 1
321 765 1
773 765 1
327 765 1
328 765 1
701 765 1
271 765 1
272 765 1
757 765 1
278 765 1
279 765 1
764 765 1
829 765 1
766 765 1
321 766 1
774 766 1
328 766 1
272 766 1
830 766 1
758 766 1
279 766 1
765 766 1
702 766 1
703 767 1
768 767 1
831 767 1
322 767 1
775 767 1
329 767 1
273 767 1
759 767 1
280 767 1
767 768 1
704 768 1
769 768 1
322 768 1
323 768 1
832 768 1
776 768 1
329 768 1
330 768 1
273 768 1
274 768 1
760 768 1
280 768 1
281 768 1
768 769 1
705 769 1
770 769 1
323 769 1
324 769 1
833 769 1
761 769 1
777 769 1
330 769 1
331 769 1
274 769 1
275 769 1
281 769 1
282 769 1
769 770 1
706 770 1
771 770 1
324 770 1
325 770 1
834 770 1
778 770 1
331 770 1
332 770 1
275 770 1
276 770 1
282 770 1
283 770 1
762 770 1
770 771 1
707 771 1
772 771 1
325 771 1
326 771 1
835 771 1
763 771 1
779 771 1
332 771 1
333 771 1
276 771 1
277 771 1
283 771 1
284 771 1
771 772 1
708 772 1
836 772 1
326 772 1
327 772 1
773 772 1
764 772 1
780 772 1
333 772 1
334 772 1
277 772 1
278 772 1
284 772 1
285 772 1
286 773 1
772 773 1
709 773 1
837 773 1
327 773 1
328 773 1
774 773 1
781 773 1
334 773 1
335 773 1
278 773 1
279 773 1
765 773 1
285 773 1
773 774 1
710 774 1
838 774 1
328 774 1
782 774 1
335 774 1
766 774 1
279 774 1
286 774 1
287 775 1
767 775 1
711 775 1
776 775 1
329 775 1
839 775 1
783 775 1
336 775 1
280 775 1
287 776 1
288 776 1
768 776 1
775 776 1
712 776 1
329 776 1
330 776 1
777 776 1
840 776 1
336 776 1
337 776 1
784 776 1
280 776 1
281 776 1
288 777 1
289 777 1
769 777 1
776 777 1
713 777 1
330 777 1
331 777 1
778 777 1
841 777 1
337 777 1
338 777 1
785 777 1
281 777 1
282 777 1
289 778 1
290 778 1
770 778 1
777 778 1
714 778 1
331 778 1
332 778 1
779 778 1
842 778 1
338 778 1
339 778 1
786 778 1
282 778 1
283 778 1
290 779 1
291 779 1
771 779 1
778 779 1
715 779 1
332 779 1
333 779 1
780 779 1
843 779 1
339 779 1
340 779 1
787 779 1
283 779 1
284 779 1
291 780 1
292 780 1
772 780 1
779 780 1
716 780 1
333 780 1
334 780 1
844 780 1
781 780 1
340 780 1
341 780 1
788 780 1
284 780 1
285 780 1
292 781 1
293 781 1
773 781 1
780 781 1
717 781 1
334 781 1
335 781 1
845 781 1
782 781 1
341 781 1
342 781 1
789 781 1
285 781 1
286 781 1
293 782 1
774 782 1
790 782 1
781 782 1
718 782 1
335 782 1
846 782 1
342 782 1
286 782 1
287 783 1
775 783 1
719 783 1
784 783 1
336 783 1
847 783 1
287 784 1
288 784 1
776 784 1
783 784 1
720 784 1
337 784 1
336 784 1
785 784 1
848 784 1
288 785 1
289 785 1
777 785 1
784 785 1
337 785 1
338 785 1
721 785 1
786 785 1
849 785 1
289 786 1
290 786 1
778 786 1
785 786 1
338 786 1
339 786 1
722 786 1
787 786 1
850 786 1
290 787 1
291 787 1
779 787 1
786 787 1
723 787 1
340 787 1
339 787 1
788 787 1
851 787 1
291 788 1
292 788 1
780 788 1
787 788 1
724 788 1
340 788 1
341 788 1
852 788 1
789 788 1
292 789 1
293 789 1
790 789 1
781 789 1
788 789 1
341 789 1
725 789 1
853 789 1
342 789 1
293 790 1
854 790 1
782 790 1
789 790 1
726 790 1
342 790 1
727 791 1
792 791 1
799 791 1
294 791 1
800 792 1
294 792 1
295 792 1
791 792 1
728 792 1
793 792 1
801 793 1
295 793 1
296 793 1
792 793 1
729 793 1
794 793 1
802 794 1
296 794 1
297 794 1
793 794 1
730 794 1
795 794 1
803 795 1
297 795 1
298 795 1
794 795 1
731 795 1
796 795 1
804 796 1
298 796 1
299 796 1
795 796 1
732 796 1
797 796 1
805 797 1
299 797 1
300 797 1
796 797 1
733 797 1
798 797 1
806 798 1
300 798 1
797 798 1
734 798 1
735 799 1
800 799 1
294 799 1
807 799 1
301 799 1
791 799 1
799 800 1
736 800 1
801 800 1
294 800 1
295 800 1
808 800 1
301 800 1
302 800 1
792 800 1
800 801 1
737 801 1
802 801 1
295 801 1
296 801 1
809 801 1
302 801 1
303 801 1
793 801 1
801 802 1
738 802 1
803 802 1
296 802 1
297 802 1
810 802 1
303 802 1
304 802 1
794 802 1
802 803 1
739 803 1
804 803 1
297 803 1
298 803 1
811 803 1
304 803 1
305 803 1
795 803 1
803 804 1
740 804 1
805 804 1
298 804 1
299 804 1
812 804 1
305 804 1
306 804 1
796 804 1
804 805 1
741 805 1
806 805 1
299 805 1
300 805 1
813 805 1
306 805 1
307 805 1
797 805 1
805 806 1
742 806 1
300 806 1
814 806 1
307 806 1
798 806 1
799 807 1
743 807 1
808 807 1
301 807 1
815 807 1
308 807 1
800 808 1
807 808 1
744 808 1
809 808 1
301 808 1
302 808 1
816 808 1
308 808 1
309 808 1
801 809 1
808 809 1
745 809 1
810 809 1
302 809 1
303 809 1
817 809 1
309 809 1
310 809 1
802 810 1
809 810 1
746 810 1
811 810 1
303 810 1
304 810 1
818 810 1
310 810 1
311 810 1
803 811 1
810 811 1
747 811 1
812 811 1
304 811 1
305 811 1
819 811 1
311 811 1
312 811 1
804 812 1
811 812 1
748 812 1
813 812 1
305 812 1
306 812 1
820 812 1
312 812 1
313 812 1
805 813 1
812 813 1
749 813 1
814 813 1
306 813 1
307 813 1
821 813 1
313 813 1
314 813 1
806 814 1
813 814 1
750 814 1
307 814 1
822 814 1
314 814 1
807 815 1
751 815 1
816 815 1
308 815 1
823 815 1
315 815 1
808 816 1
815 816 1
752 816 1
817 816 1
308 816 1
309 816 1
824 816 1
315 816 1
316 816 1
809 817 1
816 817 1
753 817 1
818 817 1
309 817 1
310 817 1
825 817 1
316 817 1
317 817 1
810 818 1
817 818 1
754 818 1
819 818 1
310 818 1
311 818 1
826 818 1
317 818 1
318 818 1
319 819 1
811 819 1
818 819 1
755 819 1
820 819 1
311 819 1
312 819 1
827 819 1
318 819 1
319 820 1
320 820 1
812 820 1
819 820 1
756 820 1
821 820 1
312 820 1
313 820 1
828 820 1
320 821 1
321 821 1
813 821 1
820 821 1
757 821 1
822 821 1
313 821 1
314 821 1
829 821 1
321 822 1
814 822 1
821 822 1
758 822 1
314 822 1
830 822 1
831 823 1
322 823 1
815 823 1
759 823 1
824 823 1
315 823 1
832 824 1
322 824 1
323 824 1
816 824 1
823 824 1
760 824 1
825 824 1
315 824 1
316 824 1
833 825 1
323 825 1
324 825 1
817 825 1
824 825 1
761 825 1
826 825 1
316 825 1
317 825 1
834 826 1
324 826 1
325 826 1
818 826 1
825 826 1
762 826 1
827 826 1
317 826 1
318 826 1
319 827 1
835 827 1
325 827 1
326 827 1
819 827 1
826 827 1
763 827 1
828 827 1
318 827 1
319 828 1
320 828 1
836 828 1
326 828 1
327 828 1
820 828 1
827 828 1
764 828 1
829 828 1
320 829 1
321 829 1
837 829 1
327 829 1
328 829 1
821 829 1
828 829 1
765 829 1
830 829 1
321 830 1
838 830 1
328 830 1
822 830 1
829 830 1
766 830 1
767 831 1
832 831 1
322 831 1
839 831 1
329 831 1
823 831 1
831 832 1
768 832 1
833 832 1
322 832 1
323 832 1
840 832 1
329 832 1
330 832 1
824 832 1
832 833 1
769 833 1
834 833 1
323 833 1
324 833 1
841 833 1
330 833 1
331 833 1
825 833 1
833 834 1
770 834 1
835 834 1
324 834 1
325 834 1
842 834 1
331 834 1
332 834 1
826 834 1
834 835 1
771 835 1
836 835 1
325 835 1
326 835 1
843 835 1
332 835 1
333 835 1
827 835 1
835 836 1
772 836 1
837 836 1
326 836 1
327 836 1
844 836 1
333 836 1
334 836 1
828 836 1
836 837 1
773 837 1
838 837 1
327 837 1
328 837 1
845 837 1
334 837 1
335 837 1
829 837 1
837 838 1
774 838 1
328 838 1
846 838 1
335 838 1
830 838 1
831 839 1
775 839 1
840 839 1
329 839 1
847 839 1
336 839 1
832 840 1
839 840 1
776 840 1
329 840 1
330 840 1
841 840 1
336 840 1
337 840 1
848 840 1
833 841 1
840 841 1
777 841 1
330 841 1
331 841 1
842 841 1
337 841 1
338 841 1
849 841 1
834 842 1
841 842 1
778 842 1
331 842 1
332 842 1
843 842 1
338 842 1
339 842 1
850 842 1
835 843 1
842 843 1
779 843 1
332 843 1
333 843 1
844 843 1
339 843 1
340 843 1
851 843 1
836 844 1
843 844 1
780 844 1
333 844 1
334 844 1
845 844 1
340 844 1
341 844 1
852 844 1
837 845 1
844 845 1
781 845 1
334 845 1
335 845 1
846 845 1
341 845 1
342 845 1
853 845 1
838 846 1
845 846 1
782 846 1
335 846 1
854 846 1
342 846 1
783 847 1
336 847 1
839 847 1
848 847 1
840 848 1
847 848 1
336 848 1
337 848 1
784 848 1
849 848 1
841 849 1
848 849 1
785 849 1
338 849 1
337 849 1
850 849 1
842 850 1
849 850 1
786 850 1
338 850 1
339 850 1
851 850 1
843 851 1
850 851 1
787 851 1
340 851 1
339 851 1
852 851 1
844 852 1
851 852 1
788 852 1
340 852 1
341 852 1
853 852 1
845 853 1
854 853 1
852 853 1
341 853 1
789 853 1
342 853 1
846 854 1
342 854 1
853 854 1
790 854 1
