0 0 -1
0 1210 -1
0 2420 -1
1 0 1
1 1 -1
1 1211 -1
1 2421 -1
2 1 1
2 2 -1
2 1212 -1
2 2422 -1
3 2 1
3 3 -1
3 1213 -1
3 2423 -1
4 3 1
4 4 -1
4 1214 -1
4 2424 -1
5 4 1
5 5 -1
5 1215 -1
5 2425 -1
6 5 1
6 6 -1
6 1216 -1
6 2426 -1
7 6 1
7 7 -1
7 1217 -1
7 2427 -1
8 7 1
8 8 -1
8 1218 -1
8 2428 -1
9 8 1
9 9 -1
9 1219 -1
9 2429 -1
10 9 1
10 1220 -1
10 2430 -1
11 10 -1
11 1210 1
11 1221 -1
11 2431 -1
12 10 1
12 11 -1
12 1211 1
12 1222 -1
12 2432 -1
13 11 1
13 12 -1
13 1212 1
13 1223 -1
13 2433 -1
14 12 1
14 13 -1
14 1213 1
14 1224 -1
14 2434 -1
15 13 1
15 14 -1
15 1214 1
15 1225 -1
15 2435 -1
16 14 1
16 15 -1
16 1215 1
16 1226 -1
16 2436 -1
17 15 1
17 16 -1
17 1216 1
17 1227 -1
17 2437 -1
18 16 1
18 17 -1
18 1217 1
18 1228 -1
18 2438 -1
19 17 1
19 18 -1
19 1218 1
19 1229 -1
19 2439 -1
20 18 1
20 19 -1
20 1219 1
20 1230 -1
20 2440 -1
21 19 1
21 1220 1
21 1231 -1
21 2441 -1
22 20 -1
22 1221 1
22 1232 -1
22 2442 -1
23 20 1
23 21 -1
23 1222 1
23 1233 -1
23 2443 -1
24 21 1
24 22 -1
24 1223 1
24 1234 -1
24 2444 -1
25 22 1
25 23 -1
25 1224 1
25 1235 -1
25 2445 -1
26 23 1
26 24 -1
26 1225 1
26 1236 -1
26 2446 -1
27 24 1
27 25 -1
27 1226 1
27 1237 -1
27 2447 -1
28 25 1
28 26 -1
28 1227 1
28 1238 -1
28 2448 -1
29 26 1
29 27 -1
29 1228 1
29 1239 -1
29 2449 -1
30 27 1
30 28 -1
30 1229 1
30 1240 -1
30 2450 -1
31 28 1
31 29 -1
31 1230 1
31 1241 -1
31 2451 -1
32 29 1
32 1231 1
32 1242 -1
32 2452 -1
33 30 -1
33 1232 1
33 1243 -1
33 2453 -1
34 30 1
34 31 -1
34 1233 1
34 1244 -1
34 2454 -1
35 31 1
35 32 -1
35 1234 1
35 1245 -1
35 2455 -1
36 32 1
36 33 -1
36 1235 1
36 1246 -1
36 2456 -1
37 33 1
37 34 -1
37 1236 1
37 1247 -1
37 2457 -1
38 34 1
38 35 -1
38 1237 1
38 1248 -1
38 2458 -1
39 35 1
39 36 -1
39 1238 1
39 1249 -1
39 2459 -1
40 36 1
40 37 -1
40 1239 1
40 1250 -1
40 2460 -1
41 37 1
41 38 -1
41 1240 1
41 1251 -1
41 2461 -1
42 38 1
42 39 -1
42 1241 1
42 1252 -1
42 2462 -1
43 39 1
43 1242 1
43 1253 -1
43 2463 -1
44 40 -1
44 1243 1
44 1254 -1
44 2464 -1
45 40 1
45 41 -1
45 1244 1
45 1255 -1
45 2465 -1
46 41 1
46 42 -1
46 1245 1
46 1256 -1
46 2466 -1
47 42 1
47 43 -1
47 1246 1
47 1257 -1
47 2467 -1
48 43 1
48 44 -1
48 1247 1
48 1258 -1
48 2468 -1
49 44 1
49 45 -1
49 1248 1
49 1259 -1
49 2469 -1
50 45 1
50 46 -1
50 1249 1
50 1260 -1
50 2470 -1
51 46 1
51 47 -1
51 1250 1
51 1261 -1
51 2471 -1
52 47 1
52 48 -1
52 1251 1
52 1262 -1
52 2472 -1
53 48 1
53 49 -1
53 1252 1
53 1263 -1
53 2473 -1
54 49 1
54 1253 1
54 1264 -1
54 2474 -1
55 50 -1
55 1254 1
55 1265 -1
55 2475 -1
56 50 1
56 51 -1
56 1255 1
56 1266 -1
56 2476 -1
57 51 1
57 52 -1
57 1256 1
57 1267 -1
57 2477 -1
58 52 1
58 53 -1
58 1257 1
58 1268 -1
58 2478 -1
59 53 1
59 54 -1
59 1258 1
59 1269 -1
59 2479 -1
60 54 1
60 55 -1
60 1259 1
60 1270 -1
60 2480 -1
61 55 1
61 56 -1
61 1260 1
61 1271 -1
61 2481 -1
62 56 1
62 57 -1
62 1261 1
62 1272 -1
62 2482 -1
63 57 1
63 58 -1
63 1262 1
63 1273 -1
63 2483 -1
64 58 1
64 59 -1
64 1263 1
64 1274 -1
64 2484 -1
65 59 1
65 1264 1
65 1275 -1
65 2485 -1
66 60 -1
66 1265 1
66 1276 -1
66 2486 -1
67 60 1
67 61 -1
67 1266 1
67 1277 -1
67 2487 -1
68 61 1
68 62 -1
68 1267 1
68 1278 -1
68 2488 -1
69 62 1
69 63 -1
69 1268 1
69 1279 -1
69 2489 -1
70 63 1
70 64 -1
70 1269 1
70 1280 -1
70 2490 -1
71 64 1
71 65 -1
71 1270 1
71 1281 -1
71 2491 -1
72 65 1
72 66 -1
72 1271 1
72 1282 -1
72 2492 -1
73 66 1
73 67 -1
73 1272 1
73 1283 -1
73 2493 -1
74 67 1
74 68 -1
74 1273 1
74 1284 -1
74 2494 -1
75 68 1
75 69 -1
75 1274 1
75 1285 -1
75 2495 -1
76 69 1
76 1275 1
76 1286 -1
76 2496 -1
77 70 -1
77 1276 1
77 1287 -1
77 2497 -1
78 70 1
78 71 -1
78 1277 1
78 1288 -1
78 2498 -1
79 71 1
79 72 -1
79 1278 1
79 1289 -1
79 2499 -1
80 72 1
80 73 -1
80 1279 1
80 1290 -1
80 2500 -1
81 73 1
81 74 -1
81 1280 1
81 1291 -1
81 2501 -1
82 74 1
82 75 -1
82 1281 1
82 1292 -1
82 2502 -1
83 75 1
83 76 -1
83 1282 1
83 1293 -1
83 2503 -1
84 76 1
84 77 -1
84 1283 1
84 1294 -1
84 2504 -1
85 77 1
85 78 -1
85 1284 1
85 1295 -1
85 2505 -1
86 78 1
86 79 -1
86 1285 1
86 1296 -1
86 2506 -1
87 79 1
87 1286 1
87 1297 -1
87 2507 -1
88 80 -1
88 1287 1
88 1298 -1
88 2508 -1
89 80 1
89 81 -1
89 1288 1
89 1299 -1
89 2509 -1
90 81 1
90 82 -1
90 1289 1
90 1300 -1
90 2510 -1
91 82 1
91 83 -1
91 1290 1
91 1301 -1
91 2511 -1
92 83 1
92 84 -1
92 1291 1
92 1302 -1
92 2512 -1
93 84 1
93 85 -1
93 1292 1
93 1303 -1
93 2513 -1
94 85 1
94 86 -1
94 1293 1
94 1304 -1
94 2514 -1
95 86 1
95 87 -1
95 1294 1
95 1305 -1
95 2515 -1
96 87 1
96 88 -1
96 1295 1
96 1306 -1
96 2516 -1
97 88 1
97 89 -1
97 1296 1
97 1307 -1
97 2517 -1
98 89 1
98 1297 1
98 1308 -1
98 2518 -1
99 90 -1
99 1298 1
99 1309 -1
99 2519 -1
100 90 1
100 91 -1
100 1299 1
100 1310 -1
100 2520 -1
101 91 1
101 92 -1
101 1300 1
101 1311 -1
101 2521 -1
102 92 1
102 93 -1
102 1301 1
102 1312 -1
102 2522 -1
103 93 1
103 94 -1
103 1302 1
103 1313 -1
103 2523 -1
104 94 1
104 95 -1
104 1303 1
104 1314 -1
104 2524 -1
105 95 1
105 96 -1
105 1304 1
105 1315 -1
105 2525 -1
106 96 1
106 97 -1
106 1305 1
106 1316 -1
106 2526 -1
107 97 1
107 98 -1
107 1306 1
107 1317 -1
107 2527 -1
108 98 1
108 99 -1
108 1307 1
108 1318 -1
108 2528 -1
109 99 1
109 1308 1
109 1319 -1
109 2529 -1
110 100 -1
110 1309 1
110 2530 -1
111 100 1
111 101 -1
111 1310 1
111 2531 -1
112 101 1
112 102 -1
112 1311 1
112 2532 -1
113 102 1
113 103 -1
113 1312 1
113 2533 -1
114 103 1
114 104 -1
114 1313 1
114 2534 -1
115 104 1
115 105 -1
115 1314 1
115 2535 -1
116 105 1
116 106 -1
116 1315 1
116 2536 -1
117 106 1
117 107 -1
117 1316 1
117 2537 -1
118 107 1
118 108 -1
118 1317 1
118 2538 -1
119 108 1
119 109 -1
119 1318 1
119 2539 -1
120 109 1
120 1319 1
120 2540 -1
121 110 -1
121 1320 -1
121 2420 1
121 2541 -1
122 110 1
122 111 -1
122 1321 -1
122 2421 1
122 2542 -1
123 111 1
123 112 -1
123 1322 -1
123 2422 1
123 2543 -1
124 112 1
124 113 -1
124 1323 -1
124 2423 1
124 2544 -1
125 113 1
125 114 -1
125 1324 -1
125 2424 1
125 2545 -1
126 114 1
126 115 -1
126 1325 -1
126 2425 1
126 2546 -1
127 115 1
127 116 -1
127 1326 -1
127 2426 1
127 2547 -1
128 116 1
128 117 -1
128 1327 -1
128 2427 1
128 2548 -1
129 117 1
129 118 -1
129 1328 -1
129 2428 1
129 2549 -1
130 118 1
130 119 -1
130 1329 -1
130 2429 1
130 2550 -1
131 119 1
131 1330 -1
131 2430 1
131 2551 -1
132 120 -1
132 1320 1
132 1331 -1
132 2431 1
132 2552 -1
133 120 1
133 121 -1
133 1321 1
133 1332 -1
133 2432 1
133 2553 -1
134 121 1
134 122 -1
134 1322 1
134 1333 -1
134 2433 1
134 2554 -1
135 122 1
135 123 -1
135 1323 1
135 1334 -1
135 2434 1
135 2555 -1
136 123 1
136 124 -1
136 1324 1
136 1335 -1
136 2435 1
136 2556 -1
137 124 1
137 125 -1
137 1325 1
137 1336 -1
137 2436 1
137 2557 -1
138 125 1
138 126 -1
138 1326 1
138 1337 -1
138 2437 1
138 2558 -1
139 126 1
139 127 -1
139 1327 1
139 1338 -1
139 2438 1
139 2559 -1
140 127 1
140 128 -1
140 1328 1
140 1339 -1
140 2439 1
140 2560 -1
141 128 1
141 129 -1
141 1329 1
141 1340 -1
141 2440 1
141 2561 -1
142 129 1
142 1330 1
142 1341 -1
142 2441 1
142 2562 -1
143 130 -1
143 1331 1
143 1342 -1
143 2442 1
143 2563 -1
144 130 1
144 131 -1
144 1332 1
144 1343 -1
144 2443 1
144 2564 -1
145 131 1
145 132 -1
145 1333 1
145 1344 -1
145 2444 1
145 2565 -1
146 132 1
146 133 -1
146 1334 1
146 1345 -1
146 2445 1
146 2566 -1
147 133 1
147 134 -1
147 1335 1
147 1346 -1
147 2446 1
147 2567 -1
148 134 1
148 135 -1
148 1336 1
148 1347 -1
148 2447 1
148 2568 -1
149 135 1
149 136 -1
149 1337 1
149 1348 -1
149 2448 1
149 2569 -1
150 136 1
150 137 -1
150 1338 1
150 1349 -1
150 2449 1
150 2570 -1
151 137 1
151 138 -1
151 1339 1
151 1350 -1
151 2450 1
151 2571 -1
152 138 1
152 139 -1
152 1340 1
152 1351 -1
152 2451 1
152 2572 -1
153 139 1
153 1341 1
153 1352 -1
153 2452 1
153 2573 -1
154 140 -1
154 1342 1
154 1353 -1
154 2453 1
154 2574 -1
155 140 1
155 141 -1
155 1343 1
155 1354 -1
155 2454 1
155 2575 -1
156 141 1
156 142 -1
156 1344 1
156 1355 -1
156 2455 1
156 2576 -1
157 142 1
157 143 -1
157 1345 1
157 1356 -1
157 2456 1
157 2577 -1
158 143 1
158 144 -1
158 1346 1
158 1357 -1
158 2457 1
158 2578 -1
159 144 1
159 145 -1
159 1347 1
159 1358 -1
159 2458 1
159 2579 -1
160 145 1
160 146 -1
160 1348 1
160 1359 -1
160 2459 1
160 2580 -1
161 146 1
161 147 -1
161 1349 1
161 1360 -1
161 2460 1
161 2581 -1
162 147 1
162 148 -1
162 1350 1
162 1361 -1
162 2461 1
162 2582 -1
163 148 1
163 149 -1
163 1351 1
163 1362 -1
163 2462 1
163 2583 -1
164 149 1
164 1352 1
164 1363 -1
164 2463 1
164 2584 -1
165 150 -1
165 1353 1
165 1364 -1
165 2464 1
165 2585 -1
166 150 1
166 151 -1
166 1354 1
166 1365 -1
166 2465 1
166 2586 -1
167 151 1
167 152 -1
167 1355 1
167 1366 -1
167 2466 1
167 2587 -1
168 152 1
168 153 -1
168 1356 1
168 1367 -1
168 2467 1
168 2588 -1
169 153 1
169 154 -1
169 1357 1
169 1368 -1
169 2468 1
169 2589 -1
170 154 1
170 155 -1
170 1358 1
170 1369 -1
170 2469 1
170 2590 -1
171 155 1
171 156 -1
171 1359 1
171 1370 -1
171 2470 1
171 2591 -1
172 156 1
172 157 -1
172 1360 1
172 1371 -1
172 2471 1
172 2592 -1
173 157 1
173 158 -1
173 1361 1
173 1372 -1
173 2472 1
173 2593 -1
174 158 1
174 159 -1
174 1362 1
174 1373 -1
174 2473 1
174 2594 -1
175 159 1
175 1363 1
175 1374 -1
175 2474 1
175 2595 -1
176 160 -1
176 1364 1
176 1375 -1
176 2475 1
176 2596 -1
177 160 1
177 161 -1
177 1365 1
177 1376 -1
177 2476 1
177 2597 -1
178 161 1
178 162 -1
178 1366 1
178 1377 -1
178 2477 1
178 2598 -1
179 162 1
179 163 -1
179 1367 1
179 1378 -1
179 2478 1
179 2599 -1
180 163 1
180 164 -1
180 1368 1
180 1379 -1
180 2479 1
180 2600 -1
181 164 1
181 165 -1
181 1369 1
181 1380 -1
181 2480 1
181 2601 -1
182 165 1
182 166 -1
182 1370 1
182 1381 -1
182 2481 1
182 2602 -1
183 166 1
183 167 -1
183 1371 1
183 1382 -1
183 2482 1
183 2603 -1
184 167 1
184 168 -1
184 1372 1
184 1383 -1
184 2483 1
184 2604 -1
185 168 1
185 169 -1
185 1373 1
185 1384 -1
185 2484 1
185 2605 -1
186 169 1
186 1374 1
186 1385 -1
186 2485 1
186 2606 -1
187 170 -1
187 1375 1
187 1386 -1
187 2486 1
187 2607 -1
188 170 1
188 171 -1
188 1376 1
188 1387 -1
188 2487 1
188 2608 -1
189 171 1
189 172 -1
189 1377 1
189 1388 -1
189 2488 1
189 2609 -1
190 172 1
190 173 -1
190 1378 1
190 1389 -1
190 2489 1
190 2610 -1
191 173 1
191 174 -1
191 1379 1
191 1390 -1
191 2490 1
191 2611 -1
192 174 1
192 175 -1
192 1380 1
192 1391 -1
192 2491 1
192 2612 -1
193 175 1
193 176 -1
193 1381 1
193 1392 -1
193 2492 1
193 2613 -1
194 176 1
194 177 -1
194 1382 1
194 1393 -1
194 2493 1
194 2614 -1
195 177 1
195 178 -1
195 1383 1
195 1394 -1
195 2494 1
195 2615 -1
196 178 1
196 179 -1
196 1384 1
196 1395 -1
196 2495 1
196 2616 -1
197 179 1
197 1385 1
197 1396 -1
197 2496 1
197 2617 -1
198 180 -1
198 1386 1
198 1397 -1
198 2497 1
198 2618 -1
199 180 1
199 181 -1
199 1387 1
199 1398 -1
199 2498 1
199 2619 -1
200 181 1
200 182 -1
200 1388 1
200 1399 -1
200 2499 1
200 2620 -1
201 182 1
201 183 -1
201 1389 1
201 1400 -1
201 2500 1
201 2621 -1
202 183 1
202 184 -1
202 1390 1
202 1401 -1
202 2501 1
202 2622 -1
203 184 1
203 185 -1
203 1391 1
203 1402 -1
203 2502 1
203 2623 -1
204 185 1
204 186 -1
204 1392 1
204 1403 -1
204 2503 1
204 2624 -1
205 186 1
205 187 -1
205 1393 1
205 1404 -1
205 2504 1
205 2625 -1
206 187 1
206 188 -1
206 1394 1
206 1405 -1
206 2505 1
206 2626 -1
207 188 1
207 189 -1
207 1395 1
207 1406 -1
207 2506 1
207 2627 -1
208 189 1
208 1396 1
208 1407 -1
208 2507 1
208 2628 -1
209 190 -1
209 1397 1
209 1408 -1
209 2508 1
209 2629 -1
210 190 1
210 191 -1
210 1398 1
210 1409 -1
210 2509 1
210 2630 -1
211 191 1
211 192 -1
211 1399 1
211 1410 -1
211 2510 1
211 2631 -1
212 192 1
212 193 -1
212 1400 1
212 1411 -1
212 2511 1
212 2632 -1
213 193 1
213 194 -1
213 1401 1
213 1412 -1
213 2512 1
213 2633 -1
214 194 1
214 195 -1
214 1402 1
214 1413 -1
214 2513 1
214 2634 -1
215 195 1
215 196 -1
215 1403 1
215 1414 -1
215 2514 1
215 2635 -1
216 196 1
216 197 -1
216 1404 1
216 1415 -1
216 2515 1
216 2636 -1
217 197 1
217 198 -1
217 1405 1
217 1416 -1
217 2516 1
217 2637 -1
218 198 1
218 199 -1
218 1406 1
218 1417 -1
218 2517 1
218 2638 -1
219 199 1
219 1407 1
219 1418 -1
219 2518 1
219 2639 -1
220 200 -1
220 1408 1
220 1419 -1
220 2519 1
220 2640 -1
221 200 1
221 201 -1
221 1409 1
221 1420 -1
221 2520 1
221 2641 -1
222 201 1
222 202 -1
222 1410 1
222 1421 -1
222 2521 1
222 2642 -1
223 202 1
223 203 -1
223 1411 1
223 1422 -1
223 2522 1
223 2643 -1
224 203 1
224 204 -1
224 1412 1
224 1423 -1
224 2523 1
224 2644 -1
225 204 1
225 205 -1
225 1413 1
225 1424 -1
225 2524 1
225 2645 -1
226 205 1
226 206 -1
226 1414 1
226 1425 -1
226 2525 1
226 2646 -1
227 206 1
227 207 -1
227 1415 1
227 1426 -1
227 2526 1
227 2647 -1
228 207 1
228 208 -1
228 1416 1
228 1427 -1
228 2527 1
228 2648 -1
229 208 1
229 209 -1
229 1417 1
229 1428 -1
229 2528 1
229 2649 -1
230 209 1
230 1418 1
230 1429 -1
230 2529 1
230 2650 -1
231 210 -1
231 1419 1
231 2530 1
231 2651 -1
232 210 1
232 211 -1
232 1420 1
232 2531 1
232 2652 -1
233 211 1
233 212 -1
233 1421 1
233 2532 1
233 2653 -1
234 212 1
234 213 -1
234 1422 1
234 2533 1
234 2654 -1
235 213 1
235 214 -1
235 1423 1
235 2534 1
235 2655 -1
236 214 1
236 215 -1
236 1424 1
236 2535 1
236 2656 -1
237 215 1
237 216 -1
237 1425 1
237 2536 1
237 2657 -1
238 216 1
238 217 -1
238 1426 1
238 2537 1
238 2658 -1
239 217 1
239 218 -1
239 1427 1
239 2538 1
239 2659 -1
240 218 1
240 219 -1
240 1428 1
240 2539 1
240 2660 -1
241 219 1
241 1429 1
241 2540 1
241 2661 -1
242 220 -1
242 1430 -1
242 2541 1
242 2662 -1
243 220 1
243 221 -1
243 1431 -1
243 2542 1
243 2663 -1
244 221 1
244 222 -1
244 1432 -1
244 2543 1
244 2664 -1
245 222 1
245 223 -1
245 1433 -1
245 2544 1
245 2665 -1
246 223 1
246 224 -1
246 1434 -1
246 2545 1
246 2666 -1
247 224 1
247 225 -1
247 1435 -1
247 2546 1
247 2667 -1
248 225 1
248 226 -1
248 1436 -1
248 2547 1
248 2668 -1
249 226 1
249 227 -1
249 1437 -1
249 2548 1
249 2669 -1
250 227 1
250 228 -1
250 1438 -1
250 2549 1
250 2670 -1
251 228 1
251 229 -1
251 1439 -1
251 2550 1
251 2671 -1
252 229 1
252 1440 -1
252 2551 1
252 2672 -1
253 230 -1
253 1430 1
253 1441 -1
253 2552 1
253 2673 -1
254 230 1
254 231 -1
254 1431 1
254 1442 -1
254 2553 1
254 2674 -1
255 231 1
255 232 -1
255 1432 1
255 1443 -1
255 2554 1
255 2675 -1
256 232 1
256 233 -1
256 1433 1
256 1444 -1
256 2555 1
256 2676 -1
257 233 1
257 234 -1
257 1434 1
257 1445 -1
257 2556 1
257 2677 -1
258 234 1
258 235 -1
258 1435 1
258 1446 -1
258 2557 1
258 2678 -1
259 235 1
259 236 -1
259 1436 1
259 1447 -1
259 2558 1
259 2679 -1
260 236 1
260 237 -1
260 1437 1
260 1448 -1
260 2559 1
260 2680 -1
261 237 1
261 238 -1
261 1438 1
261 1449 -1
261 2560 1
261 2681 -1
262 238 1
262 239 -1
262 1439 1
262 1450 -1
262 2561 1
262 2682 -1
263 239 1
263 1440 1
263 1451 -1
263 2562 1
263 2683 -1
264 240 -1
264 1441 1
264 1452 -1
264 2563 1
264 2684 -1
265 240 1
265 241 -1
265 1442 1
265 1453 -1
265 2564 1
265 2685 -1
266 241 1
266 242 -1
266 1443 1
266 1454 -1
266 2565 1
266 2686 -1
267 242 1
267 243 -1
267 1444 1
267 1455 -1
267 2566 1
267 2687 -1
268 243 1
268 244 -1
268 1445 1
268 1456 -1
268 2567 1
268 2688 -1
269 244 1
269 245 -1
269 1446 1
269 1457 -1
269 2568 1
269 2689 -1
270 245 1
270 246 -1
270 1447 1
270 1458 -1
270 2569 1
270 2690 -1
271 246 1
271 247 -1
271 1448 1
271 1459 -1
271 2570 1
271 2691 -1
272 247 1
272 248 -1
272 1449 1
272 1460 -1
272 2571 1
272 2692 -1
273 248 1
273 249 -1
273 1450 1
273 1461 -1
273 2572 1
273 2693 -1
274 249 1
274 1451 1
274 1462 -1
274 2573 1
274 2694 -1
275 250 -1
275 1452 1
275 1463 -1
275 2574 1
275 2695 -1
276 250 1
276 251 -1
276 1453 1
276 1464 -1
276 2575 1
276 2696 -1
277 251 1
277 252 -1
277 1454 1
277 1465 -1
277 2576 1
277 2697 -1
278 252 1
278 253 -1
278 1455 1
278 1466 -1
278 2577 1
278 2698 -1
279 253 1
279 254 -1
279 1456 1
279 1467 -1
279 2578 1
279 2699 -1
280 254 1
280 255 -1
280 1457 1
280 1468 -1
280 2579 1
280 2700 -1
281 255 1
281 256 -1
281 1458 1
281 1469 -1
281 2580 1
281 2701 -1
282 256 1
282 257 -1
282 1459 1
282 1470 -1
282 2581 1
282 2702 -1
283 257 1
283 258 -1
283 1460 1
283 1471 -1
283 2582 1
283 2703 -1
284 258 1
284 259 -1
284 1461 1
284 1472 -1
284 2583 1
284 2704 -1
285 259 1
285 1462 1
285 1473 -1
285 2584 1
285 2705 -1
286 260 -1
286 1463 1
286 1474 -1
286 2585 1
286 2706 -1
287 260 1
287 261 -1
287 1464 1
287 1475 -1
287 2586 1
287 2707 -1
288 261 1
288 262 -1
288 1465 1
288 1476 -1
288 2587 1
288 2708 -1
289 262 1
289 263 -1
289 1466 1
289 1477 -1
289 2588 1
289 2709 -1
290 263 1
290 264 -1
290 1467 1
290 1478 -1
290 2589 1
290 2710 -1
291 264 1
291 265 -1
291 1468 1
291 1479 -1
291 2590 1
291 2711 -1
292 265 1
292 266 -1
292 1469 1
292 1480 -1
292 2591 1
292 2712 -1
293 266 1
293 267 -1
293 1470 1
293 1481 -1
293 2592 1
293 2713 -1
294 267 1
294 268 -1
294 1471 1
294 1482 -1
294 2593 1
294 2714 -1
295 268 1
295 269 -1
295 1472 1
295 1483 -1
295 2594 1
295 2715 -1
296 269 1
296 1473 1
296 1484 -1
296 2595 1
296 2716 -1
297 270 -1
297 1474 1
297 1485 -1
297 2596 1
297 2717 -1
298 270 1
298 271 -1
298 1475 1
298 1486 -1
298 2597 1
298 2718 -1
299 271 1
299 272 -1
299 1476 1
299 1487 -1
299 2598 1
299 2719 -1
300 272 1
300 273 -1
300 1477 1
300 1488 -1
300 2599 1
300 2720 -1
301 273 1
301 274 -1
301 1478 1
301 1489 -1
301 2600 1
301 2721 -1
302 274 1
302 275 -1
302 1479 1
302 1490 -1
302 2601 1
302 2722 -1
303 275 1
303 276 -1
303 1480 1
303 1491 -1
303 2602 1
303 2723 -1
304 276 1
304 277 -1
304 1481 1
304 1492 -1
304 2603 1
304 2724 -1
305 277 1
305 278 -1
305 1482 1
305 1493 -1
305 2604 1
305 2725 -1
306 278 1
306 279 -1
306 1483 1
306 1494 -1
306 2605 1
306 2726 -1
307 279 1
307 1484 1
307 1495 -1
307 2606 1
307 2727 -1
308 280 -1
308 1485 1
308 1496 -1
308 2607 1
308 2728 -1
309 280 1
309 281 -1
309 1486 1
309 1497 -1
309 2608 1
309 2729 -1
310 281 1
310 282 -1
310 1487 1
310 1498 -1
310 2609 1
310 2730 -1
311 282 1
311 283 -1
311 1488 1
311 1499 -1
311 2610 1
311 2731 -1
312 283 1
312 284 -1
312 1489 1
312 1500 -1
312 2611 1
312 2732 -1
313 284 1
313 285 -1
313 1490 1
313 1501 -1
313 2612 1
313 2733 -1
314 285 1
314 286 -1
314 1491 1
314 1502 -1
314 2613 1
314 2734 -1
315 286 1
315 287 -1
315 1492 1
315 1503 -1
315 2614 1
315 2735 -1
316 287 1
316 288 -1
316 1493 1
316 1504 -1
316 2615 1
316 2736 -1
317 288 1
317 289 -1
317 1494 1
317 1505 -1
317 2616 1
317 2737 -1
318 289 1
318 1495 1
318 1506 -1
318 2617 1
318 2738 -1
319 290 -1
319 1496 1
319 1507 -1
319 2618 1
319 2739 -1
320 290 1
320 291 -1
320 1497 1
320 1508 -1
320 2619 1
320 2740 -1
321 291 1
321 292 -1
321 1498 1
321 1509 -1
321 2620 1
321 2741 -1
322 292 1
322 293 -1
322 1499 1
322 1510 -1
322 2621 1
322 2742 -1
323 293 1
323 294 -1
323 1500 1
323 1511 -1
323 2622 1
323 2743 -1
324 294 1
324 295 -1
324 1501 1
324 1512 -1
324 2623 1
324 2744 -1
325 295 1
325 296 -1
325 1502 1
325 1513 -1
325 2624 1
325 2745 -1
326 296 1
326 297 -1
326 1503 1
326 1514 -1
326 2625 1
326 2746 -1
327 297 1
327 298 -1
327 1504 1
327 1515 -1
327 2626 1
327 2747 -1
328 298 1
328 299 -1
328 1505 1
328 1516 -1
328 2627 1
328 2748 -1
329 299 1
329 1506 1
329 1517 -1
329 2628 1
329 2749 -1
330 300 -1
330 1507 1
330 1518 -1
330 2629 1
330 2750 -1
331 300 1
331 301 -1
331 1508 1
331 1519 -1
331 2630 1
331 2751 -1
332 301 1
332 302 -1
332 1509 1
332 1520 -1
332 2631 1
332 2752 -1
333 302 1
333 303 -1
333 1510 1
333 1521 -1
333 2632 1
333 2753 -1
334 303 1
334 304 -1
334 1511 1
334 1522 -1
334 2633 1
334 2754 -1
335 304 1
335 305 -1
335 1512 1
335 1523 -1
335 2634 1
335 2755 -1
336 305 1
336 306 -1
336 1513 1
336 1524 -1
336 2635 1
336 2756 -1
337 306 1
337 307 -1
337 1514 1
337 1525 -1
337 2636 1
337 2757 -1
338 307 1
338 308 -1
338 1515 1
338 1526 -1
338 2637 1
338 2758 -1
339 308 1
339 309 -1
339 1516 1
339 1527 -1
339 2638 1
339 2759 -1
340 309 1
340 1517 1
340 1528 -1
340 2639 1
340 2760 -1
341 310 -1
341 1518 1
341 1529 -1
341 2640 1
341 2761 -1
342 310 1
342 311 -1
342 1519 1
342 1530 -1
342 2641 1
342 2762 -1
343 311 1
343 312 -1
343 1520 1
343 1531 -1
343 2642 1
343 2763 -1
344 312 1
344 313 -1
344 1521 1
344 1532 -1
344 2643 1
344 2764 -1
345 313 1
345 314 -1
345 1522 1
345 1533 -1
345 2644 1
345 2765 -1
346 314 1
346 315 -1
346 1523 1
346 1534 -1
346 2645 1
346 2766 -1
347 315 1
347 316 -1
347 1524 1
347 1535 -1
347 2646 1
347 2767 -1
348 316 1
348 317 -1
348 1525 1
348 1536 -1
348 2647 1
348 2768 -1
349 317 1
349 318 -1
349 1526 1
349 1537 -1
349 2648 1
349 2769 -1
350 318 1
350 319 -1
350 1527 1
350 1538 -1
350 2649 1
350 2770 -1
351 319 1
351 1528 1
351 1539 -1
351 2650 1
351 2771 -1
352 320 -1
352 1529 1
352 2651 1
352 2772 -1
353 320 1
353 321 -1
353 1530 1
353 2652 1
353 2773 -1
354 321 1
354 322 -1
354 1531 1
354 2653 1
354 2774 -1
355 322 1
355 323 -1
355 1532 1
355 2654 1
355 2775 -1
356 323 1
356 324 -1
356 1533 1
356 2655 1
356 2776 -1
357 324 1
357 325 -1
357 1534 1
357 2656 1
357 2777 -1
358 325 1
358 326 -1
358 1535 1
358 2657 1
358 2778 -1
359 326 1
359 327 -1
359 1536 1
359 2658 1
359 2779 -1
360 327 1
360 328 -1
360 1537 1
360 2659 1
360 2780 -1
361 328 1
361 329 -1
361 1538 1
361 2660 1
361 2781 -1
362 329 1
362 1539 1
362 2661 1
362 2782 -1
363 330 -1
363 1540 -1
363 2662 1
363 2783 -1
364 330 1
364 331 -1
364 1541 -1
364 2663 1
364 2784 -1
365 331 1
365 332 -1
365 1542 -1
365 2664 1
365 2785 -1
366 332 1
366 333 -1
366 1543 -1
366 2665 1
366 2786 -1
367 333 1
367 334 -1
367 1544 -1
367 2666 1
367 2787 -1
368 334 1
368 335 -1
368 1545 -1
368 2667 1
368 2788 -1
369 335 1
369 336 -1
369 1546 -1
369 2668 1
369 2789 -1
370 336 1
370 337 -1
370 1547 -1
370 2669 1
370 2790 -1
371 337 1
371 338 -1
371 1548 -1
371 2670 1
371 2791 -1
372 338 1
372 339 -1
372 1549 -1
372 2671 1
372 2792 -1
373 339 1
373 1550 -1
373 2672 1
373 2793 -1
374 340 -1
374 1540 1
374 1551 -1
374 2673 1
374 2794 -1
375 340 1
375 341 -1
375 1541 1
375 1552 -1
375 2674 1
375 2795 -1
376 341 1
376 342 -1
376 1542 1
376 1553 -1
376 2675 1
376 2796 -1
377 342 1
377 343 -1
377 1543 1
377 1554 -1
377 2676 1
377 2797 -1
378 343 1
378 344 -1
378 1544 1
378 1555 -1
378 2677 1
378 2798 -1
379 344 1
379 345 -1
379 1545 1
379 1556 -1
379 2678 1
379 2799 -1
380 345 1
380 346 -1
380 1546 1
380 1557 -1
380 2679 1
380 2800 -1
381 346 1
381 347 -1
381 1547 1
381 1558 -1
381 2680 1
381 2801 -1
382 347 1
382 348 -1
382 1548 1
382 1559 -1
382 2681 1
382 2802 -1
383 348 1
383 349 -1
383 1549 1
383 1560 -1
383 2682 1
383 2803 -1
384 349 1
384 1550 1
384 1561 -1
384 2683 1
384 2804 -1
385 350 -1
385 1551 1
385 1562 -1
385 2684 1
385 2805 -1
386 350 1
386 351 -1
386 1552 1
386 1563 -1
386 2685 1
386 2806 -1
387 351 1
387 352 -1
387 1553 1
387 1564 -1
387 2686 1
387 2807 -1
388 352 1
388 353 -1
388 1554 1
388 1565 -1
388 2687 1
388 2808 -1
389 353 1
389 354 -1
389 1555 1
389 1566 -1
389 2688 1
389 2809 -1
390 354 1
390 355 -1
390 1556 1
390 1567 -1
390 2689 1
390 2810 -1
391 355 1
391 356 -1
391 1557 1
391 1568 -1
391 2690 1
391 2811 -1
392 356 1
392 357 -1
392 1558 1
392 1569 -1
392 2691 1
392 2812 -1
393 357 1
393 358 -1
393 1559 1
393 1570 -1
393 2692 1
393 2813 -1
394 358 1
394 359 -1
394 1560 1
394 1571 -1
394 2693 1
394 2814 -1
395 359 1
395 1561 1
395 1572 -1
395 2694 1
395 2815 -1
396 360 -1
396 1562 1
396 1573 -1
396 2695 1
396 2816 -1
397 360 1
397 361 -1
397 1563 1
397 1574 -1
397 2696 1
397 2817 -1
398 361 1
398 362 -1
398 1564 1
398 1575 -1
398 2697 1
398 2818 -1
399 362 1
399 363 -1
399 1565 1
399 1576 -1
399 2698 1
399 2819 -1
400 363 1
400 364 -1
400 1566 1
400 1577 -1
400 2699 1
400 2820 -1
401 364 1
401 365 -1
401 1567 1
401 1578 -1
401 2700 1
401 2821 -1
402 365 1
402 366 -1
402 1568 1
402 1579 -1
402 2701 1
402 2822 -1
403 366 1
403 367 -1
403 1569 1
403 1580 -1
403 2702 1
403 2823 -1
404 367 1
404 368 -1
404 1570 1
404 1581 -1
404 2703 1
404 2824 -1
405 368 1
405 369 -1
405 1571 1
405 1582 -1
405 2704 1
405 2825 -1
406 369 1
406 1572 1
406 1583 -1
406 2705 1
406 2826 -1
407 370 -1
407 1573 1
407 1584 -1
407 2706 1
407 2827 -1
408 370 1
408 371 -1
408 1574 1
408 1585 -1
408 2707 1
408 2828 -1
409 371 1
409 372 -1
409 1575 1
409 1586 -1
409 2708 1
409 2829 -1
410 372 1
410 373 -1
410 1576 1
410 1587 -1
410 2709 1
410 2830 -1
411 373 1
411 374 -1
411 1577 1
411 1588 -1
411 2710 1
411 2831 -1
412 374 1
412 375 -1
412 1578 1
412 1589 -1
412 2711 1
412 2832 -1
413 375 1
413 376 -1
413 1579 1
413 1590 -1
413 2712 1
413 2833 -1
414 376 1
414 377 -1
414 1580 1
414 1591 -1
414 2713 1
414 2834 -1
415 377 1
415 378 -1
415 1581 1
415 1592 -1
415 2714 1
415 2835 -1
416 378 1
416 379 -1
416 1582 1
416 1593 -1
416 2715 1
416 2836 -1
417 379 1
417 1583 1
417 1594 -1
417 2716 1
417 2837 -1
418 380 -1
418 1584 1
418 1595 -1
418 2717 1
418 2838 -1
419 380 1
419 381 -1
419 1585 1
419 1596 -1
419 2718 1
419 2839 -1
420 381 1
420 382 -1
420 1586 1
420 1597 -1
420 2719 1
420 2840 -1
421 382 1
421 383 -1
421 1587 1
421 1598 -1
421 2720 1
421 2841 -1
422 383 1
422 384 -1
422 1588 1
422 1599 -1
422 2721 1
422 2842 -1
423 384 1
423 385 -1
423 1589 1
423 1600 -1
423 2722 1
423 2843 -1
424 385 1
424 386 -1
424 1590 1
424 1601 -1
424 2723 1
424 2844 -1
425 386 1
425 387 -1
425 1591 1
425 1602 -1
425 2724 1
425 2845 -1
426 387 1
426 388 -1
426 1592 1
426 1603 -1
426 2725 1
426 2846 -1
427 388 1
427 389 -1
427 1593 1
427 1604 -1
427 2726 1
427 2847 -1
428 389 1
428 1594 1
428 1605 -1
428 2727 1
428 2848 -1
429 390 -1
429 1595 1
429 1606 -1
429 2728 1
429 2849 -1
430 390 1
430 391 -1
430 1596 1
430 1607 -1
430 2729 1
430 2850 -1
431 391 1
431 392 -1
431 1597 1
431 1608 -1
431 2730 1
431 2851 -1
432 392 1
432 393 -1
432 1598 1
432 1609 -1
432 2731 1
432 2852 -1
433 393 1
433 394 -1
433 1599 1
433 1610 -1
433 2732 1
433 2853 -1
434 394 1
434 395 -1
434 1600 1
434 1611 -1
434 2733 1
434 2854 -1
435 395 1
435 396 -1
435 1601 1
435 1612 -1
435 2734 1
435 2855 -1
436 396 1
436 397 -1
436 1602 1
436 1613 -1
436 2735 1
436 2856 -1
437 397 1
437 398 -1
437 1603 1
437 1614 -1
437 2736 1
437 2857 -1
438 398 1
438 399 -1
438 1604 1
438 1615 -1
438 2737 1
438 2858 -1
439 399 1
439 1605 1
439 1616 -1
439 2738 1
439 2859 -1
440 400 -1
440 1606 1
440 1617 -1
440 2739 1
440 2860 -1
441 400 1
441 401 -1
441 1607 1
441 1618 -1
441 2740 1
441 2861 -1
442 401 1
442 402 -1
442 1608 1
442 1619 -1
442 2741 1
442 2862 -1
443 402 1
443 403 -1
443 1609 1
443 1620 -1
443 2742 1
443 2863 -1
444 403 1
444 404 -1
444 1610 1
444 1621 -1
444 2743 1
444 2864 -1
445 404 1
445 405 -1
445 1611 1
445 1622 -1
445 2744 1
445 2865 -1
446 405 1
446 406 -1
446 1612 1
446 1623 -1
446 2745 1
446 2866 -1
447 406 1
447 407 -1
447 1613 1
447 1624 -1
447 2746 1
447 2867 -1
448 407 1
448 408 -1
448 1614 1
448 1625 -1
448 2747 1
448 2868 -1
449 408 1
449 409 -1
449 1615 1
449 1626 -1
449 2748 1
449 2869 -1
450 409 1
450 1616 1
450 1627 -1
450 2749 1
450 2870 -1
451 410 -1
451 1617 1
451 1628 -1
451 2750 1
451 2871 -1
452 410 1
452 411 -1
452 1618 1
452 1629 -1
452 2751 1
452 2872 -1
453 411 1
453 412 -1
453 1619 1
453 1630 -1
453 2752 1
453 2873 -1
454 412 1
454 413 -1
454 1620 1
454 1631 -1
454 2753 1
454 2874 -1
455 413 1
455 414 -1
455 1621 1
455 1632 -1
455 2754 1
455 2875 -1
456 414 1
456 415 -1
456 1622 1
456 1633 -1
456 2755 1
456 2876 -1
457 415 1
457 416 -1
457 1623 1
457 1634 -1
457 2756 1
457 2877 -1
458 416 1
458 417 -1
458 1624 1
458 1635 -1
458 2757 1
458 2878 -1
459 417 1
459 418 -1
459 1625 1
459 1636 -1
459 2758 1
459 2879 -1
460 418 1
460 419 -1
460 1626 1
460 1637 -1
460 2759 1
460 2880 -1
461 419 1
461 1627 1
461 1638 -1
461 2760 1
461 2881 -1
462 420 -1
462 1628 1
462 1639 -1
462 2761 1
462 2882 -1
463 420 1
463 421 -1
463 1629 1
463 1640 -1
463 2762 1
463 2883 -1
464 421 1
464 422 -1
464 1630 1
464 1641 -1
464 2763 1
464 2884 -1
465 422 1
465 423 -1
465 1631 1
465 1642 -1
465 2764 1
465 2885 -1
466 423 1
466 424 -1
466 1632 1
466 1643 -1
466 2765 1
466 2886 -1
467 424 1
467 425 -1
467 1633 1
467 1644 -1
467 2766 1
467 2887 -1
468 425 1
468 426 -1
468 1634 1
468 1645 -1
468 2767 1
468 2888 -1
469 426 1
469 427 -1
469 1635 1
469 1646 -1
469 2768 1
469 2889 -1
470 427 1
470 428 -1
470 1636 1
470 1647 -1
470 2769 1
470 2890 -1
471 428 1
471 429 -1
471 1637 1
471 1648 -1
471 2770 1
471 2891 -1
472 429 1
472 1638 1
472 1649 -1
472 2771 1
472 2892 -1
473 430 -1
473 1639 1
473 2772 1
473 2893 -1
474 430 1
474 431 -1
474 1640 1
474 2773 1
474 2894 -1
475 431 1
475 432 -1
475 1641 1
475 2774 1
475 2895 -1
476 432 1
476 433 -1
476 1642 1
476 2775 1
476 2896 -1
477 433 1
477 434 -1
477 1643 1
477 2776 1
477 2897 -1
478 434 1
478 435 -1
478 1644 1
478 2777 1
478 2898 -1
479 435 1
479 436 -1
479 1645 1
479 2778 1
479 2899 -1
480 436 1
480 437 -1
480 1646 1
480 2779 1
480 2900 -1
481 437 1
481 438 -1
481 1647 1
481 2780 1
481 2901 -1
482 438 1
482 439 -1
482 1648 1
482 2781 1
482 2902 -1
483 439 1
483 1649 1
483 2782 1
483 2903 -1
484 440 -1
484 1650 -1
484 2783 1
484 2904 -1
485 440 1
485 441 -1
485 1651 -1
485 2784 1
485 2905 -1
486 441 1
486 442 -1
486 1652 -1
486 2785 1
486 2906 -1
487 442 1
487 443 -1
487 1653 -1
487 2786 1
487 2907 -1
488 443 1
488 444 -1
488 1654 -1
488 2787 1
488 2908 -1
489 444 1
489 445 -1
489 1655 -1
489 2788 1
489 2909 -1
490 445 1
490 446 -1
490 1656 -1
490 2789 1
490 2910 -1
491 446 1
491 447 -1
491 1657 -1
491 2790 1
491 2911 -1
492 447 1
492 448 -1
492 1658 -1
492 2791 1
492 2912 -1
493 448 1
493 449 -1
493 1659 -1
493 2792 1
493 2913 -1
494 449 1
494 1660 -1
494 2793 1
494 2914 -1
495 450 -1
495 1650 1
495 1661 -1
495 2794 1
495 2915 -1
496 450 1
496 451 -1
496 1651 1
496 1662 -1
496 2795 1
496 2916 -1
497 451 1
497 452 -1
497 1652 1
497 1663 -1
497 2796 1
497 2917 -1
498 452 1
498 453 -1
498 1653 1
498 1664 -1
498 2797 1
498 2918 -1
499 453 1
499 454 -1
499 1654 1
499 1665 -1
499 2798 1
499 2919 -1
500 454 1
500 455 -1
500 1655 1
500 1666 -1
500 2799 1
500 2920 -1
501 455 1
501 456 -1
501 1656 1
501 1667 -1
501 2800 1
501 2921 -1
502 456 1
502 457 -1
502 1657 1
502 1668 -1
502 2801 1
502 2922 -1
503 457 1
503 458 -1
503 1658 1
503 1669 -1
503 2802 1
503 2923 -1
504 458 1
504 459 -1
504 1659 1
504 1670 -1
504 2803 1
504 2924 -1
505 459 1
505 1660 1
505 1671 -1
505 2804 1
505 2925 -1
506 460 -1
506 1661 1
506 1672 -1
506 2805 1
506 2926 -1
507 460 1
507 461 -1
507 1662 1
507 1673 -1
507 2806 1
507 2927 -1
508 461 1
508 462 -1
508 1663 1
508 1674 -1
508 2807 1
508 2928 -1
509 462 1
509 463 -1
509 1664 1
509 1675 -1
509 2808 1
509 2929 -1
510 463 1
510 464 -1
510 1665 1
510 1676 -1
510 2809 1
510 2930 -1
511 464 1
511 465 -1
511 1666 1
511 1677 -1
511 2810 1
511 2931 -1
512 465 1
512 466 -1
512 1667 1
512 1678 -1
512 2811 1
512 2932 -1
513 466 1
513 467 -1
513 1668 1
513 1679 -1
513 2812 1
513 2933 -1
514 467 1
514 468 -1
514 1669 1
514 1680 -1
514 2813 1
514 2934 -1
515 468 1
515 469 -1
515 1670 1
515 1681 -1
515 2814 1
515 2935 -1
516 469 1
516 1671 1
516 1682 -1
516 2815 1
516 2936 -1
517 470 -1
517 1672 1
517 1683 -1
517 2816 1
517 2937 -1
518 470 1
518 471 -1
518 1673 1
518 1684 -1
518 2817 1
518 2938 -1
519 471 1
519 472 -1
519 1674 1
519 1685 -1
519 2818 1
519 2939 -1
520 472 1
520 473 -1
520 1675 1
520 1686 -1
520 2819 1
520 2940 -1
521 473 1
521 474 -1
521 1676 1
521 1687 -1
521 2820 1
521 2941 -1
522 474 1
522 475 -1
522 1677 1
522 1688 -1
522 2821 1
522 2942 -1
523 475 1
523 476 -1
523 1678 1
523 1689 -1
523 2822 1
523 2943 -1
524 476 1
524 477 -1
524 1679 1
524 1690 -1
524 2823 1
524 2944 -1
525 477 1
525 478 -1
525 1680 1
525 1691 -1
525 2824 1
525 2945 -1
526 478 1
526 479 -1
526 1681 1
526 1692 -1
526 2825 1
526 2946 -1
527 479 1
527 1682 1
527 1693 -1
527 2826 1
527 2947 -1
528 480 -1
528 1683 1
528 1694 -1
528 2827 1
528 2948 -1
529 480 1
529 481 -1
529 1684 1
529 1695 -1
529 2828 1
529 2949 -1
530 481 1
530 482 -1
530 1685 1
530 1696 -1
530 2829 1
530 2950 -1
531 482 1
531 483 -1
531 1686 1
531 1697 -1
531 2830 1
531 2951 -1
532 483 1
532 484 -1
532 1687 1
532 1698 -1
532 2831 1
532 2952 -1
533 484 1
533 485 -1
533 1688 1
533 1699 -1
533 2832 1
533 2953 -1
534 485 1
534 486 -1
534 1689 1
534 1700 -1
534 2833 1
534 2954 -1
535 486 1
535 487 -1
535 1690 1
535 1701 -1
535 2834 1
535 2955 -1
536 487 1
536 488 -1
536 1691 1
536 1702 -1
536 2835 1
536 2956 -1
537 488 1
537 489 -1
537 1692 1
537 1703 -1
537 2836 1
537 2957 -1
538 489 1
538 1693 1
538 1704 -1
538 2837 1
538 2958 -1
539 490 -1
539 1694 1
539 1705 -1
539 2838 1
539 2959 -1
540 490 1
540 491 -1
540 1695 1
540 1706 -1
540 2839 1
540 2960 -1
541 491 1
541 492 -1
541 1696 1
541 1707 -1
541 2840 1
541 2961 -1
542 492 1
542 493 -1
542 1697 1
542 1708 -1
542 2841 1
542 2962 -1
543 493 1
543 494 -1
543 1698 1
543 1709 -1
543 2842 1
543 2963 -1
544 494 1
544 495 -1
544 1699 1
544 1710 -1
544 2843 1
544 2964 -1
545 495 1
545 496 -1
545 1700 1
545 1711 -1
545 2844 1
545 2965 -1
546 496 1
546 497 -1
546 1701 1
546 1712 -1
546 2845 1
546 2966 -1
547 497 1
547 498 -1
547 1702 1
547 1713 -1
547 2846 1
547 2967 -1
548 498 1
548 499 -1
548 1703 1
548 1714 -1
548 2847 1
548 2968 -1
549 499 1
549 1704 1
549 1715 -1
549 2848 1
549 2969 -1
550 500 -1
550 1705 1
550 1716 -1
550 2849 1
550 2970 -1
551 500 1
551 501 -1
551 1706 1
551 1717 -1
551 2850 1
551 2971 -1
552 501 1
552 502 -1
552 1707 1
552 1718 -1
552 2851 1
552 2972 -1
553 502 1
553 503 -1
553 1708 1
553 1719 -1
553 2852 1
553 2973 -1
554 503 1
554 504 -1
554 1709 1
554 1720 -1
554 2853 1
554 2974 -1
555 504 1
555 505 -1
555 1710 1
555 1721 -1
555 2854 1
555 2975 -1
556 505 1
556 506 -1
556 1711 1
556 1722 -1
556 2855 1
556 2976 -1
557 506 1
557 507 -1
557 1712 1
557 1723 -1
557 2856 1
557 2977 -1
558 507 1
558 508 -1
558 1713 1
558 1724 -1
558 2857 1
558 2978 -1
559 508 1
559 509 -1
559 1714 1
559 1725 -1
559 2858 1
559 2979 -1
560 509 1
560 1715 1
560 1726 -1
560 2859 1
560 2980 -1
561 510 -1
561 1716 1
561 1727 -1
561 2860 1
561 2981 -1
562 510 1
562 511 -1
562 1717 1
562 1728 -1
562 2861 1
562 2982 -1
563 511 1
563 512 -1
563 1718 1
563 1729 -1
563 2862 1
563 2983 -1
564 512 1
564 513 -1
564 1719 1
564 1730 -1
564 2863 1
564 2984 -1
565 513 1
565 514 -1
565 1720 1
565 1731 -1
565 2864 1
565 2985 -1
566 514 1
566 515 -1
566 1721 1
566 1732 -1
566 2865 1
566 2986 -1
567 515 1
567 516 -1
567 1722 1
567 1733 -1
567 2866 1
567 2987 -1
568 516 1
568 517 -1
568 1723 1
568 1734 -1
568 2867 1
568 2988 -1
569 517 1
569 518 -1
569 1724 1
569 1735 -1
569 2868 1
569 2989 -1
570 518 1
570 519 -1
570 1725 1
570 1736 -1
570 2869 1
570 2990 -1
571 519 1
571 1726 1
571 1737 -1
571 2870 1
571 2991 -1
572 520 -1
572 1727 1
572 1738 -1
572 2871 1
572 2992 -1
573 520 1
573 521 -1
573 1728 1
573 1739 -1
573 2872 1
573 2993 -1
574 521 1
574 522 -1
574 1729 1
574 1740 -1
574 2873 1
574 2994 -1
575 522 1
575 523 -1
575 1730 1
575 1741 -1
575 2874 1
575 2995 -1
576 523 1
576 524 -1
576 1731 1
576 1742 -1
576 2875 1
576 2996 -1
577 524 1
577 525 -1
577 1732 1
577 1743 -1
577 2876 1
577 2997 -1
578 525 1
578 526 -1
578 1733 1
578 1744 -1
578 2877 1
578 2998 -1
579 526 1
579 527 -1
579 1734 1
579 1745 -1
579 2878 1
579 2999 -1
580 527 1
580 528 -1
580 1735 1
580 1746 -1
580 2879 1
580 3000 -1
581 528 1
581 529 -1
581 1736 1
581 1747 -1
581 2880 1
581 3001 -1
582 529 1
582 1737 1
582 1748 -1
582 2881 1
582 3002 -1
583 530 -1
583 1738 1
583 1749 -1
583 2882 1
583 3003 -1
584 530 1
584 531 -1
584 1739 1
584 1750 -1
584 2883 1
584 3004 -1
585 531 1
585 532 -1
585 1740 1
585 1751 -1
585 2884 1
585 3005 -1
586 532 1
586 533 -1
586 1741 1
586 1752 -1
586 2885 1
586 3006 -1
587 533 1
587 534 -1
587 1742 1
587 1753 -1
587 2886 1
587 3007 -1
588 534 1
588 535 -1
588 1743 1
588 1754 -1
588 2887 1
588 3008 -1
589 535 1
589 536 -1
589 1744 1
589 1755 -1
589 2888 1
589 3009 -1
590 536 1
590 537 -1
590 1745 1
590 1756 -1
590 2889 1
590 3010 -1
591 537 1
591 538 -1
591 1746 1
591 1757 -1
591 2890 1
591 3011 -1
592 538 1
592 539 -1
592 1747 1
592 1758 -1
592 2891 1
592 3012 -1
593 539 1
593 1748 1
593 1759 -1
593 2892 1
593 3013 -1
594 540 -1
594 1749 1
594 2893 1
594 3014 -1
595 540 1
595 541 -1
595 1750 1
595 2894 1
595 3015 -1
596 541 1
596 542 -1
596 1751 1
596 2895 1
596 3016 -1
597 542 1
597 543 -1
597 1752 1
597 2896 1
597 3017 -1
598 543 1
598 544 -1
598 1753 1
598 2897 1
598 3018 -1
599 544 1
599 545 -1
599 1754 1
599 2898 1
599 3019 -1
600 545 1
600 546 -1
600 1755 1
600 2899 1
600 3020 -1
601 546 1
601 547 -1
601 1756 1
601 2900 1
601 3021 -1
602 547 1
602 548 -1
602 1757 1
602 2901 1
602 3022 -1
603 548 1
603 549 -1
603 1758 1
603 2902 1
603 3023 -1
604 549 1
604 1759 1
604 2903 1
604 3024 -1
605 550 -1
605 1760 -1
605 2904 1
605 3025 -1
606 550 1
606 551 -1
606 1761 -1
606 2905 1
606 3026 -1
607 551 1
607 552 -1
607 1762 -1
607 2906 1
607 3027 -1
608 552 1
608 553 -1
608 1763 -1
608 2907 1
608 3028 -1
609 553 1
609 554 -1
609 1764 -1
609 2908 1
609 3029 -1
610 554 1
610 555 -1
610 1765 -1
610 2909 1
610 3030 -1
611 555 1
611 556 -1
611 1766 -1
611 2910 1
611 3031 -1
612 556 1
612 557 -1
612 1767 -1
612 2911 1
612 3032 -1
613 557 1
613 558 -1
613 1768 -1
613 2912 1
613 3033 -1
614 558 1
614 559 -1
614 1769 -1
614 2913 1
614 3034 -1
615 559 1
615 1770 -1
615 2914 1
615 3035 -1
616 560 -1
616 1760 1
616 1771 -1
616 2915 1
616 3036 -1
617 560 1
617 561 -1
617 1761 1
617 1772 -1
617 2916 1
617 3037 -1
618 561 1
618 562 -1
618 1762 1
618 1773 -1
618 2917 1
618 3038 -1
619 562 1
619 563 -1
619 1763 1
619 1774 -1
619 2918 1
619 3039 -1
620 563 1
620 564 -1
620 1764 1
620 1775 -1
620 2919 1
620 3040 -1
621 564 1
621 565 -1
621 1765 1
621 1776 -1
621 2920 1
621 3041 -1
622 565 1
622 566 -1
622 1766 1
622 1777 -1
622 2921 1
622 3042 -1
623 566 1
623 567 -1
623 1767 1
623 1778 -1
623 2922 1
623 3043 -1
624 567 1
624 568 -1
624 1768 1
624 1779 -1
624 2923 1
624 3044 -1
625 568 1
625 569 -1
625 1769 1
625 1780 -1
625 2924 1
625 3045 -1
626 569 1
626 1770 1
626 1781 -1
626 2925 1
626 3046 -1
627 570 -1
627 1771 1
627 1782 -1
627 2926 1
627 3047 -1
628 570 1
628 571 -1
628 1772 1
628 1783 -1
628 2927 1
628 3048 -1
629 571 1
629 572 -1
629 1773 1
629 1784 -1
629 2928 1
629 3049 -1
630 572 1
630 573 -1
630 1774 1
630 1785 -1
630 2929 1
630 3050 -1
631 573 1
631 574 -1
631 1775 1
631 1786 -1
631 2930 1
631 3051 -1
632 574 1
632 575 -1
632 1776 1
632 1787 -1
632 2931 1
632 3052 -1
633 575 1
633 576 -1
633 1777 1
633 1788 -1
633 2932 1
633 3053 -1
634 576 1
634 577 -1
634 1778 1
634 1789 -1
634 2933 1
634 3054 -1
635 577 1
635 578 -1
635 1779 1
635 1790 -1
635 2934 1
635 3055 -1
636 578 1
636 579 -1
636 1780 1
636 1791 -1
636 2935 1
636 3056 -1
637 579 1
637 1781 1
637 1792 -1
637 2936 1
637 3057 -1
638 580 -1
638 1782 1
638 1793 -1
638 2937 1
638 3058 -1
639 580 1
639 581 -1
639 1783 1
639 1794 -1
639 2938 1
639 3059 -1
640 581 1
640 582 -1
640 1784 1
640 1795 -1
640 2939 1
640 3060 -1
641 582 1
641 583 -1
641 1785 1
641 1796 -1
641 2940 1
641 3061 -1
642 583 1
642 584 -1
642 1786 1
642 1797 -1
642 2941 1
642 3062 -1
643 584 1
643 585 -1
643 1787 1
643 1798 -1
643 2942 1
643 3063 -1
644 585 1
644 586 -1
644 1788 1
644 1799 -1
644 2943 1
644 3064 -1
645 586 1
645 587 -1
645 1789 1
645 1800 -1
645 2944 1
645 3065 -1
646 587 1
646 588 -1
646 1790 1
646 1801 -1
646 2945 1
646 3066 -1
647 588 1
647 589 -1
647 1791 1
647 1802 -1
647 2946 1
647 3067 -1
648 589 1
648 1792 1
648 1803 -1
648 2947 1
648 3068 -1
649 590 -1
649 1793 1
649 1804 -1
649 2948 1
649 3069 -1
650 590 1
650 591 -1
650 1794 1
650 1805 -1
650 2949 1
650 3070 -1
651 591 1
651 592 -1
651 1795 1
651 1806 -1
651 2950 1
651 3071 -1
652 592 1
652 593 -1
652 1796 1
652 1807 -1
652 2951 1
652 3072 -1
653 593 1
653 594 -1
653 1797 1
653 1808 -1
653 2952 1
653 3073 -1
654 594 1
654 595 -1
654 1798 1
654 1809 -1
654 2953 1
654 3074 -1
655 595 1
655 596 -1
655 1799 1
655 1810 -1
655 2954 1
655 3075 -1
656 596 1
656 597 -1
656 1800 1
656 1811 -1
656 2955 1
656 3076 -1
657 597 1
657 598 -1
657 1801 1
657 1812 -1
657 2956 1
657 3077 -1
658 598 1
658 599 -1
658 1802 1
658 1813 -1
658 2957 1
658 3078 -1
659 599 1
659 1803 1
659 1814 -1
659 2958 1
659 3079 -1
660 600 -1
660 1804 1
660 1815 -1
660 2959 1
660 3080 -1
661 600 1
661 601 -1
661 1805 1
661 1816 -1
661 2960 1
661 3081 -1
662 601 1
662 602 -1
662 1806 1
662 1817 -1
662 2961 1
662 3082 -1
663 602 1
663 603 -1
663 1807 1
663 1818 -1
663 2962 1
663 3083 -1
664 603 1
664 604 -1
664 1808 1
664 1819 -1
664 2963 1
664 3084 -1
665 604 1
665 605 -1
665 1809 1
665 1820 -1
665 2964 1
665 3085 -1
666 605 1
666 606 -1
666 1810 1
666 1821 -1
666 2965 1
666 3086 -1
667 606 1
667 607 -1
667 1811 1
667 1822 -1
667 2966 1
667 3087 -1
668 607 1
668 608 -1
668 1812 1
668 1823 -1
668 2967 1
668 3088 -1
669 608 1
669 609 -1
669 1813 1
669 1824 -1
669 2968 1
669 3089 -1
670 609 1
670 1814 1
670 1825 -1
670 2969 1
670 3090 -1
671 610 -1
671 1815 1
671 1826 -1
671 2970 1
671 3091 -1
672 610 1
672 611 -1
672 1816 1
672 1827 -1
672 2971 1
672 3092 -1
673 611 1
673 612 -1
673 1817 1
673 1828 -1
673 2972 1
673 3093 -1
674 612 1
674 613 -1
674 1818 1
674 1829 -1
674 2973 1
674 3094 -1
675 613 1
675 614 -1
675 1819 1
675 1830 -1
675 2974 1
675 3095 -1
676 614 1
676 615 -1
676 1820 1
676 1831 -1
676 2975 1
676 3096 -1
677 615 1
677 616 -1
677 1821 1
677 1832 -1
677 2976 1
677 3097 -1
678 616 1
678 617 -1
678 1822 1
678 1833 -1
678 2977 1
678 3098 -1
679 617 1
679 618 -1
679 1823 1
679 1834 -1
679 2978 1
679 3099 -1
680 618 1
680 619 -1
680 1824 1
680 1835 -1
680 2979 1
680 3100 -1
681 619 1
681 1825 1
681 1836 -1
681 2980 1
681 3101 -1
682 620 -1
682 1826 1
682 1837 -1
682 2981 1
682 3102 -1
683 620 1
683 621 -1
683 1827 1
683 1838 -1
683 2982 1
683 3103 -1
684 621 1
684 622 -1
684 1828 1
684 1839 -1
684 2983 1
684 3104 -1
685 622 1
685 623 -1
685 1829 1
685 1840 -1
685 2984 1
685 3105 -1
686 623 1
686 624 -1
686 1830 1
686 1841 -1
686 2985 1
686 3106 -1
687 624 1
687 625 -1
687 1831 1
687 1842 -1
687 2986 1
687 3107 -1
688 625 1
688 626 -1
688 1832 1
688 1843 -1
688 2987 1
688 3108 -1
689 626 1
689 627 -1
689 1833 1
689 1844 -1
689 2988 1
689 3109 -1
690 627 1
690 628 -1
690 1834 1
690 1845 -1
690 2989 1
690 3110 -1
691 628 1
691 629 -1
691 1835 1
691 1846 -1
691 2990 1
691 3111 -1
692 629 1
692 1836 1
692 1847 -1
692 2991 1
692 3112 -1
693 630 -1
693 1837 1
693 1848 -1
693 2992 1
693 3113 -1
694 630 1
694 631 -1
694 1838 1
694 1849 -1
694 2993 1
694 3114 -1
695 631 1
695 632 -1
695 1839 1
695 1850 -1
695 2994 1
695 3115 -1
696 632 1
696 633 -1
696 1840 1
696 1851 -1
696 2995 1
696 3116 -1
697 633 1
697 634 -1
697 1841 1
697 1852 -1
697 2996 1
697 3117 -1
698 634 1
698 635 -1
698 1842 1
698 1853 -1
698 2997 1
698 3118 -1
699 635 1
699 636 -1
699 1843 1
699 1854 -1
699 2998 1
699 3119 -1
700 636 1
700 637 -1
700 1844 1
700 1855 -1
700 2999 1
700 3120 -1
701 637 1
701 638 -1
701 1845 1
701 1856 -1
701 3000 1
701 3121 -1
702 638 1
702 639 -1
702 1846 1
702 1857 -1
702 3001 1
702 3122 -1
703 639 1
703 1847 1
703 1858 -1
703 3002 1
703 3123 -1
704 640 -1
704 1848 1
704 1859 -1
704 3003 1
704 3124 -1
705 640 1
705 641 -1
705 1849 1
705 1860 -1
705 3004 1
705 3125 -1
706 641 1
706 642 -1
706 1850 1
706 1861 -1
706 3005 1
706 3126 -1
707 642 1
707 643 -1
707 1851 1
707 1862 -1
707 3006 1
707 3127 -1
708 643 1
708 644 -1
708 1852 1
708 1863 -1
708 3007 1
708 3128 -1
709 644 1
709 645 -1
709 1853 1
709 1864 -1
709 3008 1
709 3129 -1
710 645 1
710 646 -1
710 1854 1
710 1865 -1
710 3009 1
710 3130 -1
711 646 1
711 647 -1
711 1855 1
711 1866 -1
711 3010 1
711 3131 -1
712 647 1
712 648 -1
712 1856 1
712 1867 -1
712 3011 1
712 3132 -1
713 648 1
713 649 -1
713 1857 1
713 1868 -1
713 3012 1
713 3133 -1
714 649 1
714 1858 1
714 1869 -1
714 3013 1
714 3134 -1
715 650 -1
715 1859 1
715 3014 1
715 3135 -1
716 650 1
716 651 -1
716 1860 1
716 3015 1
716 3136 -1
717 651 1
717 652 -1
717 1861 1
717 3016 1
717 3137 -1
718 652 1
718 653 -1
718 1862 1
718 3017 1
718 3138 -1
719 653 1
719 654 -1
719 1863 1
719 3018 1
719 3139 -1
720 654 1
720 655 -1
720 1864 1
720 3019 1
720 3140 -1
721 655 1
721 656 -1
721 1865 1
721 3020 1
721 3141 -1
722 656 1
722 657 -1
722 1866 1
722 3021 1
722 3142 -1
723 657 1
723 658 -1
723 1867 1
723 3022 1
723 3143 -1
724 658 1
724 659 -1
724 1868 1
724 3023 1
724 3144 -1
725 659 1
725 1869 1
725 3024 1
725 3145 -1
726 660 -1
726 1870 -1
726 3025 1
726 3146 -1
727 660 1
727 661 -1
727 1871 -1
727 3026 1
727 3147 -1
728 661 1
728 662 -1
728 1872 -1
728 3027 1
728 3148 -1
729 662 1
729 663 -1
729 1873 -1
729 3028 1
729 3149 -1
730 663 1
730 664 -1
730 1874 -1
730 3029 1
730 3150 -1
731 664 1
731 665 -1
731 1875 -1
731 3030 1
731 3151 -1
732 665 1
732 666 -1
732 1876 -1
732 3031 1
732 3152 -1
733 666 1
733 667 -1
733 1877 -1
733 3032 1
733 3153 -1
734 667 1
734 668 -1
734 1878 -1
734 3033 1
734 3154 -1
735 668 1
735 669 -1
735 1879 -1
735 3034 1
735 3155 -1
736 669 1
736 1880 -1
736 3035 1
736 3156 -1
737 670 -1
737 1870 1
737 1881 -1
737 3036 1
737 3157 -1
738 670 1
738 671 -1
738 1871 1
738 1882 -1
738 3037 1
738 3158 -1
739 671 1
739 672 -1
739 1872 1
739 1883 -1
739 3038 1
739 3159 -1
740 672 1
740 673 -1
740 1873 1
740 1884 -1
740 3039 1
740 3160 -1
741 673 1
741 674 -1
741 1874 1
741 1885 -1
741 3040 1
741 3161 -1
742 674 1
742 675 -1
742 1875 1
742 1886 -1
742 3041 1
742 3162 -1
743 675 1
743 676 -1
743 1876 1
743 1887 -1
743 3042 1
743 3163 -1
744 676 1
744 677 -1
744 1877 1
744 1888 -1
744 3043 1
744 3164 -1
745 677 1
745 678 -1
745 1878 1
745 1889 -1
745 3044 1
745 3165 -1
746 678 1
746 679 -1
746 1879 1
746 1890 -1
746 3045 1
746 3166 -1
747 679 1
747 1880 1
747 1891 -1
747 3046 1
747 3167 -1
748 680 -1
748 1881 1
748 1892 -1
748 3047 1
748 3168 -1
749 680 1
749 681 -1
749 1882 1
749 1893 -1
749 3048 1
749 3169 -1
750 681 1
750 682 -1
750 1883 1
750 1894 -1
750 3049 1
750 3170 -1
751 682 1
751 683 -1
751 1884 1
751 1895 -1
751 3050 1
751 3171 -1
752 683 1
752 684 -1
752 1885 1
752 1896 -1
752 3051 1
752 3172 -1
753 684 1
753 685 -1
753 1886 1
753 1897 -1
753 3052 1
753 3173 -1
754 685 1
754 686 -1
754 1887 1
754 1898 -1
754 3053 1
754 3174 -1
755 686 1
755 687 -1
755 1888 1
755 1899 -1
755 3054 1
755 3175 -1
756 687 1
756 688 -1
756 1889 1
756 1900 -1
756 3055 1
756 3176 -1
757 688 1
757 689 -1
757 1890 1
757 1901 -1
757 3056 1
757 3177 -1
758 689 1
758 1891 1
758 1902 -1
758 3057 1
758 3178 -1
759 690 -1
759 1892 1
759 1903 -1
759 3058 1
759 3179 -1
760 690 1
760 691 -1
760 1893 1
760 1904 -1
760 3059 1
760 3180 -1
761 691 1
761 692 -1
761 1894 1
761 1905 -1
761 3060 1
761 3181 -1
762 692 1
762 693 -1
762 1895 1
762 1906 -1
762 3061 1
762 3182 -1
763 693 1
763 694 -1
763 1896 1
763 1907 -1
763 3062 1
763 3183 -1
764 694 1
764 695 -1
764 1897 1
764 1908 -1
764 3063 1
764 3184 -1
765 695 1
765 696 -1
765 1898 1
765 1909 -1
765 3064 1
765 3185 -1
766 696 1
766 697 -1
766 1899 1
766 1910 -1
766 3065 1
766 3186 -1
767 697 1
767 698 -1
767 1900 1
767 1911 -1
767 3066 1
767 3187 -1
768 698 1
768 699 -1
768 1901 1
768 1912 -1
768 3067 1
768 3188 -1
769 699 1
769 1902 1
769 1913 -1
769 3068 1
769 3189 -1
770 700 -1
770 1903 1
770 1914 -1
770 3069 1
770 3190 -1
771 700 1
771 701 -1
771 1904 1
771 1915 -1
771 3070 1
771 3191 -1
772 701 1
772 702 -1
772 1905 1
772 1916 -1
772 3071 1
772 3192 -1
773 702 1
773 703 -1
773 1906 1
773 1917 -1
773 3072 1
773 3193 -1
774 703 1
774 704 -1
774 1907 1
774 1918 -1
774 3073 1
774 3194 -1
775 704 1
775 705 -1
775 1908 1
775 1919 -1
775 3074 1
775 3195 -1
776 705 1
776 706 -1
776 1909 1
776 1920 -1
776 3075 1
776 3196 -1
777 706 1
777 707 -1
777 1910 1
777 1921 -1
777 3076 1
777 3197 -1
778 707 1
778 708 -1
778 1911 1
778 1922 -1
778 3077 1
778 3198 -1
779 708 1
779 709 -1
779 1912 1
779 1923 -1
779 3078 1
779 3199 -1
780 709 1
780 1913 1
780 1924 -1
780 3079 1
780 3200 -1
781 710 -1
781 1914 1
781 1925 -1
781 3080 1
781 3201 -1
782 710 1
782 711 -1
782 1915 1
782 1926 -1
782 3081 1
782 3202 -1
783 711 1
783 712 -1
783 1916 1
783 1927 -1
783 3082 1
783 3203 -1
784 712 1
784 713 -1
784 1917 1
784 1928 -1
784 3083 1
784 3204 -1
785 713 1
785 714 -1
785 1918 1
785 1929 -1
785 3084 1
785 3205 -1
786 714 1
786 715 -1
786 1919 1
786 1930 -1
786 3085 1
786 3206 -1
787 715 1
787 716 -1
787 1920 1
787 1931 -1
787 3086 1
787 3207 -1
788 716 1
788 717 -1
788 1921 1
788 1932 -1
788 3087 1
788 3208 -1
789 717 1
789 718 -1
789 1922 1
789 1933 -1
789 3088 1
789 3209 -1
790 718 1
790 719 -1
790 1923 1
790 1934 -1
790 3089 1
790 3210 -1
791 719 1
791 1924 1
791 1935 -1
791 3090 1
791 3211 -1
792 720 -1
792 1925 1
792 1936 -1
792 3091 1
792 3212 -1
793 720 1
793 721 -1
793 1926 1
793 1937 -1
793 3092 1
793 3213 -1
794 721 1
794 722 -1
794 1927 1
794 1938 -1
794 3093 1
794 3214 -1
795 722 1
795 723 -1
795 1928 1
795 1939 -1
795 3094 1
795 3215 -1
796 723 1
796 724 -1
796 1929 1
796 1940 -1
796 3095 1
796 3216 -1
797 724 1
797 725 -1
797 1930 1
797 1941 -1
797 3096 1
797 3217 -1
798 725 1
798 726 -1
798 1931 1
798 1942 -1
798 3097 1
798 3218 -1
799 726 1
799 727 -1
799 1932 1
799 1943 -1
799 3098 1
799 3219 -1
800 727 1
800 728 -1
800 1933 1
800 1944 -1
800 3099 1
800 3220 -1
801 728 1
801 729 -1
801 1934 1
801 1945 -1
801 3100 1
801 3221 -1
802 729 1
802 1935 1
802 1946 -1
802 3101 1
802 3222 -1
803 730 -1
803 1936 1
803 1947 -1
803 3102 1
803 3223 -1
804 730 1
804 731 -1
804 1937 1
804 1948 -1
804 3103 1
804 3224 -1
805 731 1
805 732 -1
805 1938 1
805 1949 -1
805 3104 1
805 3225 -1
806 732 1
806 733 -1
806 1939 1
806 1950 -1
806 3105 1
806 3226 -1
807 733 1
807 734 -1
807 1940 1
807 1951 -1
807 3106 1
807 3227 -1
808 734 1
808 735 -1
808 1941 1
808 1952 -1
808 3107 1
808 3228 -1
809 735 1
809 736 -1
809 1942 1
809 1953 -1
809 3108 1
809 3229 -1
810 736 1
810 737 -1
810 1943 1
810 1954 -1
810 3109 1
810 3230 -1
811 737 1
811 738 -1
811 1944 1
811 1955 -1
811 3110 1
811 3231 -1
812 738 1
812 739 -1
812 1945 1
812 1956 -1
812 3111 1
812 3232 -1
813 739 1
813 1946 1
813 1957 -1
813 3112 1
813 3233 -1
814 740 -1
814 1947 1
814 1958 -1
814 3113 1
814 3234 -1
815 740 1
815 741 -1
815 1948 1
815 1959 -1
815 3114 1
815 3235 -1
816 741 1
816 742 -1
816 1949 1
816 1960 -1
816 3115 1
816 3236 -1
817 742 1
817 743 -1
817 1950 1
817 1961 -1
817 3116 1
817 3237 -1
818 743 1
818 744 -1
818 1951 1
818 1962 -1
818 3117 1
818 3238 -1
819 744 1
819 745 -1
819 1952 1
819 1963 -1
819 3118 1
819 3239 -1
820 745 1
820 746 -1
820 1953 1
820 1964 -1
820 3119 1
820 3240 -1
821 746 1
821 747 -1
821 1954 1
821 1965 -1
821 3120 1
821 3241 -1
822 747 1
822 748 -1
822 1955 1
822 1966 -1
822 3121 1
822 3242 -1
823 748 1
823 749 -1
823 1956 1
823 1967 -1
823 3122 1
823 3243 -1
824 749 1
824 1957 1
824 1968 -1
824 3123 1
824 3244 -1
825 750 -1
825 1958 1
825 1969 -1
825 3124 1
825 3245 -1
826 750 1
826 751 -1
826 1959 1
826 1970 -1
826 3125 1
826 3246 -1
827 751 1
827 752 -1
827 1960 1
827 1971 -1
827 3126 1
827 3247 -1
828 752 1
828 753 -1
828 1961 1
828 1972 -1
828 3127 1
828 3248 -1
829 753 1
829 754 -1
829 1962 1
829 1973 -1
829 3128 1
829 3249 -1
830 754 1
830 755 -1
830 1963 1
830 1974 -1
830 3129 1
830 3250 -1
831 755 1
831 756 -1
831 1964 1
831 1975 -1
831 3130 1
831 3251 -1
832 756 1
832 757 -1
832 1965 1
832 1976 -1
832 3131 1
832 3252 -1
833 757 1
833 758 -1
833 1966 1
833 1977 -1
833 3132 1
833 3253 -1
834 758 1
834 759 -1
834 1967 1
834 1978 -1
834 3133 1
834 3254 -1
835 759 1
835 1968 1
835 1979 -1
835 3134 1
835 3255 -1
836 760 -1
836 1969 1
836 3135 1
836 3256 -1
837 760 1
837 761 -1
837 1970 1
837 3136 1
837 3257 -1
838 761 1
838 762 -1
838 1971 1
838 3137 1
838 3258 -1
839 762 1
839 763 -1
839 1972 1
839 3138 1
839 3259 -1
840 763 1
840 764 -1
840 1973 1
840 3139 1
840 3260 -1
841 764 1
841 765 -1
841 1974 1
841 3140 1
841 3261 -1
842 765 1
842 766 -1
842 1975 1
842 3141 1
842 3262 -1
843 766 1
843 767 -1
843 1976 1
843 3142 1
843 3263 -1
844 767 1
844 768 -1
844 1977 1
844 3143 1
844 3264 -1
845 768 1
845 769 -1
845 1978 1
845 3144 1
845 3265 -1
846 769 1
846 1979 1
846 3145 1
846 3266 -1
847 770 -1
847 1980 -1
847 3146 1
847 3267 -1
848 770 1
848 771 -1
848 1981 -1
848 3147 1
848 3268 -1
849 771 1
849 772 -1
849 1982 -1
849 3148 1
849 3269 -1
850 772 1
850 773 -1
850 1983 -1
850 3149 1
850 3270 -1
851 773 1
851 774 -1
851 1984 -1
851 3150 1
851 3271 -1
852 774 1
852 775 -1
852 1985 -1
852 3151 1
852 3272 -1
853 775 1
853 776 -1
853 1986 -1
853 3152 1
853 3273 -1
854 776 1
854 777 -1
854 1987 -1
854 3153 1
854 3274 -1
855 777 1
855 778 -1
855 1988 -1
855 3154 1
855 3275 -1
856 778 1
856 779 -1
856 1989 -1
856 3155 1
856 3276 -1
857 779 1
857 1990 -1
857 3156 1
857 3277 -1
858 780 -1
858 1980 1
858 1991 -1
858 3157 1
858 3278 -1
859 780 1
859 781 -1
859 1981 1
859 1992 -1
859 3158 1
859 3279 -1
860 781 1
860 782 -1
860 1982 1
860 1993 -1
860 3159 1
860 3280 -1
861 782 1
861 783 -1
861 1983 1
861 1994 -1
861 3160 1
861 3281 -1
862 783 1
862 784 -1
862 1984 1
862 1995 -1
862 3161 1
862 3282 -1
863 784 1
863 785 -1
863 1985 1
863 1996 -1
863 3162 1
863 3283 -1
864 785 1
864 786 -1
864 1986 1
864 1997 -1
864 3163 1
864 3284 -1
865 786 1
865 787 -1
865 1987 1
865 1998 -1
865 3164 1
865 3285 -1
866 787 1
866 788 -1
866 1988 1
866 1999 -1
866 3165 1
866 3286 -1
867 788 1
867 789 -1
867 1989 1
867 2000 -1
867 3166 1
867 3287 -1
868 789 1
868 1990 1
868 2001 -1
868 3167 1
868 3288 -1
869 790 -1
869 1991 1
869 2002 -1
869 3168 1
869 3289 -1
870 790 1
870 791 -1
870 1992 1
870 2003 -1
870 3169 1
870 3290 -1
871 791 1
871 792 -1
871 1993 1
871 2004 -1
871 3170 1
871 3291 -1
872 792 1
872 793 -1
872 1994 1
872 2005 -1
872 3171 1
872 3292 -1
873 793 1
873 794 -1
873 1995 1
873 2006 -1
873 3172 1
873 3293 -1
874 794 1
874 795 -1
874 1996 1
874 2007 -1
874 3173 1
874 3294 -1
875 795 1
875 796 -1
875 1997 1
875 2008 -1
875 3174 1
875 3295 -1
876 796 1
876 797 -1
876 1998 1
876 2009 -1
876 3175 1
876 3296 -1
877 797 1
877 798 -1
877 1999 1
877 2010 -1
877 3176 1
877 3297 -1
878 798 1
878 799 -1
878 2000 1
878 2011 -1
878 3177 1
878 3298 -1
879 799 1
879 2001 1
879 2012 -1
879 3178 1
879 3299 -1
880 800 -1
880 2002 1
880 2013 -1
880 3179 1
880 3300 -1
881 800 1
881 801 -1
881 2003 1
881 2014 -1
881 3180 1
881 3301 -1
882 801 1
882 802 -1
882 2004 1
882 2015 -1
882 3181 1
882 3302 -1
883 802 1
883 803 -1
883 2005 1
883 2016 -1
883 3182 1
883 3303 -1
884 803 1
884 804 -1
884 2006 1
884 2017 -1
884 3183 1
884 3304 -1
885 804 1
885 805 -1
885 2007 1
885 2018 -1
885 3184 1
885 3305 -1
886 805 1
886 806 -1
886 2008 1
886 2019 -1
886 3185 1
886 3306 -1
887 806 1
887 807 -1
887 2009 1
887 2020 -1
887 3186 1
887 3307 -1
888 807 1
888 808 -1
888 2010 1
888 2021 -1
888 3187 1
888 3308 -1
889 808 1
889 809 -1
889 2011 1
889 2022 -1
889 3188 1
889 3309 -1
890 809 1
890 2012 1
890 2023 -1
890 3189 1
890 3310 -1
891 810 -1
891 2013 1
891 2024 -1
891 3190 1
891 3311 -1
892 810 1
892 811 -1
892 2014 1
892 2025 -1
892 3191 1
892 3312 -1
893 811 1
893 812 -1
893 2015 1
893 2026 -1
893 3192 1
893 3313 -1
894 812 1
894 813 -1
894 2016 1
894 2027 -1
894 3193 1
894 3314 -1
895 813 1
895 814 -1
895 2017 1
895 2028 -1
895 3194 1
895 3315 -1
896 814 1
896 815 -1
896 2018 1
896 2029 -1
896 3195 1
896 3316 -1
897 815 1
897 816 -1
897 2019 1
897 2030 -1
897 3196 1
897 3317 -1
898 816 1
898 817 -1
898 2020 1
898 2031 -1
898 3197 1
898 3318 -1
899 817 1
899 818 -1
899 2021 1
899 2032 -1
899 3198 1
899 3319 -1
900 818 1
900 819 -1
900 2022 1
900 2033 -1
900 3199 1
900 3320 -1
901 819 1
901 2023 1
901 2034 -1
901 3200 1
901 3321 -1
902 820 -1
902 2024 1
902 2035 -1
902 3201 1
902 3322 -1
903 820 1
903 821 -1
903 2025 1
903 2036 -1
903 3202 1
903 3323 -1
904 821 1
904 822 -1
904 2026 1
904 2037 -1
904 3203 1
904 3324 -1
905 822 1
905 823 -1
905 2027 1
905 2038 -1
905 3204 1
905 3325 -1
906 823 1
906 824 -1
906 2028 1
906 2039 -1
906 3205 1
906 3326 -1
907 824 1
907 825 -1
907 2029 1
907 2040 -1
907 3206 1
907 3327 -1
908 825 1
908 826 -1
908 2030 1
908 2041 -1
908 3207 1
908 3328 -1
909 826 1
909 827 -1
909 2031 1
909 2042 -1
909 3208 1
909 3329 -1
910 827 1
910 828 -1
910 2032 1
910 2043 -1
910 3209 1
910 3330 -1
911 828 1
911 829 -1
911 2033 1
911 2044 -1
911 3210 1
911 3331 -1
912 829 1
912 2034 1
912 2045 -1
912 3211 1
912 3332 -1
913 830 -1
913 2035 1
913 2046 -1
913 3212 1
913 3333 -1
914 830 1
914 831 -1
914 2036 1
914 2047 -1
914 3213 1
914 3334 -1
915 831 1
915 832 -1
915 2037 1
915 2048 -1
915 3214 1
915 3335 -1
916 832 1
916 833 -1
916 2038 1
916 2049 -1
916 3215 1
916 3336 -1
917 833 1
917 834 -1
917 2039 1
917 2050 -1
917 3216 1
917 3337 -1
918 834 1
918 835 -1
918 2040 1
918 2051 -1
918 3217 1
918 3338 -1
919 835 1
919 836 -1
919 2041 1
919 2052 -1
919 3218 1
919 3339 -1
920 836 1
920 837 -1
920 2042 1
920 2053 -1
920 3219 1
920 3340 -1
921 837 1
921 838 -1
921 2043 1
921 2054 -1
921 3220 1
921 3341 -1
922 838 1
922 839 -1
922 2044 1
922 2055 -1
922 3221 1
922 3342 -1
923 839 1
923 2045 1
923 2056 -1
923 3222 1
923 3343 -1
924 840 -1
924 2046 1
924 2057 -1
924 3223 1
924 3344 -1
925 840 1
925 841 -1
925 2047 1
925 2058 -1
925 3224 1
925 3345 -1
926 841 1
926 842 -1
926 2048 1
926 2059 -1
926 3225 1
926 3346 -1
927 842 1
927 843 -1
927 2049 1
927 2060 -1
927 3226 1
927 3347 -1
928 843 1
928 844 -1
928 2050 1
928 2061 -1
928 3227 1
928 3348 -1
929 844 1
929 845 -1
929 2051 1
929 2062 -1
929 3228 1
929 3349 -1
930 845 1
930 846 -1
930 2052 1
930 2063 -1
930 3229 1
930 3350 -1
931 846 1
931 847 -1
931 2053 1
931 2064 -1
931 3230 1
931 3351 -1
932 847 1
932 848 -1
932 2054 1
932 2065 -1
932 3231 1
932 3352 -1
933 848 1
933 849 -1
933 2055 1
933 2066 -1
933 3232 1
933 3353 -1
934 849 1
934 2056 1
934 2067 -1
934 3233 1
934 3354 -1
935 850 -1
935 2057 1
935 2068 -1
935 3234 1
935 3355 -1
936 850 1
936 851 -1
936 2058 1
936 2069 -1
936 3235 1
936 3356 -1
937 851 1
937 852 -1
937 2059 1
937 2070 -1
937 3236 1
937 3357 -1
938 852 1
938 853 -1
938 2060 1
938 2071 -1
938 3237 1
938 3358 -1
939 853 1
939 854 -1
939 2061 1
939 2072 -1
939 3238 1
939 3359 -1
940 854 1
940 855 -1
940 2062 1
940 2073 -1
940 3239 1
940 3360 -1
941 855 1
941 856 -1
941 2063 1
941 2074 -1
941 3240 1
941 3361 -1
942 856 1
942 857 -1
942 2064 1
942 2075 -1
942 3241 1
942 3362 -1
943 857 1
943 858 -1
943 2065 1
943 2076 -1
943 3242 1
943 3363 -1
944 858 1
944 859 -1
944 2066 1
944 2077 -1
944 3243 1
944 3364 -1
945 859 1
945 2067 1
945 2078 -1
945 3244 1
945 3365 -1
946 860 -1
946 2068 1
946 2079 -1
946 3245 1
946 3366 -1
947 860 1
947 861 -1
947 2069 1
947 2080 -1
947 3246 1
947 3367 -1
948 861 1
948 862 -1
948 2070 1
948 2081 -1
948 3247 1
948 3368 -1
949 862 1
949 863 -1
949 2071 1
949 2082 -1
949 3248 1
949 3369 -1
950 863 1
950 864 -1
950 2072 1
950 2083 -1
950 3249 1
950 3370 -1
951 864 1
951 865 -1
951 2073 1
951 2084 -1
951 3250 1
951 3371 -1
952 865 1
952 866 -1
952 2074 1
952 2085 -1
952 3251 1
952 3372 -1
953 866 1
953 867 -1
953 2075 1
953 2086 -1
953 3252 1
953 3373 -1
954 867 1
954 868 -1
954 2076 1
954 2087 -1
954 3253 1
954 3374 -1
955 868 1
955 869 -1
955 2077 1
955 2088 -1
955 3254 1
955 3375 -1
956 869 1
956 2078 1
956 2089 -1
956 3255 1
956 3376 -1
957 870 -1
957 2079 1
957 3256 1
957 3377 -1
958 870 1
958 871 -1
958 2080 1
958 3257 1
958 3378 -1
959 871 1
959 872 -1
959 2081 1
959 3258 1
959 3379 -1
960 872 1
960 873 -1
960 2082 1
960 3259 1
960 3380 -1
961 873 1
961 874 -1
961 2083 1
961 3260 1
961 3381 -1
962 874 1
962 875 -1
962 2084 1
962 3261 1
962 3382 -1
963 875 1
963 876 -1
963 2085 1
963 3262 1
963 3383 -1
964 876 1
964 877 -1
964 2086 1
964 3263 1
964 3384 -1
965 877 1
965 878 -1
965 2087 1
965 3264 1
965 3385 -1
966 878 1
966 879 -1
966 2088 1
966 3265 1
966 3386 -1
967 879 1
967 2089 1
967 3266 1
967 3387 -1
968 880 -1
968 2090 -1
968 3267 1
968 3388 -1
969 880 1
969 881 -1
969 2091 -1
969 3268 1
969 3389 -1
970 881 1
970 882 -1
970 2092 -1
970 3269 1
970 3390 -1
971 882 1
971 883 -1
971 2093 -1
971 3270 1
971 3391 -1
972 883 1
972 884 -1
972 2094 -1
972 3271 1
972 3392 -1
973 884 1
973 885 -1
973 2095 -1
973 3272 1
973 3393 -1
974 885 1
974 886 -1
974 2096 -1
974 3273 1
974 3394 -1
975 886 1
975 887 -1
975 2097 -1
975 3274 1
975 3395 -1
976 887 1
976 888 -1
976 2098 -1
976 3275 1
976 3396 -1
977 888 1
977 889 -1
977 2099 -1
977 3276 1
977 3397 -1
978 889 1
978 2100 -1
978 3277 1
978 3398 -1
979 890 -1
979 2090 1
979 2101 -1
979 3278 1
979 3399 -1
980 890 1
980 891 -1
980 2091 1
980 2102 -1
980 3279 1
980 3400 -1
981 891 1
981 892 -1
981 2092 1
981 2103 -1
981 3280 1
981 3401 -1
982 892 1
982 893 -1
982 2093 1
982 2104 -1
982 3281 1
982 3402 -1
983 893 1
983 894 -1
983 2094 1
983 2105 -1
983 3282 1
983 3403 -1
984 894 1
984 895 -1
984 2095 1
984 2106 -1
984 3283 1
984 3404 -1
985 895 1
985 896 -1
985 2096 1
985 2107 -1
985 3284 1
985 3405 -1
986 896 1
986 897 -1
986 2097 1
986 2108 -1
986 3285 1
986 3406 -1
987 897 1
987 898 -1
987 2098 1
987 2109 -1
987 3286 1
987 3407 -1
988 898 1
988 899 -1
988 2099 1
988 2110 -1
988 3287 1
988 3408 -1
989 899 1
989 2100 1
989 2111 -1
989 3288 1
989 3409 -1
990 900 -1
990 2101 1
990 2112 -1
990 3289 1
990 3410 -1
991 900 1
991 901 -1
991 2102 1
991 2113 -1
991 3290 1
991 3411 -1
992 901 1
992 902 -1
992 2103 1
992 2114 -1
992 3291 1
992 3412 -1
993 902 1
993 903 -1
993 2104 1
993 2115 -1
993 3292 1
993 3413 -1
994 903 1
994 904 -1
994 2105 1
994 2116 -1
994 3293 1
994 3414 -1
995 904 1
995 905 -1
995 2106 1
995 2117 -1
995 3294 1
995 3415 -1
996 905 1
996 906 -1
996 2107 1
996 2118 -1
996 3295 1
996 3416 -1
997 906 1
997 907 -1
997 2108 1
997 2119 -1
997 3296 1
997 3417 -1
998 907 1
998 908 -1
998 2109 1
998 2120 -1
998 3297 1
998 3418 -1
999 908 1
999 909 -1
999 2110 1
999 2121 -1
999 3298 1
999 3419 -1
1000 909 1
1000 2111 1
1000 2122 -1
1000 3299 1
1000 3420 -1
1001 910 -1
1001 2112 1
1001 2123 -1
1001 3300 1
1001 3421 -1
1002 910 1
1002 911 -1
1002 2113 1
1002 2124 -1
1002 3301 1
1002 3422 -1
1003 911 1
1003 912 -1
1003 2114 1
1003 2125 -1
1003 3302 1
1003 3423 -1
1004 912 1
1004 913 -1
1004 2115 1
1004 2126 -1
1004 3303 1
1004 3424 -1
1005 913 1
1005 914 -1
1005 2116 1
1005 2127 -1
1005 3304 1
1005 3425 -1
1006 914 1
1006 915 -1
1006 2117 1
1006 2128 -1
1006 3305 1
1006 3426 -1
1007 915 1
1007 916 -1
1007 2118 1
1007 2129 -1
1007 3306 1
1007 3427 -1
1008 916 1
1008 917 -1
1008 2119 1
1008 2130 -1
1008 3307 1
1008 3428 -1
1009 917 1
1009 918 -1
1009 2120 1
1009 2131 -1
1009 3308 1
1009 3429 -1
1010 918 1
1010 919 -1
1010 2121 1
1010 2132 -1
1010 3309 1
1010 3430 -1
1011 919 1
1011 2122 1
1011 2133 -1
1011 3310 1
1011 3431 -1
1012 920 -1
1012 2123 1
1012 2134 -1
1012 3311 1
1012 3432 -1
1013 920 1
1013 921 -1
1013 2124 1
1013 2135 -1
1013 3312 1
1013 3433 -1
1014 921 1
1014 922 -1
1014 2125 1
1014 2136 -1
1014 3313 1
1014 3434 -1
1015 922 1
1015 923 -1
1015 2126 1
1015 2137 -1
1015 3314 1
1015 3435 -1
1016 923 1
1016 924 -1
1016 2127 1
1016 2138 -1
1016 3315 1
1016 3436 -1
1017 924 1
1017 925 -1
1017 2128 1
1017 2139 -1
1017 3316 1
1017 3437 -1
1018 925 1
1018 926 -1
1018 2129 1
1018 2140 -1
1018 3317 1
1018 3438 -1
1019 926 1
1019 927 -1
1019 2130 1
1019 2141 -1
1019 3318 1
1019 3439 -1
1020 927 1
1020 928 -1
1020 2131 1
1020 2142 -1
1020 3319 1
1020 3440 -1
1021 928 1
1021 929 -1
1021 2132 1
1021 2143 -1
1021 3320 1
1021 3441 -1
1022 929 1
1022 2133 1
1022 2144 -1
1022 3321 1
1022 3442 -1
1023 930 -1
1023 2134 1
1023 2145 -1
1023 3322 1
1023 3443 -1
1024 930 1
1024 931 -1
1024 2135 1
1024 2146 -1
1024 3323 1
1024 3444 -1
1025 931 1
1025 932 -1
1025 2136 1
1025 2147 -1
1025 3324 1
1025 3445 -1
1026 932 1
1026 933 -1
1026 2137 1
1026 2148 -1
1026 3325 1
1026 3446 -1
1027 933 1
1027 934 -1
1027 2138 1
1027 2149 -1
1027 3326 1
1027 3447 -1
1028 934 1
1028 935 -1
1028 2139 1
1028 2150 -1
1028 3327 1
1028 3448 -1
1029 935 1
1029 936 -1
1029 2140 1
1029 2151 -1
1029 3328 1
1029 3449 -1
1030 936 1
1030 937 -1
1030 2141 1
1030 2152 -1
1030 3329 1
1030 3450 -1
1031 937 1
1031 938 -1
1031 2142 1
1031 2153 -1
1031 3330 1
1031 3451 -1
1032 938 1
1032 939 -1
1032 2143 1
1032 2154 -1
1032 3331 1
1032 3452 -1
1033 939 1
1033 2144 1
1033 2155 -1
1033 3332 1
1033 3453 -1
1034 940 -1
1034 2145 1
1034 2156 -1
1034 3333 1
1034 3454 -1
1035 940 1
1035 941 -1
1035 2146 1
1035 2157 -1
1035 3334 1
1035 3455 -1
1036 941 1
1036 942 -1
1036 2147 1
1036 2158 -1
1036 3335 1
1036 3456 -1
1037 942 1
1037 943 -1
1037 2148 1
1037 2159 -1
1037 3336 1
1037 3457 -1
1038 943 1
1038 944 -1
1038 2149 1
1038 2160 -1
1038 3337 1
1038 3458 -1
1039 944 1
1039 945 -1
1039 2150 1
1039 2161 -1
1039 3338 1
1039 3459 -1
1040 945 1
1040 946 -1
1040 2151 1
1040 2162 -1
1040 3339 1
1040 3460 -1
1041 946 1
1041 947 -1
1041 2152 1
1041 2163 -1
1041 3340 1
1041 3461 -1
1042 947 1
1042 948 -1
1042 2153 1
1042 2164 -1
1042 3341 1
1042 3462 -1
1043 948 1
1043 949 -1
1043 2154 1
1043 2165 -1
1043 3342 1
1043 3463 -1
1044 949 1
1044 2155 1
1044 2166 -1
1044 3343 1
1044 3464 -1
1045 950 -1
1045 2156 1
1045 2167 -1
1045 3344 1
1045 3465 -1
1046 950 1
1046 951 -1
1046 2157 1
1046 2168 -1
1046 3345 1
1046 3466 -1
1047 951 1
1047 952 -1
1047 2158 1
1047 2169 -1
1047 3346 1
1047 3467 -1
1048 952 1
1048 953 -1
1048 2159 1
1048 2170 -1
1048 3347 1
1048 3468 -1
1049 953 1
1049 954 -1
1049 2160 1
1049 2171 -1
1049 3348 1
1049 3469 -1
1050 954 1
1050 955 -1
1050 2161 1
1050 2172 -1
1050 3349 1
1050 3470 -1
1051 955 1
1051 956 -1
1051 2162 1
1051 2173 -1
1051 3350 1
1051 3471 -1
1052 956 1
1052 957 -1
1052 2163 1
1052 2174 -1
1052 3351 1
1052 3472 -1
1053 957 1
1053 958 -1
1053 2164 1
1053 2175 -1
1053 3352 1
1053 3473 -1
1054 958 1
1054 959 -1
1054 2165 1
1054 2176 -1
1054 3353 1
1054 3474 -1
1055 959 1
1055 2166 1
1055 2177 -1
1055 3354 1
1055 3475 -1
1056 960 -1
1056 2167 1
1056 2178 -1
1056 3355 1
1056 3476 -1
1057 960 1
1057 961 -1
1057 2168 1
1057 2179 -1
1057 3356 1
1057 3477 -1
1058 961 1
1058 962 -1
1058 2169 1
1058 2180 -1
1058 3357 1
1058 3478 -1
1059 962 1
1059 963 -1
1059 2170 1
1059 2181 -1
1059 3358 1
1059 3479 -1
1060 963 1
1060 964 -1
1060 2171 1
1060 2182 -1
1060 3359 1
1060 3480 -1
1061 964 1
1061 965 -1
1061 2172 1
1061 2183 -1
1061 3360 1
1061 3481 -1
1062 965 1
1062 966 -1
1062 2173 1
1062 2184 -1
1062 3361 1
1062 3482 -1
1063 966 1
1063 967 -1
1063 2174 1
1063 2185 -1
1063 3362 1
1063 3483 -1
1064 967 1
1064 968 -1
1064 2175 1
1064 2186 -1
1064 3363 1
1064 3484 -1
1065 968 1
1065 969 -1
1065 2176 1
1065 2187 -1
1065 3364 1
1065 3485 -1
1066 969 1
1066 2177 1
1066 2188 -1
1066 3365 1
1066 3486 -1
1067 970 -1
1067 2178 1
1067 2189 -1
1067 3366 1
1067 3487 -1
1068 970 1
1068 971 -1
1068 2179 1
1068 2190 -1
1068 3367 1
1068 3488 -1
1069 971 1
1069 972 -1
1069 2180 1
1069 2191 -1
1069 3368 1
1069 3489 -1
1070 972 1
1070 973 -1
1070 2181 1
1070 2192 -1
1070 3369 1
1070 3490 -1
1071 973 1
1071 974 -1
1071 2182 1
1071 2193 -1
1071 3370 1
1071 3491 -1
1072 974 1
1072 975 -1
1072 2183 1
1072 2194 -1
1072 3371 1
1072 3492 -1
1073 975 1
1073 976 -1
1073 2184 1
1073 2195 -1
1073 3372 1
1073 3493 -1
1074 976 1
1074 977 -1
1074 2185 1
1074 2196 -1
1074 3373 1
1074 3494 -1
1075 977 1
1075 978 -1
1075 2186 1
1075 2197 -1
1075 3374 1
1075 3495 -1
1076 978 1
1076 979 -1
1076 2187 1
1076 2198 -1
1076 3375 1
1076 3496 -1
1077 979 1
1077 2188 1
1077 2199 -1
1077 3376 1
1077 3497 -1
1078 980 -1
1078 2189 1
1078 3377 1
1078 3498 -1
1079 980 1
1079 981 -1
1079 2190 1
1079 3378 1
1079 3499 -1
1080 981 1
1080 982 -1
1080 2191 1
1080 3379 1
1080 3500 -1
1081 982 1
1081 983 -1
1081 2192 1
1081 3380 1
1081 3501 -1
1082 983 1
1082 984 -1
1082 2193 1
1082 3381 1
1082 3502 -1
1083 984 1
1083 985 -1
1083 2194 1
1083 3382 1
1083 3503 -1
1084 985 1
1084 986 -1
1084 2195 1
1084 3383 1
1084 3504 -1
1085 986 1
1085 987 -1
1085 2196 1
1085 3384 1
1085 3505 -1
1086 987 1
1086 988 -1
1086 2197 1
1086 3385 1
1086 3506 -1
1087 988 1
1087 989 -1
1087 2198 1
1087 3386 1
1087 3507 -1
1088 989 1
1088 2199 1
1088 3387 1
1088 3508 -1
1089 990 -1
1089 2200 -1
1089 3388 1
1089 3509 -1
1090 990 1
1090 991 -1
1090 2201 -1
1090 3389 1
1090 3510 -1
1091 991 1
1091 992 -1
1091 2202 -1
1091 3390 1
1091 3511 -1
1092 992 1
1092 993 -1
1092 2203 -1
1092 3391 1
1092 3512 -1
1093 993 1
1093 994 -1
1093 2204 -1
1093 3392 1
1093 3513 -1
1094 994 1
1094 995 -1
1094 2205 -1
1094 3393 1
1094 3514 -1
1095 995 1
1095 996 -1
1095 2206 -1
1095 3394 1
1095 3515 -1
1096 996 1
1096 997 -1
1096 2207 -1
1096 3395 1
1096 3516 -1
1097 997 1
1097 998 -1
1097 2208 -1
1097 3396 1
1097 3517 -1
1098 998 1
1098 999 -1
1098 2209 -1
1098 3397 1
1098 3518 -1
1099 999 1
1099 2210 -1
1099 3398 1
1099 3519 -1
1100 1000 -1
1100 2200 1
1100 2211 -1
1100 3399 1
1100 3520 -1
1101 1000 1
1101 1001 -1
1101 2201 1
1101 2212 -1
1101 3400 1
1101 3521 -1
1102 1001 1
1102 1002 -1
1102 2202 1
1102 2213 -1
1102 3401 1
1102 3522 -1
1103 1002 1
1103 1003 -1
1103 2203 1
1103 2214 -1
1103 3402 1
1103 3523 -1
1104 1003 1
1104 1004 -1
1104 2204 1
1104 2215 -1
1104 3403 1
1104 3524 -1
1105 1004 1
1105 1005 -1
1105 2205 1
1105 2216 -1
1105 3404 1
1105 3525 -1
1106 1005 1
1106 1006 -1
1106 2206 1
1106 2217 -1
1106 3405 1
1106 3526 -1
1107 1006 1
1107 1007 -1
1107 2207 1
1107 2218 -1
1107 3406 1
1107 3527 -1
1108 1007 1
1108 1008 -1
1108 2208 1
1108 2219 -1
1108 3407 1
1108 3528 -1
1109 1008 1
1109 1009 -1
1109 2209 1
1109 2220 -1
1109 3408 1
1109 3529 -1
1110 1009 1
1110 2210 1
1110 2221 -1
1110 3409 1
1110 3530 -1
1111 1010 -1
1111 2211 1
1111 2222 -1
1111 3410 1
1111 3531 -1
1112 1010 1
1112 1011 -1
1112 2212 1
1112 2223 -1
1112 3411 1
1112 3532 -1
1113 1011 1
1113 1012 -1
1113 2213 1
1113 2224 -1
1113 3412 1
1113 3533 -1
1114 1012 1
1114 1013 -1
1114 2214 1
1114 2225 -1
1114 3413 1
1114 3534 -1
1115 1013 1
1115 1014 -1
1115 2215 1
1115 2226 -1
1115 3414 1
1115 3535 -1
1116 1014 1
1116 1015 -1
1116 2216 1
1116 2227 -1
1116 3415 1
1116 3536 -1
1117 1015 1
1117 1016 -1
1117 2217 1
1117 2228 -1
1117 3416 1
1117 3537 -1
1118 1016 1
1118 1017 -1
1118 2218 1
1118 2229 -1
1118 3417 1
1118 3538 -1
1119 1017 1
1119 1018 -1
1119 2219 1
1119 2230 -1
1119 3418 1
1119 3539 -1
1120 1018 1
1120 1019 -1
1120 2220 1
1120 2231 -1
1120 3419 1
1120 3540 -1
1121 1019 1
1121 2221 1
1121 2232 -1
1121 3420 1
1121 3541 -1
1122 1020 -1
1122 2222 1
1122 2233 -1
1122 3421 1
1122 3542 -1
1123 1020 1
1123 1021 -1
1123 2223 1
1123 2234 -1
1123 3422 1
1123 3543 -1
1124 1021 1
1124 1022 -1
1124 2224 1
1124 2235 -1
1124 3423 1
1124 3544 -1
1125 1022 1
1125 1023 -1
1125 2225 1
1125 2236 -1
1125 3424 1
1125 3545 -1
1126 1023 1
1126 1024 -1
1126 2226 1
1126 2237 -1
1126 3425 1
1126 3546 -1
1127 1024 1
1127 1025 -1
1127 2227 1
1127 2238 -1
1127 3426 1
1127 3547 -1
1128 1025 1
1128 1026 -1
1128 2228 1
1128 2239 -1
1128 3427 1
1128 3548 -1
1129 1026 1
1129 1027 -1
1129 2229 1
1129 2240 -1
1129 3428 1
1129 3549 -1
1130 1027 1
1130 1028 -1
1130 2230 1
1130 2241 -1
1130 3429 1
1130 3550 -1
1131 1028 1
1131 1029 -1
1131 2231 1
1131 2242 -1
1131 3430 1
1131 3551 -1
1132 1029 1
1132 2232 1
1132 2243 -1
1132 3431 1
1132 3552 -1
1133 1030 -1
1133 2233 1
1133 2244 -1
1133 3432 1
1133 3553 -1
1134 1030 1
1134 1031 -1
1134 2234 1
1134 2245 -1
1134 3433 1
1134 3554 -1
1135 1031 1
1135 1032 -1
1135 2235 1
1135 2246 -1
1135 3434 1
1135 3555 -1
1136 1032 1
1136 1033 -1
1136 2236 1
1136 2247 -1
1136 3435 1
1136 3556 -1
1137 1033 1
1137 1034 -1
1137 2237 1
1137 2248 -1
1137 3436 1
1137 3557 -1
1138 1034 1
1138 1035 -1
1138 2238 1
1138 2249 -1
1138 3437 1
1138 3558 -1
1139 1035 1
1139 1036 -1
1139 2239 1
1139 2250 -1
1139 3438 1
1139 3559 -1
1140 1036 1
1140 1037 -1
1140 2240 1
1140 2251 -1
1140 3439 1
1140 3560 -1
1141 1037 1
1141 1038 -1
1141 2241 1
1141 2252 -1
1141 3440 1
1141 3561 -1
1142 1038 1
1142 1039 -1
1142 2242 1
1142 2253 -1
1142 3441 1
1142 3562 -1
1143 1039 1
1143 2243 1
1143 2254 -1
1143 3442 1
1143 3563 -1
1144 1040 -1
1144 2244 1
1144 2255 -1
1144 3443 1
1144 3564 -1
1145 1040 1
1145 1041 -1
1145 2245 1
1145 2256 -1
1145 3444 1
1145 3565 -1
1146 1041 1
1146 1042 -1
1146 2246 1
1146 2257 -1
1146 3445 1
1146 3566 -1
1147 1042 1
1147 1043 -1
1147 2247 1
1147 2258 -1
1147 3446 1
1147 3567 -1
1148 1043 1
1148 1044 -1
1148 2248 1
1148 2259 -1
1148 3447 1
1148 3568 -1
1149 1044 1
1149 1045 -1
1149 2249 1
1149 2260 -1
1149 3448 1
1149 3569 -1
1150 1045 1
1150 1046 -1
1150 2250 1
1150 2261 -1
1150 3449 1
1150 3570 -1
1151 1046 1
1151 1047 -1
1151 2251 1
1151 2262 -1
1151 3450 1
1151 3571 -1
1152 1047 1
1152 1048 -1
1152 2252 1
1152 2263 -1
1152 3451 1
1152 3572 -1
1153 1048 1
1153 1049 -1
1153 2253 1
1153 2264 -1
1153 3452 1
1153 3573 -1
1154 1049 1
1154 2254 1
1154 2265 -1
1154 3453 1
1154 3574 -1
1155 1050 -1
1155 2255 1
1155 2266 -1
1155 3454 1
1155 3575 -1
1156 1050 1
1156 1051 -1
1156 2256 1
1156 2267 -1
1156 3455 1
1156 3576 -1
1157 1051 1
1157 1052 -1
1157 2257 1
1157 2268 -1
1157 3456 1
1157 3577 -1
1158 1052 1
1158 1053 -1
1158 2258 1
1158 2269 -1
1158 3457 1
1158 3578 -1
1159 1053 1
1159 1054 -1
1159 2259 1
1159 2270 -1
1159 3458 1
1159 3579 -1
1160 1054 1
1160 1055 -1
1160 2260 1
1160 2271 -1
1160 3459 1
1160 3580 -1
1161 1055 1
1161 1056 -1
1161 2261 1
1161 2272 -1
1161 3460 1
1161 3581 -1
1162 1056 1
1162 1057 -1
1162 2262 1
1162 2273 -1
1162 3461 1
1162 3582 -1
1163 1057 1
1163 1058 -1
1163 2263 1
1163 2274 -1
1163 3462 1
1163 3583 -1
1164 1058 1
1164 1059 -1
1164 2264 1
1164 2275 -1
1164 3463 1
1164 3584 -1
1165 1059 1
1165 2265 1
1165 2276 -1
1165 3464 1
1165 3585 -1
1166 1060 -1
1166 2266 1
1166 2277 -1
1166 3465 1
1166 3586 -1
1167 1060 1
1167 1061 -1
1167 2267 1
1167 2278 -1
1167 3466 1
1167 3587 -1
1168 1061 1
1168 1062 -1
1168 2268 1
1168 2279 -1
1168 3467 1
1168 3588 -1
1169 1062 1
1169 1063 -1
1169 2269 1
1169 2280 -1
1169 3468 1
1169 3589 -1
1170 1063 1
1170 1064 -1
1170 2270 1
1170 2281 -1
1170 3469 1
1170 3590 -1
1171 1064 1
1171 1065 -1
1171 2271 1
1171 2282 -1
1171 3470 1
1171 3591 -1
1172 1065 1
1172 1066 -1
1172 2272 1
1172 2283 -1
1172 3471 1
1172 3592 -1
1173 1066 1
1173 1067 -1
1173 2273 1
1173 2284 -1
1173 3472 1
1173 3593 -1
1174 1067 1
1174 1068 -1
1174 2274 1
1174 2285 -1
1174 3473 1
1174 3594 -1
1175 1068 1
1175 1069 -1
1175 2275 1
1175 2286 -1
1175 3474 1
1175 3595 -1
1176 1069 1
1176 2276 1
1176 2287 -1
1176 3475 1
1176 3596 -1
1177 1070 -1
1177 2277 1
1177 2288 -1
1177 3476 1
1177 3597 -1
1178 1070 1
1178 1071 -1
1178 2278 1
1178 2289 -1
1178 3477 1
1178 3598 -1
1179 1071 1
1179 1072 -1
1179 2279 1
1179 2290 -1
1179 3478 1
1179 3599 -1
1180 1072 1
1180 1073 -1
1180 2280 1
1180 2291 -1
1180 3479 1
1180 3600 -1
1181 1073 1
1181 1074 -1
1181 2281 1
1181 2292 -1
1181 3480 1
1181 3601 -1
1182 1074 1
1182 1075 -1
1182 2282 1
1182 2293 -1
1182 3481 1
1182 3602 -1
1183 1075 1
1183 1076 -1
1183 2283 1
1183 2294 -1
1183 3482 1
1183 3603 -1
1184 1076 1
1184 1077 -1
1184 2284 1
1184 2295 -1
1184 3483 1
1184 3604 -1
1185 1077 1
1185 1078 -1
1185 2285 1
1185 2296 -1
1185 3484 1
1185 3605 -1
1186 1078 1
1186 1079 -1
1186 2286 1
1186 2297 -1
1186 3485 1
1186 3606 -1
1187 1079 1
1187 2287 1
1187 2298 -1
1187 3486 1
1187 3607 -1
1188 1080 -1
1188 2288 1
1188 2299 -1
1188 3487 1
1188 3608 -1
1189 1080 1
1189 1081 -1
1189 2289 1
1189 2300 -1
1189 3488 1
1189 3609 -1
1190 1081 1
1190 1082 -1
1190 2290 1
1190 2301 -1
1190 3489 1
1190 3610 -1
1191 1082 1
1191 1083 -1
1191 2291 1
1191 2302 -1
1191 3490 1
1191 3611 -1
1192 1083 1
1192 1084 -1
1192 2292 1
1192 2303 -1
1192 3491 1
1192 3612 -1
1193 1084 1
1193 1085 -1
1193 2293 1
1193 2304 -1
1193 3492 1
1193 3613 -1
1194 1085 1
1194 1086 -1
1194 2294 1
1194 2305 -1
1194 3493 1
1194 3614 -1
1195 1086 1
1195 1087 -1
1195 2295 1
1195 2306 -1
1195 3494 1
1195 3615 -1
1196 1087 1
1196 1088 -1
1196 2296 1
1196 2307 -1
1196 3495 1
1196 3616 -1
1197 1088 1
1197 1089 -1
1197 2297 1
1197 2308 -1
1197 3496 1
1197 3617 -1
1198 1089 1
1198 2298 1
1198 2309 -1
1198 3497 1
1198 3618 -1
1199 1090 -1
1199 2299 1
1199 3498 1
1199 3619 -1
1200 1090 1
1200 1091 -1
1200 2300 1
1200 3499 1
1200 3620 -1
1201 1091 1
1201 1092 -1
1201 2301 1
1201 3500 1
1201 3621 -1
1202 1092 1
1202 1093 -1
1202 2302 1
1202 3501 1
1202 3622 -1
1203 1093 1
1203 1094 -1
1203 2303 1
1203 3502 1
1203 3623 -1
1204 1094 1
1204 1095 -1
1204 2304 1
1204 3503 1
1204 3624 -1
1205 1095 1
1205 1096 -1
1205 2305 1
1205 3504 1
1205 3625 -1
1206 1096 1
1206 1097 -1
1206 2306 1
1206 3505 1
1206 3626 -1
1207 1097 1
1207 1098 -1
1207 2307 1
1207 3506 1
1207 3627 -1
1208 1098 1
1208 1099 -1
1208 2308 1
1208 3507 1
1208 3628 -1
1209 1099 1
1209 2309 1
1209 3508 1
1209 3629 -1
1210 1100 -1
1210 2310 -1
1210 3509 1
1211 1100 1
1211 1101 -1
1211 2311 -1
1211 3510 1
1212 1101 1
1212 1102 -1
1212 2312 -1
1212 3511 1
1213 1102 1
1213 1103 -1
1213 2313 -1
1213 3512 1
1214 1103 1
1214 1104 -1
1214 2314 -1
1214 3513 1
1215 1104 1
1215 1105 -1
1215 2315 -1
1215 3514 1
1216 1105 1
1216 1106 -1
1216 2316 -1
1216 3515 1
1217 1106 1
1217 1107 -1
1217 2317 -1
1217 3516 1
1218 1107 1
1218 1108 -1
1218 2318 -1
1218 3517 1
1219 1108 1
1219 1109 -1
1219 2319 -1
1219 3518 1
1220 1109 1
1220 2320 -1
1220 3519 1
1221 1110 -1
1221 2310 1
1221 2321 -1
1221 3520 1
1222 1110 1
1222 1111 -1
1222 2311 1
1222 2322 -1
1222 3521 1
1223 1111 1
1223 1112 -1
1223 2312 1
1223 2323 -1
1223 3522 1
1224 1112 1
1224 1113 -1
1224 2313 1
1224 2324 -1
1224 3523 1
1225 1113 1
1225 1114 -1
1225 2314 1
1225 2325 -1
1225 3524 1
1226 1114 1
1226 1115 -1
1226 2315 1
1226 2326 -1
1226 3525 1
1227 1115 1
1227 1116 -1
1227 2316 1
1227 2327 -1
1227 3526 1
1228 1116 1
1228 1117 -1
1228 2317 1
1228 2328 -1
1228 3527 1
1229 1117 1
1229 1118 -1
1229 2318 1
1229 2329 -1
1229 3528 1
1230 1118 1
1230 1119 -1
1230 2319 1
1230 2330 -1
1230 3529 1
1231 1119 1
1231 2320 1
1231 2331 -1
1231 3530 1
1232 1120 -1
1232 2321 1
1232 2332 -1
1232 3531 1
1233 1120 1
1233 1121 -1
1233 2322 1
1233 2333 -1
1233 3532 1
1234 1121 1
1234 1122 -1
1234 2323 1
1234 2334 -1
1234 3533 1
1235 1122 1
1235 1123 -1
1235 2324 1
1235 2335 -1
1235 3534 1
1236 1123 1
1236 1124 -1
1236 2325 1
1236 2336 -1
1236 3535 1
1237 1124 1
1237 1125 -1
1237 2326 1
1237 2337 -1
1237 3536 1
1238 1125 1
1238 1126 -1
1238 2327 1
1238 2338 -1
1238 3537 1
1239 1126 1
1239 1127 -1
1239 2328 1
1239 2339 -1
1239 3538 1
1240 1127 1
1240 1128 -1
1240 2329 1
1240 2340 -1
1240 3539 1
1241 1128 1
1241 1129 -1
1241 2330 1
1241 2341 -1
1241 3540 1
1242 1129 1
1242 2331 1
1242 2342 -1
1242 3541 1
1243 1130 -1
1243 2332 1
1243 2343 -1
1243 3542 1
1244 1130 1
1244 1131 -1
1244 2333 1
1244 2344 -1
1244 3543 1
1245 1131 1
1245 1132 -1
1245 2334 1
1245 2345 -1
1245 3544 1
1246 1132 1
1246 1133 -1
1246 2335 1
1246 2346 -1
1246 3545 1
1247 1133 1
1247 1134 -1
1247 2336 1
1247 2347 -1
1247 3546 1
1248 1134 1
1248 1135 -1
1248 2337 1
1248 2348 -1
1248 3547 1
1249 1135 1
1249 1136 -1
1249 2338 1
1249 2349 -1
1249 3548 1
1250 1136 1
1250 1137 -1
1250 2339 1
1250 2350 -1
1250 3549 1
1251 1137 1
1251 1138 -1
1251 2340 1
1251 2351 -1
1251 3550 1
1252 1138 1
1252 1139 -1
1252 2341 1
1252 2352 -1
1252 3551 1
1253 1139 1
1253 2342 1
1253 2353 -1
1253 3552 1
1254 1140 -1
1254 2343 1
1254 2354 -1
1254 3553 1
1255 1140 1
1255 1141 -1
1255 2344 1
1255 2355 -1
1255 3554 1
1256 1141 1
1256 1142 -1
1256 2345 1
1256 2356 -1
1256 3555 1
1257 1142 1
1257 1143 -1
1257 2346 1
1257 2357 -1
1257 3556 1
1258 1143 1
1258 1144 -1
1258 2347 1
1258 2358 -1
1258 3557 1
1259 1144 1
1259 1145 -1
1259 2348 1
1259 2359 -1
1259 3558 1
1260 1145 1
1260 1146 -1
1260 2349 1
1260 2360 -1
1260 3559 1
1261 1146 1
1261 1147 -1
1261 2350 1
1261 2361 -1
1261 3560 1
1262 1147 1
1262 1148 -1
1262 2351 1
1262 2362 -1
1262 3561 1
1263 1148 1
1263 1149 -1
1263 2352 1
1263 2363 -1
1263 3562 1
1264 1149 1
1264 2353 1
1264 2364 -1
1264 3563 1
1265 1150 -1
1265 2354 1
1265 2365 -1
1265 3564 1
1266 1150 1
1266 1151 -1
1266 2355 1
1266 2366 -1
1266 3565 1
1267 1151 1
1267 1152 -1
1267 2356 1
1267 2367 -1
1267 3566 1
1268 1152 1
1268 1153 -1
1268 2357 1
1268 2368 -1
1268 3567 1
1269 1153 1
1269 1154 -1
1269 2358 1
1269 2369 -1
1269 3568 1
1270 1154 1
1270 1155 -1
1270 2359 1
1270 2370 -1
1270 3569 1
1271 1155 1
1271 1156 -1
1271 2360 1
1271 2371 -1
1271 3570 1
1272 1156 1
1272 1157 -1
1272 2361 1
1272 2372 -1
1272 3571 1
1273 1157 1
1273 1158 -1
1273 2362 1
1273 2373 -1
1273 3572 1
1274 1158 1
1274 1159 -1
1274 2363 1
1274 2374 -1
1274 3573 1
1275 1159 1
1275 2364 1
1275 2375 -1
1275 3574 1
1276 1160 -1
1276 2365 1
1276 2376 -1
1276 3575 1
1277 1160 1
1277 1161 -1
1277 2366 1
1277 2377 -1
1277 3576 1
1278 1161 1
1278 1162 -1
1278 2367 1
1278 2378 -1
1278 3577 1
1279 1162 1
1279 1163 -1
1279 2368 1
1279 2379 -1
1279 3578 1
1280 1163 1
1280 1164 -1
1280 2369 1
1280 2380 -1
1280 3579 1
1281 1164 1
1281 1165 -1
1281 2370 1
1281 2381 -1
1281 3580 1
1282 1165 1
1282 1166 -1
1282 2371 1
1282 2382 -1
1282 3581 1
1283 1166 1
1283 1167 -1
1283 2372 1
1283 2383 -1
1283 3582 1
1284 1167 1
1284 1168 -1
1284 2373 1
1284 2384 -1
1284 3583 1
1285 1168 1
1285 1169 -1
1285 2374 1
1285 2385 -1
1285 3584 1
1286 1169 1
1286 2375 1
1286 2386 -1
1286 3585 1
1287 1170 -1
1287 2376 1
1287 2387 -1
1287 3586 1
1288 1170 1
1288 1171 -1
1288 2377 1
1288 2388 -1
1288 3587 1
1289 1171 1
1289 1172 -1
1289 2378 1
1289 2389 -1
1289 3588 1
1290 1172 1
1290 1173 -1
1290 2379 1
1290 2390 -1
1290 3589 1
1291 1173 1
1291 1174 -1
1291 2380 1
1291 2391 -1
1291 3590 1
1292 1174 1
1292 1175 -1
1292 2381 1
1292 2392 -1
1292 3591 1
1293 1175 1
1293 1176 -1
1293 2382 1
1293 2393 -1
1293 3592 1
1294 1176 1
1294 1177 -1
1294 2383 1
1294 2394 -1
1294 3593 1
1295 1177 1
1295 1178 -1
1295 2384 1
1295 2395 -1
1295 3594 1
1296 1178 1
1296 1179 -1
1296 2385 1
1296 2396 -1
1296 3595 1
1297 1179 1
1297 2386 1
1297 2397 -1
1297 3596 1
1298 1180 -1
1298 2387 1
1298 2398 -1
1298 3597 1
1299 1180 1
1299 1181 -1
1299 2388 1
1299 2399 -1
1299 3598 1
1300 1181 1
1300 1182 -1
1300 2389 1
1300 2400 -1
1300 3599 1
1301 1182 1
1301 1183 -1
1301 2390 1
1301 2401 -1
1301 3600 1
1302 1183 1
1302 1184 -1
1302 2391 1
1302 2402 -1
1302 3601 1
1303 1184 1
1303 1185 -1
1303 2392 1
1303 2403 -1
1303 3602 1
1304 1185 1
1304 1186 -1
1304 2393 1
1304 2404 -1
1304 3603 1
1305 1186 1
1305 1187 -1
1305 2394 1
1305 2405 -1
1305 3604 1
1306 1187 1
1306 1188 -1
1306 2395 1
1306 2406 -1
1306 3605 1
1307 1188 1
1307 1189 -1
1307 2396 1
1307 2407 -1
1307 3606 1
1308 1189 1
1308 2397 1
1308 2408 -1
1308 3607 1
1309 1190 -1
1309 2398 1
1309 2409 -1
1309 3608 1
1310 1190 1
1310 1191 -1
1310 2399 1
1310 2410 -1
1310 3609 1
1311 1191 1
1311 1192 -1
1311 2400 1
1311 2411 -1
1311 3610 1
1312 1192 1
1312 1193 -1
1312 2401 1
1312 2412 -1
1312 3611 1
1313 1193 1
1313 1194 -1
1313 2402 1
1313 2413 -1
1313 3612 1
1314 1194 1
1314 1195 -1
1314 2403 1
1314 2414 -1
1314 3613 1
1315 1195 1
1315 1196 -1
1315 2404 1
1315 2415 -1
1315 3614 1
1316 1196 1
1316 1197 -1
1316 2405 1
1316 2416 -1
1316 3615 1
1317 1197 1
1317 1198 -1
1317 2406 1
1317 2417 -1
1317 3616 1
1318 1198 1
1318 1199 -1
1318 2407 1
1318 2418 -1
1318 3617 1
1319 1199 1
1319 2408 1
1319 2419 -1
1319 3618 1
1320 1200 -1
1320 2409 1
1320 3619 1
1321 1200 1
1321 1201 -1
1321 2410 1
1321 3620 1
1322 1201 1
1322 1202 -1
1322 2411 1
1322 3621 1
1323 1202 1
1323 1203 -1
1323 2412 1
1323 3622 1
1324 1203 1
1324 1204 -1
1324 2413 1
1324 3623 1
1325 1204 1
1325 1205 -1
1325 2414 1
1325 3624 1
1326 1205 1
1326 1206 -1
1326 2415 1
1326 3625 1
1327 1206 1
1327 1207 -1
1327 2416 1
1327 3626 1
1328 1207 1
1328 1208 -1
1328 2417 1
1328 3627 1
1329 1208 1
1329 1209 -1
1329 2418 1
1329 3628 1
1330 1209 1
1330 2419 1
1330 3629 1
