0.050000000000 0.050000000000 0.050000000000
0.150000000000 0.050000000000 0.050000000000
0.250000000000 0.050000000000 0.050000000000
0.350000000000 0.050000000000 0.050000000000
0.450000000000 0.050000000000 0.050000000000
0.550000000000 0.050000000000 0.050000000000
0.650000000000 0.050000000000 0.050000000000
0.750000000000 0.050000000000 0.050000000000
0.850000000000 0.050000000000 0.050000000000
0.950000000000 0.050000000000 0.050000000000
0.050000000000 0.150000000000 0.050000000000
0.150000000000 0.150000000000 0.050000000000
0.250000000000 0.150000000000 0.050000000000
0.350000000000 0.150000000000 0.050000000000
0.450000000000 0.150000000000 0.050000000000
0.550000000000 0.150000000000 0.050000000000
0.650000000000 0.150000000000 0.050000000000
0.750000000000 0.150000000000 0.050000000000
0.850000000000 0.150000000000 0.050000000000
0.950000000000 0.150000000000 0.050000000000
0.050000000000 0.250000000000 0.050000000000
0.150000000000 0.250000000000 0.050000000000
0.250000000000 0.250000000000 0.050000000000
0.350000000000 0.250000000000 0.050000000000
0.450000000000 0.250000000000 0.050000000000
0.550000000000 0.250000000000 0.050000000000
0.650000000000 0.250000000000 0.050000000000
0.750000000000 0.250000000000 0.050000000000
0.850000000000 0.250000000000 0.050000000000
0.950000000000 0.250000000000 0.050000000000
0.050000000000 0.350000000000 0.050000000000
0.150000000000 0.350000000000 0.050000000000
0.250000000000 0.350000000000 0.050000000000
0.350000000000 0.350000000000 0.050000000000
0.450000000000 0.350000000000 0.050000000000
0.550000000000 0.350000000000 0.050000000000
0.650000000000 0.350000000000 0.050000000000
0.750000000000 0.350000000000 0.050000000000
0.850000000000 0.350000000000 0.050000000000
0.950000000000 0.350000000000 0.050000000000
0.050000000000 0.450000000000 0.050000000000
0.150000000000 0.450000000000 0.050000000000
0.250000000000 0.450000000000 0.050000000000
0.350000000000 0.450000000000 0.050000000000
0.450000000000 0.450000000000 0.050000000000
0.550000000000 0.450000000000 0.050000000000
0.650000000000 0.450000000000 0.050000000000
0.750000000000 0.450000000000 0.050000000000
0.850000000000 0.450000000000 0.050000000000
0.950000000000 0.450000000000 0.050000000000
0.050000000000 0.550000000000 0.050000000000
0.150000000000 0.550000000000 0.050000000000
0.250000000000 0.550000000000 0.050000000000
0.350000000000 0.550000000000 0.050000000000
0.450000000000 0.550000000000 0.050000000000
0.550000000000 0.550000000000 0.050000000000
0.650000000000 0.550000000000 0.050000000000
0.750000000000 0.550000000000 0.050000000000
0.850000000000 0.550000000000 0.050000000000
0.950000000000 0.550000000000 0.050000000000
0.050000000000 0.650000000000 0.050000000000
0.150000000000 0.650000000000 0.050000000000
0.250000000000 0.650000000000 0.050000000000
0.350000000000 0.650000000000 0.050000000000
0.450000000000 0.650000000000 0.050000000000
0.550000000000 0.650000000000 0.050000000000
0.650000000000 0.650000000000 0.050000000000
0.750000000000 0.650000000000 0.050000000000
0.850000000000 0.650000000000 0.050000000000
0.950000000000 0.650000000000 0.050000000000
0.050000000000 0.750000000000 0.050000000000
0.150000000000 0.750000000000 0.050000000000
0.250000000000 0.750000000000 0.050000000000
0.350000000000 0.750000000000 0.050000000000
0.450000000000 0.750000000000 0.050000000000
0.550000000000 0.750000000000 0.050000000000
0.650000000000 0.750000000000 0.050000000000
0.750000000000 0.750000000000 0.050000000000
0.850000000000 0.750000000000 0.050000000000
0.950000000000 0.750000000000 0.050000000000
0.050000000000 0.850000000000 0.050000000000
0.150000000000 0.850000000000 0.050000000000
0.250000000000 0.850000000000 0.050000000000
0.350000000000 0.850000000000 0.050000000000
0.450000000000 0.850000000000 0.050000000000
0.550000000000 0.850000000000 0.050000000000
0.650000000000 0.850000000000 0.050000000000
0.750000000000 0.850000000000 0.050000000000
0.850000000000 0.850000000000 0.050000000000
0.950000000000 0.850000000000 0.050000000000
0.050000000000 0.950000000000 0.050000000000
0.150000000000 0.950000000000 0.050000000000
0.250000000000 0.950000000000 0.050000000000
0.350000000000 0.950000000000 0.050000000000
0.450000000000 0.950000000000 0.050000000000
0.550000000000 0.950000000000 0.050000000000
0.650000000000 0.950000000000 0.050000000000
0.750000000000 0.950000000000 0.050000000000
0.850000000000 0.950000000000 0.050000000000
0.950000000000 0.950000000000 0.050000000000
0.050000000000 0.050000000000 0.150000000000
0.150000000000 0.050000000000 0.150000000000
0.250000000000 0.050000000000 0.150000000000
0.350000000000 0.050000000000 0.150000000000
0.450000000000 0.050000000000 0.150000000000
0.550000000000 0.050000000000 0.150000000000
0.650000000000 0.050000000000 0.150000000000
0.750000000000 0.050000000000 0.150000000000
0.850000000000 0.050000000000 0.150000000000
0.950000000000 0.050000000000 0.150000000000
0.050000000000 0.150000000000 0.150000000000
0.150000000000 0.150000000000 0.150000000000
0.250000000000 0.150000000000 0.150000000000
0.350000000000 0.150000000000 0.150000000000
0.450000000000 0.150000000000 0.150000000000
0.550000000000 0.150000000000 0.150000000000
0.650000000000 0.150000000000 0.150000000000
0.750000000000 0.150000000000 0.150000000000
0.850000000000 0.150000000000 0.150000000000
0.950000000000 0.150000000000 0.150000000000
0.050000000000 0.250000000000 0.150000000000
0.150000000000 0.250000000000 0.150000000000
0.250000000000 0.250000000000 0.150000000000
0.350000000000 0.250000000000 0.150000000000
0.450000000000 0.250000000000 0.150000000000
0.550000000000 0.250000000000 0.150000000000
0.650000000000 0.250000000000 0.150000000000
0.750000000000 0.250000000000 0.150000000000
0.850000000000 0.250000000000 0.150000000000
0.950000000000 0.250000000000 0.150000000000
0.050000000000 0.350000000000 0.150000000000
0.150000000000 0.350000000000 0.150000000000
0.250000000000 0.350000000000 0.150000000000
0.350000000000 0.350000000000 0.150000000000
0.450000000000 0.350000000000 0.150000000000
0.550000000000 0.350000000000 0.150000000000
0.650000000000 0.350000000000 0.150000000000
0.750000000000 0.350000000000 0.150000000000
0.850000000000 0.350000000000 0.150000000000
0.950000000000 0.350000000000 0.150000000000
0.050000000000 0.450000000000 0.150000000000
0.150000000000 0.450000000000 0.150000000000
0.250000000000 0.450000000000 0.150000000000
0.350000000000 0.450000000000 0.150000000000
0.450000000000 0.450000000000 0.150000000000
0.550000000000 0.450000000000 0.150000000000
0.650000000000 0.450000000000 0.150000000000
0.750000000000 0.450000000000 0.150000000000
0.850000000000 0.450000000000 0.150000000000
0.950000000000 0.450000000000 0.150000000000
0.050000000000 0.550000000000 0.150000000000
0.150000000000 0.550000000000 0.150000000000
0.250000000000 0.550000000000 0.150000000000
0.350000000000 0.550000000000 0.150000000000
0.450000000000 0.550000000000 0.150000000000
0.550000000000 0.550000000000 0.150000000000
0.650000000000 0.550000000000 0.150000000000
0.750000000000 0.550000000000 0.150000000000
0.850000000000 0.550000000000 0.150000000000
0.950000000000 0.550000000000 0.150000000000
0.050000000000 0.650000000000 0.150000000000
0.150000000000 0.650000000000 0.150000000000
0.250000000000 0.650000000000 0.150000000000
0.350000000000 0.650000000000 0.150000000000
0.450000000000 0.650000000000 0.150000000000
0.550000000000 0.650000000000 0.150000000000
0.650000000000 0.650000000000 0.150000000000
0.750000000000 0.650000000000 0.150000000000
0.850000000000 0.650000000000 0.150000000000
0.950000000000 0.650000000000 0.150000000000
0.050000000000 0.750000000000 0.150000000000
0.150000000000 0.750000000000 0.150000000000
0.250000000000 0.750000000000 0.150000000000
0.350000000000 0.750000000000 0.150000000000
0.450000000000 0.750000000000 0.150000000000
0.550000000000 0.750000000000 0.150000000000
0.650000000000 0.750000000000 0.150000000000
0.750000000000 0.750000000000 0.150000000000
0.850000000000 0.750000000000 0.150000000000
0.950000000000 0.750000000000 0.150000000000
0.050000000000 0.850000000000 0.150000000000
0.150000000000 0.850000000000 0.150000000000
0.250000000000 0.850000000000 0.150000000000
0.350000000000 0.850000000000 0.150000000000
0.450000000000 0.850000000000 0.150000000000
0.550000000000 0.850000000000 0.150000000000
0.650000000000 0.850000000000 0.150000000000
0.750000000000 0.850000000000 0.150000000000
0.850000000000 0.850000000000 0.150000000000
0.950000000000 0.850000000000 0.150000000000
0.050000000000 0.950000000000 0.150000000000
0.150000000000 0.950000000000 0.150000000000
0.250000000000 0.950000000000 0.150000000000
0.350000000000 0.950000000000 0.150000000000
0.450000000000 0.950000000000 0.150000000000
0.550000000000 0.950000000000 0.150000000000
0.650000000000 0.950000000000 0.150000000000
0.750000000000 0.950000000000 0.150000000000
0.850000000000 0.950000000000 0.150000000000
0.950000000000 0.950000000000 0.150000000000
0.050000000000 0.050000000000 0.250000000000
0.150000000000 0.050000000000 0.250000000000
0.250000000000 0.050000000000 0.250000000000
0.350000000000 0.050000000000 0.250000000000
0.450000000000 0.050000000000 0.250000000000
0.550000000000 0.050000000000 0.250000000000
0.650000000000 0.050000000000 0.250000000000
0.750000000000 0.050000000000 0.250000000000
0.850000000000 0.050000000000 0.250000000000
0.950000000000 0.050000000000 0.250000000000
0.050000000000 0.150000000000 0.250000000000
0.150000000000 0.150000000000 0.250000000000
0.250000000000 0.150000000000 0.250000000000
0.350000000000 0.150000000000 0.250000000000
0.450000000000 0.150000000000 0.250000000000
0.550000000000 0.150000000000 0.250000000000
0.650000000000 0.150000000000 0.250000000000
0.750000000000 0.150000000000 0.250000000000
0.850000000000 0.150000000000 0.250000000000
0.950000000000 0.150000000000 0.250000000000
0.050000000000 0.250000000000 0.250000000000
0.150000000000 0.250000000000 0.250000000000
0.250000000000 0.250000000000 0.250000000000
0.350000000000 0.250000000000 0.250000000000
0.450000000000 0.250000000000 0.250000000000
0.550000000000 0.250000000000 0.250000000000
0.650000000000 0.250000000000 0.250000000000
0.750000000000 0.250000000000 0.250000000000
0.850000000000 0.250000000000 0.250000000000
0.950000000000 0.250000000000 0.250000000000
0.050000000000 0.350000000000 0.250000000000
0.150000000000 0.350000000000 0.250000000000
0.250000000000 0.350000000000 0.250000000000
0.350000000000 0.350000000000 0.250000000000
0.450000000000 0.350000000000 0.250000000000
0.550000000000 0.350000000000 0.250000000000
0.650000000000 0.350000000000 0.250000000000
0.750000000000 0.350000000000 0.250000000000
0.850000000000 0.350000000000 0.250000000000
0.950000000000 0.350000000000 0.250000000000
0.050000000000 0.450000000000 0.250000000000
0.150000000000 0.450000000000 0.250000000000
0.250000000000 0.450000000000 0.250000000000
0.350000000000 0.450000000000 0.250000000000
0.450000000000 0.450000000000 0.250000000000
0.550000000000 0.450000000000 0.250000000000
0.650000000000 0.450000000000 0.250000000000
0.750000000000 0.450000000000 0.250000000000
0.850000000000 0.450000000000 0.250000000000
0.950000000000 0.450000000000 0.250000000000
0.050000000000 0.550000000000 0.250000000000
0.150000000000 0.550000000000 0.250000000000
0.250000000000 0.550000000000 0.250000000000
0.350000000000 0.550000000000 0.250000000000
0.450000000000 0.550000000000 0.250000000000
0.550000000000 0.550000000000 0.250000000000
0.650000000000 0.550000000000 0.250000000000
0.750000000000 0.550000000000 0.250000000000
0.850000000000 0.550000000000 0.250000000000
0.950000000000 0.550000000000 0.250000000000
0.050000000000 0.650000000000 0.250000000000
0.150000000000 0.650000000000 0.250000000000
0.250000000000 0.650000000000 0.250000000000
0.350000000000 0.650000000000 0.250000000000
0.450000000000 0.650000000000 0.250000000000
0.550000000000 0.650000000000 0.250000000000
0.650000000000 0.650000000000 0.250000000000
0.750000000000 0.650000000000 0.250000000000
0.850000000000 0.650000000000 0.250000000000
0.950000000000 0.650000000000 0.250000000000
0.050000000000 0.750000000000 0.250000000000
0.150000000000 0.750000000000 0.250000000000
0.250000000000 0.750000000000 0.250000000000
0.350000000000 0.750000000000 0.250000000000
0.450000000000 0.750000000000 0.250000000000
0.550000000000 0.750000000000 0.250000000000
0.650000000000 0.750000000000 0.250000000000
0.750000000000 0.750000000000 0.250000000000
0.850000000000 0.750000000000 0.250000000000
0.950000000000 0.750000000000 0.250000000000
0.050000000000 0.850000000000 0.250000000000
0.150000000000 0.850000000000 0.250000000000
0.250000000000 0.850000000000 0.250000000000
0.350000000000 0.850000000000 0.250000000000
0.450000000000 0.850000000000 0.250000000000
0.550000000000 0.850000000000 0.250000000000
0.650000000000 0.850000000000 0.250000000000
0.750000000000 0.850000000000 0.250000000000
0.850000000000 0.850000000000 0.250000000000
0.950000000000 0.850000000000 0.250000000000
0.050000000000 0.950000000000 0.250000000000
0.150000000000 0.950000000000 0.250000000000
0.250000000000 0.950000000000 0.250000000000
0.350000000000 0.950000000000 0.250000000000
0.450000000000 0.950000000000 0.250000000000
0.550000000000 0.950000000000 0.250000000000
0.650000000000 0.950000000000 0.250000000000
0.750000000000 0.950000000000 0.250000000000
0.850000000000 0.950000000000 0.250000000000
0.950000000000 0.950000000000 0.250000000000
0.050000000000 0.050000000000 0.350000000000
0.150000000000 0.050000000000 0.350000000000
0.250000000000 0.050000000000 0.350000000000
0.350000000000 0.050000000000 0.350000000000
0.450000000000 0.050000000000 0.350000000000
0.550000000000 0.050000000000 0.350000000000
0.650000000000 0.050000000000 0.350000000000
0.750000000000 0.050000000000 0.350000000000
0.850000000000 0.050000000000 0.350000000000
0.950000000000 0.050000000000 0.350000000000
0.050000000000 0.150000000000 0.350000000000
0.150000000000 0.150000000000 0.350000000000
0.250000000000 0.150000000000 0.350000000000
0.350000000000 0.150000000000 0.350000000000
0.450000000000 0.150000000000 0.350000000000
0.550000000000 0.150000000000 0.350000000000
0.650000000000 0.150000000000 0.350000000000
0.750000000000 0.150000000000 0.350000000000
0.850000000000 0.150000000000 0.350000000000
0.950000000000 0.150000000000 0.350000000000
0.050000000000 0.250000000000 0.350000000000
0.150000000000 0.250000000000 0.350000000000
0.250000000000 0.250000000000 0.350000000000
0.350000000000 0.250000000000 0.350000000000
0.450000000000 0.250000000000 0.350000000000
0.550000000000 0.250000000000 0.350000000000
0.650000000000 0.250000000000 0.350000000000
0.750000000000 0.250000000000 0.350000000000
0.850000000000 0.250000000000 0.350000000000
0.950000000000 0.250000000000 0.350000000000
0.050000000000 0.350000000000 0.350000000000
0.150000000000 0.350000000000 0.350000000000
0.250000000000 0.350000000000 0.350000000000
0.350000000000 0.350000000000 0.350000000000
0.450000000000 0.350000000000 0.350000000000
0.550000000000 0.350000000000 0.350000000000
0.650000000000 0.350000000000 0.350000000000
0.750000000000 0.350000000000 0.350000000000
0.850000000000 0.350000000000 0.350000000000
0.950000000000 0.350000000000 0.350000000000
0.050000000000 0.450000000000 0.350000000000
0.150000000000 0.450000000000 0.350000000000
0.250000000000 0.450000000000 0.350000000000
0.350000000000 0.450000000000 0.350000000000
0.450000000000 0.450000000000 0.350000000000
0.550000000000 0.450000000000 0.350000000000
0.650000000000 0.450000000000 0.350000000000
0.750000000000 0.450000000000 0.350000000000
0.850000000000 0.450000000000 0.350000000000
0.950000000000 0.450000000000 0.350000000000
0.050000000000 0.550000000000 0.350000000000
0.150000000000 0.550000000000 0.350000000000
0.250000000000 0.550000000000 0.350000000000
0.350000000000 0.550000000000 0.350000000000
0.450000000000 0.550000000000 0.350000000000
0.550000000000 0.550000000000 0.350000000000
0.650000000000 0.550000000000 0.350000000000
0.750000000000 0.550000000000 0.350000000000
0.850000000000 0.550000000000 0.350000000000
0.950000000000 0.550000000000 0.350000000000
0.050000000000 0.650000000000 0.350000000000
0.150000000000 0.650000000000 0.350000000000
0.250000000000 0.650000000000 0.350000000000
0.350000000000 0.650000000000 0.350000000000
0.450000000000 0.650000000000 0.350000000000
0.550000000000 0.650000000000 0.350000000000
0.650000000000 0.650000000000 0.350000000000
0.750000000000 0.650000000000 0.350000000000
0.850000000000 0.650000000000 0.350000000000
0.950000000000 0.650000000000 0.350000000000
0.050000000000 0.750000000000 0.350000000000
0.150000000000 0.750000000000 0.350000000000
0.250000000000 0.750000000000 0.350000000000
0.350000000000 0.750000000000 0.350000000000
0.450000000000 0.750000000000 0.350000000000
0.550000000000 0.750000000000 0.350000000000
0.650000000000 0.750000000000 0.350000000000
0.750000000000 0.750000000000 0.350000000000
0.850000000000 0.750000000000 0.350000000000
0.950000000000 0.750000000000 0.350000000000
0.050000000000 0.850000000000 0.350000000000
0.150000000000 0.850000000000 0.350000000000
0.250000000000 0.850000000000 0.350000000000
0.350000000000 0.850000000000 0.350000000000
0.450000000000 0.850000000000 0.350000000000
0.550000000000 0.850000000000 0.350000000000
0.650000000000 0.850000000000 0.350000000000
0.750000000000 0.850000000000 0.350000000000
0.850000000000 0.850000000000 0.350000000000
0.950000000000 0.850000000000 0.350000000000
0.050000000000 0.950000000000 0.350000000000
0.150000000000 0.950000000000 0.350000000000
0.250000000000 0.950000000000 0.350000000000
0.350000000000 0.950000000000 0.350000000000
0.450000000000 0.950000000000 0.350000000000
0.550000000000 0.950000000000 0.350000000000
0.650000000000 0.950000000000 0.350000000000
0.750000000000 0.950000000000 0.350000000000
0.850000000000 0.950000000000 0.350000000000
0.950000000000 0.950000000000 0.350000000000
0.050000000000 0.050000000000 0.450000000000
0.150000000000 0.050000000000 0.450000000000
0.250000000000 0.050000000000 0.450000000000
0.350000000000 0.050000000000 0.450000000000
0.450000000000 0.050000000000 0.450000000000
0.550000000000 0.050000000000 0.450000000000
0.650000000000 0.050000000000 0.450000000000
0.750000000000 0.050000000000 0.450000000000
0.850000000000 0.050000000000 0.450000000000
0.950000000000 0.050000000000 0.450000000000
0.050000000000 0.150000000000 0.450000000000
0.150000000000 0.150000000000 0.450000000000
0.250000000000 0.150000000000 0.450000000000
0.350000000000 0.150000000000 0.450000000000
0.450000000000 0.150000000000 0.450000000000
0.550000000000 0.150000000000 0.450000000000
0.650000000000 0.150000000000 0.450000000000
0.750000000000 0.150000000000 0.450000000000
0.850000000000 0.150000000000 0.450000000000
0.950000000000 0.150000000000 0.450000000000
0.050000000000 0.250000000000 0.450000000000
0.150000000000 0.250000000000 0.450000000000
0.250000000000 0.250000000000 0.450000000000
0.350000000000 0.250000000000 0.450000000000
0.450000000000 0.250000000000 0.450000000000
0.550000000000 0.250000000000 0.450000000000
0.650000000000 0.250000000000 0.450000000000
0.750000000000 0.250000000000 0.450000000000
0.850000000000 0.250000000000 0.450000000000
0.950000000000 0.250000000000 0.450000000000
0.050000000000 0.350000000000 0.450000000000
0.150000000000 0.350000000000 0.450000000000
0.250000000000 0.350000000000 0.450000000000
0.350000000000 0.350000000000 0.450000000000
0.450000000000 0.350000000000 0.450000000000
0.550000000000 0.350000000000 0.450000000000
0.650000000000 0.350000000000 0.450000000000
0.750000000000 0.350000000000 0.450000000000
0.850000000000 0.350000000000 0.450000000000
0.950000000000 0.350000000000 0.450000000000
0.050000000000 0.450000000000 0.450000000000
0.150000000000 0.450000000000 0.450000000000
0.250000000000 0.450000000000 0.450000000000
0.350000000000 0.450000000000 0.450000000000
0.450000000000 0.450000000000 0.450000000000
0.550000000000 0.450000000000 0.450000000000
0.650000000000 0.450000000000 0.450000000000
0.750000000000 0.450000000000 0.450000000000
0.850000000000 0.450000000000 0.450000000000
0.950000000000 0.450000000000 0.450000000000
0.050000000000 0.550000000000 0.450000000000
0.150000000000 0.550000000000 0.450000000000
0.250000000000 0.550000000000 0.450000000000
0.350000000000 0.550000000000 0.450000000000
0.450000000000 0.550000000000 0.450000000000
0.550000000000 0.550000000000 0.450000000000
0.650000000000 0.550000000000 0.450000000000
0.750000000000 0.550000000000 0.450000000000
0.850000000000 0.550000000000 0.450000000000
0.950000000000 0.550000000000 0.450000000000
0.050000000000 0.650000000000 0.450000000000
0.150000000000 0.650000000000 0.450000000000
0.250000000000 0.650000000000 0.450000000000
0.350000000000 0.650000000000 0.450000000000
0.450000000000 0.650000000000 0.450000000000
0.550000000000 0.650000000000 0.450000000000
0.650000000000 0.650000000000 0.450000000000
0.750000000000 0.650000000000 0.450000000000
0.850000000000 0.650000000000 0.450000000000
0.950000000000 0.650000000000 0.450000000000
0.050000000000 0.750000000000 0.450000000000
0.150000000000 0.750000000000 0.450000000000
0.250000000000 0.750000000000 0.450000000000
0.350000000000 0.750000000000 0.450000000000
0.450000000000 0.750000000000 0.450000000000
0.550000000000 0.750000000000 0.450000000000
0.650000000000 0.750000000000 0.450000000000
0.750000000000 0.750000000000 0.450000000000
0.850000000000 0.750000000000 0.450000000000
0.950000000000 0.750000000000 0.450000000000
0.050000000000 0.850000000000 0.450000000000
0.150000000000 0.850000000000 0.450000000000
0.250000000000 0.850000000000 0.450000000000
0.350000000000 0.850000000000 0.450000000000
0.450000000000 0.850000000000 0.450000000000
0.550000000000 0.850000000000 0.450000000000
0.650000000000 0.850000000000 0.450000000000
0.750000000000 0.850000000000 0.450000000000
0.850000000000 0.850000000000 0.450000000000
0.950000000000 0.850000000000 0.450000000000
0.050000000000 0.950000000000 0.450000000000
0.150000000000 0.950000000000 0.450000000000
0.250000000000 0.950000000000 0.450000000000
0.350000000000 0.950000000000 0.450000000000
0.450000000000 0.950000000000 0.450000000000
0.550000000000 0.950000000000 0.450000000000
0.650000000000 0.950000000000 0.450000000000
0.750000000000 0.950000000000 0.450000000000
0.850000000000 0.950000000000 0.450000000000
0.950000000000 0.950000000000 0.450000000000
0.050000000000 0.050000000000 0.550000000000
0.150000000000 0.050000000000 0.550000000000
0.250000000000 0.050000000000 0.550000000000
0.350000000000 0.050000000000 0.550000000000
0.450000000000 0.050000000000 0.550000000000
0.550000000000 0.050000000000 0.550000000000
0.650000000000 0.050000000000 0.550000000000
0.750000000000 0.050000000000 0.550000000000
0.850000000000 0.050000000000 0.550000000000
0.950000000000 0.050000000000 0.550000000000
0.050000000000 0.150000000000 0.550000000000
0.150000000000 0.150000000000 0.550000000000
0.250000000000 0.150000000000 0.550000000000
0.350000000000 0.150000000000 0.550000000000
0.450000000000 0.150000000000 0.550000000000
0.550000000000 0.150000000000 0.550000000000
0.650000000000 0.150000000000 0.550000000000
0.750000000000 0.150000000000 0.550000000000
0.850000000000 0.150000000000 0.550000000000
0.950000000000 0.150000000000 0.550000000000
0.050000000000 0.250000000000 0.550000000000
0.150000000000 0.250000000000 0.550000000000
0.250000000000 0.250000000000 0.550000000000
0.350000000000 0.250000000000 0.550000000000
0.450000000000 0.250000000000 0.550000000000
0.550000000000 0.250000000000 0.550000000000
0.650000000000 0.250000000000 0.550000000000
0.750000000000 0.250000000000 0.550000000000
0.850000000000 0.250000000000 0.550000000000
0.950000000000 0.250000000000 0.550000000000
0.050000000000 0.350000000000 0.550000000000
0.150000000000 0.350000000000 0.550000000000
0.250000000000 0.350000000000 0.550000000000
0.350000000000 0.350000000000 0.550000000000
0.450000000000 0.350000000000 0.550000000000
0.550000000000 0.350000000000 0.550000000000
0.650000000000 0.350000000000 0.550000000000
0.750000000000 0.350000000000 0.550000000000
0.850000000000 0.350000000000 0.550000000000
0.950000000000 0.350000000000 0.550000000000
0.050000000000 0.450000000000 0.550000000000
0.150000000000 0.450000000000 0.550000000000
0.250000000000 0.450000000000 0.550000000000
0.350000000000 0.450000000000 0.550000000000
0.450000000000 0.450000000000 0.550000000000
0.550000000000 0.450000000000 0.550000000000
0.650000000000 0.450000000000 0.550000000000
0.750000000000 0.450000000000 0.550000000000
0.850000000000 0.450000000000 0.550000000000
0.950000000000 0.450000000000 0.550000000000
0.050000000000 0.550000000000 0.550000000000
0.150000000000 0.550000000000 0.550000000000
0.250000000000 0.550000000000 0.550000000000
0.350000000000 0.550000000000 0.550000000000
0.450000000000 0.550000000000 0.550000000000
0.550000000000 0.550000000000 0.550000000000
0.650000000000 0.550000000000 0.550000000000
0.750000000000 0.550000000000 0.550000000000
0.850000000000 0.550000000000 0.550000000000
0.950000000000 0.550000000000 0.550000000000
0.050000000000 0.650000000000 0.550000000000
0.150000000000 0.650000000000 0.550000000000
0.250000000000 0.650000000000 0.550000000000
0.350000000000 0.650000000000 0.550000000000
0.450000000000 0.650000000000 0.550000000000
0.550000000000 0.650000000000 0.550000000000
0.650000000000 0.650000000000 0.550000000000
0.750000000000 0.650000000000 0.550000000000
0.850000000000 0.650000000000 0.550000000000
0.950000000000 0.650000000000 0.550000000000
0.050000000000 0.750000000000 0.550000000000
0.150000000000 0.750000000000 0.550000000000
0.250000000000 0.750000000000 0.550000000000
0.350000000000 0.750000000000 0.550000000000
0.450000000000 0.750000000000 0.550000000000
0.550000000000 0.750000000000 0.550000000000
0.650000000000 0.750000000000 0.550000000000
0.750000000000 0.750000000000 0.550000000000
0.850000000000 0.750000000000 0.550000000000
0.950000000000 0.750000000000 0.550000000000
0.050000000000 0.850000000000 0.550000000000
0.150000000000 0.850000000000 0.550000000000
0.250000000000 0.850000000000 0.550000000000
0.350000000000 0.850000000000 0.550000000000
0.450000000000 0.850000000000 0.550000000000
0.550000000000 0.850000000000 0.550000000000
0.650000000000 0.850000000000 0.550000000000
0.750000000000 0.850000000000 0.550000000000
0.850000000000 0.850000000000 0.550000000000
0.950000000000 0.850000000000 0.550000000000
0.050000000000 0.950000000000 0.550000000000
0.150000000000 0.950000000000 0.550000000000
0.250000000000 0.950000000000 0.550000000000
0.350000000000 0.950000000000 0.550000000000
0.450000000000 0.950000000000 0.550000000000
0.550000000000 0.950000000000 0.550000000000
0.650000000000 0.950000000000 0.550000000000
0.750000000000 0.950000000000 0.550000000000
0.850000000000 0.950000000000 0.550000000000
0.950000000000 0.950000000000 0.550000000000
0.050000000000 0.050000000000 0.650000000000
0.150000000000 0.050000000000 0.650000000000
0.250000000000 0.050000000000 0.650000000000
0.350000000000 0.050000000000 0.650000000000
0.450000000000 0.050000000000 0.650000000000
0.550000000000 0.050000000000 0.650000000000
0.650000000000 0.050000000000 0.650000000000
0.750000000000 0.050000000000 0.650000000000
0.850000000000 0.050000000000 0.650000000000
0.950000000000 0.050000000000 0.650000000000
0.050000000000 0.150000000000 0.650000000000
0.150000000000 0.150000000000 0.650000000000
0.250000000000 0.150000000000 0.650000000000
0.350000000000 0.150000000000 0.650000000000
0.450000000000 0.150000000000 0.650000000000
0.550000000000 0.150000000000 0.650000000000
0.650000000000 0.150000000000 0.650000000000
0.750000000000 0.150000000000 0.650000000000
0.850000000000 0.150000000000 0.650000000000
0.950000000000 0.150000000000 0.650000000000
0.050000000000 0.250000000000 0.650000000000
0.150000000000 0.250000000000 0.650000000000
0.250000000000 0.250000000000 0.650000000000
0.350000000000 0.250000000000 0.650000000000
0.450000000000 0.250000000000 0.650000000000
0.550000000000 0.250000000000 0.650000000000
0.650000000000 0.250000000000 0.650000000000
0.750000000000 0.250000000000 0.650000000000
0.850000000000 0.250000000000 0.650000000000
0.950000000000 0.250000000000 0.650000000000
0.050000000000 0.350000000000 0.650000000000
0.150000000000 0.350000000000 0.650000000000
0.250000000000 0.350000000000 0.650000000000
0.350000000000 0.350000000000 0.650000000000
0.450000000000 0.350000000000 0.650000000000
0.550000000000 0.350000000000 0.650000000000
0.650000000000 0.350000000000 0.650000000000
0.750000000000 0.350000000000 0.650000000000
0.850000000000 0.350000000000 0.650000000000
0.950000000000 0.350000000000 0.650000000000
0.050000000000 0.450000000000 0.650000000000
0.150000000000 0.450000000000 0.650000000000
0.250000000000 0.450000000000 0.650000000000
0.350000000000 0.450000000000 0.650000000000
0.450000000000 0.450000000000 0.650000000000
0.550000000000 0.450000000000 0.650000000000
0.650000000000 0.450000000000 0.650000000000
0.750000000000 0.450000000000 0.650000000000
0.850000000000 0.450000000000 0.650000000000
0.950000000000 0.450000000000 0.650000000000
0.050000000000 0.550000000000 0.650000000000
0.150000000000 0.550000000000 0.650000000000
0.250000000000 0.550000000000 0.650000000000
0.350000000000 0.550000000000 0.650000000000
0.450000000000 0.550000000000 0.650000000000
0.550000000000 0.550000000000 0.650000000000
0.650000000000 0.550000000000 0.650000000000
0.750000000000 0.550000000000 0.650000000000
0.850000000000 0.550000000000 0.650000000000
0.950000000000 0.550000000000 0.650000000000
0.050000000000 0.650000000000 0.650000000000
0.150000000000 0.650000000000 0.650000000000
0.250000000000 0.650000000000 0.650000000000
0.350000000000 0.650000000000 0.650000000000
0.450000000000 0.650000000000 0.650000000000
0.550000000000 0.650000000000 0.650000000000
0.650000000000 0.650000000000 0.650000000000
0.750000000000 0.650000000000 0.650000000000
0.850000000000 0.650000000000 0.650000000000
0.950000000000 0.650000000000 0.650000000000
0.050000000000 0.750000000000 0.650000000000
0.150000000000 0.750000000000 0.650000000000
0.250000000000 0.750000000000 0.650000000000
0.350000000000 0.750000000000 0.650000000000
0.450000000000 0.750000000000 0.650000000000
0.550000000000 0.750000000000 0.650000000000
0.650000000000 0.750000000000 0.650000000000
0.750000000000 0.750000000000 0.650000000000
0.850000000000 0.750000000000 0.650000000000
0.950000000000 0.750000000000 0.650000000000
0.050000000000 0.850000000000 0.650000000000
0.150000000000 0.850000000000 0.650000000000
0.250000000000 0.850000000000 0.650000000000
0.350000000000 0.850000000000 0.650000000000
0.450000000000 0.850000000000 0.650000000000
0.550000000000 0.850000000000 0.650000000000
0.650000000000 0.850000000000 0.650000000000
0.750000000000 0.850000000000 0.650000000000
0.850000000000 0.850000000000 0.650000000000
0.950000000000 0.850000000000 0.650000000000
0.050000000000 0.950000000000 0.650000000000
0.150000000000 0.950000000000 0.650000000000
0.250000000000 0.950000000000 0.650000000000
0.350000000000 0.950000000000 0.650000000000
0.450000000000 0.950000000000 0.650000000000
0.550000000000 0.950000000000 0.650000000000
0.650000000000 0.950000000000 0.650000000000
0.750000000000 0.950000000000 0.650000000000
0.850000000000 0.950000000000 0.650000000000
0.950000000000 0.950000000000 0.650000000000
0.050000000000 0.050000000000 0.750000000000
0.150000000000 0.050000000000 0.750000000000
0.250000000000 0.050000000000 0.750000000000
0.350000000000 0.050000000000 0.750000000000
0.450000000000 0.050000000000 0.750000000000
0.550000000000 0.050000000000 0.750000000000
0.650000000000 0.050000000000 0.750000000000
0.750000000000 0.050000000000 0.750000000000
0.850000000000 0.050000000000 0.750000000000
0.950000000000 0.050000000000 0.750000000000
0.050000000000 0.150000000000 0.750000000000
0.150000000000 0.150000000000 0.750000000000
0.250000000000 0.150000000000 0.750000000000
0.350000000000 0.150000000000 0.750000000000
0.450000000000 0.150000000000 0.750000000000
0.550000000000 0.150000000000 0.750000000000
0.650000000000 0.150000000000 0.750000000000
0.750000000000 0.150000000000 0.750000000000
0.850000000000 0.150000000000 0.750000000000
0.950000000000 0.150000000000 0.750000000000
0.050000000000 0.250000000000 0.750000000000
0.150000000000 0.250000000000 0.750000000000
0.250000000000 0.250000000000 0.750000000000
0.350000000000 0.250000000000 0.750000000000
0.450000000000 0.250000000000 0.750000000000
0.550000000000 0.250000000000 0.750000000000
0.650000000000 0.250000000000 0.750000000000
0.750000000000 0.250000000000 0.750000000000
0.850000000000 0.250000000000 0.750000000000
0.950000000000 0.250000000000 0.750000000000
0.050000000000 0.350000000000 0.750000000000
0.150000000000 0.350000000000 0.750000000000
0.250000000000 0.350000000000 0.750000000000
0.350000000000 0.350000000000 0.750000000000
0.450000000000 0.350000000000 0.750000000000
0.550000000000 0.350000000000 0.750000000000
0.650000000000 0.350000000000 0.750000000000
0.750000000000 0.350000000000 0.750000000000
0.850000000000 0.350000000000 0.750000000000
0.950000000000 0.350000000000 0.750000000000
0.050000000000 0.450000000000 0.750000000000
0.150000000000 0.450000000000 0.750000000000
0.250000000000 0.450000000000 0.750000000000
0.350000000000 0.450000000000 0.750000000000
0.450000000000 0.450000000000 0.750000000000
0.550000000000 0.450000000000 0.750000000000
0.650000000000 0.450000000000 0.750000000000
0.750000000000 0.450000000000 0.750000000000
0.850000000000 0.450000000000 0.750000000000
0.950000000000 0.450000000000 0.750000000000
0.050000000000 0.550000000000 0.750000000000
0.150000000000 0.550000000000 0.750000000000
0.250000000000 0.550000000000 0.750000000000
0.350000000000 0.550000000000 0.750000000000
0.450000000000 0.550000000000 0.750000000000
0.550000000000 0.550000000000 0.750000000000
0.650000000000 0.550000000000 0.750000000000
0.750000000000 0.550000000000 0.750000000000
0.850000000000 0.550000000000 0.750000000000
0.950000000000 0.550000000000 0.750000000000
0.050000000000 0.650000000000 0.750000000000
0.150000000000 0.650000000000 0.750000000000
0.250000000000 0.650000000000 0.750000000000
0.350000000000 0.650000000000 0.750000000000
0.450000000000 0.650000000000 0.750000000000
0.550000000000 0.650000000000 0.750000000000
0.650000000000 0.650000000000 0.750000000000
0.750000000000 0.650000000000 0.750000000000
0.850000000000 0.650000000000 0.750000000000
0.950000000000 0.650000000000 0.750000000000
0.050000000000 0.750000000000 0.750000000000
0.150000000000 0.750000000000 0.750000000000
0.250000000000 0.750000000000 0.750000000000
0.350000000000 0.750000000000 0.750000000000
0.450000000000 0.750000000000 0.750000000000
0.550000000000 0.750000000000 0.750000000000
0.650000000000 0.750000000000 0.750000000000
0.750000000000 0.750000000000 0.750000000000
0.850000000000 0.750000000000 0.750000000000
0.950000000000 0.750000000000 0.750000000000
0.050000000000 0.850000000000 0.750000000000
0.150000000000 0.850000000000 0.750000000000
0.250000000000 0.850000000000 0.750000000000
0.350000000000 0.850000000000 0.750000000000
0.450000000000 0.850000000000 0.750000000000
0.550000000000 0.850000000000 0.750000000000
0.650000000000 0.850000000000 0.750000000000
0.750000000000 0.850000000000 0.750000000000
0.850000000000 0.850000000000 0.750000000000
0.950000000000 0.850000000000 0.750000000000
0.050000000000 0.950000000000 0.750000000000
0.150000000000 0.950000000000 0.750000000000
0.250000000000 0.950000000000 0.750000000000
0.350000000000 0.950000000000 0.750000000000
0.450000000000 0.950000000000 0.750000000000
0.550000000000 0.950000000000 0.750000000000
0.650000000000 0.950000000000 0.750000000000
0.750000000000 0.950000000000 0.750000000000
0.850000000000 0.950000000000 0.750000000000
0.950000000000 0.950000000000 0.750000000000
0.050000000000 0.050000000000 0.850000000000
0.150000000000 0.050000000000 0.850000000000
0.250000000000 0.050000000000 0.850000000000
0.350000000000 0.050000000000 0.850000000000
0.450000000000 0.050000000000 0.850000000000
0.550000000000 0.050000000000 0.850000000000
0.650000000000 0.050000000000 0.850000000000
0.750000000000 0.050000000000 0.850000000000
0.850000000000 0.050000000000 0.850000000000
0.950000000000 0.050000000000 0.850000000000
0.050000000000 0.150000000000 0.850000000000
0.150000000000 0.150000000000 0.850000000000
0.250000000000 0.150000000000 0.850000000000
0.350000000000 0.150000000000 0.850000000000
0.450000000000 0.150000000000 0.850000000000
0.550000000000 0.150000000000 0.850000000000
0.650000000000 0.150000000000 0.850000000000
0.750000000000 0.150000000000 0.850000000000
0.850000000000 0.150000000000 0.850000000000
0.950000000000 0.150000000000 0.850000000000
0.050000000000 0.250000000000 0.850000000000
0.150000000000 0.250000000000 0.850000000000
0.250000000000 0.250000000000 0.850000000000
0.350000000000 0.250000000000 0.850000000000
0.450000000000 0.250000000000 0.850000000000
0.550000000000 0.250000000000 0.850000000000
0.650000000000 0.250000000000 0.850000000000
0.750000000000 0.250000000000 0.850000000000
0.850000000000 0.250000000000 0.850000000000
0.950000000000 0.250000000000 0.850000000000
0.050000000000 0.350000000000 0.850000000000
0.150000000000 0.350000000000 0.850000000000
0.250000000000 0.350000000000 0.850000000000
0.350000000000 0.350000000000 0.850000000000
0.450000000000 0.350000000000 0.850000000000
0.550000000000 0.350000000000 0.850000000000
0.650000000000 0.350000000000 0.850000000000
0.750000000000 0.350000000000 0.850000000000
0.850000000000 0.350000000000 0.850000000000
0.950000000000 0.350000000000 0.850000000000
0.050000000000 0.450000000000 0.850000000000
0.150000000000 0.450000000000 0.850000000000
0.250000000000 0.450000000000 0.850000000000
0.350000000000 0.450000000000 0.850000000000
0.450000000000 0.450000000000 0.850000000000
0.550000000000 0.450000000000 0.850000000000
0.650000000000 0.450000000000 0.850000000000
0.750000000000 0.450000000000 0.850000000000
0.850000000000 0.450000000000 0.850000000000
0.950000000000 0.450000000000 0.850000000000
0.050000000000 0.550000000000 0.850000000000
0.150000000000 0.550000000000 0.850000000000
0.250000000000 0.550000000000 0.850000000000
0.350000000000 0.550000000000 0.850000000000
0.450000000000 0.550000000000 0.850000000000
0.550000000000 0.550000000000 0.850000000000
0.650000000000 0.550000000000 0.850000000000
0.750000000000 0.550000000000 0.850000000000
0.850000000000 0.550000000000 0.850000000000
0.950000000000 0.550000000000 0.850000000000
0.050000000000 0.650000000000 0.850000000000
0.150000000000 0.650000000000 0.850000000000
0.250000000000 0.650000000000 0.850000000000
0.350000000000 0.650000000000 0.850000000000
0.450000000000 0.650000000000 0.850000000000
0.550000000000 0.650000000000 0.850000000000
0.650000000000 0.650000000000 0.850000000000
0.750000000000 0.650000000000 0.850000000000
0.850000000000 0.650000000000 0.850000000000
0.950000000000 0.650000000000 0.850000000000
0.050000000000 0.750000000000 0.850000000000
0.150000000000 0.750000000000 0.850000000000
0.250000000000 0.750000000000 0.850000000000
0.350000000000 0.750000000000 0.850000000000
0.450000000000 0.750000000000 0.850000000000
0.550000000000 0.750000000000 0.850000000000
0.650000000000 0.750000000000 0.850000000000
0.750000000000 0.750000000000 0.850000000000
0.850000000000 0.750000000000 0.850000000000
0.950000000000 0.750000000000 0.850000000000
0.050000000000 0.850000000000 0.850000000000
0.150000000000 0.850000000000 0.850000000000
0.250000000000 0.850000000000 0.850000000000
0.350000000000 0.850000000000 0.850000000000
0.450000000000 0.850000000000 0.850000000000
0.550000000000 0.850000000000 0.850000000000
0.650000000000 0.850000000000 0.850000000000
0.750000000000 0.850000000000 0.850000000000
0.850000000000 0.850000000000 0.850000000000
0.950000000000 0.850000000000 0.850000000000
0.050000000000 0.950000000000 0.850000000000
0.150000000000 0.950000000000 0.850000000000
0.250000000000 0.950000000000 0.850000000000
0.350000000000 0.950000000000 0.850000000000
0.450000000000 0.950000000000 0.850000000000
0.550000000000 0.950000000000 0.850000000000
0.650000000000 0.950000000000 0.850000000000
0.750000000000 0.950000000000 0.850000000000
0.850000000000 0.950000000000 0.850000000000
0.950000000000 0.950000000000 0.850000000000
0.050000000000 0.050000000000 0.950000000000
0.150000000000 0.050000000000 0.950000000000
0.250000000000 0.050000000000 0.950000000000
0.350000000000 0.050000000000 0.950000000000
0.450000000000 0.050000000000 0.950000000000
0.550000000000 0.050000000000 0.950000000000
0.650000000000 0.050000000000 0.950000000000
0.750000000000 0.050000000000 0.950000000000
0.850000000000 0.050000000000 0.950000000000
0.950000000000 0.050000000000 0.950000000000
0.050000000000 0.150000000000 0.950000000000
0.150000000000 0.150000000000 0.950000000000
0.250000000000 0.150000000000 0.950000000000
0.350000000000 0.150000000000 0.950000000000
0.450000000000 0.150000000000 0.950000000000
0.550000000000 0.150000000000 0.950000000000
0.650000000000 0.150000000000 0.950000000000
0.750000000000 0.150000000000 0.950000000000
0.850000000000 0.150000000000 0.950000000000
0.950000000000 0.150000000000 0.950000000000
0.050000000000 0.250000000000 0.950000000000
0.150000000000 0.250000000000 0.950000000000
0.250000000000 0.250000000000 0.950000000000
0.350000000000 0.250000000000 0.950000000000
0.450000000000 0.250000000000 0.950000000000
0.550000000000 0.250000000000 0.950000000000
0.650000000000 0.250000000000 0.950000000000
0.750000000000 0.250000000000 0.950000000000
0.850000000000 0.250000000000 0.950000000000
0.950000000000 0.250000000000 0.950000000000
0.050000000000 0.350000000000 0.950000000000
0.150000000000 0.350000000000 0.950000000000
0.250000000000 0.350000000000 0.950000000000
0.350000000000 0.350000000000 0.950000000000
0.450000000000 0.350000000000 0.950000000000
0.550000000000 0.350000000000 0.950000000000
0.650000000000 0.350000000000 0.950000000000
0.750000000000 0.350000000000 0.950000000000
0.850000000000 0.350000000000 0.950000000000
0.950000000000 0.350000000000 0.950000000000
0.050000000000 0.450000000000 0.950000000000
0.150000000000 0.450000000000 0.950000000000
0.250000000000 0.450000000000 0.950000000000
0.350000000000 0.450000000000 0.950000000000
0.450000000000 0.450000000000 0.950000000000
0.550000000000 0.450000000000 0.950000000000
0.650000000000 0.450000000000 0.950000000000
0.750000000000 0.450000000000 0.950000000000
0.850000000000 0.450000000000 0.950000000000
0.950000000000 0.450000000000 0.950000000000
0.050000000000 0.550000000000 0.950000000000
0.150000000000 0.550000000000 0.950000000000
0.250000000000 0.550000000000 0.950000000000
0.350000000000 0.550000000000 0.950000000000
0.450000000000 0.550000000000 0.950000000000
0.550000000000 0.550000000000 0.950000000000
0.650000000000 0.550000000000 0.950000000000
0.750000000000 0.550000000000 0.950000000000
0.850000000000 0.550000000000 0.950000000000
0.950000000000 0.550000000000 0.950000000000
0.050000000000 0.650000000000 0.950000000000
0.150000000000 0.650000000000 0.950000000000
0.250000000000 0.650000000000 0.950000000000
0.350000000000 0.650000000000 0.950000000000
0.450000000000 0.650000000000 0.950000000000
0.550000000000 0.650000000000 0.950000000000
0.650000000000 0.650000000000 0.950000000000
0.750000000000 0.650000000000 0.950000000000
0.850000000000 0.650000000000 0.950000000000
0.950000000000 0.650000000000 0.950000000000
0.050000000000 0.750000000000 0.950000000000
0.150000000000 0.750000000000 0.950000000000
0.250000000000 0.750000000000 0.950000000000
0.350000000000 0.750000000000 0.950000000000
0.450000000000 0.750000000000 0.950000000000
0.550000000000 0.750000000000 0.950000000000
0.650000000000 0.750000000000 0.950000000000
0.750000000000 0.750000000000 0.950000000000
0.850000000000 0.750000000000 0.950000000000
0.950000000000 0.750000000000 0.950000000000
0.050000000000 0.850000000000 0.950000000000
0.150000000000 0.850000000000 0.950000000000
0.250000000000 0.850000000000 0.950000000000
0.350000000000 0.850000000000 0.950000000000
0.450000000000 0.850000000000 0.950000000000
0.550000000000 0.850000000000 0.950000000000
0.650000000000 0.850000000000 0.950000000000
0.750000000000 0.850000000000 0.950000000000
0.850000000000 0.850000000000 0.950000000000
0.950000000000 0.850000000000 0.950000000000
0.050000000000 0.950000000000 0.950000000000
0.150000000000 0.950000000000 0.950000000000
0.250000000000 0.950000000000 0.950000000000
0.350000000000 0.950000000000 0.950000000000
0.450000000000 0.950000000000 0.950000000000
0.550000000000 0.950000000000 0.950000000000
0.650000000000 0.950000000000 0.950000000000
0.750000000000 0.950000000000 0.950000000000
0.850000000000 0.950000000000 0.950000000000
0.950000000000 0.950000000000 0.950000000000
