0 159 1
0 36 1
0 132 1
0 41 1
0 10 1
0 107 1
0 108 1
0 268 1
0 207 1
0 147 1
0 85 1
0 149 1
0 215 1
0 156 1
1 165 1
1 230 1
1 102 1
1 298 1
1 205 1
1 214 1
2 287 1
2 162 1
2 259 1
2 167 1
2 172 1
2 109 1
2 117 1
2 119 1
2 281 1
2 92 1
3 74 1
3 75 1
3 76 1
3 174 1
3 111 1
3 81 1
3 113 1
3 242 1
3 82 1
3 53 1
3 62 1
4 7 1
4 9 1
4 139 1
4 15 1
4 30 1
4 34 1
4 36 1
4 42 1
4 171 1
4 57 1
4 192 1
4 198 1
4 84 1
4 215 1
4 226 1
4 234 1
4 239 1
4 116 1
4 254 1
5 128 1
5 68 1
5 229 1
5 265 1
5 74 1
5 139 1
5 203 1
5 75 1
5 144 1
5 273 1
5 116 1
5 150 1
5 57 1
5 90 1
5 30 1
6 31 1
6 97 1
6 197 1
6 295 1
6 137 1
6 266 1
6 237 1
6 143 1
6 52 1
6 185 1
6 59 1
6 124 1
6 158 1
7 191 1
7 36 1
7 4 1
7 198 1
7 139 1
7 147 1
7 84 1
7 85 1
7 182 1
8 129 1
8 99 1
8 136 1
8 105 1
8 264 1
8 43 1
8 267 1
8 172 1
8 17 1
8 151 1
8 183 1
8 222 1
9 4 1
9 73 1
9 42 1
9 75 1
9 250 1
9 15 1
9 273 1
9 114 1
9 116 1
9 55 1
9 57 1
9 154 1
9 30 1
10 0 1
10 33 1
10 132 1
10 169 1
10 138 1
10 77 1
10 207 1
10 54 1
10 215 1
10 120 1
10 219 1
10 156 1
11 194 1
11 231 1
11 72 1
11 269 1
11 148 1
11 245 1
11 22 1
11 151 1
11 220 1
12 255 1
12 96 1
12 34 1
12 163 1
12 133 1
12 78 1
12 240 1
12 17 1
12 21 1
12 91 1
12 286 1
13 191 1
13 159 1
13 293 1
13 121 1
13 41 1
13 238 1
13 175 1
13 208 1
13 147 1
13 19 1
13 85 1
13 217 1
14 131 1
14 259 1
14 262 1
14 15 1
14 16 1
14 154 1
14 163 1
14 294 1
14 186 1
14 61 1
14 70 1
14 73 1
14 79 1
14 210 1
14 91 1
14 92 1
14 101 1
14 114 1
14 248 1
14 122 1
15 34 1
15 226 1
15 4 1
15 73 1
15 9 1
15 42 1
15 14 1
15 239 1
15 210 1
15 116 1
15 21 1
15 57 1
15 154 1
15 91 1
15 30 1
16 65 1
16 290 1
16 131 1
16 70 1
16 201 1
16 233 1
16 44 1
16 109 1
16 14 1
16 79 1
16 122 1
17 96 1
17 193 1
17 99 1
17 163 1
17 8 1
17 105 1
17 202 1
17 267 1
17 12 1
17 172 1
17 43 1
17 240 1
17 115 1
17 119 1
17 216 1
17 60 1
17 222 1
18 159 1
18 196 1
18 293 1
18 153 1
18 39 1
18 106 1
18 268 1
18 212 1
18 249 1
19 191 1
19 293 1
19 13 1
19 238 1
19 85 1
19 182 1
19 217 1
20 99 1
20 231 1
20 72 1
20 264 1
20 40 1
20 143 1
20 83 1
20 151 1
20 24 1
21 34 1
21 226 1
21 73 1
21 42 1
21 12 1
21 78 1
21 15 1
21 91 1
22 65 1
22 194 1
22 262 1
22 70 1
22 294 1
22 137 1
22 295 1
22 11 1
22 72 1
22 79 1
22 148 1
22 245 1
22 248 1
23 37 1
23 229 1
23 171 1
23 77 1
23 123 1
23 146 1
23 54 1
23 120 1
23 219 1
23 253 1
24 65 1
24 295 1
24 231 1
24 72 1
24 266 1
24 40 1
24 143 1
24 275 1
24 20 1
24 245 1
24 83 1
24 151 1
24 185 1
24 278 1
24 124 1
25 263 1
25 141 1
25 46 1
25 51 1
25 187 1
26 127 1
26 63 1
26 260 1
26 135 1
26 200 1
26 297 1
26 296 1
26 241 1
26 211 1
26 88 1
26 90 1
26 283 1
26 93 1
26 94 1
27 127 1
27 256 1
27 97 1
27 290 1
27 68 1
27 197 1
27 262 1
27 135 1
27 296 1
27 137 1
27 44 1
27 237 1
27 179 1
27 280 1
27 28 1
27 29 1
28 223 1
28 95 1
28 130 1
28 291 1
28 290 1
28 197 1
28 135 1
28 237 1
28 179 1
28 27 1
29 127 1
29 160 1
29 97 1
29 68 1
29 262 1
29 294 1
29 296 1
29 137 1
29 142 1
29 47 1
29 90 1
29 27 1
30 4 1
30 101 1
30 69 1
30 5 1
30 9 1
30 203 1
30 139 1
30 15 1
30 239 1
30 273 1
30 210 1
30 276 1
30 150 1
30 57 1
30 154 1
31 228 1
31 100 1
31 6 1
31 140 1
31 205 1
31 143 1
31 83 1
31 52 1
31 59 1
31 124 1
31 158 1
32 224 1
32 161 1
32 225 1
32 66 1
32 288 1
32 229 1
32 38 1
32 181 1
32 213 1
32 149 1
32 156 1
32 123 1
32 252 1
33 164 1
33 169 1
33 10 1
33 138 1
33 170 1
33 173 1
33 77 1
33 243 1
33 282 1
33 219 1
33 284 1
33 254 1
34 255 1
34 226 1
34 4 1
34 133 1
34 73 1
34 42 1
34 234 1
34 12 1
34 78 1
34 15 1
34 21 1
34 91 1
35 164 1
35 178 1
35 243 1
35 244 1
35 282 1
35 284 1
36 0 1
36 192 1
36 4 1
36 132 1
36 198 1
36 7 1
36 169 1
36 234 1
36 139 1
36 108 1
36 147 1
36 85 1
36 215 1
37 255 1
37 227 1
37 42 1
37 171 1
37 170 1
37 45 1
37 77 1
37 23 1
37 253 1
38 32 1
38 161 1
38 66 1
38 67 1
38 288 1
38 180 1
38 213 1
38 277 1
38 56 1
38 189 1
39 159 1
39 257 1
39 196 1
39 293 1
39 261 1
39 121 1
39 153 1
39 249 1
39 106 1
39 235 1
39 238 1
39 272 1
39 18 1
39 247 1
39 89 1
40 65 1
40 162 1
40 99 1
40 72 1
40 275 1
40 20 1
40 117 1
40 278 1
40 83 1
40 24 1
41 159 1
41 0 1
41 258 1
41 121 1
41 166 1
41 299 1
41 268 1
41 13 1
41 108 1
41 110 1
41 107 1
41 147 1
41 212 1
41 85 1
41 153 1
42 255 1
42 4 1
42 133 1
42 9 1
42 15 1
42 21 1
42 34 1
42 37 1
42 171 1
42 45 1
42 173 1
42 73 1
42 78 1
42 227 1
42 234 1
42 114 1
42 243 1
42 116 1
42 250 1
43 129 1
43 293 1
43 8 1
43 232 1
43 105 1
43 267 1
43 136 1
43 269 1
43 238 1
43 48 1
43 17 1
43 182 1
43 218 1
43 222 1
44 290 1
44 197 1
44 262 1
44 70 1
44 137 1
44 80 1
44 16 1
44 122 1
44 27 1
45 227 1
45 37 1
45 199 1
45 42 1
45 171 1
45 234 1
45 146 1
45 116 1
45 250 1
45 253 1
46 152 1
46 263 1
46 141 1
46 51 1
46 184 1
46 25 1
46 251 1
46 62 1
47 160 1
47 97 1
47 165 1
47 102 1
47 166 1
47 296 1
47 265 1
47 203 1
47 299 1
47 142 1
47 238 1
47 209 1
47 49 1
47 50 1
47 90 1
47 220 1
47 29 1
47 285 1
48 96 1
48 194 1
48 69 1
48 105 1
48 43 1
48 267 1
48 269 1
48 238 1
48 239 1
48 240 1
48 182 1
48 216 1
48 218 1
48 222 1
49 165 1
49 166 1
49 261 1
49 230 1
49 121 1
49 299 1
49 235 1
49 203 1
49 238 1
49 47 1
49 209 1
49 214 1
49 279 1
49 89 1
49 220 1
49 285 1
50 160 1
50 102 1
50 135 1
50 296 1
50 297 1
50 298 1
50 47 1
50 209 1
50 90 1
50 126 1
51 292 1
51 263 1
51 233 1
51 141 1
51 46 1
51 187 1
51 246 1
51 184 1
51 25 1
51 251 1
52 31 1
52 160 1
52 97 1
52 100 1
52 228 1
52 6 1
52 298 1
52 140 1
52 205 1
52 237 1
52 280 1
52 59 1
52 158 1
53 128 1
53 66 1
53 3 1
53 229 1
53 168 1
53 74 1
53 75 1
53 76 1
53 236 1
53 111 1
53 81 1
53 146 1
53 241 1
53 253 1
54 10 1
54 77 1
54 219 1
54 23 1
54 120 1
54 123 1
54 156 1
54 253 1
55 227 1
55 199 1
55 9 1
55 75 1
55 250 1
55 111 1
55 114 1
55 116 1
55 152 1
55 154 1
55 62 1
56 161 1
56 66 1
56 98 1
56 67 1
56 38 1
56 177 1
56 274 1
56 94 1
56 180 1
56 277 1
56 118 1
56 189 1
56 157 1
56 190 1
57 192 1
57 4 1
57 5 1
57 229 1
57 9 1
57 265 1
57 139 1
57 74 1
57 15 1
57 273 1
57 116 1
57 30 1
58 103 1
58 233 1
58 270 1
58 82 1
58 86 1
59 31 1
59 95 1
59 100 1
59 6 1
59 237 1
59 52 1
59 280 1
60 134 1
60 71 1
60 202 1
60 267 1
60 175 1
60 240 1
60 17 1
60 244 1
60 87 1
60 216 1
60 286 1
61 131 1
61 73 1
61 109 1
61 14 1
61 78 1
61 145 1
61 186 1
61 187 1
61 92 1
62 3 1
62 292 1
62 263 1
62 103 1
62 75 1
62 154 1
62 46 1
62 111 1
62 82 1
62 114 1
62 242 1
62 86 1
62 246 1
62 55 1
62 152 1
62 251 1
62 122 1
62 155 1
63 130 1
63 291 1
63 260 1
63 135 1
63 297 1
63 211 1
63 26 1
64 196 1
64 293 1
64 106 1
64 208 1
64 249 1
65 287 1
65 131 1
65 70 1
65 40 1
65 72 1
65 109 1
65 79 1
65 16 1
65 80 1
65 275 1
65 245 1
65 22 1
65 24 1
65 278 1
66 32 1
66 161 1
66 224 1
66 229 1
66 38 1
66 168 1
66 236 1
66 81 1
66 277 1
66 118 1
66 53 1
66 213 1
66 123 1
66 253 1
66 56 1
67 288 1
67 161 1
67 38 1
67 181 1
67 56 1
67 189 1
67 221 1
67 190 1
68 127 1
68 128 1
68 256 1
68 101 1
68 5 1
68 294 1
68 200 1
68 296 1
68 262 1
68 203 1
68 142 1
68 144 1
68 241 1
68 273 1
68 150 1
68 90 1
68 27 1
68 29 1
69 96 1
69 194 1
69 203 1
69 139 1
69 269 1
69 238 1
69 239 1
69 48 1
69 210 1
69 147 1
69 84 1
69 276 1
69 182 1
69 218 1
69 30 1
70 65 1
70 262 1
70 295 1
70 137 1
70 44 1
70 14 1
70 79 1
70 80 1
70 16 1
70 275 1
70 245 1
70 22 1
70 248 1
70 122 1
71 202 1
71 175 1
71 115 1
71 244 1
71 216 1
71 60 1
71 125 1
72 287 1
72 65 1
72 162 1
72 99 1
72 194 1
72 40 1
72 264 1
72 11 1
72 269 1
72 79 1
72 20 1
72 245 1
72 22 1
72 151 1
72 24 1
72 281 1
72 278 1
72 183 1
73 34 1
73 131 1
73 9 1
73 42 1
73 154 1
73 14 1
73 15 1
73 78 1
73 250 1
73 114 1
73 210 1
73 145 1
73 21 1
73 187 1
73 184 1
73 186 1
73 91 1
73 61 1
74 128 1
74 3 1
74 5 1
74 229 1
74 75 1
74 76 1
74 174 1
74 111 1
74 144 1
74 273 1
74 81 1
74 242 1
74 116 1
74 53 1
74 146 1
74 241 1
74 57 1
74 154 1
75 3 1
75 5 1
75 229 1
75 199 1
75 9 1
75 74 1
75 111 1
75 273 1
75 146 1
75 242 1
75 116 1
75 53 1
75 55 1
75 154 1
75 62 1
76 3 1
76 200 1
76 74 1
76 236 1
76 174 1
76 81 1
76 113 1
76 241 1
76 53 1
77 33 1
77 37 1
77 10 1
77 171 1
77 138 1
77 173 1
77 170 1
77 54 1
77 23 1
77 219 1
78 255 1
78 34 1
78 184 1
78 227 1
78 167 1
78 73 1
78 42 1
78 12 1
78 141 1
78 145 1
78 114 1
78 21 1
78 152 1
78 186 1
78 91 1
78 61 1
79 287 1
79 65 1
79 194 1
79 131 1
79 259 1
79 70 1
79 262 1
79 72 1
79 109 1
79 14 1
79 16 1
79 22 1
79 183 1
79 248 1
79 281 1
79 92 1
80 65 1
80 197 1
80 70 1
80 295 1
80 137 1
80 44 1
80 275 1
80 185 1
81 66 1
81 3 1
81 74 1
81 76 1
81 236 1
81 111 1
81 146 1
81 53 1
81 253 1
82 290 1
82 3 1
82 103 1
82 246 1
82 201 1
82 233 1
82 122 1
82 174 1
82 270 1
82 113 1
82 242 1
82 86 1
82 58 1
82 283 1
82 188 1
82 62 1
83 31 1
83 40 1
83 140 1
83 143 1
83 275 1
83 20 1
83 24 1
83 185 1
83 124 1
84 191 1
84 226 1
84 4 1
84 69 1
84 198 1
84 7 1
84 234 1
84 139 1
84 239 1
84 240 1
84 147 1
84 182 1
84 217 1
84 218 1
85 191 1
85 0 1
85 159 1
85 36 1
85 198 1
85 7 1
85 41 1
85 13 1
85 175 1
85 19 1
85 147 1
85 87 1
85 217 1
86 292 1
86 103 1
86 233 1
86 270 1
86 82 1
86 246 1
86 58 1
86 155 1
86 62 1
87 226 1
87 164 1
87 134 1
87 198 1
87 234 1
87 204 1
87 175 1
87 240 1
87 178 1
87 244 1
87 85 1
87 216 1
87 217 1
87 218 1
87 60 1
87 286 1
88 200 1
88 236 1
88 113 1
88 211 1
88 26 1
88 283 1
88 188 1
88 93 1
88 94 1
89 247 1
89 258 1
89 261 1
89 230 1
89 39 1
89 153 1
89 299 1
89 235 1
89 238 1
89 272 1
89 49 1
89 214 1
89 279 1
89 121 1
90 127 1
90 128 1
90 68 1
90 5 1
90 200 1
90 296 1
90 297 1
90 265 1
90 203 1
90 142 1
90 47 1
90 144 1
90 241 1
90 50 1
90 209 1
90 26 1
90 29 1
90 126 1
91 96 1
91 34 1
91 163 1
91 226 1
91 133 1
91 167 1
91 73 1
91 12 1
91 14 1
91 15 1
91 78 1
91 240 1
91 210 1
91 239 1
91 21 1
91 186 1
92 287 1
92 2 1
92 131 1
92 163 1
92 259 1
92 167 1
92 172 1
92 109 1
92 14 1
92 79 1
92 119 1
92 281 1
92 186 1
92 61 1
93 98 1
93 200 1
93 236 1
93 113 1
93 118 1
93 88 1
93 26 1
93 157 1
93 94 1
94 98 1
94 168 1
94 297 1
94 200 1
94 241 1
94 274 1
94 211 1
94 180 1
94 277 1
94 93 1
94 88 1
94 26 1
94 126 1
94 157 1
94 56 1
95 291 1
95 135 1
95 237 1
95 280 1
95 59 1
95 28 1
96 194 1
96 163 1
96 69 1
96 267 1
96 12 1
96 172 1
96 269 1
96 239 1
96 48 1
96 17 1
96 240 1
96 210 1
96 183 1
96 91 1
96 222 1
97 6 1
97 135 1
97 137 1
97 140 1
97 142 1
97 280 1
97 27 1
97 29 1
97 285 1
97 158 1
97 160 1
97 296 1
97 298 1
97 47 1
97 52 1
97 205 1
97 220 1
97 228 1
97 231 1
97 237 1
97 245 1
98 177 1
98 118 1
98 93 1
98 56 1
98 157 1
98 94 1
99 162 1
99 72 1
99 8 1
99 264 1
99 40 1
99 172 1
99 17 1
99 20 1
99 117 1
99 278 1
99 183 1
99 281 1
99 119 1
100 31 1
100 280 1
100 59 1
100 52 1
101 194 1
101 68 1
101 294 1
101 203 1
101 142 1
101 14 1
101 273 1
101 210 1
101 276 1
101 150 1
101 154 1
101 30 1
102 160 1
102 1 1
102 289 1
102 165 1
102 104 1
102 297 1
102 298 1
102 47 1
102 209 1
102 50 1
102 274 1
102 285 1
102 126 1
103 270 1
103 82 1
103 86 1
103 58 1
103 155 1
103 62 1
104 288 1
104 289 1
104 258 1
104 102 1
104 299 1
104 108 1
104 206 1
104 110 1
104 209 1
104 274 1
104 180 1
104 149 1
104 189 1
104 126 1
105 193 1
105 129 1
105 195 1
105 293 1
105 8 1
105 267 1
105 43 1
105 48 1
105 17 1
105 208 1
105 216 1
105 218 1
105 222 1
106 159 1
106 64 1
106 196 1
106 293 1
106 39 1
106 249 1
106 208 1
106 18 1
106 153 1
107 159 1
107 0 1
107 288 1
107 41 1
107 268 1
107 108 1
107 110 1
107 207 1
107 221 1
108 0 1
108 128 1
108 265 1
108 139 1
108 147 1
108 149 1
108 288 1
108 36 1
108 166 1
108 41 1
108 299 1
108 180 1
108 207 1
108 209 1
108 215 1
108 104 1
108 107 1
108 110 1
108 252 1
109 287 1
109 65 1
109 2 1
109 162 1
109 131 1
109 167 1
109 79 1
109 16 1
109 117 1
109 186 1
109 92 1
109 61 1
110 288 1
110 289 1
110 258 1
110 104 1
110 41 1
110 107 1
110 108 1
110 299 1
110 206 1
110 268 1
110 112 1
110 212 1
110 149 1
110 221 1
111 3 1
111 199 1
111 74 1
111 75 1
111 81 1
111 146 1
111 242 1
111 53 1
111 55 1
111 152 1
111 253 1
111 62 1
112 289 1
112 258 1
112 165 1
112 230 1
112 110 1
112 206 1
112 176 1
112 212 1
112 214 1
112 279 1
113 3 1
113 200 1
113 76 1
113 236 1
113 174 1
113 82 1
113 118 1
113 88 1
113 283 1
113 188 1
113 93 1
114 255 1
114 152 1
114 227 1
114 131 1
114 9 1
114 42 1
114 73 1
114 122 1
114 78 1
114 14 1
114 250 1
114 145 1
114 187 1
114 55 1
114 184 1
114 154 1
114 251 1
114 62 1
115 193 1
115 195 1
115 71 1
115 202 1
115 175 1
115 17 1
115 216 1
115 125 1
116 4 1
116 5 1
116 9 1
116 15 1
116 273 1
116 146 1
116 154 1
116 42 1
116 171 1
116 45 1
116 55 1
116 57 1
116 192 1
116 199 1
116 74 1
116 75 1
116 229 1
116 234 1
116 250 1
117 2 1
117 99 1
117 162 1
117 40 1
117 109 1
117 281 1
118 98 1
118 66 1
118 236 1
118 177 1
118 113 1
118 277 1
118 56 1
118 157 1
118 93 1
119 2 1
119 99 1
119 163 1
119 167 1
119 172 1
119 17 1
119 281 1
119 92 1
120 192 1
120 229 1
120 10 1
120 171 1
120 138 1
120 146 1
120 219 1
120 54 1
120 23 1
120 252 1
120 123 1
120 156 1
120 215 1
121 159 1
121 293 1
121 166 1
121 39 1
121 153 1
121 41 1
121 299 1
121 235 1
121 13 1
121 238 1
121 49 1
121 147 1
121 89 1
122 290 1
122 131 1
122 70 1
122 262 1
122 233 1
122 201 1
122 44 1
122 14 1
122 16 1
122 82 1
122 114 1
122 242 1
122 251 1
122 246 1
122 154 1
122 187 1
122 62 1
123 32 1
123 225 1
123 66 1
123 224 1
123 229 1
123 253 1
123 181 1
123 54 1
123 23 1
123 120 1
123 149 1
123 156 1
123 252 1
124 31 1
124 6 1
124 266 1
124 143 1
124 83 1
124 275 1
124 24 1
124 185 1
124 158 1
125 71 1
125 202 1
125 115 1
126 289 1
126 102 1
126 104 1
126 297 1
126 209 1
126 50 1
126 241 1
126 180 1
126 274 1
126 90 1
126 94 1
127 256 1
127 290 1
127 68 1
127 260 1
127 262 1
127 135 1
127 200 1
127 296 1
127 90 1
127 144 1
127 179 1
127 283 1
127 26 1
127 27 1
127 29 1
128 68 1
128 5 1
128 166 1
128 229 1
128 168 1
128 265 1
128 74 1
128 108 1
128 144 1
128 241 1
128 209 1
128 180 1
128 53 1
128 213 1
128 90 1
128 252 1
129 293 1
129 8 1
129 105 1
129 136 1
129 43 1
129 232 1
129 222 1
130 63 1
130 223 1
130 291 1
130 260 1
130 135 1
130 28 1
130 179 1
130 211 1
130 188 1
131 65 1
131 233 1
131 73 1
131 122 1
131 154 1
131 109 1
131 14 1
131 79 1
131 16 1
131 114 1
131 251 1
131 246 1
131 186 1
131 187 1
131 92 1
131 61 1
132 0 1
132 192 1
132 36 1
132 198 1
132 169 1
132 10 1
132 138 1
132 234 1
132 215 1
132 254 1
133 255 1
133 34 1
133 226 1
133 42 1
133 234 1
133 204 1
133 12 1
133 240 1
133 243 1
133 91 1
133 286 1
134 164 1
134 204 1
134 178 1
134 244 1
134 87 1
134 60 1
134 286 1
135 63 1
135 95 1
135 97 1
135 130 1
135 127 1
135 291 1
135 260 1
135 160 1
135 296 1
135 297 1
135 298 1
135 237 1
135 50 1
135 179 1
135 280 1
135 26 1
135 27 1
135 28 1
136 129 1
136 293 1
136 231 1
136 8 1
136 232 1
136 43 1
136 235 1
136 269 1
136 271 1
136 151 1
136 183 1
136 222 1
137 6 1
137 262 1
137 142 1
137 148 1
137 22 1
137 27 1
137 29 1
137 158 1
137 294 1
137 295 1
137 44 1
137 197 1
137 70 1
137 80 1
137 220 1
137 97 1
137 231 1
137 237 1
137 245 1
138 192 1
138 33 1
138 132 1
138 169 1
138 10 1
138 77 1
138 215 1
138 120 1
138 219 1
138 254 1
139 192 1
139 36 1
139 4 1
139 69 1
139 7 1
139 5 1
139 265 1
139 166 1
139 203 1
139 108 1
139 239 1
139 147 1
139 84 1
139 150 1
139 215 1
139 57 1
139 30 1
140 31 1
140 97 1
140 228 1
140 231 1
140 143 1
140 83 1
140 52 1
140 245 1
140 158 1
141 184 1
141 263 1
141 46 1
141 78 1
141 145 1
141 51 1
141 152 1
141 25 1
141 187 1
142 160 1
142 97 1
142 68 1
142 101 1
142 262 1
142 294 1
142 137 1
142 203 1
142 47 1
142 148 1
142 90 1
142 220 1
142 29 1
143 31 1
143 6 1
143 231 1
143 295 1
143 266 1
143 140 1
143 83 1
143 20 1
143 245 1
143 151 1
143 24 1
143 124 1
143 158 1
144 127 1
144 128 1
144 256 1
144 68 1
144 5 1
144 262 1
144 200 1
144 74 1
144 154 1
144 174 1
144 273 1
144 242 1
144 241 1
144 90 1
145 73 1
145 141 1
145 78 1
145 114 1
145 184 1
145 186 1
145 187 1
145 61 1
146 192 1
146 229 1
146 199 1
146 74 1
146 171 1
146 75 1
146 45 1
146 111 1
146 81 1
146 116 1
146 53 1
146 23 1
146 120 1
146 250 1
146 253 1
147 191 1
147 0 1
147 36 1
147 69 1
147 166 1
147 7 1
147 41 1
147 139 1
147 108 1
147 13 1
147 238 1
147 239 1
147 203 1
147 84 1
147 85 1
147 182 1
147 215 1
147 121 1
148 194 1
148 294 1
148 262 1
148 137 1
148 203 1
148 11 1
148 269 1
148 142 1
148 276 1
148 245 1
148 22 1
148 220 1
149 0 1
149 288 1
149 32 1
149 168 1
149 104 1
149 108 1
149 110 1
149 207 1
149 180 1
149 213 1
149 156 1
149 215 1
149 123 1
149 252 1
150 68 1
150 101 1
150 5 1
150 139 1
150 203 1
150 273 1
150 276 1
150 30 1
151 231 1
151 72 1
151 136 1
151 8 1
151 11 1
151 264 1
151 269 1
151 143 1
151 20 1
151 245 1
151 183 1
151 24 1
152 227 1
152 199 1
152 141 1
152 78 1
152 111 1
152 46 1
152 114 1
152 55 1
152 184 1
152 250 1
152 251 1
152 62 1
153 159 1
153 247 1
153 258 1
153 89 1
153 39 1
153 41 1
153 106 1
153 249 1
153 268 1
153 299 1
153 18 1
153 212 1
153 214 1
153 279 1
153 121 1
154 131 1
154 262 1
154 9 1
154 14 1
154 15 1
154 144 1
154 273 1
154 30 1
154 294 1
154 55 1
154 62 1
154 73 1
154 74 1
154 75 1
154 210 1
154 101 1
154 114 1
154 242 1
154 116 1
154 122 1
154 251 1
155 292 1
155 103 1
155 263 1
155 86 1
155 62 1
156 0 1
156 225 1
156 288 1
156 32 1
156 229 1
156 10 1
156 207 1
156 149 1
156 54 1
156 181 1
156 120 1
156 213 1
156 123 1
156 252 1
156 221 1
156 215 1
157 98 1
157 200 1
157 236 1
157 241 1
157 177 1
157 277 1
157 118 1
157 56 1
157 93 1
157 94 1
158 31 1
158 97 1
158 228 1
158 6 1
158 231 1
158 295 1
158 137 1
158 266 1
158 140 1
158 143 1
158 52 1
158 245 1
158 124 1
159 0 1
159 293 1
159 121 1
159 39 1
159 41 1
159 106 1
159 107 1
159 268 1
159 13 1
159 238 1
159 208 1
159 18 1
159 85 1
159 153 1
160 97 1
160 165 1
160 102 1
160 135 1
160 296 1
160 298 1
160 205 1
160 142 1
160 47 1
160 209 1
160 50 1
160 52 1
160 280 1
160 29 1
160 285 1
161 32 1
161 225 1
161 66 1
161 67 1
161 224 1
161 288 1
161 38 1
161 181 1
161 213 1
161 56 1
161 190 1
162 287 1
162 2 1
162 99 1
162 72 1
162 40 1
162 109 1
162 117 1
162 278 1
162 281 1
163 96 1
163 259 1
163 167 1
163 12 1
163 172 1
163 14 1
163 17 1
163 210 1
163 119 1
163 186 1
163 91 1
163 92 1
163 183 1
164 33 1
164 226 1
164 35 1
164 134 1
164 198 1
164 169 1
164 234 1
164 204 1
164 178 1
164 243 1
164 244 1
164 87 1
164 282 1
164 254 1
165 160 1
165 1 1
165 289 1
165 230 1
165 102 1
165 298 1
165 47 1
165 112 1
165 49 1
165 209 1
165 214 1
165 279 1
165 285 1
166 128 1
166 41 1
166 265 1
166 139 1
166 108 1
166 299 1
166 238 1
166 47 1
166 203 1
166 49 1
166 209 1
166 147 1
166 180 1
166 121 1
167 2 1
167 163 1
167 109 1
167 78 1
167 119 1
167 186 1
167 91 1
167 92 1
168 128 1
168 66 1
168 229 1
168 236 1
168 241 1
168 180 1
168 149 1
168 53 1
168 277 1
168 213 1
168 252 1
168 94 1
169 33 1
169 36 1
169 132 1
169 164 1
169 198 1
169 10 1
169 138 1
169 234 1
169 282 1
169 254 1
170 255 1
170 33 1
170 37 1
170 171 1
170 77 1
170 173 1
170 243 1
170 284 1
171 255 1
171 192 1
171 4 1
171 37 1
171 170 1
171 42 1
171 234 1
171 45 1
171 77 1
171 173 1
171 146 1
171 116 1
171 23 1
171 120 1
171 219 1
171 253 1
171 254 1
172 96 1
172 2 1
172 163 1
172 99 1
172 259 1
172 8 1
172 264 1
172 267 1
172 17 1
172 119 1
172 281 1
172 92 1
172 183 1
173 255 1
173 33 1
173 42 1
173 171 1
173 170 1
173 77 1
173 234 1
173 243 1
173 219 1
173 254 1
174 3 1
174 200 1
174 74 1
174 76 1
174 236 1
174 144 1
174 113 1
174 82 1
174 242 1
174 241 1
174 283 1
175 195 1
175 71 1
175 13 1
175 208 1
175 115 1
175 244 1
175 85 1
175 87 1
175 216 1
175 217 1
175 60 1
176 230 1
176 112 1
176 272 1
176 212 1
176 214 1
176 247 1
176 249 1
177 56 1
177 98 1
177 157 1
177 118 1
178 35 1
178 164 1
178 134 1
178 204 1
178 243 1
178 244 1
178 87 1
178 282 1
179 127 1
179 223 1
179 256 1
179 130 1
179 291 1
179 260 1
179 290 1
179 197 1
179 135 1
179 201 1
179 270 1
179 283 1
179 188 1
179 27 1
179 28 1
180 128 1
180 274 1
180 149 1
180 277 1
180 288 1
180 38 1
180 166 1
180 168 1
180 299 1
180 56 1
180 189 1
180 209 1
180 213 1
180 94 1
180 104 1
180 108 1
180 241 1
180 252 1
180 126 1
181 32 1
181 161 1
181 225 1
181 67 1
181 224 1
181 288 1
181 123 1
181 156 1
181 221 1
181 190 1
182 191 1
182 69 1
182 293 1
182 7 1
182 43 1
182 238 1
182 48 1
182 19 1
182 84 1
182 147 1
182 217 1
182 218 1
183 96 1
183 194 1
183 99 1
183 163 1
183 259 1
183 136 1
183 72 1
183 8 1
183 267 1
183 172 1
183 269 1
183 264 1
183 79 1
183 210 1
183 151 1
183 248 1
183 281 1
183 222 1
184 73 1
184 141 1
184 78 1
184 46 1
184 145 1
184 114 1
184 51 1
184 187 1
184 152 1
184 251 1
185 197 1
185 6 1
185 295 1
185 266 1
185 237 1
185 80 1
185 83 1
185 275 1
185 24 1
185 124 1
186 131 1
186 163 1
186 167 1
186 73 1
186 109 1
186 78 1
186 14 1
186 145 1
186 91 1
186 92 1
186 61 1
187 131 1
187 73 1
187 233 1
187 141 1
187 145 1
187 114 1
187 51 1
187 246 1
187 184 1
187 25 1
187 122 1
187 251 1
187 61 1
188 223 1
188 130 1
188 260 1
188 270 1
188 113 1
188 82 1
188 179 1
188 211 1
188 88 1
188 283 1
189 288 1
189 67 1
189 38 1
189 104 1
189 206 1
189 274 1
189 180 1
189 56 1
189 221 1
190 56 1
190 161 1
190 67 1
190 181 1
191 198 1
191 7 1
191 13 1
191 238 1
191 19 1
191 84 1
191 85 1
191 147 1
191 182 1
191 217 1
192 4 1
192 36 1
192 132 1
192 229 1
192 265 1
192 138 1
192 139 1
192 171 1
192 234 1
192 146 1
192 116 1
192 215 1
192 120 1
192 57 1
192 219 1
192 252 1
192 254 1
193 195 1
193 105 1
193 202 1
193 17 1
193 115 1
193 216 1
194 96 1
194 101 1
194 69 1
194 294 1
194 72 1
194 11 1
194 269 1
194 79 1
194 48 1
194 210 1
194 148 1
194 276 1
194 22 1
194 183 1
194 248 1
195 193 1
195 293 1
195 105 1
195 175 1
195 208 1
195 115 1
195 216 1
196 64 1
196 293 1
196 39 1
196 232 1
196 106 1
196 235 1
196 208 1
196 18 1
196 249 1
197 290 1
197 6 1
197 295 1
197 137 1
197 266 1
197 44 1
197 237 1
197 80 1
197 179 1
197 185 1
197 27 1
197 28 1
198 191 1
198 226 1
198 4 1
198 36 1
198 132 1
198 7 1
198 164 1
198 169 1
198 234 1
198 240 1
198 84 1
198 85 1
198 87 1
198 217 1
198 218 1
199 227 1
199 75 1
199 45 1
199 111 1
199 146 1
199 116 1
199 55 1
199 152 1
199 250 1
199 253 1
200 127 1
200 256 1
200 68 1
200 26 1
200 76 1
200 236 1
200 174 1
200 144 1
200 113 1
200 241 1
200 242 1
200 211 1
200 93 1
200 88 1
200 90 1
200 283 1
200 157 1
200 94 1
201 223 1
201 256 1
201 290 1
201 233 1
201 270 1
201 16 1
201 82 1
201 179 1
201 242 1
201 246 1
201 122 1
201 283 1
202 193 1
202 71 1
202 17 1
202 115 1
202 216 1
202 60 1
202 125 1
203 5 1
203 265 1
203 139 1
203 269 1
203 142 1
203 147 1
203 148 1
203 276 1
203 150 1
203 30 1
203 166 1
203 294 1
203 47 1
203 49 1
203 68 1
203 69 1
203 90 1
203 220 1
203 101 1
203 238 1
203 239 1
204 255 1
204 226 1
204 164 1
204 133 1
204 134 1
204 234 1
204 178 1
204 243 1
204 87 1
204 286 1
205 31 1
205 160 1
205 1 1
205 97 1
205 228 1
205 261 1
205 230 1
205 298 1
205 271 1
205 52 1
205 285 1
206 288 1
206 289 1
206 258 1
206 104 1
206 110 1
206 112 1
206 221 1
206 189 1
207 0 1
207 288 1
207 10 1
207 107 1
207 108 1
207 149 1
207 215 1
207 156 1
207 221 1
208 159 1
208 64 1
208 195 1
208 196 1
208 293 1
208 105 1
208 106 1
208 13 1
208 175 1
208 216 1
208 217 1
209 128 1
209 265 1
209 279 1
209 160 1
209 289 1
209 165 1
209 166 1
209 296 1
209 299 1
209 47 1
209 49 1
209 50 1
209 180 1
209 90 1
209 102 1
209 104 1
209 108 1
209 241 1
209 126 1
210 96 1
210 194 1
210 163 1
210 259 1
210 101 1
210 69 1
210 294 1
210 73 1
210 14 1
210 15 1
210 239 1
210 276 1
210 183 1
210 248 1
210 154 1
210 91 1
210 30 1
211 63 1
211 130 1
211 260 1
211 200 1
211 297 1
211 88 1
211 26 1
211 283 1
211 188 1
211 94 1
212 279 1
212 258 1
212 41 1
212 249 1
212 299 1
212 268 1
212 110 1
212 176 1
212 112 1
212 18 1
212 214 1
212 247 1
212 153 1
213 128 1
213 161 1
213 225 1
213 66 1
213 32 1
213 288 1
213 38 1
213 229 1
213 168 1
213 180 1
213 149 1
213 277 1
213 156 1
213 252 1
214 279 1
214 1 1
214 165 1
214 230 1
214 153 1
214 112 1
214 49 1
214 176 1
214 272 1
214 212 1
214 247 1
214 89 1
214 285 1
215 0 1
215 192 1
215 36 1
215 4 1
215 132 1
215 265 1
215 10 1
215 138 1
215 108 1
215 139 1
215 207 1
215 147 1
215 149 1
215 120 1
215 156 1
215 252 1
216 193 1
216 195 1
216 293 1
216 71 1
216 105 1
216 202 1
216 267 1
216 175 1
216 48 1
216 17 1
216 208 1
216 115 1
216 240 1
216 244 1
216 87 1
216 217 1
216 218 1
216 60 1
217 191 1
217 293 1
217 198 1
217 13 1
217 238 1
217 175 1
217 208 1
217 19 1
217 84 1
217 85 1
217 182 1
217 87 1
217 216 1
217 218 1
218 69 1
218 198 1
218 293 1
218 105 1
218 43 1
218 239 1
218 48 1
218 240 1
218 84 1
218 182 1
218 87 1
218 216 1
218 217 1
219 192 1
219 33 1
219 10 1
219 171 1
219 138 1
219 77 1
219 173 1
219 54 1
219 23 1
219 120 1
219 254 1
220 97 1
220 228 1
220 261 1
220 231 1
220 137 1
220 203 1
220 11 1
220 269 1
220 142 1
220 47 1
220 235 1
220 49 1
220 238 1
220 148 1
220 245 1
220 285 1
221 288 1
221 67 1
221 107 1
221 206 1
221 207 1
221 110 1
221 181 1
221 156 1
221 189 1
222 96 1
222 129 1
222 293 1
222 136 1
222 8 1
222 105 1
222 43 1
222 267 1
222 269 1
222 238 1
222 48 1
222 17 1
222 183 1
223 290 1
223 130 1
223 201 1
223 270 1
223 28 1
223 179 1
223 188 1
224 32 1
224 161 1
224 66 1
224 225 1
224 181 1
224 123 1
225 32 1
225 161 1
225 224 1
225 288 1
225 181 1
225 213 1
225 123 1
225 156 1
226 34 1
226 164 1
226 4 1
226 133 1
226 198 1
226 234 1
226 204 1
226 15 1
226 240 1
226 239 1
226 84 1
226 21 1
226 87 1
226 91 1
226 286 1
227 255 1
227 37 1
227 199 1
227 42 1
227 45 1
227 78 1
227 114 1
227 55 1
227 152 1
227 250 1
227 253 1
228 31 1
228 97 1
228 261 1
228 231 1
228 235 1
228 140 1
228 205 1
228 271 1
228 52 1
228 220 1
228 285 1
228 158 1
229 128 1
229 5 1
229 265 1
229 146 1
229 23 1
229 156 1
229 32 1
229 168 1
229 53 1
229 57 1
229 192 1
229 66 1
229 74 1
229 75 1
229 213 1
229 116 1
229 120 1
229 123 1
229 252 1
229 253 1
230 1 1
230 257 1
230 165 1
230 261 1
230 298 1
230 205 1
230 271 1
230 112 1
230 176 1
230 49 1
230 272 1
230 214 1
230 89 1
230 285 1
231 97 1
231 228 1
231 136 1
231 137 1
231 11 1
231 140 1
231 269 1
231 235 1
231 143 1
231 271 1
231 20 1
231 245 1
231 151 1
231 24 1
231 220 1
231 158 1
232 129 1
232 196 1
232 293 1
232 136 1
232 43 1
232 235 1
233 290 1
233 131 1
233 292 1
233 201 1
233 122 1
233 270 1
233 16 1
233 82 1
233 51 1
233 86 1
233 246 1
233 58 1
233 187 1
234 4 1
234 133 1
234 132 1
234 34 1
234 36 1
234 164 1
234 169 1
234 42 1
234 171 1
234 45 1
234 173 1
234 192 1
234 198 1
234 204 1
234 84 1
234 87 1
234 226 1
234 243 1
234 116 1
234 254 1
235 257 1
235 196 1
235 228 1
235 261 1
235 39 1
235 136 1
235 231 1
235 232 1
235 293 1
235 89 1
235 269 1
235 238 1
235 271 1
235 49 1
235 121 1
235 220 1
235 285 1
236 66 1
236 168 1
236 200 1
236 76 1
236 174 1
236 81 1
236 113 1
236 241 1
236 53 1
236 118 1
236 277 1
236 88 1
236 157 1
236 93 1
237 95 1
237 97 1
237 197 1
237 6 1
237 135 1
237 295 1
237 137 1
237 266 1
237 59 1
237 52 1
237 280 1
237 185 1
237 27 1
237 28 1
238 13 1
238 269 1
238 147 1
238 19 1
238 159 1
238 293 1
238 166 1
238 39 1
238 43 1
238 47 1
238 48 1
238 49 1
238 182 1
238 191 1
238 69 1
238 203 1
238 217 1
238 89 1
238 220 1
238 222 1
238 235 1
238 121 1
239 96 1
239 226 1
239 4 1
239 69 1
239 203 1
239 139 1
239 15 1
239 48 1
239 240 1
239 210 1
239 147 1
239 84 1
239 218 1
239 91 1
239 30 1
240 96 1
240 226 1
240 133 1
240 198 1
240 267 1
240 12 1
240 239 1
240 48 1
240 17 1
240 84 1
240 87 1
240 216 1
240 218 1
240 91 1
240 60 1
240 286 1
241 128 1
241 144 1
241 277 1
241 26 1
241 157 1
241 168 1
241 297 1
241 174 1
241 180 1
241 53 1
241 68 1
241 200 1
241 74 1
241 76 1
241 209 1
241 90 1
241 94 1
241 236 1
241 126 1
242 256 1
242 290 1
242 3 1
242 262 1
242 200 1
242 201 1
242 74 1
242 75 1
242 122 1
242 174 1
242 111 1
242 144 1
242 273 1
242 82 1
242 246 1
242 154 1
242 283 1
242 62 1
243 255 1
243 33 1
243 35 1
243 164 1
243 133 1
243 42 1
243 170 1
243 204 1
243 173 1
243 234 1
243 178 1
243 282 1
243 284 1
243 254 1
244 35 1
244 164 1
244 134 1
244 71 1
244 175 1
244 178 1
244 87 1
244 216 1
244 60 1
244 286 1
245 65 1
245 97 1
245 70 1
245 231 1
245 72 1
245 137 1
245 295 1
245 11 1
245 140 1
245 143 1
245 275 1
245 148 1
245 22 1
245 151 1
245 24 1
245 220 1
245 158 1
246 131 1
246 292 1
246 201 1
246 233 1
246 82 1
246 51 1
246 242 1
246 251 1
246 86 1
246 122 1
246 187 1
246 62 1
247 153 1
247 39 1
247 249 1
247 176 1
247 272 1
247 212 1
247 214 1
247 89 1
248 194 1
248 259 1
248 294 1
248 70 1
248 262 1
248 14 1
248 79 1
248 210 1
248 22 1
248 183 1
249 64 1
249 196 1
249 39 1
249 106 1
249 176 1
249 18 1
249 212 1
249 247 1
249 153 1
250 227 1
250 199 1
250 9 1
250 42 1
250 73 1
250 45 1
250 114 1
250 146 1
250 116 1
250 55 1
250 152 1
251 184 1
251 131 1
251 292 1
251 263 1
251 122 1
251 46 1
251 114 1
251 51 1
251 246 1
251 152 1
251 154 1
251 187 1
251 62 1
252 32 1
252 128 1
252 192 1
252 229 1
252 168 1
252 265 1
252 108 1
252 180 1
252 149 1
252 213 1
252 215 1
252 120 1
252 123 1
252 156 1
253 66 1
253 227 1
253 37 1
253 229 1
253 199 1
253 171 1
253 45 1
253 111 1
253 81 1
253 146 1
253 53 1
253 54 1
253 23 1
253 123 1
254 192 1
254 33 1
254 4 1
254 132 1
254 164 1
254 169 1
254 138 1
254 171 1
254 234 1
254 173 1
254 243 1
254 219 1
255 34 1
255 227 1
255 133 1
255 37 1
255 42 1
255 170 1
255 12 1
255 171 1
255 78 1
255 173 1
255 204 1
255 114 1
255 243 1
256 127 1
256 290 1
256 68 1
256 260 1
256 262 1
256 200 1
256 201 1
256 27 1
256 144 1
256 242 1
256 179 1
256 283 1
257 261 1
257 230 1
257 39 1
257 235 1
257 271 1
257 272 1
258 289 1
258 89 1
258 104 1
258 41 1
258 299 1
258 206 1
258 110 1
258 112 1
258 212 1
258 279 1
258 153 1
259 287 1
259 2 1
259 163 1
259 172 1
259 14 1
259 79 1
259 210 1
259 183 1
259 248 1
259 281 1
259 92 1
260 63 1
260 256 1
260 127 1
260 130 1
260 135 1
260 179 1
260 211 1
260 26 1
260 283 1
260 188 1
261 257 1
261 228 1
261 230 1
261 39 1
261 235 1
261 205 1
261 271 1
261 272 1
261 49 1
261 89 1
261 220 1
261 285 1
262 127 1
262 256 1
262 137 1
262 14 1
262 142 1
262 144 1
262 273 1
262 148 1
262 22 1
262 154 1
262 27 1
262 29 1
262 290 1
262 294 1
262 44 1
262 68 1
262 70 1
262 79 1
262 242 1
262 248 1
262 122 1
263 292 1
263 141 1
263 46 1
263 155 1
263 51 1
263 25 1
263 251 1
263 62 1
264 99 1
264 72 1
264 8 1
264 172 1
264 20 1
264 151 1
264 183 1
265 128 1
265 192 1
265 229 1
265 5 1
265 166 1
265 139 1
265 108 1
265 203 1
265 47 1
265 209 1
265 215 1
265 57 1
265 90 1
265 252 1
266 197 1
266 6 1
266 295 1
266 237 1
266 143 1
266 275 1
266 24 1
266 185 1
266 124 1
266 158 1
267 96 1
267 8 1
267 105 1
267 43 1
267 172 1
267 48 1
267 17 1
267 240 1
267 183 1
267 216 1
267 60 1
267 222 1
268 159 1
268 0 1
268 41 1
268 107 1
268 110 1
268 18 1
268 212 1
268 153 1
269 136 1
269 11 1
269 148 1
269 276 1
269 151 1
269 293 1
269 43 1
269 48 1
269 183 1
269 194 1
269 69 1
269 72 1
269 203 1
269 220 1
269 222 1
269 96 1
269 231 1
269 235 1
269 238 1
270 223 1
270 103 1
270 201 1
270 233 1
270 82 1
270 179 1
270 86 1
270 58 1
270 283 1
270 188 1
271 257 1
271 228 1
271 261 1
271 230 1
271 231 1
271 136 1
271 235 1
271 205 1
271 272 1
272 257 1
272 261 1
272 230 1
272 39 1
272 271 1
272 176 1
272 214 1
272 247 1
272 89 1
273 68 1
273 101 1
273 262 1
273 5 1
273 294 1
273 9 1
273 74 1
273 75 1
273 144 1
273 242 1
273 116 1
273 150 1
273 57 1
273 154 1
273 30 1
274 289 1
274 102 1
274 104 1
274 180 1
274 56 1
274 126 1
274 189 1
274 94 1
275 65 1
275 70 1
275 295 1
275 40 1
275 266 1
275 80 1
275 83 1
275 245 1
275 24 1
275 185 1
275 124 1
276 194 1
276 69 1
276 101 1
276 294 1
276 203 1
276 269 1
276 210 1
276 148 1
276 150 1
276 30 1
277 66 1
277 38 1
277 168 1
277 236 1
277 241 1
277 180 1
277 213 1
277 118 1
277 56 1
277 157 1
277 94 1
278 287 1
278 65 1
278 162 1
278 99 1
278 72 1
278 40 1
278 24 1
279 289 1
279 258 1
279 165 1
279 153 1
279 299 1
279 112 1
279 49 1
279 209 1
279 212 1
279 214 1
279 89 1
280 95 1
280 160 1
280 97 1
280 100 1
280 135 1
280 298 1
280 27 1
280 237 1
280 52 1
280 59 1
281 287 1
281 2 1
281 99 1
281 259 1
281 162 1
281 72 1
281 172 1
281 79 1
281 117 1
281 119 1
281 92 1
281 183 1
282 33 1
282 35 1
282 164 1
282 169 1
282 178 1
282 243 1
282 284 1
283 127 1
283 256 1
283 260 1
283 200 1
283 201 1
283 174 1
283 270 1
283 113 1
283 82 1
283 179 1
283 211 1
283 242 1
283 88 1
283 26 1
283 188 1
284 33 1
284 35 1
284 170 1
284 243 1
284 282 1
285 160 1
285 97 1
285 228 1
285 165 1
285 102 1
285 230 1
285 261 1
285 298 1
285 235 1
285 205 1
285 47 1
285 49 1
285 214 1
285 220 1
286 226 1
286 133 1
286 134 1
286 12 1
286 204 1
286 240 1
286 244 1
286 87 1
286 60 1
287 65 1
287 2 1
287 259 1
287 162 1
287 72 1
287 109 1
287 79 1
287 278 1
287 281 1
287 92 1
288 32 1
288 161 1
288 225 1
288 67 1
288 38 1
288 104 1
288 107 1
288 108 1
288 110 1
288 206 1
288 207 1
288 180 1
288 149 1
288 181 1
288 213 1
288 189 1
288 156 1
288 221 1
289 258 1
289 165 1
289 102 1
289 104 1
289 299 1
289 206 1
289 110 1
289 112 1
289 209 1
289 274 1
289 279 1
289 126 1
290 127 1
290 223 1
290 256 1
290 197 1
290 262 1
290 201 1
290 233 1
290 44 1
290 16 1
290 82 1
290 179 1
290 242 1
290 122 1
290 27 1
290 28 1
291 63 1
291 95 1
291 130 1
291 135 1
291 179 1
291 28 1
292 263 1
292 233 1
292 51 1
292 251 1
292 86 1
292 246 1
292 155 1
292 62 1
293 129 1
293 136 1
293 13 1
293 269 1
293 18 1
293 19 1
293 159 1
293 39 1
293 43 1
293 182 1
293 64 1
293 195 1
293 196 1
293 208 1
293 216 1
293 217 1
293 218 1
293 222 1
293 232 1
293 105 1
293 106 1
293 235 1
293 238 1
293 121 1
294 194 1
294 68 1
294 101 1
294 262 1
294 137 1
294 203 1
294 142 1
294 14 1
294 273 1
294 210 1
294 148 1
294 276 1
294 22 1
294 248 1
294 154 1
294 29 1
295 197 1
295 70 1
295 6 1
295 137 1
295 266 1
295 237 1
295 143 1
295 80 1
295 275 1
295 245 1
295 22 1
295 24 1
295 185 1
295 158 1
296 127 1
296 160 1
296 97 1
296 68 1
296 135 1
296 90 1
296 297 1
296 47 1
296 209 1
296 50 1
296 26 1
296 27 1
296 29 1
297 63 1
297 102 1
297 135 1
297 296 1
297 90 1
297 298 1
297 241 1
297 50 1
297 211 1
297 26 1
297 126 1
297 94 1
298 160 1
298 1 1
298 97 1
298 165 1
298 102 1
298 135 1
298 230 1
298 297 1
298 205 1
298 50 1
298 52 1
298 280 1
298 285 1
299 289 1
299 258 1
299 121 1
299 153 1
299 166 1
299 104 1
299 41 1
299 108 1
299 110 1
299 47 1
299 49 1
299 209 1
299 180 1
299 212 1
299 279 1
299 89 1
