1 -0.0 -0.0 -1.0
2 -0.6338028719 -0.208907085795 -0.744749453894
3 -0.299691857415 -0.559135817534 -0.773014830485
4 -0.73681648746 -0.578774534607 -0.349458870109
5 0.390080332584 0.920509493423 0.022351882453
6 -0.305954567402 0.877351260802 -0.369657365481
7 -0.518559300309 -0.218782787848 0.826577488082
8 -0.143313330253 -0.580917895184 0.801246334423
9 0.796740629213 -0.568040368515 0.206238962125
10 0.94967748315 -0.203932273157 0.237748408958
11 0.598995837352 -0.800244565816 -0.028506520611
12 -0.643424615201 0.433113067708 0.631203481561
13 0.566938032812 0.698744986428 -0.436275957271
14 0.393854641321 0.909206377273 -0.134989944204
15 0.560997859951 0.82560121273 0.060531303217
16 -1.0 -0.0 -0.0
17 -0.699623778946 -0.088525291666 -0.709006234576
18 -0.667395314169 -0.181626555706 0.722215541848
19 -0.681971616576 -0.69199651134 0.236760517146
20 0.132117542327 -0.549851546381 -0.824747374625
21 -0.392094648888 0.181295738399 0.901883385783
22 -0.374709967056 0.789051887602 -0.486815734402
23 1.0 0.0 0.0
24 -0.239661568011 -0.670954673342 -0.701699479221
25 0.829740858227 -0.201857267313 -0.520368861311
26 0.628742500551 0.704084786447 -0.330071933818
27 -0.339383862666 -0.552256551706 -0.76146654218
28 0.135568529603 -0.868475077501 0.476835625285
29 0.467955453648 -0.692711943072 0.548787624976
30 0.368523225166 -0.838384694712 0.401623874024
31 0.048057546911 -0.008762098715 0.99880613625
32 -0.412916978487 0.041208928455 0.909835915478
33 0.345351066528 0.788980879954 -0.508174981591
34 0.0 1.0 0.0
35 0.758960959359 0.44761048026 0.472888063002
36 0.473083687394 0.878950975368 -0.060307608317
37 0.023513589133 0.174622751974 -0.984354613754
38 -0.932840069194 -0.070723392829 0.353281201046
39 0.279322638288 -0.861436708112 -0.424152875337
40 -0.092616113678 -0.27640789377 -0.956567264623
41 -0.97207591051 0.225292254935 0.065664481056
42 0.723207873702 -0.593586337914 -0.353023555668
43 0.011122570976 -0.766511193428 0.642134626666
44 0.1246891953 -0.304053734172 0.944459597501
45 -0.805461285835 0.20681773533 -0.555390440478
46 -0.844187642349 0.525422590617 0.106199462213
47 -0.995242533629 -0.010372810137 -0.096874682277
48 0.17283284892 0.485839220682 -0.856789973086
49 -0.482171311145 0.000722771931 -0.876076654357
50 0.039500915217 -0.961930274428 0.270425266639
51 -0.667440821471 0.152161074293 0.728951135059
52 0.027184904691 -0.940689081872 -0.338178994328
53 0.065344402656 0.886964695648 0.457191139149
54 0.439304769705 -0.720361394597 0.536740887663
55 -0.782947440531 0.444214511713 0.43550748897
56 0.286685272445 -0.460535482618 -0.840070606445
57 -0.340430688119 -0.683175342445 -0.646048293908
58 -0.22409919919 -0.588879817988 -0.776530816445
59 -0.383890587888 0.234662390456 -0.89306303195
60 -0.276956781591 0.055731912891 -0.959264767943
61 -0.985751302668 -0.096810753854 -0.137557432465
62 -0.289112598569 -0.511549886478 0.809154261555
63 0.827257805521 0.561051723644 -0.029419153651
64 -0.276456304658 -0.840702539136 0.465608367949
65 -0.304492916018 -0.042132546193 -0.951582320478
66 0.573317907772 0.072500062687 -0.816119058434
67 -0.278873085259 0.001847308872 -0.960326189255
68 0.315251463377 -0.385162699884 -0.867332813548
69 0.471057720218 -0.429876045592 -0.77026697297
70 -0.808885561363 0.006547417091 0.587929655612
71 -0.273358573477 0.890341113782 -0.364098601228
72 -0.643053727693 0.412379526086 -0.645310026084
73 -0.089806103702 0.939385881128 0.330891266241
74 -0.721192316862 0.677474189026 -0.144604167653
75 0.225431947084 -0.66122530074 0.715514876781
76 -0.795877510684 -0.553034013174 0.246439380498
77 -0.099393247486 0.969231906893 -0.225189904336
78 -0.955641514118 -0.02513649525 0.29345775352
79 0.385049340241 0.883162257533 0.267883244062
80 0.0 0.0 1.0
81 0.817079318612 -0.478825401546 0.321103755708
82 0.981465665157 0.072629336054 -0.177341838445
83 -0.945119850608 0.054747632564 -0.322104276152
84 0.094120715879 -0.456033016098 -0.884971852135
85 0.61828136895 -0.744166349699 -0.252872680978
86 0.87113152923 -0.48275678387 -0.089865156813
87 -0.841530191877 -0.370220456966 0.393400240726
88 0.450214836136 -0.88476098258 -0.120435065603
89 0.903204352082 0.355600075245 -0.240354914378
90 0.662717831021 -0.025609707543 0.748431172071
91 -0.347115857572 -0.900970344963 -0.260313309147
92 -0.40811748753 -0.621137070724 0.669050712387
93 0.113166685986 -0.208846591169 0.971378609266
94 0.732205160215 -0.222534183557 0.643703456961
95 -0.02624026198 0.815705879288 0.577871410563
96 0.999641463222 0.013327758707 -0.023223174954
97 -0.008601958241 0.409399622488 0.912314614276
98 -0.029237451627 0.992747236208 -0.116610876097
99 -0.905149016971 -0.342991257031 0.251121991624
100 -0.00333255604 0.810445104386 -0.585805109953
101 -0.266774023816 0.72725373195 0.632403059434
102 -0.0 -1.0 -0.0
103 -0.953234707919 -0.298443822495 -0.047695664722
104 0.87783168326 -0.000868826437 -0.478968455125
105 -0.326447523265 -0.726623438061 0.604524932334
106 -0.391734055077 -0.899921561608 0.191534887281
107 -0.302465184194 -0.505991397235 0.807766995039
108 -0.555005379726 -0.83173521966 0.013621778631
109 -0.17043455847 -0.036401800036 0.984696384797
110 0.073364617319 0.050408885757 -0.996030409758
111 -0.749061683041 -0.661825202435 -0.029899772944
112 -0.423046743189 -0.707432427662 -0.56618973266
113 0.562955458972 0.660624787445 0.496644783952
114 0.393630278761 -0.022346634539 0.918997188009
115 -0.724918311047 -0.158729426212 0.670297256121
116 -0.734771060478 -0.481242003159 -0.478035169291
117 -0.420495514699 0.308544852757 -0.853219547336
118 0.239228047459 -0.956853943376 -0.164925657054
119 -0.838614349841 0.497156646711 -0.222623540697
120 -0.293652933028 -0.768508581405 0.568473847447
121 0.162962778728 -0.985756811181 0.041552881471
122 0.753389855775 -0.657572506562 -0.001457336111
123 0.926549492039 0.346226105122 -0.147083387691
124 0.344811410008 0.929185397282 0.133114946596
125 0.658631931716 0.292543309065 0.69326934942
126 -0.733467785021 -0.141747807738 0.664780089456
127 -0.0 -0.0 -1.0
128 -0.737655475826 0.070859354698 -0.671448695609
129 -0.186378049113 0.91078801551 -0.368413373282
130 0.092554494066 0.448717198621 0.888868123677
131 0.268163140672 0.75343436411 -0.600354219576
132 0.618374063495 0.442081251461 0.649752017853
133 0.914173982467 -0.395703478267 0.087776346852
134 0.701074544083 0.562785149358 0.437912501878
135 0.986081351018 -0.031500376425 0.163252244886
136 -0.088279761486 0.961644019405 0.259706495211
137 0.981424860948 -0.191265697885 -0.014922302963
138 0.970621346766 0.138470297601 0.196774434024
139 0.328267665396 -0.413475878321 -0.849280894582
140 -0.406637576945 -0.000306927732 0.913589506732
141 -0.132664149745 0.984244077549 -0.116892340137
142 0.346593636323 0.85154115034 0.393383426872
143 0.872274273551 -0.010670160216 0.488900541402
144 0.768339928124 0.611776506465 -0.188104388539
145 0.834085500491 0.5255329842 -0.167679636176
146 0.470448467745 -0.866560955976 0.166584359335
147 0.737543740585 -0.443285623137 0.509438010993
148 1.0 0.0 0.0
149 -0.836785686105 0.480936359303 -0.261705815431
150 0.514896719689 -0.0198106129 0.857023283038
151 -0.662022500199 0.124270205874 0.739109684121
152 0.135871435313 -0.353583505708 -0.925482391814
153 -0.533305107956 -0.236768525872 0.81211226255
154 0.183927251118 -0.905490162419 0.382437357038
155 -0.273836290044 -0.566560479579 -0.777189107768
156 0.509181353753 0.716928551366 0.476180429277
157 0.278615276222 0.611232299335 -0.740789176558
158 0.476765753861 0.862357387787 -0.170394106924
159 0.186138485035 0.981091660861 -0.053024686498
160 -0.0 -0.0 -1.0
161 0.581936132384 -0.361754196977 0.728343489568
162 0.204182686678 0.397497556936 0.894597743509
163 0.174524344406 0.967979484058 -0.180435505518
164 -0.629523231536 0.459575803219 -0.626490687922
165 -0.425761399184 -0.38543885745 0.818635522154
166 0.537275247895 -0.578498151827 -0.613738703629
167 0.922950831969 0.319986117805 0.2139407539
168 0.956964889268 0.035819539033 -0.287984654681
169 0.97639256462 -0.070361941722 -0.204222322268
170 -0.159505352808 -0.934995690546 0.316766635058
171 -0.384803291786 0.832705484047 0.398155752775
172 -0.525119564999 0.729286775968 0.438623119379
173 -0.49778601966 -0.523580028706 -0.69142825526
174 -0.259667936577 0.950857115744 0.168651439821
175 0.346536672408 0.841218034395 0.415047651824
176 -0.289590512127 -0.914976950696 0.280988460583
177 -0.720052106032 0.693744348739 0.015612276962
178 -0.174309118435 -0.552049539641 -0.815388028494
179 -0.92937047257 -0.316510805666 -0.189977458164
180 0.998266310216 0.052102999838 0.02737976068
181 0.48396783813 -0.69189014583 -0.535782752391
182 0.654544278525 -0.50197493962 -0.565325523432
183 -0.238061475143 -0.496809502265 0.834569980596
184 0.129133641485 -0.251495299035 0.959205200778
185 -0.568856912723 -0.068558448867 0.819574006382
186 0.500816249786 -0.277196704342 -0.819966506055
187 0.805763597815 0.398639242651 -0.437986048471
188 0.477501455066 -0.633705401452 0.608613033529
189 0.992814224623 -0.018604312746 0.118210807177
190 -0.889326319165 -0.116301235732 -0.442236046255
191 -0.83145337865 -0.088457077341 -0.54850763404
192 -0.038666486395 -0.798456813249 0.600809137918
193 -0.771181393645 -0.443142841937 -0.457059820742
194 -0.808708925849 -0.585521004392 -0.056169624063
195 -0.58107669354 0.64666523581 0.494139604787
196 -0.998072217801 -0.012658486343 -0.060758627186
197 0.950628025865 -0.248234588152 0.186241632523
198 -0.015402223521 0.836344801371 -0.547987358185
199 0.359887164765 0.79410327688 0.48977669839
200 -0.413445357236 0.808802179685 -0.418212829451
201 -0.872097894742 -0.121065836952 0.474118471596
202 -0.773501834465 0.266552527286 -0.575017097378
203 -0.284327116338 0.337566595729 0.897333206988
204 0.584514234031 0.592274856911 -0.554575156391
205 0.0 0.0 1.0
206 0.286550085008 0.457305837367 -0.84187910052
207 -0.193141253646 -0.972929168764 -0.126906614127
208 0.737332134323 0.570879028285 0.36116264862
209 -0.372534475523 -0.810903248628 -0.451280385029
210 -0.702146879461 0.148244537258 0.696428974725
211 -0.973232970294 0.220019084599 -0.066401716434
212 0.938570231073 -0.344434782508 0.021227386604
213 0.011544078595 0.998798917981 0.047617808529
214 -0.313027097216 0.726386021502 0.611863860818
215 -0.796406605207 0.60340660941 -0.040459645375
216 1.0 0.0 0.0
217 -0.0 -1.0 -0.0
218 -0.991395416942 -0.005658721931 -0.13077884436
219 0.761039925812 -0.56834250366 -0.312737957167
220 0.94105088581 0.197225403192 0.274818796029
221 -0.165657295273 0.189100250316 0.96788364789
222 0.401304393808 0.102113667714 0.910234905053
223 0.786173527743 0.360917929557 0.501666654662
224 -0.284316514083 0.729059713965 -0.622604250944
225 0.609438698024 0.336486136961 0.717886866424
226 -0.023082691723 0.740445405687 0.671720023923
227 -0.23605733218 -0.379800845165 0.894442985291
228 0.379274417541 0.15384295175 0.912405207348
229 0.149715571075 0.381623160639 0.912112389479
230 0.203221951072 0.467364931137 0.86038994633
231 -0.134382149365 -0.476868498699 0.86864139487
232 0.176890006762 -0.393517185241 -0.90213865366
233 -0.0 -0.0 -1.0
234 0.189850620874 -0.976916376377 0.097934341887
235 -0.072776956578 0.907452378256 0.413803933994
236 -0.5316907887 -0.698020303056 -0.479658797201
237 0.72679974349 -0.171073182596 -0.665203802649
238 -0.871565347847 0.381654516246 0.307755868606
239 0.890594138319 0.454748438521 0.006777791188
240 -0.111398613579 0.912396077868 -0.393857519904
241 0.283108981753 0.573077624801 -0.769045733622
242 -0.728060936439 0.283281067235 -0.624242829177
243 0.681201229744 -0.617930591936 0.392589694394
244 -0.355120723001 0.86876165305 0.345170193217
245 -0.206092168557 0.830140783228 -0.518065920595
246 0.154197931945 0.147770834454 -0.97692721237
247 0.665669155977 0.312849247586 -0.677502710744
248 0.278289248735 0.93803886658 -0.206490142197
249 -0.0 -1.0 -0.0
250 0.430468378928 0.16462189247 -0.887466397822
251 0.298521126767 -0.223009881707 0.927982612733
252 0.473833286113 0.774039004264 0.419935276977
253 -0.928534802107 -0.045931423072 -0.36839303149
254 -0.253562305461 -0.259028627405 -0.931992664904
255 0.59005035551 -0.668121932967 -0.453269964427
256 0.908757394742 -0.393560279994 0.138817518753
257 0.847359939417 -0.38015955807 -0.37075577336
258 0.790036653466 -0.273360740448 -0.548740368263
259 -0.102353677082 0.889406345834 -0.445511028795
260 -0.775048736721 -0.421135521467 -0.471109677534
261 0.800134521413 -0.454696464396 -0.391197997068
262 -0.117145478751 -0.205699246394 0.971578487226
263 -0.08578197892 0.698150793359 -0.710793163884
264 0.390419096656 0.318315382542 0.863856612062
265 0.678172978087 -0.12844672762 0.723590250042
266 -0.759709471474 -0.048301725199 0.648466238363
267 0.598475541269 0.71601015499 -0.35938347827
268 0.168194025218 -0.872762783488 0.458253089067
269 0.004223517258 0.38581050618 0.922568379701
270 -0.945398392161 -0.318398671916 0.069600041825
271 -0.278916371583 0.957356614187 0.07532576542
272 -0.874425652243 -0.199872175019 -0.442075663605
273 0.924061232655 -0.340933311771 -0.172844772061
274 0.723355079846 0.170590507693 -0.669071227259
275 -0.304011071128 0.09421208406 -0.947998603295
276 -0.584298173661 0.733090166665 -0.348101209127
277 0.0 1.0 0.0
278 0.166102163592 -0.173945262626 -0.9706457216
279 -0.751494883226 0.621549190855 0.221205885622
280 0.188027220161 0.814125675064 0.549404358993
281 -0.113301988955 -0.5529841867 0.825452087379
282 -0.364916877158 0.703039797185 0.61038571112
283 -0.390024720274 0.338026023665 -0.856515688648
284 -0.719602969701 0.328433548823 0.611803048378
285 0.705853675088 0.633104807109 -0.317724554574
286 0.916714607903 0.201256730004 0.345152221905
287 -0.922497783093 -0.02149835804 -0.385403244395
288 0.0 0.0 1.0
289 -0.088510950056 -0.786937695141 -0.610651189868
290 -0.038319153654 0.348051735934 -0.936691855189
291 0.656665254442 -0.733332325757 0.176109180931
292 0.91870951651 0.394760097529 -0.011717067611
293 0.936210259947 -0.31904107972 -0.1473877153
294 0.895256323939 -0.241694245317 -0.374299353763
295 0.696915979214 0.591057489887 -0.406151648481
296 -0.932267173696 0.043935373052 0.359092745464
297 0.745451124159 0.58382575405 0.321636612339
298 -0.587179419384 -0.259704613958 -0.766664100464
299 0.965461352276 -0.238767977201 0.104279577694
300 -0.918160571146 0.297660382229 0.26149467001
301 0.821794311154 -0.464819232065 0.329540880101
302 0.537491714428 -0.623949906204 -0.567264639714
303 1.0 0.0 0.0
304 0.0 1.0 0.0
305 0.0 0.0 1.0
306 0.052141779803 0.15201310679 0.987002153069
307 -0.957299101191 0.243070743752 -0.156508927511
308 0.391616935704 0.667439439941 0.633372536255
309 -0.868046401191 -0.218284975801 -0.445922767662
310 0.531049858647 -0.294778463344 0.794412805272
311 -0.838745757413 0.145534289092 -0.524714517733
312 -0.280506378015 0.194946061112 0.939846905166
313 -0.787608156314 -0.511368106038 0.343767439173
314 -0.399964958519 -0.718413562675 -0.569130903151
315 -0.679586036081 0.47075996514 0.562625874614
316 -0.723483047721 -0.407180628028 0.557473062864
317 0.711135193244 0.47779908325 0.515746810921
318 0.240480566275 -0.962941732735 -0.122115996504
319 -0.342822686623 -0.779673775877 0.524005160992
320 0.694002722968 -0.302144203252 -0.653505241719
321 -0.26633610947 0.122766466263 -0.956030057871
322 0.400232043655 0.12745946428 -0.907506692095
323 -0.441059749208 0.897477086496 -0.001084824304
324 -0.37705366917 0.852839491301 -0.361241377257
325 0.396878660042 -0.346831359224 -0.849820767846
326 0.634108667453 -0.16773160489 0.754832634815
327 0.628503943369 -0.759955466186 0.165681871622
328 0.211611878361 -0.973155184866 0.090495298803
329 0.961779010982 -0.158374832908 -0.223379825266
330 -0.996510187454 -0.08266641162 0.011563333842
331 -0.41333782868 -0.573890571495 0.706966372136
332 -0.024106137767 -0.99654613277 -0.079465082792
333 0.312786958729 0.891933871576 0.326524558318
334 -0.758712375206 0.097442103892 -0.644096707101
335 0.171168009901 -0.144018343866 0.974659032183
336 0.423329675501 0.390133541016 -0.81767218738
337 0.385068531217 -0.645232698969 -0.659846186961
338 -0.396907515382 -0.475420085564 -0.78513703675
339 -0.813803207093 -0.477568362861 0.331138640026
340 0.529568527726 -0.290521306018 -0.796965836904
341 -1.0 -0.0 -0.0
342 0.0 0.0 1.0
343 -0.345072831886 -0.936116095974 0.06790725699
344 0.528624316011 0.119596694836 0.840388578639
345 -0.009792835281 -0.735632149219 0.67731044685
346 0.450228879155 0.743709536403 -0.494155928669
347 0.482097989974 0.577169138882 0.659133759707
348 0.246165216682 -0.960334837468 -0.130994984794
349 -0.03990514076 -0.285124116283 -0.95765955227
350 0.850943191178 -0.521470408856 0.062962672084
351 0.983463029413 0.163314339602 -0.078287267537
352 -0.885262911016 0.377130125106 -0.272180908804
353 0.444688337712 -0.612462789625 0.653560719159
354 0.591030303492 -0.595941207937 -0.54363338477
355 0.346062341427 0.769423782346 -0.536868604974
356 -0.009961031028 -0.724584163893 0.689114335431
357 0.94765076087 0.196600830479 0.251607132009
358 -0.302209634297 0.935269422076 0.184229327383
359 -0.466652255706 -0.878689754985 -0.100697501106
360 -0.185889806196 -0.392573439897 -0.900739182139
361 0.6505799867 0.536998396368 0.537008755239
362 -0.984572963914 -0.012906144251 0.174497880132
363 -0.916340804023 -0.211717702648 0.339845766883
364 0.642966514966 0.636245612122 -0.426363203956
365 0.266403237787 -0.647728775067 -0.713776399754
366 -0.061456386024 0.881783803281 0.467632801339
367 -0.863506891681 -0.487002643205 0.131088800174
368 -0.715305750051 -0.108110818879 0.690398243614
369 -0.600245956054 0.485606764829 -0.635524084668
370 0.603921494801 -0.729916058133 -0.320158361122
371 0.491983170764 -0.39749705406 0.774563523346
372 0.353732799598 -0.695907963793 0.624968169124
373 -0.034400680729 -0.897626609843 -0.439412178333
374 -1.0 -0.0 -0.0
375 -0.0 -1.0 -0.0
376 0.0 0.0 1.0
377 -0.243831024756 -0.946561513693 0.211110710675
378 -0.273246957594 0.598926115794 -0.752744052109
379 -0.056912583789 -0.311591951692 0.948510101921
380 0.758344302161 0.041254501769 -0.650547450586
381 -0.990510896243 -0.113455121992 0.077563520529
382 -0.941326947222 0.158714539837 0.297847735058
383 -0.955959252057 0.290634536918 0.04090812092
384 -0.69577946672 0.205250124172 0.688304671071
385 -0.364109689255 0.218944330684 0.90525549667
386 -0.177325576057 0.195302476909 0.964578966487
387 -0.905424408075 0.323108985022 -0.275331118946
388 -0.571527959803 0.789305750526 -0.22439301092
389 -0.84050263181 -0.368948354316 0.396777567118
390 0.922818008599 -0.051375871223 -0.381795027287
391 0.628155800589 -0.125620543388 0.767880048748
392 0.549035050595 0.352018512435 -0.758052425708
393 0.257901887433 0.723361486417 -0.640495727095
394 0.330490594539 -0.672331573666 -0.66237921312
395 -0.175731881192 -0.931528208783 -0.318392057336
396 0.097044754806 0.182985711647 0.978314134058
397 0.124207145283 -0.926120456885 0.356193043726
398 0.251287390772 -0.844547497363 0.472857454141
399 0.530569107578 -0.526544420119 0.664264552513
400 -0.0 -0.0 -1.0
401 -0.385134890402 0.479420088064 0.788560394235
402 -0.897689264366 -0.139036106845 0.418118339271
403 -0.78172438061 -0.57805114525 -0.234016807591
404 -0.597196877 0.387227706126 -0.702431913932
405 -0.743806880989 0.655155982932 0.132370547412
406 -0.986581584296 0.003399943275 0.16323362985
407 0.454646952254 -0.812957623228 -0.363862682398
408 0.803172397586 -0.458642494244 -0.380211996431
409 0.255891477968 -0.933307773199 0.251905045584
410 -0.974160491381 0.133626660015 0.182085839002
411 -0.807242384191 -0.478442991043 -0.345618340786
412 1.0 0.0 0.0
413 -0.175742430718 0.466694563371 0.866781854082
414 0.229045261338 -0.920471460685 0.316655267323
415 -0.050909773519 -0.468943973392 0.881759459705
416 0.309505759547 0.064571407785 0.948702649993
417 -0.185361297967 -0.915445617125 0.357212137676
418 -0.535398559262 0.133871034046 0.833922615704
419 -0.591509620092 -0.54635413156 -0.592970093905
420 0.67463172331 0.227307426553 0.702284395197
421 1.0 0.0 0.0
422 -0.0 -0.0 -1.0
423 0.422757281728 -0.88819232456 0.179974096298
424 -0.148937940864 -0.432054939689 0.889463894074
425 -0.812438568988 -0.245818184546 0.528693665337
426 -0.3988512531 -0.897549542622 0.187942800978
427 0.316058432017 -0.598818498915 -0.735882784762
428 -0.113830077185 0.900209939575 -0.420315093969
429 -0.0 -0.0 -1.0
430 0.481055211476 -0.8144962986 -0.324317225997
431 -0.472005148706 -0.781650847392 0.40771692676
432 -0.698847228988 0.580856489251 -0.417394644709
433 0.06496965323 -0.645692498704 -0.76082858863
434 -0.848853748402 -0.450373977368 0.276786188841
435 -0.008134766945 0.99976776406 -0.019956039505
436 -0.442945350491 -0.72371863924 0.529179315256
437 -0.808132094622 -0.314615873305 0.497935106119
438 -0.827923265052 0.180320657856 -0.531062639935
439 -0.211211086527 -0.064814944599 0.975289136556
440 1.0 0.0 0.0
441 0.0 1.0 0.0
442 0.204624212163 0.289912852111 -0.93492217322
443 -0.662484528086 -0.721917747317 0.199872499748
444 0.253619658161 -0.966974696087 -0.025238980193
445 -0.020871246933 -0.999333864673 0.029936899792
446 0.630424554931 0.577440930536 0.518774375121
447 -0.403998582201 0.560162063938 0.723189883574
448 0.535063650002 0.412661473903 0.737168500685
449 -0.976190532268 -0.167524729572 -0.137795172963
450 0.217018994313 0.31505555129 -0.923927895298
451 0.58827616453 -0.777034047971 -0.223940265561
452 -0.12243812653 0.6083932663 -0.78413426063
453 -0.785430186825 0.347149007805 0.512432422865
454 0.637962859142 0.561845481306 0.526624197594
455 -0.311757289882 -0.923378722645 0.224006979292
456 -0.226546796878 0.560671617951 0.796444527666
457 -0.496812920109 0.276897701604 -0.822498987999
458 -0.651007567801 -0.560814489997 -0.511543013319
459 -0.0 -1.0 -0.0
460 0.35500987705 0.144485321378 -0.923629784656
461 -0.620939486678 0.448049860554 0.643183858894
462 0.864039552797 -0.39544905585 0.31153763084
463 0.966953611721 -0.123588387981 -0.222994670646
464 0.142076510818 -0.115523447934 -0.983091347765
465 0.155720678141 0.218241083056 0.963390834535
466 0.157791485524 -0.84962496371 0.503228842712
467 0.518929441019 -0.19525703499 0.832218075706
468 0.308819455377 0.273703096977 -0.91088811535
469 0.087200067594 -0.955933327169 -0.280334839466
470 0.970039637002 0.232280754004 -0.071195182166
471 0.452017610204 0.764081459875 -0.460282090397
472 0.341519822377 0.933548608337 -0.108863248139
473 -0.731022722044 -0.680169768161 -0.054542335257
474 -0.0 -1.0 -0.0
475 0.0 0.0 1.0
476 0.224877974435 0.703359300341 -0.674326027406
477 0.585338078819 0.564136301985 -0.582348320395
478 -0.055873060286 -0.310352377043 0.948978189
479 0.624666431709 -0.260796831439 -0.736054931243
480 -0.979666059963 0.01923966908 0.199710405564
481 -0.332658764203 0.935822414529 -0.116509892561
482 0.749355221531 -0.645352053019 0.148281757574
483 0.991558697721 -0.102871391545 0.078922910334
484 -0.426293043682 0.746545077178 -0.510827454871
485 -0.634303256465 0.461622063778 0.620132606037
486 0.360481806763 -0.617926689323 -0.698727037988
487 0.367590177877 0.813197913647 0.45120573397
488 0.828248723171 0.464415908929 0.313563256936
489 -0.179311137213 -0.490995353409 -0.852508697318
490 0.328870296406 0.908304711176 0.258508954963
491 0.637895496436 0.721732459394 0.268684932001
492 0.998491988994 -0.051651585157 -0.01859735643
493 0.849470238915 0.37543201234 0.370744005088
494 0.964475754581 0.128525990992 -0.230797721968
495 0.704437437825 -0.436041899969 0.560031568451
496 0.188613799107 -0.793856254197 0.578115111772
497 -0.945120552628 -0.262968430421 0.193893645077
498 0.806524725476 -0.553151730469 -0.208664875519
499 -0.115227792296 0.314190897057 0.942341040223
500 0.264510526878 -0.954841429047 -0.135321936678
501 -0.773873090395 0.448157703437 0.447521075273
502 -0.443240684293 0.189939822892 -0.876048263207
503 -0.667532111122 0.441051878245 -0.599895091927
504 0.056700328919 -0.942941379008 -0.328095456315
505 -0.282424570659 -0.450873694749 0.846728571191
506 -0.453581129577 0.05422533625 0.889563809853
507 0.334943995877 -0.494616793366 0.801976774817
508 -0.963932127907 0.005587207629 0.2660895261
509 -0.487091110269 -0.741268441728 -0.461804447353
510 -0.0 -1.0 -0.0
511 0.157758891306 -0.113984442569 -0.98087699487
512 -0.22728223073 -0.569358875894 -0.790046364484
513 -0.070129520284 -0.93936453462 -0.335672640355
514 -0.532654116082 -0.530630596876 -0.659325990903
515 0.117479426466 -0.903500165135 0.412172337692
516 -0.469235173992 -0.705152070136 0.531581517241
517 -0.60431011759 -0.622792397035 0.496929483905
518 -0.867384194583 0.014318311225 -0.497433055748
519 -0.606687630059 -0.495207323841 0.621851932495
520 -0.583478986594 0.750768579629 -0.309675333284
521 -0.765865796274 0.585731660411 -0.265269681816
522 -0.618746789438 0.24221708676 0.747317398059
523 0.0 0.0 1.0
524 0.255886711438 0.876829076891 -0.40705375668
525 0.653903387209 -0.695430367148 -0.29797141582
526 -0.054294650092 -0.24230087215 0.968680741177
527 -0.858963301581 -0.071585776866 0.507008405341
528 0.456642285155 -0.844079815262 -0.281081996712
529 0.617094659636 0.29808867268 0.728242627335
530 -0.717055501885 -0.678065218723 0.161427898375
531 0.200422417861 0.167622061516 -0.96526353858
532 -0.988845650549 0.085121426292 -0.122223656367
533 -0.747241481832 -0.626255606437 0.222337768352
534 -0.64369945229 0.378465616815 0.665142685452
535 -0.101607200275 0.0475442849 -0.993687837213
536 0.674477694711 0.701821361732 0.229186857288
537 0.706305000316 -0.562669765429 0.429576514256
538 0.035001791807 -0.878625512854 -0.47622692357
539 0.0 1.0 0.0
540 0.143361401978 -0.275244427636 -0.950625064617
541 0.316078590355 -0.948648081459 -0.012694182285
542 -0.549465818856 -0.78597570783 0.283424594222
543 -0.761013165168 0.599893437156 -0.246955110289
544 0.181758311023 0.694240903732 -0.696414735599
545 0.883049773022 0.449606757477 -0.134450221258
546 -0.19093256594 -0.176819343809 0.965546309049
547 0.55066028165 -0.770373654533 0.321399574697
548 0.43542792583 0.819025926513 0.373629566693
549 0.791618409563 0.268713227093 -0.548756316798
550 0.942279089427 -0.254443474075 0.217643369136
551 0.181069727376 0.561359292905 0.807520586795
552 -0.691346025011 -0.037552250905 -0.72154729724
553 0.609219571777 -0.657966314171 -0.442641889998
554 -0.786893009501 -0.214807625119 -0.57849552789
555 0.285246376498 0.493442010279 -0.821674806226
556 -0.269813735481 0.587840521887 0.762655930924
557 0.498772031112 -0.723518894717 0.477228320585
558 0.17260249028 0.962409535313 0.209705189939
559 -0.977205744818 -0.16466277432 -0.133996653123
560 0.228701989277 -0.030553174085 -0.973016908206
561 -0.517058711255 -0.291366875618 0.804832673857
562 -0.588827932338 -0.69788620521 0.407721118752
563 0.721198893182 -0.286887840679 -0.630529557867
564 -0.096301227447 0.977417060746 -0.18810093821
565 -0.676486960014 0.553199843655 -0.486143318284
566 -0.243771736744 0.130847537555 -0.960965276314
567 0.567023122249 0.11103197876 0.816184218499
568 0.55685706817 0.670599212871 -0.490109070846
569 0.645696890834 -0.703900632552 -0.295971999793
570 0.488538783883 -0.860497784405 -0.144476363728
571 0.013110548226 -0.75134097053 -0.659783949129
572 -0.75045188259 0.28882405376 -0.594476776575
573 0.209611559192 -0.426954155611 -0.879643759291
574 -0.8727012698 0.135579941438 -0.469052846883
575 -0.41400143572 0.297499531421 0.860288811985
576 -0.720383542139 -0.176339560208 0.670784549405
577 0.177410946647 -0.25856455312 -0.949562914124
578 -0.311519336436 -0.17957670474 0.933117307814
579 0.925164148101 -0.358465881603 -0.12479387323
580 -0.943631263331 -0.110974873338 -0.31184069066
581 -0.675522809981 0.286472632996 -0.679413249605
582 -0.479312374914 -0.403494460186 0.779391986008
583 -0.167503424817 0.875021987819 0.45417961591
584 0.925811956248 0.368199430166 0.085448237506
585 0.642098876369 0.12068005418 -0.757063641637
586 0.262333595223 -0.944797780218 0.196311587311
587 -0.031328997306 0.981211901064 -0.190372527268
588 0.657604594534 0.624476230504 -0.421409106195
589 -0.498330268051 0.273471122734 -0.822727469442
590 0.93309731595 -0.067798651912 -0.353175228131
591 -0.816860087721 -0.364756983727 -0.446869041119
592 -0.576446731447 0.786697277626 0.220944697106
593 0.197610473772 0.036137059132 -0.979614318808
594 -0.52707683857 -0.074013100058 -0.846588487556
595 -0.388776183535 0.274539790282 0.879477676048
596 0.221389933347 0.567687634071 0.792916923477
597 0.02692359683 -0.998739859467 -0.042353430148
598 0.787094497589 0.598482568042 -0.14933475019
599 0.504960887894 0.829337868376 0.239192812967
600 -0.272530791892 0.084259348056 0.958450483716
601 0.0 0.0 1.0
602 -0.831555911946 0.093759680796 0.547470444467
603 0.542480401884 -0.030553155306 0.839512667131
604 0.038514824618 -0.827396665406 -0.560295784707
605 -0.757325569737 0.614105663005 0.222108568243
606 -0.492845474552 -0.048192809356 0.868781210282
607 0.760461245421 0.632985706896 -0.145009617193
608 -0.896219718161 -0.096124257439 0.433070830131
609 0.635378409811 0.455769514011 -0.623352569935
610 -1.0 -0.0 -0.0
611 0.551235377147 -0.301671842192 -0.777903373569
612 -0.40896984568 0.780242733283 0.473249344937
613 0.702600986074 0.319317097791 -0.635915438896
614 0.878766973374 -0.329174789816 0.345561230835
615 -0.255460368724 0.712623390207 0.653381897317
616 0.112825984845 0.33379861281 0.935867930442
617 -0.539718649364 0.697638554609 0.471173244839
618 0.82430406069 -0.563483330979 0.054857554071
619 -0.303397250531 -0.482219736892 0.821835892209
620 -0.287871686877 -0.585603004946 -0.757759204822
621 0.135122209742 -0.346523548499 0.928258271587
622 -0.239838162068 -0.894500881646 -0.377287461694
623 0.46136567712 -0.01769853545 -0.887033524631
624 -0.665277373188 0.334877167558 -0.667280525246
625 0.423030003167 -0.654690342801 0.62643927995
626 0.182035428496 -0.757071536716 -0.62745979239
627 -0.885350071631 0.151426167376 0.439574073958
628 0.774435160075 0.29099371634 0.56175870255
629 -0.815147430839 0.37322209991 -0.442989763015
630 -0.184554111818 -0.893018879405 -0.410435209062
631 0.925568671116 -0.201327649966 -0.320608503331
632 -0.708560477131 -0.609908414601 -0.354899670395
633 -0.705365424464 -0.706952866855 0.051742265284
634 0.827838632696 0.193166502317 -0.526659188279
635 0.0 1.0 0.0
636 -0.0 -0.0 -1.0
637 -0.18064993589 0.940685951917 -0.287185550695
638 0.576634824553 -0.794393013449 0.190871735194
639 0.248604619002 -0.206469011154 0.946343643104
640 0.846332708872 -0.50571036434 0.167266174983
641 0.960612136436 0.265043245264 -0.083524855415
642 -0.74268354401 -0.638169089283 -0.202882643271
643 0.0 1.0 0.0
644 -0.249759766821 0.60913114961 -0.752714621521
645 0.926375937019 0.37172896382 -0.060375498085
646 -0.624507958546 0.306903228954 0.718192326449
647 0.798117709607 -0.573983903151 -0.183168230149
648 0.168858739477 0.753439144555 0.635465326792
649 0.65138723152 -0.668349693322 0.35917038025
650 -0.22153532456 -0.903928619557 0.365834868101
651 -0.769740401139 -0.281324279707 -0.573023877776
652 -0.834474414871 -0.408025900687 0.370361060715
653 0.001321386528 0.04344887563 0.99905477785
654 -1.0 -0.0 -0.0
655 0.0 1.0 0.0
656 0.040380108235 0.204538606294 -0.978025258055
657 -0.022882155472 -0.666300855063 -0.745331857298
658 -0.300078977364 -0.580990388693 -0.756573047095
659 -0.798872024406 0.599185251956 0.052730659584
660 0.517072578186 -0.184270274128 -0.835871051635
661 -0.553363532133 -0.056910802203 0.830993358516
662 -0.120155569584 -0.840995385567 0.52753142139
663 -0.979061170508 -0.194034718542 -0.061560964928
664 -0.237776079899 0.961394984813 0.138499888101
665 0.115863361436 -0.382871112549 0.916507169995
666 0.02554263151 -0.061994165406 0.997749616603
667 -0.291482720309 -0.920796235887 -0.259175839416
668 0.305998832964 0.664008998499 0.682243918358
669 0.337828021504 0.877272948803 0.340975660692
670 0.948889853402 0.074675643332 0.306645714799
671 -0.105015764652 -0.55011463554 0.828459761811
672 0.634856149906 0.703960650294 0.318429068656
673 -0.661618464149 0.707817693737 -0.247497717829
674 0.214711736174 0.025395276855 -0.976347248812
675 -0.351913144005 0.670082671967 0.653564344044
676 0.0 0.0 1.0
677 -0.940735769636 -0.06815016637 0.332222465452
678 -0.079575238733 0.939166656356 -0.334116406315
679 -0.925623230694 -0.211194178368 -0.314036070894
680 -0.419912834819 -0.166784159334 -0.892107759943
681 -0.594294701667 0.804244055975 -0.002303475547
682 -1.0 -0.0 -0.0
683 0.0 0.0 1.0
684 -0.521474352161 -0.849618482917 -0.078822163916
685 0.617338728419 0.246651033 0.747031567147
686 0.538519689169 -0.301460852034 0.786840453376
687 -0.296406102584 0.923283630426 -0.24431692561
688 1.0 0.0 0.0
689 0.071675259262 -0.988922730718 0.129978805503
690 -0.476232276529 0.846808250985 0.236893657271
691 -0.447135435014 0.88586732772 0.123729464694
692 -0.738589302608 0.373110009864 0.561493332651
693 -0.64831573997 0.754538491634 0.101776057837
694 -0.75921415032 -0.642212390816 -0.105627264649
695 0.001475667894 -0.670049613317 -0.742314851056
696 0.525901118212 0.348590117567 -0.77583048651
697 -0.049479731395 0.859559089393 0.508635358604
698 -0.741063849786 -0.449514759732 -0.498759312017
699 1.0 0.0 0.0
700 0.0 0.0 1.0
701 -0.299280012761 0.812600315178 0.500112189148
702 0.982117454219 0.135377234103 -0.130836961923
703 -0.539367326868 -0.773726922678 0.332309397746
704 0.312572432222 0.927241844521 0.206206295695
705 0.195191735464 -0.958144653103 -0.209425428581
706 0.169208117961 0.189700214841 -0.967151715764
707 0.417330767206 -0.231368581762 0.878808062159
708 0.116582418913 -0.751505193711 0.649344656886
709 0.0 1.0 0.0
710 -0.874343905896 0.435394441653 -0.214369807578
711 -0.309083323384 0.199492607086 -0.929876442827
712 -0.046169504653 0.755960825002 -0.652986682791
713 -0.598442337707 -0.231761074473 -0.766911711215
714 -0.794550146596 -0.240935161046 0.557351157454
715 -0.948534685904 -0.062099534768 0.310524713058
716 -0.381028070672 0.084756250822 0.920670401016
717 -0.028525658328 -0.907175483239 0.419784384448
718 -0.419421507528 0.475429895194 0.773338227284
719 0.020917037537 -0.360466989721 -0.932537413116
720 0.164320832178 0.706939066895 0.687921376183
721 0.45151120134 -0.282508664076 0.846360732658
722 0.394678616007 0.198019405755 0.897227454446
723 -0.913070373247 -0.393209321202 -0.108115323702
724 0.531773944805 -0.367695291703 -0.762900153418
725 -1.0 -0.0 -0.0
726 -0.407867591788 0.894412944756 -0.183492538872
727 0.676537768627 0.716928347919 0.168256921315
728 -0.075457375531 -0.997043067925 0.014536340027
729 0.059221518222 0.290434858017 -0.95506041957
730 -0.30520295116 -0.351557310235 -0.885018992013
731 0.284109039711 -0.239095786198 -0.928501620126
732 -0.0 -1.0 -0.0
733 -0.0 -0.0 -1.0
734 -0.035511368572 0.080648392985 0.996109822967
735 0.16281179035 -0.986570437251 0.013080262444
736 -0.864466607086 0.488109612288 0.120193559
737 -0.562264119382 -0.478056722716 -0.674774651214
738 -0.899288665586 -0.431126810444 -0.073549774063
739 0.0 0.0 1.0
740 0.529137484435 -0.619554018917 0.579798534156
741 0.933645416244 0.345362770933 0.095030485527
742 0.894277789746 -0.432579603722 0.114639091113
743 -0.469455326609 -0.325385583408 0.820814180207
744 0.91172076377 -0.283626938204 -0.29718850724
745 -0.518014720928 0.83888139226 0.167148911517
746 0.600756992026 0.267472518256 0.753358804628
747 -0.383465438682 0.762074901375 0.521724162782
748 -0.518674663488 -0.717014087561 0.465690231479
749 -0.993823909117 -0.066618098437 -0.088747206311
750 0.0 1.0 0.0
751 -0.718119958106 -0.685668450459 -0.11900630998
752 -0.66791512819 -0.13026437259 -0.732748643649
753 0.372811161724 0.09967137886 -0.922538592109
754 0.313594462371 0.783325230782 0.536712302813
755 0.919470141831 -0.122706776546 -0.373520689215
756 0.344296604456 0.936726703916 -0.063268715266
757 0.574042966876 0.160494706489 0.802942165644
758 0.173819635773 0.068175429512 0.982414802937
759 -0.566096278103 0.820087075801 0.083619328046
760 0.146149519241 -0.061731843026 -0.987334541876
761 -0.989845312293 -0.011623617787 0.141672683465
762 -1.0 -0.0 -0.0
763 0.0 1.0 0.0
764 -0.0 -0.0 -1.0
765 0.224526535219 -0.807343378134 -0.5456963485
766 -0.989795730817 -0.031961999964 0.138862672503
767 -0.665148141949 0.040394356653 -0.745618029028
768 -0.660533845374 0.747470395365 -0.070590701719
769 -0.44293882561 0.862245877681 0.245636404445
770 0.373736498735 0.924442766094 -0.075674313541
771 -0.893955373664 -0.082112271609 -0.440569364287
772 -0.607528311524 -0.734893824033 -0.301397442085
773 0.998416522697 0.017478264757 -0.053469219808
774 -0.671513086422 0.657448367172 0.341806698686
775 -0.645204555579 0.467793785273 -0.604053024096
776 0.657435775166 -0.20792781542 -0.724254254462
777 0.77047488106 0.524926295705 -0.361691639014
778 0.073684513487 0.324840151777 -0.942894197811
779 -0.737040106155 0.658622629873 -0.151618314652
780 0.398322321083 -0.438639456013 -0.805564867752
781 -0.677539186966 0.670493447044 -0.302289906541
782 -0.750582709999 0.645727375001 0.140220371651
783 -0.544937349657 0.485175309062 -0.683848085781
784 -0.030045884827 0.986775197352 -0.15928576426
785 0.594787748637 -0.780070292008 -0.194210899789
786 -0.484825466473 -0.702799388148 0.520593206906
787 0.575303009643 -0.282935408466 -0.767446416196
788 -0.04654296791 -0.241483487185 0.969288129276
789 -0.790829695313 0.336368866484 0.511316319583
790 0.000744655093 -0.224441807229 0.974487209078
791 0.485223844406 0.150411601235 0.861356007139
792 -0.227593022686 -0.327843520267 -0.916907870096
793 0.396405879717 -0.505651328989 -0.766276133008
794 0.834241909276 -0.512526328184 0.20336469636
795 -0.432630856903 0.828064450217 -0.356566694944
796 -0.496411764151 -0.397056004353 -0.771959772152
797 -0.573280868732 0.213559763334 -0.791038098343
798 -0.390771147035 -0.712792838687 0.58242963503
799 0.0 0.0 1.0
800 0.789869440626 0.117338233795 -0.601945184925
801 -0.383949449453 -0.829942766572 0.404694729987
802 -0.90566891361 0.150204842762 0.396487482945
803 0.274450315645 -0.576312593109 0.769766730423
804 -0.844508616353 -0.53485681126 -0.027081143879
805 0.375883069454 0.760518989222 0.529455177641
806 -0.838096325471 0.014674568857 -0.545324863051
807 0.687590287424 -0.049079611797 -0.724438257097
808 -0.44806987886 -0.892759767585 0.047046583717
809 1.0 0.0 0.0
810 -0.0 -0.0 -1.0
811 0.414198188533 0.909948282516 0.020832276919
812 -0.136092800422 0.976552975605 -0.166802384605
813 0.752686476789 0.530623995534 -0.389745100061
814 0.732766709381 -0.082948898645 -0.675405381854
815 0.997284784465 -0.049852041271 -0.054201777228
816 0.020691761204 -0.818679093613 -0.573878377968
817 -0.0 -1.0 -0.0
818 -0.12575077202 -0.157934849265 -0.979409682781
819 -0.759881255843 -0.359868495999 -0.541364149723
820 0.379070240162 0.722203782536 0.578556349472
821 -0.884499043244 -0.447201502231 0.132937048649
822 -0.740556050975 0.667662805212 -0.07617817208
823 -0.492556927689 -0.636743797622 -0.59324953365
824 -0.501308272604 -0.764721488969 -0.404834608362
825 -0.387035943941 -0.507382829266 0.769912879918
826 -0.038550719515 0.996001172341 -0.080594706528
827 0.873672312481 -0.442775408623 0.201610088843
828 -0.300815103376 0.750095289823 -0.588954437768
829 -0.617470212132 0.311711555488 -0.722195571369
830 0.342111837669 -0.930105054145 -0.13365657029
831 0.676663724848 -0.725118490502 -0.127786455495
832 0.994929522472 -0.097473971565 -0.024780439501
833 -0.94604083683 0.287307130444 0.149871104106
834 0.365848238806 0.903089616745 -0.224909337933
835 -0.316517371847 0.80253717174 -0.505718144123
836 -0.074375275226 -0.301115841289 0.950682685526
837 0.48488844438 -0.411470792003 0.771735047691
838 0.691749015994 0.167639916589 0.702410248528
839 -0.161798404693 -0.740500785994 -0.652288174184
840 0.240394710127 0.390570325276 0.888631084509
841 -0.980187495173 -0.196776087355 0.0226195878
842 -0.732532858583 0.35995123967 0.577780854785
843 0.444589204765 0.758042211475 -0.477192251225
844 0.770007490344 -0.620894649346 -0.14689553849
845 -0.504822775262 -0.856921652334 -0.104111706057
846 -0.253566068705 0.954562578793 -0.15657117222
847 0.23612734453 -0.910245530411 0.340142545901
848 -0.134869179577 -0.199736346286 -0.970523413614
849 0.789429172454 -0.537891063979 0.295761364905
850 0.821442657799 -0.262284413606 -0.506397913035
851 0.193610311015 0.152953793317 -0.969082135105
852 0.44309196906 0.430978666969 0.786083262494
853 0.661373541362 0.212908110266 -0.719204543485
854 0.902359518022 0.317330589861 0.291630925956
855 0.752219929777 0.566711151235 -0.336160152772
856 -0.091746156145 0.983545995993 0.155627493069
857 -0.515414387135 0.497562623095 0.697695811678
858 0.402565733478 -0.824012634157 0.398677826043
859 0.28935954194 0.164672859063 -0.942949577112
860 -0.279853104692 -0.948165232925 0.150548765739
861 -0.523418509044 -0.251587155802 -0.814086584722
862 -0.540066042624 -0.20353114365 0.816641747138
863 0.0 1.0 0.0
864 -0.315346367328 0.650104614442 -0.69131805914
865 0.93404828188 -0.228438934081 0.274534989597
866 -0.584750103703 -0.505578676546 0.634395395665
867 0.733749529334 -0.56318282135 -0.380048336318
868 -0.581641710079 -0.725526438123 0.367837339976
869 -0.499707900737 -0.757677216518 -0.419782383515
870 0.0 1.0 0.0
871 -0.0 -0.0 -1.0
872 0.167922714416 0.422207161661 -0.89081034717
873 0.725925652624 0.686096767715 -0.04799137625
874 -0.403056394159 0.908671789367 -0.10890877988
875 0.530561249026 0.822380104938 0.205415978039
876 -0.990234346426 0.128088431442 -0.055039012419
877 1.0 0.0 0.0
878 0.560695995002 0.817286879498 0.132899051124
879 -0.16025139827 -0.293860589461 -0.942319183352
880 -0.140502246507 0.723703558096 -0.675656923835
881 -0.104704185188 -0.409389490569 0.90633177072
882 0.817216226444 -0.569470816741 -0.088660183379
883 0.076154686564 -0.550577807107 0.831302918337
884 0.349678130432 -0.717908422081 -0.601940779981
885 0.04912506319 -0.710550343791 -0.701929438836
886 -0.379036448127 0.886580858173 0.265152320211
887 -0.257555165199 0.907383107632 -0.332146402755
888 -0.059187701197 0.164829794287 -0.984544541878
889 -0.771313306377 -0.03554645293 0.635462220034
890 -0.942513481193 -0.191962397248 0.273530210053
891 -0.45031764548 -0.181424999667 -0.8742419503
892 -0.413879311864 -0.909248655999 -0.044393656916
893 -0.548917964222 0.659568691623 -0.513476591078
894 -0.433872158931 0.578586337198 0.690646653588
895 -0.636398745992 0.771355677712 0.002656042155
896 0.818741088443 -0.508550604585 0.266532010593
897 -0.774124988822 0.135240747628 -0.618417692068
898 0.0 0.0 1.0
899 -0.132320380867 0.990156923254 -0.045613420602
900 -0.579354657735 -0.653193378587 -0.487531117706
901 -0.84036336199 0.412485547351 0.351632042128
902 -0.666541963473 -0.740331037508 0.087359978433
903 0.489355882308 -0.073287914069 0.868999253223
904 0.0 1.0 0.0
905 -0.852389444324 0.084025341401 -0.516112368781
906 0.939742195776 0.209623168113 -0.270079123349
907 0.781144158255 -0.466592049283 -0.414856196254
908 -0.763301182535 0.069810489702 0.642259916442
909 0.0 1.0 0.0
910 0.050539897116 -0.08431180914 -0.995156890967
911 0.212476272503 0.660678797589 0.719970388308
912 -0.371380172753 -0.59479504674 -0.712948539278
913 0.629059565646 0.173991125263 0.757635236244
914 -0.842264376903 -0.388927587541 -0.373264050038
915 -0.346574611114 -0.729232408482 0.590005197733
916 0.323822862846 0.051620991531 0.944708434773
917 0.862076900543 -0.472451183872 0.183339293138
918 -0.291780914605 -0.814230009787 0.501889817624
919 0.682003019567 -0.447869410875 0.578173738684
920 0.709234329018 -0.697120670407 0.104925866372
921 0.638285156694 -0.357278815922 0.681867953813
922 -0.966510259351 0.071792012271 0.246381463473
923 -0.0 -1.0 -0.0
924 0.0 0.0 1.0
925 -0.265262824371 0.495584082629 -0.827062301796
926 0.383211907553 -0.92219772561 0.051961416351
927 0.229852119363 -0.972483156289 0.038006762015
928 0.348814727363 -0.115065243336 0.930101218014
929 0.601342715559 0.794357561024 -0.08592440683
930 0.436834052265 0.850421205562 0.293188990095
931 0.142562815829 -0.009664545448 0.989738571596
932 0.535443460337 0.5118359217 -0.671806735632
933 -0.419084312559 -0.442818586056 -0.792641179103
934 -0.170188595189 -0.685679378352 -0.707728501737
935 -0.948195424391 0.101001503787 -0.301204471078
936 0.912468354738 0.408952674646 -0.012617904035
937 0.472978196366 -0.87124586723 -0.131233626019
938 0.673106585665 0.701530858786 -0.234055503046
939 0.537273340418 -0.770696109627 -0.342585557609
940 -0.970052786503 0.238105840131 -0.04799166899
941 -0.0 -0.0 -1.0
942 0.024033586017 -0.469797498202 0.882446994117
943 0.320235412352 -0.802960158191 0.502696991272
944 -0.630212943986 0.305498291357 0.713794395614
945 0.723014241658 0.552826080597 0.41428701521
946 -0.854284123241 -0.498026001191 -0.148891701972
947 -0.939680636502 -0.186758088268 -0.28656887104
948 0.447481987944 -0.814962773293 -0.368233008586
949 0.0 0.0 1.0
950 -0.550710060381 0.823465505572 -0.136466078304
951 -0.753099513727 -0.635403630575 -0.170597035957
952 -0.980938640447 -0.170098108968 -0.093946883953
953 0.839665169988 -0.310214811231 -0.445790503715
954 0.401887999523 -0.910905617832 0.093471874064
955 -0.469122275047 0.740370791199 0.481430558435
956 -0.0 -0.0 -1.0
957 0.956512773756 -0.290185180353 -0.029595181125
958 -0.887731894595 0.412340098407 -0.204713767403
959 0.587440675279 -0.449623822559 -0.672868390709
960 0.088705183598 0.678152249305 -0.729548433735
961 -0.869434970756 0.439442516519 0.225772244313
962 -0.056623052593 -0.857524348168 0.511317731175
963 0.661722127234 -0.723227823548 -0.197649542308
964 0.540564456269 0.748477874284 0.38414963273
965 -0.528911900569 -0.755605829731 0.3864091504
966 0.96394506472 -0.252644150442 0.083551453906
967 0.598383808219 0.772394789376 -0.212939210589
968 0.876105253936 0.463750789697 0.1318134632
969 0.185508222208 0.971755983303 0.145866406032
970 0.360161595341 0.783038285839 0.50708447832
971 -1.0 -0.0 -0.0
972 0.0 1.0 0.0
973 0.022824965964 0.186898858143 -0.98211396373
974 0.068820691709 -0.884764525093 0.460928896392
975 0.939811085328 0.236015196393 -0.247086929976
976 -0.838605395738 0.022221284665 0.544285958616
977 -0.756144763073 0.638044377116 0.145411382317
978 -0.133594758696 0.13403342321 -0.981930487311
979 0.798995816423 -0.52321525358 0.296397509706
980 -0.183543549541 0.683611332564 0.706390339268
981 -0.825644964727 0.424742743298 -0.371354270524
982 -0.528059485035 -0.609462886582 0.591361285632
983 0.997563586562 0.006702498518 -0.069440386516
984 0.545154937554 -0.455590995579 0.703734991889
985 -0.747073929757 -0.24388353501 0.618386096892
986 0.050760536823 0.387444193451 0.920494630545
987 0.941653544037 0.282584280727 -0.182851653775
988 0.215199170082 -0.8725685717 0.438535522936
989 -0.012307631806 -0.907426222233 0.420031157658
990 0.488901811707 0.717226481947 0.496549284667
991 -0.529209451609 -0.83883741205 -0.127628964081
992 0.982567656819 -0.019329687455 -0.18489770944
993 -0.382996979815 0.708691930585 -0.592510810852
994 -0.791616902755 -0.469287735093 -0.391294902809
995 0.309127615315 -0.75400117806 -0.579588078668
996 -0.72174176856 -0.605908880817 -0.334609096802
997 -0.538935628321 -0.58403002044 0.607006856428
998 -0.332195041015 0.244562079233 0.910953261219
999 0.503577547729 0.751775018561 0.425727582958
1000 -0.403567389881 -0.373047708867 0.835445251787
1001 0.949606602976 0.217014972053 -0.226167640233
1002 -0.642396097848 -0.021890598311 0.766060085878
1003 -0.300715933546 0.910098486241 -0.285115191903
1004 -0.752282091216 0.656704938503 0.053012064481
1005 1.0 0.0 0.0
1006 -0.006790125688 0.842532884094 -0.538602110479
1007 -0.442577251646 0.378396349245 -0.812983135867
1008 0.104074792772 0.170530565786 -0.979840682786
1009 0.154007677727 -0.037714961593 0.987349592026
1010 0.798807730344 0.5122359994 -0.315468684438
1011 -0.30790451573 -0.92856064817 -0.207291900141
1012 -0.392186314487 -0.128047488663 -0.910930148462
1013 -0.202071233478 -0.532720568264 -0.82181263847
1014 -0.827862604309 -0.356898218319 -0.432743769624
1015 0.90369419433 0.338811124485 0.261808756652
1016 0.293727214318 -0.061809356094 -0.953888844189
1017 0.52717364433 0.848031591211 0.054132883097
1018 -0.881247809094 -0.335055034243 0.33337729826
1019 0.431017002518 -0.846882052588 -0.311472522936
1020 -0.213280256011 -0.724264709825 0.655707375662
1021 -0.072567956101 0.780645126437 0.620747193564
1022 0.040353618269 -0.981298573796 0.188214490829
1023 -0.494582514814 0.728963514298 0.473286732185
1024 0.341478468363 -0.276927464573 0.898166819143
1025 -1.0 -0.0 -0.0
1026 0.0 1.0 0.0
1027 -0.009755851738 -0.226639970656 -0.973929744416
1028 0.452755700634 -0.406224190327 -0.793721728779
1029 0.638059197178 0.087228678726 -0.765030469004
1030 -0.959929493713 -0.150330466662 -0.236508177224
1031 -0.980224779412 0.118588839648 0.158417388372
1032 -0.206832697422 0.88658805313 0.413741295164
1033 -0.703472825113 0.671325490202 -0.233341103393
1034 -1.0 -0.0 -0.0
1035 -0.999467981946 -0.012722400623 -0.030031543191
1036 0.133823572174 0.978899372235 -0.154425614999
1037 0.469627849919 -0.195371809903 -0.860975922123
1038 -0.001807373307 -0.724260169172 0.68952443086
1039 0.869138532509 0.202633041796 -0.451151927494
1040 0.590748236335 0.548102488687 -0.592115008391
1041 -0.320940183651 0.942845079236 -0.089669142293
1042 0.251938039928 -0.964647149506 -0.077350507346
1043 0.280369199047 0.450483384421 0.847618919436
1044 -0.650487210267 -0.138094757906 -0.74685756816
1045 0.140419618102 -0.142577060673 -0.979772480029
1046 -1.0 -0.0 -0.0
1047 0.0 0.0 1.0
1048 -0.094663070735 -0.992889848674 0.072170987513
1049 0.414262164027 0.109637596593 -0.903529997769
1050 -0.084480117 -0.926694865824 -0.366196307309
1051 -0.648296951196 0.679139387842 -0.344210335335
1052 0.007085578423 0.81054959864 0.585627136259
1053 -0.031390959997 0.266147842748 -0.96342095339
1054 -0.420394645176 -0.702438664694 -0.574324180799
1055 -0.435820679357 0.249616748181 -0.864726439096
1056 -0.414388742175 -0.612060754469 -0.673545546491
1057 -0.123646291152 -0.479339111668 0.868876061766
1058 -0.423309754697 0.682195705848 0.596169330393
1059 -0.697258776826 0.646649345312 -0.309313469391
1060 -0.75680147665 0.287597680625 0.586974530145
1061 -0.9193879115 -0.214183793753 0.329926007888
1062 -0.359158141524 0.526276952497 -0.770738605915
1063 0.889381822643 -0.296284218884 -0.348160358446
1064 -0.028427815795 -0.998634245984 0.043834940829
1065 -0.826868188542 -0.512381968895 0.23184847795
1066 0.705823244503 0.543381163688 0.454478226617
1067 -0.332308851566 -0.937848721969 -0.100052995314
1068 -0.032216974673 -0.019097905614 0.999298422166
1069 -0.207530386743 0.544554344786 -0.812644881946
1070 0.731907607708 -0.17980436148 0.657253106019
1071 -0.552945841161 0.800427823606 -0.231443720893
1072 -0.008220852379 -0.999270878029 0.037284445944
1073 -0.311653775479 0.796188698551 -0.518609178986
1074 0.693732578961 -0.221863525352 -0.685209227176
1075 0.380059113876 -0.828063701152 -0.412147518244
1076 -0.907613642676 0.196777488771 -0.370831626944
1077 0.144926253297 -0.29705007605 -0.943799572698
1078 -1.0 -0.0 -0.0
1079 0.0 1.0 0.0
1080 -0.771860192697 0.47224364466 0.425696820529
1081 -0.762480928725 -0.29403659564 0.576337846887
1082 -0.891375136752 -0.285735737327 0.351859992034
1083 1.0 0.0 0.0
1084 -0.0 -1.0 -0.0
1085 -0.177578617656 0.92964200934 0.322849142822
1086 0.722621131491 0.300178472186 0.622664905996
1087 -0.123059103123 -0.975420272628 0.182788809515
1088 -0.579931628298 0.669781211046 0.46375902776
1089 0.867422001345 0.02219563644 0.497077886558
1090 0.091614065765 -0.756919960042 0.647054122191
1091 -0.094213716776 -0.742599433301 0.663076056898
1092 -0.418007861781 -0.687881315781 0.593370645456
1093 -1.0 -0.0 -0.0
1094 -0.025843675942 -0.974901389137 0.221132055279
1095 0.233543635149 0.191113879324 -0.953379701699
1096 -0.185625223807 0.07954039035 0.979396039705
1097 -0.313526402567 0.745432318476 0.588244722429
1098 0.138235184516 0.51729339886 0.844570052309
1099 0.039184482793 -0.961577190666 0.271723908958
1100 -0.871092530598 -0.490570464982 0.023203922616
1101 -0.590717210293 0.786385020855 -0.180698025555
1102 -0.944264215702 0.322030245986 -0.068275995894
1103 -0.47993171382 -0.876506121094 0.037450897915
1104 -1.0 -0.0 -0.0
1105 -0.877363856137 -0.47936095022 0.021112634824
1106 -0.497640568069 -0.839660516528 -0.217540989233
1107 -0.024292524538 -0.726740135288 -0.686482810428
1108 0.265378490315 -0.552373119777 0.790226672181
1109 0.558946591261 0.714821849323 -0.420248059898
1110 -0.540522561494 0.837811843818 0.07685489493
1111 -0.09624960258 0.746841211892 0.658000165823
1112 -0.184743325806 0.057312273596 -0.981114267996
1113 -0.176588644591 0.498869840329 -0.848495923981
1114 -0.297938580129 0.665892685982 -0.683973342482
1115 0.0 1.0 0.0
1116 0.0 0.0 1.0
1117 0.60678682306 0.794850618974 -0.004716447527
1118 0.972331963343 -0.050063447777 0.22817581874
1119 -1.0 -0.0 -0.0
1120 -0.494521254357 0.725889423697 0.478051538596
1121 -0.05628928548 0.993116473658 -0.102718966547
1122 0.070511790815 -0.010272871998 -0.997458046966
1123 0.318859779457 -0.592868795163 0.739482949612
1124 -0.581617619503 -0.671860355632 -0.45861160824
1125 -0.371932395128 0.906486604279 0.199870782549
1126 -0.446093181125 0.388408552542 0.806312389875
1127 -0.35950933608 0.177472832651 -0.916109399003
1128 -0.475422979535 0.320291377468 -0.819381732802
1129 -0.708345819785 -0.556778035171 0.433871431584
1130 -0.886744738261 -0.461691534181 -0.022906253105
1131 -0.814994267885 0.578086403356 0.040005669221
1132 0.994456645289 -0.105096971158 0.00325688424
1133 -0.0 -1.0 -0.0
1134 -0.453808086519 -0.408828380513 0.791781267711
1135 -0.039945643483 -0.363706222185 -0.93065682693
1136 0.197031206261 -0.978696931073 -0.057714996907
1137 -0.373930839636 0.494276161545 0.78477181607
1138 0.3197110149 0.422752271472 0.847977230777
1139 -0.021419735698 -0.183822877983 -0.982725976279
1140 -0.983215584823 0.056826606814 -0.173372000387
1141 -0.331610869653 0.067800963559 -0.940976758729
1142 -0.421299961124 -0.515411317987 0.746228863049
1143 -0.0 -0.0 -1.0
1144 -0.106289213445 0.733350624922 -0.67149047948
1145 -0.297261041897 -0.827108234918 -0.476998784801
1146 -0.555365857104 0.510564166013 0.656424403223
1147 -0.980244420114 -0.112226230795 0.162868505112
1148 -0.686242616329 0.010566357948 -0.727295967
1149 -0.996680520585 -0.000652604363 -0.08140954486
1150 -0.0 -0.0 -1.0
1151 -0.65407473888 0.683687420567 0.323663014442
1152 -0.463157967359 -0.88070498175 -0.099214073559
1153 -0.084574183698 0.674296197565 0.733601966601
1154 -0.587478932604 -0.769765008438 0.249660440461
1155 -0.428351251636 0.343471505169 -0.835788567976
1156 -0.084201975346 0.991083206151 -0.103267157575
1157 -0.29108016635 0.916724890362 -0.273656376043
1158 0.125458408946 0.922824427066 -0.364218704125
1159 0.674432139627 -0.736712299425 0.048951781524
1160 0.270012112329 0.654963461207 0.705773564027
1161 0.556482521034 0.827126177188 0.078673316913
1162 -0.678932982414 -0.286859619166 -0.675841375089
1163 -0.238842208764 0.944815785911 0.224226514948
1164 -0.399876569193 0.916072668245 0.030159507699
1165 0.716061282175 0.546929126381 -0.433733525203
1166 -0.141640200921 0.798826239258 0.584649205042
1167 -0.494735269343 0.730845412862 -0.470214840011
1168 -0.803270041302 0.528903795231 0.273894169594
1169 0.255457626109 -0.604015276821 0.754921814912
1170 0.771427005702 0.175774320296 0.611558470793
1171 -0.693530394588 -0.159443154276 0.702562077213
1172 1.0 0.0 0.0
1173 0.0 0.0 1.0
1174 -0.732850102115 -0.45233340754 -0.508257037584
1175 -0.541173121809 -0.733464799226 -0.411291916438
1176 -0.06810756034 0.982980472675 0.170618728647
1177 0.064737443497 -0.630190943386 0.773736672443
1178 -0.111692988849 -0.387966536473 0.914880671355
1179 0.497233557788 -0.659188043497 0.564118704104
1180 -1.0 -0.0 -0.0
1181 -0.0 -0.0 -1.0
1182 -0.687591352777 0.653055978445 0.317389383256
1183 0.144163005839 0.559650699598 -0.816093206801
1184 0.077975450054 0.957439614247 -0.277901447026
1185 -0.246408098545 -0.965373427794 0.085657421629
1186 0.434001508511 0.121714879079 -0.892652328077
1187 -0.59397443955 0.352261979523 -0.723260577485
1188 -0.585977967265 -0.358861109971 0.726531847636
1189 -0.589679678611 0.806006667308 0.051294530789
1190 0.368984686468 0.903817134788 0.216713839003
1191 0.474673472113 0.670533836319 0.570148637833
1192 0.0 1.0 0.0
1193 -0.784506537589 0.415641892594 0.460207898238
1194 -0.283332322429 0.470029476879 0.835939642517
1195 -0.26681302396 0.020766993166 0.963524541587
1196 -0.438579908947 -0.614548332326 0.655727085535
1197 -0.941900049042 0.0710329663 -0.328296535641
1198 -1.0 -0.0 -0.0
1199 -0.594106186189 -0.764641303547 -0.249722879294
1200 -0.91900984281 0.255726422226 -0.300041506784
1201 -0.957729210557 0.089472861985 0.273403303223
1202 0.414167033416 -0.622489208827 0.664057868958
1203 -0.469896296575 0.151091759765 -0.869694630659
1204 -0.039244414383 0.768666711651 -0.638444486498
1205 -0.619899240147 0.517469033692 0.589873487483
1206 -0.223372952021 -0.772932750103 0.593868241383
1207 -0.136917490108 0.990489002285 0.013606515164
1208 0.0 1.0 0.0
1209 0.070598308282 -0.561647593774 -0.824359059679
1210 0.709207840617 -0.70425340507 -0.032424994283
1211 0.466163885584 0.083546820524 0.88074466252
1212 0.024317409558 0.99722918956 -0.07030367759
1213 0.088447241057 -0.819757373362 0.565840025421
1214 0.460388435393 0.236651818743 -0.855592429398
1215 -0.194537105972 0.441176647604 -0.876081320431
1216 -0.908758568279 -0.409969242478 0.077994133124
1217 0.347191579542 0.865553398717 0.360936727231
1218 0.440894501121 0.40604676551 0.800461156522
1219 -0.126450549998 0.354298173202 0.926543610884
1220 -0.37040470714 -0.75485427348 0.541290475381
1221 0.422248668828 -0.009423196489 0.906431059177
1222 -0.602155221614 -0.014704366827 0.798243616122
1223 0.775781454058 -0.262581137225 0.573771977281
1224 0.082369282318 -0.65277621022 0.753059440351
1225 -0.335125678918 -0.312938522332 0.888684567532
1226 -0.0 -1.0 -0.0
1227 -0.0 -0.0 -1.0
1228 0.478062435948 0.77182994803 -0.419207393374
1229 -0.794284169033 -0.049934618864 0.605490869182
1230 0.933602707258 -0.242587326592 0.26369940079
1231 -0.937620351958 0.174585991204 0.300645650674
1232 0.332923062243 -0.69872553156 -0.633202073728
1233 0.761294010795 -0.579451461062 0.290976688759
1234 0.259415790672 -0.870371139654 0.418518251463
1235 -0.760014691362 -0.637097705626 -0.128390741101
1236 0.092549594624 0.910789323021 0.402364737032
1237 -0.087329120523 -0.299525483687 0.950083211793
1238 -0.434064452546 -0.151383700349 -0.88807152094
1239 -0.60872522182 -0.493143527488 0.621500656168
1240 -0.91563057574 0.071109356667 -0.395681826933
1241 0.372339550614 0.405866346013 -0.834647092023
1242 -0.412674833443 0.652880740389 0.635174165621
1243 1.0 0.0 0.0
1244 -0.0 -1.0 -0.0
1245 0.0 0.0 1.0
1246 -0.792630579186 0.548201271708 -0.266856011055
1247 0.452606982332 -0.618753294158 0.642099120473
1248 0.0 1.0 0.0
1249 -0.869577448709 -0.131107377895 -0.476073435678
1250 -0.407538515234 -0.91271582412 0.029362952877
1251 0.702184458899 -0.276158061316 0.656257351084
1252 -0.343423048842 0.778888190336 0.524779759976
1253 1.0 0.0 0.0
1254 -0.0 -1.0 -0.0
1255 0.98175447736 -0.10631088826 0.157658305274
1256 -0.441751551632 0.896847588209 -0.022802854068
1257 -0.567984723426 -0.199257035522 0.798554937215
1258 0.002906127122 -0.954176583793 -0.299230014148
1259 -0.979065919113 -0.125276584148 0.160423512913
1260 -0.580799829848 0.641486048706 0.501165847762
1261 -0.26542920593 -0.667087010722 0.696090695789
1262 0.90573414006 0.239280497063 0.349843552541
1263 0.286120118904 0.943207313339 0.168805336474
1264 -0.053093333627 -0.185307822043 -0.981245182925
1265 -0.679574832476 -0.203384227221 0.704849560675
1266 0.911328544409 0.044245635669 0.409295257571
1267 0.901977681812 -0.41355411694 0.124134015789
1268 0.855644727814 0.375328106268 -0.356371873764
1269 0.67907153455 -0.694119865032 -0.238871228767
1270 0.260712322522 -0.442737022879 -0.857912007992
1271 0.253587048591 0.914973143913 0.313875380852
1272 -0.755885133553 -0.617521364505 -0.217497193667
1273 0.907649608574 -0.279670745757 0.312979970643
1274 -0.715606557103 -0.599790934294 -0.35799174651
1275 0.621454067839 -0.782100609653 0.0459725782
1276 0.230454680771 0.743459197698 -0.627820883269
1277 -0.17847320975 -0.964219256003 -0.196031986559
1278 0.078212651033 -0.48761529588 -0.869548218584
1279 -0.760638600948 0.56612339719 0.317699886531
1280 -0.37675569129 -0.842598448447 0.384815545106
1281 -0.908554622527 -0.395282278206 0.135205097617
1282 -0.679421384589 -0.505816395372 -0.5315414907
1283 0.125112537611 -0.13057799866 0.983512195755
1284 -0.808846442496 0.386430434912 -0.443214340287
1285 0.94256513408 0.027636575121 -0.33287713609
1286 -0.930198440862 0.091786597988 0.355395668302
1287 0.0 1.0 0.0
1288 -0.0 -0.0 -1.0
1289 0.966558699156 0.003605388236 -0.256420128426
1290 0.96379665965 0.16847151713 -0.206672075432
1291 0.880340009416 0.051948253804 0.47149002826
1292 -0.003766930711 -0.851347590392 -0.52458849641
1293 0.104562056 0.904842028372 -0.412707741794
1294 0.028146953042 -0.852287764077 0.522315341762
1295 -0.326525629142 0.59462733762 -0.734710380264
1296 -0.834302401802 -0.053659791675 -0.548689465094
1297 0.0 0.0 1.0
1298 -0.326568424182 -0.945037328513 -0.016047181843
1299 0.221630726976 0.72306115052 -0.654264773214
1300 -0.247913278015 0.719705844637 0.648507905719
1301 0.374893556841 0.116164666634 0.919761159902
1302 -0.94469785781 -0.321282029878 0.065755720099
1303 -0.0 -1.0 -0.0
1304 -0.0 -0.0 -1.0
1305 0.813425811029 -0.482089343588 0.325466303557
1306 -1.0 -0.0 -0.0
1307 -0.57700649947 0.698298073924 0.423607482847
1308 -0.473522376344 0.451830358887 0.756059446002
1309 0.380888761696 0.922256146477 -0.066085940248
1310 -0.039412459628 -0.721940598852 0.690831694231
1311 -0.344747788261 -0.2756812549 -0.897300845974
1312 0.492652366362 -0.373266871938 0.786107809547
1313 -0.548172746092 -0.713479824174 -0.436409418938
1314 -0.39800786703 -0.845171741643 -0.356755469348
1315 -0.140657791163 -0.633314048718 0.76100506009
1316 0.841112451376 -0.275960271762 -0.465162092768
1317 0.192248503338 0.897977979783 0.39582326964
1318 0.680402514111 0.678979724218 -0.275751614488
1319 0.839028835541 0.108129225163 -0.533234173508
1320 0.338388055565 -0.078452635736 -0.937730615794
1321 0.52581220575 -0.101420307211 0.844532678805
1322 0.857631786362 -0.512310087493 0.044789432631
1323 -0.136969680432 -0.048557833012 -0.989384376011
1324 0.763813451986 0.59173043543 -0.257767535487
1325 0.713577392165 -0.683658447846 -0.153030820684
1326 -0.919117920477 0.390601332269 0.051505800517
1327 -0.803574927544 0.080948300495 0.589673391352
1328 0.630320953825 -0.493277033242 0.599477492192
1329 -0.968787317341 -0.096844193346 -0.228193637016
1330 0.163386347644 -0.020223716844 0.986354856368
1331 -0.099611455688 0.891356542883 0.442222875206
1332 -0.602561124749 -0.743823328202 0.289217819929
1333 -0.0 -1.0 -0.0
1334 -0.9607413102 -0.146848071197 0.235397066383
1335 -0.748276817505 0.128614109029 0.650799673743
1336 0.504872124711 0.847836336861 -0.162103928356
1337 -0.411881917261 0.483944622723 -0.772108080757
1338 -1.0 -0.0 -0.0
1339 -0.944614935852 -0.106117604455 -0.310550602946
1340 -0.438843339799 -0.174390168658 -0.881478639667
1341 0.508121280193 0.854322683167 0.109295551789
1342 -0.194697893687 -0.17105575549 0.965832624582
1343 0.242819489431 -0.407527599373 0.880318096657
1344 0.095048114641 -0.98541720954 -0.141133904664
1345 -0.049964798148 -0.753984921556 -0.654988745714
1346 0.0 0.0 1.0
1347 -0.9371018034 0.186553737231 0.295021885952
1348 -0.422271499318 -0.900863896045 -0.100652976443
1349 0.520269100486 -0.792849893784 -0.317346985186
1350 0.186867920743 -0.97807890279 0.09188057528
1351 0.492065931002 -0.589477246935 -0.640615091059
1352 0.547234500899 -0.441280284537 0.711200472092
1353 -0.0 -0.0 -1.0
1354 0.784250405589 0.112030295181 -0.61024627348
1355 -0.468120214046 -0.854296757904 -0.225921478916
1356 0.952119282415 0.243182228784 -0.185287008871
1357 -0.807056352002 -0.524685478698 -0.270860098826
1358 0.235719330452 -0.357824091663 -0.903547628339
1359 -0.446845319295 0.749242488473 -0.488840417815
1360 -0.659160095054 0.405557576643 -0.633270101233
1361 1.0 0.0 0.0
1362 0.099470386935 -0.151886618624 -0.983379935328
1363 -0.834519989952 -0.454290080036 -0.311764189014
1364 0.081243000229 0.806240216351 0.585983181032
1365 -0.147815167274 0.630115202848 -0.762302766271
1366 0.086241274798 0.994537507655 0.058801261793
1367 0.877558420633 0.075242883462 0.473529013752
1368 0.383091149117 0.907419820562 0.172714911689
1369 1.0 0.0 0.0
1370 0.137053151647 0.487113138701 -0.862517955598
1371 -0.752592456501 0.540278463653 0.376435620168
1372 -0.132240003586 -0.902446444846 -0.410003653199
1373 -0.13504757308 -0.911343128347 0.38886482924
1374 -0.314413414584 0.847200137503 -0.428247745756
1375 -1.0 -0.0 -0.0
1376 0.364378381543 -0.361410833157 -0.858260219713
1377 0.657211837313 -0.066241668459 -0.750789346125
1378 0.204194802671 0.978923583565 0.003619406252
1379 -0.047987526111 -0.253744345033 0.966080226845
1380 0.358581341461 0.88320955419 -0.302258672239
1381 -0.290261081742 -0.693528240244 -0.659368701419
1382 -0.252922433976 0.576074832976 -0.777282464232
1383 -0.225151601857 0.605261696649 0.763521469738
1384 0.151094153525 0.59806752568 0.787074196946
1385 -0.0 -1.0 -0.0
1386 -0.291966401244 0.375438675035 0.879659833022
1387 -0.207853681772 0.04493083338 -0.977127456981
1388 -0.25538649415 0.868527176203 0.42478027591
1389 0.661959431624 0.665549660595 -0.344751156874
1390 -0.179671046934 0.414145160486 -0.892301575108
1391 0.921766608015 -0.30318469411 0.241713387313
1392 -0.655964099139 -0.653167706388 -0.378263199336
1393 0.743925303342 -0.339219663153 -0.575764850593
1394 0.980699149638 -0.053395250412 -0.188090736433
1395 -0.171770035154 0.045637475865 0.984079405241
1396 -0.142296880678 0.670836425438 -0.727825589036
1397 -0.782118645298 0.3421808515 0.520771244928
1398 -0.789059618016 -0.601796011786 0.123395621538
1399 0.558396799743 -0.827424365846 0.059681930611
1400 0.783410680768 0.334998993083 -0.523491528004
1401 -0.077959685808 0.723815357023 0.685575390695
1402 -0.106705977237 0.196929190996 0.974593622058
1403 -0.389552891635 -0.870895674251 0.299648576152
1404 -0.67917376145 -0.062424318549 0.731318129279
1405 -0.095196375692 -0.983506723117 -0.15379263844
1406 -0.0 -0.0 -1.0
1407 -0.955036053265 0.201339006282 -0.21764361124
1408 -0.291245627519 -0.860033970286 -0.418948152407
1409 0.722733251333 -0.526657800938 -0.447535705982
1410 -0.727644536154 -0.671316574737 0.140952068053
1411 0.541479100708 0.144190304393 -0.828256928504
1412 -0.831010245511 0.546878841672 -0.101712852615
1413 0.227075668107 0.815670441721 -0.532088687585
1414 0.237704537134 0.741650847166 0.627256386116
1415 -0.670012140681 -0.510159855533 -0.539277899735
1416 -0.011981396497 0.470788154003 -0.882164927997
1417 -0.604876215084 0.749754608098 -0.268314725764
1418 0.107703828026 0.647405972477 -0.754496780795
1419 -0.105379666519 -0.270833154775 0.95684091058
1420 -0.0 -1.0 -0.0
1421 0.533400769321 0.163976899871 -0.829816362574
1422 0.312646689249 -0.76542573441 -0.562472659606
1423 -0.372538245289 -0.131876829191 -0.918598801284
1424 -0.569432142632 -0.113882664997 -0.814111646858
1425 0.821078417569 0.567139240206 -0.064678546838
1426 1.0 0.0 0.0
1427 0.0 1.0 0.0
1428 0.899102817322 0.102798272823 0.425495756722
1429 0.502003542013 0.771421514507 -0.391025946405
1430 -0.267144689495 0.942349120963 0.201523817684
1431 0.5921397109 -0.382652392481 0.709188063424
1432 0.732786408615 -0.308710787041 -0.606400634328
1433 -0.846555332363 0.401364957122 -0.349643018581
1434 0.041982355044 0.993993382172 0.101067492612
1435 -0.833981659337 -0.218739704121 0.506584182275
1436 -0.862155399942 -0.47260629877 -0.182568761606
1437 -0.577752790096 -0.565859426407 -0.588221746523
1438 0.960296172077 0.181977319594 0.211460438494
1439 -0.0 -1.0 -0.0
1440 0.088349153908 -0.977449755635 -0.191797815975
1441 -0.663751362438 0.445786737303 -0.600589971367
1442 0.268553305147 0.950684439396 -0.155171579182
1443 0.019383157668 0.017886119027 0.999652129466
1444 0.614137459401 0.498737559942 -0.611633899702
1445 0.809048269376 -0.353230013155 -0.469754676002
1446 0.811200243987 -0.510429914291 -0.285333956537
1447 -0.229113780523 0.970915486161 0.069498160466
1448 -0.104439905526 -0.414539405703 -0.904018466212
1449 -0.947327064969 0.26597088323 0.178412222821
1450 0.676092383284 -0.151543940498 -0.721064160365
1451 -0.998923670063 0.044945344136 0.011463744088
1452 0.779951879507 -0.082627802413 0.620360952931
1453 -0.309574898372 0.764665348636 -0.56519933377
1454 1.0 0.0 0.0
1455 0.698635073713 -0.473158495644 -0.536684331593
1456 0.34388263206 0.933681762478 -0.099915473196
1457 0.656322242879 -0.753835362463 0.031198714756
1458 -0.058841340271 -0.826499111487 0.559854369803
1459 -0.349858394723 -0.331257133492 -0.876280671448
1460 0.881255022869 -0.139827684256 0.45148400125
1461 0.267948430369 0.7347957663 0.623120229563
1462 -0.618695335542 0.019176528752 0.7853969331
1463 0.875541498433 0.442281911203 0.194457696027
1464 -0.898747020377 0.417664146738 0.133455812514
1465 0.722337197858 -0.553225510848 -0.414934340273
1466 -0.177035099828 0.978270317677 -0.107915517796
1467 -0.628249751538 0.774110309455 -0.077816955011
1468 -0.294350865497 -0.862630309114 0.411371508224
1469 -0.699615638296 0.071666089396 -0.71091626109
1470 -0.075215728129 0.004735375723 -0.997156041179
1471 0.191392947187 0.972821027372 -0.130337977852
1472 0.423010083303 0.572418598381 -0.702423958626
1473 0.990996439917 -0.03126773212 -0.130185963144
1474 -0.177139732246 -0.699175651264 0.692657869326
1475 -0.266310192482 0.886341416031 0.378784603183
1476 0.133225449964 0.564435047254 -0.81465579045
1477 0.705912619925 0.604517834476 0.369114563287
1478 0.006923066262 0.921669210699 0.387914858188
1479 -0.677198460047 0.035662426767 -0.734935668632
1480 -0.581147159299 0.793815851623 0.179232734037
1481 0.395364415914 -0.165495472247 0.903492239754
1482 0.460129283207 -0.332219242067 -0.823353762326
1483 0.901769043985 0.10039097704 -0.42039772007
1484 -0.122521615985 -0.45757190324 0.880690869137
1485 -0.004936073272 0.035572343002 -0.999354913729
1486 0.891837151332 -0.246788716268 -0.379106614328
1487 0.478404067517 0.827377631974 0.294237662939
1488 -0.220009185532 0.929470156845 -0.296110090704
1489 0.118726743786 -0.980667129114 -0.155550449002
1490 -0.0 -1.0 -0.0
1491 0.905498370192 -0.148381529453 0.397562099925
1492 0.398658176571 -0.796417936926 0.45474182565
1493 0.572511297098 -0.806556851677 -0.147298539397
1494 0.585855867876 0.762937136107 -0.273312693492
1495 0.921322426748 -0.387467778001 0.032151313834
1496 1.0 0.0 0.0
1497 0.0 1.0 0.0
1498 0.178965528341 -0.658277817686 0.73119194088
1499 0.504951679765 0.467457407435 -0.725608278162
1500 -0.149693133632 -0.167551315028 0.974432410471
1501 0.740242387797 0.138492601902 0.657921732827
1502 0.391411312535 0.388564135501 0.834155319483
1503 -0.756112887211 0.553232907226 -0.349609284996
1504 0.618615169207 0.340779298104 -0.707944024914
1505 0.692892380374 0.652487789219 -0.306854744365
1506 0.456774057219 -0.833921833773 -0.309728648673
1507 -0.922448668042 -0.326480951792 0.20615198991
1508 -0.502840334847 -0.682463788284 -0.530466563821
1509 -0.431145551253 -0.800290043078 -0.416712563508
1510 -0.530064249757 0.639212149486 0.557171175743
1511 -0.584366655991 0.295628297546 0.755724500765
1512 0.878577873032 0.406963968774 0.249962495462
1513 -0.487394591215 -0.854578213013 0.179283547202
1514 -0.771685359623 0.292239257847 0.564887530325
1515 -0.552788812796 -0.651912681019 0.519070693428
1516 -0.432708068002 -0.537143743803 -0.724044422932
1517 0.346286531536 -0.934566779836 0.081673570413
1518 0.0 1.0 0.0
1519 0.0 0.0 1.0
1520 -0.793523408173 0.289099497442 0.535483035455
1521 -0.327954358086 0.753959573781 0.569201985341
1522 -0.0 -0.0 -1.0
1523 0.247010545718 0.801399359622 0.54474292717
1524 0.71906521704 0.58433295058 -0.376165145261
1525 0.461759276654 -0.680384767927 -0.569082540584
1526 0.763773077794 0.609989485071 0.21110071942
1527 -0.727949267157 0.683335876156 0.05605305348
1528 0.41217280783 0.018109276623 -0.910925699816
1529 -0.03365246084 0.403601442965 -0.914315802727
1530 0.751617749908 -0.581811442183 0.310751031807
1531 -0.304280922679 0.121554247293 -0.944795049235
1532 -1.0 -0.0 -0.0
1533 -0.069882257706 -0.96690180096 0.245392292784
1534 0.671100700021 -0.357673621801 -0.649379265683
1535 0.806528903262 0.231359495238 0.544044035135
1536 0.628634507595 -0.76423368921 0.144102477899
1537 0.480179937707 -0.47408114951 0.738020522142
1538 0.520537530904 0.469217298988 0.713355314868
1539 -0.4830539212 0.363250408282 0.796685665803
1540 -0.71329717354 -0.656381428443 -0.24570421774
1541 -0.260140514875 -0.448371974389 -0.855154655663
1542 0.924701949995 0.25366238585 -0.283869155916
1543 -0.0 -0.0 -1.0
1544 -0.765272987675 -0.098227113449 -0.63616718598
1545 0.603475178961 0.039008319563 0.796427058419
1546 -0.573199671871 0.664205472698 -0.479867925793
1547 -0.852998990774 0.48389216066 0.195553313933
1548 -0.906105560172 -0.218703528788 -0.362134616299
1549 0.367043951484 -0.438024394434 -0.820617674413
1550 0.27784751409 0.711227419096 -0.645721547759
1551 0.208391069805 0.01851300048 0.977870354821
1552 -0.250238478994 -0.845812536448 -0.471149505804
1553 0.090877902318 0.957363004757 -0.274221231843
1554 0.441580673777 0.027167189471 -0.896810154025
1555 0.0 1.0 0.0
1556 -0.822065745359 -0.049530949793 0.567234162687
1557 -0.846783850284 -0.192248393603 0.495981517857
1558 -0.125257942555 -0.075706410652 0.989231513455
1559 -0.391313647461 0.820754479908 -0.416215945179
1560 0.767059376633 -0.488640315166 0.415752997722
1561 0.28477954992 -0.840718119732 -0.460536264697
1562 0.0 0.0 1.0
1563 -0.876622893711 -0.304953303841 0.372203955779
1564 0.01206300206 -0.996555678432 -0.0820442793
1565 -0.493269745365 -0.277240885054 0.824513462572
1566 1.0 0.0 0.0
1567 -0.67200586007 -0.431693906511 -0.601704657713
1568 -0.725352638363 -0.125157843683 0.676904028784
1569 0.133316486135 0.987980048277 0.078244097105
1570 0.992210672712 -0.0977142881 0.077265120577
1571 -0.178026886369 -0.668518964182 -0.722072587943
1572 0.443217575474 0.89629026988 0.014897412823
1573 -0.0 -0.0 -1.0
1574 -0.97389767312 0.111368269895 -0.197788853965
1575 -0.534721037811 -0.63350473094 0.559236235949
1576 -0.288746302901 -0.866577769324 -0.407024006999
1577 -0.709776915598 -0.120626896544 0.694021528423
1578 0.479549904711 -0.087935956479 0.873097449572
1579 -0.392296547861 -0.431839335872 0.812168828834
1580 0.695491923599 -0.607686181414 0.383416860776
1581 0.844310410062 0.433853555984 -0.314501229603
1582 0.664696843364 -0.746971027746 0.014573610745
1583 -0.506020113672 0.83995800863 -0.195995378255
1584 -1.0 -0.0 -0.0
1585 0.282633737049 0.673340066091 0.683177375268
1586 -0.730825265984 0.479934838209 -0.485342128476
1587 0.030162793784 0.020260158241 -0.999339647897
1588 0.522471821642 0.822163441502 0.225987767474
1589 0.495025958626 0.156877123193 -0.854598659316
1590 0.513254628686 0.741678773122 0.431835945276
1591 -0.220238818164 0.531905876298 -0.817661911632
1592 0.666067397981 0.705658325307 0.24166205592
1593 -0.267433963591 -0.817345689418 -0.510318625084
1594 0.51230607509 -0.858637126126 0.016875161166
1595 0.723068791229 0.008777847578 -0.690720256357
1596 0.366346339171 -0.141054056348 0.919725020299
1597 -0.735977433522 0.647099541461 0.198995981837
1598 1.0 0.0 0.0
1599 -0.531035457496 0.65571850911 0.53668853136
1600 -0.538342642009 0.769649100018 -0.343260051034
1601 0.148082123274 0.371553808109 -0.916525751109
1602 0.071738704563 0.305259725148 -0.949563088199
1603 0.703007393977 0.560419796366 0.437847297416
1604 -0.693031600072 0.357402784438 0.626075435533
1605 -0.987186162107 -0.019677791486 0.158354873199
1606 0.009858540856 -0.717334337611 -0.696659355249
1607 -0.0 -0.0 -1.0
1608 0.145528307797 -0.552638792653 -0.820616765906
1609 0.981336558966 -0.19082168325 0.023783255399
1610 0.093765240089 -0.592672368663 0.799967213813
1611 -0.157579036452 -0.819790117492 0.550557000259
1612 1.0 0.0 0.0
1613 0.0 1.0 0.0
1614 -0.0 -0.0 -1.0
1615 -0.06723628523 0.76058329882 0.645749430897
1616 0.484306803472 0.863597915655 -0.140162620506
1617 0.216842202222 0.412216616349 -0.884905034758
1618 0.961598414531 0.274142851385 0.013197962168
1619 -0.978049091024 -0.003051671988 0.208352256636
1620 0.0 1.0 0.0
1621 0.561285101717 0.28684367289 0.776324508124
1622 -0.544019283373 0.592720445111 0.593906973579
1623 0.023141926658 0.799559110168 0.600141383824
1624 0.653200116266 -0.553135875959 -0.517078631193
1625 -0.784102371245 -0.586108670905 0.204108052994
1626 0.824793765873 -0.314283200433 0.470043948694
1627 0.098814127539 -0.992793207779 0.067804238708
1628 -0.985338106664 -0.02069450994 0.169353337181
1629 0.036114246548 0.279018918785 -0.959606275592
1630 0.337613043377 0.171106484614 0.925602508567
1631 0.428951619924 -0.705600666486 -0.564028551776
1632 -0.630599515696 -0.710807431222 0.311603989905
1633 -0.663921976619 -0.670137419949 -0.331848530728
1634 0.945071527036 -0.320319361548 0.065079300886
1635 0.759790311163 -0.624570108732 0.180640145984
1636 -0.101287047288 -0.942165036278 0.319477665052
1637 -0.664748059602 0.099105749163 -0.740464764684
1638 -0.310647997813 0.476964824283 -0.822193637686
1639 -0.755609339243 0.438214719745 -0.486849448852
1640 -0.814543075664 -0.565273238307 0.13032936715
1641 0.551900013639 0.375713537266 -0.744476804783
1642 0.579577012643 0.530687878745 0.618434201649
1643 -0.0 -0.0 -1.0
1644 -0.861048901976 -0.405115037931 0.307370451487
1645 0.358752960777 -0.896165768148 0.261119185686
1646 0.478849740656 0.041866219091 0.876898024614
1647 -0.411899984107 0.670356882308 0.617219615239
1648 0.656682669698 0.623602018974 0.424132518502
1649 -1.0 -0.0 -0.0
1650 -0.0 -1.0 -0.0
1651 0.819492954879 0.037592061279 -0.571854993711
1652 -0.42826130027 0.563511538566 -0.706432590269
1653 -0.166657868961 0.677459674256 0.716431116347
1654 -0.364474661254 0.08578906882 0.927253178466
1655 -0.105605174637 -0.873142291996 -0.475888731761
1656 0.417624634814 0.729984329356 -0.541029151979
1657 -1.0 -0.0 -0.0
1658 0.0 1.0 0.0
1659 1.0 0.0 0.0
1660 0.096200645361 -0.713050012527 0.694481904348
1661 -0.008029276684 -0.041780902733 0.999094533507
1662 0.262784052813 -0.91985562438 -0.291221860243
1663 -0.209682787282 0.965436317742 -0.154809060142
1664 0.326320304106 -0.140165686091 -0.934809413501
1665 0.193196892118 -0.110325587885 0.974937549556
1666 0.719601320208 0.666697626513 0.194134527469
1667 -0.370602345194 0.927656568041 0.045904177447
1668 -0.55072887869 -0.177783928432 0.815530855926
1669 0.538015241099 0.336396728143 -0.772901573061
1670 -0.973702524041 0.048857285437 -0.222522718696
1671 0.965419541947 -0.198509807455 0.168993977325
1672 0.552059172087 -0.787727914464 0.273341184764
1673 0.859257931344 0.494198749192 0.132073478488
1674 0.269173218641 0.949238680072 0.162762731061
1675 -0.629241243026 -0.689087368296 0.359463568293
1676 -0.857733277963 -0.421005285955 -0.295039273782
1677 -0.44334797286 -0.203438168927 -0.872957894967
1678 0.976071876948 0.081858889866 -0.201451763907
1679 -0.434722676164 -0.179336771314 0.882527346479
1680 0.091746700179 -0.829662748716 0.550674374198
1681 0.605510835956 0.080448385225 0.791760497154
1682 -0.419583536278 0.864914459187 0.275449876336
1683 0.0 1.0 0.0
1684 -0.0 -0.0 -1.0
1685 -0.507690833979 0.060740719131 -0.859395474815
1686 -0.566721348462 -0.069160277695 -0.82100168647
1687 0.82807360108 -0.404369420826 -0.388303338507
1688 -0.222526686577 0.959271020292 -0.174014319491
1689 0.022248429326 0.979192558183 0.201710042863
1690 -0.932788773387 -0.356236755414 0.054776622167
1691 -0.353000664455 0.012815850978 0.935535293219
1692 0.01419165564 -0.56649875372 0.823940385552
1693 -0.939649951285 0.330086137584 -0.090006171041
1694 0.239232771447 0.956052290504 0.169504273951
1695 0.156295943526 -0.800618479478 -0.578430314175
1696 0.285840591963 -0.276154373618 0.917624061322
1697 0.026716385572 0.165706724505 0.985813124378
1698 -0.45794948845 0.887382544273 -0.053239892448
1699 0.543839410454 -0.767063097482 -0.340371708752
1700 0.868354805198 -0.494848614499 -0.032936014002
1701 0.272918928602 0.264981637317 0.924824302393
1702 0.988183234045 0.097548317536 0.118229529723
1703 0.515706020887 0.795832218338 -0.31733008095
1704 -0.938693541827 -0.030743240481 0.3433792185
1705 0.224545441347 -0.663888137336 0.713324530543
1706 0.0 0.0 1.0
1707 -0.043884756371 -0.24618202228 0.968229590575
1708 0.472209291578 0.51321076282 -0.716682006103
1709 0.985178073361 0.153268388862 -0.077025740795
1710 0.700052690539 -0.713691486243 0.023889180241
1711 -0.036590477377 -0.985653566249 -0.164767060746
1712 1.0 0.0 0.0
1713 1.0 0.0 0.0
1714 0.0 0.0 1.0
1715 0.839910735352 -0.466210884791 0.277844142538
1716 0.969872234308 0.079135902662 -0.230402599871
1717 0.815624328694 0.08025243548 -0.572989093301
1718 -1.0 -0.0 -0.0
1719 0.0 1.0 0.0
1720 0.0 0.0 1.0
1721 -0.287426160089 0.927429106401 -0.239293658706
1722 0.106816785202 0.559643666348 0.821820625876
1723 0.19017842845 -0.717600733084 -0.669986084356
1724 -0.673163579035 0.39720530146 0.623761768909
1725 -0.994243482989 0.045095233534 -0.097192162477
1726 -1.0 -0.0 -0.0
1727 -0.0 -0.0 -1.0
1728 -0.526043529498 0.83357099775 0.168634506502
1729 0.109111566605 -0.28614382412 0.951953978904
1730 0.925720473792 0.11344819348 -0.360792338885
1731 -0.971585490736 -0.236442420391 0.01079889024
1732 -1.0 -0.0 -0.0
1733 0.0 1.0 0.0
1734 -0.514010777682 0.852777143309 0.09254222969
1735 -0.562186843377 -0.592144837987 0.577330446087
1736 0.702701040909 0.703375758533 0.107115775746
1737 0.098498709346 0.517753101764 0.8498410027
1738 0.830242398991 -0.285739972171 -0.478591921391
1739 -0.719375784103 -0.503403654135 0.478626411986
1740 0.631400574047 0.529788540589 -0.566266207144
1741 -0.996733927971 -0.07499148406 0.029962545783
1742 0.784042539489 0.051143572566 -0.618596501168
1743 0.770049059658 -0.630923175491 -0.09465934897
1744 1.0 0.0 0.0
1745 -0.0 -1.0 -0.0
1746 -0.0 -0.0 -1.0
1747 0.717813352729 -0.549645517774 0.427356754286
1748 -0.178114053274 0.862504896407 0.473667275311
1749 -0.928687691714 -0.051863130917 0.367218445765
1750 -0.693163064369 -0.448870213342 -0.563950793748
1751 -0.786161741281 -0.600048844838 0.147956413697
1752 0.581675201511 -0.592363005166 0.557458545596
1753 0.569209205199 0.786329078232 0.240182142223
1754 -0.647355242762 0.762169789355 0.005329339841
1755 -0.0 -1.0 -0.0
1756 -0.0 -0.0 -1.0
1757 0.792231314392 -0.605627130528 0.074735020332
1758 -0.322903081562 -0.510317584889 -0.797063085628
1759 0.759866641324 -0.186946993876 -0.622618268993
1760 -0.0 -1.0 -0.0
1761 -0.744228572678 -0.573921367643 -0.341669570451
1762 0.826125632305 -0.437746075902 0.3548165902
1763 0.231207923039 -0.361898220407 -0.90309056821
1764 -0.879147465425 -0.387292928907 0.277675928475
1765 -0.619684235242 0.018787591467 -0.784626328261
1766 0.0 0.0 1.0
1767 0.897716193289 0.371804873124 0.236361529501
1768 0.353224718702 0.914581694904 -0.196907646992
1769 -0.239652347165 0.761825787584 0.601820755599
1770 0.028557645037 0.939680119429 0.340860285249
1771 -0.0 -0.0 -1.0
1772 -0.59133843218 -0.677507210813 -0.437381798801
1773 -0.740372132562 -0.053455160542 -0.67006839288
1774 -0.479528503625 -0.869042957249 -0.121724084168
1775 0.687114934685 -0.561773465447 0.460742487787
1776 0.066119159082 -0.959398298113 0.274195482056
1777 0.0 1.0 0.0
1778 -0.723935212849 0.550996207351 0.415115630977
1779 0.206115954388 -0.267909139291 0.941138091053
1780 -0.921942484146 -0.305703731723 0.237838778034
1781 -0.217823720452 0.126189918222 -0.967795914099
1782 -0.212070976865 -0.158265668799 -0.96435360675
1783 -0.002983686455 0.17568650185 0.984441644123
1784 -0.065610120014 -0.851884404217 0.519603958803
1785 0.856929062878 0.081526072062 0.508946048976
1786 0.840171301141 -0.048981340933 -0.54010463151
1787 0.0 0.0 1.0
1788 -0.184057559064 0.94247297124 0.279047511068
1789 0.378239719528 0.925326710155 -0.026555489916
1790 0.996582932681 -0.080306619948 -0.019321104577
1791 -0.41468412115 0.19411834007 -0.889019206606
1792 0.207302602744 0.323567811789 -0.923216931208
1793 -0.404779749933 0.328885704631 -0.853221862902
1794 0.982606809302 0.165614574534 0.083998041739
1795 -0.942574351587 -0.163996850796 0.290961551856
1796 1.0 0.0 0.0
1797 -0.0 -1.0 -0.0
1798 -0.0 -0.0 -1.0
1799 0.700021381901 -0.488680646432 -0.520731495768
1800 0.741138258714 -0.207158108955 0.638591887957
1801 -0.038437101974 -0.345455351877 -0.937647689194
1802 -0.808868093477 0.087383630551 0.581460668031
1803 -0.087217468907 0.953793802397 -0.287524773937
1804 -0.571022778384 -0.776594848184 0.266145502199
1805 -0.214854497502 0.726991787748 -0.652165995319
1806 -0.01900166644 0.487129543527 0.873122983603
1807 1.0 0.0 0.0
1808 0.146320024718 0.943788867152 0.296400108987
1809 -0.222601875622 0.832427760184 -0.507456824808
1810 -0.908589446446 -0.408347301816 0.087850434868
1811 -0.987494991177 -0.026290149833 -0.155442820424
1812 -0.046718711964 -0.934725214965 -0.352287005809
1813 -1.0 -0.0 -0.0
1814 -0.0 -1.0 -0.0
1815 -0.901992508065 0.091220476081 -0.422005142313
1816 -0.467425479501 0.694529022444 0.54693953788
1817 -0.443360128184 0.084531238407 0.892348735904
1818 0.31378089606 -0.845857400799 0.431354618361
1819 -0.26646504932 -0.69907784599 0.663540912632
1820 -0.269313226751 0.427189282218 -0.863122067297
1821 -1.0 -0.0 -0.0
1822 -0.0 -0.0 -1.0
1823 0.018168616693 0.59560634374 -0.803070971126
1824 -0.724578672741 -0.618588548426 0.303865027218
1825 -0.30124549835 0.838060820211 -0.454868345074
1826 -0.766065862127 -0.639141611359 -0.06812558633
1827 -0.0 -0.0 -1.0
1828 0.962955798073 0.193573560011 -0.187737603645
1829 0.491154052493 -0.138367608823 -0.860012849641
1830 -0.821678103907 0.256686388784 -0.508878365991
1831 -0.0 -1.0 -0.0
1832 -0.0 -0.0 -1.0
1833 -0.669335187922 -0.145550937946 -0.728563882355
1834 -0.611441260453 -0.014203639458 0.791162335833
1835 0.255614626023 -0.77478792476 -0.578242885481
1836 -0.007234019533 -0.212325635902 -0.977172192247
1837 -0.49862055074 -0.132965700173 -0.856561538337
1838 -0.326878010283 -0.484564874175 -0.811386251491
1839 -0.208660090006 -0.977300323746 -0.036674842121
1840 0.438239249323 -0.327237911439 -0.837174838173
1841 0.810713236811 0.485771353724 -0.326757156863
1842 0.215180362445 0.268015439984 -0.939076746357
1843 0.473607172967 -0.262144618932 0.840818913012
1844 -0.944846550636 0.05644927206 -0.322611957987
1845 -0.342275847345 0.026553683045 -0.939224225753
1846 -0.955390429744 0.282554732424 0.085976449901
1847 -1.0 -0.0 -0.0
1848 -0.796573296698 0.550984008927 -0.248772194777
1849 -0.999043420776 -0.042746042281 -0.009220589596
1850 0.16972853591 -0.713675201245 -0.679602774587
1851 -1.0 -0.0 -0.0
1852 -0.0 -0.0 -1.0
1853 -0.074104479654 0.734333822579 0.674731326612
1854 0.918389116396 -0.017483479305 -0.39529199187
1855 0.22853294001 -0.467833163271 -0.853759232263
1856 0.219227266818 0.864185728442 -0.452904440517
1857 -0.105578167382 -0.935851868489 -0.336206083849
1858 -0.702257058971 -0.486658801792 -0.519613542707
1859 0.306376991453 -0.084006128177 -0.948196239993
1860 0.55116893117 -0.32996608526 -0.766377969341
1861 -0.728725518252 0.675043717335 -0.115217614686
1862 0.081693658458 0.747152216607 -0.659613304435
1863 -0.036223144084 0.38260941471 0.923199826477
1864 -0.899848565369 0.160222468959 -0.405710882088
1865 -1.0 -0.0 -0.0
1866 0.610741477479 0.713359934099 -0.343674922142
1867 -0.307587855561 -0.664224942082 0.681318528611
1868 0.688489373686 0.012315292134 0.725141859157
1869 -0.133617656294 0.790627245867 0.597540693192
1870 0.046908247456 -0.979445184211 -0.196180395163
1871 0.45587303366 0.031597475257 -0.889483769801
1872 -0.799612236381 0.251725402406 0.545210595288
1873 1.0 0.0 0.0
1874 0.47047506619 -0.694678571745 -0.544127644998
1875 -0.75188965146 0.658626395282 0.029550354745
1876 0.180502430249 0.852341393316 0.490849286354
1877 -0.072444702834 -0.171540867245 -0.9825097943
1878 -0.979641468464 -0.112543800345 0.166242251756
1879 0.591427000204 0.804961462319 0.047446260241
1880 0.771460230326 0.20471451071 -0.602445916352
1881 -0.743734990966 0.320388655353 -0.586693593568
1882 0.35863148111 0.916722456644 -0.176077818707
1883 0.767925057909 0.608146003823 0.201120718648
1884 0.294048271598 -0.685322538734 -0.66623466727
1885 -0.763214129304 -0.615190867714 -0.197596531124
1886 0.42307132727 -0.882135402273 -0.20699706302
1887 0.268473481505 0.690310345686 -0.671858330578
1888 -0.9750921972 0.220987366207 -0.018968155849
1889 -0.490438854121 0.008759236755 -0.871431584314
1890 -0.708087887498 0.264068425149 -0.654888853484
1891 0.719388059045 0.621813096646 -0.30956306844
1892 -0.308243343977 -0.601716472074 -0.736833310952
1893 -0.467512877454 -0.600669040312 -0.648558720106
1894 -0.413964709348 -0.144028716428 0.898826428327
1895 -0.0 -0.0 -1.0
1896 0.480288062142 0.372019188953 0.794307938028
1897 -0.798217309944 -0.420121849251 -0.431678998665
1898 -0.764737455767 -0.150630905627 -0.626487792392
1899 -0.767602693537 0.116868440129 0.630180825301
1900 0.788541542122 -0.403970541163 0.46369174914
1901 -1.0 -0.0 -0.0
1902 0.0 0.0 1.0
1903 -0.974248865018 0.217315380233 0.060109687455
1904 -0.889206866217 -0.456656028546 0.027864326013
1905 0.0 1.0 0.0
1906 -0.577273549227 -0.81184238058 -0.087562540257
1907 0.035856811015 0.962002376721 0.270676405118
1908 -0.441243384587 0.73332918839 -0.517235514068
1909 -0.380081188528 0.920137502629 -0.094261690959
1910 0.788633052409 -0.487903405986 -0.374176662922
1911 -0.696690868337 -0.357655609189 0.621855529196
1912 1.0 0.0 0.0
1913 0.0 1.0 0.0
1914 0.697827088289 0.715127270551 -0.040377490818
1915 0.333372835254 -0.861347024929 -0.383332564962
1916 0.899125767985 0.073798438331 0.431423972266
1917 -0.0 -1.0 -0.0
1918 0.092230151442 0.615740786241 0.782532352893
1919 0.926445692504 0.222005272082 0.303993483498
1920 0.177301517092 -0.056386672909 -0.982539930565
1921 0.364385993818 0.016379566702 -0.931103945488
1922 -0.0416210173 -0.684302816882 0.728009165963
1923 -0.682856966895 -0.48588770363 -0.545545142242
1924 -0.043655732482 0.997333919985 -0.058474174369
1925 0.700633854322 0.706747091318 -0.098085427515
1926 -1.0 -0.0 -0.0
1927 0.327875444474 -0.861041458472 -0.388722651389
1928 -0.004282614285 -0.507292090954 -0.861763536981
1929 0.830972286314 0.308105796741 0.463201767477
1930 -0.752258660374 0.612999059443 -0.241534802904
1931 -0.643194250403 0.760315563277 -0.090671938808
1932 -0.414111607844 0.641245475043 -0.645999858348
1933 -0.0 -1.0 -0.0
1934 0.740345791336 0.60340666806 0.296291245555
1935 0.629843778778 0.4736332729 0.615604042495
1936 -0.840897363907 -0.315442251957 0.439758807819
1937 -0.094469604388 -0.087500447124 -0.9916749294
1938 -0.0 -1.0 -0.0
1939 0.245313022153 -0.514768735994 0.821483213222
1940 0.931853224569 -0.345786299632 0.109915434984
1941 0.0 0.0 1.0
1942 0.224621896539 0.05155899861 -0.973081020911
1943 -0.425045818541 -0.702029226894 0.5713939243
1944 0.816831947434 -0.564712665514 0.117835372702
1945 0.948247483768 0.29336782817 0.121499081985
1946 0.713370222831 0.655951861059 -0.246637550163
1947 -0.155960200839 0.841084514677 -0.517931708747
1948 -0.0 -1.0 -0.0
1949 0.942595995733 0.33374206676 -0.011358772087
1950 0.743334329686 0.562364333905 0.362215999455
1951 0.526353565305 0.372403700648 -0.764373866661
1952 0.383470669422 -0.914153905721 -0.131426338105
1953 0.786017905993 0.085265878927 -0.612295338336
1954 -0.757095818827 -0.331945080275 -0.562688532668
1955 0.670620349054 0.584955677295 -0.45617453133
1956 0.0 1.0 0.0
1957 0.059420775636 0.946998252766 0.315695233859
1958 -0.217971246696 -0.427193376464 -0.877493222036
1959 0.0 0.0 1.0
1960 -0.708419490258 -0.204091091722 -0.675639439421
1961 0.718397245918 -0.676773178744 -0.160883378852
1962 0.861551048924 -0.377099350782 -0.339890967426
1963 -0.122857832902 0.967165022074 0.22248094968
1964 0.046195880645 -0.262981159721 0.963694375953
1965 0.839729287906 -0.219983705104 -0.496449284944
1966 1.0 0.0 0.0
1967 -0.624448695137 -0.456170334118 0.634012975744
1968 -0.122415401736 -0.782794757283 0.610120346643
1969 0.206882529772 -0.644397885717 0.736173202283
1970 -0.635742358155 -0.572239812615 0.518047537303
1971 0.995824801918 -0.017431886222 -0.089605207591
1972 0.976988347625 0.204964431818 -0.059019914381
1973 -0.355597659276 0.546841939281 0.757967148471
1974 -0.222351398739 0.973947714702 0.044561244436
1975 -0.177354277623 -0.459640352614 0.870216183748
1976 0.859713528789 -0.106378006578 0.499576188518
1977 1.0 0.0 0.0
1978 -0.18789110167 0.31917474412 0.928883424671
1979 -0.587161437035 -0.174729136195 0.790386725485
1980 0.251045522846 0.418266739058 0.872942770436
1981 -0.929621925225 0.21445739232 -0.299685006331
1982 1.0 0.0 0.0
1983 -0.0 -0.0 -1.0
1984 -0.737886754766 0.402215895111 0.54198294333
1985 -0.589887498176 0.370162946728 0.71764345769
1986 0.069425662088 0.090161619457 0.993504383393
1987 -0.345859821008 -0.906968017193 -0.240395507447
1988 -0.424464810683 -0.639596136386 0.640895004514
1989 -0.0 -1.0 -0.0
1990 0.189416213925 0.4409420061 -0.877320719668
1991 -0.134698162599 0.129160719821 0.982432650846
1992 -0.914528401069 0.141483502949 -0.378972587441
1993 -0.876720650412 0.389507431632 -0.28221421269
1994 -0.867007060345 0.487227682672 0.104441096076
1995 -1.0 -0.0 -0.0
1996 -0.0 -1.0 -0.0
1997 -0.0 -0.0 -1.0
1998 -0.198714030756 0.0441047347 0.979064607857
1999 -0.277112908326 -0.503177182452 -0.818548202062
2000 -0.660567558743 0.510767779252 -0.550242470203
2001 0.0 1.0 0.0
2002 1.0 0.0 0.0
2003 -0.011143612583 -0.991706209727 -0.128041452224
2004 0.97728866005 0.139181143993 -0.159798260615
2005 0.436806422508 -0.332197393501 0.835969521578
2006 0.713476478429 -0.6972799975 -0.068934170156
2007 -0.0 -1.0 -0.0
2008 -0.420615641536 -0.657160627241 -0.625477731098
2009 0.722346964413 -0.273186894906 0.635282443843
2010 0.147800071943 0.085088757454 -0.985350212913
2011 0.432293877443 0.188679043753 -0.881772205263
2012 -0.619008088305 0.629847992546 0.469170004261
2013 -0.981528618639 -0.083462772005 -0.172149750162
2014 0.124931916525 -0.617804845322 0.776343473812
2015 0.365284930422 -0.885558924533 0.286970923242
2016 0.926409645711 0.356180882323 -0.122066979158
2017 -0.0 -1.0 -0.0
2018 0.316118966694 0.329350692977 -0.889717325858
2019 0.708078940415 -0.001425248942 0.706131845201
2020 -0.143244713382 0.981582072945 0.126402476881
2021 0.249276591706 -0.370177032687 -0.894891136004
2022 -0.136243571978 -0.562924933828 0.815201329715
2023 -0.354990362046 0.432598291625 0.828758445469
2024 0.0 1.0 0.0
2025 0.0 0.0 1.0
2026 -0.676315279519 -0.732232511921 -0.08020717658
2027 -0.0 -1.0 -0.0
2028 0.616675897022 0.581092730425 -0.531076337901
2029 0.981068311093 0.091217738855 0.170834109847
2030 -0.0 -0.0 -1.0
2031 -0.073098595019 -0.983347969562 0.166383190753
2032 -0.014793848241 0.207905479166 0.978037041112
2033 0.0 1.0 0.0
2034 0.0 0.0 1.0
2035 0.604129215538 0.327497425901 0.726480093989
2036 -1.0 -0.0 -0.0
2037 -0.0 -1.0 -0.0
2038 -0.259506765387 0.189009393037 -0.947064775009
2039 -1.0 -0.0 -0.0
2040 -0.0 -1.0 -0.0
2041 0.0150151173 0.89542017438 -0.444968827635
2042 -1.0 -0.0 -0.0
2043 -0.238674545397 0.963022497638 0.124988521167
2044 0.0 0.0 1.0
2045 -0.763435388793 0.292403096531 -0.575905232028
2046 0.32640009226 -0.514292171154 -0.79307410906
2047 0.0 0.0 1.0
2048 -0.52908085254 -0.830337669441 0.174965157055
2049 0.424466281352 -0.90079288598 0.091654528331
2050 -0.977514980456 -0.135899944791 0.161231721416
2051 -1.0 -0.0 -0.0
2052 -0.070067759573 0.058842142556 0.995805257733
2053 1.0 0.0 0.0
2054 -0.419085386621 0.51627196808 0.746880642202
2055 -0.0 -0.0 -1.0
2056 0.723261710316 0.675284142235 -0.144512371913
2057 1.0 0.0 0.0
2058 -0.0 -0.0 -1.0
2059 0.901661826745 -0.190030796914 -0.388451086258
2060 1.0 0.0 0.0
2061 0.0 0.0 1.0
2062 -1.0 -0.0 -0.0
2063 -0.967454832751 0.233466758412 0.097593131435
2064 0.0 0.0 1.0
2065 -1.0 -0.0 -0.0
2066 0.0 0.0 1.0
2067 -0.0 -1.0 -0.0
2068 -0.755327391224 0.454858059845 -0.471788805994
2069 -1.0 -0.0 -0.0
2070 -0.224706560291 -0.936780894577 -0.268232207831
2071 -1.0 -0.0 -0.0
