0.515129614375 0.596484314460 0.059485937349
0.012157494337 0.355371141245 0.487497170308
0.891996166345 0.255002969157 0.851267315535
0.425364537430 0.948948932933 0.597518152293
0.644555986997 0.602562608361 0.369279002455
0.483898481487 0.653309553145 0.474829211730
0.225046606150 0.259024139574 0.934169704251
0.576263339739 0.465513116922 0.239677442469
0.680184616902 0.021844644712 0.438338732572
0.690907318813 0.724362971513 0.529891970590
0.587303111037 0.766798947886 0.063621530402
0.496245898179 0.262924556103 0.664739539564
0.978574315193 0.589237352068 0.427762658794
0.568786392190 0.371367617538 0.143300981499
0.754729933163 0.537512190168 0.756541898171
0.721388057643 0.602447437544 0.508878314656
0.620447190789 0.611836323325 0.976397685867
0.909338315230 0.224310871751 0.447485700978
0.327697829741 0.226724685498 0.045052348568
0.592588253893 0.356571451966 0.173091073653
0.645435332512 0.002130352772 0.752814318107
0.896377212590 0.604666813846 0.519530951447
0.536005195276 0.360608627705 0.709866301579
0.626576114406 0.942989515459 0.257595229383
0.459910543283 0.212202560398 0.895332348693
0.952306630883 0.889762708087 0.941568899167
0.152624857657 0.708552787993 0.664465788760
0.263933258981 0.524433025409 0.726727723470
0.093595193212 0.617880492056 0.983075319740
0.289154120656 0.502392571699 0.672723277800
0.617846516222 0.527481346047 0.501686741433
0.058554922204 0.193474792738 0.978475396919
0.303394313150 0.914382928547 0.167693722663
0.814738550595 0.759533521001 0.101274961366
0.910026797934 0.628634528594 0.406324333309
0.942807756951 0.619593891803 0.091908406367
0.575642768481 0.616429990374 0.130591860771
0.882231585137 0.999116453553 0.353852072030
0.224008060720 0.863483754700 0.277302282550
0.256227479440 0.082052275812 0.239196552820
0.711676746734 0.069799806133 0.996291013336
0.345531191425 0.387456094647 0.189997051514
0.877245413449 0.760374118767 0.361004041562
0.735237625130 0.144384419908 0.336389985218
0.472896959178 0.497595631886 0.904124106604
0.745845163993 0.850494449955 0.395000044201
0.817804285584 0.964423107704 0.740362960205
0.250277897723 0.420291391008 0.484346421824
0.745408602082 0.280621699053 0.385073031597
0.223755894517 0.338066862469 0.366065669418
0.143309129911 0.535819271511 0.562066934671
0.787400761648 0.848294333094 0.856855361374
0.071610568818 0.264953438378 0.760888847930
0.410812049187 0.905517801303 0.447215647480
0.566335835502 0.995198467569 0.125304271175
0.665721101157 0.876713623584 0.523469891112
0.119198361776 0.909808155782 0.345682501276
0.549660448527 0.661625614214 0.381216935027
0.532392600914 0.903630580462 0.993701118852
0.094129062744 0.331574988770 0.947675042048
0.974913829931 0.329817596222 0.199014032719
0.918845411155 0.593404133903 0.790089597688
0.666038534520 0.887151237741 0.763470308662
0.042430728683 0.646534866797 0.749374839196
0.358448422429 0.001358114792 0.012408200121
0.617252501317 0.335430340619 0.963220011238
0.322316961264 0.950063107638 0.358454100596
0.112731638811 0.925503449080 0.093078522048
0.357491972298 0.654332733899 0.566706405445
0.625977390804 0.410818555130 0.439817440221
0.536761279493 0.429675525349 0.875022342771
0.975292493232 0.157879724020 0.008532561709
0.722015974254 0.127230056439 0.820683997050
0.810338118975 0.653560681839 0.561596779368
0.468291461112 0.816561425596 0.532333395981
0.563398977697 0.835654594080 0.530138619133
0.355332097048 0.907646078174 0.553882831305
0.741466018408 0.890552685035 0.159916375271
0.959471249751 0.638950000157 0.557882360968
0.711430927757 0.400706631023 0.798554741701
0.449283289512 0.416680323469 0.941687733464
0.428297799742 0.970732691015 0.474722339434
0.456337196676 0.873422319111 0.832120879621
0.337745768264 0.108594080425 0.966528054115
0.633184780187 0.448213366844 0.289718783315
0.577254594960 0.418335543854 0.134545959655
0.577322023419 0.906885423870 0.977834215522
0.851948592237 0.472929970723 0.218317770654
0.039946848203 0.937832226477 0.664188647525
0.234271950146 0.322740416860 0.309780211183
0.291159118302 0.648239877942 0.534015485767
0.902062002842 0.555268602967 0.544274925731
0.864388919021 0.431859694897 0.754164255714
0.042394791972 0.957876851995 0.558858380587
0.094286375253 0.735443656626 0.455056171642
0.027585475624 0.538853463006 0.892825548456
0.815544956016 0.294355492005 0.486028676927
0.192149158083 0.319735645148 0.651790865696
0.041517293554 0.937491526241 0.471257437805
0.849573191044 0.012228350525 0.833805320680
0.010748432462 0.298261156923 0.846777495787
0.516575121074 0.512175257067 0.599431787287
0.112738856647 0.457431036602 0.452578275185
0.525558690857 0.984286077834 0.965007249932
0.067472019612 0.585311624941 0.235074330889
0.747946103381 0.135202250856 0.257374128469
0.333787504344 0.150792825179 0.010426947535
0.284079585456 0.646099640132 0.001643377386
0.404280965469 0.549716709631 0.236177393303
0.955349563621 0.358093694933 0.993411647268
0.169733501991 0.496273648051 0.050236938752
0.551935643264 0.958544938009 0.549583684463
0.026951684974 0.408832064578 0.227266696048
0.247948116617 0.990067682071 0.609502769006
0.766165443175 0.773653658735 0.578854201351
0.848098501231 0.068211334425 0.074394293875
0.639955656317 0.761749513469 0.426506909653
0.975683762007 0.064614970385 0.942471706690
0.151746966190 0.972826320187 0.427745553598
0.991091416377 0.245113307841 0.632917326967
0.599159268769 0.824279267319 0.177484836377
0.359197702025 0.363522637693 0.206373647215
0.659332768917 0.673893893005 0.862152542522
0.354097153740 0.936639527023 0.143758342840
0.291391917419 0.220144413230 0.960242728175
0.937021112906 0.073801672110 0.006607686093
0.161128392925 0.539077883006 0.473731509599
0.226691111373 0.695701242116 0.710801210734
0.373341912316 0.724207619103 0.363884730013
0.646723770684 0.011368543950 0.436664499259
0.094779357457 0.706834228439 0.901173930570
0.791131251722 0.575799732733 0.807103583687
0.607334166916 0.668911639165 0.103216906048
0.924072889420 0.591334290361 0.337047396762
0.911851691132 0.454756672851 0.216464326445
0.084648452787 0.553955608975 0.768367859326
0.585227026300 0.021938628179 0.490150134849
0.339442983281 0.433130451515 0.746633075823
0.657288631950 0.760076122648 0.127325641967
0.526441887588 0.601331576641 0.357782040191
0.265463367857 0.132438234182 0.773789779652
0.943837863189 0.865073031349 0.781261905824
0.364429400099 0.426491825672 0.603484603047
0.315501951086 0.150151663009 0.897174111740
0.411365888422 0.719501068420 0.593433489940
0.991362508880 0.697430514571 0.745411116307
0.610020225617 0.862186479418 0.378211761232
0.482510452270 0.464263152901 0.241855463077
0.481692730113 0.370895469919 0.651916528412
0.329248446940 0.721607849921 0.241836499124
0.528844687002 0.506917749260 0.534695088079
0.632639099014 0.011689765031 0.713035953596
0.831861352498 0.937434467221 0.647150980136
0.224863747083 0.250929638730 0.139171290462
0.624837390160 0.709896180283 0.590983670460
0.660806114338 0.977322455761 0.996745578763
0.353547234302 0.812354631950 0.067175726094
0.115702971319 0.892102846813 0.430342505992
0.236576557143 0.203159303893 0.825759116953
0.390895977363 0.309693191053 0.102065838585
0.147365202703 0.385357890153 0.555686338618
0.212749092712 0.919429402639 0.205196127350
0.818846171663 0.173087402229 0.889668982644
0.903122265663 0.423708992141 0.628376431301
0.859978093380 0.594532258465 0.145809735161
0.110219382682 0.382057937883 0.381380423123
0.398002607385 0.503535491086 0.254404114530
0.990376752207 0.479760929177 0.706502879416
0.257411507609 0.773475041182 0.370381272149
0.736959794487 0.702019517140 0.077991133134
0.983068946895 0.859300951288 0.173345102147
0.728720756836 0.858507343632 0.227528496269
0.880636808679 0.257074065574 0.615179606731
0.780894554665 0.801662894147 0.170570253583
0.377991176930 0.860933085997 0.603557198123
0.713069030978 0.170987689835 0.022784235761
0.063476092993 0.144607059953 0.223636992413
0.121204393058 0.968221374781 0.411024204917
0.931354854616 0.586370100746 0.160305639807
0.151289403818 0.713182540878 0.919752113387
0.170126058572 0.703893278608 0.316018119937
0.229011209296 0.929258292137 0.076765164238
0.579831817890 0.344346714778 0.253909988068
0.820092113263 0.255802478905 0.625585624877
0.854316873957 0.854837713545 0.738896560814
0.303261603626 0.254493406313 0.960825990361
0.935946866998 0.546970533876 0.761512191397
0.882654857396 0.771053999529 0.828919224432
0.075986083959 0.901674654239 0.929079461155
0.014795092583 0.683255951170 0.112908752522
0.093250253007 0.995553823348 0.140426694442
0.578672748987 0.390614120450 0.186616664265
0.563696787391 0.735153578937 0.270485541594
0.825827750961 0.032255294521 0.093923255925
0.626124967567 0.366338371297 0.632942645980
0.743312724205 0.095438870631 0.044797178958
0.353972866181 0.011522364543 0.137949561154
0.311787858800 0.484168841603 0.999219750293
0.700551763614 0.512610160546 0.205195212522
0.654434741948 0.904239566001 0.489455575242
0.242506420362 0.766909934399 0.625235170853
0.374850462491 0.701964960368 0.970843091733
0.991510111867 0.041507927081 0.028409715038
0.503419895189 0.462946751786 0.519057822780
0.930440359580 0.581611461874 0.274097582382
0.122468575794 0.123081704882 0.630811132715
0.077529757941 0.583846311733 0.092797813521
0.328108655713 0.729821878007 0.011074940099
0.670614758381 0.151013372216 0.037939227429
0.192558047527 0.501041453099 0.450657528830
0.724355506319 0.441314191425 0.614455561877
0.052379721548 0.777994174771 0.747458234726
0.153976406979 0.302796509292 0.106394607630
0.265640885478 0.808492367489 0.261453831780
0.084899654456 0.321736804054 0.320178014478
0.549523678075 0.660653401638 0.148200797840
0.795686743619 0.178211023095 0.174078687573
0.607158382342 0.343354611326 0.181488125838
0.715430842184 0.296712637718 0.266898600430
0.682648353945 0.834962130648 0.163804846018
0.357592600592 0.264620642924 0.587025826902
0.224004286406 0.708894797637 0.031371099966
0.754160972479 0.191788811093 0.402168650489
0.131809907592 0.721549648039 0.975555004634
0.287458532563 0.936390956398 0.161437024761
0.278201945305 0.923373055533 0.160032958534
0.791524268952 0.519178411381 0.287529214259
0.864407988492 0.973863871350 0.435287575355
0.186367113043 0.116619505987 0.660706626373
0.441678141006 0.777148067131 0.340822997848
0.034409272432 0.262762889686 0.348589836420
0.311714377063 0.146656618447 0.701836669661
0.599107022128 0.004090385295 0.448331368168
0.647460344185 0.747912300793 0.994147119350
0.756740874394 0.576987048047 0.246755329383
0.284024334381 0.121009309651 0.411166233395
0.255231097308 0.932127645267 0.524461197053
0.145521476762 0.415306709517 0.955443135081
0.509099879533 0.317333829393 0.258063615098
0.650943655252 0.447009466275 0.413009302918
0.842010828202 0.396955639125 0.300050087665
0.243008661879 0.737336768307 0.459524908865
0.427750310194 0.784533571367 0.735254949515
0.897151537395 0.706096215713 0.198210351151
0.968822759653 0.413857722685 0.187968240249
0.454329730427 0.262892918018 0.758912270250
0.674167997670 0.754042690973 0.878447309494
0.114439853602 0.146944887021 0.188073683626
0.705349776036 0.417641821391 0.697399187185
0.134250896334 0.127948276449 0.043580137081
0.735936595176 0.842207479119 0.442721153946
0.738543775541 0.851046017909 0.781246991797
0.361254275954 0.719922368337 0.276571110518
0.616522428005 0.953517922096 0.316345624205
0.725455884533 0.745705223403 0.142860308926
0.940251339227 0.777904760084 0.348078231646
0.269421521745 0.751317443208 0.744819599453
0.204940545363 0.061179027963 0.372629854089
0.144383038738 0.397861406910 0.193743525128
0.791087416130 0.404377649779 0.732928116926
0.121419751785 0.730239683383 0.769019640213
0.231282543000 0.102335185700 0.411801799417
0.482982512472 0.542604456050 0.724185913384
0.783474926606 0.932631282680 0.913966586647
0.659095654249 0.007354402031 0.724651793008
0.447088180694 0.653553391647 0.348069413978
0.305125621224 0.264950058232 0.919700161140
0.814927936503 0.223771992842 0.435031658914
0.313504480489 0.299759554996 0.037730716899
0.525025218563 0.226675007251 0.590282839932
0.449558447205 0.884730783597 0.965597986493
0.175526366066 0.044245233987 0.568727646545
0.095394284653 0.102608706893 0.276287210392
0.510672897412 0.657014316890 0.558502950906
0.032655270468 0.636417840797 0.268731530353
0.467541829048 0.280051187341 0.947981808783
0.541791533460 0.452221362929 0.552120232715
0.209344035550 0.842195376009 0.339732310643
0.735421161787 0.144066106337 0.925090278288
0.114013038396 0.384606112485 0.255690787333
0.012837880030 0.377081420005 0.828899085758
0.873761084904 0.203952176103 0.797877248631
0.920568932092 0.666316572643 0.082441006088
0.269825828760 0.787298035143 0.749465135800
0.994062980254 0.734935392863 0.067756419486
0.198966963026 0.323777172840 0.440317821084
0.909450174259 0.446221222132 0.231577816349
0.817635631875 0.273093212798 0.897902245302
0.271581261828 0.745746739637 0.110054648911
0.074039755491 0.469436522937 0.247059401163
0.381921003846 0.665760013650 0.960123526739
0.033830867692 0.604359328566 0.888064070623
0.713295820336 0.856649821334 0.905643740573
0.530640414515 0.147761800491 0.219056263541
0.508128210101 0.505262964538 0.633914052063
0.363457794524 0.319916373630 0.869464961211
0.193985388539 0.542935325047 0.643462917206
0.093956296686 0.603172831559 0.580983247651
0.035215712083 0.358288759989 0.510864615257
0.311685503481 0.412087713922 0.223086609945
