0 0 -1
0 448 -1
0 896 -1
1 0 1
1 1 -1
1 449 -1
1 897 -1
2 1 1
2 2 -1
2 450 -1
2 898 -1
3 2 1
3 3 -1
3 451 -1
3 899 -1
4 3 1
4 4 -1
4 452 -1
4 900 -1
5 4 1
5 5 -1
5 453 -1
5 901 -1
6 5 1
6 6 -1
6 454 -1
6 902 -1
7 6 1
7 455 -1
7 903 -1
8 7 -1
8 448 1
8 456 -1
8 904 -1
9 7 1
9 8 -1
9 449 1
9 457 -1
9 905 -1
10 8 1
10 9 -1
10 450 1
10 458 -1
10 906 -1
11 9 1
11 10 -1
11 451 1
11 459 -1
11 907 -1
12 10 1
12 11 -1
12 452 1
12 460 -1
12 908 -1
13 11 1
13 12 -1
13 453 1
13 461 -1
13 909 -1
14 12 1
14 13 -1
14 454 1
14 462 -1
14 910 -1
15 13 1
15 455 1
15 463 -1
15 911 -1
16 14 -1
16 456 1
16 464 -1
16 912 -1
17 14 1
17 15 -1
17 457 1
17 465 -1
17 913 -1
18 15 1
18 16 -1
18 458 1
18 466 -1
18 914 -1
19 16 1
19 17 -1
19 459 1
19 467 -1
19 915 -1
20 17 1
20 18 -1
20 460 1
20 468 -1
20 916 -1
21 18 1
21 19 -1
21 461 1
21 469 -1
21 917 -1
22 19 1
22 20 -1
22 462 1
22 470 -1
22 918 -1
23 20 1
23 463 1
23 471 -1
23 919 -1
24 21 -1
24 464 1
24 472 -1
24 920 -1
25 21 1
25 22 -1
25 465 1
25 473 -1
25 921 -1
26 22 1
26 23 -1
26 466 1
26 474 -1
26 922 -1
27 23 1
27 24 -1
27 467 1
27 475 -1
27 923 -1
28 24 1
28 25 -1
28 468 1
28 476 -1
28 924 -1
29 25 1
29 26 -1
29 469 1
29 477 -1
29 925 -1
30 26 1
30 27 -1
30 470 1
30 478 -1
30 926 -1
31 27 1
31 471 1
31 479 -1
31 927 -1
32 28 -1
32 472 1
32 480 -1
32 928 -1
33 28 1
33 29 -1
33 473 1
33 481 -1
33 929 -1
34 29 1
34 30 -1
34 474 1
34 482 -1
34 930 -1
35 30 1
35 31 -1
35 475 1
35 483 -1
35 931 -1
36 31 1
36 32 -1
36 476 1
36 484 -1
36 932 -1
37 32 1
37 33 -1
37 477 1
37 485 -1
37 933 -1
38 33 1
38 34 -1
38 478 1
38 486 -1
38 934 -1
39 34 1
39 479 1
39 487 -1
39 935 -1
40 35 -1
40 480 1
40 488 -1
40 936 -1
41 35 1
41 36 -1
41 481 1
41 489 -1
41 937 -1
42 36 1
42 37 -1
42 482 1
42 490 -1
42 938 -1
43 37 1
43 38 -1
43 483 1
43 491 -1
43 939 -1
44 38 1
44 39 -1
44 484 1
44 492 -1
44 940 -1
45 39 1
45 40 -1
45 485 1
45 493 -1
45 941 -1
46 40 1
46 41 -1
46 486 1
46 494 -1
46 942 -1
47 41 1
47 487 1
47 495 -1
47 943 -1
48 42 -1
48 488 1
48 496 -1
48 944 -1
49 42 1
49 43 -1
49 489 1
49 497 -1
49 945 -1
50 43 1
50 44 -1
50 490 1
50 498 -1
50 946 -1
51 44 1
51 45 -1
51 491 1
51 499 -1
51 947 -1
52 45 1
52 46 -1
52 492 1
52 500 -1
52 948 -1
53 46 1
53 47 -1
53 493 1
53 501 -1
53 949 -1
54 47 1
54 48 -1
54 494 1
54 502 -1
54 950 -1
55 48 1
55 495 1
55 503 -1
55 951 -1
56 49 -1
56 496 1
56 952 -1
57 49 1
57 50 -1
57 497 1
57 953 -1
58 50 1
58 51 -1
58 498 1
58 954 -1
59 51 1
59 52 -1
59 499 1
59 955 -1
60 52 1
60 53 -1
60 500 1
60 956 -1
61 53 1
61 54 -1
61 501 1
61 957 -1
62 54 1
62 55 -1
62 502 1
62 958 -1
63 55 1
63 503 1
63 959 -1
64 56 -1
64 504 -1
64 896 1
64 960 -1
65 56 1
65 57 -1
65 505 -1
65 897 1
65 961 -1
66 57 1
66 58 -1
66 506 -1
66 898 1
66 962 -1
67 58 1
67 59 -1
67 507 -1
67 899 1
67 963 -1
68 59 1
68 60 -1
68 508 -1
68 900 1
68 964 -1
69 60 1
69 61 -1
69 509 -1
69 901 1
69 965 -1
70 61 1
70 62 -1
70 510 -1
70 902 1
70 966 -1
71 62 1
71 511 -1
71 903 1
71 967 -1
72 63 -1
72 504 1
72 512 -1
72 904 1
72 968 -1
73 63 1
73 64 -1
73 505 1
73 513 -1
73 905 1
73 969 -1
74 64 1
74 65 -1
74 506 1
74 514 -1
74 906 1
74 970 -1
75 65 1
75 66 -1
75 507 1
75 515 -1
75 907 1
75 971 -1
76 66 1
76 67 -1
76 508 1
76 516 -1
76 908 1
76 972 -1
77 67 1
77 68 -1
77 509 1
77 517 -1
77 909 1
77 973 -1
78 68 1
78 69 -1
78 510 1
78 518 -1
78 910 1
78 974 -1
79 69 1
79 511 1
79 519 -1
79 911 1
79 975 -1
80 70 -1
80 512 1
80 520 -1
80 912 1
80 976 -1
81 70 1
81 71 -1
81 513 1
81 521 -1
81 913 1
81 977 -1
82 71 1
82 72 -1
82 514 1
82 522 -1
82 914 1
82 978 -1
83 72 1
83 73 -1
83 515 1
83 523 -1
83 915 1
83 979 -1
84 73 1
84 74 -1
84 516 1
84 524 -1
84 916 1
84 980 -1
85 74 1
85 75 -1
85 517 1
85 525 -1
85 917 1
85 981 -1
86 75 1
86 76 -1
86 518 1
86 526 -1
86 918 1
86 982 -1
87 76 1
87 519 1
87 527 -1
87 919 1
87 983 -1
88 77 -1
88 520 1
88 528 -1
88 920 1
88 984 -1
89 77 1
89 78 -1
89 521 1
89 529 -1
89 921 1
89 985 -1
90 78 1
90 79 -1
90 522 1
90 530 -1
90 922 1
90 986 -1
91 79 1
91 80 -1
91 523 1
91 531 -1
91 923 1
91 987 -1
92 80 1
92 81 -1
92 524 1
92 532 -1
92 924 1
92 988 -1
93 81 1
93 82 -1
93 525 1
93 533 -1
93 925 1
93 989 -1
94 82 1
94 83 -1
94 526 1
94 534 -1
94 926 1
94 990 -1
95 83 1
95 527 1
95 535 -1
95 927 1
95 991 -1
96 84 -1
96 528 1
96 536 -1
96 928 1
96 992 -1
97 84 1
97 85 -1
97 529 1
97 537 -1
97 929 1
97 993 -1
98 85 1
98 86 -1
98 530 1
98 538 -1
98 930 1
98 994 -1
99 86 1
99 87 -1
99 531 1
99 539 -1
99 931 1
99 995 -1
100 87 1
100 88 -1
100 532 1
100 540 -1
100 932 1
100 996 -1
101 88 1
101 89 -1
101 533 1
101 541 -1
101 933 1
101 997 -1
102 89 1
102 90 -1
102 534 1
102 542 -1
102 934 1
102 998 -1
103 90 1
103 535 1
103 543 -1
103 935 1
103 999 -1
104 91 -1
104 536 1
104 544 -1
104 936 1
104 1000 -1
105 91 1
105 92 -1
105 537 1
105 545 -1
105 937 1
105 1001 -1
106 92 1
106 93 -1
106 538 1
106 546 -1
106 938 1
106 1002 -1
107 93 1
107 94 -1
107 539 1
107 547 -1
107 939 1
107 1003 -1
108 94 1
108 95 -1
108 540 1
108 548 -1
108 940 1
108 1004 -1
109 95 1
109 96 -1
109 541 1
109 549 -1
109 941 1
109 1005 -1
110 96 1
110 97 -1
110 542 1
110 550 -1
110 942 1
110 1006 -1
111 97 1
111 543 1
111 551 -1
111 943 1
111 1007 -1
112 98 -1
112 544 1
112 552 -1
112 944 1
112 1008 -1
113 98 1
113 99 -1
113 545 1
113 553 -1
113 945 1
113 1009 -1
114 99 1
114 100 -1
114 546 1
114 554 -1
114 946 1
114 1010 -1
115 100 1
115 101 -1
115 547 1
115 555 -1
115 947 1
115 1011 -1
116 101 1
116 102 -1
116 548 1
116 556 -1
116 948 1
116 1012 -1
117 102 1
117 103 -1
117 549 1
117 557 -1
117 949 1
117 1013 -1
118 103 1
118 104 -1
118 550 1
118 558 -1
118 950 1
118 1014 -1
119 104 1
119 551 1
119 559 -1
119 951 1
119 1015 -1
120 105 -1
120 552 1
120 952 1
120 1016 -1
121 105 1
121 106 -1
121 553 1
121 953 1
121 1017 -1
122 106 1
122 107 -1
122 554 1
122 954 1
122 1018 -1
123 107 1
123 108 -1
123 555 1
123 955 1
123 1019 -1
124 108 1
124 109 -1
124 556 1
124 956 1
124 1020 -1
125 109 1
125 110 -1
125 557 1
125 957 1
125 1021 -1
126 110 1
126 111 -1
126 558 1
126 958 1
126 1022 -1
127 111 1
127 559 1
127 959 1
127 1023 -1
128 112 -1
128 560 -1
128 960 1
128 1024 -1
129 112 1
129 113 -1
129 561 -1
129 961 1
129 1025 -1
130 113 1
130 114 -1
130 562 -1
130 962 1
130 1026 -1
131 114 1
131 115 -1
131 563 -1
131 963 1
131 1027 -1
132 115 1
132 116 -1
132 564 -1
132 964 1
132 1028 -1
133 116 1
133 117 -1
133 565 -1
133 965 1
133 1029 -1
134 117 1
134 118 -1
134 566 -1
134 966 1
134 1030 -1
135 118 1
135 567 -1
135 967 1
135 1031 -1
136 119 -1
136 560 1
136 568 -1
136 968 1
136 1032 -1
137 119 1
137 120 -1
137 561 1
137 569 -1
137 969 1
137 1033 -1
138 120 1
138 121 -1
138 562 1
138 570 -1
138 970 1
138 1034 -1
139 121 1
139 122 -1
139 563 1
139 571 -1
139 971 1
139 1035 -1
140 122 1
140 123 -1
140 564 1
140 572 -1
140 972 1
140 1036 -1
141 123 1
141 124 -1
141 565 1
141 573 -1
141 973 1
141 1037 -1
142 124 1
142 125 -1
142 566 1
142 574 -1
142 974 1
142 1038 -1
143 125 1
143 567 1
143 575 -1
143 975 1
143 1039 -1
144 126 -1
144 568 1
144 576 -1
144 976 1
144 1040 -1
145 126 1
145 127 -1
145 569 1
145 577 -1
145 977 1
145 1041 -1
146 127 1
146 128 -1
146 570 1
146 578 -1
146 978 1
146 1042 -1
147 128 1
147 129 -1
147 571 1
147 579 -1
147 979 1
147 1043 -1
148 129 1
148 130 -1
148 572 1
148 580 -1
148 980 1
148 1044 -1
149 130 1
149 131 -1
149 573 1
149 581 -1
149 981 1
149 1045 -1
150 131 1
150 132 -1
150 574 1
150 582 -1
150 982 1
150 1046 -1
151 132 1
151 575 1
151 583 -1
151 983 1
151 1047 -1
152 133 -1
152 576 1
152 584 -1
152 984 1
152 1048 -1
153 133 1
153 134 -1
153 577 1
153 585 -1
153 985 1
153 1049 -1
154 134 1
154 135 -1
154 578 1
154 586 -1
154 986 1
154 1050 -1
155 135 1
155 136 -1
155 579 1
155 587 -1
155 987 1
155 1051 -1
156 136 1
156 137 -1
156 580 1
156 588 -1
156 988 1
156 1052 -1
157 137 1
157 138 -1
157 581 1
157 589 -1
157 989 1
157 1053 -1
158 138 1
158 139 -1
158 582 1
158 590 -1
158 990 1
158 1054 -1
159 139 1
159 583 1
159 591 -1
159 991 1
159 1055 -1
160 140 -1
160 584 1
160 592 -1
160 992 1
160 1056 -1
161 140 1
161 141 -1
161 585 1
161 593 -1
161 993 1
161 1057 -1
162 141 1
162 142 -1
162 586 1
162 594 -1
162 994 1
162 1058 -1
163 142 1
163 143 -1
163 587 1
163 595 -1
163 995 1
163 1059 -1
164 143 1
164 144 -1
164 588 1
164 596 -1
164 996 1
164 1060 -1
165 144 1
165 145 -1
165 589 1
165 597 -1
165 997 1
165 1061 -1
166 145 1
166 146 -1
166 590 1
166 598 -1
166 998 1
166 1062 -1
167 146 1
167 591 1
167 599 -1
167 999 1
167 1063 -1
168 147 -1
168 592 1
168 600 -1
168 1000 1
168 1064 -1
169 147 1
169 148 -1
169 593 1
169 601 -1
169 1001 1
169 1065 -1
170 148 1
170 149 -1
170 594 1
170 602 -1
170 1002 1
170 1066 -1
171 149 1
171 150 -1
171 595 1
171 603 -1
171 1003 1
171 1067 -1
172 150 1
172 151 -1
172 596 1
172 604 -1
172 1004 1
172 1068 -1
173 151 1
173 152 -1
173 597 1
173 605 -1
173 1005 1
173 1069 -1
174 152 1
174 153 -1
174 598 1
174 606 -1
174 1006 1
174 1070 -1
175 153 1
175 599 1
175 607 -1
175 1007 1
175 1071 -1
176 154 -1
176 600 1
176 608 -1
176 1008 1
176 1072 -1
177 154 1
177 155 -1
177 601 1
177 609 -1
177 1009 1
177 1073 -1
178 155 1
178 156 -1
178 602 1
178 610 -1
178 1010 1
178 1074 -1
179 156 1
179 157 -1
179 603 1
179 611 -1
179 1011 1
179 1075 -1
180 157 1
180 158 -1
180 604 1
180 612 -1
180 1012 1
180 1076 -1
181 158 1
181 159 -1
181 605 1
181 613 -1
181 1013 1
181 1077 -1
182 159 1
182 160 -1
182 606 1
182 614 -1
182 1014 1
182 1078 -1
183 160 1
183 607 1
183 615 -1
183 1015 1
183 1079 -1
184 161 -1
184 608 1
184 1016 1
184 1080 -1
185 161 1
185 162 -1
185 609 1
185 1017 1
185 1081 -1
186 162 1
186 163 -1
186 610 1
186 1018 1
186 1082 -1
187 163 1
187 164 -1
187 611 1
187 1019 1
187 1083 -1
188 164 1
188 165 -1
188 612 1
188 1020 1
188 1084 -1
189 165 1
189 166 -1
189 613 1
189 1021 1
189 1085 -1
190 166 1
190 167 -1
190 614 1
190 1022 1
190 1086 -1
191 167 1
191 615 1
191 1023 1
191 1087 -1
192 168 -1
192 616 -1
192 1024 1
192 1088 -1
193 168 1
193 169 -1
193 617 -1
193 1025 1
193 1089 -1
194 169 1
194 170 -1
194 618 -1
194 1026 1
194 1090 -1
195 170 1
195 171 -1
195 619 -1
195 1027 1
195 1091 -1
196 171 1
196 172 -1
196 620 -1
196 1028 1
196 1092 -1
197 172 1
197 173 -1
197 621 -1
197 1029 1
197 1093 -1
198 173 1
198 174 -1
198 622 -1
198 1030 1
198 1094 -1
199 174 1
199 623 -1
199 1031 1
199 1095 -1
200 175 -1
200 616 1
200 624 -1
200 1032 1
200 1096 -1
201 175 1
201 176 -1
201 617 1
201 625 -1
201 1033 1
201 1097 -1
202 176 1
202 177 -1
202 618 1
202 626 -1
202 1034 1
202 1098 -1
203 177 1
203 178 -1
203 619 1
203 627 -1
203 1035 1
203 1099 -1
204 178 1
204 179 -1
204 620 1
204 628 -1
204 1036 1
204 1100 -1
205 179 1
205 180 -1
205 621 1
205 629 -1
205 1037 1
205 1101 -1
206 180 1
206 181 -1
206 622 1
206 630 -1
206 1038 1
206 1102 -1
207 181 1
207 623 1
207 631 -1
207 1039 1
207 1103 -1
208 182 -1
208 624 1
208 632 -1
208 1040 1
208 1104 -1
209 182 1
209 183 -1
209 625 1
209 633 -1
209 1041 1
209 1105 -1
210 183 1
210 184 -1
210 626 1
210 634 -1
210 1042 1
210 1106 -1
211 184 1
211 185 -1
211 627 1
211 635 -1
211 1043 1
211 1107 -1
212 185 1
212 186 -1
212 628 1
212 636 -1
212 1044 1
212 1108 -1
213 186 1
213 187 -1
213 629 1
213 637 -1
213 1045 1
213 1109 -1
214 187 1
214 188 -1
214 630 1
214 638 -1
214 1046 1
214 1110 -1
215 188 1
215 631 1
215 639 -1
215 1047 1
215 1111 -1
216 189 -1
216 632 1
216 640 -1
216 1048 1
216 1112 -1
217 189 1
217 190 -1
217 633 1
217 641 -1
217 1049 1
217 1113 -1
218 190 1
218 191 -1
218 634 1
218 642 -1
218 1050 1
218 1114 -1
219 191 1
219 192 -1
219 635 1
219 643 -1
219 1051 1
219 1115 -1
220 192 1
220 193 -1
220 636 1
220 644 -1
220 1052 1
220 1116 -1
221 193 1
221 194 -1
221 637 1
221 645 -1
221 1053 1
221 1117 -1
222 194 1
222 195 -1
222 638 1
222 646 -1
222 1054 1
222 1118 -1
223 195 1
223 639 1
223 647 -1
223 1055 1
223 1119 -1
224 196 -1
224 640 1
224 648 -1
224 1056 1
224 1120 -1
225 196 1
225 197 -1
225 641 1
225 649 -1
225 1057 1
225 1121 -1
226 197 1
226 198 -1
226 642 1
226 650 -1
226 1058 1
226 1122 -1
227 198 1
227 199 -1
227 643 1
227 651 -1
227 1059 1
227 1123 -1
228 199 1
228 200 -1
228 644 1
228 652 -1
228 1060 1
228 1124 -1
229 200 1
229 201 -1
229 645 1
229 653 -1
229 1061 1
229 1125 -1
230 201 1
230 202 -1
230 646 1
230 654 -1
230 1062 1
230 1126 -1
231 202 1
231 647 1
231 655 -1
231 1063 1
231 1127 -1
232 203 -1
232 648 1
232 656 -1
232 1064 1
232 1128 -1
233 203 1
233 204 -1
233 649 1
233 657 -1
233 1065 1
233 1129 -1
234 204 1
234 205 -1
234 650 1
234 658 -1
234 1066 1
234 1130 -1
235 205 1
235 206 -1
235 651 1
235 659 -1
235 1067 1
235 1131 -1
236 206 1
236 207 -1
236 652 1
236 660 -1
236 1068 1
236 1132 -1
237 207 1
237 208 -1
237 653 1
237 661 -1
237 1069 1
237 1133 -1
238 208 1
238 209 -1
238 654 1
238 662 -1
238 1070 1
238 1134 -1
239 209 1
239 655 1
239 663 -1
239 1071 1
239 1135 -1
240 210 -1
240 656 1
240 664 -1
240 1072 1
240 1136 -1
241 210 1
241 211 -1
241 657 1
241 665 -1
241 1073 1
241 1137 -1
242 211 1
242 212 -1
242 658 1
242 666 -1
242 1074 1
242 1138 -1
243 212 1
243 213 -1
243 659 1
243 667 -1
243 1075 1
243 1139 -1
244 213 1
244 214 -1
244 660 1
244 668 -1
244 1076 1
244 1140 -1
245 214 1
245 215 -1
245 661 1
245 669 -1
245 1077 1
245 1141 -1
246 215 1
246 216 -1
246 662 1
246 670 -1
246 1078 1
246 1142 -1
247 216 1
247 663 1
247 671 -1
247 1079 1
247 1143 -1
248 217 -1
248 664 1
248 1080 1
248 1144 -1
249 217 1
249 218 -1
249 665 1
249 1081 1
249 1145 -1
250 218 1
250 219 -1
250 666 1
250 1082 1
250 1146 -1
251 219 1
251 220 -1
251 667 1
251 1083 1
251 1147 -1
252 220 1
252 221 -1
252 668 1
252 1084 1
252 1148 -1
253 221 1
253 222 -1
253 669 1
253 1085 1
253 1149 -1
254 222 1
254 223 -1
254 670 1
254 1086 1
254 1150 -1
255 223 1
255 671 1
255 1087 1
255 1151 -1
256 224 -1
256 672 -1
256 1088 1
256 1152 -1
257 224 1
257 225 -1
257 673 -1
257 1089 1
257 1153 -1
258 225 1
258 226 -1
258 674 -1
258 1090 1
258 1154 -1
259 226 1
259 227 -1
259 675 -1
259 1091 1
259 1155 -1
260 227 1
260 228 -1
260 676 -1
260 1092 1
260 1156 -1
261 228 1
261 229 -1
261 677 -1
261 1093 1
261 1157 -1
262 229 1
262 230 -1
262 678 -1
262 1094 1
262 1158 -1
263 230 1
263 679 -1
263 1095 1
263 1159 -1
264 231 -1
264 672 1
264 680 -1
264 1096 1
264 1160 -1
265 231 1
265 232 -1
265 673 1
265 681 -1
265 1097 1
265 1161 -1
266 232 1
266 233 -1
266 674 1
266 682 -1
266 1098 1
266 1162 -1
267 233 1
267 234 -1
267 675 1
267 683 -1
267 1099 1
267 1163 -1
268 234 1
268 235 -1
268 676 1
268 684 -1
268 1100 1
268 1164 -1
269 235 1
269 236 -1
269 677 1
269 685 -1
269 1101 1
269 1165 -1
270 236 1
270 237 -1
270 678 1
270 686 -1
270 1102 1
270 1166 -1
271 237 1
271 679 1
271 687 -1
271 1103 1
271 1167 -1
272 238 -1
272 680 1
272 688 -1
272 1104 1
272 1168 -1
273 238 1
273 239 -1
273 681 1
273 689 -1
273 1105 1
273 1169 -1
274 239 1
274 240 -1
274 682 1
274 690 -1
274 1106 1
274 1170 -1
275 240 1
275 241 -1
275 683 1
275 691 -1
275 1107 1
275 1171 -1
276 241 1
276 242 -1
276 684 1
276 692 -1
276 1108 1
276 1172 -1
277 242 1
277 243 -1
277 685 1
277 693 -1
277 1109 1
277 1173 -1
278 243 1
278 244 -1
278 686 1
278 694 -1
278 1110 1
278 1174 -1
279 244 1
279 687 1
279 695 -1
279 1111 1
279 1175 -1
280 245 -1
280 688 1
280 696 -1
280 1112 1
280 1176 -1
281 245 1
281 246 -1
281 689 1
281 697 -1
281 1113 1
281 1177 -1
282 246 1
282 247 -1
282 690 1
282 698 -1
282 1114 1
282 1178 -1
283 247 1
283 248 -1
283 691 1
283 699 -1
283 1115 1
283 1179 -1
284 248 1
284 249 -1
284 692 1
284 700 -1
284 1116 1
284 1180 -1
285 249 1
285 250 -1
285 693 1
285 701 -1
285 1117 1
285 1181 -1
286 250 1
286 251 -1
286 694 1
286 702 -1
286 1118 1
286 1182 -1
287 251 1
287 695 1
287 703 -1
287 1119 1
287 1183 -1
288 252 -1
288 696 1
288 704 -1
288 1120 1
288 1184 -1
289 252 1
289 253 -1
289 697 1
289 705 -1
289 1121 1
289 1185 -1
290 253 1
290 254 -1
290 698 1
290 706 -1
290 1122 1
290 1186 -1
291 254 1
291 255 -1
291 699 1
291 707 -1
291 1123 1
291 1187 -1
292 255 1
292 256 -1
292 700 1
292 708 -1
292 1124 1
292 1188 -1
293 256 1
293 257 -1
293 701 1
293 709 -1
293 1125 1
293 1189 -1
294 257 1
294 258 -1
294 702 1
294 710 -1
294 1126 1
294 1190 -1
295 258 1
295 703 1
295 711 -1
295 1127 1
295 1191 -1
296 259 -1
296 704 1
296 712 -1
296 1128 1
296 1192 -1
297 259 1
297 260 -1
297 705 1
297 713 -1
297 1129 1
297 1193 -1
298 260 1
298 261 -1
298 706 1
298 714 -1
298 1130 1
298 1194 -1
299 261 1
299 262 -1
299 707 1
299 715 -1
299 1131 1
299 1195 -1
300 262 1
300 263 -1
300 708 1
300 716 -1
300 1132 1
300 1196 -1
301 263 1
301 264 -1
301 709 1
301 717 -1
301 1133 1
301 1197 -1
302 264 1
302 265 -1
302 710 1
302 718 -1
302 1134 1
302 1198 -1
303 265 1
303 711 1
303 719 -1
303 1135 1
303 1199 -1
304 266 -1
304 712 1
304 720 -1
304 1136 1
304 1200 -1
305 266 1
305 267 -1
305 713 1
305 721 -1
305 1137 1
305 1201 -1
306 267 1
306 268 -1
306 714 1
306 722 -1
306 1138 1
306 1202 -1
307 268 1
307 269 -1
307 715 1
307 723 -1
307 1139 1
307 1203 -1
308 269 1
308 270 -1
308 716 1
308 724 -1
308 1140 1
308 1204 -1
309 270 1
309 271 -1
309 717 1
309 725 -1
309 1141 1
309 1205 -1
310 271 1
310 272 -1
310 718 1
310 726 -1
310 1142 1
310 1206 -1
311 272 1
311 719 1
311 727 -1
311 1143 1
311 1207 -1
312 273 -1
312 720 1
312 1144 1
312 1208 -1
313 273 1
313 274 -1
313 721 1
313 1145 1
313 1209 -1
314 274 1
314 275 -1
314 722 1
314 1146 1
314 1210 -1
315 275 1
315 276 -1
315 723 1
315 1147 1
315 1211 -1
316 276 1
316 277 -1
316 724 1
316 1148 1
316 1212 -1
317 277 1
317 278 -1
317 725 1
317 1149 1
317 1213 -1
318 278 1
318 279 -1
318 726 1
318 1150 1
318 1214 -1
319 279 1
319 727 1
319 1151 1
319 1215 -1
320 280 -1
320 728 -1
320 1152 1
320 1216 -1
321 280 1
321 281 -1
321 729 -1
321 1153 1
321 1217 -1
322 281 1
322 282 -1
322 730 -1
322 1154 1
322 1218 -1
323 282 1
323 283 -1
323 731 -1
323 1155 1
323 1219 -1
324 283 1
324 284 -1
324 732 -1
324 1156 1
324 1220 -1
325 284 1
325 285 -1
325 733 -1
325 1157 1
325 1221 -1
326 285 1
326 286 -1
326 734 -1
326 1158 1
326 1222 -1
327 286 1
327 735 -1
327 1159 1
327 1223 -1
328 287 -1
328 728 1
328 736 -1
328 1160 1
328 1224 -1
329 287 1
329 288 -1
329 729 1
329 737 -1
329 1161 1
329 1225 -1
330 288 1
330 289 -1
330 730 1
330 738 -1
330 1162 1
330 1226 -1
331 289 1
331 290 -1
331 731 1
331 739 -1
331 1163 1
331 1227 -1
332 290 1
332 291 -1
332 732 1
332 740 -1
332 1164 1
332 1228 -1
333 291 1
333 292 -1
333 733 1
333 741 -1
333 1165 1
333 1229 -1
334 292 1
334 293 -1
334 734 1
334 742 -1
334 1166 1
334 1230 -1
335 293 1
335 735 1
335 743 -1
335 1167 1
335 1231 -1
336 294 -1
336 736 1
336 744 -1
336 1168 1
336 1232 -1
337 294 1
337 295 -1
337 737 1
337 745 -1
337 1169 1
337 1233 -1
338 295 1
338 296 -1
338 738 1
338 746 -1
338 1170 1
338 1234 -1
339 296 1
339 297 -1
339 739 1
339 747 -1
339 1171 1
339 1235 -1
340 297 1
340 298 -1
340 740 1
340 748 -1
340 1172 1
340 1236 -1
341 298 1
341 299 -1
341 741 1
341 749 -1
341 1173 1
341 1237 -1
342 299 1
342 300 -1
342 742 1
342 750 -1
342 1174 1
342 1238 -1
343 300 1
343 743 1
343 751 -1
343 1175 1
343 1239 -1
344 301 -1
344 744 1
344 752 -1
344 1176 1
344 1240 -1
345 301 1
345 302 -1
345 745 1
345 753 -1
345 1177 1
345 1241 -1
346 302 1
346 303 -1
346 746 1
346 754 -1
346 1178 1
346 1242 -1
347 303 1
347 304 -1
347 747 1
347 755 -1
347 1179 1
347 1243 -1
348 304 1
348 305 -1
348 748 1
348 756 -1
348 1180 1
348 1244 -1
349 305 1
349 306 -1
349 749 1
349 757 -1
349 1181 1
349 1245 -1
350 306 1
350 307 -1
350 750 1
350 758 -1
350 1182 1
350 1246 -1
351 307 1
351 751 1
351 759 -1
351 1183 1
351 1247 -1
352 308 -1
352 752 1
352 760 -1
352 1184 1
352 1248 -1
353 308 1
353 309 -1
353 753 1
353 761 -1
353 1185 1
353 1249 -1
354 309 1
354 310 -1
354 754 1
354 762 -1
354 1186 1
354 1250 -1
355 310 1
355 311 -1
355 755 1
355 763 -1
355 1187 1
355 1251 -1
356 311 1
356 312 -1
356 756 1
356 764 -1
356 1188 1
356 1252 -1
357 312 1
357 313 -1
357 757 1
357 765 -1
357 1189 1
357 1253 -1
358 313 1
358 314 -1
358 758 1
358 766 -1
358 1190 1
358 1254 -1
359 314 1
359 759 1
359 767 -1
359 1191 1
359 1255 -1
360 315 -1
360 760 1
360 768 -1
360 1192 1
360 1256 -1
361 315 1
361 316 -1
361 761 1
361 769 -1
361 1193 1
361 1257 -1
362 316 1
362 317 -1
362 762 1
362 770 -1
362 1194 1
362 1258 -1
363 317 1
363 318 -1
363 763 1
363 771 -1
363 1195 1
363 1259 -1
364 318 1
364 319 -1
364 764 1
364 772 -1
364 1196 1
364 1260 -1
365 319 1
365 320 -1
365 765 1
365 773 -1
365 1197 1
365 1261 -1
366 320 1
366 321 -1
366 766 1
366 774 -1
366 1198 1
366 1262 -1
367 321 1
367 767 1
367 775 -1
367 1199 1
367 1263 -1
368 322 -1
368 768 1
368 776 -1
368 1200 1
368 1264 -1
369 322 1
369 323 -1
369 769 1
369 777 -1
369 1201 1
369 1265 -1
370 323 1
370 324 -1
370 770 1
370 778 -1
370 1202 1
370 1266 -1
371 324 1
371 325 -1
371 771 1
371 779 -1
371 1203 1
371 1267 -1
372 325 1
372 326 -1
372 772 1
372 780 -1
372 1204 1
372 1268 -1
373 326 1
373 327 -1
373 773 1
373 781 -1
373 1205 1
373 1269 -1
374 327 1
374 328 -1
374 774 1
374 782 -1
374 1206 1
374 1270 -1
375 328 1
375 775 1
375 783 -1
375 1207 1
375 1271 -1
376 329 -1
376 776 1
376 1208 1
376 1272 -1
377 329 1
377 330 -1
377 777 1
377 1209 1
377 1273 -1
378 330 1
378 331 -1
378 778 1
378 1210 1
378 1274 -1
379 331 1
379 332 -1
379 779 1
379 1211 1
379 1275 -1
380 332 1
380 333 -1
380 780 1
380 1212 1
380 1276 -1
381 333 1
381 334 -1
381 781 1
381 1213 1
381 1277 -1
382 334 1
382 335 -1
382 782 1
382 1214 1
382 1278 -1
383 335 1
383 783 1
383 1215 1
383 1279 -1
384 336 -1
384 784 -1
384 1216 1
384 1280 -1
385 336 1
385 337 -1
385 785 -1
385 1217 1
385 1281 -1
386 337 1
386 338 -1
386 786 -1
386 1218 1
386 1282 -1
387 338 1
387 339 -1
387 787 -1
387 1219 1
387 1283 -1
388 339 1
388 340 -1
388 788 -1
388 1220 1
388 1284 -1
389 340 1
389 341 -1
389 789 -1
389 1221 1
389 1285 -1
390 341 1
390 342 -1
390 790 -1
390 1222 1
390 1286 -1
391 342 1
391 791 -1
391 1223 1
391 1287 -1
392 343 -1
392 784 1
392 792 -1
392 1224 1
392 1288 -1
393 343 1
393 344 -1
393 785 1
393 793 -1
393 1225 1
393 1289 -1
394 344 1
394 345 -1
394 786 1
394 794 -1
394 1226 1
394 1290 -1
395 345 1
395 346 -1
395 787 1
395 795 -1
395 1227 1
395 1291 -1
396 346 1
396 347 -1
396 788 1
396 796 -1
396 1228 1
396 1292 -1
397 347 1
397 348 -1
397 789 1
397 797 -1
397 1229 1
397 1293 -1
398 348 1
398 349 -1
398 790 1
398 798 -1
398 1230 1
398 1294 -1
399 349 1
399 791 1
399 799 -1
399 1231 1
399 1295 -1
400 350 -1
400 792 1
400 800 -1
400 1232 1
400 1296 -1
401 350 1
401 351 -1
401 793 1
401 801 -1
401 1233 1
401 1297 -1
402 351 1
402 352 -1
402 794 1
402 802 -1
402 1234 1
402 1298 -1
403 352 1
403 353 -1
403 795 1
403 803 -1
403 1235 1
403 1299 -1
404 353 1
404 354 -1
404 796 1
404 804 -1
404 1236 1
404 1300 -1
405 354 1
405 355 -1
405 797 1
405 805 -1
405 1237 1
405 1301 -1
406 355 1
406 356 -1
406 798 1
406 806 -1
406 1238 1
406 1302 -1
407 356 1
407 799 1
407 807 -1
407 1239 1
407 1303 -1
408 357 -1
408 800 1
408 808 -1
408 1240 1
408 1304 -1
409 357 1
409 358 -1
409 801 1
409 809 -1
409 1241 1
409 1305 -1
410 358 1
410 359 -1
410 802 1
410 810 -1
410 1242 1
410 1306 -1
411 359 1
411 360 -1
411 803 1
411 811 -1
411 1243 1
411 1307 -1
412 360 1
412 361 -1
412 804 1
412 812 -1
412 1244 1
412 1308 -1
413 361 1
413 362 -1
413 805 1
413 813 -1
413 1245 1
413 1309 -1
414 362 1
414 363 -1
414 806 1
414 814 -1
414 1246 1
414 1310 -1
415 363 1
415 807 1
415 815 -1
415 1247 1
415 1311 -1
416 364 -1
416 808 1
416 816 -1
416 1248 1
416 1312 -1
417 364 1
417 365 -1
417 809 1
417 817 -1
417 1249 1
417 1313 -1
418 365 1
418 366 -1
418 810 1
418 818 -1
418 1250 1
418 1314 -1
419 366 1
419 367 -1
419 811 1
419 819 -1
419 1251 1
419 1315 -1
420 367 1
420 368 -1
420 812 1
420 820 -1
420 1252 1
420 1316 -1
421 368 1
421 369 -1
421 813 1
421 821 -1
421 1253 1
421 1317 -1
422 369 1
422 370 -1
422 814 1
422 822 -1
422 1254 1
422 1318 -1
423 370 1
423 815 1
423 823 -1
423 1255 1
423 1319 -1
424 371 -1
424 816 1
424 824 -1
424 1256 1
424 1320 -1
425 371 1
425 372 -1
425 817 1
425 825 -1
425 1257 1
425 1321 -1
426 372 1
426 373 -1
426 818 1
426 826 -1
426 1258 1
426 1322 -1
427 373 1
427 374 -1
427 819 1
427 827 -1
427 1259 1
427 1323 -1
428 374 1
428 375 -1
428 820 1
428 828 -1
428 1260 1
428 1324 -1
429 375 1
429 376 -1
429 821 1
429 829 -1
429 1261 1
429 1325 -1
430 376 1
430 377 -1
430 822 1
430 830 -1
430 1262 1
430 1326 -1
431 377 1
431 823 1
431 831 -1
431 1263 1
431 1327 -1
432 378 -1
432 824 1
432 832 -1
432 1264 1
432 1328 -1
433 378 1
433 379 -1
433 825 1
433 833 -1
433 1265 1
433 1329 -1
434 379 1
434 380 -1
434 826 1
434 834 -1
434 1266 1
434 1330 -1
435 380 1
435 381 -1
435 827 1
435 835 -1
435 1267 1
435 1331 -1
436 381 1
436 382 -1
436 828 1
436 836 -1
436 1268 1
436 1332 -1
437 382 1
437 383 -1
437 829 1
437 837 -1
437 1269 1
437 1333 -1
438 383 1
438 384 -1
438 830 1
438 838 -1
438 1270 1
438 1334 -1
439 384 1
439 831 1
439 839 -1
439 1271 1
439 1335 -1
440 385 -1
440 832 1
440 1272 1
440 1336 -1
441 385 1
441 386 -1
441 833 1
441 1273 1
441 1337 -1
442 386 1
442 387 -1
442 834 1
442 1274 1
442 1338 -1
443 387 1
443 388 -1
443 835 1
443 1275 1
443 1339 -1
444 388 1
444 389 -1
444 836 1
444 1276 1
444 1340 -1
445 389 1
445 390 -1
445 837 1
445 1277 1
445 1341 -1
446 390 1
446 391 -1
446 838 1
446 1278 1
446 1342 -1
447 391 1
447 839 1
447 1279 1
447 1343 -1
448 392 -1
448 840 -1
448 1280 1
449 392 1
449 393 -1
449 841 -1
449 1281 1
450 393 1
450 394 -1
450 842 -1
450 1282 1
451 394 1
451 395 -1
451 843 -1
451 1283 1
452 395 1
452 396 -1
452 844 -1
452 1284 1
453 396 1
453 397 -1
453 845 -1
453 1285 1
454 397 1
454 398 -1
454 846 -1
454 1286 1
455 398 1
455 847 -1
455 1287 1
456 399 -1
456 840 1
456 848 -1
456 1288 1
457 399 1
457 400 -1
457 841 1
457 849 -1
457 1289 1
458 400 1
458 401 -1
458 842 1
458 850 -1
458 1290 1
459 401 1
459 402 -1
459 843 1
459 851 -1
459 1291 1
460 402 1
460 403 -1
460 844 1
460 852 -1
460 1292 1
461 403 1
461 404 -1
461 845 1
461 853 -1
461 1293 1
462 404 1
462 405 -1
462 846 1
462 854 -1
462 1294 1
463 405 1
463 847 1
463 855 -1
463 1295 1
464 406 -1
464 848 1
464 856 -1
464 1296 1
465 406 1
465 407 -1
465 849 1
465 857 -1
465 1297 1
466 407 1
466 408 -1
466 850 1
466 858 -1
466 1298 1
467 408 1
467 409 -1
467 851 1
467 859 -1
467 1299 1
468 409 1
468 410 -1
468 852 1
468 860 -1
468 1300 1
469 410 1
469 411 -1
469 853 1
469 861 -1
469 1301 1
470 411 1
470 412 -1
470 854 1
470 862 -1
470 1302 1
471 412 1
471 855 1
471 863 -1
471 1303 1
472 413 -1
472 856 1
472 864 -1
472 1304 1
473 413 1
473 414 -1
473 857 1
473 865 -1
473 1305 1
474 414 1
474 415 -1
474 858 1
474 866 -1
474 1306 1
475 415 1
475 416 -1
475 859 1
475 867 -1
475 1307 1
476 416 1
476 417 -1
476 860 1
476 868 -1
476 1308 1
477 417 1
477 418 -1
477 861 1
477 869 -1
477 1309 1
478 418 1
478 419 -1
478 862 1
478 870 -1
478 1310 1
479 419 1
479 863 1
479 871 -1
479 1311 1
480 420 -1
480 864 1
480 872 -1
480 1312 1
481 420 1
481 421 -1
481 865 1
481 873 -1
481 1313 1
482 421 1
482 422 -1
482 866 1
482 874 -1
482 1314 1
483 422 1
483 423 -1
483 867 1
483 875 -1
483 1315 1
484 423 1
484 424 -1
484 868 1
484 876 -1
484 1316 1
485 424 1
485 425 -1
485 869 1
485 877 -1
485 1317 1
486 425 1
486 426 -1
486 870 1
486 878 -1
486 1318 1
487 426 1
487 871 1
487 879 -1
487 1319 1
488 427 -1
488 872 1
488 880 -1
488 1320 1
489 427 1
489 428 -1
489 873 1
489 881 -1
489 1321 1
490 428 1
490 429 -1
490 874 1
490 882 -1
490 1322 1
491 429 1
491 430 -1
491 875 1
491 883 -1
491 1323 1
492 430 1
492 431 -1
492 876 1
492 884 -1
492 1324 1
493 431 1
493 432 -1
493 877 1
493 885 -1
493 1325 1
494 432 1
494 433 -1
494 878 1
494 886 -1
494 1326 1
495 433 1
495 879 1
495 887 -1
495 1327 1
496 434 -1
496 880 1
496 888 -1
496 1328 1
497 434 1
497 435 -1
497 881 1
497 889 -1
497 1329 1
498 435 1
498 436 -1
498 882 1
498 890 -1
498 1330 1
499 436 1
499 437 -1
499 883 1
499 891 -1
499 1331 1
500 437 1
500 438 -1
500 884 1
500 892 -1
500 1332 1
501 438 1
501 439 -1
501 885 1
501 893 -1
501 1333 1
502 439 1
502 440 -1
502 886 1
502 894 -1
502 1334 1
503 440 1
503 887 1
503 895 -1
503 1335 1
504 441 -1
504 888 1
504 1336 1
505 441 1
505 442 -1
505 889 1
505 1337 1
506 442 1
506 443 -1
506 890 1
506 1338 1
507 443 1
507 444 -1
507 891 1
507 1339 1
508 444 1
508 445 -1
508 892 1
508 1340 1
509 445 1
509 446 -1
509 893 1
509 1341 1
510 446 1
510 447 -1
510 894 1
510 1342 1
511 447 1
511 895 1
511 1343 1
