0 0 -1
1 0 1
1 1 -1
2 1 1
2 2 -1
3 2 1
3 3 -1
4 3 1
4 4 -1
5 4 1
5 5 -1
6 5 1
6 6 -1
7 6 1
8 7 -1
9 7 1
9 8 -1
10 8 1
10 9 -1
11 9 1
11 10 -1
12 10 1
12 11 -1
13 11 1
13 12 -1
14 12 1
14 13 -1
15 13 1
16 14 -1
17 14 1
17 15 -1
18 15 1
18 16 -1
19 16 1
19 17 -1
20 17 1
20 18 -1
21 18 1
21 19 -1
22 19 1
22 20 -1
23 20 1
24 21 -1
25 21 1
25 22 -1
26 22 1
26 23 -1
27 23 1
27 24 -1
28 24 1
28 25 -1
29 25 1
29 26 -1
30 26 1
30 27 -1
31 27 1
32 28 -1
33 28 1
33 29 -1
34 29 1
34 30 -1
35 30 1
35 31 -1
36 31 1
36 32 -1
37 32 1
37 33 -1
38 33 1
38 34 -1
39 34 1
40 35 -1
41 35 1
41 36 -1
42 36 1
42 37 -1
43 37 1
43 38 -1
44 38 1
44 39 -1
45 39 1
45 40 -1
46 40 1
46 41 -1
47 41 1
48 42 -1
49 42 1
49 43 -1
50 43 1
50 44 -1
51 44 1
51 45 -1
52 45 1
52 46 -1
53 46 1
53 47 -1
54 47 1
54 48 -1
55 48 1
56 49 -1
57 49 1
57 50 -1
58 50 1
58 51 -1
59 51 1
59 52 -1
60 52 1
60 53 -1
61 53 1
61 54 -1
62 54 1
62 55 -1
63 55 1
64 56 -1
65 56 1
65 57 -1
66 57 1
66 58 -1
67 58 1
67 59 -1
68 59 1
68 60 -1
69 60 1
69 61 -1
70 61 1
70 62 -1
71 62 1
72 63 -1
73 63 1
73 64 -1
74 64 1
74 65 -1
75 65 1
75 66 -1
76 66 1
76 67 -1
77 67 1
77 68 -1
78 68 1
78 69 -1
79 69 1
80 70 -1
81 70 1
81 71 -1
82 71 1
82 72 -1
83 72 1
83 73 -1
84 73 1
84 74 -1
85 74 1
85 75 -1
86 75 1
86 76 -1
87 76 1
88 77 -1
89 77 1
89 78 -1
90 78 1
90 79 -1
91 79 1
91 80 -1
92 80 1
92 81 -1
93 81 1
93 82 -1
94 82 1
94 83 -1
95 83 1
96 84 -1
97 84 1
97 85 -1
98 85 1
98 86 -1
99 86 1
99 87 -1
100 87 1
100 88 -1
101 88 1
101 89 -1
102 89 1
102 90 -1
103 90 1
104 91 -1
105 91 1
105 92 -1
106 92 1
106 93 -1
107 93 1
107 94 -1
108 94 1
108 95 -1
109 95 1
109 96 -1
110 96 1
110 97 -1
111 97 1
112 98 -1
113 98 1
113 99 -1
114 99 1
114 100 -1
115 100 1
115 101 -1
116 101 1
116 102 -1
117 102 1
117 103 -1
118 103 1
118 104 -1
119 104 1
120 105 -1
121 105 1
121 106 -1
122 106 1
122 107 -1
123 107 1
123 108 -1
124 108 1
124 109 -1
125 109 1
125 110 -1
126 110 1
126 111 -1
127 111 1
128 112 -1
129 112 1
129 113 -1
130 113 1
130 114 -1
131 114 1
131 115 -1
132 115 1
132 116 -1
133 116 1
133 117 -1
134 117 1
134 118 -1
135 118 1
136 119 -1
137 119 1
137 120 -1
138 120 1
138 121 -1
139 121 1
139 122 -1
140 122 1
140 123 -1
141 123 1
141 124 -1
142 124 1
142 125 -1
143 125 1
144 126 -1
145 126 1
145 127 -1
146 127 1
146 128 -1
147 128 1
147 129 -1
148 129 1
148 130 -1
149 130 1
149 131 -1
150 131 1
150 132 -1
151 132 1
152 133 -1
153 133 1
153 134 -1
154 134 1
154 135 -1
155 135 1
155 136 -1
156 136 1
156 137 -1
157 137 1
157 138 -1
158 138 1
158 139 -1
159 139 1
160 140 -1
161 140 1
161 141 -1
162 141 1
162 142 -1
163 142 1
163 143 -1
164 143 1
164 144 -1
165 144 1
165 145 -1
166 145 1
166 146 -1
167 146 1
168 147 -1
169 147 1
169 148 -1
170 148 1
170 149 -1
171 149 1
171 150 -1
172 150 1
172 151 -1
173 151 1
173 152 -1
174 152 1
174 153 -1
175 153 1
176 154 -1
177 154 1
177 155 -1
178 155 1
178 156 -1
179 156 1
179 157 -1
180 157 1
180 158 -1
181 158 1
181 159 -1
182 159 1
182 160 -1
183 160 1
184 161 -1
185 161 1
185 162 -1
186 162 1
186 163 -1
187 163 1
187 164 -1
188 164 1
188 165 -1
189 165 1
189 166 -1
190 166 1
190 167 -1
191 167 1
192 168 -1
193 168 1
193 169 -1
194 169 1
194 170 -1
195 170 1
195 171 -1
196 171 1
196 172 -1
197 172 1
197 173 -1
198 173 1
198 174 -1
199 174 1
200 175 -1
201 175 1
201 176 -1
202 176 1
202 177 -1
203 177 1
203 178 -1
204 178 1
204 179 -1
205 179 1
205 180 -1
206 180 1
206 181 -1
207 181 1
208 182 -1
209 182 1
209 183 -1
210 183 1
210 184 -1
211 184 1
211 185 -1
212 185 1
212 186 -1
213 186 1
213 187 -1
214 187 1
214 188 -1
215 188 1
216 189 -1
217 189 1
217 190 -1
218 190 1
218 191 -1
219 191 1
219 192 -1
220 192 1
220 193 -1
221 193 1
221 194 -1
222 194 1
222 195 -1
223 195 1
224 196 -1
225 196 1
225 197 -1
226 197 1
226 198 -1
227 198 1
227 199 -1
228 199 1
228 200 -1
229 200 1
229 201 -1
230 201 1
230 202 -1
231 202 1
232 203 -1
233 203 1
233 204 -1
234 204 1
234 205 -1
235 205 1
235 206 -1
236 206 1
236 207 -1
237 207 1
237 208 -1
238 208 1
238 209 -1
239 209 1
240 210 -1
241 210 1
241 211 -1
242 211 1
242 212 -1
243 212 1
243 213 -1
244 213 1
244 214 -1
245 214 1
245 215 -1
246 215 1
246 216 -1
247 216 1
248 217 -1
249 217 1
249 218 -1
250 218 1
250 219 -1
251 219 1
251 220 -1
252 220 1
252 221 -1
253 221 1
253 222 -1
254 222 1
254 223 -1
255 223 1
256 224 -1
257 224 1
257 225 -1
258 225 1
258 226 -1
259 226 1
259 227 -1
260 227 1
260 228 -1
261 228 1
261 229 -1
262 229 1
262 230 -1
263 230 1
264 231 -1
265 231 1
265 232 -1
266 232 1
266 233 -1
267 233 1
267 234 -1
268 234 1
268 235 -1
269 235 1
269 236 -1
270 236 1
270 237 -1
271 237 1
272 238 -1
273 238 1
273 239 -1
274 239 1
274 240 -1
275 240 1
275 241 -1
276 241 1
276 242 -1
277 242 1
277 243 -1
278 243 1
278 244 -1
279 244 1
280 245 -1
281 245 1
281 246 -1
282 246 1
282 247 -1
283 247 1
283 248 -1
284 248 1
284 249 -1
285 249 1
285 250 -1
286 250 1
286 251 -1
287 251 1
288 252 -1
289 252 1
289 253 -1
290 253 1
290 254 -1
291 254 1
291 255 -1
292 255 1
292 256 -1
293 256 1
293 257 -1
294 257 1
294 258 -1
295 258 1
296 259 -1
297 259 1
297 260 -1
298 260 1
298 261 -1
299 261 1
299 262 -1
300 262 1
300 263 -1
301 263 1
301 264 -1
302 264 1
302 265 -1
303 265 1
304 266 -1
305 266 1
305 267 -1
306 267 1
306 268 -1
307 268 1
307 269 -1
308 269 1
308 270 -1
309 270 1
309 271 -1
310 271 1
310 272 -1
311 272 1
312 273 -1
313 273 1
313 274 -1
314 274 1
314 275 -1
315 275 1
315 276 -1
316 276 1
316 277 -1
317 277 1
317 278 -1
318 278 1
318 279 -1
319 279 1
320 280 -1
321 280 1
321 281 -1
322 281 1
322 282 -1
323 282 1
323 283 -1
324 283 1
324 284 -1
325 284 1
325 285 -1
326 285 1
326 286 -1
327 286 1
328 287 -1
329 287 1
329 288 -1
330 288 1
330 289 -1
331 289 1
331 290 -1
332 290 1
332 291 -1
333 291 1
333 292 -1
334 292 1
334 293 -1
335 293 1
336 294 -1
337 294 1
337 295 -1
338 295 1
338 296 -1
339 296 1
339 297 -1
340 297 1
340 298 -1
341 298 1
341 299 -1
342 299 1
342 300 -1
343 300 1
344 301 -1
345 301 1
345 302 -1
346 302 1
346 303 -1
347 303 1
347 304 -1
348 304 1
348 305 -1
349 305 1
349 306 -1
350 306 1
350 307 -1
351 307 1
352 308 -1
353 308 1
353 309 -1
354 309 1
354 310 -1
355 310 1
355 311 -1
356 311 1
356 312 -1
357 312 1
357 313 -1
358 313 1
358 314 -1
359 314 1
360 315 -1
361 315 1
361 316 -1
362 316 1
362 317 -1
363 317 1
363 318 -1
364 318 1
364 319 -1
365 319 1
365 320 -1
366 320 1
366 321 -1
367 321 1
368 322 -1
369 322 1
369 323 -1
370 323 1
370 324 -1
371 324 1
371 325 -1
372 325 1
372 326 -1
373 326 1
373 327 -1
374 327 1
374 328 -1
375 328 1
376 329 -1
377 329 1
377 330 -1
378 330 1
378 331 -1
379 331 1
379 332 -1
380 332 1
380 333 -1
381 333 1
381 334 -1
382 334 1
382 335 -1
383 335 1
384 336 -1
385 336 1
385 337 -1
386 337 1
386 338 -1
387 338 1
387 339 -1
388 339 1
388 340 -1
389 340 1
389 341 -1
390 341 1
390 342 -1
391 342 1
392 0 -1
393 1 -1
394 2 -1
395 3 -1
396 4 -1
397 5 -1
398 6 -1
399 0 1
399 7 -1
400 1 1
400 8 -1
401 2 1
401 9 -1
402 3 1
402 10 -1
403 4 1
403 11 -1
404 5 1
404 12 -1
405 6 1
405 13 -1
406 7 1
406 14 -1
407 8 1
407 15 -1
408 9 1
408 16 -1
409 10 1
409 17 -1
410 11 1
410 18 -1
411 12 1
411 19 -1
412 13 1
412 20 -1
413 14 1
413 21 -1
414 15 1
414 22 -1
415 16 1
415 23 -1
416 17 1
416 24 -1
417 18 1
417 25 -1
418 19 1
418 26 -1
419 20 1
419 27 -1
420 21 1
420 28 -1
421 22 1
421 29 -1
422 23 1
422 30 -1
423 24 1
423 31 -1
424 25 1
424 32 -1
425 26 1
425 33 -1
426 27 1
426 34 -1
427 28 1
427 35 -1
428 29 1
428 36 -1
429 30 1
429 37 -1
430 31 1
430 38 -1
431 32 1
431 39 -1
432 33 1
432 40 -1
433 34 1
433 41 -1
434 35 1
434 42 -1
435 36 1
435 43 -1
436 37 1
436 44 -1
437 38 1
437 45 -1
438 39 1
438 46 -1
439 40 1
439 47 -1
440 41 1
440 48 -1
441 42 1
442 43 1
443 44 1
444 45 1
445 46 1
446 47 1
447 48 1
448 49 -1
449 50 -1
450 51 -1
451 52 -1
452 53 -1
453 54 -1
454 55 -1
455 49 1
455 56 -1
456 50 1
456 57 -1
457 51 1
457 58 -1
458 52 1
458 59 -1
459 53 1
459 60 -1
460 54 1
460 61 -1
461 55 1
461 62 -1
462 56 1
462 63 -1
463 57 1
463 64 -1
464 58 1
464 65 -1
465 59 1
465 66 -1
466 60 1
466 67 -1
467 61 1
467 68 -1
468 62 1
468 69 -1
469 63 1
469 70 -1
470 64 1
470 71 -1
471 65 1
471 72 -1
472 66 1
472 73 -1
473 67 1
473 74 -1
474 68 1
474 75 -1
475 69 1
475 76 -1
476 70 1
476 77 -1
477 71 1
477 78 -1
478 72 1
478 79 -1
479 73 1
479 80 -1
480 74 1
480 81 -1
481 75 1
481 82 -1
482 76 1
482 83 -1
483 77 1
483 84 -1
484 78 1
484 85 -1
485 79 1
485 86 -1
486 80 1
486 87 -1
487 81 1
487 88 -1
488 82 1
488 89 -1
489 83 1
489 90 -1
490 84 1
490 91 -1
491 85 1
491 92 -1
492 86 1
492 93 -1
493 87 1
493 94 -1
494 88 1
494 95 -1
495 89 1
495 96 -1
496 90 1
496 97 -1
497 91 1
498 92 1
499 93 1
500 94 1
501 95 1
502 96 1
503 97 1
504 98 -1
505 99 -1
506 100 -1
507 101 -1
508 102 -1
509 103 -1
510 104 -1
511 98 1
511 105 -1
512 99 1
512 106 -1
513 100 1
513 107 -1
514 101 1
514 108 -1
515 102 1
515 109 -1
516 103 1
516 110 -1
517 104 1
517 111 -1
518 105 1
518 112 -1
519 106 1
519 113 -1
520 107 1
520 114 -1
521 108 1
521 115 -1
522 109 1
522 116 -1
523 110 1
523 117 -1
524 111 1
524 118 -1
525 112 1
525 119 -1
526 113 1
526 120 -1
527 114 1
527 121 -1
528 115 1
528 122 -1
529 116 1
529 123 -1
530 117 1
530 124 -1
531 118 1
531 125 -1
532 119 1
532 126 -1
533 120 1
533 127 -1
534 121 1
534 128 -1
535 122 1
535 129 -1
536 123 1
536 130 -1
537 124 1
537 131 -1
538 125 1
538 132 -1
539 126 1
539 133 -1
540 127 1
540 134 -1
541 128 1
541 135 -1
542 129 1
542 136 -1
543 130 1
543 137 -1
544 131 1
544 138 -1
545 132 1
545 139 -1
546 133 1
546 140 -1
547 134 1
547 141 -1
548 135 1
548 142 -1
549 136 1
549 143 -1
550 137 1
550 144 -1
551 138 1
551 145 -1
552 139 1
552 146 -1
553 140 1
554 141 1
555 142 1
556 143 1
557 144 1
558 145 1
559 146 1
560 147 -1
561 148 -1
562 149 -1
563 150 -1
564 151 -1
565 152 -1
566 153 -1
567 147 1
567 154 -1
568 148 1
568 155 -1
569 149 1
569 156 -1
570 150 1
570 157 -1
571 151 1
571 158 -1
572 152 1
572 159 -1
573 153 1
573 160 -1
574 154 1
574 161 -1
575 155 1
575 162 -1
576 156 1
576 163 -1
577 157 1
577 164 -1
578 158 1
578 165 -1
579 159 1
579 166 -1
580 160 1
580 167 -1
581 161 1
581 168 -1
582 162 1
582 169 -1
583 163 1
583 170 -1
584 164 1
584 171 -1
585 165 1
585 172 -1
586 166 1
586 173 -1
587 167 1
587 174 -1
588 168 1
588 175 -1
589 169 1
589 176 -1
590 170 1
590 177 -1
591 171 1
591 178 -1
592 172 1
592 179 -1
593 173 1
593 180 -1
594 174 1
594 181 -1
595 175 1
595 182 -1
596 176 1
596 183 -1
597 177 1
597 184 -1
598 178 1
598 185 -1
599 179 1
599 186 -1
600 180 1
600 187 -1
601 181 1
601 188 -1
602 182 1
602 189 -1
603 183 1
603 190 -1
604 184 1
604 191 -1
605 185 1
605 192 -1
606 186 1
606 193 -1
607 187 1
607 194 -1
608 188 1
608 195 -1
609 189 1
610 190 1
611 191 1
612 192 1
613 193 1
614 194 1
615 195 1
616 196 -1
617 197 -1
618 198 -1
619 199 -1
620 200 -1
621 201 -1
622 202 -1
623 196 1
623 203 -1
624 197 1
624 204 -1
625 198 1
625 205 -1
626 199 1
626 206 -1
627 200 1
627 207 -1
628 201 1
628 208 -1
629 202 1
629 209 -1
630 203 1
630 210 -1
631 204 1
631 211 -1
632 205 1
632 212 -1
633 206 1
633 213 -1
634 207 1
634 214 -1
635 208 1
635 215 -1
636 209 1
636 216 -1
637 210 1
637 217 -1
638 211 1
638 218 -1
639 212 1
639 219 -1
640 213 1
640 220 -1
641 214 1
641 221 -1
642 215 1
642 222 -1
643 216 1
643 223 -1
644 217 1
644 224 -1
645 218 1
645 225 -1
646 219 1
646 226 -1
647 220 1
647 227 -1
648 221 1
648 228 -1
649 222 1
649 229 -1
650 223 1
650 230 -1
651 224 1
651 231 -1
652 225 1
652 232 -1
653 226 1
653 233 -1
654 227 1
654 234 -1
655 228 1
655 235 -1
656 229 1
656 236 -1
657 230 1
657 237 -1
658 231 1
658 238 -1
659 232 1
659 239 -1
660 233 1
660 240 -1
661 234 1
661 241 -1
662 235 1
662 242 -1
663 236 1
663 243 -1
664 237 1
664 244 -1
665 238 1
666 239 1
667 240 1
668 241 1
669 242 1
670 243 1
671 244 1
672 245 -1
673 246 -1
674 247 -1
675 248 -1
676 249 -1
677 250 -1
678 251 -1
679 245 1
679 252 -1
680 246 1
680 253 -1
681 247 1
681 254 -1
682 248 1
682 255 -1
683 249 1
683 256 -1
684 250 1
684 257 -1
685 251 1
685 258 -1
686 252 1
686 259 -1
687 253 1
687 260 -1
688 254 1
688 261 -1
689 255 1
689 262 -1
690 256 1
690 263 -1
691 257 1
691 264 -1
692 258 1
692 265 -1
693 259 1
693 266 -1
694 260 1
694 267 -1
695 261 1
695 268 -1
696 262 1
696 269 -1
697 263 1
697 270 -1
698 264 1
698 271 -1
699 265 1
699 272 -1
700 266 1
700 273 -1
701 267 1
701 274 -1
702 268 1
702 275 -1
703 269 1
703 276 -1
704 270 1
704 277 -1
705 271 1
705 278 -1
706 272 1
706 279 -1
707 273 1
707 280 -1
708 274 1
708 281 -1
709 275 1
709 282 -1
710 276 1
710 283 -1
711 277 1
711 284 -1
712 278 1
712 285 -1
713 279 1
713 286 -1
714 280 1
714 287 -1
715 281 1
715 288 -1
716 282 1
716 289 -1
717 283 1
717 290 -1
718 284 1
718 291 -1
719 285 1
719 292 -1
720 286 1
720 293 -1
721 287 1
722 288 1
723 289 1
724 290 1
725 291 1
726 292 1
727 293 1
728 294 -1
729 295 -1
730 296 -1
731 297 -1
732 298 -1
733 299 -1
734 300 -1
735 294 1
735 301 -1
736 295 1
736 302 -1
737 296 1
737 303 -1
738 297 1
738 304 -1
739 298 1
739 305 -1
740 299 1
740 306 -1
741 300 1
741 307 -1
742 301 1
742 308 -1
743 302 1
743 309 -1
744 303 1
744 310 -1
745 304 1
745 311 -1
746 305 1
746 312 -1
747 306 1
747 313 -1
748 307 1
748 314 -1
749 308 1
749 315 -1
750 309 1
750 316 -1
751 310 1
751 317 -1
752 311 1
752 318 -1
753 312 1
753 319 -1
754 313 1
754 320 -1
755 314 1
755 321 -1
756 315 1
756 322 -1
757 316 1
757 323 -1
758 317 1
758 324 -1
759 318 1
759 325 -1
760 319 1
760 326 -1
761 320 1
761 327 -1
762 321 1
762 328 -1
763 322 1
763 329 -1
764 323 1
764 330 -1
765 324 1
765 331 -1
766 325 1
766 332 -1
767 326 1
767 333 -1
768 327 1
768 334 -1
769 328 1
769 335 -1
770 329 1
770 336 -1
771 330 1
771 337 -1
772 331 1
772 338 -1
773 332 1
773 339 -1
774 333 1
774 340 -1
775 334 1
775 341 -1
776 335 1
776 342 -1
777 336 1
778 337 1
779 338 1
780 339 1
781 340 1
782 341 1
783 342 1
784 0 -1
785 1 -1
786 2 -1
787 3 -1
788 4 -1
789 5 -1
790 6 -1
791 7 -1
792 8 -1
793 9 -1
794 10 -1
795 11 -1
796 12 -1
797 13 -1
798 14 -1
799 15 -1
800 16 -1
801 17 -1
802 18 -1
803 19 -1
804 20 -1
805 21 -1
806 22 -1
807 23 -1
808 24 -1
809 25 -1
810 26 -1
811 27 -1
812 28 -1
813 29 -1
814 30 -1
815 31 -1
816 32 -1
817 33 -1
818 34 -1
819 35 -1
820 36 -1
821 37 -1
822 38 -1
823 39 -1
824 40 -1
825 41 -1
826 42 -1
827 43 -1
828 44 -1
829 45 -1
830 46 -1
831 47 -1
832 48 -1
833 0 1
833 49 -1
834 1 1
834 50 -1
835 2 1
835 51 -1
836 3 1
836 52 -1
837 4 1
837 53 -1
838 5 1
838 54 -1
839 6 1
839 55 -1
840 7 1
840 56 -1
841 8 1
841 57 -1
842 9 1
842 58 -1
843 10 1
843 59 -1
844 11 1
844 60 -1
845 12 1
845 61 -1
846 13 1
846 62 -1
847 14 1
847 63 -1
848 15 1
848 64 -1
849 16 1
849 65 -1
850 17 1
850 66 -1
851 18 1
851 67 -1
852 19 1
852 68 -1
853 20 1
853 69 -1
854 21 1
854 70 -1
855 22 1
855 71 -1
856 23 1
856 72 -1
857 24 1
857 73 -1
858 25 1
858 74 -1
859 26 1
859 75 -1
860 27 1
860 76 -1
861 28 1
861 77 -1
862 29 1
862 78 -1
863 30 1
863 79 -1
864 31 1
864 80 -1
865 32 1
865 81 -1
866 33 1
866 82 -1
867 34 1
867 83 -1
868 35 1
868 84 -1
869 36 1
869 85 -1
870 37 1
870 86 -1
871 38 1
871 87 -1
872 39 1
872 88 -1
873 40 1
873 89 -1
874 41 1
874 90 -1
875 42 1
875 91 -1
876 43 1
876 92 -1
877 44 1
877 93 -1
878 45 1
878 94 -1
879 46 1
879 95 -1
880 47 1
880 96 -1
881 48 1
881 97 -1
882 49 1
882 98 -1
883 50 1
883 99 -1
884 51 1
884 100 -1
885 52 1
885 101 -1
886 53 1
886 102 -1
887 54 1
887 103 -1
888 55 1
888 104 -1
889 56 1
889 105 -1
890 57 1
890 106 -1
891 58 1
891 107 -1
892 59 1
892 108 -1
893 60 1
893 109 -1
894 61 1
894 110 -1
895 62 1
895 111 -1
896 63 1
896 112 -1
897 64 1
897 113 -1
898 65 1
898 114 -1
899 66 1
899 115 -1
900 67 1
900 116 -1
901 68 1
901 117 -1
902 69 1
902 118 -1
903 70 1
903 119 -1
904 71 1
904 120 -1
905 72 1
905 121 -1
906 73 1
906 122 -1
907 74 1
907 123 -1
908 75 1
908 124 -1
909 76 1
909 125 -1
910 77 1
910 126 -1
911 78 1
911 127 -1
912 79 1
912 128 -1
913 80 1
913 129 -1
914 81 1
914 130 -1
915 82 1
915 131 -1
916 83 1
916 132 -1
917 84 1
917 133 -1
918 85 1
918 134 -1
919 86 1
919 135 -1
920 87 1
920 136 -1
921 88 1
921 137 -1
922 89 1
922 138 -1
923 90 1
923 139 -1
924 91 1
924 140 -1
925 92 1
925 141 -1
926 93 1
926 142 -1
927 94 1
927 143 -1
928 95 1
928 144 -1
929 96 1
929 145 -1
930 97 1
930 146 -1
931 98 1
931 147 -1
932 99 1
932 148 -1
933 100 1
933 149 -1
934 101 1
934 150 -1
935 102 1
935 151 -1
936 103 1
936 152 -1
937 104 1
937 153 -1
938 105 1
938 154 -1
939 106 1
939 155 -1
940 107 1
940 156 -1
941 108 1
941 157 -1
942 109 1
942 158 -1
943 110 1
943 159 -1
944 111 1
944 160 -1
945 112 1
945 161 -1
946 113 1
946 162 -1
947 114 1
947 163 -1
948 115 1
948 164 -1
949 116 1
949 165 -1
950 117 1
950 166 -1
951 118 1
951 167 -1
952 119 1
952 168 -1
953 120 1
953 169 -1
954 121 1
954 170 -1
955 122 1
955 171 -1
956 123 1
956 172 -1
957 124 1
957 173 -1
958 125 1
958 174 -1
959 126 1
959 175 -1
960 127 1
960 176 -1
961 128 1
961 177 -1
962 129 1
962 178 -1
963 130 1
963 179 -1
964 131 1
964 180 -1
965 132 1
965 181 -1
966 133 1
966 182 -1
967 134 1
967 183 -1
968 135 1
968 184 -1
969 136 1
969 185 -1
970 137 1
970 186 -1
971 138 1
971 187 -1
972 139 1
972 188 -1
973 140 1
973 189 -1
974 141 1
974 190 -1
975 142 1
975 191 -1
976 143 1
976 192 -1
977 144 1
977 193 -1
978 145 1
978 194 -1
979 146 1
979 195 -1
980 147 1
980 196 -1
981 148 1
981 197 -1
982 149 1
982 198 -1
983 150 1
983 199 -1
984 151 1
984 200 -1
985 152 1
985 201 -1
986 153 1
986 202 -1
987 154 1
987 203 -1
988 155 1
988 204 -1
989 156 1
989 205 -1
990 157 1
990 206 -1
991 158 1
991 207 -1
992 159 1
992 208 -1
993 160 1
993 209 -1
994 161 1
994 210 -1
995 162 1
995 211 -1
996 163 1
996 212 -1
997 164 1
997 213 -1
998 165 1
998 214 -1
999 166 1
999 215 -1
1000 167 1
1000 216 -1
1001 168 1
1001 217 -1
1002 169 1
1002 218 -1
1003 170 1
1003 219 -1
1004 171 1
1004 220 -1
1005 172 1
1005 221 -1
1006 173 1
1006 222 -1
1007 174 1
1007 223 -1
1008 175 1
1008 224 -1
1009 176 1
1009 225 -1
1010 177 1
1010 226 -1
1011 178 1
1011 227 -1
1012 179 1
1012 228 -1
1013 180 1
1013 229 -1
1014 181 1
1014 230 -1
1015 182 1
1015 231 -1
1016 183 1
1016 232 -1
1017 184 1
1017 233 -1
1018 185 1
1018 234 -1
1019 186 1
1019 235 -1
1020 187 1
1020 236 -1
1021 188 1
1021 237 -1
1022 189 1
1022 238 -1
1023 190 1
1023 239 -1
1024 191 1
1024 240 -1
1025 192 1
1025 241 -1
1026 193 1
1026 242 -1
1027 194 1
1027 243 -1
1028 195 1
1028 244 -1
1029 196 1
1029 245 -1
1030 197 1
1030 246 -1
1031 198 1
1031 247 -1
1032 199 1
1032 248 -1
1033 200 1
1033 249 -1
1034 201 1
1034 250 -1
1035 202 1
1035 251 -1
1036 203 1
1036 252 -1
1037 204 1
1037 253 -1
1038 205 1
1038 254 -1
1039 206 1
1039 255 -1
1040 207 1
1040 256 -1
1041 208 1
1041 257 -1
1042 209 1
1042 258 -1
1043 210 1
1043 259 -1
1044 211 1
1044 260 -1
1045 212 1
1045 261 -1
1046 213 1
1046 262 -1
1047 214 1
1047 263 -1
1048 215 1
1048 264 -1
1049 216 1
1049 265 -1
1050 217 1
1050 266 -1
1051 218 1
1051 267 -1
1052 219 1
1052 268 -1
1053 220 1
1053 269 -1
1054 221 1
1054 270 -1
1055 222 1
1055 271 -1
1056 223 1
1056 272 -1
1057 224 1
1057 273 -1
1058 225 1
1058 274 -1
1059 226 1
1059 275 -1
1060 227 1
1060 276 -1
1061 228 1
1061 277 -1
1062 229 1
1062 278 -1
1063 230 1
1063 279 -1
1064 231 1
1064 280 -1
1065 232 1
1065 281 -1
1066 233 1
1066 282 -1
1067 234 1
1067 283 -1
1068 235 1
1068 284 -1
1069 236 1
1069 285 -1
1070 237 1
1070 286 -1
1071 238 1
1071 287 -1
1072 239 1
1072 288 -1
1073 240 1
1073 289 -1
1074 241 1
1074 290 -1
1075 242 1
1075 291 -1
1076 243 1
1076 292 -1
1077 244 1
1077 293 -1
1078 245 1
1078 294 -1
1079 246 1
1079 295 -1
1080 247 1
1080 296 -1
1081 248 1
1081 297 -1
1082 249 1
1082 298 -1
1083 250 1
1083 299 -1
1084 251 1
1084 300 -1
1085 252 1
1085 301 -1
1086 253 1
1086 302 -1
1087 254 1
1087 303 -1
1088 255 1
1088 304 -1
1089 256 1
1089 305 -1
1090 257 1
1090 306 -1
1091 258 1
1091 307 -1
1092 259 1
1092 308 -1
1093 260 1
1093 309 -1
1094 261 1
1094 310 -1
1095 262 1
1095 311 -1
1096 263 1
1096 312 -1
1097 264 1
1097 313 -1
1098 265 1
1098 314 -1
1099 266 1
1099 315 -1
1100 267 1
1100 316 -1
1101 268 1
1101 317 -1
1102 269 1
1102 318 -1
1103 270 1
1103 319 -1
1104 271 1
1104 320 -1
1105 272 1
1105 321 -1
1106 273 1
1106 322 -1
1107 274 1
1107 323 -1
1108 275 1
1108 324 -1
1109 276 1
1109 325 -1
1110 277 1
1110 326 -1
1111 278 1
1111 327 -1
1112 279 1
1112 328 -1
1113 280 1
1113 329 -1
1114 281 1
1114 330 -1
1115 282 1
1115 331 -1
1116 283 1
1116 332 -1
1117 284 1
1117 333 -1
1118 285 1
1118 334 -1
1119 286 1
1119 335 -1
1120 287 1
1120 336 -1
1121 288 1
1121 337 -1
1122 289 1
1122 338 -1
1123 290 1
1123 339 -1
1124 291 1
1124 340 -1
1125 292 1
1125 341 -1
1126 293 1
1126 342 -1
1127 294 1
1128 295 1
1129 296 1
1130 297 1
1131 298 1
1132 299 1
1133 300 1
1134 301 1
1135 302 1
1136 303 1
1137 304 1
1138 305 1
1139 306 1
1140 307 1
1141 308 1
1142 309 1
1143 310 1
1144 311 1
1145 312 1
1146 313 1
1147 314 1
1148 315 1
1149 316 1
1150 317 1
1151 318 1
1152 319 1
1153 320 1
1154 321 1
1155 322 1
1156 323 1
1157 324 1
1158 325 1
1159 326 1
1160 327 1
1161 328 1
1162 329 1
1163 330 1
1164 331 1
1165 332 1
1166 333 1
1167 334 1
1168 335 1
1169 336 1
1170 337 1
1171 338 1
1172 339 1
1173 340 1
1174 341 1
1175 342 1
