0.071428571429 0.071428571429 0.071428571429
0.214285714286 0.071428571429 0.071428571429
0.357142857143 0.071428571429 0.071428571429
0.500000000000 0.071428571429 0.071428571429
0.642857142857 0.071428571429 0.071428571429
0.785714285714 0.071428571429 0.071428571429
0.928571428571 0.071428571429 0.071428571429
0.071428571429 0.214285714286 0.071428571429
0.214285714286 0.214285714286 0.071428571429
0.357142857143 0.214285714286 0.071428571429
0.500000000000 0.214285714286 0.071428571429
0.642857142857 0.214285714286 0.071428571429
0.785714285714 0.214285714286 0.071428571429
0.928571428571 0.214285714286 0.071428571429
0.071428571429 0.357142857143 0.071428571429
0.214285714286 0.357142857143 0.071428571429
0.357142857143 0.357142857143 0.071428571429
0.500000000000 0.357142857143 0.071428571429
0.642857142857 0.357142857143 0.071428571429
0.785714285714 0.357142857143 0.071428571429
0.928571428571 0.357142857143 0.071428571429
0.071428571429 0.500000000000 0.071428571429
0.214285714286 0.500000000000 0.071428571429
0.357142857143 0.500000000000 0.071428571429
0.500000000000 0.500000000000 0.071428571429
0.642857142857 0.500000000000 0.071428571429
0.785714285714 0.500000000000 0.071428571429
0.928571428571 0.500000000000 0.071428571429
0.071428571429 0.642857142857 0.071428571429
0.214285714286 0.642857142857 0.071428571429
0.357142857143 0.642857142857 0.071428571429
0.500000000000 0.642857142857 0.071428571429
0.642857142857 0.642857142857 0.071428571429
0.785714285714 0.642857142857 0.071428571429
0.928571428571 0.642857142857 0.071428571429
0.071428571429 0.785714285714 0.071428571429
0.214285714286 0.785714285714 0.071428571429
0.357142857143 0.785714285714 0.071428571429
0.500000000000 0.785714285714 0.071428571429
0.642857142857 0.785714285714 0.071428571429
0.785714285714 0.785714285714 0.071428571429
0.928571428571 0.785714285714 0.071428571429
0.071428571429 0.928571428571 0.071428571429
0.214285714286 0.928571428571 0.071428571429
0.357142857143 0.928571428571 0.071428571429
0.500000000000 0.928571428571 0.071428571429
0.642857142857 0.928571428571 0.071428571429
0.785714285714 0.928571428571 0.071428571429
0.928571428571 0.928571428571 0.071428571429
0.071428571429 0.071428571429 0.214285714286
0.214285714286 0.071428571429 0.214285714286
0.357142857143 0.071428571429 0.214285714286
0.500000000000 0.071428571429 0.214285714286
0.642857142857 0.071428571429 0.214285714286
0.785714285714 0.071428571429 0.214285714286
0.928571428571 0.071428571429 0.214285714286
0.071428571429 0.214285714286 0.214285714286
0.214285714286 0.214285714286 0.214285714286
0.357142857143 0.214285714286 0.214285714286
0.500000000000 0.214285714286 0.214285714286
0.642857142857 0.214285714286 0.214285714286
0.785714285714 0.214285714286 0.214285714286
0.928571428571 0.214285714286 0.214285714286
0.071428571429 0.357142857143 0.214285714286
0.214285714286 0.357142857143 0.214285714286
0.357142857143 0.357142857143 0.214285714286
0.500000000000 0.357142857143 0.214285714286
0.642857142857 0.357142857143 0.214285714286
0.785714285714 0.357142857143 0.214285714286
0.928571428571 0.357142857143 0.214285714286
0.071428571429 0.500000000000 0.214285714286
0.214285714286 0.500000000000 0.214285714286
0.357142857143 0.500000000000 0.214285714286
0.500000000000 0.500000000000 0.214285714286
0.642857142857 0.500000000000 0.214285714286
0.785714285714 0.500000000000 0.214285714286
0.928571428571 0.500000000000 0.214285714286
0.071428571429 0.642857142857 0.214285714286
0.214285714286 0.642857142857 0.214285714286
0.357142857143 0.642857142857 0.214285714286
0.500000000000 0.642857142857 0.214285714286
0.642857142857 0.642857142857 0.214285714286
0.785714285714 0.642857142857 0.214285714286
0.928571428571 0.642857142857 0.214285714286
0.071428571429 0.785714285714 0.214285714286
0.214285714286 0.785714285714 0.214285714286
0.357142857143 0.785714285714 0.214285714286
0.500000000000 0.785714285714 0.214285714286
0.642857142857 0.785714285714 0.214285714286
0.785714285714 0.785714285714 0.214285714286
0.928571428571 0.785714285714 0.214285714286
0.071428571429 0.928571428571 0.214285714286
0.214285714286 0.928571428571 0.214285714286
0.357142857143 0.928571428571 0.214285714286
0.500000000000 0.928571428571 0.214285714286
0.642857142857 0.928571428571 0.214285714286
0.785714285714 0.928571428571 0.214285714286
0.928571428571 0.928571428571 0.214285714286
0.071428571429 0.071428571429 0.357142857143
0.214285714286 0.071428571429 0.357142857143
0.357142857143 0.071428571429 0.357142857143
0.500000000000 0.071428571429 0.357142857143
0.642857142857 0.071428571429 0.357142857143
0.785714285714 0.071428571429 0.357142857143
0.928571428571 0.071428571429 0.357142857143
0.071428571429 0.214285714286 0.357142857143
0.214285714286 0.214285714286 0.357142857143
0.357142857143 0.214285714286 0.357142857143
0.500000000000 0.214285714286 0.357142857143
0.642857142857 0.214285714286 0.357142857143
0.785714285714 0.214285714286 0.357142857143
0.928571428571 0.214285714286 0.357142857143
0.071428571429 0.357142857143 0.357142857143
0.214285714286 0.357142857143 0.357142857143
0.357142857143 0.357142857143 0.357142857143
0.500000000000 0.357142857143 0.357142857143
0.642857142857 0.357142857143 0.357142857143
0.785714285714 0.357142857143 0.357142857143
0.928571428571 0.357142857143 0.357142857143
0.071428571429 0.500000000000 0.357142857143
0.214285714286 0.500000000000 0.357142857143
0.357142857143 0.500000000000 0.357142857143
0.500000000000 0.500000000000 0.357142857143
0.642857142857 0.500000000000 0.357142857143
0.785714285714 0.500000000000 0.357142857143
0.928571428571 0.500000000000 0.357142857143
0.071428571429 0.642857142857 0.357142857143
0.214285714286 0.642857142857 0.357142857143
0.357142857143 0.642857142857 0.357142857143
0.500000000000 0.642857142857 0.357142857143
0.642857142857 0.642857142857 0.357142857143
0.785714285714 0.642857142857 0.357142857143
0.928571428571 0.642857142857 0.357142857143
0.071428571429 0.785714285714 0.357142857143
0.214285714286 0.785714285714 0.357142857143
0.357142857143 0.785714285714 0.357142857143
0.500000000000 0.785714285714 0.357142857143
0.642857142857 0.785714285714 0.357142857143
0.785714285714 0.785714285714 0.357142857143
0.928571428571 0.785714285714 0.357142857143
0.071428571429 0.928571428571 0.357142857143
0.214285714286 0.928571428571 0.357142857143
0.357142857143 0.928571428571 0.357142857143
0.500000000000 0.928571428571 0.357142857143
0.642857142857 0.928571428571 0.357142857143
0.785714285714 0.928571428571 0.357142857143
0.928571428571 0.928571428571 0.357142857143
0.071428571429 0.071428571429 0.500000000000
0.214285714286 0.071428571429 0.500000000000
0.357142857143 0.071428571429 0.500000000000
0.500000000000 0.071428571429 0.500000000000
0.642857142857 0.071428571429 0.500000000000
0.785714285714 0.071428571429 0.500000000000
0.928571428571 0.071428571429 0.500000000000
0.071428571429 0.214285714286 0.500000000000
0.214285714286 0.214285714286 0.500000000000
0.357142857143 0.214285714286 0.500000000000
0.500000000000 0.214285714286 0.500000000000
0.642857142857 0.214285714286 0.500000000000
0.785714285714 0.214285714286 0.500000000000
0.928571428571 0.214285714286 0.500000000000
0.071428571429 0.357142857143 0.500000000000
0.214285714286 0.357142857143 0.500000000000
0.357142857143 0.357142857143 0.500000000000
0.500000000000 0.357142857143 0.500000000000
0.642857142857 0.357142857143 0.500000000000
0.785714285714 0.357142857143 0.500000000000
0.928571428571 0.357142857143 0.500000000000
0.071428571429 0.500000000000 0.500000000000
0.214285714286 0.500000000000 0.500000000000
0.357142857143 0.500000000000 0.500000000000
0.500000000000 0.500000000000 0.500000000000
0.642857142857 0.500000000000 0.500000000000
0.785714285714 0.500000000000 0.500000000000
0.928571428571 0.500000000000 0.500000000000
0.071428571429 0.642857142857 0.500000000000
0.214285714286 0.642857142857 0.500000000000
0.357142857143 0.642857142857 0.500000000000
0.500000000000 0.642857142857 0.500000000000
0.642857142857 0.642857142857 0.500000000000
0.785714285714 0.642857142857 0.500000000000
0.928571428571 0.642857142857 0.500000000000
0.071428571429 0.785714285714 0.500000000000
0.214285714286 0.785714285714 0.500000000000
0.357142857143 0.785714285714 0.500000000000
0.500000000000 0.785714285714 0.500000000000
0.642857142857 0.785714285714 0.500000000000
0.785714285714 0.785714285714 0.500000000000
0.928571428571 0.785714285714 0.500000000000
0.071428571429 0.928571428571 0.500000000000
0.214285714286 0.928571428571 0.500000000000
0.357142857143 0.928571428571 0.500000000000
0.500000000000 0.928571428571 0.500000000000
0.642857142857 0.928571428571 0.500000000000
0.785714285714 0.928571428571 0.500000000000
0.928571428571 0.928571428571 0.500000000000
0.071428571429 0.071428571429 0.642857142857
0.214285714286 0.071428571429 0.642857142857
0.357142857143 0.071428571429 0.642857142857
0.500000000000 0.071428571429 0.642857142857
0.642857142857 0.071428571429 0.642857142857
0.785714285714 0.071428571429 0.642857142857
0.928571428571 0.071428571429 0.642857142857
0.071428571429 0.214285714286 0.642857142857
0.214285714286 0.214285714286 0.642857142857
0.357142857143 0.214285714286 0.642857142857
0.500000000000 0.214285714286 0.642857142857
0.642857142857 0.214285714286 0.642857142857
0.785714285714 0.214285714286 0.642857142857
0.928571428571 0.214285714286 0.642857142857
0.071428571429 0.357142857143 0.642857142857
0.214285714286 0.357142857143 0.642857142857
0.357142857143 0.357142857143 0.642857142857
0.500000000000 0.357142857143 0.642857142857
0.642857142857 0.357142857143 0.642857142857
0.785714285714 0.357142857143 0.642857142857
0.928571428571 0.357142857143 0.642857142857
0.071428571429 0.500000000000 0.642857142857
0.214285714286 0.500000000000 0.642857142857
0.357142857143 0.500000000000 0.642857142857
0.500000000000 0.500000000000 0.642857142857
0.642857142857 0.500000000000 0.642857142857
0.785714285714 0.500000000000 0.642857142857
0.928571428571 0.500000000000 0.642857142857
0.071428571429 0.642857142857 0.642857142857
0.214285714286 0.642857142857 0.642857142857
0.357142857143 0.642857142857 0.642857142857
0.500000000000 0.642857142857 0.642857142857
0.642857142857 0.642857142857 0.642857142857
0.785714285714 0.642857142857 0.642857142857
0.928571428571 0.642857142857 0.642857142857
0.071428571429 0.785714285714 0.642857142857
0.214285714286 0.785714285714 0.642857142857
0.357142857143 0.785714285714 0.642857142857
0.500000000000 0.785714285714 0.642857142857
0.642857142857 0.785714285714 0.642857142857
0.785714285714 0.785714285714 0.642857142857
0.928571428571 0.785714285714 0.642857142857
0.071428571429 0.928571428571 0.642857142857
0.214285714286 0.928571428571 0.642857142857
0.357142857143 0.928571428571 0.642857142857
0.500000000000 0.928571428571 0.642857142857
0.642857142857 0.928571428571 0.642857142857
0.785714285714 0.928571428571 0.642857142857
0.928571428571 0.928571428571 0.642857142857
0.071428571429 0.071428571429 0.785714285714
0.214285714286 0.071428571429 0.785714285714
0.357142857143 0.071428571429 0.785714285714
0.500000000000 0.071428571429 0.785714285714
0.642857142857 0.071428571429 0.785714285714
0.785714285714 0.071428571429 0.785714285714
0.928571428571 0.071428571429 0.785714285714
0.071428571429 0.214285714286 0.785714285714
0.214285714286 0.214285714286 0.785714285714
0.357142857143 0.214285714286 0.785714285714
0.500000000000 0.214285714286 0.785714285714
0.642857142857 0.214285714286 0.785714285714
0.785714285714 0.214285714286 0.785714285714
0.928571428571 0.214285714286 0.785714285714
0.071428571429 0.357142857143 0.785714285714
0.214285714286 0.357142857143 0.785714285714
0.357142857143 0.357142857143 0.785714285714
0.500000000000 0.357142857143 0.785714285714
0.642857142857 0.357142857143 0.785714285714
0.785714285714 0.357142857143 0.785714285714
0.928571428571 0.357142857143 0.785714285714
0.071428571429 0.500000000000 0.785714285714
0.214285714286 0.500000000000 0.785714285714
0.357142857143 0.500000000000 0.785714285714
0.500000000000 0.500000000000 0.785714285714
0.642857142857 0.500000000000 0.785714285714
0.785714285714 0.500000000000 0.785714285714
0.928571428571 0.500000000000 0.785714285714
0.071428571429 0.642857142857 0.785714285714
0.214285714286 0.642857142857 0.785714285714
0.357142857143 0.642857142857 0.785714285714
0.500000000000 0.642857142857 0.785714285714
0.642857142857 0.642857142857 0.785714285714
0.785714285714 0.642857142857 0.785714285714
0.928571428571 0.642857142857 0.785714285714
0.071428571429 0.785714285714 0.785714285714
0.214285714286 0.785714285714 0.785714285714
0.357142857143 0.785714285714 0.785714285714
0.500000000000 0.785714285714 0.785714285714
0.642857142857 0.785714285714 0.785714285714
0.785714285714 0.785714285714 0.785714285714
0.928571428571 0.785714285714 0.785714285714
0.071428571429 0.928571428571 0.785714285714
0.214285714286 0.928571428571 0.785714285714
0.357142857143 0.928571428571 0.785714285714
0.500000000000 0.928571428571 0.785714285714
0.642857142857 0.928571428571 0.785714285714
0.785714285714 0.928571428571 0.785714285714
0.928571428571 0.928571428571 0.785714285714
0.071428571429 0.071428571429 0.928571428571
0.214285714286 0.071428571429 0.928571428571
0.357142857143 0.071428571429 0.928571428571
0.500000000000 0.071428571429 0.928571428571
0.642857142857 0.071428571429 0.928571428571
0.785714285714 0.071428571429 0.928571428571
0.928571428571 0.071428571429 0.928571428571
0.071428571429 0.214285714286 0.928571428571
0.214285714286 0.214285714286 0.928571428571
0.357142857143 0.214285714286 0.928571428571
0.500000000000 0.214285714286 0.928571428571
0.642857142857 0.214285714286 0.928571428571
0.785714285714 0.214285714286 0.928571428571
0.928571428571 0.214285714286 0.928571428571
0.071428571429 0.357142857143 0.928571428571
0.214285714286 0.357142857143 0.928571428571
0.357142857143 0.357142857143 0.928571428571
0.500000000000 0.357142857143 0.928571428571
0.642857142857 0.357142857143 0.928571428571
0.785714285714 0.357142857143 0.928571428571
0.928571428571 0.357142857143 0.928571428571
0.071428571429 0.500000000000 0.928571428571
0.214285714286 0.500000000000 0.928571428571
0.357142857143 0.500000000000 0.928571428571
0.500000000000 0.500000000000 0.928571428571
0.642857142857 0.500000000000 0.928571428571
0.785714285714 0.500000000000 0.928571428571
0.928571428571 0.500000000000 0.928571428571
0.071428571429 0.642857142857 0.928571428571
0.214285714286 0.642857142857 0.928571428571
0.357142857143 0.642857142857 0.928571428571
0.500000000000 0.642857142857 0.928571428571
0.642857142857 0.642857142857 0.928571428571
0.785714285714 0.642857142857 0.928571428571
0.928571428571 0.642857142857 0.928571428571
0.071428571429 0.785714285714 0.928571428571
0.214285714286 0.785714285714 0.928571428571
0.357142857143 0.785714285714 0.928571428571
0.500000000000 0.785714285714 0.928571428571
0.642857142857 0.785714285714 0.928571428571
0.785714285714 0.785714285714 0.928571428571
0.928571428571 0.785714285714 0.928571428571
0.071428571429 0.928571428571 0.928571428571
0.214285714286 0.928571428571 0.928571428571
0.357142857143 0.928571428571 0.928571428571
0.500000000000 0.928571428571 0.928571428571
0.642857142857 0.928571428571 0.928571428571
0.785714285714 0.928571428571 0.928571428571
0.928571428571 0.928571428571 0.928571428571
