43.566
49.300
45.240
51.840
47.101
40.697
44.594
41.768
24.100
50.238
32.264
30.759
45.321
55.302
27.079
22.913
49.747
18.489
49.625
52.514
56.787
49.373
49.434
50.074
33.627
29.105
46.919
50.762
53.770
37.173
15.214
27.797
56.454
27.329
24.894
50.150
40.066
35.324
42.080
35.242
33.158
44.181
29.799
47.948
36.706
37.720
36.415
48.653
53.645
25.589
16.421
44.427
31.149
23.756
29.258
50.948
43.064
47.194
24.790
42.140
46.490
35.160
48.302
36.544
35.773
54.703
52.942
30.617
37.931
42.567
45.784
30.209
43.684
48.933
37.933
32.891
46.855
50.688
43.882
33.105
19.099
49.971
37.445
48.943
33.191
42.023
30.823
42.828
28.964
35.456
26.873
33.320
11.409
37.309
48.685
35.539
26.673
32.074
43.067
33.137
45.849
20.756
50.697
54.454
50.559
54.831
17.854
46.164
50.158
32.417
48.710
41.969
55.953
51.138
31.287
33.168
58.726
37.981
53.421
38.772
30.797
39.222
36.138
52.676
38.610
43.396
43.417
54.658
41.893
34.248
41.438
37.193
45.422
19.176
30.041
55.880
26.283
48.403
46.163
28.698
41.144
44.979
33.713
48.556
22.358
28.968
38.966
47.145
44.168
30.646
53.109
21.496
29.975
32.483
44.183
54.999
41.707
39.565
35.559
61.384
55.341
35.936
34.797
34.402
50.059
28.317
45.801
51.195
48.966
59.950
34.629
49.656
32.807
41.600
15.374
45.422
41.417
9.722
53.818
41.793
48.488
49.432
29.323
48.524
28.050
46.250
48.989
23.049
45.462
24.387
37.584
53.598
44.207
39.747
38.896
33.336
48.020
41.689
51.331
31.814
41.884
27.451
42.393
44.088
9.518
51.423
42.371
50.198
51.107
58.940
22.598
20.363
54.486
50.378
27.988
29.399
39.363
32.909
45.967
23.770
52.543
42.096
22.131
39.674
34.129
52.081
56.537
54.665
22.474
43.742
52.557
43.283
46.330
46.854
33.667
40.171
52.813
53.313
46.029
54.669
57.750
59.204
10.971
57.135
46.253
36.247
50.696
34.014
35.576
26.083
28.152
38.457
25.479
26.141
37.408
31.222
41.127
30.340
50.023
37.343
49.170
53.388
29.250
52.323
41.349
37.185
52.043
37.664
23.452
24.307
55.321
38.817
41.432
60.628
23.594
41.255
14.863
23.303
49.032
46.316
27.691
57.937
44.006
40.348
41.762
40.719
41.118
50.212
18.550
39.935
35.214
50.498
34.031
9.873
48.546
48.983
33.323
12.823
39.061
37.859
30.161
31.898
37.703
42.589
20.243
36.345
60.155
51.696
41.083
54.607
47.640
46.481
16.341
31.404
55.162
46.231
11.367
20.768
45.994
45.013
40.717
38.732
31.193
48.063
27.416
31.460
36.143
52.123
49.347
22.907
29.821
17.794
15.725
34.900
36.429
16.050
42.360
55.247
34.167
58.308
57.707
29.612
28.139
48.715
46.355
48.496
57.840
46.016
54.095
39.432
43.966
29.124
51.757
36.941
43.370
56.398
44.775
51.789
59.045
41.938
47.980
52.285
55.258
47.032
51.786
53.359
52.628
44.511
54.675
47.029
32.881
46.419
40.727
53.890
40.748
52.354
59.228
24.161
47.191
37.996
33.750
48.124
45.781
40.327
36.387
51.149
48.697
28.885
39.664
51.817
16.403
46.811
22.220
43.920
46.924
47.019
39.363
42.129
45.976
38.334
34.349
45.614
49.421
53.076
51.829
53.394
53.893
36.669
33.404
50.397
44.511
51.970
43.247
50.936
44.995
50.490
59.207
24.355
57.311
51.338
51.497
47.907
47.222
28.074
42.888
49.770
46.077
45.351
18.188
17.639
23.607
36.504
45.374
43.236
26.142
15.851
44.940
47.461
18.115
41.063
41.210
57.503
39.230
39.750
45.981
34.301
49.636
37.982
48.952
38.053
31.404
48.251
37.605
19.138
32.037
52.490
21.083
53.193
51.923
38.027
58.247
44.322
54.533
43.355
31.040
36.190
46.385
33.077
9.858
28.958
58.717
60.373
49.659
44.117
34.607
35.991
46.319
47.674
48.702
43.522
59.462
50.695
50.290
34.176
35.392
23.015
41.123
51.614
36.690
55.477
21.557
47.099
57.540
43.447
35.711
59.999
49.474
44.027
41.062
41.275
56.256
42.480
41.648
24.035
29.982
47.329
26.091
32.402
41.372
41.717
38.557
47.641
53.276
44.903
57.134
46.776
10.017
60.153
52.135
44.961
46.896
59.444
22.636
17.181
44.474
40.946
30.084
47.264
38.146
52.514
26.557
50.170
39.976
45.796
39.427
35.332
53.632
23.329
38.300
51.019
44.934
59.922
54.101
23.175
37.785
44.416
33.521
33.581
41.198
39.065
35.368
51.475
42.833
39.099
42.334
46.099
22.816
45.954
52.619
43.047
35.225
56.994
37.312
37.443
42.179
37.602
39.241
52.412
9.829
16.402
30.781
39.311
32.889
34.397
32.734
27.455
51.684
42.966
48.145
49.828
52.302
47.820
43.847
35.467
44.538
51.220
32.565
25.487
41.726
27.997
21.335
48.037
46.273
29.316
48.040
56.401
36.740
50.691
53.245
50.401
37.359
55.778
51.709
51.642
25.628
24.267
47.143
36.172
25.251
42.533
29.996
16.052
38.103
25.666
43.935
35.640
25.436
50.675
49.350
43.639
51.498
48.169
36.197
25.910
43.353
48.150
20.369
46.811
47.079
50.379
40.044
40.868
50.805
30.560
25.939
48.164
42.002
48.624
40.769
45.569
53.294
47.353
47.616
33.187
33.814
36.381
39.091
52.859
54.882
38.418
56.778
48.688
26.913
33.164
45.743
39.834
25.605
37.658
36.824
47.351
25.758
58.472
48.259
34.266
13.434
57.537
39.337
30.039
58.227
41.563
57.462
21.889
45.964
34.682
41.274
38.148
52.701
32.520
26.403
49.126
51.399
48.123
41.831
44.393
50.068
38.684
46.211
41.931
38.721
39.820
42.733
34.366
54.073
40.791
47.749
33.225
19.870
34.596
43.830
46.093
54.582
41.693
34.062
14.702
32.651
28.577
33.877
31.633
46.882
29.928
48.900
47.267
44.744
23.126
48.991
30.008
36.389
25.052
48.984
59.256
43.815
47.663
53.548
47.027
57.500
36.996
37.735
55.204
45.868
56.602
34.762
48.005
33.736
48.643
29.008
37.967
47.589
46.403
54.483
39.245
42.761
42.156
33.821
52.212
59.785
52.931
48.280
50.601
44.215
30.474
52.300
38.432
43.031
59.326
44.681
18.780
31.526
43.966
56.328
32.368
59.351
39.066
45.494
18.066
42.791
41.777
27.543
37.175
31.778
43.651
49.395
59.228
23.657
43.605
26.038
52.354
24.410
46.327
20.569
38.019
27.811
22.980
46.724
45.769
52.001
26.212
31.630
55.427
43.040
55.064
58.483
31.211
53.766
56.262
35.074
30.943
44.678
48.065
26.315
39.848
47.966
18.311
24.206
32.338
33.530
46.723
49.746
57.501
50.075
42.098
42.626
58.267
25.924
41.110
28.640
29.963
58.544
44.770
32.620
42.407
56.240
30.499
41.193
42.617
44.348
55.023
44.047
31.949
55.832
48.553
54.356
56.560
50.534
51.407
32.615
40.580
49.158
42.307
32.755
31.624
23.987
41.748
22.147
20.512
15.839
57.214
39.572
54.558
44.124
49.720
49.253
25.475
44.922
24.116
53.064
42.555
33.263
45.584
23.232
41.346
27.499
45.367
57.537
33.839
27.390
32.323
30.124
53.273
33.164
50.751
29.537
49.792
53.598
42.337
30.997
39.731
45.449
40.495
55.489
33.134
56.006
45.528
48.696
25.660
44.238
58.555
46.984
59.011
56.890
46.654
41.333
49.543
23.484
25.700
30.688
53.661
19.389
19.854
47.767
15.418
31.585
45.176
36.119
50.037
35.344
31.195
39.413
45.903
37.683
38.131
44.042
58.933
31.254
54.599
41.419
59.079
43.633
25.278
34.999
40.881
25.651
35.681
23.842
34.698
37.779
46.062
46.150
49.938
52.701
38.431
37.791
46.144
46.962
44.183
34.562
50.091
48.876
55.427
22.162
31.699
44.939
40.703
38.616
42.680
44.459
46.655
54.408
31.972
43.175
39.133
49.093
56.328
45.241
48.247
51.396
42.828
49.180
57.554
23.428
42.368
43.547
53.040
27.183
41.254
54.369
53.091
39.392
46.943
40.845
41.760
54.957
41.952
48.274
36.353
41.737
50.446
42.800
50.420
53.424
43.484
54.075
41.960
50.146
31.751
49.642
48.377
47.937
43.417
41.388
59.341
45.659
42.109
41.220
44.684
61.192
37.684
49.008
36.335
12.024
35.840
51.215
39.981
37.219
52.180
53.328
44.518
48.791
38.325
27.598
43.117
40.422
24.217
46.543
44.700
18.219
44.880
27.815
39.560
57.526
33.910
29.697
46.867
35.290
28.234
46.712
18.107
37.143
47.575
35.797
48.335
9.516
57.358
39.954
55.577
54.642
44.912
14.401
55.624
39.316
40.607
23.639
42.914
51.529
46.371
29.434
45.229
51.942
58.793
24.256
45.661
53.775
59.806
39.255
33.643
35.877
31.293
42.081
53.036
35.592
54.512
46.629
22.662
44.185
11.641
32.686
38.344
54.120
22.673
30.668
46.561
26.473
48.471
48.679
53.699
46.842
51.592
38.166
23.246
42.858
25.712
38.401
59.330
31.450
50.873
36.977
58.694
40.616
43.538
46.367
46.065
59.229
56.469
39.250
19.597
43.142
53.346
34.179
44.720
56.064
50.883
49.334
50.794
55.596
36.037
45.186
19.022
24.244
42.034
45.810
49.868
54.388
28.533
32.680
18.965
34.451
37.831
40.313
45.123
56.130
49.936
46.563
22.509
43.584
54.626
39.960
46.268
33.501
44.737
45.106
46.372
43.974
43.641
43.575
37.049
46.539
30.749
38.355
47.941
26.713
49.051
58.400
44.961
57.239
43.082
41.883
34.419
45.531
26.754
40.315
41.505
41.956
56.768
22.657
27.541
50.825
54.391
45.696
32.814
45.720
50.655
43.689
24.972
46.182
57.564
45.619
47.343
56.226
33.182
56.551
36.154
41.908
44.654
18.771
56.930
27.408
53.998
30.828
55.770
45.491
42.267
29.476
55.465
41.290
52.119
33.240
21.954
34.312
48.674
9.113
27.666
19.146
58.125
31.510
24.745
32.763
23.897
45.314
49.241
35.332
45.784
10.783
48.723
30.682
46.032
41.489
51.883
47.702
23.668
45.772
54.173
40.746
36.688
20.191
40.257
30.556
56.198
37.616
32.579
37.600
39.260
55.857
53.758
40.446
50.083
28.051
24.529
12.420
35.285
29.069
16.925
37.921
46.448
33.388
40.527
53.089
39.469
37.064
45.508
56.028
8.776
32.352
32.230
36.717
39.746
36.166
48.474
48.416
29.498
46.892
44.259
22.707
45.824
23.343
52.623
15.263
58.478
41.038
29.446
40.424
35.536
19.334
44.532
32.766
38.044
40.320
38.111
42.934
50.185
47.714
40.845
36.992
28.322
24.931
41.204
37.810
49.015
49.010
38.462
40.942
44.004
27.862
48.451
39.106
41.568
43.305
55.907
50.698
45.599
47.786
25.177
47.251
36.219
51.533
53.010
60.078
52.423
51.531
35.118
40.190
53.914
48.407
49.587
57.906
13.539
39.720
37.791
49.329
42.348
14.845
37.440
43.285
21.352
47.244
57.922
35.168
56.571
44.223
37.967
38.302
37.749
38.366
29.681
26.238
45.460
22.599
35.443
37.925
50.522
44.562
53.768
54.657
26.922
32.431
47.179
29.001
32.293
54.682
39.357
46.384
46.231
54.426
27.544
60.134
26.003
44.606
42.575
53.101
36.815
52.685
47.339
29.948
46.994
34.257
16.119
37.289
22.979
27.418
41.249
39.903
43.916
37.446
42.075
29.750
41.894
61.046
45.898
56.237
41.761
21.565
34.240
36.599
51.299
48.678
45.515
36.325
42.089
33.243
53.347
35.045
34.512
37.845
47.613
59.121
15.467
45.079
18.145
45.439
49.960
57.031
54.985
51.257
58.317
36.831
49.628
60.671
39.731
49.831
57.140
30.992
46.201
49.241
36.654
42.105
43.303
49.602
49.193
24.390
34.731
36.904
34.895
44.722
40.208
60.962
58.423
25.282
31.657
36.453
41.245
46.426
39.792
40.653
51.103
52.088
14.484
22.549
40.965
34.132
54.823
54.442
55.019
57.187
54.624
45.056
39.481
27.358
45.932
52.628
21.783
37.095
47.064
23.429
48.230
29.218
32.153
20.368
46.973
26.010
45.351
16.534
51.201
60.233
57.840
46.400
31.455
43.767
58.391
55.163
41.074
34.788
23.120
29.696
41.799
27.594
55.263
38.202
48.488
42.819
31.800
45.344
49.895
31.093
56.964
51.664
32.902
39.979
41.883
47.121
54.958
46.690
44.864
57.312
40.133
44.827
47.721
46.162
61.192
54.317
33.073
36.134
21.873
58.088
51.582
30.635
37.251
43.222
47.710
18.653
45.583
28.562
43.822
48.749
44.107
46.559
44.410
47.721
52.725
53.701
41.659
41.124
41.792
50.965
45.220
37.341
58.216
8.884
43.416
14.310
45.059
48.883
47.388
36.640
49.187
54.945
27.711
50.501
43.122
47.184
48.834
57.238
41.385
26.084
46.627
59.200
33.270
41.659
42.738
47.504
39.799
41.611
58.030
43.874
45.799
55.428
36.504
47.953
50.015
54.497
19.719
15.423
49.816
44.744
37.494
49.907
47.811
52.527
59.286
36.243
56.051
35.910
23.172
46.502
53.960
51.067
53.882
29.641
40.363
50.768
44.204
29.664
51.661
58.041
41.503
50.496
40.112
51.087
42.699
36.109
26.506
45.510
44.427
30.580
44.900
37.571
47.445
24.113
25.506
55.495
37.257
30.816
29.135
24.995
31.403
46.722
52.507
43.570
51.168
45.040
36.145
53.554
44.934
49.258
46.855
43.635
53.980
47.084
47.999
32.686
35.816
46.803
38.964
36.766
42.436
49.087
51.444
40.863
41.767
53.603
45.748
52.006
48.851
32.166
29.665
52.375
31.499
55.970
41.267
48.516
52.191
39.648
40.911
54.848
50.832
45.315
58.890
46.755
48.596
33.157
44.834
42.895
47.117
15.010
37.854
34.978
44.748
39.012
33.861
54.731
44.566
49.630
41.801
50.922
54.577
53.693
45.973
46.406
59.202
42.356
33.253
21.161
43.864
43.889
38.908
41.232
26.711
44.993
23.129
54.953
50.480
43.372
21.084
41.606
54.113
50.757
48.458
45.540
46.341
21.481
35.063
31.946
37.032
43.099
35.979
16.601
45.038
47.654
39.411
23.824
39.700
48.258
48.859
42.727
38.314
41.345
39.060
32.509
35.662
38.033
46.362
41.709
48.850
32.984
47.767
32.386
45.205
15.671
49.094
34.445
37.499
51.375
43.903
36.830
24.922
28.712
52.788
53.420
45.750
48.754
23.731
49.032
36.459
39.294
18.488
43.963
39.162
28.976
32.997
37.434
56.398
50.359
34.332
54.746
31.093
23.875
26.849
47.041
27.821
52.062
48.944
59.858
39.725
26.015
48.319
45.639
35.931
33.821
33.590
52.711
49.090
45.563
43.730
23.411
58.384
46.430
52.067
38.879
38.465
20.454
53.691
51.681
28.186
54.511
56.455
30.857
53.539
49.937
48.599
46.729
53.797
46.508
36.088
48.576
40.869
46.119
29.537
47.944
18.371
23.014
40.792
44.504
31.442
22.204
44.554
35.730
28.961
47.614
48.577
56.306
43.132
18.179
52.287
9.015
40.243
49.539
22.679
20.950
32.398
33.235
34.698
36.186
24.803
35.445
44.361
37.192
39.843
36.497
27.798
41.940
41.538
56.603
24.511
24.566
42.946
32.434
30.066
51.427
43.790
40.412
15.559
52.345
55.172
50.002
53.542
41.801
18.372
34.014
31.927
52.094
37.769
46.115
57.001
52.780
43.281
42.659
33.331
30.544
49.092
45.392
40.048
44.814
21.859
46.618
11.417
36.340
24.802
50.678
59.050
18.551
36.818
32.464
40.100
33.842
40.171
57.382
39.861
51.738
24.461
47.501
46.615
42.325
31.618
15.621
47.905
52.000
41.212
48.570
24.311
55.352
35.422
58.223
57.219
49.840
35.933
41.983
41.926
49.845
45.564
32.564
48.051
41.371
47.540
31.236
49.607
25.162
21.352
48.472
33.802
45.513
36.271
30.320
24.227
46.761
56.379
32.518
16.678
39.978
40.599
53.299
33.116
29.762
12.606
37.775
55.475
43.352
43.563
43.310
34.876
39.655
39.613
30.270
43.952
53.366
21.839
37.640
48.745
31.594
32.574
36.899
44.053
49.459
44.370
24.007
53.845
33.097
46.323
30.985
41.734
45.326
44.934
23.129
22.757
56.178
36.861
43.360
46.301
56.170
39.528
45.604
49.975
53.962
41.856
46.128
50.850
37.192
58.478
51.829
55.384
43.173
31.030
51.762
39.496
36.503
9.879
31.074
49.952
45.095
35.153
34.168
44.927
46.908
30.486
30.221
48.986
30.619
33.840
41.271
26.864
47.106
53.313
22.107
43.254
43.769
44.298
34.753
15.520
20.902
41.193
38.388
49.453
22.889
43.133
38.299
57.368
32.281
7.990
52.859
9.059
33.176
47.091
9.534
15.057
23.026
27.670
58.643
50.427
44.670
55.446
52.032
40.198
42.506
32.265
28.405
35.633
17.199
18.965
51.782
42.648
54.542
54.455
31.695
57.456
46.309
52.113
46.236
20.864
17.305
18.738
55.431
34.222
47.927
34.249
18.558
41.271
50.046
55.635
32.171
40.921
40.863
37.720
46.763
49.461
58.521
20.369
51.590
33.277
46.042
41.614
44.991
39.380
36.923
42.553
42.826
31.812
53.173
52.867
31.871
32.253
31.409
36.476
37.658
51.703
52.954
56.772
45.061
25.532
49.419
49.076
28.931
44.855
25.919
49.692
42.570
28.607
42.155
50.010
42.603
45.953
41.838
44.836
50.531
38.403
46.779
49.805
40.100
51.606
53.040
51.949
35.453
51.731
50.251
58.801
48.951
35.146
47.852
52.224
41.540
48.539
47.056
60.143
26.338
36.668
47.249
40.112
48.899
43.755
30.083
13.945
55.168
34.666
44.443
46.732
54.934
45.540
43.263
38.697
45.417
60.182
52.108
56.730
49.939
49.171
40.305
50.967
30.157
46.804
47.673
42.902
33.734
44.177
51.779
52.774
23.734
50.698
47.455
55.383
42.886
47.344
45.593
55.517
53.912
47.378
49.033
43.518
59.346
38.442
54.762
45.801
47.605
56.568
43.364
42.005
35.200
33.733
25.870
58.667
16.546
15.730
48.355
19.113
55.693
26.680
27.383
26.419
17.216
24.283
52.769
36.434
30.184
51.964
38.636
42.878
55.591
38.718
29.602
28.642
43.044
37.008
28.266
46.631
44.218
35.741
53.410
18.290
19.032
44.568
49.921
20.737
49.325
57.949
50.842
29.666
36.508
41.613
44.601
55.257
55.643
37.614
40.728
40.623
37.756
34.279
58.272
50.060
41.452
20.656
53.723
24.415
45.908
30.302
40.385
49.948
20.091
46.980
26.367
50.802
33.677
57.206
53.743
24.525
59.287
41.849
29.154
11.720
57.514
53.239
45.501
47.132
38.305
54.221
12.630
49.159
57.826
50.061
34.966
47.008
50.602
18.471
43.798
39.073
28.187
30.296
29.161
41.692
53.662
8.933
39.379
10.793
15.730
45.950
59.427
43.735
40.494
48.861
40.496
36.881
14.707
26.664
39.612
23.541
49.615
43.960
58.202
45.803
37.986
35.609
38.661
48.625
48.294
47.437
48.949
20.445
56.563
25.656
41.777
37.527
35.586
28.094
39.628
47.580
40.081
38.697
53.744
31.580
41.799
31.648
21.457
38.276
51.083
52.140
39.924
52.856
41.591
17.752
19.893
25.810
52.289
38.883
42.470
58.599
56.930
27.502
44.408
37.354
45.992
18.474
35.867
47.371
37.880
48.475
50.971
34.126
28.267
59.461
54.648
21.680
56.450
44.205
23.947
20.991
51.720
32.545
31.487
31.828
43.659
17.439
42.098
18.887
41.846
45.295
41.914
40.895
12.425
39.625
45.471
30.586
51.137
24.958
30.285
33.441
55.526
39.759
47.393
41.958
32.709
18.920
52.204
45.753
50.954
29.125
45.642
28.264
34.684
45.453
38.581
45.266
44.052
41.969
43.929
19.705
52.815
42.114
19.934
45.758
34.676
39.245
53.611
45.151
47.600
35.261
39.276
54.773
45.600
31.453
55.191
55.444
18.117
36.612
24.184
48.172
44.718
17.906
50.801
53.208
49.547
24.202
44.030
44.255
35.779
50.723
37.627
26.221
53.462
35.942
46.673
30.092
49.706
55.651
60.554
34.710
53.089
36.602
34.911
48.463
45.465
44.441
42.491
48.321
51.053
49.419
36.476
42.611
54.394
52.379
38.290
50.404
48.415
54.433
43.621
39.304
44.337
34.160
52.573
32.217
41.821
15.584
48.458
49.656
37.220
34.931
45.349
32.417
37.354
39.517
26.361
55.767
42.326
41.004
58.588
36.126
47.823
45.481
39.123
47.260
37.294
55.472
59.662
22.181
30.835
48.808
34.565
41.650
32.149
51.916
52.109
28.921
23.745
35.091
46.518
18.885
53.392
33.784
14.986
50.016
48.718
55.019
33.241
32.152
38.241
44.268
13.496
36.846
11.642
25.659
43.388
54.376
49.336
48.362
51.635
58.774
33.035
41.287
50.456
47.113
54.820
48.203
52.639
25.506
58.544
46.125
46.212
41.959
44.135
42.006
38.689
18.057
31.431
38.549
59.969
51.675
57.497
29.807
48.303
38.894
52.774
47.830
23.540
36.375
57.782
42.897
46.793
59.830
53.284
57.830
25.016
34.554
54.903
33.579
34.961
36.627
45.114
34.563
34.539
19.141
44.890
29.201
40.023
38.953
51.798
48.665
20.763
49.582
40.316
42.525
47.709
49.482
57.254
44.890
52.256
39.280
42.980
34.015
40.590
54.233
49.667
8.496
48.990
33.760
37.439
47.618
20.198
23.870
29.522
56.215
19.206
49.669
27.254
12.191
42.275
14.912
42.276
45.082
56.037
51.878
51.821
34.678
27.309
28.499
33.635
29.268
35.914
25.185
32.997
17.686
60.098
48.619
57.051
33.156
42.469
47.439
43.826
50.812
35.997
27.171
44.920
53.509
55.519
17.710
50.272
10.217
47.676
55.651
34.744
56.382
41.617
37.466
43.961
46.742
42.881
50.310
54.395
37.199
17.394
35.353
50.547
43.178
48.269
35.306
35.472
49.466
50.924
42.062
58.236
41.878
34.723
37.823
54.205
36.300
52.664
39.801
29.785
35.528
34.177
53.096
44.135
46.714
34.951
35.823
39.238
21.709
41.089
49.926
56.460
21.541
47.436
48.569
47.907
47.854
55.802
22.363
50.986
51.020
50.819
45.439
44.538
49.934
46.307
30.121
19.023
42.299
48.311
34.772
25.040
54.514
44.884
42.226
19.917
36.326
42.525
42.220
35.909
47.557
51.512
44.682
30.919
43.926
46.113
22.269
43.678
58.386
58.562
53.279
33.635
39.504
50.777
14.103
25.749
45.670
42.058
48.150
47.210
36.864
24.787
55.583
44.972
14.806
39.990
33.075
36.610
41.920
42.471
23.732
46.059
37.995
24.334
9.821
38.747
21.560
24.761
32.589
44.917
60.328
54.831
45.337
30.239
13.437
28.661
55.524
47.228
33.241
37.669
41.700
48.291
21.406
46.296
41.804
46.869
18.578
35.036
33.812
23.402
56.429
48.179
31.876
43.451
33.736
50.793
50.218
53.771
39.652
51.977
27.589
46.470
52.160
25.815
38.464
34.158
22.742
44.914
36.364
37.854
49.827
49.547
56.985
46.373
43.718
47.501
23.420
41.949
23.890
39.567
43.750
49.279
47.976
27.600
59.143
26.169
36.208
17.326
28.427
43.757
41.691
48.535
34.356
39.453
38.358
45.553
47.057
35.671
43.876
57.799
26.638
59.934
37.403
20.351
27.889
48.858
38.858
49.757
48.188
40.153
15.083
36.132
54.102
56.531
42.311
45.469
53.799
22.646
54.491
33.543
32.506
29.043
41.302
23.221
48.788
42.866
28.947
44.292
21.509
22.380
52.830
45.543
39.068
57.188
49.708
48.773
50.601
41.490
38.704
48.370
18.161
50.210
47.608
40.935
37.909
44.192
50.168
41.917
50.165
48.006
35.342
36.150
51.246
35.371
42.861
46.171
54.413
59.291
50.219
44.401
39.733
38.124
25.871
40.578
26.524
38.254
33.815
28.332
45.634
49.917
50.075
43.695
54.057
15.507
30.239
43.994
45.515
29.419
45.348
31.290
48.339
31.115
29.429
22.743
34.969
25.916
49.115
57.914
31.961
40.892
36.970
46.186
28.712
45.164
54.955
41.207
14.813
34.223
45.944
37.259
39.499
41.179
47.418
40.669
29.043
45.098
39.620
27.272
31.029
49.687
54.075
27.875
39.222
49.893
45.578
44.220
56.211
42.921
30.260
42.993
45.802
37.499
18.828
55.253
34.816
40.119
58.209
44.834
50.805
43.562
47.881
30.244
18.692
54.419
48.267
44.691
45.417
47.309
35.694
44.702
43.518
18.117
42.815
47.847
52.506
18.396
45.502
26.644
27.196
11.034
54.049
39.415
47.220
52.041
43.104
45.919
56.881
58.502
40.711
16.140
32.518
48.369
56.569
31.328
51.522
17.772
54.149
60.401
17.319
39.101
42.385
49.012
16.135
52.427
54.212
46.530
25.077
44.948
28.414
50.250
25.450
46.579
16.695
31.256
9.460
57.319
40.976
60.005
28.401
46.835
53.279
10.082
42.730
27.379
40.351
48.068
12.796
61.124
9.993
46.475
17.706
49.844
30.778
20.680
44.538
51.213
26.925
50.350
44.391
34.072
56.998
32.882
21.568
54.445
48.654
45.828
46.850
25.768
59.655
38.366
41.900
47.350
57.233
33.233
36.071
41.508
45.195
34.743
44.976
58.464
41.943
33.643
45.578
27.960
60.182
18.305
40.012
37.684
27.664
35.420
49.881
39.828
29.986
16.740
35.937
49.410
41.090
36.642
43.394
37.001
32.756
29.178
53.968
35.831
54.884
29.642
53.854
9.792
58.818
37.914
53.694
35.834
57.369
36.853
49.748
45.736
47.989
44.702
50.445
51.982
55.248
55.369
29.455
48.500
27.059
39.702
40.866
47.984
55.782
49.629
34.516
27.395
43.666
46.133
45.181
51.775
30.828
31.939
41.701
55.162
48.183
57.423
45.452
45.170
27.261
37.721
45.361
31.067
30.130
20.630
35.091
28.751
45.479
43.240
39.486
46.555
36.375
50.555
50.407
42.099
37.879
44.487
26.559
44.372
40.401
29.443
25.298
36.547
56.790
54.421
47.608
37.926
46.865
32.174
40.195
43.864
24.900
48.719
48.931
48.985
46.977
25.866
49.927
24.434
58.369
46.797
51.870
45.610
45.412
33.563
15.282
55.320
33.889
40.653
23.005
48.490
37.710
56.637
36.664
52.251
39.977
17.654
47.194
22.067
33.554
42.671
38.365
25.071
18.072
48.052
48.875
58.138
49.918
57.551
42.322
26.682
26.208
56.811
38.738
43.656
50.714
41.987
40.566
49.476
42.011
49.997
26.134
32.014
29.482
45.235
45.738
46.946
51.209
12.420
11.276
40.564
25.449
44.846
51.757
42.568
47.824
25.317
41.054
53.759
38.795
56.267
48.958
44.613
56.092
58.979
31.530
43.110
46.110
55.687
47.627
51.849
46.838
56.599
28.997
49.848
56.203
44.292
22.572
54.918
57.441
28.977
49.288
31.152
50.078
50.660
58.773
27.566
58.041
52.703
50.675
22.804
32.284
44.771
36.832
47.479
39.247
55.348
37.255
44.377
40.361
43.013
43.517
38.303
44.049
60.330
50.409
45.958
47.227
28.555
47.633
57.153
48.750
45.641
51.501
21.564
58.389
51.940
47.774
18.521
35.135
50.147
27.445
31.705
39.165
50.747
48.612
41.654
50.514
46.373
23.618
55.911
51.945
49.644
8.800
29.220
29.068
37.118
28.270
55.944
39.527
49.601
53.472
38.691
36.036
43.992
48.960
43.989
62.510
34.818
43.428
41.908
53.927
35.198
21.175
37.705
44.805
41.679
32.275
14.559
22.937
46.172
25.360
36.816
47.129
52.756
51.889
60.020
59.558
9.349
53.229
50.698
30.644
48.317
51.560
48.583
35.507
40.216
40.769
50.826
45.317
47.961
28.853
22.748
34.771
47.438
28.405
48.979
42.364
52.261
43.814
46.545
10.322
35.246
45.385
49.927
34.506
53.313
40.136
25.339
42.574
37.968
43.792
33.301
56.474
42.185
16.256
26.543
59.200
54.217
29.218
56.319
33.010
38.580
52.427
39.300
40.080
49.956
38.531
38.112
45.956
46.080
41.373
45.905
39.382
40.786
41.909
16.385
33.538
54.593
45.699
25.066
42.180
29.290
39.351
33.087
34.477
60.646
38.134
31.574
44.485
43.777
28.039
33.749
39.678
23.055
44.131
57.880
28.571
55.369
16.448
37.981
42.399
48.012
47.122
48.097
24.103
45.873
33.067
54.605
28.586
31.902
47.127
34.741
59.812
27.439
51.558
33.077
25.640
56.808
29.563
47.717
32.681
33.957
49.617
44.065
55.125
46.960
32.661
47.506
49.518
53.595
41.299
42.079
42.890
55.230
33.064
53.824
40.722
36.575
57.588
53.868
33.726
25.490
36.892
23.531
22.139
51.823
35.013
48.341
38.132
45.150
22.742
39.386
42.077
58.785
58.033
34.432
25.742
41.816
9.790
33.238
36.225
23.819
30.933
41.947
37.214
52.254
45.566
23.007
39.774
31.068
43.054
45.486
52.449
30.075
40.538
32.809
52.449
19.409
42.596
39.536
30.476
41.804
54.041
44.818
34.583
43.291
16.503
47.067
45.620
57.761
41.421
29.406
40.709
37.677
36.302
25.073
26.256
19.056
37.774
48.075
26.221
60.677
49.377
29.198
15.341
57.638
51.141
33.747
53.413
50.531
50.348
28.537
26.172
49.027
57.335
54.756
17.712
39.565
38.193
30.785
38.253
43.702
32.610
19.459
39.092
9.259
38.836
57.886
28.196
51.372
35.803
57.182
49.647
41.860
47.350
28.775
41.169
35.420
51.669
46.585
41.030
57.196
16.258
42.326
28.716
34.361
56.869
45.580
52.853
58.075
26.979
29.748
26.822
47.881
40.252
35.819
43.854
45.396
54.357
54.244
39.547
53.143
51.666
45.382
40.502
41.166
47.065
29.043
42.348
44.566
43.341
38.509
21.260
56.707
32.861
26.584
40.447
35.873
35.320
39.715
34.576
52.047
51.570
46.550
52.444
46.016
42.609
48.217
36.382
55.254
35.759
21.757
46.608
55.622
43.318
30.174
55.272
50.954
54.742
52.609
41.696
55.235
25.246
55.192
45.228
49.754
42.534
50.011
40.860
41.437
39.272
30.977
50.428
53.009
44.722
51.083
41.692
56.982
43.549
47.565
51.223
53.792
28.557
49.021
42.913
52.835
24.831
31.609
53.383
34.073
52.058
47.451
24.122
28.903
48.687
16.652
49.301
46.117
38.749
59.269
16.082
38.827
39.103
46.124
34.969
37.888
43.637
34.831
49.216
15.725
15.489
40.260
38.713
34.371
33.056
9.624
21.366
39.982
50.858
21.778
24.287
44.775
23.762
37.354
39.953
59.901
32.363
37.448
53.231
48.670
56.387
41.734
45.420
50.967
52.969
34.997
54.816
38.068
38.887
44.596
37.502
37.059
36.818
44.030
54.464
51.917
41.442
27.673
23.528
58.374
56.487
25.660
44.792
43.105
24.094
50.887
45.511
24.070
8.246
17.414
36.140
57.163
46.477
48.373
21.693
31.776
48.466
19.144
38.262
29.234
53.029
41.701
53.667
35.949
54.138
50.573
36.702
32.957
54.336
46.693
55.696
46.063
53.992
24.964
40.503
24.399
36.185
50.602
40.651
57.157
36.547
33.456
56.779
49.204
31.787
44.751
42.057
26.772
50.644
44.613
47.195
46.500
46.399
43.714
31.294
51.661
57.153
38.525
57.853
34.228
47.069
46.212
9.033
51.635
46.795
49.900
31.851
47.349
39.490
31.597
42.458
53.431
45.340
24.168
44.372
44.272
49.570
15.693
47.977
36.273
43.518
43.509
44.586
58.960
51.590
52.510
56.830
60.041
49.361
35.721
27.719
31.966
53.784
46.519
37.718
36.676
33.842
34.917
48.300
51.384
35.419
32.497
36.711
31.762
49.234
48.716
40.818
48.546
24.859
27.428
48.960
37.519
51.909
51.245
43.871
46.628
45.217
43.866
35.881
41.383
51.537
23.312
52.894
34.128
51.512
41.934
23.308
45.767
46.548
40.530
53.377
47.083
38.924
24.677
42.524
35.644
50.754
48.896
19.130
37.790
39.965
47.073
44.426
32.391
41.808
37.773
45.486
59.498
45.751
40.461
54.524
45.610
42.996
34.010
46.760
49.182
25.134
42.452
44.618
37.940
52.823
32.945
27.700
38.823
53.195
45.233
22.782
31.965
57.770
50.428
47.554
22.249
26.728
42.388
44.741
28.738
42.455
51.018
31.456
31.224
41.811
35.677
40.082
56.450
30.365
56.056
37.254
46.466
45.610
42.247
28.868
54.436
40.035
44.668
51.837
43.739
52.541
46.670
42.858
49.057
45.092
42.168
39.674
39.356
25.129
55.600
39.692
37.926
57.876
51.439
51.218
44.332
25.509
60.860
30.396
46.297
28.149
49.931
51.720
33.693
53.181
27.984
45.485
41.516
55.173
39.783
44.481
37.273
40.827
51.341
58.364
22.981
16.440
29.136
44.852
28.673
56.037
49.077
48.530
56.561
37.217
47.544
37.182
14.370
33.131
25.733
47.347
33.159
53.236
45.474
30.401
42.958
47.325
47.146
18.042
23.379
59.700
50.277
38.865
56.867
28.453
46.367
45.504
40.763
60.082
25.647
15.266
49.962
34.815
33.946
45.032
40.994
42.030
52.756
54.483
42.572
34.281
52.525
41.357
21.929
52.609
40.603
28.214
43.650
56.301
37.767
41.257
53.432
39.519
43.776
53.894
32.813
50.213
29.723
57.223
49.671
34.203
39.416
52.314
34.786
49.124
18.055
45.481
20.663
37.905
49.421
41.616
54.166
50.896
41.340
45.550
44.428
54.737
27.256
52.757
57.794
23.313
60.813
54.718
48.154
37.356
41.148
49.592
44.088
18.631
43.184
43.554
21.947
41.071
49.809
33.809
52.230
54.766
38.876
38.570
60.265
17.260
43.359
25.398
49.140
49.090
51.482
36.745
45.630
51.830
8.565
18.134
27.578
29.434
44.226
30.158
32.027
19.662
35.523
19.822
11.360
40.222
47.589
27.535
51.735
11.958
38.671
43.818
47.885
16.792
55.882
53.207
22.029
48.077
41.574
38.402
39.207
27.186
48.093
57.287
19.407
14.825
31.193
50.306
41.435
10.529
32.894
36.132
54.140
33.379
40.103
51.639
45.998
35.422
54.330
51.339
35.228
37.894
9.596
32.276
34.353
36.689
45.860
48.942
19.676
11.815
50.250
33.930
32.018
40.748
43.440
44.423
42.149
42.454
44.762
23.569
40.137
26.709
43.302
36.483
17.967
43.165
9.615
37.507
36.630
49.173
43.608
16.812
19.428
49.413
41.333
33.745
31.082
30.940
27.601
33.433
49.370
45.242
44.584
50.975
55.686
52.399
49.728
26.078
45.207
46.091
51.063
41.350
57.798
47.717
47.655
50.160
30.985
35.516
57.478
26.923
9.699
45.873
39.020
26.312
38.381
53.530
56.921
21.497
20.981
45.852
42.819
50.506
49.225
29.475
38.394
46.855
52.384
10.519
51.114
58.329
53.868
49.435
59.590
17.964
10.353
18.175
23.219
47.053
45.978
28.552
45.325
55.474
36.627
38.667
43.105
49.586
39.964
55.678
47.984
49.087
45.523
44.746
30.693
58.382
46.111
56.702
41.617
50.976
36.922
50.177
43.887
17.710
54.138
35.486
46.717
50.337
32.901
47.726
40.781
37.224
57.927
33.358
33.652
52.097
49.057
24.168
53.748
29.546
17.403
34.723
35.900
48.108
52.072
55.107
39.696
43.220
43.009
33.779
43.035
52.746
58.611
26.090
36.581
16.825
60.742
27.376
47.696
24.565
26.590
49.054
39.312
41.950
49.870
37.462
55.745
30.122
31.554
42.562
27.617
24.790
41.991
39.591
35.499
49.576
48.066
32.394
39.761
50.391
40.989
41.618
49.700
43.015
55.351
41.302
55.690
36.738
38.081
24.807
42.665
26.891
48.079
44.756
38.729
25.569
44.261
31.174
46.633
43.464
34.187
19.669
56.124
33.929
32.498
58.917
46.516
36.517
50.599
49.401
53.732
43.079
49.254
44.548
35.064
41.608
47.208
44.757
46.754
24.312
39.109
53.054
20.870
33.898
38.518
50.606
44.006
45.845
30.557
36.141
40.734
48.779
49.336
31.026
35.708
27.294
40.730
53.876
59.399
44.079
35.945
42.764
55.225
45.980
45.694
35.727
12.260
20.726
36.686
32.844
41.733
58.273
46.331
25.170
26.334
27.212
37.567
26.905
37.519
53.215
17.751
54.025
44.147
42.291
53.264
48.314
10.566
39.552
36.292
46.909
35.883
36.241
36.707
18.112
30.974
56.597
47.234
48.703
52.222
56.691
17.607
46.825
31.129
26.374
41.968
43.243
20.311
47.629
42.603
45.594
55.758
43.156
59.175
50.533
28.495
36.815
38.348
50.459
46.199
53.566
23.633
43.094
60.015
18.167
44.797
10.856
51.461
36.691
44.106
21.413
30.758
35.533
57.340
37.367
56.290
53.074
27.850
43.688
51.828
33.310
11.832
54.658
46.878
30.512
27.860
35.820
22.992
51.905
49.858
53.763
43.697
30.270
27.050
57.850
54.368
32.115
42.998
24.274
37.335
39.716
38.115
39.620
42.253
30.394
37.017
50.765
45.105
33.988
53.093
28.319
34.771
46.846
37.684
58.414
44.629
39.881
30.063
51.031
33.921
58.537
45.639
52.946
24.017
49.270
47.476
36.168
47.704
49.286
44.035
30.445
52.882
48.751
40.879
52.084
59.886
44.866
45.393
32.961
50.748
35.744
44.518
16.185
35.928
41.515
46.595
26.793
30.444
36.797
47.047
40.841
59.985
35.953
41.050
27.634
48.544
33.622
9.882
47.764
34.525
36.556
43.293
27.007
43.410
17.133
57.045
57.194
49.794
47.875
34.367
47.479
37.033
43.384
39.272
38.951
42.709
22.892
60.166
25.558
50.497
50.017
50.864
50.969
50.454
52.044
26.767
56.752
29.014
25.069
55.716
30.909
57.272
45.211
46.188
38.762
50.629
31.038
54.882
23.255
36.911
43.641
30.665
38.886
23.913
33.199
29.910
40.457
54.528
18.995
36.405
54.901
30.015
22.494
41.878
49.612
9.110
48.340
48.264
34.016
26.061
41.672
25.228
46.059
30.033
52.788
47.942
51.084
32.506
14.775
22.297
50.231
25.435
32.566
37.615
49.650
14.282
50.903
44.735
48.620
33.325
23.256
9.475
54.920
28.201
23.857
56.071
37.684
45.206
34.829
43.289
36.412
46.387
53.999
50.496
36.098
33.986
50.243
32.801
38.028
48.033
34.959
51.449
48.523
46.805
28.388
17.361
33.296
29.885
51.532
34.992
42.253
53.803
51.223
38.654
40.917
48.818
45.252
56.420
50.062
24.128
33.403
37.715
35.711
15.158
42.748
43.879
15.552
44.965
46.026
46.631
46.539
53.794
34.396
28.840
35.232
38.819
57.868
58.927
23.129
55.343
58.724
47.181
38.159
50.546
49.104
55.059
53.871
48.112
52.500
35.283
47.871
29.936
52.632
49.279
59.722
53.283
17.532
50.839
38.357
33.011
42.793
50.206
49.168
51.607
15.629
42.017
46.057
40.787
33.394
16.823
46.920
35.555
52.245
22.121
35.682
27.575
48.569
41.870
41.808
50.290
30.870
19.754
31.343
57.117
55.241
46.322
38.331
54.577
45.268
25.684
37.280
44.768
32.039
38.265
51.915
37.093
49.152
32.555
46.287
57.720
51.569
23.809
41.434
39.102
26.995
51.932
53.273
54.987
45.924
46.511
45.288
47.704
40.671
29.953
47.409
37.429
33.887
51.495
53.413
44.611
49.320
44.455
25.338
10.951
27.350
43.921
50.581
42.543
21.876
56.816
22.652
46.241
49.007
8.747
37.760
29.784
44.998
33.346
50.544
54.018
51.006
41.242
21.807
17.397
37.977
34.870
52.907
32.602
52.059
31.745
48.633
40.205
24.502
34.275
46.259
49.580
22.190
55.685
42.684
48.456
32.607
51.515
40.529
49.333
45.024
31.174
59.500
54.344
53.763
47.727
50.305
49.255
39.988
44.701
39.574
40.831
54.669
42.241
20.543
8.817
46.912
46.718
59.001
48.626
39.201
47.992
23.920
38.580
45.602
43.682
46.980
52.026
29.446
16.777
38.137
32.030
33.906
8.914
35.245
32.889
29.933
46.143
41.862
48.678
23.492
52.718
23.109
50.018
39.658
32.264
46.749
42.187
24.164
45.487
14.588
23.569
35.025
48.929
38.559
52.879
53.886
41.503
37.694
36.450
44.299
27.602
58.174
19.895
20.218
51.292
42.973
41.279
49.285
15.714
50.126
59.166
57.961
28.377
40.250
56.704
46.986
20.509
47.123
38.761
44.131
26.430
37.969
46.537
32.744
44.903
45.682
41.377
42.943
47.409
51.273
41.617
37.643
49.592
44.794
40.293
45.382
43.905
20.183
31.514
52.739
16.859
40.900
54.181
45.924
46.218
45.106
37.133
48.885
44.398
47.127
18.783
29.832
21.976
9.141
36.862
23.752
49.018
34.947
40.727
54.814
31.425
44.927
38.193
50.403
41.880
50.631
46.568
46.808
24.444
32.439
42.784
49.790
53.328
40.186
36.009
31.363
53.703
34.461
48.370
48.680
33.367
44.310
58.212
35.243
45.193
16.897
11.192
26.276
27.793
42.525
38.590
22.839
33.643
23.907
44.936
50.436
39.399
45.976
51.049
57.760
51.809
46.452
51.272
15.462
16.015
54.393
52.688
39.373
42.849
56.391
27.809
46.586
54.733
52.575
47.873
25.704
46.907
49.050
44.697
43.907
36.569
30.611
30.689
35.435
26.386
25.806
49.960
47.449
49.941
45.483
17.810
39.063
45.459
21.048
42.626
51.557
25.384
50.160
50.676
52.396
40.230
27.242
51.721
44.623
43.148
25.328
57.832
40.355
43.605
48.219
27.782
19.507
40.798
50.429
58.677
55.738
53.303
18.297
46.327
21.976
45.766
35.625
53.672
30.312
57.482
46.868
45.888
41.450
43.970
34.863
46.960
12.361
57.059
48.120
55.585
49.176
46.988
15.768
54.224
36.743
27.980
31.324
28.329
46.582
54.251
49.012
41.228
36.119
24.548
48.275
47.580
58.630
56.158
47.463
42.894
44.910
20.578
30.213
44.035
45.487
44.587
41.964
59.928
52.661
23.518
28.885
34.355
40.387
37.089
53.046
48.500
42.708
28.337
40.268
18.685
34.549
41.316
56.642
17.564
45.147
41.080
51.327
47.073
42.859
22.162
38.136
37.920
33.001
54.137
41.927
11.749
21.876
33.778
47.367
37.711
29.546
29.861
31.522
20.606
38.126
34.097
46.548
56.208
50.508
37.661
51.492
34.510
34.926
43.347
26.513
55.054
45.588
24.524
53.521
10.570
54.073
39.815
44.950
51.558
24.729
27.744
47.847
35.939
46.164
53.216
50.493
34.512
19.824
39.379
31.261
42.363
29.582
25.104
19.174
36.099
42.620
41.549
51.904
54.672
26.329
45.644
24.962
47.467
34.540
50.757
46.113
48.434
35.630
50.512
53.469
53.179
36.014
57.487
39.129
42.849
38.014
51.094
41.846
52.695
38.104
57.137
40.933
16.401
26.844
46.404
38.714
59.784
29.628
58.617
46.587
53.668
32.460
23.695
45.003
58.172
37.288
53.242
55.212
46.277
48.511
41.621
58.556
47.882
48.969
34.030
23.357
54.198
38.448
20.211
57.899
37.579
49.968
24.981
53.613
47.965
23.616
41.181
33.978
55.003
26.972
8.219
49.278
42.664
55.417
42.381
31.788
56.838
59.729
34.377
24.698
52.177
32.032
52.017
36.455
41.625
34.421
44.395
40.667
53.954
43.763
16.739
43.620
47.098
25.200
46.882
24.814
26.131
35.960
52.696
44.647
45.238
34.460
14.874
12.880
22.229
21.137
19.040
49.622
44.958
38.933
37.944
37.348
45.470
49.228
45.723
31.061
50.342
54.595
42.845
42.539
57.960
41.409
46.373
40.543
55.916
49.066
27.902
29.926
57.944
49.481
45.724
48.661
36.101
36.790
43.041
51.908
41.440
32.474
43.646
51.836
17.523
52.354
22.539
54.831
40.240
37.654
39.124
55.060
41.274
47.099
45.403
52.030
41.356
35.590
56.813
40.529
39.593
46.120
35.823
30.062
53.716
32.309
35.233
43.368
32.559
25.357
33.716
56.940
24.794
45.293
37.000
30.833
21.850
21.607
50.875
57.649
43.128
36.136
42.995
39.545
54.102
18.642
41.923
40.102
45.079
39.319
41.230
35.281
44.110
32.963
31.501
43.483
48.986
40.188
52.633
51.456
45.274
50.655
31.347
29.890
52.508
10.887
37.715
31.990
11.239
48.625
44.504
35.217
41.408
51.109
14.345
53.433
48.880
45.034
46.051
42.601
23.354
18.017
22.667
45.077
35.475
53.812
50.347
33.965
36.271
37.986
22.818
29.153
32.459
35.218
34.587
41.026
29.492
26.798
50.553
27.493
25.877
42.842
52.206
39.640
61.774
51.761
46.452
49.693
42.481
43.863
46.600
40.702
45.506
47.490
50.993
33.854
36.201
56.921
42.210
9.084
20.859
44.067
39.280
58.954
31.566
44.075
30.407
23.074
15.318
47.914
48.304
38.975
32.048
49.916
29.354
51.469
18.987
46.313
47.774
44.447
31.896
51.365
50.370
52.209
54.578
24.783
39.975
45.383
40.238
21.658
57.177
27.314
40.263
54.446
49.344
43.576
31.224
47.798
44.033
55.041
48.689
37.095
48.284
39.047
27.589
33.682
21.787
36.938
35.298
52.967
52.714
39.252
36.112
17.755
35.266
36.733
59.117
48.894
43.679
43.533
52.564
30.116
50.846
44.221
52.716
28.251
45.504
59.266
36.597
60.372
51.886
34.411
47.605
56.097
35.746
48.219
48.104
52.307
29.562
37.476
24.686
31.960
48.212
59.885
49.595
54.431
47.888
39.053
46.590
45.562
37.322
29.324
44.404
8.770
37.847
45.627
59.951
47.963
42.028
36.963
51.881
44.703
57.231
23.816
9.602
16.705
47.118
45.835
36.641
44.435
32.382
47.785
16.665
47.534
35.719
23.853
51.890
39.674
29.032
25.549
53.720
53.312
47.823
52.449
37.903
36.367
44.318
26.098
24.392
29.419
56.819
20.489
34.074
53.287
49.779
52.899
50.494
37.116
49.990
26.183
56.300
55.853
32.612
53.180
38.249
44.104
41.413
29.309
59.638
26.949
45.773
44.757
58.801
58.219
30.307
26.472
35.472
48.521
27.417
43.555
47.177
42.400
45.042
56.191
21.339
41.427
51.185
16.112
48.853
36.101
45.685
24.109
41.337
20.436
44.881
25.774
53.532
47.160
9.799
45.593
51.692
50.100
42.459
50.715
28.906
17.011
54.235
54.435
57.242
39.665
33.283
9.257
23.967
25.922
42.853
29.836
37.448
40.003
20.597
48.805
55.870
20.812
40.334
55.578
43.134
40.228
45.533
23.088
52.478
50.634
41.779
24.994
32.226
38.577
36.680
31.469
29.104
51.709
53.540
54.018
49.632
42.560
54.335
27.557
47.249
40.916
52.988
40.688
34.020
42.833
55.036
34.534
38.026
46.919
33.327
49.719
51.108
20.589
21.479
45.971
44.391
51.310
18.299
43.921
43.955
30.543
46.613
28.854
44.234
46.005
16.279
55.294
41.852
45.554
41.326
33.631
57.808
60.321
31.169
30.861
60.330
48.022
49.614
48.601
35.945
51.619
53.835
55.900
52.686
39.601
53.872
18.454
43.784
48.931
52.894
37.230
31.034
25.259
47.748
41.310
39.267
40.496
55.120
43.312
51.452
53.711
46.499
26.162
41.451
31.508
51.632
57.635
25.196
29.624
33.341
47.785
51.732
40.939
18.223
28.942
50.930
10.330
35.916
49.890
43.968
53.143
27.321
48.161
41.298
50.060
43.828
50.861
43.441
48.048
18.654
37.205
53.270
47.490
35.181
47.819
55.835
43.623
40.024
59.955
31.678
32.298
37.970
26.033
40.348
45.549
56.126
51.570
55.650
46.869
57.853
10.126
52.587
55.750
23.795
25.956
25.723
23.841
47.537
39.681
36.655
39.075
44.843
57.298
56.034
52.521
50.753
55.452
33.738
39.530
48.038
50.132
46.857
25.679
40.201
30.666
47.160
58.040
36.297
48.650
41.853
44.776
46.183
21.341
55.365
43.259
16.567
57.945
58.382
40.368
27.414
39.823
38.479
45.509
43.587
22.114
46.062
33.510
47.682
58.032
35.293
32.466
28.134
55.404
27.944
36.837
54.154
45.748
51.838
44.543
45.376
32.624
42.228
35.755
39.606
36.016
38.239
57.855
53.616
55.972
44.577
52.118
47.820
46.607
30.762
40.876
48.163
54.097
46.578
43.519
45.784
47.429
32.241
45.598
42.790
46.086
58.086
48.974
35.682
43.783
42.253
37.064
55.343
60.847
51.951
58.363
34.563
32.689
30.670
45.263
46.781
23.647
47.380
57.505
55.208
46.401
34.877
54.665
42.003
46.203
41.952
54.198
28.663
39.582
27.424
9.921
42.855
55.481
45.265
27.423
41.145
48.459
45.133
53.599
38.672
43.400
56.837
37.995
53.049
18.052
23.999
37.683
28.814
40.606
17.831
26.426
42.304
53.845
49.524
21.744
57.257
36.117
51.328
24.418
36.500
35.110
60.044
40.862
45.349
56.897
48.161
54.164
26.288
39.868
30.874
48.022
11.823
16.699
13.698
41.010
40.446
39.891
35.125
47.566
23.282
53.513
41.716
28.169
19.817
58.031
19.490
54.348
19.472
36.864
25.702
23.325
37.962
55.266
41.597
39.091
24.955
24.804
38.959
51.561
58.753
50.683
43.802
39.543
15.699
44.831
44.025
30.040
52.728
38.822
47.219
37.322
57.246
43.418
48.525
48.122
52.632
39.683
16.587
49.108
52.472
46.370
59.842
56.585
43.275
28.495
48.547
40.188
52.779
51.414
37.673
51.019
26.369
22.906
33.413
38.163
52.553
29.035
29.394
45.094
53.650
59.667
16.436
49.109
46.014
37.876
32.841
43.119
17.409
40.293
30.785
28.406
21.469
25.700
39.678
42.558
44.458
35.974
47.542
58.614
40.109
58.530
60.121
37.929
23.099
44.531
44.224
41.023
59.249
29.716
35.051
40.101
55.131
44.070
45.347
42.628
37.841
50.204
42.808
36.119
58.751
17.177
14.820
45.353
44.511
53.567
58.698
29.204
53.048
50.396
42.205
27.999
22.878
27.575
19.096
46.620
44.657
47.655
45.387
24.604
57.893
49.386
55.829
42.123
22.489
40.596
57.180
29.733
50.730
24.969
47.518
26.598
19.393
26.187
36.909
32.607
45.728
50.398
32.148
42.494
55.969
55.782
40.934
45.876
52.347
23.540
42.208
36.755
56.872
58.850
37.510
38.314
15.891
24.950
32.602
54.210
34.513
34.978
35.456
55.866
37.987
40.919
55.039
39.273
53.139
48.680
57.077
32.268
21.962
51.646
16.800
46.899
32.635
38.198
49.827
40.503
32.246
44.260
16.405
53.394
30.656
22.947
33.797
40.012
38.212
46.091
34.738
23.062
27.108
8.648
31.576
19.786
48.894
45.754
45.866
41.644
42.311
57.112
53.739
49.675
44.010
47.167
45.676
45.685
23.624
45.411
60.150
32.898
43.350
47.850
42.950
13.410
18.146
17.406
36.194
25.703
42.537
30.711
27.755
38.698
24.085
47.726
50.770
26.051
37.306
24.354
38.740
54.793
46.762
56.614
56.257
38.159
46.038
46.941
39.776
18.587
51.619
27.518
44.202
51.466
31.223
43.633
31.111
38.223
58.347
33.510
42.642
43.138
48.781
38.605
28.135
33.090
48.521
43.778
23.012
45.106
46.900
48.841
55.822
53.952
14.823
35.280
38.483
38.304
52.710
59.073
50.294
9.595
54.983
53.949
52.584
50.939
45.388
46.833
29.462
47.155
43.182
38.114
37.901
41.630
47.450
55.035
29.770
53.857
44.882
46.988
56.551
33.975
42.172
29.329
45.814
35.533
58.751
18.541
44.733
52.184
57.841
58.776
27.600
45.061
31.129
47.364
30.454
53.285
33.120
40.602
50.280
46.000
54.636
26.144
34.666
46.669
39.552
48.648
45.215
34.615
57.304
48.425
41.838
27.553
38.476
38.175
32.144
36.416
31.300
17.189
28.768
58.732
47.003
56.597
44.997
42.311
36.436
58.602
31.863
37.199
51.289
28.660
55.334
49.711
47.983
44.452
47.988
33.691
55.909
49.865
42.878
41.124
44.947
29.622
34.190
43.892
15.236
31.208
51.655
59.233
15.448
52.119
36.814
31.454
55.088
32.523
20.029
53.662
36.530
46.240
30.750
28.714
60.693
58.853
36.710
26.836
43.469
52.416
53.370
19.321
49.544
51.452
40.487
27.110
52.512
26.937
35.637
13.414
47.082
32.900
29.112
52.502
35.131
42.078
46.743
41.794
23.486
48.197
43.208
16.626
56.840
42.001
36.504
30.098
35.706
24.852
44.323
30.259
28.706
52.202
41.230
58.359
50.457
42.379
47.954
24.814
46.309
38.580
53.562
44.507
50.281
52.339
49.621
50.716
45.923
25.742
57.461
46.008
39.398
38.470
38.463
25.813
51.096
37.913
36.080
41.642
18.523
27.946
9.057
35.737
9.802
59.861
38.184
26.448
35.375
58.929
43.653
35.782
33.003
27.890
41.814
21.175
56.460
41.728
49.631
43.233
53.645
58.584
39.549
33.803
51.975
32.766
27.059
20.113
24.580
41.239
54.410
55.928
34.608
45.866
35.472
33.554
15.737
49.174
51.704
34.921
15.684
20.763
13.830
51.216
47.835
53.104
39.138
49.885
18.400
36.425
52.822
30.878
36.414
27.511
30.876
41.950
35.358
46.463
43.900
55.989
26.249
57.225
48.902
56.666
43.049
35.339
43.061
28.066
38.237
46.489
42.428
32.619
34.502
34.508
27.531
45.831
37.976
47.535
47.457
45.342
28.313
18.778
47.015
43.068
39.601
54.697
38.854
37.522
31.282
43.459
19.355
49.673
39.418
40.317
15.773
50.132
11.255
42.893
38.594
34.086
36.759
19.902
45.665
47.490
25.271
20.415
60.213
38.266
48.012
41.232
29.220
49.404
56.484
51.621
36.612
35.716
40.618
33.686
53.539
33.676
46.848
57.513
49.838
47.049
40.648
36.820
36.795
21.570
38.820
46.957
35.703
56.436
54.519
35.168
46.825
45.423
51.199
54.321
35.415
51.025
39.790
55.820
35.269
15.814
55.205
45.339
31.598
58.585
31.971
44.008
20.721
31.154
31.397
36.910
21.613
50.597
40.779
43.959
11.032
55.503
59.919
17.006
20.456
28.902
8.793
39.043
38.562
47.682
24.629
39.834
34.782
38.406
38.325
34.412
57.678
45.132
30.297
30.238
51.084
22.824
46.740
37.820
36.831
45.250
31.690
55.685
17.821
52.041
52.126
24.284
33.654
42.714
29.576
50.152
15.588
25.013
49.547
22.624
37.612
41.542
28.123
36.149
12.198
46.740
52.785
46.058
30.229
32.582
32.353
53.101
41.010
45.752
53.703
58.801
46.662
28.594
26.524
58.499
43.393
46.965
54.063
34.370
53.340
19.235
39.375
46.425
38.946
52.573
53.817
25.626
52.388
40.338
40.254
33.900
40.575
39.820
57.377
51.476
32.461
33.943
44.377
46.977
39.835
50.752
48.055
54.073
58.394
35.888
40.430
54.811
35.356
17.961
44.677
25.735
20.564
44.271
54.033
42.661
22.032
40.787
47.793
55.430
20.083
55.238
54.089
35.839
39.622
28.499
23.006
52.063
34.405
51.989
18.029
40.298
50.021
44.906
32.218
46.594
40.940
35.198
15.516
34.191
45.526
32.203
33.669
44.712
32.300
43.330
32.606
44.381
31.811
16.434
23.098
19.632
39.206
51.148
38.661
55.750
51.786
39.897
37.653
44.172
60.038
32.404
33.982
52.757
52.704
49.349
45.497
48.217
34.770
17.267
33.724
46.227
32.967
59.394
50.015
44.715
42.551
55.975
48.277
40.545
44.531
55.153
38.084
27.385
47.018
52.980
42.217
45.832
33.031
60.479
11.503
55.517
57.177
35.346
48.800
57.741
55.372
54.468
29.872
56.706
41.918
46.805
52.980
45.450
30.987
49.423
49.016
47.818
40.028
59.402
30.652
45.510
39.763
31.974
54.930
30.252
46.280
46.768
42.566
42.066
35.770
43.083
56.258
46.214
56.511
41.129
46.757
34.098
38.412
38.113
48.980
23.996
49.539
50.053
40.724
46.460
29.683
59.034
45.131
25.647
35.566
18.326
50.569
29.475
48.910
37.792
48.851
34.416
26.678
30.773
48.577
46.837
58.953
38.804
23.980
48.291
45.346
26.311
23.829
46.640
50.934
52.439
