30.778
47.114
41.692
37.658
44.041
53.398
26.144
34.770
51.736
32.432
36.320
46.303
38.111
32.905
45.467
22.221
48.922
32.862
22.890
44.092
31.085
43.976
42.041
47.733
47.810
38.724
42.621
47.728
53.474
26.810
56.027
54.562
45.830
30.994
51.893
35.111
52.762
45.239
38.569
48.003
32.216
44.178
55.015
54.672
39.886
31.499
16.707
48.926
40.537
44.720
58.360
50.107
30.396
41.838
33.800
47.230
35.439
48.131
40.537
31.703
26.734
16.700
52.895
20.921
17.013
41.917
43.732
49.029
56.871
55.517
42.092
41.284
50.584
46.767
20.211
35.343
43.730
37.144
28.288
47.484
25.278
44.570
47.585
52.935
49.858
44.587
50.970
48.381
57.153
24.609
54.728
48.619
47.713
34.614
34.449
20.620
47.416
32.098
49.655
46.527
41.727
31.522
40.198
21.000
46.698
52.554
11.433
38.291
34.733
40.383
25.645
45.236
49.350
35.651
52.106
47.001
46.292
52.896
45.004
54.777
49.383
54.203
45.045
54.654
44.739
57.626
36.928
43.523
18.057
51.761
50.927
44.656
43.085
47.785
52.286
24.722
43.922
46.774
59.926
32.891
41.839
44.974
41.439
48.602
33.266
27.181
48.061
29.998
42.471
34.994
39.761
47.101
40.096
50.973
28.863
45.001
27.246
19.408
50.292
41.934
31.045
44.326
30.597
46.073
23.511
22.787
39.279
30.972
58.175
47.122
39.467
28.882
9.125
17.289
45.960
44.856
57.922
27.889
42.571
54.199
51.232
55.388
27.185
16.211
25.318
48.453
42.594
43.986
41.121
27.305
51.641
54.681
37.984
46.819
43.874
58.738
41.223
58.926
46.424
31.565
49.437
51.205
51.379
50.278
46.642
45.166
37.084
50.917
43.589
50.762
35.348
46.780
45.778
51.422
54.753
50.489
35.751
10.627
56.011
29.550
49.364
55.429
41.644
38.366
24.085
43.561
48.452
45.589
52.333
52.248
44.942
48.456
49.534
42.671
47.806
39.726
18.009
14.451
45.088
58.464
56.268
43.499
48.868
57.175
52.635
47.929
46.400
36.186
40.493
42.571
53.971
36.120
38.790
31.634
30.173
47.582
56.471
42.968
36.904
21.207
42.796
51.167
32.718
42.142
52.486
48.359
48.200
55.293
27.916
47.493
34.057
43.183
46.522
55.012
51.636
29.004
37.341
47.994
25.674
45.455
58.259
36.651
49.083
55.080
42.270
48.544
46.414
46.761
45.890
44.331
45.916
54.420
31.690
46.167
50.064
42.560
30.234
48.917
49.019
40.728
48.224
59.279
34.441
41.824
55.164
39.810
54.215
46.555
31.316
53.281
27.688
54.013
42.194
31.426
44.058
59.849
55.927
43.221
45.827
37.083
45.812
26.792
29.885
40.636
15.879
8.940
29.198
33.424
9.146
14.795
16.913
44.579
36.191
54.148
54.467
40.964
37.416
45.107
51.196
36.677
49.148
43.760
53.080
58.744
48.989
51.123
44.234
38.545
40.038
14.152
48.099
46.326
28.340
28.344
47.710
38.199
49.100
58.244
50.264
27.918
36.224
51.113
48.811
45.012
56.178
46.517
58.192
48.940
54.284
45.256
21.929
39.891
25.342
43.040
39.584
46.226
49.113
56.748
45.016
47.001
35.144
54.358
42.166
37.558
49.024
53.520
24.784
23.072
37.792
27.040
33.446
33.590
39.279
45.811
32.961
53.619
42.992
31.219
41.553
38.229
43.029
44.855
55.681
26.201
40.312
31.357
36.694
51.207
40.478
57.895
31.959
58.929
56.333
38.884
29.582
49.779
49.755
38.395
50.863
40.921
31.726
35.029
41.636
37.010
25.549
51.675
33.703
45.023
26.578
39.456
32.275
31.966
53.281
54.156
56.022
25.485
38.950
41.027
46.550
24.228
38.431
49.708
39.549
23.183
51.419
50.798
48.230
9.912
40.107
17.473
52.404
47.092
29.430
49.254
48.225
41.310
23.568
32.041
23.993
43.179
10.224
44.344
28.220
46.402
32.020
17.289
25.764
50.864
39.653
18.522
47.638
47.301
28.561
21.507
47.922
49.370
50.158
20.977
56.812
56.849
25.223
42.061
50.824
46.582
57.073
44.564
53.609
43.640
50.863
57.756
50.323
44.538
45.299
46.004
42.106
52.163
33.458
44.938
36.254
27.849
25.952
29.939
56.863
48.953
56.508
41.445
35.302
46.650
31.051
45.395
31.780
57.996
25.869
20.087
31.219
25.953
50.002
54.284
52.993
41.053
55.603
35.230
32.683
37.840
27.325
43.310
19.340
33.711
35.480
33.915
53.315
55.243
32.562
18.733
29.181
51.132
37.303
40.218
59.252
20.725
47.032
43.391
56.497
44.047
15.555
34.730
58.005
36.492
12.393
45.580
48.450
42.868
50.196
42.025
44.062
47.791
52.266
50.894
16.125
30.834
33.168
32.277
44.488
28.597
36.160
41.584
43.867
30.006
24.535
48.375
27.220
49.378
39.045
45.680
49.177
54.259
26.485
26.667
20.155
24.117
49.231
57.808
42.226
56.131
49.041
41.459
38.901
54.918
44.652
53.542
21.807
50.172
34.239
46.735
42.834
56.241
61.917
45.325
43.511
50.667
52.336
52.170
37.791
45.854
36.173
45.050
49.136
33.704
50.651
50.391
56.613
40.181
35.287
48.624
47.497
46.417
46.463
57.591
32.187
19.738
51.961
56.959
47.392
58.571
45.599
52.060
23.898
17.638
30.863
58.783
44.096
26.897
17.027
33.933
38.793
55.769
46.782
47.048
47.565
50.317
48.117
54.310
42.263
45.038
47.033
47.707
49.482
57.632
33.392
53.178
56.333
24.095
38.035
29.444
45.203
43.380
32.184
48.137
43.199
49.302
47.534
43.067
57.443
41.133
34.423
41.971
51.528
48.770
45.127
19.427
57.197
56.183
38.976
23.679
59.147
22.047
32.193
20.978
24.320
41.330
52.917
34.690
56.189
57.235
58.980
39.617
23.825
42.636
59.592
51.605
59.965
43.155
36.733
39.178
49.456
55.830
45.616
52.745
35.423
45.361
46.690
40.386
39.742
40.265
42.041
55.844
22.103
49.372
32.042
22.719
55.496
47.086
44.419
57.496
27.320
45.868
44.893
34.628
11.641
44.208
49.435
42.629
33.209
44.015
38.125
54.681
21.594
24.829
60.188
26.416
32.354
39.548
37.186
51.634
32.896
55.103
49.786
42.184
38.953
50.006
59.398
55.638
30.747
48.198
39.667
49.838
33.505
38.426
50.801
36.053
35.257
36.377
54.884
57.832
42.493
52.705
45.865
30.364
55.663
55.096
42.937
40.392
21.541
40.092
44.140
45.735
54.637
45.375
26.112
47.953
24.829
38.710
37.252
23.064
41.715
36.379
36.767
32.710
48.024
45.348
33.632
39.960
32.491
58.172
48.490
43.947
44.270
57.325
22.290
49.217
33.295
30.023
30.554
38.878
35.110
43.864
42.650
40.642
35.111
49.143
42.490
30.168
48.957
35.451
49.168
31.259
21.485
32.871
35.272
25.827
58.435
53.871
35.868
60.003
56.683
44.860
43.452
57.653
32.431
44.772
30.176
50.729
23.990
32.014
56.525
19.658
17.573
38.937
15.980
53.173
40.430
49.536
42.343
20.788
24.808
26.827
43.539
52.624
49.123
33.415
33.226
43.586
26.436
47.825
42.758
50.569
48.096
59.191
45.506
41.470
43.115
61.729
42.822
30.026
47.674
59.709
29.419
34.274
32.027
52.749
43.459
56.788
46.737
31.645
36.326
49.305
36.382
56.945
57.216
37.207
53.421
43.112
50.594
29.192
51.964
50.261
46.953
33.296
42.477
34.467
38.397
43.342
26.946
41.096
43.595
34.483
43.919
42.002
27.115
32.557
45.918
51.244
39.522
36.020
56.132
47.654
36.494
52.257
54.204
58.007
52.000
49.649
27.335
41.294
17.310
43.932
22.347
40.943
20.021
36.297
34.824
41.182
31.859
27.510
41.284
52.881
45.729
29.899
37.120
42.713
53.814
43.359
22.370
51.729
27.386
10.081
49.662
50.026
51.706
43.712
42.491
40.039
39.922
28.604
39.750
47.129
56.333
31.978
32.483
28.023
47.691
49.297
44.798
30.510
41.637
32.760
35.583
40.940
41.571
59.641
51.323
52.364
31.359
42.477
33.930
35.957
58.664
30.943
39.402
50.605
40.328
50.911
57.820
39.769
53.792
25.726
32.408
40.892
52.454
45.225
56.135
50.175
34.500
56.988
26.080
10.865
52.748
41.919
10.261
26.680
22.369
41.806
52.985
55.941
34.525
40.236
42.520
23.682
47.851
47.126
40.786
17.779
28.733
53.278
40.206
40.375
33.812
47.336
46.315
49.850
26.528
50.585
54.584
21.147
34.995
57.419
46.526
51.628
37.006
16.887
42.182
36.602
33.427
32.232
23.766
42.687
37.829
45.777
53.807
35.122
57.108
37.533
46.560
53.933
48.478
39.459
20.577
49.202
36.483
48.227
47.547
55.713
34.153
52.661
43.628
51.700
51.363
41.317
46.261
47.181
55.029
42.368
39.680
47.640
31.569
48.025
56.632
52.592
49.539
34.914
10.973
24.265
38.298
47.913
52.040
42.692
54.558
33.031
42.933
46.157
44.599
50.993
29.018
43.831
34.050
30.354
30.718
51.737
31.715
56.582
37.748
46.586
13.074
50.636
32.475
45.463
25.920
26.645
30.783
43.795
34.044
44.017
51.597
26.284
53.749
58.717
43.806
44.253
42.560
43.410
40.648
29.495
47.519
36.982
47.883
37.785
36.518
38.035
19.817
35.189
35.379
43.976
42.032
57.684
41.248
41.602
43.375
41.133
42.209
49.251
41.743
29.882
46.975
37.376
26.246
52.577
18.558
35.354
48.045
57.353
45.285
49.782
54.072
59.402
51.287
48.025
24.936
31.899
28.736
48.191
55.230
26.719
32.493
44.960
42.459
55.928
33.250
26.005
35.511
19.660
25.463
29.809
47.279
54.407
45.720
52.775
39.756
18.360
44.506
35.135
45.355
44.913
50.507
47.452
21.689
50.678
23.698
42.303
29.251
19.566
15.284
18.270
45.327
53.019
58.539
44.158
47.245
41.568
55.359
48.038
52.260
32.682
44.597
49.940
46.147
36.623
52.295
40.964
21.064
16.930
9.357
41.351
52.037
57.567
45.793
46.486
32.131
39.742
44.837
32.768
22.403
34.562
26.941
35.750
34.380
53.962
48.330
50.862
44.826
32.047
50.205
47.845
28.575
51.821
58.946
31.830
37.270
53.244
49.192
56.847
42.654
44.252
33.924
31.410
31.039
30.399
52.650
27.063
58.791
47.424
33.374
31.202
24.567
19.501
44.400
31.868
39.245
48.973
52.790
55.749
29.310
40.332
53.516
40.690
26.194
30.827
56.755
40.449
23.445
42.688
49.271
60.281
15.426
39.405
41.856
22.319
46.190
35.598
58.069
60.750
25.136
55.199
50.448
15.632
41.908
32.418
46.394
53.505
41.146
40.270
46.247
49.677
42.874
28.329
57.369
44.561
42.352
53.863
46.496
43.901
57.462
35.955
56.721
46.275
56.616
43.292
52.483
34.027
25.622
39.536
50.668
29.877
55.733
19.047
46.723
18.931
38.495
35.389
47.452
20.964
29.233
52.598
24.123
46.114
39.958
8.941
34.798
34.499
35.949
24.582
45.808
33.379
52.542
45.928
55.172
46.521
40.027
48.340
17.878
27.841
41.184
35.800
48.597
35.289
30.030
21.033
53.845
55.076
57.153
36.300
55.056
31.588
44.239
44.000
44.206
57.965
59.278
54.340
36.235
48.760
41.456
8.367
27.875
38.617
51.220
20.150
53.186
41.165
42.290
60.147
44.746
54.968
27.165
35.116
51.563
56.746
40.446
49.234
48.615
42.498
28.872
49.227
24.116
55.593
41.443
40.591
42.117
32.530
32.905
52.509
42.442
40.196
8.853
29.555
47.752
48.817
51.458
33.961
53.729
38.381
22.795
46.507
34.373
36.373
9.714
35.934
54.923
38.175
42.955
47.408
39.225
45.059
45.976
45.068
58.311
16.802
43.658
57.880
36.680
59.377
44.771
45.829
45.299
45.343
39.417
36.259
23.495
48.618
58.381
48.251
30.194
24.839
39.796
50.965
33.971
31.229
53.270
52.736
56.561
51.777
36.274
44.083
40.576
23.529
21.693
40.034
42.802
34.845
39.610
31.257
46.693
38.674
48.924
36.352
41.416
48.058
25.678
39.170
44.825
59.459
21.879
50.865
44.007
52.299
34.424
46.964
35.381
19.131
35.903
39.052
39.982
42.946
40.348
30.185
37.310
21.434
46.905
51.233
48.236
46.741
50.121
47.462
44.622
57.449
54.922
49.225
30.307
51.980
42.347
47.803
47.715
26.387
42.618
49.187
21.358
34.867
32.359
20.286
32.283
41.446
40.754
37.895
38.677
45.114
45.394
52.227
46.921
51.633
42.606
52.501
34.647
42.137
45.856
32.853
29.823
52.650
42.150
42.856
45.889
29.316
23.274
37.862
47.614
52.623
44.283
46.762
37.377
32.423
52.824
49.276
44.712
47.897
47.060
57.254
45.785
45.900
42.994
43.127
51.781
55.278
48.573
30.556
40.426
25.932
27.312
44.050
51.288
49.831
25.279
46.626
35.966
42.482
60.843
44.881
56.413
37.182
9.750
49.952
26.616
18.571
37.976
34.748
20.267
37.480
46.393
13.597
17.136
20.219
49.512
44.730
26.634
40.807
49.605
35.814
39.560
43.559
41.477
56.263
44.028
24.236
57.291
52.650
38.792
26.918
39.536
39.962
31.121
28.699
44.648
56.243
26.752
52.620
58.972
32.454
27.001
49.509
54.157
48.509
36.203
34.749
43.929
29.387
44.782
23.373
45.427
53.232
33.503
39.610
53.313
18.610
39.927
24.943
44.855
28.156
45.919
55.762
57.379
53.752
46.500
18.144
50.990
24.671
56.254
46.165
47.880
53.088
30.534
34.184
32.007
57.147
31.449
17.861
37.276
38.755
28.408
26.749
34.577
38.878
25.648
28.607
44.231
35.981
43.688
29.499
33.650
58.356
49.515
54.746
17.417
32.929
33.722
41.246
42.202
40.992
29.206
43.156
43.831
37.153
45.214
48.446
39.350
28.259
27.248
53.331
38.470
16.095
45.227
53.199
52.058
44.567
53.135
49.976
40.138
46.831
43.668
40.815
25.618
51.629
50.397
53.409
37.857
37.552
28.192
45.594
44.424
45.844
52.081
42.913
47.938
42.041
51.179
56.968
50.886
50.793
13.669
37.815
35.785
23.792
18.904
38.041
45.730
46.472
46.595
44.007
51.299
53.005
16.459
42.516
55.867
46.030
37.670
45.378
34.757
36.746
38.185
12.214
43.843
36.136
55.027
38.917
57.526
51.647
27.213
27.295
32.787
26.654
40.426
50.681
21.278
26.080
43.401
34.508
49.764
53.322
31.508
49.840
40.607
55.658
24.955
45.763
51.959
35.426
10.439
34.244
37.132
32.355
49.991
30.492
43.732
54.135
55.789
41.289
52.780
48.380
27.868
31.408
34.312
16.205
52.966
43.159
40.475
56.309
51.707
34.093
45.707
46.361
44.004
39.805
51.032
35.329
36.881
29.399
55.877
41.050
22.823
50.292
41.952
19.505
15.909
36.353
23.966
49.725
29.497
17.356
34.994
49.459
54.310
41.193
25.250
39.150
34.434
39.141
43.661
55.390
36.222
27.429
37.465
51.075
33.215
18.870
9.463
45.360
49.204
45.310
57.138
51.628
33.724
31.341
39.007
41.790
45.210
35.767
40.451
28.660
43.625
50.214
53.648
51.236
39.998
43.453
53.611
42.538
40.044
51.489
31.633
51.692
48.395
44.039
30.467
31.988
16.454
30.317
25.441
18.560
41.309
24.694
52.056
20.444
41.077
39.966
42.014
34.857
31.628
41.377
23.208
16.916
31.879
58.112
33.093
37.065
30.675
46.624
41.897
54.706
17.806
25.894
25.456
46.713
28.376
57.270
51.713
42.605
34.956
38.917
26.993
55.667
37.184
53.858
41.205
57.460
33.511
58.933
42.255
42.259
58.000
32.415
52.849
42.539
56.878
43.334
50.461
31.039
39.569
55.980
47.151
34.985
59.818
51.724
48.127
26.662
33.520
45.712
57.115
34.405
24.386
53.413
16.257
36.001
59.039
17.968
39.241
33.125
49.522
23.007
44.667
25.490
50.295
45.048
40.457
46.861
35.799
26.281
48.153
52.397
17.467
56.698
36.721
43.466
49.108
52.303
42.356
39.212
28.956
45.244
44.856
43.535
42.072
19.604
40.643
48.241
20.870
27.467
41.895
53.860
37.425
19.407
52.555
41.074
40.280
39.852
50.466
27.565
43.404
30.406
60.188
51.939
46.870
37.300
52.132
49.878
46.644
47.601
43.993
41.540
41.746
35.874
41.123
57.545
46.710
42.209
53.372
22.937
53.812
50.319
48.530
60.162
39.185
44.371
57.220
25.480
52.238
42.859
49.332
60.713
40.085
60.244
48.450
45.791
36.796
37.844
40.358
42.848
18.893
29.693
41.643
45.584
18.258
45.286
57.212
45.675
56.123
45.169
19.118
12.931
38.137
18.062
55.432
48.322
33.885
50.143
46.274
11.211
53.451
45.229
38.028
56.240
30.037
46.130
51.625
42.914
23.077
35.706
35.787
48.765
44.490
39.817
51.588
19.189
50.642
52.912
39.776
31.713
34.678
52.651
43.776
54.261
20.153
27.967
28.354
31.091
39.460
60.102
51.022
56.652
25.173
52.062
29.291
43.407
36.138
52.537
26.678
33.152
42.131
46.603
37.884
30.414
56.412
45.079
49.579
33.479
38.580
39.416
44.949
27.002
38.805
49.896
55.950
36.455
50.835
53.706
30.498
42.287
12.239
38.390
56.188
27.708
44.780
55.575
35.480
42.411
41.881
46.019
58.813
60.443
40.841
56.378
48.930
28.263
24.107
29.180
49.225
54.916
22.386
51.692
48.930
33.750
49.229
23.992
32.692
43.162
59.067
51.740
42.641
43.589
48.138
47.725
31.091
49.482
56.813
57.067
23.891
59.493
47.306
38.937
46.316
58.219
9.585
55.529
25.099
46.922
21.446
15.635
45.303
27.118
48.111
22.335
44.611
54.077
22.543
33.057
27.783
44.523
46.672
49.265
29.143
39.586
32.616
60.276
24.539
16.845
46.263
49.667
18.669
37.908
43.254
16.883
40.840
53.482
46.734
46.783
47.581
18.336
51.060
34.180
42.837
40.266
34.970
24.385
40.386
36.236
37.407
38.320
22.491
55.405
51.222
42.955
34.524
47.906
60.834
33.466
32.637
40.301
44.940
44.241
26.551
45.018
45.192
28.737
23.325
53.675
32.591
37.401
44.180
45.565
47.225
30.368
24.154
58.461
18.508
43.786
56.281
29.548
59.200
46.238
36.901
36.009
43.335
37.705
39.831
49.881
29.670
47.408
15.043
32.381
48.365
52.390
42.366
51.620
49.657
59.913
45.582
50.972
31.073
44.706
50.414
52.938
19.667
39.675
50.871
44.779
12.384
33.206
19.849
39.056
37.606
51.784
31.446
26.466
44.052
46.123
50.205
46.561
11.067
47.614
42.954
47.179
23.785
52.251
21.653
49.608
36.940
33.798
26.294
31.627
49.473
29.667
44.700
50.372
39.580
54.826
17.313
59.489
36.539
37.692
8.918
44.075
30.819
47.784
44.449
31.831
53.709
49.173
32.079
58.354
47.563
55.933
37.833
10.387
48.393
50.859
50.081
27.835
50.802
42.862
55.934
53.311
36.275
32.580
15.696
22.040
21.390
25.995
44.686
30.361
55.734
22.665
51.360
15.790
48.478
44.720
29.918
46.478
51.809
48.126
31.426
26.676
41.435
42.793
49.330
49.749
40.487
39.005
34.326
32.185
44.198
40.371
43.408
36.836
43.282
45.394
28.666
36.749
37.345
27.186
40.641
32.899
45.739
45.793
24.478
30.753
48.788
53.831
43.324
53.014
25.512
48.717
23.111
40.818
27.033
38.688
35.012
38.098
45.737
50.062
48.124
47.798
38.359
42.132
48.102
52.211
40.224
44.891
48.300
30.150
29.030
38.276
46.393
53.164
45.204
52.399
32.701
43.469
58.713
37.427
50.730
41.299
49.898
28.950
27.512
34.356
51.980
40.130
53.282
61.985
33.968
45.760
42.406
31.691
42.748
48.455
42.600
51.827
46.910
34.049
44.313
22.696
55.201
38.698
33.552
38.101
56.872
58.909
36.712
19.729
50.621
54.571
52.937
53.651
23.997
33.823
15.977
38.510
34.986
51.444
35.791
39.873
46.950
31.822
44.733
45.160
48.695
58.114
23.575
16.553
31.421
46.830
47.398
59.540
48.210
43.494
46.942
54.223
31.926
40.351
22.368
45.133
43.633
43.933
43.673
41.583
41.094
48.533
21.026
30.540
51.432
24.058
37.013
18.536
53.146
41.164
49.335
40.942
20.492
55.143
40.380
26.481
57.734
31.743
43.250
27.336
52.069
45.849
38.919
44.310
45.533
48.188
37.699
30.932
41.645
36.149
42.632
31.670
36.082
50.433
45.022
45.893
25.571
44.381
54.431
17.084
49.404
51.602
31.522
40.015
32.374
50.646
42.538
45.118
48.253
35.962
31.489
42.644
51.442
45.415
46.726
39.485
48.933
41.936
23.803
42.714
34.563
50.486
34.801
52.089
46.854
41.918
42.365
50.397
59.899
44.656
20.930
42.218
48.499
25.881
22.011
60.550
43.558
23.393
45.926
48.604
30.595
27.252
36.965
30.649
39.775
10.635
58.201
31.666
32.476
52.160
45.443
30.157
9.053
11.515
52.674
17.322
31.523
42.082
61.002
52.238
58.279
38.632
28.253
45.700
28.661
42.292
29.892
41.807
53.364
56.190
44.250
10.050
40.811
55.209
10.780
19.138
40.137
55.890
46.716
50.010
34.909
45.840
41.323
42.428
46.992
59.608
47.967
39.288
48.663
56.464
22.333
47.864
37.286
44.683
53.276
62.082
51.879
53.428
47.480
39.610
43.808
40.090
25.106
23.137
47.452
44.963
29.264
41.836
42.550
55.477
43.277
47.465
49.202
52.100
40.064
56.920
33.449
41.488
42.702
34.232
29.385
54.119
42.671
57.640
49.221
50.170
44.294
49.899
30.591
41.885
44.456
44.221
31.199
44.154
26.322
46.887
25.868
51.352
9.535
32.503
46.409
33.907
36.231
35.897
46.042
39.772
45.680
43.439
44.538
47.507
58.376
58.966
34.030
38.704
47.485
45.102
28.904
50.931
41.185
48.312
34.733
20.444
52.870
59.258
40.910
53.761
19.698
43.044
50.031
42.397
58.122
26.727
21.929
24.425
55.167
38.565
42.840
53.639
32.494
28.663
57.252
57.514
59.645
58.443
33.721
28.635
24.285
50.744
39.196
46.958
48.008
42.653
51.223
52.624
23.870
49.065
19.893
11.374
42.443
35.722
44.836
51.402
29.431
18.063
31.581
24.656
34.706
42.633
45.567
24.263
42.424
56.126
41.126
19.253
44.993
47.956
33.375
40.420
39.747
46.400
47.464
46.150
39.362
40.987
44.119
40.077
50.476
46.208
48.406
29.332
49.436
44.910
33.536
28.394
30.619
52.317
36.676
33.639
22.760
53.522
39.773
29.805
47.462
51.803
53.005
59.298
50.533
50.248
57.629
40.852
44.018
33.599
28.152
47.207
55.548
53.651
41.754
56.121
52.765
45.705
55.179
54.506
44.550
46.283
45.852
38.984
24.711
45.867
24.177
19.419
24.555
27.504
37.424
27.989
45.069
38.084
45.041
32.100
46.494
41.862
46.554
42.812
56.463
43.499
50.979
48.675
48.898
33.970
36.906
42.710
52.833
51.350
39.863
36.788
33.335
26.680
37.884
52.541
53.437
42.254
54.523
38.367
44.411
35.440
32.266
17.860
51.512
50.411
54.563
53.351
17.567
52.760
40.193
37.200
33.945
43.774
59.112
24.959
31.052
48.667
45.891
57.444
40.278
20.584
35.798
33.667
54.080
51.986
21.783
55.096
38.895
29.966
47.968
41.335
35.900
26.700
29.924
47.947
23.708
51.236
50.107
42.998
26.946
42.815
26.643
43.398
18.110
44.372
60.030
46.672
50.000
49.905
40.630
28.284
45.080
44.707
27.674
28.937
59.796
35.655
48.593
51.261
41.713
45.692
17.570
52.929
35.300
53.338
54.319
16.077
37.087
35.569
42.751
47.780
38.973
42.096
28.507
30.347
55.495
44.852
31.753
49.816
43.970
30.375
21.892
36.876
30.367
44.601
53.051
37.847
44.877
38.036
32.929
21.310
49.319
42.445
52.970
38.513
30.358
23.278
33.099
54.806
54.699
47.991
25.843
52.135
46.307
55.449
37.936
41.307
57.071
24.591
27.739
35.002
39.600
33.217
18.372
36.822
34.004
45.075
58.245
51.243
41.477
23.600
51.171
56.524
47.886
38.775
52.508
41.820
32.567
22.562
48.469
37.515
54.486
48.389
46.307
44.695
52.441
58.710
49.708
36.494
51.538
46.963
43.678
32.195
50.509
50.848
48.107
52.512
36.854
26.658
34.150
31.362
23.692
56.747
50.362
40.572
50.650
39.889
33.268
50.595
41.403
36.346
57.120
48.559
39.024
50.454
45.275
30.116
57.631
39.431
43.696
53.527
49.056
53.807
43.399
34.857
53.068
31.768
49.301
22.595
53.508
33.452
51.443
52.774
49.683
40.279
48.311
35.887
49.344
30.025
40.778
53.907
29.496
56.840
50.875
46.112
34.647
22.273
53.639
53.082
35.984
24.526
32.184
27.706
33.688
54.265
33.253
42.866
33.233
48.864
45.829
42.038
46.211
50.206
53.877
59.246
33.684
46.603
24.332
37.848
21.191
48.552
38.307
28.363
46.469
47.016
23.733
59.159
43.297
45.203
41.988
28.428
46.310
44.892
48.724
51.086
30.633
38.706
40.391
31.917
38.322
32.607
26.171
24.165
31.630
48.674
29.817
59.504
44.307
41.470
30.521
43.548
45.623
9.062
28.918
36.973
38.340
42.871
46.302
14.779
35.508
41.403
44.278
45.849
35.025
49.644
52.572
48.336
46.019
51.536
32.052
28.883
32.156
56.939
53.110
46.510
46.895
44.807
54.519
47.199
45.346
57.446
46.905
52.382
17.800
39.113
57.368
33.210
48.882
33.289
24.963
37.179
49.302
21.192
58.563
36.592
42.357
46.352
22.416
40.242
33.558
40.955
42.193
23.260
37.455
9.708
20.953
44.810
47.226
30.878
26.353
36.166
48.449
43.212
10.277
19.503
32.814
29.946
41.467
60.478
48.219
43.911
48.767
47.354
39.103
57.054
41.971
15.643
53.334
39.536
50.190
32.974
52.743
48.544
32.226
27.302
38.238
24.037
47.257
46.050
55.318
58.970
58.399
22.190
49.015
39.609
12.329
42.538
46.675
41.868
34.558
29.336
16.999
43.515
38.300
25.019
39.374
17.339
48.749
50.714
36.062
15.962
34.554
47.332
25.617
23.032
54.639
40.797
23.964
44.937
45.609
29.801
45.974
35.266
56.713
49.324
39.478
37.022
47.326
43.569
33.095
49.685
27.000
20.770
24.863
47.881
8.354
43.046
27.380
49.808
53.327
54.191
47.129
52.892
51.315
37.225
25.809
39.817
46.657
51.662
53.790
48.490
51.995
38.951
44.154
44.374
42.772
47.279
36.649
48.946
18.707
49.644
45.307
23.937
54.971
23.543
27.500
40.363
42.431
27.592
24.775
53.056
14.686
50.070
60.344
28.626
30.892
45.506
34.018
56.346
45.579
42.454
54.981
39.622
37.361
29.020
35.822
26.085
44.273
39.929
50.765
55.279
50.121
40.014
26.374
38.113
45.711
59.218
39.432
43.853
42.806
42.564
37.438
32.044
40.852
31.737
36.007
16.337
59.904
48.362
30.693
55.750
58.401
46.544
53.499
39.998
33.258
29.789
30.583
26.115
28.182
41.545
51.877
57.556
41.200
58.028
45.621
38.589
50.329
30.144
34.832
25.271
38.182
31.607
39.143
48.124
34.859
30.343
51.934
27.458
27.059
33.896
43.082
41.837
47.314
41.493
36.134
55.456
51.143
49.692
49.067
31.184
43.553
38.493
33.781
25.588
29.763
45.148
49.780
45.246
45.125
10.556
34.326
56.532
29.048
33.586
48.421
49.094
34.186
35.938
44.000
30.401
23.215
41.562
49.520
54.008
39.268
45.982
31.940
36.129
36.943
30.057
50.454
34.982
58.316
27.333
33.426
26.529
59.561
34.712
55.618
35.137
24.850
57.714
57.803
44.243
52.268
50.763
40.532
34.812
38.645
23.082
13.146
30.760
45.736
47.008
39.629
53.120
48.097
45.273
61.390
46.020
28.730
49.488
27.797
46.124
54.194
26.252
39.229
56.462
47.001
48.861
32.895
54.980
60.599
41.133
48.379
49.681
41.426
40.317
53.472
51.901
34.622
31.951
45.552
54.852
49.120
26.821
47.533
46.245
41.080
33.214
43.391
45.379
57.102
34.304
50.044
46.261
30.455
33.354
49.780
27.141
32.295
52.754
52.865
54.481
52.293
28.609
35.575
33.189
33.009
30.733
54.692
53.952
59.556
40.935
42.363
31.211
54.213
40.299
40.268
28.253
24.908
38.926
46.039
32.626
36.941
49.804
55.474
57.110
51.169
31.651
45.637
36.902
42.301
32.712
40.971
52.998
41.966
52.943
35.819
45.562
50.083
17.999
45.844
22.148
37.240
23.584
56.912
46.045
34.454
36.179
28.758
52.228
41.053
50.433
57.864
42.121
24.220
40.029
37.961
30.386
37.771
38.222
30.397
22.188
40.203
15.985
36.935
26.077
49.249
27.259
45.561
8.916
30.143
38.745
50.895
39.177
49.203
46.409
33.175
38.348
45.085
41.056
35.470
18.798
41.021
47.059
30.588
57.334
38.734
33.987
35.344
24.442
45.592
56.121
43.533
55.787
41.453
47.709
38.841
53.930
50.327
38.811
53.561
36.512
24.560
44.795
35.207
51.424
55.835
24.900
47.205
38.212
14.886
47.282
37.615
46.135
55.560
30.382
34.556
51.844
39.851
41.010
38.820
43.355
29.741
51.632
35.865
30.078
40.199
50.089
56.265
33.603
39.475
39.602
26.980
33.737
49.042
51.879
41.454
46.350
41.945
36.874
46.733
47.119
53.505
52.074
36.170
30.105
33.834
32.256
35.309
34.924
32.139
55.883
33.022
55.612
54.301
19.087
43.003
20.995
40.492
42.665
54.237
41.782
54.009
35.955
50.954
55.338
51.067
39.939
46.832
49.716
38.432
42.931
44.618
52.689
57.875
36.654
36.489
58.272
53.520
31.449
45.025
38.991
57.396
38.817
38.844
51.663
35.241
42.887
47.136
35.518
59.539
41.681
29.831
25.372
38.983
32.047
57.053
46.153
55.374
20.561
28.507
49.895
22.572
47.697
46.942
44.562
47.051
38.244
57.802
50.323
46.675
35.388
44.609
30.822
52.665
40.138
53.116
44.342
54.148
27.047
35.917
41.744
50.829
30.928
33.526
46.876
29.917
49.991
29.485
8.633
20.207
41.462
9.573
40.783
50.152
29.667
38.808
28.269
40.439
40.222
44.328
24.570
34.977
51.099
44.970
56.213
47.183
48.083
40.007
22.242
17.813
46.761
30.164
43.036
45.915
48.854
48.767
43.670
42.241
48.075
35.929
59.454
60.467
39.106
51.512
24.669
20.425
28.619
41.047
51.118
41.756
9.107
50.017
59.431
43.340
41.755
37.282
39.254
49.615
48.772
58.092
29.648
42.074
39.283
38.306
41.511
41.555
44.098
46.709
46.222
52.726
34.615
46.709
56.300
38.060
49.691
13.504
45.786
40.936
28.113
37.420
50.266
53.111
31.246
38.157
39.516
49.820
36.593
46.265
34.364
14.631
24.468
46.887
52.054
22.527
49.827
51.317
52.283
14.926
52.607
48.929
32.288
33.957
47.232
9.779
26.953
54.064
29.434
46.542
47.688
45.350
46.868
41.125
41.676
25.703
53.768
41.399
46.897
38.698
33.276
54.538
46.304
52.283
42.471
39.270
56.943
40.972
32.053
45.707
24.990
44.665
38.264
52.399
18.204
47.237
36.370
30.278
37.420
53.553
37.583
32.427
57.106
40.073
25.395
45.330
45.695
29.689
55.919
46.553
48.179
24.173
52.221
59.551
48.986
52.512
56.783
28.423
47.769
47.333
31.527
47.825
56.275
36.431
42.436
42.411
51.705
35.108
58.758
41.922
47.965
36.785
47.429
39.784
52.360
35.768
9.698
31.369
46.281
29.041
29.738
39.974
17.838
43.514
34.162
36.477
45.301
45.650
34.161
47.243
32.714
52.695
34.997
42.237
43.859
35.877
42.795
46.807
53.760
53.860
51.494
53.574
44.585
36.058
52.062
46.341
46.123
40.099
54.027
29.494
53.437
33.680
9.703
53.429
51.945
43.006
51.619
49.879
40.586
43.746
45.780
43.230
52.064
36.990
46.853
24.555
51.205
43.429
47.822
54.451
36.100
57.174
29.058
16.994
33.496
55.054
43.223
20.377
51.626
24.164
53.686
39.613
40.513
44.918
34.457
26.098
45.630
36.995
53.654
30.360
31.994
53.899
22.670
47.441
47.149
32.678
51.004
50.874
40.419
34.743
58.450
40.060
30.685
16.437
51.147
34.944
40.340
43.632
37.706
32.190
49.305
40.515
51.537
40.250
29.652
38.077
34.788
25.849
34.536
46.802
27.818
33.695
37.076
54.266
50.537
51.186
51.377
40.941
41.522
34.480
45.810
48.294
43.335
45.609
52.912
15.433
16.971
54.328
29.462
43.725
57.950
55.596
46.543
45.992
38.337
25.980
33.373
55.885
32.895
38.143
41.409
46.172
50.234
47.124
48.907
24.970
40.892
18.115
46.822
45.776
41.577
56.560
42.867
38.103
58.958
59.260
43.093
48.015
42.451
20.023
48.872
60.031
37.294
19.765
37.869
25.446
58.391
51.225
31.652
56.164
31.874
50.266
58.231
48.463
41.398
56.983
34.527
14.558
25.317
21.216
46.925
25.265
32.517
47.410
56.045
53.501
38.524
61.124
42.891
48.788
52.000
43.457
31.288
36.003
57.766
47.541
55.007
22.238
32.333
16.405
41.261
55.876
46.797
37.092
36.964
25.912
29.748
37.726
43.547
14.633
44.804
49.680
56.214
27.769
41.594
39.525
46.476
33.474
43.857
41.975
19.953
14.821
47.347
33.466
18.250
47.235
45.406
37.039
16.895
46.013
49.491
33.192
26.021
25.524
37.723
10.847
45.837
58.457
59.168
38.430
26.443
59.524
40.791
27.326
42.127
49.490
53.094
45.660
53.824
45.447
52.357
44.534
58.811
49.179
25.458
47.229
28.717
45.227
14.666
40.054
40.552
33.586
25.332
40.615
38.741
33.162
30.956
23.558
41.298
50.557
53.077
56.533
38.960
26.010
24.120
46.523
40.188
54.452
51.951
53.104
40.362
31.210
41.074
19.722
54.895
43.480
51.127
36.150
55.497
38.007
56.214
32.423
49.916
54.488
41.467
38.988
26.931
19.608
48.146
31.042
58.584
41.449
30.612
47.495
45.967
57.599
46.608
58.220
26.081
49.294
53.352
30.907
30.782
35.753
41.642
41.698
33.668
10.322
44.975
46.349
57.719
56.472
57.467
44.616
50.968
53.903
22.245
27.467
38.329
27.763
51.605
53.153
33.149
30.955
41.807
28.013
42.694
37.052
44.055
25.876
33.203
40.675
50.969
36.024
39.353
43.671
43.553
42.585
35.073
33.029
40.623
26.825
22.481
47.589
50.615
39.315
31.078
37.116
44.686
41.950
54.263
44.475
61.955
42.330
42.715
43.833
36.754
34.264
34.450
58.542
25.044
38.583
44.012
58.080
24.935
49.073
17.787
46.711
49.721
10.321
34.284
42.758
48.882
35.809
23.580
33.974
52.522
48.435
23.202
44.742
30.346
43.810
25.728
46.587
35.974
43.243
25.015
35.404
35.881
43.265
47.267
17.072
54.000
42.010
25.664
54.638
43.425
48.886
33.960
39.515
45.767
54.155
36.464
57.173
35.781
32.480
54.363
37.461
44.968
57.043
51.111
44.191
34.526
30.694
32.747
33.617
52.179
32.050
61.197
38.965
48.222
59.239
56.471
25.349
45.588
43.898
40.450
25.511
41.568
57.706
39.244
38.930
39.757
51.455
43.241
42.173
52.343
50.904
56.972
52.183
40.875
42.922
46.568
45.365
44.651
16.978
55.338
53.995
35.739
44.426
40.491
48.984
35.129
48.611
18.709
47.999
37.294
53.443
25.941
48.563
31.776
34.300
40.330
50.228
53.642
33.038
53.928
40.389
43.938
41.679
33.702
45.096
56.286
42.737
48.835
43.910
43.976
24.715
26.386
49.825
48.001
49.875
46.580
44.289
55.704
46.565
38.224
32.664
52.924
44.898
13.692
33.683
48.131
8.951
35.976
59.484
48.149
32.837
58.019
51.618
38.109
32.758
50.930
42.862
8.561
27.123
62.213
38.116
37.128
52.518
39.891
47.176
33.819
41.908
46.101
34.048
39.567
57.982
31.466
32.716
39.318
22.329
54.267
47.323
31.644
42.503
35.247
51.222
47.583
19.144
49.373
49.728
36.510
33.636
52.978
43.806
28.110
45.375
31.069
50.228
41.673
26.359
18.043
17.118
32.646
59.701
44.934
24.723
24.995
42.077
50.573
43.231
49.874
51.598
40.727
34.701
38.561
40.639
39.280
53.390
59.788
44.254
42.696
41.956
33.115
48.488
43.524
35.008
24.215
34.321
34.927
45.723
34.799
42.318
41.667
42.989
31.192
25.071
48.570
37.929
35.335
56.731
48.743
38.379
54.673
47.278
44.689
48.858
45.493
35.561
37.500
38.126
53.256
51.019
37.263
46.289
18.454
27.961
42.059
49.669
46.862
54.795
55.716
17.581
43.710
30.379
47.184
50.203
27.276
25.266
50.975
43.501
30.120
55.927
54.658
53.676
41.614
31.720
35.102
45.876
52.206
41.386
24.200
36.867
53.019
52.587
20.418
36.918
26.398
56.577
46.667
53.380
11.245
32.802
53.423
45.298
46.087
52.468
53.996
46.571
56.618
32.705
14.430
55.256
54.949
21.818
17.609
48.914
43.330
46.700
55.870
44.866
40.054
39.525
54.757
47.848
48.697
50.994
48.320
26.485
50.989
40.678
45.078
45.238
43.483
58.984
52.053
35.233
51.408
38.616
41.747
46.155
33.869
42.563
40.109
52.480
43.412
50.556
48.221
54.882
28.930
56.949
44.021
36.571
27.703
9.548
49.546
51.629
50.614
19.704
45.961
58.710
22.037
54.767
35.628
54.395
43.376
40.898
20.701
49.448
13.303
25.433
50.238
58.284
42.815
38.893
26.873
41.984
33.420
54.363
48.122
17.148
55.281
38.138
56.539
42.265
50.522
37.502
58.098
9.744
52.697
47.718
49.264
35.882
46.969
47.839
54.204
58.205
28.321
56.193
45.769
25.168
49.973
43.941
51.123
48.568
15.996
49.409
53.166
50.478
30.828
49.883
33.962
55.007
38.617
25.845
16.107
36.254
28.676
34.672
50.081
29.036
49.409
43.050
19.777
42.917
28.661
50.399
29.964
43.810
46.096
32.426
46.954
31.545
54.986
31.793
19.817
43.414
48.361
51.398
38.330
58.834
23.245
56.291
38.732
55.415
52.821
36.174
57.141
43.826
45.627
53.345
39.943
53.365
32.289
34.786
48.181
46.018
52.545
47.325
25.651
43.199
41.620
19.264
52.835
51.591
59.325
49.897
52.855
45.328
45.327
45.393
36.606
57.974
55.908
49.281
31.404
23.116
30.643
32.337
37.347
34.434
40.452
38.786
42.665
39.105
57.737
55.568
47.007
21.020
26.104
42.088
48.351
53.622
31.685
40.427
32.533
40.237
33.894
49.243
42.543
56.926
35.179
36.255
11.845
53.464
58.592
55.847
21.072
38.751
24.667
54.764
30.004
56.182
47.094
34.183
47.669
32.667
44.872
50.741
39.066
31.433
56.553
50.386
34.013
43.816
48.480
46.009
37.503
46.861
30.188
55.174
57.482
31.630
60.046
39.332
37.457
42.558
34.228
47.097
38.444
51.434
31.406
27.447
44.632
49.932
30.347
44.510
39.818
45.635
48.280
51.208
54.996
42.802
43.995
41.857
27.110
58.820
23.833
41.354
31.909
55.226
54.416
20.329
42.648
28.854
34.056
45.379
31.181
57.510
52.734
27.887
45.126
55.149
34.503
34.418
47.019
44.033
51.731
42.814
58.791
44.298
45.388
47.412
33.242
46.666
15.486
45.197
61.978
25.106
37.871
33.374
50.430
39.379
39.887
31.758
22.187
39.511
40.086
22.569
42.594
59.329
33.185
41.868
34.073
37.741
40.720
50.892
44.154
56.056
53.054
48.672
43.136
48.230
35.295
47.106
25.600
55.000
17.014
35.058
52.662
39.413
30.790
26.569
53.631
42.437
21.654
40.521
48.859
36.676
57.314
53.863
48.524
59.109
41.772
28.146
31.201
28.815
52.581
32.885
8.874
40.761
35.512
36.516
50.154
20.326
41.170
43.025
29.458
29.305
39.129
36.950
42.372
58.036
51.996
49.757
49.211
54.867
23.173
40.730
48.204
30.853
55.125
51.214
35.439
30.095
29.371
42.289
38.313
50.466
49.462
51.790
27.407
32.794
38.242
46.253
43.146
54.835
46.455
38.948
41.553
17.428
32.856
42.355
30.661
48.124
38.942
53.482
20.986
31.912
34.003
48.522
24.013
29.436
56.024
46.318
9.562
47.565
38.003
33.753
55.303
35.990
55.893
41.067
41.350
45.931
19.704
52.714
51.164
34.585
43.909
36.800
44.317
44.283
50.934
46.073
33.354
47.653
48.070
55.178
33.506
38.478
19.238
40.633
44.629
30.966
39.285
16.619
45.398
43.790
39.463
37.145
50.943
33.024
46.060
29.127
52.183
39.661
32.825
47.829
43.543
49.987
30.288
35.210
20.475
53.609
14.651
41.359
30.072
39.463
28.506
42.453
40.878
30.835
43.376
24.546
43.441
49.662
43.838
50.437
48.108
54.867
38.550
48.464
42.157
42.104
33.156
37.139
47.095
43.130
33.355
39.039
34.452
44.066
48.933
14.450
35.545
48.637
31.670
34.031
48.363
32.162
26.096
15.765
53.828
50.239
34.147
53.776
44.798
34.712
53.034
21.568
18.910
55.385
41.494
28.900
47.453
17.242
60.132
31.895
52.021
34.227
48.408
44.042
32.174
47.833
56.812
43.045
41.959
35.246
36.783
52.047
50.762
45.038
50.106
40.349
53.111
36.765
28.548
40.515
38.800
46.466
57.770
42.534
46.883
44.378
60.090
43.592
56.791
31.833
40.982
56.454
45.601
49.219
46.842
28.120
25.358
41.116
42.527
16.202
44.231
40.671
50.423
30.487
45.698
50.758
43.901
53.856
60.542
58.527
27.687
44.977
39.388
43.405
44.027
50.011
55.287
10.131
38.861
50.936
42.091
11.882
47.875
53.488
9.247
51.700
54.996
46.813
49.372
58.527
40.979
46.187
26.696
45.918
58.273
55.784
56.282
31.644
45.023
47.051
40.437
43.916
48.490
37.302
28.037
53.516
31.641
43.891
54.542
24.061
41.576
33.423
39.539
17.864
38.499
23.126
41.083
49.718
49.798
56.670
36.057
34.506
46.118
48.746
31.333
55.869
34.203
57.196
24.393
50.790
42.621
53.969
39.654
50.859
33.541
28.149
41.188
45.558
39.896
48.669
43.612
9.704
47.440
41.194
42.371
55.882
49.637
15.286
44.221
46.452
50.597
52.305
43.709
24.697
34.426
35.919
30.580
28.461
42.827
42.465
55.115
14.632
34.872
52.515
45.974
50.501
44.081
20.864
32.810
41.059
24.491
42.144
41.728
48.003
46.488
58.058
32.199
42.145
9.314
37.875
54.196
34.410
52.974
59.631
44.863
16.797
56.384
41.071
18.918
54.636
42.528
52.140
51.109
28.405
49.462
45.193
55.073
50.208
46.658
46.436
54.435
50.517
49.870
34.598
60.516
40.861
22.477
49.405
14.599
29.956
41.221
51.963
21.818
57.153
39.510
42.149
45.676
56.358
32.557
40.639
43.112
56.558
50.034
34.116
16.234
43.718
22.158
58.528
54.435
49.675
26.871
54.009
54.189
50.006
42.538
32.378
41.504
30.995
49.832
40.936
47.359
39.577
42.019
45.159
34.253
46.761
50.271
16.870
55.714
21.544
52.720
44.658
35.567
25.163
57.157
31.591
40.192
42.903
31.488
55.934
44.015
45.084
33.763
52.289
16.628
52.136
53.931
49.700
48.503
30.552
36.396
40.891
20.546
60.744
49.814
45.958
42.927
39.836
25.178
24.525
33.654
50.552
48.366
16.379
59.338
37.831
45.353
34.540
36.844
46.763
45.192
38.101
58.567
40.724
35.235
58.458
36.590
22.807
50.639
31.935
45.568
58.027
31.535
55.319
47.709
35.611
50.055
52.653
37.319
45.379
21.394
49.139
56.069
13.419
36.802
46.589
49.325
47.717
40.357
34.494
33.718
53.946
57.983
46.143
43.137
56.096
53.741
58.697
26.132
54.675
52.361
28.401
9.601
41.430
23.107
46.750
9.897
48.608
45.191
33.938
28.041
50.723
37.068
41.552
9.597
17.232
52.584
30.810
40.916
54.808
31.079
41.118
45.630
18.228
39.974
40.765
34.119
36.431
37.850
45.632
48.190
48.089
18.242
36.304
44.810
45.701
53.986
50.422
39.691
31.281
48.051
49.512
47.967
25.547
53.978
28.167
48.025
24.368
43.728
31.192
54.687
45.642
52.265
42.181
54.071
8.945
36.911
38.939
34.531
57.353
54.953
31.858
33.649
30.821
57.159
29.752
42.333
44.702
56.824
42.948
23.240
56.446
21.589
18.825
48.725
45.688
42.495
35.337
46.712
45.734
53.129
49.055
39.748
57.817
37.981
42.874
54.441
29.170
35.117
37.385
18.403
43.743
38.177
40.468
47.484
16.474
27.495
42.471
27.432
50.732
48.144
47.787
14.740
33.422
43.974
36.889
36.413
47.483
43.708
43.748
38.638
40.472
45.119
33.774
41.575
36.253
43.913
10.182
43.938
18.717
47.728
27.502
49.762
28.494
27.287
29.276
53.978
32.468
26.917
37.333
56.485
24.811
30.915
52.820
30.553
33.656
28.293
39.336
54.015
47.713
31.112
46.535
55.145
25.457
27.907
46.786
55.310
56.266
44.807
23.758
41.695
29.247
31.247
46.994
43.006
30.258
57.786
58.909
50.138
50.720
43.258
23.379
37.542
54.708
30.847
45.881
47.721
49.466
60.042
34.894
36.422
51.379
53.733
41.532
34.353
48.553
40.693
47.615
32.336
39.230
52.966
33.182
38.173
32.967
17.179
52.580
31.598
49.519
53.785
44.886
39.295
21.123
51.668
28.684
26.426
36.005
43.989
50.017
30.418
53.553
43.838
33.862
21.271
45.100
56.253
44.210
51.694
20.435
8.730
53.040
52.748
39.191
42.785
26.726
29.413
40.889
30.442
52.181
51.517
39.657
55.487
33.598
57.045
49.600
19.227
44.040
32.307
36.252
39.373
28.400
41.289
35.441
59.986
45.198
44.888
49.940
53.559
38.572
35.349
46.424
56.043
42.570
50.126
30.663
57.336
52.005
47.109
30.450
23.269
32.172
41.287
21.587
45.187
36.317
47.997
55.148
37.192
50.316
52.150
37.663
48.308
52.372
36.449
42.846
32.701
38.752
43.610
47.370
30.691
40.984
26.424
11.376
45.428
48.952
23.600
23.380
59.174
29.051
45.623
57.957
35.823
30.867
34.415
59.083
39.250
39.756
47.617
39.182
52.444
51.767
40.883
46.053
54.080
55.415
56.273
42.783
51.633
38.807
60.244
52.530
52.280
37.440
46.183
47.309
40.964
41.236
44.453
41.560
51.408
41.463
47.955
43.186
48.479
30.988
38.372
35.492
15.162
45.341
55.134
49.796
45.809
18.845
48.406
37.294
23.213
24.216
34.991
50.646
36.872
41.915
25.531
49.750
9.899
53.257
8.808
46.498
55.323
41.980
34.664
57.780
43.820
45.270
43.281
39.606
39.050
55.459
47.704
46.375
54.644
49.095
33.641
48.755
19.946
55.363
57.596
36.538
35.922
24.126
31.916
41.681
37.229
24.878
47.564
47.241
43.370
51.186
37.918
37.715
55.671
16.963
24.433
17.342
56.176
60.105
40.417
39.730
47.418
53.886
46.074
49.465
40.822
24.649
61.616
42.949
60.198
26.201
42.307
28.863
58.222
17.756
47.285
32.193
50.804
40.486
32.094
33.772
57.084
36.871
52.342
49.869
44.663
18.572
57.141
42.002
57.188
29.839
8.780
37.559
29.782
41.878
58.239
57.400
46.788
10.130
38.922
34.840
26.923
10.109
43.508
36.225
43.523
48.601
26.439
53.902
25.475
51.083
53.677
42.250
39.545
26.856
37.332
28.703
21.929
22.345
48.891
48.375
10.138
14.438
42.084
41.854
14.932
52.094
38.719
37.463
48.857
45.378
44.681
43.829
49.813
30.871
20.769
30.153
54.204
52.660
22.936
49.620
35.397
37.178
54.338
27.558
38.541
44.222
50.649
37.442
27.505
20.453
39.909
56.515
33.135
26.849
17.962
32.369
47.379
44.732
54.417
47.854
49.782
29.994
42.718
32.686
30.705
42.773
51.317
43.275
47.509
43.703
41.583
19.433
14.629
56.088
39.863
33.142
55.236
32.206
31.880
57.118
36.535
36.122
53.272
45.160
46.156
56.536
39.098
24.212
49.289
39.720
54.807
49.652
28.191
43.487
38.003
46.747
50.170
55.863
48.533
35.151
38.762
39.024
38.871
40.877
52.745
43.358
49.591
38.091
50.081
51.588
53.323
31.717
30.010
42.906
30.160
39.584
25.883
33.163
54.749
59.869
53.321
60.206
45.240
47.458
43.173
46.851
56.735
35.779
28.020
34.721
52.574
30.670
29.320
21.112
51.744
36.266
9.197
43.928
54.713
46.354
26.762
31.804
47.406
50.434
37.505
35.469
34.877
33.345
43.488
43.691
39.892
33.828
19.770
35.409
60.350
51.500
27.832
38.525
23.425
44.973
41.701
36.650
42.656
47.360
44.814
20.023
57.612
25.588
44.047
48.301
25.101
52.176
48.396
37.944
39.105
40.688
37.235
49.892
50.976
53.092
31.656
56.145
33.551
29.399
41.064
30.427
47.261
32.555
35.120
48.164
54.641
19.795
41.980
52.181
47.602
54.319
52.148
50.819
49.938
35.761
30.673
49.454
20.825
49.181
46.357
40.009
36.307
59.095
32.539
42.239
50.024
35.607
34.575
51.111
59.971
34.587
40.056
43.891
36.678
44.073
46.802
47.175
40.029
51.816
56.746
41.599
19.570
32.120
49.887
37.811
23.084
37.588
48.382
50.376
57.988
41.194
16.249
51.605
39.171
58.317
48.535
52.668
50.088
49.228
35.695
22.773
52.697
40.946
60.216
38.640
56.057
46.460
39.704
45.328
32.430
43.193
50.602
51.490
35.051
35.696
45.331
9.705
16.666
33.526
37.223
55.841
41.844
51.062
51.855
44.858
21.957
27.547
21.994
38.020
36.076
42.306
52.664
34.467
22.749
42.761
47.442
54.079
10.238
54.942
45.493
32.298
33.626
35.494
31.506
52.803
47.475
48.086
44.008
29.342
47.615
45.878
45.168
52.797
32.424
50.771
55.946
22.282
30.580
29.107
43.924
23.689
52.535
33.905
23.446
59.727
31.591
25.135
43.132
29.438
45.005
25.636
50.816
44.542
43.569
22.228
34.495
45.543
53.004
45.360
12.979
39.417
36.518
49.702
38.640
49.603
43.603
27.007
45.904
45.382
56.352
53.820
18.271
47.854
39.947
34.762
41.749
21.832
56.665
53.380
51.155
44.151
53.554
16.398
33.894
33.805
32.574
43.767
10.311
41.612
42.768
47.005
43.294
34.059
32.313
43.492
19.534
49.365
53.765
16.520
26.067
27.793
41.799
39.245
39.799
18.211
46.710
35.344
57.642
40.239
15.524
30.671
37.023
50.282
21.850
46.832
53.196
57.709
46.563
52.504
42.628
41.137
45.644
45.428
37.334
47.052
43.152
29.058
34.110
57.927
15.132
34.393
26.028
37.696
42.475
39.186
37.235
51.163
20.789
44.712
38.378
49.039
44.064
41.106
33.373
47.151
49.626
13.071
37.859
30.454
57.545
32.284
43.823
42.855
21.934
57.912
54.584
44.561
34.977
51.388
36.947
42.661
26.489
26.987
37.436
56.082
22.864
30.614
48.627
27.402
40.672
13.352
33.796
37.788
58.088
51.919
32.029
43.567
56.296
50.680
49.191
36.594
46.030
44.313
49.694
46.314
46.159
43.358
26.266
20.341
47.219
31.441
35.093
44.695
41.150
43.283
46.819
52.351
43.753
55.029
26.087
16.315
42.960
33.345
43.332
25.589
48.066
30.393
44.736
21.009
47.834
40.727
46.184
29.793
24.197
58.635
40.428
44.929
45.616
54.450
33.822
32.419
12.623
35.691
33.356
32.986
40.037
23.628
52.513
27.589
31.090
54.284
22.152
43.401
41.248
56.949
54.718
54.848
37.237
44.755
12.211
39.357
50.152
28.885
23.134
24.006
39.877
49.150
52.177
52.787
33.046
31.225
27.750
46.629
55.206
35.134
41.981
44.536
48.620
32.391
50.604
28.242
25.450
45.208
28.441
49.901
21.000
48.677
42.231
47.789
37.346
34.259
26.630
29.691
33.746
38.965
57.552
57.973
44.512
50.022
41.219
19.557
53.825
17.223
53.172
14.428
27.642
50.460
43.491
60.859
44.028
54.952
52.410
38.011
53.771
24.242
43.308
59.972
54.704
20.483
36.468
42.175
47.461
29.722
27.091
40.886
30.577
42.736
33.694
51.087
38.962
41.901
46.516
30.661
59.224
44.102
43.635
43.758
40.270
45.423
38.547
28.004
34.778
30.362
50.963
42.599
59.248
15.598
53.423
38.955
58.618
31.510
54.356
37.202
20.805
41.967
41.264
45.340
48.761
38.323
54.320
18.548
52.367
41.447
55.340
40.681
9.476
39.748
48.540
45.728
15.126
46.476
47.534
20.395
52.296
27.998
28.765
52.256
49.540
47.154
53.564
48.357
16.114
40.181
46.043
52.648
44.599
60.559
53.810
37.764
15.287
30.365
57.721
41.936
47.137
44.265
18.226
24.329
44.202
53.252
56.385
46.356
48.971
51.401
27.990
54.994
22.905
55.311
44.315
50.248
27.645
58.541
40.891
31.174
24.168
20.167
20.884
48.101
45.746
39.129
36.802
20.290
17.115
31.757
48.133
22.275
27.807
47.166
42.512
37.844
42.303
37.935
42.600
50.810
35.746
43.936
43.074
10.405
42.470
45.223
30.727
19.644
50.361
56.312
52.616
31.429
54.941
19.397
43.170
41.041
38.023
48.550
39.849
34.297
47.829
9.718
46.851
16.291
45.245
43.496
51.877
29.382
41.728
36.304
46.033
46.703
45.983
41.060
47.041
50.475
44.334
35.203
35.018
53.029
34.921
26.051
27.752
44.967
51.420
47.252
49.418
26.269
8.989
56.076
50.044
40.473
57.728
45.637
47.499
35.729
42.571
30.019
9.043
51.377
42.787
37.807
29.332
38.665
44.663
44.553
24.147
46.037
46.273
46.573
38.361
39.638
33.272
36.129
28.141
19.329
55.489
44.473
31.735
50.155
33.614
21.651
49.872
40.976
54.168
49.043
37.652
30.108
53.429
46.551
50.282
44.436
53.239
9.791
44.070
16.868
56.233
57.929
48.090
24.787
53.059
35.000
54.222
39.738
57.278
38.297
23.349
41.975
31.136
32.068
18.917
36.696
43.665
43.809
41.456
26.271
55.920
46.222
10.281
23.289
26.294
55.130
31.246
56.324
40.532
43.666
49.601
41.467
57.980
48.941
55.956
39.795
12.471
30.528
56.065
35.356
16.774
35.849
48.802
51.047
39.174
43.690
52.934
47.196
44.683
26.199
34.572
45.509
34.496
33.875
41.991
29.561
45.561
33.382
42.116
36.199
54.512
58.186
50.568
26.200
47.178
31.525
55.820
15.476
47.063
39.770
41.304
55.103
51.130
30.671
21.237
44.086
30.326
53.656
43.096
32.736
51.624
37.225
28.222
37.969
43.202
44.223
55.675
54.869
52.676
53.086
45.766
55.833
11.238
33.311
33.564
24.094
31.806
32.481
33.320
47.817
25.711
42.250
58.303
25.305
34.988
46.336
9.637
47.975
47.785
27.282
53.542
18.571
18.153
39.750
42.003
46.315
19.522
31.255
49.961
54.743
20.189
46.957
22.261
9.334
45.358
31.229
46.606
56.007
48.216
44.444
41.828
39.720
56.340
42.255
38.608
33.642
23.625
26.883
47.608
26.512
50.304
61.517
56.690
59.571
46.165
34.683
54.648
38.412
44.115
41.730
49.165
46.168
42.574
55.125
35.569
47.241
48.352
29.779
27.170
33.675
40.641
41.672
23.925
32.250
32.730
50.551
40.776
35.956
30.631
19.232
34.561
49.280
35.695
23.648
47.884
22.392
19.705
25.771
40.928
27.275
36.048
22.450
35.623
32.184
40.964
24.384
15.709
45.996
16.001
19.912
18.963
44.419
43.655
34.071
32.320
28.311
50.313
45.535
52.949
48.036
50.860
34.558
52.110
25.940
34.474
51.461
25.309
49.327
43.957
38.343
33.507
20.705
50.205
39.557
24.141
38.598
28.394
42.742
36.963
29.759
37.289
57.033
9.880
49.276
37.759
53.746
50.955
49.979
20.939
50.099
38.890
37.227
29.885
47.370
45.717
53.806
38.775
33.440
40.636
48.037
55.267
37.006
38.862
36.737
46.539
30.192
45.555
28.471
58.425
51.413
22.727
48.919
25.886
52.312
34.343
9.687
30.512
57.081
49.373
48.783
46.007
50.703
49.021
43.972
42.458
24.734
15.336
58.830
19.833
46.118
41.593
43.749
24.231
32.358
41.971
25.684
35.327
37.633
46.577
38.312
22.920
37.412
44.656
30.902
32.577
27.960
54.750
43.375
54.949
17.397
48.534
41.669
54.057
26.112
38.483
52.414
57.106
48.426
37.622
57.498
49.447
48.200
36.097
49.383
52.652
23.798
40.300
47.787
49.882
47.928
39.563
47.171
50.095
50.856
55.234
23.857
45.391
45.542
50.869
35.012
32.026
29.209
30.644
41.894
43.662
54.169
51.788
57.208
49.887
56.381
57.090
52.385
26.126
20.112
53.830
38.351
9.559
44.978
18.077
44.461
22.593
51.539
37.370
37.587
36.696
44.967
48.483
36.519
56.209
42.614
31.564
53.328
9.516
58.570
17.395
46.457
49.254
38.632
43.931
53.521
38.807
36.455
22.525
43.639
58.354
47.402
21.534
37.278
38.658
40.265
43.930
35.229
30.950
40.515
42.654
33.079
36.158
46.094
56.753
56.569
48.521
52.517
32.498
33.309
34.735
51.581
42.682
45.993
32.534
46.185
34.245
57.404
24.973
9.486
39.884
24.563
10.972
47.844
40.667
41.153
27.981
23.816
38.872
40.338
34.326
37.052
27.533
51.700
43.697
32.560
26.269
53.835
44.833
39.290
58.475
35.422
54.696
33.847
53.074
29.618
49.068
55.939
57.927
43.001
30.003
51.433
50.628
37.263
50.572
48.631
49.422
29.156
44.170
51.422
45.387
46.014
42.645
57.468
55.842
50.965
23.604
52.866
49.505
51.344
49.217
37.387
28.542
44.514
58.734
56.901
37.348
39.387
37.044
44.480
22.141
45.016
47.088
27.219
23.934
31.103
41.008
46.847
28.515
44.778
40.563
31.938
55.816
39.847
55.721
37.934
38.703
36.590
52.736
41.519
11.241
39.318
34.033
42.618
47.799
57.556
51.768
33.556
21.429
17.519
31.914
55.623
29.558
59.984
17.693
10.263
49.642
24.017
30.802
39.013
47.145
55.695
54.655
32.052
20.369
52.225
38.409
44.779
38.409
16.842
39.128
30.350
19.778
45.198
48.796
38.223
51.895
52.976
51.777
41.858
48.838
45.520
35.065
46.291
59.875
47.389
48.049
46.418
56.650
47.785
29.321
33.369
47.850
9.621
54.686
43.941
43.039
48.031
48.357
53.726
52.303
59.572
55.927
26.454
39.937
56.573
53.975
56.325
39.493
42.825
44.823
28.329
49.149
37.152
22.213
38.694
19.462
34.562
16.266
51.151
46.242
25.700
20.435
53.818
60.761
50.259
45.463
49.569
49.863
51.702
43.590
47.930
35.912
38.330
56.596
39.625
21.244
44.308
48.488
50.542
46.699
51.223
40.675
38.718
41.014
8.841
16.706
41.160
52.857
33.529
51.416
44.433
35.649
22.519
52.960
36.112
43.748
52.560
47.978
51.542
56.240
32.961
20.267
52.003
44.229
50.828
49.619
30.018
42.006
54.335
49.414
47.399
41.593
53.919
50.342
45.094
31.206
44.281
43.901
26.291
41.516
49.597
36.635
22.909
37.925
59.319
40.352
37.344
30.124
41.915
36.977
25.488
43.114
31.461
9.156
47.602
29.181
45.151
25.451
31.096
48.061
31.420
46.624
53.018
41.278
34.476
41.266
49.098
49.229
39.544
44.675
45.923
41.996
29.460
45.133
53.007
37.787
36.556
44.587
33.051
43.733
45.540
42.685
53.625
51.807
56.619
32.281
56.699
54.405
42.388
43.044
45.742
43.407
52.940
47.024
38.817
46.619
47.460
53.440
41.155
37.155
24.722
33.968
58.058
26.203
45.174
45.495
25.422
12.320
8.966
57.234
37.111
40.605
38.285
48.829
52.799
51.848
47.419
51.090
29.054
35.456
41.626
46.010
34.219
36.655
48.153
42.174
41.895
44.602
42.515
15.439
20.804
44.086
38.907
38.605
58.072
57.566
56.094
38.193
47.707
28.228
51.039
29.639
56.835
56.093
53.469
27.176
28.077
34.827
30.372
44.980
42.063
41.129
39.383
13.587
30.820
52.056
49.659
33.896
54.138
37.957
46.777
43.332
40.067
52.112
34.473
36.375
40.821
60.113
46.321
24.354
59.390
55.285
22.372
48.281
60.774
57.634
53.072
45.779
42.669
50.984
43.255
37.889
49.130
45.903
51.485
9.247
16.753
54.543
40.540
48.284
31.269
47.736
58.768
40.860
17.474
57.283
24.841
35.494
43.417
49.997
20.909
28.937
32.492
13.198
22.338
25.009
50.193
42.996
17.914
40.203
27.001
36.237
37.702
42.320
14.918
44.022
36.326
37.853
33.185
31.173
45.669
25.517
54.835
39.154
37.819
25.160
39.466
38.418
46.769
54.982
42.697
45.023
37.410
38.494
42.437
39.033
35.405
50.210
19.747
45.723
43.908
39.035
57.337
41.351
55.422
33.809
43.441
43.814
45.822
36.309
51.945
42.697
25.760
27.380
49.148
48.330
56.544
36.623
25.509
45.896
54.048
37.275
17.420
42.684
54.567
28.870
46.224
34.642
50.494
54.512
48.943
35.783
18.445
40.869
32.829
33.085
57.437
27.576
29.717
47.399
32.400
18.302
17.444
27.034
49.939
43.358
47.314
28.947
46.018
28.908
59.264
54.967
15.771
17.046
49.646
52.969
35.203
24.401
52.201
22.334
45.062
24.735
50.278
26.293
40.899
49.350
40.275
42.073
40.292
52.082
30.053
42.361
41.771
55.830
36.951
61.591
43.954
50.734
24.378
40.597
18.786
42.524
51.411
24.900
25.672
25.529
23.634
33.884
49.955
39.733
15.819
56.664
50.591
17.477
52.078
42.143
44.373
56.098
47.711
31.153
47.643
28.164
48.868
38.296
56.165
25.925
34.520
52.799
50.164
49.542
54.113
37.654
55.349
37.494
58.144
54.369
41.259
29.900
53.184
48.147
38.639
41.549
53.505
41.922
38.303
56.140
32.219
47.807
38.888
45.036
43.300
49.252
22.992
11.384
43.336
38.349
56.445
52.025
56.146
27.495
29.833
22.566
35.467
54.010
53.783
36.547
54.595
30.641
49.374
47.011
18.937
48.493
29.412
44.706
38.517
42.939
47.189
33.305
38.209
30.506
45.020
18.746
48.947
32.075
32.175
34.408
51.430
25.068
41.574
35.809
18.001
52.760
43.768
31.929
59.834
26.926
36.926
45.365
45.379
19.896
48.560
44.339
49.100
29.044
8.403
45.268
30.015
32.883
41.339
37.303
43.355
45.595
49.961
58.541
36.166
55.190
37.020
47.781
40.124
37.033
41.922
38.447
42.362
51.755
36.939
39.059
44.125
39.389
37.715
42.549
40.209
45.208
20.949
50.911
16.814
39.496
45.060
32.284
31.578
25.445
52.044
39.625
51.471
43.531
48.470
33.831
54.151
45.310
56.487
43.189
41.895
25.982
45.098
55.124
23.554
36.820
20.670
57.068
31.367
48.661
56.719
51.139
42.920
55.403
51.987
38.733
38.706
27.349
21.609
43.690
46.091
53.620
31.490
41.429
38.247
40.226
49.052
46.134
49.409
50.680
53.573
41.013
49.330
36.277
50.401
42.335
60.305
44.255
27.712
44.822
39.030
44.817
56.565
20.564
49.804
46.640
32.614
31.262
17.869
46.826
9.141
38.966
12.359
34.184
45.068
33.363
45.941
23.902
34.822
38.801
23.169
51.853
15.768
49.631
33.406
58.709
51.710
44.853
40.647
25.033
20.806
51.699
34.298
17.333
36.426
58.441
46.531
39.663
41.485
37.655
41.414
43.285
46.512
39.675
48.219
46.099
44.245
44.244
47.419
45.871
17.854
43.601
34.236
29.687
44.889
30.080
50.781
16.149
45.987
34.196
51.219
45.601
50.206
10.942
32.814
47.132
52.579
36.639
51.457
48.752
51.181
25.919
45.313
54.494
47.759
37.490
42.360
37.261
21.896
46.770
58.142
47.633
45.694
45.287
38.800
48.709
49.145
39.844
24.923
20.906
44.389
45.324
39.140
41.780
42.123
41.357
40.246
28.633
30.186
42.185
27.667
38.481
46.302
33.684
40.447
16.638
48.493
50.492
18.631
42.456
38.027
23.218
30.164
50.785
43.970
40.460
54.009
32.426
56.764
27.319
48.702
29.845
17.797
48.187
51.525
33.813
30.025
40.633
57.573
51.271
42.324
29.722
36.654
31.165
36.154
51.913
38.906
36.360
52.879
54.452
41.890
34.436
44.500
41.468
57.844
30.024
23.387
26.547
47.492
50.044
39.859
50.580
27.261
52.135
48.492
48.622
44.500
36.526
44.897
46.247
48.637
17.913
56.301
39.915
56.040
45.429
39.683
38.204
18.063
38.851
43.172
45.698
24.052
37.818
33.960
31.026
39.948
40.214
38.997
43.175
37.660
37.895
48.776
30.887
33.742
39.647
56.201
59.183
58.044
25.287
33.319
54.714
41.796
46.042
53.434
37.912
21.136
43.871
39.667
28.851
10.582
37.916
48.937
54.815
19.496
43.227
42.500
48.458
28.626
53.286
47.400
41.301
45.663
30.720
33.267
34.114
37.633
43.297
60.117
52.014
35.237
36.414
56.916
49.928
53.260
49.195
57.703
46.930
46.441
19.804
31.755
33.661
17.352
39.621
37.153
51.903
50.751
35.552
31.420
50.185
32.801
34.418
31.656
41.462
53.600
55.664
47.273
19.728
47.026
27.836
34.296
40.473
34.611
15.166
56.553
47.794
34.366
38.012
24.588
44.473
54.719
42.083
26.687
56.052
27.762
33.549
39.041
36.791
26.418
55.453
37.883
32.955
25.144
43.096
56.319
44.515
18.127
44.433
48.952
41.143
40.851
58.820
25.343
42.105
43.204
34.727
50.232
51.327
45.444
60.394
41.923
56.355
26.853
50.220
43.296
37.943
46.234
34.259
55.279
53.300
34.585
33.489
23.856
53.524
43.813
34.335
45.026
48.885
56.389
40.513
27.370
46.675
48.287
31.141
33.922
51.523
48.310
46.767
24.173
42.724
41.980
51.517
57.697
56.992
40.347
26.121
51.350
29.968
58.894
15.748
46.951
46.578
9.663
18.541
52.981
45.641
56.024
46.620
42.990
49.787
50.767
49.261
34.037
45.690
31.926
30.595
37.292
36.939
49.628
33.466
40.385
49.228
34.677
47.011
28.653
48.150
26.155
52.498
34.802
47.477
35.839
47.942
31.731
50.623
57.144
52.476
52.315
59.058
55.636
45.757
19.645
36.697
21.995
30.963
9.376
45.311
43.601
25.627
58.731
28.601
59.627
45.851
55.302
35.118
46.258
51.545
32.126
17.701
54.966
39.917
50.456
19.365
53.260
29.454
45.092
46.816
37.039
58.045
33.007
36.435
50.080
45.012
51.562
39.877
29.032
48.746
47.964
57.558
27.259
47.330
56.638
34.896
28.109
50.728
44.206
32.900
54.439
40.086
27.892
24.768
55.564
43.821
41.913
25.661
52.949
47.851
48.325
36.163
47.291
35.724
27.589
39.988
50.351
58.053
51.666
51.922
37.897
29.759
30.879
38.988
57.530
60.886
28.471
39.797
50.096
49.841
34.191
41.961
54.240
40.994
36.473
37.183
44.288
38.593
26.559
44.839
60.439
14.331
52.301
47.281
24.280
39.216
37.793
51.169
34.064
54.766
46.900
40.916
45.343
36.690
53.950
33.928
46.265
36.481
57.536
53.994
60.620
49.162
36.084
52.678
46.250
49.473
33.494
29.990
45.044
39.043
55.876
32.675
30.576
37.217
34.368
58.670
39.854
43.674
26.292
56.743
38.627
27.522
34.652
58.978
36.762
39.551
35.448
46.235
56.983
43.849
45.820
39.266
26.580
53.194
47.916
59.938
27.867
39.572
26.798
8.403
35.003
19.528
35.864
40.175
48.365
43.977
37.590
20.684
53.764
40.909
37.838
57.142
57.723
45.745
46.705
46.829
46.106
9.239
29.535
41.926
27.150
48.025
56.793
57.126
48.533
52.755
23.809
48.890
46.731
39.399
19.029
45.592
27.870
21.906
37.940
17.867
56.854
49.555
48.137
57.213
49.591
32.739
42.464
50.339
18.142
54.857
49.293
51.074
38.759
33.105
39.609
39.097
45.228
42.542
41.849
41.875
54.385
55.240
47.021
40.851
27.258
39.937
46.544
26.771
46.689
25.584
57.825
46.711
33.683
37.496
28.506
49.868
38.005
35.478
57.543
18.978
52.379
57.367
53.622
28.741
27.954
32.189
48.238
58.309
56.674
43.381
45.804
52.609
58.395
28.653
30.724
39.488
35.477
25.034
45.316
49.269
51.194
38.396
31.598
41.170
27.623
45.130
46.909
59.580
57.222
53.716
17.658
52.704
47.480
52.518
36.698
35.234
32.775
53.433
46.607
49.365
47.157
41.687
22.820
53.432
47.384
46.297
46.633
52.629
30.503
48.601
37.675
44.682
46.125
48.344
43.777
18.754
51.854
37.766
46.051
34.216
53.907
51.209
41.768
32.062
47.199
30.531
32.767
48.933
44.892
34.593
33.490
38.278
40.730
13.208
59.335
39.584
52.071
45.144
8.477
58.963
27.183
40.936
40.385
18.588
37.573
61.032
42.377
34.734
58.218
37.424
37.503
36.407
52.983
43.029
20.485
41.408
43.867
33.190
54.405
30.337
45.212
46.407
50.616
42.327
40.175
46.801
34.204
36.186
9.935
48.401
25.461
33.424
47.448
57.519
41.322
33.910
46.152
41.933
19.546
47.572
50.893
33.683
36.016
38.917
49.748
36.529
28.252
47.911
32.164
25.465
52.847
39.647
31.956
48.710
52.920
56.301
38.074
37.151
17.433
56.831
51.724
52.502
24.833
27.292
48.004
47.474
42.215
58.084
33.209
40.686
26.630
52.300
40.939
49.271
33.428
42.804
34.634
36.808
40.013
43.310
57.444
53.106
32.140
31.488
32.295
59.947
33.748
31.626
35.960
36.072
44.943
40.286
17.656
44.321
47.328
27.150
40.768
35.821
42.325
50.993
47.712
46.692
36.628
29.378
48.883
48.839
32.729
40.665
44.610
37.647
41.684
18.431
52.816
28.554
56.970
45.464
54.293
36.095
56.678
41.795
23.087
24.107
48.689
50.223
55.001
46.934
50.961
35.628
34.929
52.200
37.707
36.270
44.185
56.296
47.373
46.473
40.739
56.073
43.963
40.010
46.147
34.754
41.038
47.645
38.761
30.994
41.250
52.874
55.927
54.718
59.533
41.963
59.338
44.685
52.353
44.387
47.413
22.027
60.010
44.215
54.036
45.622
44.772
31.416
43.943
29.211
41.229
40.886
44.631
38.300
51.163
48.591
16.974
43.665
40.490
56.272
20.549
35.167
53.214
50.751
23.241
32.949
59.824
39.842
27.879
38.562
39.644
44.009
48.428
45.485
46.799
27.954
49.441
47.283
49.594
43.616
51.071
48.220
21.304
49.168
46.518
43.836
55.633
46.052
41.006
34.683
25.533
38.161
36.309
26.188
57.596
17.898
52.847
43.441
41.208
17.015
48.799
35.150
60.317
43.973
44.716
26.144
58.531
54.484
48.787
34.386
53.322
49.801
49.069
47.145
48.247
48.359
41.006
32.477
51.910
9.150
54.002
41.715
46.491
53.811
29.742
46.779
36.260
40.104
51.045
32.349
56.508
48.551
53.168
22.647
31.570
28.986
48.867
60.256
55.645
48.446
41.618
53.468
36.510
33.906
27.807
55.709
34.471
24.531
47.928
35.765
22.194
47.194
38.326
52.720
38.511
48.559
46.317
44.862
30.501
57.301
46.385
41.719
40.005
42.697
44.851
49.129
52.142
54.321
41.617
24.876
14.467
49.020
46.164
41.549
38.174
36.419
27.080
35.672
48.717
30.386
34.013
53.424
34.477
49.614
45.797
33.830
48.320
33.758
34.009
40.622
34.577
51.437
56.484
44.479
49.171
36.734
24.831
14.902
44.932
29.622
51.057
51.688
21.542
42.089
56.798
42.402
56.491
48.407
58.379
59.186
53.861
41.907
44.853
51.521
26.520
19.124
29.661
38.417
27.099
19.946
34.459
44.258
52.261
47.432
25.913
42.376
38.647
33.684
21.963
40.676
30.994
40.911
33.154
50.623
53.106
20.207
33.559
58.331
19.666
30.888
40.800
59.003
37.948
59.011
35.972
13.798
34.338
34.652
43.650
18.461
21.899
48.336
40.726
58.769
39.261
41.571
49.216
32.088
52.146
37.579
28.463
29.786
42.178
42.203
43.587
54.245
26.560
32.474
44.001
44.176
31.611
29.771
47.247
45.742
54.392
33.162
40.741
33.425
37.558
60.098
34.218
48.363
35.085
36.835
54.139
42.760
46.882
26.430
42.752
40.445
27.607
37.069
10.340
56.205
46.435
46.621
35.434
53.918
46.622
53.952
24.259
33.872
44.248
43.397
58.132
41.264
46.181
41.406
50.297
32.232
35.442
45.696
46.739
57.346
24.959
41.207
39.206
45.933
33.518
24.712
30.819
46.191
51.193
51.736
37.990
43.746
44.907
50.220
13.188
40.914
38.154
31.313
41.971
29.896
58.759
31.104
43.816
56.244
33.022
38.054
41.161
48.062
40.554
51.360
30.249
52.276
57.328
35.473
49.455
30.448
34.766
39.528
45.015
41.531
49.699
43.153
44.127
15.415
47.112
35.156
38.585
15.428
32.731
34.012
47.817
41.880
50.993
46.424
30.944
47.940
59.258
21.939
48.288
43.219
42.180
40.529
48.287
23.366
24.395
46.089
40.874
39.762
51.510
44.408
46.335
24.845
33.674
34.277
35.508
50.852
52.557
41.043
52.751
47.604
45.359
27.013
54.852
28.782
47.944
52.996
36.542
53.924
40.066
51.079
46.598
42.652
44.998
44.374
27.926
49.979
40.297
48.490
50.273
32.198
43.705
25.544
33.564
58.173
54.755
25.357
39.954
39.156
26.674
36.968
16.160
39.828
41.317
9.429
46.434
43.209
30.514
30.383
25.474
18.425
37.108
36.267
32.142
36.807
38.261
37.713
42.325
38.290
57.889
52.746
45.573
39.895
45.468
51.628
47.487
44.390
38.512
27.119
51.792
38.727
43.198
38.511
25.644
43.747
23.543
28.271
36.173
31.855
34.840
54.320
42.377
41.499
36.763
44.211
54.444
23.544
18.611
30.939
58.665
60.070
47.153
49.412
35.875
16.024
34.316
15.930
44.414
44.571
49.351
47.862
56.372
29.890
34.746
29.601
44.508
39.004
42.182
48.483
38.182
45.647
46.745
41.336
45.532
31.208
49.539
58.453
50.845
57.083
35.989
38.627
37.548
18.669
19.549
35.144
39.671
51.319
21.814
46.570
53.711
45.684
49.510
41.776
43.744
51.053
50.808
7.979
29.395
37.412
45.903
32.064
39.666
16.954
24.719
40.211
48.632
40.704
31.933
52.490
53.175
19.154
42.553
49.769
55.003
17.702
42.756
50.940
29.831
36.262
35.303
11.450
49.103
42.517
28.401
27.354
31.984
28.459
55.372
49.743
50.263
39.365
41.679
24.398
46.354
41.472
42.255
57.461
54.473
48.659
49.811
44.836
46.872
44.938
31.674
50.891
23.953
35.422
18.009
41.688
52.236
34.963
33.914
25.930
44.237
44.156
44.203
46.439
39.286
58.836
50.089
44.425
45.812
24.883
14.051
38.729
43.838
46.886
32.592
26.102
50.731
45.441
50.432
21.547
44.734
30.653
42.766
47.814
31.782
52.631
33.633
46.060
44.051
39.042
44.134
38.991
56.725
46.014
47.197
29.151
45.646
39.939
19.519
45.444
43.448
30.612
26.144
47.481
54.212
48.742
31.329
36.897
42.931
35.027
58.155
27.907
16.690
59.747
37.689
56.010
35.825
16.725
55.610
33.286
53.005
40.291
44.934
39.751
60.080
38.749
50.359
37.221
19.012
50.983
31.503
42.242
34.619
36.307
45.677
48.809
34.815
49.101
39.600
32.404
35.945
55.201
28.367
46.776
50.886
40.627
33.938
52.145
17.074
52.175
41.761
39.759
50.110
41.547
30.835
23.311
50.633
41.517
55.490
29.188
52.608
35.497
48.992
46.819
20.618
48.570
51.187
17.354
50.087
41.797
37.534
51.014
41.390
58.158
58.673
46.117
50.373
21.680
44.730
23.832
46.969
55.631
39.559
55.722
59.166
19.833
39.909
27.317
41.578
38.016
46.193
41.320
24.305
51.280
57.468
49.365
39.871
48.258
25.467
22.818
38.409
56.395
43.876
56.354
42.435
26.963
42.043
57.228
27.756
27.556
47.352
50.168
30.087
25.724
47.658
45.585
41.202
53.088
57.166
29.369
35.645
39.659
28.983
40.220
45.591
55.009
58.068
44.458
42.482
59.491
34.631
53.803
43.569
21.937
8.542
41.991
39.003
33.466
38.797
46.566
20.379
38.233
37.356
42.802
31.942
46.291
18.377
44.855
29.491
34.218
44.839
48.490
37.907
38.147
49.270
38.920
45.309
44.426
31.822
30.963
17.410
45.647
48.619
40.444
49.428
30.385
26.295
46.541
55.778
11.006
51.726
41.022
32.603
46.904
39.172
44.766
39.843
33.657
48.324
50.431
34.084
39.008
57.006
41.107
40.718
42.956
44.601
40.419
48.210
42.962
39.025
33.158
33.443
41.133
49.820
51.112
47.673
52.317
36.495
51.385
33.415
38.830
42.332
46.681
43.145
18.231
14.828
60.639
41.080
54.962
39.394
32.786
28.207
43.054
33.121
37.311
15.696
34.133
42.423
37.306
31.434
52.737
31.237
43.127
47.812
31.697
40.435
42.643
56.844
36.525
44.900
33.515
50.604
45.532
39.591
42.457
48.537
60.675
29.389
41.085
40.551
45.913
54.442
29.336
24.539
37.041
37.437
25.986
17.432
42.746
48.515
31.802
38.234
53.744
50.055
9.939
55.806
25.202
43.820
48.864
31.618
50.670
43.761
41.879
57.421
35.508
21.465
25.833
18.049
46.754
26.170
52.172
22.968
21.560
40.567
39.353
50.108
44.276
54.864
24.316
36.986
41.816
51.029
49.002
44.263
61.700
44.525
45.726
40.302
28.966
54.390
50.661
49.735
43.587
32.070
41.934
31.438
45.166
8.333
26.645
52.091
29.158
41.545
48.641
57.361
27.252
32.526
49.969
38.277
34.555
48.253
42.825
48.876
50.076
30.762
56.494
39.255
45.498
45.339
47.682
20.272
31.817
30.656
48.403
57.588
43.255
37.917
45.643
52.062
47.569
36.777
36.863
56.647
26.539
27.148
52.003
24.562
52.593
42.656
32.830
38.484
33.964
32.244
42.239
45.553
24.674
39.442
48.921
48.350
45.936
50.892
49.558
41.699
38.225
26.577
39.045
40.062
42.832
52.095
46.743
48.881
24.006
31.553
30.261
49.130
37.018
43.846
39.419
44.012
51.959
26.059
49.690
32.678
21.007
41.389
49.771
36.229
58.770
46.029
37.209
41.798
54.385
21.159
51.714
34.351
43.461
30.346
44.056
36.728
48.888
34.487
55.884
33.183
46.785
48.896
25.516
25.748
50.907
47.321
32.588
38.439
40.969
33.172
14.860
48.838
43.796
35.438
55.348
17.785
59.112
30.503
29.359
27.787
29.610
36.039
57.527
49.901
32.563
35.424
37.752
38.686
41.790
44.307
32.519
51.129
52.515
36.822
22.676
43.019
52.339
39.928
54.051
51.284
29.977
36.709
31.862
41.959
52.182
46.083
55.676
45.983
30.963
43.224
58.116
18.259
42.267
20.516
45.073
52.966
41.378
41.129
38.228
44.813
24.244
35.357
32.760
47.525
55.560
39.509
23.658
31.298
43.358
47.162
40.380
58.195
31.518
36.386
39.211
44.689
14.908
60.587
45.778
54.661
29.860
53.912
20.654
45.354
20.744
44.824
34.182
56.660
39.946
36.242
55.608
31.470
17.323
41.701
56.131
48.539
11.765
48.315
19.867
42.511
23.939
23.607
44.719
48.910
38.568
30.064
30.566
53.543
50.062
58.206
41.507
52.319
32.094
47.138
41.041
47.433
50.396
44.688
31.466
38.782
38.951
59.487
28.348
45.175
37.173
40.444
46.181
57.942
51.640
52.579
24.187
42.056
42.408
35.031
27.853
43.337
54.548
45.615
38.780
18.465
40.192
41.362
30.158
44.299
57.565
60.719
33.374
36.569
42.532
47.660
37.690
33.558
29.511
54.701
32.018
52.822
38.605
51.135
40.594
19.310
21.814
39.881
43.980
50.071
43.789
51.402
55.156
51.834
16.353
56.140
39.067
52.968
38.781
43.773
45.617
41.987
52.530
21.870
42.373
28.933
34.003
47.678
45.572
49.967
26.239
47.125
50.988
30.858
31.617
8.889
36.152
20.745
41.071
43.503
32.432
28.960
39.101
22.317
37.120
47.590
48.911
37.784
39.925
55.977
55.451
41.828
57.384
48.118
28.860
56.060
11.981
16.675
26.954
39.839
42.895
48.106
46.987
28.134
50.254
37.251
53.837
40.225
49.618
43.186
35.770
9.153
23.374
34.082
57.411
39.867
18.679
51.094
25.271
46.642
47.133
25.515
34.546
44.660
48.915
49.702
33.348
19.807
55.966
55.172
53.578
47.670
51.573
53.640
59.818
21.101
40.237
47.682
30.065
38.474
46.531
55.534
25.521
41.800
28.732
45.462
35.970
47.888
36.137
53.402
38.385
39.933
43.134
47.446
48.331
50.427
53.514
51.092
52.850
46.942
34.420
43.588
44.199
33.737
46.953
11.935
48.065
24.258
41.274
41.024
18.623
57.341
30.087
36.981
28.626
48.601
39.411
46.205
32.846
33.610
26.481
48.014
25.969
25.517
29.351
52.340
50.936
42.002
54.920
44.774
38.909
47.729
48.405
40.530
27.305
33.413
28.655
54.010
41.662
42.442
38.924
49.750
17.269
59.981
41.823
49.158
43.371
27.538
31.801
18.320
39.240
41.094
10.339
33.196
35.566
38.797
51.759
46.841
58.706
50.563
33.917
41.713
47.258
42.762
49.224
39.507
25.088
44.515
25.842
22.606
50.767
35.811
50.147
32.334
54.639
51.105
45.817
54.779
51.571
30.622
36.504
19.347
54.657
34.329
55.736
57.213
43.753
42.942
58.515
41.366
39.159
21.461
33.703
33.500
44.633
22.179
44.510
46.873
47.705
39.389
46.208
24.447
54.786
26.324
56.607
42.473
16.132
44.363
52.361
40.376
52.557
48.889
38.726
44.450
45.289
50.456
57.879
27.401
19.681
41.499
46.669
59.153
32.153
57.518
28.214
40.809
44.599
57.325
53.621
36.864
59.380
23.550
53.595
25.438
55.914
54.549
53.159
55.782
34.295
41.244
15.320
51.151
46.133
45.320
56.344
46.942
20.891
49.326
39.906
47.198
41.345
59.172
31.504
50.811
50.826
58.565
56.065
55.343
48.207
49.607
39.301
49.822
52.502
40.843
36.598
8.865
29.500
41.644
17.664
45.704
47.434
49.137
52.236
47.297
43.326
30.811
41.617
45.494
36.252
25.040
57.786
31.702
27.144
36.734
39.334
42.607
55.095
42.086
24.709
34.479
36.599
39.905
37.193
38.774
56.436
46.956
29.887
49.174
27.885
28.218
37.530
36.904
37.403
32.756
27.410
54.205
49.595
52.430
30.554
52.029
47.709
45.536
48.253
46.492
42.961
42.901
53.829
48.453
41.583
46.471
45.883
33.778
50.007
18.127
38.739
55.109
33.311
48.161
15.686
51.311
24.513
45.136
24.867
38.299
42.466
38.171
16.617
41.358
49.536
28.589
57.972
52.370
27.944
46.876
17.769
25.005
41.418
43.391
47.098
16.920
45.172
35.367
35.739
49.224
26.503
41.569
40.801
50.719
35.316
26.936
51.143
16.806
40.873
49.279
23.736
35.542
43.177
52.928
23.880
26.662
50.983
56.566
38.629
48.202
56.944
17.179
35.613
15.062
49.218
54.326
54.068
47.307
19.169
26.420
48.193
55.266
31.965
35.066
35.934
46.514
17.513
44.528
35.721
33.083
37.488
15.385
38.818
40.577
45.435
32.773
41.862
36.909
39.375
22.551
30.647
38.546
55.899
53.317
34.213
47.958
33.365
35.723
53.164
21.309
39.780
50.963
36.900
39.617
41.936
37.738
52.597
46.267
39.475
58.781
40.756
27.271
41.482
57.376
36.585
53.950
34.609
46.759
57.616
59.614
36.656
48.361
42.268
27.179
51.089
31.836
56.913
45.067
34.474
51.990
44.905
34.186
39.731
38.183
56.107
49.802
41.998
52.104
43.466
38.173
32.969
53.909
33.890
29.299
30.475
48.786
45.296
38.460
40.229
49.881
50.345
35.684
48.817
38.600
46.645
44.651
46.190
37.841
46.942
33.874
52.116
34.112
32.409
58.704
17.386
41.889
56.216
44.083
8.669
44.329
37.416
44.481
41.125
46.516
23.439
49.988
48.902
43.808
25.950
54.333
43.441
11.906
57.577
44.496
30.395
51.847
44.352
38.830
42.817
46.896
17.172
46.447
41.036
50.668
23.543
49.646
32.856
38.655
46.834
47.891
55.216
43.104
50.099
35.342
44.963
57.779
37.527
32.808
30.246
46.905
56.591
48.230
24.097
47.016
51.119
39.368
20.812
50.336
52.847
40.474
54.051
41.629
44.958
60.106
48.267
38.227
50.143
33.276
51.616
57.363
38.845
41.602
34.916
49.239
57.905
45.160
34.668
40.954
48.609
8.340
43.677
41.694
24.718
54.168
34.124
37.088
20.284
53.672
54.527
45.759
52.457
60.158
48.778
25.906
25.250
34.941
20.958
25.091
16.515
45.039
48.490
47.830
46.629
50.743
33.503
59.412
29.562
52.070
45.967
19.811
38.239
46.482
30.704
46.887
41.817
36.430
17.411
58.741
49.757
57.878
28.773
38.437
45.336
48.186
54.840
44.287
49.633
35.663
49.361
42.538
32.710
33.923
54.857
40.722
47.711
43.446
44.864
53.804
28.476
39.383
37.178
31.005
20.969
52.331
51.766
44.903
40.623
50.590
19.988
38.653
46.140
45.403
40.254
58.001
28.921
53.393
53.145
33.174
35.196
47.975
58.061
45.805
53.663
40.623
46.275
32.914
58.142
34.975
24.029
53.556
53.584
59.661
29.075
43.166
32.831
46.087
12.260
52.428
54.545
36.321
35.372
20.845
34.433
34.280
55.342
54.336
33.974
33.703
38.790
25.782
44.097
47.296
57.696
44.405
51.849
21.861
40.042
39.066
50.730
46.711
28.611
51.266
42.918
44.041
40.779
31.605
49.616
20.250
44.496
37.651
20.830
40.718
36.963
17.914
26.568
10.406
54.722
47.207
18.973
54.300
39.452
32.773
31.292
46.749
10.736
48.904
27.898
22.809
57.354
43.968
53.128
21.251
44.689
43.613
48.141
54.526
39.551
35.366
42.949
31.834
44.185
26.057
17.991
55.648
41.886
54.207
49.605
59.661
41.670
27.606
39.367
49.968
37.728
23.289
59.532
43.842
30.888
36.562
30.954
53.789
16.724
56.631
39.189
18.986
50.156
42.381
23.915
39.610
10.865
38.136
36.349
34.856
46.868
37.080
47.262
32.002
49.204
36.387
55.971
38.446
55.511
52.784
40.395
40.461
32.076
49.047
47.179
37.875
51.901
48.975
34.320
30.980
38.758
26.521
43.442
37.446
57.255
50.727
46.719
35.103
33.507
36.048
45.441
31.479
19.593
26.548
16.442
25.713
32.391
11.382
55.147
38.199
28.009
49.503
26.218
33.722
51.374
41.586
43.169
52.202
20.122
28.715
58.805
29.327
37.985
44.712
48.788
44.765
29.465
35.753
35.134
23.532
38.390
17.261
36.779
49.994
37.272
38.212
51.671
26.924
50.492
33.141
44.639
29.188
41.900
46.805
43.146
33.897
41.806
50.588
45.359
42.523
10.837
53.812
36.959
54.606
44.602
45.349
40.861
31.817
30.970
55.205
51.326
36.081
39.005
39.910
48.411
22.857
51.605
47.637
49.817
36.866
51.607
41.832
8.590
25.911
42.378
60.177
36.737
40.837
39.881
34.261
47.430
34.494
53.479
45.256
40.473
54.621
48.966
39.700
15.188
35.214
49.597
34.744
57.267
29.431
51.225
26.320
60.571
36.475
47.499
40.700
48.416
44.328
43.019
50.949
35.737
39.709
53.348
37.905
21.097
47.036
46.019
43.510
28.282
32.857
44.147
55.639
26.334
54.846
59.750
47.425
32.905
52.465
36.018
45.179
47.608
28.273
35.600
35.362
35.256
49.305
30.468
49.964
34.361
29.786
48.287
9.708
37.539
33.747
52.696
47.062
18.744
38.523
45.196
45.270
50.152
42.383
52.795
45.108
39.821
43.503
45.858
36.722
32.353
43.351
40.054
42.949
44.670
36.660
23.708
39.040
34.811
33.668
49.495
46.346
57.073
34.232
41.048
51.193
40.286
45.096
47.075
41.623
56.213
54.155
52.367
53.359
26.822
46.018
36.664
57.058
29.521
38.476
44.315
31.992
44.187
28.133
28.633
50.944
48.070
38.683
41.323
23.921
27.895
45.103
48.164
24.527
24.802
38.618
33.477
60.076
33.531
54.766
37.055
42.860
54.215
47.060
52.017
39.313
45.316
40.686
16.289
43.613
48.846
48.901
55.604
50.942
44.560
24.326
55.830
41.282
39.354
39.932
39.958
55.818
37.644
23.859
49.068
51.374
45.590
46.298
51.737
41.480
27.682
60.177
36.819
58.045
37.558
15.485
36.705
43.632
58.773
46.482
41.666
38.294
41.097
23.192
51.600
35.652
42.342
40.799
30.418
43.155
52.908
42.153
42.629
42.604
56.968
54.343
49.054
57.689
43.946
36.194
28.259
49.027
52.243
48.316
49.957
35.133
53.345
49.434
31.879
35.821
50.970
34.564
33.586
47.449
32.807
47.151
43.249
45.132
47.468
45.788
36.472
23.225
47.067
58.071
44.225
39.406
29.985
28.816
32.596
25.414
57.523
24.458
38.309
47.439
26.339
50.582
34.453
23.804
41.241
15.549
32.760
55.370
44.017
25.357
42.682
43.863
32.977
29.671
22.390
42.378
31.973
52.358
37.346
33.175
21.622
50.370
60.071
44.893
22.425
37.419
37.490
36.953
38.384
51.077
56.522
42.759
22.814
47.931
54.867
29.290
50.347
49.241
19.494
38.860
20.479
50.385
39.960
41.129
50.469
41.840
45.455
24.652
56.051
46.525
58.856
49.703
26.672
49.928
35.863
52.796
49.048
37.814
27.497
53.930
51.072
53.080
54.056
51.234
22.222
36.283
20.792
56.519
16.362
43.906
43.530
35.172
37.573
30.242
8.836
45.679
32.856
55.543
36.382
24.396
40.316
23.020
43.632
21.016
40.491
41.366
51.725
47.486
48.885
35.356
56.756
53.849
15.567
54.844
27.733
42.450
42.950
35.185
43.584
38.902
23.130
30.971
48.732
47.985
54.669
46.457
43.883
48.654
44.054
40.664
43.931
52.629
45.885
47.199
19.055
14.999
34.535
49.763
25.891
47.695
35.319
45.001
52.094
50.554
26.818
45.133
52.558
52.150
17.930
50.848
21.348
45.968
46.100
33.539
42.104
55.789
48.715
48.176
44.057
45.141
36.740
33.596
33.844
42.510
40.806
33.659
53.246
27.230
33.959
34.097
41.440
28.599
49.155
47.120
33.460
32.221
49.581
25.659
43.740
38.887
47.949
59.652
35.093
47.075
16.014
46.589
39.009
21.284
18.387
41.278
34.792
34.655
18.046
55.761
54.611
37.500
37.169
19.821
25.015
39.966
45.629
35.493
57.430
41.060
23.195
47.852
33.543
32.584
35.063
52.919
43.531
43.328
53.727
50.289
25.573
18.074
49.189
43.743
47.433
57.329
50.641
31.741
39.674
48.274
11.762
40.967
45.353
36.742
8.980
30.104
18.209
43.210
45.059
25.504
11.285
56.782
46.999
45.447
54.792
50.270
33.387
43.617
29.354
49.088
46.795
34.671
34.017
23.831
53.587
58.281
51.992
42.304
32.319
15.262
41.975
40.466
47.548
48.090
15.805
39.760
28.466
50.996
21.598
26.701
50.570
27.462
36.888
43.526
47.373
45.567
41.395
51.411
37.801
56.469
33.576
33.616
48.080
27.541
21.921
45.570
24.723
35.609
15.312
57.385
54.011
61.019
14.396
56.950
53.701
49.896
35.905
44.494
33.979
47.396
45.444
23.970
40.280
53.973
55.916
44.750
55.029
22.543
38.951
45.883
40.601
58.173
42.784
35.160
46.063
37.408
50.941
44.859
44.215
33.251
17.951
50.765
56.560
50.036
45.665
30.170
31.558
38.636
28.720
45.211
47.723
49.621
20.227
56.278
60.100
30.829
60.102
22.211
47.301
37.063
49.575
43.115
30.928
30.707
48.205
56.570
26.652
50.866
38.212
46.604
43.324
49.898
47.430
50.492
47.156
41.097
44.400
57.449
31.348
30.122
27.947
50.433
51.731
39.001
48.199
53.072
50.770
15.015
54.132
49.987
60.651
43.607
49.427
59.851
58.452
45.578
43.223
43.297
18.799
52.857
45.097
22.738
22.983
60.117
41.287
26.305
44.128
38.035
45.931
48.145
43.684
22.789
27.765
34.135
50.012
25.881
38.539
47.672
35.784
51.927
44.083
26.456
37.213
53.229
39.563
28.835
52.980
51.084
37.268
59.838
43.673
33.317
56.485
34.884
32.364
56.189
47.282
44.874
50.177
51.339
36.583
33.804
50.899
44.288
53.402
47.615
41.466
20.861
50.652
27.241
55.450
27.994
39.384
18.053
13.118
16.015
45.761
57.215
45.603
34.100
44.846
41.434
24.377
45.843
36.586
41.961
26.261
46.497
32.197
33.653
29.554
42.816
31.533
49.928
44.862
48.591
57.091
45.724
43.561
24.323
38.134
42.612
42.368
43.247
50.455
36.768
47.471
13.043
43.797
36.820
46.604
37.822
27.597
45.106
16.115
41.575
44.422
33.108
30.911
48.656
27.559
39.095
52.335
40.286
43.795
59.253
46.451
49.801
46.291
54.866
50.893
46.414
31.595
53.547
22.563
60.648
47.387
52.011
15.874
46.598
49.552
50.021
22.074
49.653
52.442
39.519
58.869
53.256
42.876
43.327
50.115
40.298
51.134
23.486
27.368
53.929
53.677
19.872
50.053
22.062
45.699
44.855
49.878
56.265
50.521
53.474
46.451
25.983
46.053
34.977
36.010
23.861
8.809
34.379
17.430
27.488
36.487
45.982
55.902
23.199
36.224
56.400
55.271
40.181
36.818
40.162
61.225
28.295
45.856
51.116
30.027
50.086
40.335
38.594
47.491
44.822
44.446
45.434
28.412
51.310
29.912
50.196
21.603
46.780
47.104
46.180
38.963
26.068
56.890
17.477
39.383
28.177
32.158
26.518
41.976
34.298
39.675
23.025
22.494
29.719
8.505
41.484
26.523
15.945
45.705
57.495
20.610
41.462
43.997
60.353
50.516
58.638
41.254
45.321
59.931
60.663
25.248
31.401
28.882
57.403
27.088
17.603
24.598
12.740
55.848
44.038
29.805
29.260
29.764
42.470
50.013
42.284
22.098
41.928
39.451
49.217
27.961
40.879
49.414
37.296
41.036
32.867
22.735
38.143
42.297
51.785
43.968
30.863
44.204
39.614
53.779
39.557
48.265
38.335
45.518
31.525
45.106
57.880
52.168
15.017
29.967
46.036
40.103
52.013
40.680
33.204
42.276
45.869
29.608
36.441
49.630
50.627
21.603
52.087
38.909
31.111
43.961
23.494
49.911
18.328
39.992
42.595
22.173
13.643
40.228
50.088
36.237
27.050
42.359
11.635
28.048
54.904
35.292
18.963
48.256
29.588
21.434
48.089
33.289
33.799
39.345
30.957
30.994
57.653
39.086
55.432
43.346
45.487
42.864
35.269
57.359
24.729
30.895
52.946
48.145
48.347
46.019
41.249
43.183
35.313
39.691
43.248
47.692
39.103
16.766
51.136
