43.543
41.755
35.631
46.043
46.696
47.634
49.992
33.375
23.751
22.204
48.479
28.240
25.015
56.478
24.506
18.398
10.287
55.356
31.710
34.148
48.165
46.409
53.019
45.226
30.195
20.654
44.175
39.118
42.670
42.269
9.394
41.010
35.428
48.792
42.818
31.811
25.488
9.801
55.608
54.201
27.464
37.979
58.511
33.484
56.428
46.154
28.208
43.876
50.160
41.518
45.397
41.915
47.957
43.997
31.505
31.258
49.603
37.889
44.480
30.852
51.280
41.818
52.427
35.084
43.416
42.513
40.664
52.628
51.189
21.004
41.394
34.756
36.849
38.154
56.470
22.074
33.501
46.954
58.140
37.360
33.615
58.483
56.894
36.530
50.029
41.569
15.451
43.285
55.047
53.544
34.625
51.508
38.249
9.373
43.634
53.679
41.414
52.609
54.538
53.910
56.255
52.783
47.032
57.483
16.964
59.988
34.253
45.917
49.440
33.928
32.079
56.137
44.114
49.606
55.236
51.696
18.370
56.874
58.132
51.413
24.478
40.655
14.072
48.207
40.771
45.352
25.317
35.201
51.613
52.379
27.813
49.081
28.551
28.236
56.927
41.149
50.826
47.243
53.917
18.007
52.709
47.558
58.617
40.513
46.962
46.160
53.177
15.337
52.958
33.143
54.690
43.946
45.044
48.865
45.712
35.125
47.470
35.810
38.222
32.572
42.516
31.454
44.169
45.298
55.485
51.440
51.889
51.834
47.208
55.419
51.042
43.010
30.391
43.461
44.252
35.376
44.042
18.375
37.177
37.387
31.455
55.528
54.276
11.169
59.229
22.811
42.552
17.641
33.270
55.064
45.558
52.455
22.093
57.775
30.432
42.441
52.539
10.051
36.046
52.347
30.126
56.264
48.169
43.716
48.462
32.959
22.236
46.802
30.233
23.819
10.358
47.244
48.228
37.025
52.742
53.867
9.343
49.912
47.348
24.369
55.026
39.910
60.869
45.115
38.302
56.158
45.286
42.390
32.783
38.645
36.071
13.963
21.390
30.639
46.813
18.033
31.555
41.080
45.961
31.562
50.463
30.207
23.601
23.439
17.650
49.017
49.478
34.682
52.667
28.975
47.812
50.154
32.293
55.236
30.599
31.874
16.419
41.199
38.776
54.370
45.346
44.208
36.350
25.480
16.986
40.499
52.908
39.955
56.861
26.141
39.734
42.503
28.461
42.796
28.956
46.096
54.772
35.057
20.156
13.180
15.307
19.393
44.966
24.587
46.979
21.979
45.998
45.206
18.695
33.563
56.867
40.785
17.429
45.150
54.509
40.915
38.330
20.279
36.919
28.560
45.378
52.632
48.327
29.613
36.171
52.336
32.597
27.442
33.303
41.447
26.810
42.335
39.664
52.405
48.207
56.477
16.669
33.942
47.033
54.154
28.104
53.593
42.076
55.513
57.122
57.853
33.244
36.574
47.135
32.003
44.653
32.223
51.949
30.125
43.971
52.443
50.583
58.656
57.859
23.363
47.148
53.707
30.904
28.156
35.291
47.075
49.517
34.891
40.290
32.238
40.422
49.739
8.846
28.917
24.000
23.419
40.724
46.690
40.383
48.763
45.573
23.469
53.412
49.848
46.432
46.740
45.327
25.769
32.645
22.167
42.805
41.038
36.973
54.971
27.781
42.667
45.894
58.007
51.468
52.877
44.479
41.270
51.314
30.849
55.558
50.497
56.729
25.150
49.298
56.832
23.593
44.324
42.112
54.606
37.184
39.682
40.115
33.303
42.306
47.854
39.063
19.055
31.502
39.758
28.724
33.110
48.385
9.939
26.101
27.999
49.655
25.756
42.669
34.306
50.267
29.006
43.720
58.417
23.273
31.041
48.110
25.652
53.592
56.004
38.678
40.395
59.851
61.633
58.489
44.682
39.287
25.267
19.004
43.200
21.774
43.265
52.049
29.723
55.271
54.644
40.815
25.404
27.672
32.120
37.398
50.067
38.044
41.477
51.780
49.262
41.997
41.993
17.140
43.626
47.995
44.708
42.016
29.605
50.167
44.013
54.250
29.312
37.554
50.651
36.029
42.392
34.682
44.036
52.373
40.737
46.971
15.683
16.963
44.752
23.045
49.450
47.959
40.789
40.528
47.757
32.427
33.978
41.822
41.298
49.540
50.452
30.345
58.069
59.790
32.480
16.750
49.662
44.540
32.519
30.095
23.165
27.215
33.955
35.611
50.738
31.021
37.248
39.118
36.378
52.740
18.830
30.849
20.182
36.370
43.572
37.907
50.177
46.856
59.615
24.681
48.301
42.161
44.370
44.533
23.026
40.337
42.469
41.550
36.239
38.338
43.774
46.400
21.356
22.157
53.300
36.262
54.616
58.043
46.206
39.883
40.391
33.314
19.162
24.100
46.307
30.794
50.683
21.137
51.121
11.230
25.698
36.489
42.986
45.226
49.616
35.456
33.652
41.595
44.663
34.265
22.988
27.443
48.681
39.708
29.842
37.621
30.350
33.145
43.756
38.274
39.492
34.080
44.951
40.678
54.733
48.104
30.717
40.525
55.337
50.213
43.607
37.220
48.799
24.622
30.201
51.369
34.623
55.755
37.957
48.327
48.266
33.923
28.514
51.740
50.461
45.368
46.999
35.436
45.918
55.472
20.059
33.853
35.981
31.262
33.804
52.624
52.144
59.505
36.716
54.929
36.756
48.700
43.898
35.617
55.559
32.972
38.375
39.132
21.019
41.065
26.091
55.040
48.145
35.103
54.362
42.580
45.408
20.902
26.219
17.395
22.792
23.648
35.217
47.220
37.150
33.587
8.768
28.424
43.298
53.780
41.753
22.015
30.031
31.412
25.578
49.391
23.771
55.409
29.306
58.479
48.749
54.992
44.787
42.191
55.087
46.148
34.614
38.016
37.636
29.217
11.298
18.678
34.943
38.966
27.001
37.673
42.417
44.353
47.971
46.837
30.999
47.777
24.481
37.259
41.078
49.736
40.282
24.532
48.650
43.821
44.973
52.282
35.503
47.178
49.138
31.979
56.169
55.887
51.515
21.295
57.022
52.153
32.998
35.631
56.183
49.727
46.437
53.823
55.209
59.536
13.108
49.565
33.390
32.839
46.889
35.187
51.622
42.843
43.507
46.596
40.489
46.313
39.928
20.439
48.109
49.116
33.417
34.034
47.564
41.462
37.797
34.149
48.965
49.030
49.171
44.812
53.668
48.342
39.792
38.648
36.434
46.262
58.814
52.232
42.280
21.735
52.228
53.131
45.107
24.905
36.921
50.999
37.097
32.047
54.691
54.232
47.627
54.608
17.760
36.751
54.915
19.981
22.603
20.867
47.166
43.366
40.554
57.067
31.278
41.522
50.659
37.007
20.763
49.646
39.548
31.193
21.510
48.713
37.000
47.456
40.846
32.854
27.949
44.438
34.539
47.936
33.227
42.296
37.709
22.372
32.267
44.349
42.354
32.942
45.297
37.896
39.875
49.415
52.674
51.921
23.610
50.053
27.865
31.692
32.826
22.249
18.053
36.733
48.495
57.960
50.798
53.514
61.327
43.342
49.058
29.757
18.324
28.253
31.912
16.762
24.701
27.289
36.998
21.751
18.320
28.201
44.552
55.303
33.848
47.874
41.733
34.256
46.391
50.848
28.734
46.531
52.977
42.628
32.737
42.583
54.775
40.390
35.777
57.801
52.256
47.223
28.668
34.826
31.675
51.227
59.012
51.944
48.121
38.093
14.407
54.960
31.181
52.033
33.895
42.716
38.471
40.650
39.372
54.418
17.253
26.169
58.584
28.391
46.101
36.396
57.972
42.885
36.496
36.165
46.890
14.264
47.642
29.145
52.982
59.281
35.565
22.585
40.753
40.467
40.243
39.578
16.099
13.849
36.752
40.583
46.141
43.477
40.354
25.902
52.090
56.355
48.911
39.772
38.388
50.752
50.774
46.559
40.938
54.586
22.370
49.968
34.720
53.113
52.628
51.399
41.417
53.823
46.036
32.886
37.006
35.813
53.473
9.199
43.905
55.592
43.265
54.735
41.764
53.634
59.727
30.260
32.898
39.075
40.113
17.040
33.229
49.033
51.194
36.192
37.467
41.898
41.570
25.534
42.360
41.421
55.165
13.328
45.997
24.445
39.067
47.399
40.333
31.916
18.778
43.546
43.805
32.086
22.572
19.123
39.927
54.578
44.375
47.351
23.681
29.539
56.813
22.997
24.270
50.605
33.289
16.848
46.776
38.873
31.373
39.283
40.094
52.119
33.967
48.720
52.821
55.986
26.312
48.396
28.446
46.907
32.821
43.049
34.654
30.261
8.540
23.080
50.200
33.294
44.615
30.019
53.126
19.654
23.435
43.709
59.067
47.330
40.475
37.956
44.553
40.139
24.584
53.948
27.916
43.244
23.580
50.638
19.105
9.768
34.430
38.798
37.664
39.428
55.999
47.381
56.380
27.276
46.189
57.916
45.945
13.283
43.876
23.459
48.544
44.139
49.738
47.533
45.244
35.254
55.469
24.233
51.318
18.783
25.115
53.160
46.489
32.186
34.861
44.225
43.656
11.667
52.133
38.289
49.307
32.271
38.096
23.051
48.462
27.436
47.931
33.526
33.436
52.840
38.529
54.930
30.436
43.761
57.923
45.163
53.534
17.988
42.696
53.163
40.431
48.187
40.719
41.927
19.959
23.031
39.737
56.764
38.358
47.114
24.370
45.803
43.175
41.559
24.522
21.666
58.770
55.399
25.770
42.229
13.756
32.235
46.511
33.621
26.902
38.471
32.797
58.647
49.226
44.100
38.840
41.803
47.934
54.158
54.125
34.311
50.814
47.620
52.895
42.138
48.069
9.012
29.720
38.133
34.932
24.289
50.457
26.489
32.086
58.883
16.576
23.481
10.788
23.451
52.026
32.700
29.925
26.702
50.188
56.843
55.345
58.230
42.402
31.486
30.144
49.093
15.925
40.441
57.396
43.175
51.133
39.320
21.850
48.182
54.298
33.102
49.684
31.562
39.025
25.320
21.599
50.368
57.359
25.199
26.749
45.542
54.271
29.479
43.736
43.253
35.975
52.231
53.451
59.814
47.435
46.194
40.882
33.366
32.444
49.244
54.207
40.246
45.316
44.639
39.451
42.186
27.758
25.487
36.157
26.732
44.111
54.773
52.069
41.734
45.635
53.111
55.512
8.608
45.328
42.219
41.103
24.768
42.544
31.140
49.266
46.209
48.582
50.508
31.735
36.326
55.514
45.424
40.885
37.343
48.051
23.011
37.478
42.201
53.559
29.574
41.045
33.174
44.373
61.191
53.269
25.130
44.605
52.255
31.972
29.714
36.942
37.262
27.553
42.865
34.261
52.471
57.807
60.008
40.273
23.432
19.833
52.974
58.035
53.542
39.697
44.545
46.013
44.028
27.114
56.816
51.759
54.363
45.610
51.926
27.999
22.422
51.968
26.212
48.520
42.458
39.464
21.098
42.543
36.573
45.576
30.904
26.933
12.912
22.200
35.919
34.963
30.742
45.498
43.147
56.108
48.740
37.547
39.577
38.540
32.604
18.752
28.881
39.027
46.068
52.151
30.089
57.051
49.850
50.301
14.965
25.697
15.091
18.250
53.046
36.621
34.422
58.369
56.426
36.106
46.443
25.681
50.552
26.164
58.411
15.518
24.659
34.185
45.482
41.385
47.938
43.439
56.307
57.701
18.155
55.287
45.403
31.036
37.325
54.138
31.853
37.188
42.031
51.510
31.386
53.838
44.252
28.929
28.570
47.948
47.365
51.367
24.623
31.147
37.363
38.185
34.238
42.963
50.059
34.949
53.024
56.854
36.939
37.359
25.615
56.161
27.592
43.507
57.444
27.218
38.208
16.725
45.461
38.736
33.045
51.192
47.531
47.199
52.012
50.142
51.938
57.870
56.152
46.653
33.311
57.559
32.228
12.812
23.758
55.888
45.110
60.145
46.159
36.584
40.028
51.473
59.467
27.386
50.919
46.474
55.893
15.957
25.761
57.174
36.051
58.091
35.038
9.018
36.565
39.319
39.499
38.534
25.537
46.501
28.127
49.169
48.387
38.010
41.216
50.961
50.315
26.475
23.574
28.546
43.405
47.452
42.148
57.787
21.731
53.250
29.938
42.268
59.112
44.470
28.642
56.757
34.265
41.579
31.644
46.750
18.851
31.727
47.737
45.961
38.925
24.776
60.135
17.420
39.587
21.083
23.456
50.537
38.993
49.543
21.415
46.129
41.884
49.906
50.289
49.660
50.461
44.873
50.815
44.314
34.258
32.886
40.123
30.693
32.275
50.103
45.084
44.876
49.987
30.182
42.517
32.488
45.809
23.051
52.505
41.984
56.096
42.293
56.646
54.462
10.013
50.583
33.516
53.020
49.286
21.823
36.215
52.463
30.678
31.120
50.667
57.455
44.094
49.225
46.763
25.616
26.738
49.510
48.882
31.763
56.022
42.317
32.160
48.963
37.176
45.454
38.964
21.944
47.306
34.200
40.585
29.694
46.895
58.579
43.844
45.201
23.269
55.317
59.509
45.597
42.432
20.672
20.416
43.576
50.709
13.798
17.303
52.500
46.076
36.625
43.092
44.236
47.782
39.356
37.199
25.197
56.530
11.723
40.413
35.546
31.505
51.667
43.878
45.108
28.903
49.372
33.218
39.063
42.836
33.207
43.478
20.752
34.476
55.403
43.795
30.402
40.142
35.715
24.628
43.373
29.422
17.649
31.046
32.207
29.149
56.521
49.392
45.417
35.714
42.270
31.472
55.686
37.017
40.717
33.326
45.126
37.136
45.269
39.464
38.956
38.842
45.803
24.605
34.774
45.761
28.052
44.946
36.595
49.258
42.597
42.696
44.138
56.455
35.612
43.477
57.626
54.247
39.405
27.984
59.713
53.533
37.172
55.085
58.709
50.736
55.805
46.131
37.329
37.535
55.805
52.796
29.370
36.014
26.465
57.080
59.095
32.532
40.766
38.039
41.962
50.619
36.893
36.467
59.612
43.419
49.497
49.091
51.607
42.160
51.327
54.933
27.332
32.494
42.948
42.676
48.323
57.843
48.231
17.223
29.519
36.455
22.856
27.385
46.993
14.773
56.078
51.936
46.735
33.624
56.906
23.801
13.498
42.950
39.669
20.811
40.447
32.448
25.282
38.570
24.830
37.046
23.760
58.741
47.773
40.535
31.746
31.794
36.721
28.385
20.068
17.361
45.198
53.928
37.546
21.263
26.393
57.348
27.747
27.006
45.103
31.464
43.195
29.786
50.267
40.561
27.335
44.801
44.759
56.398
47.799
49.575
24.833
55.670
36.967
30.337
39.295
34.439
55.482
41.389
31.217
35.248
17.147
55.735
17.451
50.308
46.447
50.888
37.971
53.796
41.116
51.225
22.290
55.924
48.358
58.870
26.229
48.150
43.934
49.266
57.940
55.712
44.774
24.703
37.751
21.936
28.583
29.672
38.516
33.576
29.354
40.979
47.107
52.082
21.241
52.217
19.438
31.916
51.640
27.556
22.633
17.906
23.772
44.189
39.210
32.403
52.902
49.167
44.263
17.074
36.128
52.220
24.899
40.784
48.070
47.371
32.483
46.012
49.116
37.566
41.542
40.984
39.178
52.493
16.150
17.197
24.975
38.731
34.301
57.512
59.237
30.150
15.716
47.924
23.776
60.248
48.392
40.910
38.928
43.282
50.964
25.305
50.929
35.187
33.930
31.466
51.980
57.510
41.613
33.717
53.097
44.070
34.019
35.345
26.849
38.529
28.939
38.042
51.085
46.480
9.846
39.419
31.904
37.867
56.670
37.037
39.310
24.801
25.616
16.937
26.246
48.929
59.140
41.388
18.133
41.151
28.582
18.149
24.459
57.219
46.245
34.006
48.423
31.086
25.707
56.389
34.229
44.218
58.652
46.453
33.135
54.404
34.866
46.496
40.380
24.092
40.436
43.064
10.622
49.280
56.090
9.277
51.629
43.828
36.439
53.456
53.120
32.204
56.250
9.931
51.683
42.300
48.100
35.889
49.790
32.396
36.857
33.166
51.453
41.617
50.629
54.616
15.954
52.929
27.951
36.453
23.921
21.015
46.638
50.575
46.314
36.456
38.132
49.280
60.686
47.827
41.856
49.707
52.440
31.329
24.053
39.243
20.442
28.350
40.474
26.836
42.956
34.508
27.362
17.191
49.067
41.962
42.737
39.842
51.024
49.980
13.844
44.990
41.823
59.507
11.618
43.120
43.590
18.731
31.547
50.770
31.024
29.459
47.673
14.249
36.980
47.858
46.869
39.965
38.802
47.660
59.521
43.235
12.630
34.372
46.989
40.644
34.072
24.235
25.167
46.036
58.738
8.334
23.771
46.116
25.792
32.468
44.549
34.112
31.814
53.458
51.648
48.545
16.156
34.264
32.941
52.528
58.276
41.251
26.973
45.425
41.267
16.200
34.537
31.297
37.392
42.818
30.916
29.647
56.958
49.945
57.093
28.374
33.124
60.719
24.059
22.686
54.354
39.742
43.087
46.565
51.117
50.340
38.511
50.426
51.901
36.594
46.772
41.977
43.214
38.973
55.070
49.639
24.635
35.526
56.555
21.288
32.977
42.531
45.611
50.773
25.837
53.999
57.474
34.612
30.564
42.801
39.431
40.133
23.743
38.442
51.083
51.481
9.218
20.179
51.510
39.760
58.290
46.789
23.460
28.694
49.034
48.120
50.113
41.985
59.915
49.783
32.709
43.186
44.280
28.290
49.687
42.903
34.733
33.497
57.434
24.493
33.961
51.529
48.385
57.820
55.708
53.158
49.645
59.710
42.780
23.235
25.498
43.836
40.976
40.469
48.545
35.942
52.397
52.521
48.635
17.015
19.806
55.525
17.741
22.534
48.021
44.740
42.772
34.682
36.370
57.180
44.825
49.966
28.477
34.751
53.872
30.650
40.875
45.349
40.261
45.345
44.773
35.235
42.815
32.054
40.003
40.751
50.886
30.478
18.833
49.139
15.148
52.635
34.297
39.621
38.713
46.602
57.088
55.117
45.414
48.431
56.244
43.652
39.931
49.151
50.513
55.929
38.051
38.196
35.347
48.283
31.707
57.232
28.787
53.745
35.520
58.422
33.986
43.068
47.664
55.489
37.389
42.409
33.244
49.442
31.231
51.433
42.672
54.192
46.819
32.570
25.162
52.776
40.055
51.427
27.074
42.173
56.354
40.570
45.681
48.018
49.381
30.317
20.408
41.134
47.952
38.750
38.635
49.553
56.689
40.835
57.350
39.986
17.101
56.322
54.484
50.345
17.578
50.513
27.405
40.227
56.225
48.495
50.272
16.572
35.901
43.162
59.051
40.638
37.348
52.484
50.579
49.325
34.607
40.958
39.158
37.021
36.956
38.968
53.458
32.264
42.957
45.034
46.097
24.075
25.991
33.904
53.038
43.208
42.676
22.828
40.478
47.966
36.865
15.900
40.013
35.854
47.547
42.533
37.850
24.615
37.244
44.669
52.984
28.020
54.912
41.836
45.917
31.223
47.492
38.155
40.118
51.974
49.115
47.483
31.955
57.371
25.409
55.190
48.740
43.127
52.414
35.319
51.382
47.901
56.950
38.773
46.697
43.322
22.335
45.062
47.473
50.805
37.312
55.768
37.783
48.568
53.779
32.245
33.524
30.445
30.765
51.377
61.452
48.265
43.105
59.668
25.217
47.723
38.787
17.991
44.701
41.349
32.310
51.003
44.665
41.386
10.346
58.324
28.247
30.653
45.872
47.885
43.192
42.021
47.264
28.944
56.062
33.737
54.752
18.715
25.218
50.862
52.052
43.442
52.173
32.421
47.757
42.969
16.503
51.164
47.423
39.324
33.250
48.558
59.033
28.233
42.180
42.725
50.805
58.876
46.766
23.317
39.237
36.654
41.279
52.436
25.482
41.510
42.003
39.950
48.555
41.788
29.397
47.883
49.108
29.926
51.712
51.627
37.578
28.959
16.220
41.798
42.482
30.672
31.359
39.957
56.136
52.477
35.794
45.088
38.494
43.780
45.745
45.435
34.206
40.453
48.437
27.893
38.186
51.927
57.509
36.936
58.114
32.424
46.424
40.477
46.904
51.662
17.642
58.107
57.092
44.891
51.855
35.897
42.631
27.262
53.779
39.086
33.890
24.893
58.090
23.902
31.740
51.418
60.691
30.778
29.794
37.358
37.467
33.657
22.428
53.540
57.540
45.451
40.134
53.142
17.884
30.198
39.709
56.065
45.948
47.317
46.963
46.099
45.453
51.043
43.106
50.139
40.396
24.508
53.965
45.182
57.843
28.107
45.792
42.401
41.683
56.408
44.378
50.509
36.689
41.367
38.594
42.463
34.244
37.918
45.266
40.377
51.567
56.807
49.075
42.036
44.253
47.987
57.330
47.407
49.500
38.251
15.916
30.719
50.207
50.070
32.829
25.409
57.830
52.931
31.169
47.145
22.404
38.659
38.598
40.356
56.575
39.981
55.735
34.327
33.359
55.129
60.653
24.321
16.605
48.340
26.037
47.365
53.481
43.532
46.834
46.624
36.844
19.310
41.289
49.279
25.653
40.826
18.657
38.483
26.764
32.374
29.393
29.903
59.765
32.279
53.259
37.902
48.833
37.163
43.708
41.758
43.602
41.334
49.526
13.210
50.476
13.075
46.469
49.440
45.252
30.912
51.248
38.231
42.569
26.699
48.275
43.668
58.822
51.247
33.897
42.378
35.882
50.626
49.480
49.418
61.032
36.304
39.560
9.519
45.944
51.401
43.633
36.186
33.821
40.064
47.984
37.943
42.256
47.158
30.391
19.196
59.237
48.431
52.683
46.255
47.727
29.243
16.523
48.010
44.369
33.813
29.097
47.654
44.712
44.452
44.105
56.156
38.620
27.826
51.814
51.101
51.333
31.669
42.422
25.723
45.881
26.175
27.596
45.352
43.010
35.901
35.169
42.270
38.113
38.565
49.505
40.193
26.424
25.673
47.515
39.954
25.781
57.204
35.788
51.086
38.392
54.072
37.320
45.794
38.790
41.208
43.278
56.816
19.141
44.034
44.478
52.052
35.828
17.158
32.824
47.422
31.902
34.259
37.638
43.272
50.287
50.864
44.290
45.298
45.082
33.190
43.833
58.145
44.631
44.985
37.772
48.059
52.528
26.825
50.147
33.974
44.666
38.452
41.709
49.665
47.293
46.340
53.369
46.932
41.038
33.445
58.270
52.636
48.596
52.356
57.286
35.682
56.775
24.098
59.873
31.899
49.228
36.930
12.838
44.485
32.899
42.065
56.327
58.741
29.037
50.602
25.674
37.107
33.554
46.943
30.217
45.803
46.518
42.992
45.679
28.599
57.917
59.550
36.225
39.302
39.839
29.452
32.108
43.461
25.212
47.567
54.291
46.615
31.814
49.875
50.544
40.267
51.008
26.060
48.082
39.000
50.088
45.541
48.763
51.219
33.001
37.592
28.909
41.310
42.348
44.323
22.412
56.263
37.904
36.264
44.142
54.048
41.568
22.459
55.464
26.920
57.134
27.221
41.230
49.160
49.911
20.715
43.970
37.713
47.740
48.691
43.829
48.831
44.137
46.693
56.057
46.133
44.989
39.320
10.432
37.084
42.086
47.823
56.104
38.282
48.747
37.761
47.973
54.003
55.356
45.326
48.375
52.504
24.800
20.312
58.261
40.227
38.912
49.772
24.871
35.916
35.795
38.003
35.396
58.866
33.466
45.840
43.363
56.066
40.055
60.844
34.037
55.459
35.287
38.813
40.644
42.993
39.734
41.262
59.186
49.065
36.163
34.708
15.807
18.722
42.888
46.387
31.363
45.795
43.544
50.329
33.979
37.951
26.514
56.482
52.038
49.374
26.801
49.370
40.800
41.298
23.562
48.366
56.465
27.523
28.876
33.158
54.000
43.265
36.425
55.544
38.272
34.508
25.983
34.895
44.620
36.991
36.495
46.018
45.760
45.736
47.628
43.351
45.291
41.506
40.803
41.910
21.202
39.362
45.304
42.950
23.765
54.373
56.133
53.248
53.904
49.935
33.665
48.532
43.948
55.152
38.185
21.491
50.760
59.973
31.820
42.882
48.712
38.811
29.785
47.589
46.925
58.858
12.517
57.122
30.455
44.049
29.832
38.834
8.288
48.862
54.494
42.202
30.238
56.358
21.776
15.901
40.172
24.560
38.390
44.276
23.721
56.785
58.397
37.507
45.072
55.552
48.589
51.229
49.969
40.856
34.841
35.374
30.081
47.441
48.449
49.028
31.072
47.933
11.655
34.690
57.233
43.168
27.479
54.067
39.685
52.365
50.837
9.918
49.539
35.117
23.975
48.194
53.482
16.366
44.824
31.436
45.946
34.456
38.445
54.182
42.688
13.997
29.427
50.003
36.295
27.193
42.384
42.641
8.950
37.370
45.050
48.852
43.653
39.501
45.783
41.390
51.132
45.817
30.423
43.479
51.306
47.161
29.195
40.616
37.988
54.742
46.280
12.768
33.720
22.941
43.388
31.617
52.937
52.609
47.368
42.973
49.287
41.877
38.550
43.876
49.291
42.900
51.019
53.579
35.762
38.635
46.188
28.108
45.839
53.133
34.410
49.203
27.264
52.738
54.694
45.083
35.772
60.334
37.789
44.112
38.468
59.545
19.105
50.914
41.410
42.382
41.873
54.802
53.745
45.471
8.870
46.355
35.906
44.830
44.970
52.339
43.331
56.256
38.491
