0.06230855 0.00628141
0.12650611 0.01248439
0.06266130 0.01861042
0.08484859 0.02466091
0.06388665 0.03063725
0.07506051 0.03654080
0.06876642 0.04237288
0.06267785 0.04813478
0.05065369 0.05382775
0.04537367 0.05945303
0.05513629 0.06501182
0.06560648 0.07050529
0.05946460 0.07593458
0.04654842 0.08130081
0.02970519 0.08660508
0.03432103 0.09184845
0.02440490 0.09703196
0.03837566 0.10215664
0.04322347 0.10722348
0.04211890 0.11223345
0.03914816 0.11718750
0.03332493 0.12208657
0.03575206 0.12693157
0.03879046 0.13172338
0.03966346 0.13646288
0.03782626 0.14115092
0.03709468 0.14578834
0.03192858 0.15037594
0.03747236 0.15491453
0.04139127 0.15940489
0.04233906 0.16384778
0.04362336 0.16824395
0.04585253 0.17259414
0.04142276 0.17689906
0.04433166 0.18115942
0.04378771 0.18537590
0.04379067 0.18954918
0.04734598 0.19367992
0.04522634 0.19776876
0.04192625 0.20181635
0.03962623 0.20582329
0.04017460 0.20979021
0.03900133 0.21371769
0.03885909 0.21760633
0.03610924 0.22145669
0.03281419 0.22526934
0.02900201 0.22904483
0.03215417 0.23278371
0.03276853 0.23648649
0.03125768 0.24015370
0.03009713 0.24378585
0.03102676 0.24738344
0.02590495 0.25094697
0.02533088 0.25447691
0.03068867 0.25797373
0.03246591 0.26143791
0.03039745 0.26486989
0.02690311 0.26827012
0.02872493 0.27163904
0.03118306 0.27497709
0.03114126 0.27828467
0.02715061 0.28156222
0.02642559 0.28481013
0.02652029 0.28802880
0.02465818 0.29121864
0.02311196 0.29438002
0.02332828 0.29751332
0.02237086 0.30061892
0.02241614 0.30369718
0.02308175 0.30674847
0.02105908 0.30977312
0.02433023 0.31277150
0.02883104 0.31574394
0.02841601 0.31869078
0.02456870 0.32161235
0.02438505 0.32450897
0.02314092 0.32738095
0.02053737 0.33022862
0.02083198 0.33305228
0.02073138 0.33585223
0.02330006 0.33862876
0.02132534 0.34138218
0.02151704 0.34411277
0.02115647 0.34682081
0.01919294 0.34950658
0.01750618 0.35217035
0.01669970 0.35481240
0.01403225 0.35743298
0.01585009 0.36003236
0.01685382 0.36261080
0.01555449 0.36516854
0.01539495 0.36770584
0.01475849 0.37022293
0.01740059 0.37272006
0.01707608 0.37519747
0.01584740 0.37765539
0.01799613 0.38009404
0.01852584 0.38251366
0.01997311 0.38491446
0.01996116 0.38729667
0.01934919 0.38966049
0.01787319 0.39200615
0.01719216 0.39433384
0.01852547 0.39664378
0.01790528 0.39893617
0.01764572 0.40121120
0.01989752 0.40346908
0.02022019 0.40570999
0.01956541 0.40793413
0.02072121 0.41014169
0.02156399 0.41233284
0.02249661 0.41450777
0.02376394 0.41666667
0.02563228 0.41880970
0.02628474 0.42093704
0.02689508 0.42304887
0.02543350 0.42514535
0.02622546 0.42722665
0.02811290 0.42929293
0.02806654 0.43134436
0.02823685 0.43338109
0.02862108 0.43540328
0.02896994 0.43741110
0.02903879 0.43940468
0.02980935 0.44138418
0.02981276 0.44334975
0.03123939 0.44530154
0.02973053 0.44723969
0.03084662 0.44916435
0.03049028 0.45107564
0.03118460 0.45297372
0.03195909 0.45485872
0.03222767 0.45673077
0.03082162 0.45859001
0.03220977 0.46043656
0.02913046 0.46227056
0.02721110 0.46409214
0.02713183 0.46590142
0.02587595 0.46769852
0.02575242 0.46948357
0.02446213 0.47125668
0.02429614 0.47301799
0.02456123 0.47476760
0.02401246 0.47650563
0.02344419 0.47823219
0.02184407 0.47994740
0.02135097 0.48165138
0.02329014 0.48334422
0.02252876 0.48502604
0.02374231 0.48669695
0.02371572 0.48835705
0.02278879 0.49000645
0.02447576 0.49164524
0.02339889 0.49327354
0.02383195 0.49489144
0.02315749 0.49649905
0.02301038 0.49809645
0.02349099 0.49968374
0.02297982 0.50126103
0.02202438 0.50282841
0.02041555 0.50438596
0.01997050 0.50593379
0.01972168 0.50747198
0.01977118 0.50900062
0.02022396 0.51051980
0.01960481 0.51202961
0.02043897 0.51353014
0.02104166 0.51502146
0.02120673 0.51650367
0.02218486 0.51797684
0.02251891 0.51944107
0.02324756 0.52089643
0.02230758 0.52234300
0.02341085 0.52378085
0.02305790 0.52521008
0.02289530 0.52663076
0.02160491 0.52804296
0.02161920 0.52944676
0.02263147 0.53084223
0.02220808 0.53222945
0.02086721 0.53360849
0.02102415 0.53497942
0.02056381 0.53634232
0.01939358 0.53769725
0.01941233 0.53904429
0.01831930 0.54038350
0.01851097 0.54171495
0.01799191 0.54303871
0.01874872 0.54435484
0.01820421 0.54566341
0.01804218 0.54696449
0.01659486 0.54825814
0.01543226 0.54954442
0.01465264 0.55082340
0.01444816 0.55209513
0.01228825 0.55335968
0.01012567 0.55461712
0.01028193 0.55586749
0.00945990 0.55711086
0.00959211 0.55834729
0.00942552 0.55957684
0.00934120 0.56079956
0.01001047 0.56201550
0.01066490 0.56322474
0.01111427 0.56442731
0.01002966 0.56562328
0.01007607 0.56681271
0.01030013 0.56799563
0.01164496 0.56917211
0.01278453 0.57034221
0.01165180 0.57150596
0.01163877 0.57266343
0.01302271 0.57381466
0.01429378 0.57495970
0.01480303 0.57609861
0.01436904 0.57723143
0.01411219 0.57835821
0.01505492 0.57947900
0.01551759 0.58059385
0.01430616 0.58170280
0.01419549 0.58280591
0.01389139 0.58390321
0.01266057 0.58499475
0.01371960 0.58608059
0.01358008 0.58716075
0.01415427 0.58823529
0.01499457 0.58930426
0.01590933 0.59036769
0.01572169 0.59142562
0.01652732 0.59247810
0.01559717 0.59352518
0.01538407 0.59456689
0.01552354 0.59560327
0.01556841 0.59663437
0.01568962 0.59766022
0.01715226 0.59868087
0.01564125 0.59969636
0.01555736 0.60070671
0.01394333 0.60171198
0.01455851 0.60271220
0.01374043 0.60370741
0.01363727 0.60469765
0.01333909 0.60568295
0.01285684 0.60666335
0.01272163 0.60763889
0.01204970 0.60860960
0.01242890 0.60957552
0.01156818 0.61053668
0.01035139 0.61149312
0.01000727 0.61244488
0.01000666 0.61339198
0.01017325 0.61433447
0.01172748 0.61527237
0.01239857 0.61620573
0.01220226 0.61713456
0.01129321 0.61805891
0.01176699 0.61897881
0.00980822 0.61989428
0.00923135 0.62080537
0.00933966 0.62171210
0.00909595 0.62261450
0.00867396 0.62351261
0.00841822 0.62440646
0.00832803 0.62529607
0.00823137 0.62618147
0.00675949 0.62706271
0.00563902 0.62793979
0.00518562 0.62881276
0.00404541 0.62968165
0.00358254 0.63054647
0.00260480 0.63140727
0.00162340 0.63226406
0.00114670 0.63311688
0.00032662 0.63396576
0.00094503 0.63481071
0.00079007 0.63565177
0.00113496 0.63648897
0.00038524 0.63732233
0.00038153 0.63815188
0.00020396 0.63897764
0.00102675 0.63979964
0.00117178 0.64061790
0.00131058 0.64143246
0.00094225 0.64224333
0.00073588 0.64305054
0.00135708 0.64385412
0.00197101 0.64465409
0.00224550 0.64545047
0.00234779 0.64624329
0.00178146 0.64703257
0.00021807 0.64781834
0.00047134 0.64860062
0.00038839 0.64937943
0.08079311 0.65015480
0.08132934 0.65092674
0.08284973 0.65169529
0.08017119 0.65246046
0.08107990 0.65322227
0.08080100 0.65398075
0.08090604 0.65473592
0.08081050 0.65548780
0.08128673 0.65623642
0.08314585 0.65698179
0.08480719 0.65772393
0.08684499 0.65846287
0.08562516 0.65919862
0.08776643 0.65993121
0.08700690 0.66066066
0.08741123 0.66138699
0.08719547 0.66211021
0.08813665 0.66283035
0.08869301 0.66354743
0.08878042 0.66426146
0.08814593 0.66497247
0.09001679 0.66568047
0.09070837 0.66638549
0.08906245 0.66708754
0.08837980 0.66778664
0.08876615 0.66848282
0.08957974 0.66917608
0.09118403 0.66986644
0.08929649 0.67055394
0.08983995 0.67123857
0.09168953 0.67192036
0.09300505 0.67259934
0.09351032 0.67327551
0.09471021 0.67394889
0.09670962 0.67461950
0.09679452 0.67528736
0.09541604 0.67595248
0.09508247 0.67661488
0.09362402 0.67727458
0.09253525 0.67793160
0.09186133 0.67858594
0.09084021 0.67923763
0.09081967 0.67988669
0.09087963 0.68053312
0.09194478 0.68117694
0.09221268 0.68181818
0.09135196 0.68245684
0.09175768 0.68309295
0.09035581 0.68372651
0.08992166 0.68435754
0.09241601 0.68498606
0.09260579 0.68561208
0.09345732 0.68623562
0.09413324 0.68685669
0.09100380 0.68747531
0.09232092 0.68809148
0.09397745 0.68870523
0.09563383 0.68931658
0.09691478 0.68992552
0.09904284 0.69053208
0.09751657 0.69113627
0.09644976 0.69173811
0.09608078 0.69233761
0.09581418 0.69293478
0.09124226 0.69352964
0.09228976 0.69412220
0.09400347 0.69471247
0.09232965 0.69530046
0.08972241 0.69588620
0.08921882 0.69646969
0.09028862 0.69705094
0.08878285 0.69762997
0.08984247 0.69820679
0.09173231 0.69878142
0.09216523 0.69935386
0.09282546 0.69992413
0.09210451 0.70049224
0.08832315 0.70105820
0.08593744 0.70162203
0.08472750 0.70218373
0.08285847 0.70274333
0.08388945 0.70330083
0.08352053 0.70385623
0.08284978 0.70440957
0.08413443 0.70496084
0.08358103 0.70551005
0.08427477 0.70605723
0.08397583 0.70660237
0.08423172 0.70714550
0.08109479 0.70768662
0.08161525 0.70822575
0.08085408 0.70876289
0.08179000 0.70929805
0.08227306 0.70983125
0.08347587 0.71036250
0.08410002 0.71089181
0.08359152 0.71141919
0.08502245 0.71194465
0.08647396 0.71246819
0.08792378 0.71298984
0.08779306 0.71350960
0.08850944 0.71402748
0.08913054 0.71454349
0.08924642 0.71505764
0.09012990 0.71556994
0.08942380 0.71608040
0.09056801 0.71658904
0.08852966 0.71709585
0.08919823 0.71760086
0.08653998 0.71810406
0.08799504 0.71860548
0.08712112 0.71910511
0.08862578 0.71960298
0.08860641 0.72009908
0.08971018 0.72059343
0.09007308 0.72108604
0.08843501 0.72157691
0.09013529 0.72206606
0.09022469 0.72255349
0.08959627 0.72303922
0.08844157 0.72352324
0.08889297 0.72400558
0.08810071 0.72448624
0.08840931 0.72496523
0.08721458 0.72544255
0.08838497 0.72591823
0.09067993 0.72639225
0.09083818 0.72686464
0.09136430 0.72733540
0.08961738 0.72780454
0.09074514 0.72827207
0.09124436 0.72873800
0.09186295 0.72920233
0.09259393 0.72966507
0.08977134 0.73012624
0.08809772 0.73058583
0.08665916 0.73104386
0.08609889 0.73150034
0.08464193 0.73195527
0.08058049 0.73240866
0.08212638 0.73286052
0.08176414 0.73331086
0.08174781 0.73375968
0.08082543 0.73420699
0.08288070 0.73465280
0.08178062 0.73509712
0.07969714 0.73553995
0.08127051 0.73598131
0.08194518 0.73642119
0.08096566 0.73685961
0.07895609 0.73729658
0.08007583 0.73773210
0.08085240 0.73816617
0.08175027 0.73859881
0.08014254 0.73903002
0.08191890 0.73945982
0.08165359 0.73988819
0.08285975 0.74031517
0.08394822 0.74074074
0.08082410 0.74116492
0.07962407 0.74158772
0.07498357 0.74200913
0.07628035 0.74242918
0.07697483 0.74284785
0.07857491 0.74326517
0.07961580 0.74368114
0.07915031 0.74409576
0.08043786 0.74450904
0.08227586 0.74492099
0.08260212 0.74533162
0.08432567 0.74574092
0.08475068 0.74614891
0.08353872 0.74655559
0.08526024 0.74696097
0.08392018 0.74736506
0.08431315 0.74776786
0.08295001 0.74816937
0.08071702 0.74856961
0.08097732 0.74896858
0.08060034 0.74936629
0.08156730 0.74976273
0.08130205 0.75015793
0.07924618 0.75055188
0.07978797 0.75094458
0.08083690 0.75133606
0.08177695 0.75172630
0.08125559 0.75211532
0.08145478 0.75250313
0.08321824 0.75288972
0.08309854 0.75327511
0.08318112 0.75365930
0.08221098 0.75404229
0.07975748 0.75442409
0.07917922 0.75480471
0.08007392 0.75518415
0.07684106 0.75556242
0.07877171 0.75593952
0.07954856 0.75631547
0.08032232 0.75669025
0.07673938 0.75706388
0.07324189 0.75743637
0.07314080 0.75780772
0.07388843 0.75817793
0.07357859 0.75854701
0.07250669 0.75891496
0.07450712 0.75928180
0.07020419 0.75964752
