new_seeds_number,new_seeds_frac,omega,j0,j1,j2,j3,HAGBs_frac
1,0.00063,0.13669,0.07621,0.06656,0.50682,0.35042,0.71070
2,0.00126,0.13616,0.07616,0.06651,0.50648,0.35085,0.71089
3,0.00189,0.19326,0.07577,0.06613,0.50715,0.35095,0.71130
4,0.00252,0.17836,0.07572,0.06609,0.50614,0.35204,0.71171
5,0.00315,0.23844,0.07567,0.06605,0.50581,0.35247,0.71189
6,0.00378,0.24952,0.07562,0.06600,0.50547,0.35290,0.71208
7,0.00441,0.20780,0.07557,0.06596,0.50447,0.35399,0.71249
8,0.00503,0.19803,0.07519,0.06592,0.50447,0.35442,0.71289
9,0.00566,0.17104,0.07514,0.06587,0.50414,0.35485,0.71308
10,0.00628,0.13196,0.07476,0.06583,0.50413,0.35528,0.71348
11,0.00691,0.09984,0.07471,0.06545,0.50446,0.35537,0.71367
12,0.00753,0.10193,0.07466,0.06541,0.50413,0.35580,0.71385
13,0.00815,0.09024,0.07461,0.06504,0.50446,0.35589,0.71404
14,0.00877,0.06770,0.07456,0.06500,0.50412,0.35632,0.71422
15,0.00939,0.05967,0.07451,0.06495,0.50313,0.35740,0.71463
16,0.01001,0.05257,0.07446,0.06491,0.50280,0.35783,0.71481
17,0.01063,0.03597,0.07442,0.06487,0.50181,0.35891,0.71521
18,0.01125,0.03083,0.07437,0.06482,0.50148,0.35933,0.71539
19,0.01187,0.01697,0.07432,0.06478,0.50049,0.36041,0.71579
20,0.01248,0.02190,0.07427,0.06474,0.49951,0.36149,0.71619
21,0.01310,0.04295,0.07422,0.06470,0.49918,0.36190,0.71638
22,0.01372,0.05410,0.07417,0.06465,0.49885,0.36232,0.71656
23,0.01433,0.05665,0.07412,0.06461,0.49852,0.36274,0.71674
24,0.01494,0.06603,0.07410,0.06459,0.49836,0.36295,0.71686
25,0.01556,0.06079,0.07405,0.06455,0.49803,0.36337,0.71705
26,0.01617,0.06266,0.07400,0.06451,0.49705,0.36444,0.71744
27,0.01678,0.05785,0.07395,0.06446,0.49673,0.36486,0.71762
28,0.01739,0.04080,0.07292,0.06409,0.49738,0.36560,0.71866
29,0.01800,0.04909,0.07288,0.06373,0.49771,0.36569,0.71884
30,0.01861,0.05094,0.07283,0.06368,0.49739,0.36610,0.71902
31,0.01922,0.03563,0.07278,0.06364,0.49706,0.36651,0.71920
32,0.01983,0.03221,0.07273,0.06360,0.49674,0.36693,0.71938
33,0.02043,0.02363,0.07269,0.06356,0.49641,0.36734,0.71956
34,0.02104,0.03105,0.07264,0.06352,0.49609,0.36775,0.71974
35,0.02165,0.02796,0.07259,0.06348,0.49577,0.36816,0.71992
36,0.02225,0.02500,0.07254,0.06344,0.49545,0.36858,0.72010
37,0.02285,0.03170,0.07250,0.06339,0.49512,0.36899,0.72028
38,0.02346,0.02409,0.07245,0.06335,0.49480,0.36940,0.72046
39,0.02406,0.03043,0.07240,0.06331,0.49448,0.36981,0.72064
40,0.02466,0.01432,0.07236,0.06327,0.49351,0.37086,0.72103
41,0.02526,0.01190,0.07198,0.06323,0.49351,0.37127,0.72142
42,0.02586,0.01378,0.07194,0.06319,0.49320,0.37168,0.72160
43,0.02646,0.02379,0.07189,0.06315,0.49288,0.37209,0.72177
44,0.02706,0.02929,0.07184,0.06311,0.49256,0.37249,0.72195
45,0.02766,0.03454,0.07180,0.06307,0.49224,0.37290,0.72213
46,0.02826,0.02797,0.07143,0.06303,0.49224,0.37330,0.72252
47,0.02885,0.02164,0.07106,0.06266,0.49289,0.37339,0.72290
48,0.02945,0.02295,0.07101,0.06262,0.49193,0.37444,0.72329
49,0.03004,0.02781,0.07097,0.06226,0.49161,0.37516,0.72368
50,0.03064,0.04294,0.07094,0.06224,0.49145,0.37536,0.72380
51,0.03123,0.04021,0.07090,0.06220,0.49114,0.37577,0.72397
52,0.03182,0.03413,0.07053,0.06216,0.49050,0.37681,0.72457
53,0.03242,0.03498,0.07049,0.06212,0.49018,0.37721,0.72474
54,0.03301,0.03248,0.07044,0.06208,0.48922,0.37826,0.72513
55,0.03360,0.03329,0.07040,0.06204,0.48827,0.37930,0.72551
56,0.03419,0.03406,0.07035,0.06200,0.48795,0.37970,0.72568
57,0.03478,0.03477,0.07030,0.06196,0.48764,0.38010,0.72586
58,0.03537,0.03853,0.07026,0.06192,0.48733,0.38049,0.72603
59,0.03595,0.03002,0.07021,0.06188,0.48637,0.38153,0.72641
60,0.03654,0.02773,0.07017,0.06184,0.48606,0.38193,0.72659
61,0.03713,0.02843,0.06980,0.06180,0.48607,0.38232,0.72697
62,0.03771,0.02620,0.06976,0.06176,0.48576,0.38272,0.72714
63,0.03830,0.03256,0.06972,0.06172,0.48545,0.38311,0.72731
64,0.03888,0.03030,0.06903,0.06168,0.48578,0.38351,0.72790
65,0.03947,0.02257,0.06835,0.06164,0.48547,0.38454,0.72870
66,0.04005,0.02049,0.06831,0.06160,0.48452,0.38557,0.72908
67,0.04063,0.01845,0.06826,0.06156,0.48421,0.38596,0.72925
68,0.04121,0.01646,0.06822,0.06152,0.48326,0.38699,0.72963
69,0.04179,0.01190,0.06817,0.06148,0.48232,0.38802,0.73001
70,0.04237,0.01516,0.06813,0.06145,0.48138,0.38905,0.73038
71,0.04295,0.01831,0.06809,0.06141,0.48107,0.38944,0.73055
72,0.04353,0.01386,0.06804,0.06137,0.48076,0.38983,0.73072
73,0.04411,0.01198,0.06800,0.06101,0.48109,0.38990,0.73089
74,0.04469,0.00770,0.06796,0.06097,0.48015,0.39092,0.73127
75,0.04526,0.00351,0.06760,0.06093,0.47953,0.39194,0.73185
76,0.04584,0.00416,0.06755,0.06089,0.47923,0.39232,0.73202
77,0.04641,0.01183,0.06751,0.06086,0.47892,0.39271,0.73218
78,0.04699,0.00770,0.06747,0.06082,0.47799,0.39373,0.73256
79,0.04756,0.00824,0.06743,0.06046,0.47768,0.39443,0.73293
80,0.04813,0.00875,0.06738,0.06042,0.47738,0.39481,0.73310
81,0.04871,0.01371,0.06734,0.06039,0.47708,0.39519,0.73326
82,0.04928,0.01412,0.06730,0.06035,0.47615,0.39621,0.73364
83,0.04985,0.01451,0.06726,0.06031,0.47584,0.39659,0.73380
84,0.05042,0.01271,0.06721,0.06027,0.47554,0.39697,0.73397
85,0.05099,0.01094,0.06717,0.06023,0.47524,0.39735,0.73413
86,0.05156,0.01765,0.06713,0.06020,0.47494,0.39773,0.73430
87,0.05213,0.01793,0.06709,0.06016,0.47402,0.39874,0.73467
88,0.05269,0.01200,0.06673,0.05980,0.47403,0.39943,0.73525
89,0.05326,0.00822,0.06669,0.05945,0.47373,0.40013,0.73562
90,0.05383,0.01058,0.06665,0.05942,0.47344,0.40050,0.73578
91,0.05439,0.01087,0.06660,0.05938,0.47314,0.40088,0.73594
92,0.05496,0.00719,0.06656,0.05934,0.47284,0.40126,0.73611
93,0.05552,0.01337,0.06652,0.05930,0.47254,0.40163,0.73627
94,0.05609,0.01942,0.06648,0.05927,0.47225,0.40201,0.73643
95,0.05665,0.01765,0.06644,0.05923,0.47195,0.40238,0.73659
96,0.05721,0.01781,0.06640,0.05919,0.47103,0.40338,0.73696
97,0.05777,0.01983,0.06635,0.05915,0.47074,0.40376,0.73712
98,0.05833,0.01808,0.06631,0.05881,0.47107,0.40382,0.73728
99,0.05889,0.01819,0.06627,0.05877,0.47015,0.40481,0.73765
100,0.05945,0.02012,0.06623,0.05873,0.46985,0.40519,0.73781
101,0.06001,0.02201,0.06619,0.05869,0.46956,0.40556,0.73797
102,0.06057,0.02205,0.06615,0.05866,0.46927,0.40593,0.73813
103,0.06113,0.01852,0.06611,0.05831,0.46897,0.40661,0.73850
104,0.06168,0.02387,0.06606,0.05827,0.46868,0.40698,0.73866
105,0.06224,0.02212,0.06602,0.05824,0.46777,0.40797,0.73902
106,0.06280,0.02212,0.06598,0.05789,0.46810,0.40803,0.73918
107,0.06335,0.02535,0.06596,0.05787,0.46795,0.40821,0.73929
108,0.06391,0.02701,0.06592,0.05784,0.46766,0.40858,0.73945
109,0.06446,0.02524,0.06588,0.05780,0.46737,0.40895,0.73961
110,0.06501,0.02518,0.06584,0.05776,0.46708,0.40932,0.73977
111,0.06556,0.02677,0.06580,0.05773,0.46617,0.41030,0.74013
112,0.06612,0.02667,0.06576,0.05769,0.46588,0.41067,0.74029
113,0.06667,0.02820,0.06541,0.05766,0.46590,0.41104,0.74065
114,0.06722,0.02646,0.06537,0.05731,0.46561,0.41171,0.74101
115,0.06777,0.02795,0.06533,0.05728,0.46533,0.41207,0.74117
116,0.06832,0.02462,0.06528,0.05724,0.46504,0.41244,0.74133
117,0.06886,0.02608,0.06524,0.05720,0.46475,0.41280,0.74148
118,0.06941,0.02751,0.06520,0.05717,0.46384,0.41378,0.74184
119,0.06996,0.02424,0.06516,0.05713,0.46294,0.41476,0.74220
120,0.07051,0.02410,0.06512,0.05710,0.46204,0.41574,0.74256
121,0.07105,0.02089,0.06508,0.05706,0.46175,0.41610,0.74272
122,0.07160,0.02381,0.06504,0.05703,0.46147,0.41646,0.74287
123,0.07214,0.02365,0.06500,0.05669,0.46118,0.41713,0.74323
124,0.07268,0.02498,0.06496,0.05665,0.46090,0.41749,0.74339
125,0.07323,0.02777,0.06492,0.05631,0.46062,0.41815,0.74374
126,0.07377,0.02462,0.06488,0.05627,0.46033,0.41851,0.74390
127,0.07431,0.02442,0.06484,0.05624,0.46005,0.41887,0.74405
128,0.07485,0.02423,0.06480,0.05620,0.45915,0.41984,0.74441
129,0.07539,0.02258,0.06476,0.05617,0.45887,0.42020,0.74457
130,0.07593,0.01952,0.06472,0.05613,0.45859,0.42055,0.74472
131,0.07647,0.02218,0.06468,0.05610,0.45769,0.42152,0.74507
132,0.07701,0.02198,0.06464,0.05607,0.45741,0.42188,0.74523
133,0.07755,0.02457,0.06461,0.05603,0.45713,0.42223,0.74538
134,0.07809,0.02434,0.06426,0.05539,0.45777,0.42258,0.74594
135,0.07863,0.02825,0.06422,0.05535,0.45749,0.42294,0.74609
136,0.07916,0.02385,0.06418,0.05532,0.45660,0.42390,0.74644
137,0.07970,0.02224,0.06414,0.05528,0.45632,0.42425,0.74659
138,0.08023,0.02199,0.06410,0.05525,0.45543,0.42521,0.74695
139,0.08077,0.02155,0.06408,0.05523,0.45529,0.42539,0.74705
140,0.08130,0.02532,0.06404,0.05520,0.45502,0.42574,0.74720
141,0.08183,0.02504,0.06400,0.05486,0.45535,0.42578,0.74735
142,0.08237,0.02211,0.06397,0.05483,0.45507,0.42613,0.74750
143,0.08290,0.02315,0.06393,0.05479,0.45479,0.42648,0.74765
144,0.08343,0.01895,0.06389,0.05476,0.45391,0.42744,0.74800
145,0.08396,0.01999,0.06385,0.05473,0.45363,0.42779,0.74816
146,0.08449,0.02229,0.06381,0.05469,0.45336,0.42814,0.74831
147,0.08502,0.02328,0.06377,0.05466,0.45308,0.42848,0.74846
148,0.08555,0.02806,0.06373,0.05463,0.45281,0.42883,0.74861
149,0.08608,0.02773,0.06339,0.05460,0.45284,0.42918,0.74896
150,0.08661,0.03115,0.06335,0.05456,0.45256,0.42952,0.74911
151,0.08713,0.03578,0.06331,0.05453,0.45229,0.42987,0.74925
152,0.08766,0.03414,0.06328,0.05450,0.45201,0.43021,0.74940
153,0.08818,0.03128,0.06324,0.05446,0.45113,0.43116,0.74975
154,0.08871,0.03458,0.06320,0.05443,0.45086,0.43151,0.74990
155,0.08923,0.03643,0.06318,0.05441,0.45073,0.43168,0.75000
156,0.08976,0.03480,0.06314,0.05408,0.45045,0.43233,0.75035
157,0.09028,0.03318,0.06310,0.05405,0.44958,0.43327,0.75069
158,0.09080,0.03517,0.06307,0.05401,0.44931,0.43361,0.75084
159,0.09133,0.03594,0.06303,0.05398,0.44903,0.43396,0.75099
160,0.09185,0.03906,0.06299,0.05395,0.44876,0.43430,0.75114
161,0.09237,0.03979,0.06295,0.05392,0.44789,0.43524,0.75148
162,0.09289,0.04050,0.06261,0.05388,0.44792,0.43558,0.75183
163,0.09341,0.04236,0.06258,0.05385,0.44705,0.43652,0.75217
164,0.09393,0.03956,0.06254,0.05382,0.44618,0.43746,0.75251
165,0.09445,0.04255,0.06250,0.05379,0.44591,0.43780,0.75266
166,0.09497,0.04435,0.06246,0.05375,0.44565,0.43814,0.75281
167,0.09548,0.04499,0.06242,0.05342,0.44598,0.43818,0.75295
168,0.09600,0.04222,0.06239,0.05339,0.44571,0.43851,0.75310
169,0.09652,0.04510,0.06235,0.05336,0.44544,0.43885,0.75324
170,0.09703,0.04459,0.06231,0.05333,0.44518,0.43919,0.75339
171,0.09755,0.04742,0.06228,0.05329,0.44491,0.43952,0.75353
172,0.09806,0.04800,0.06224,0.05326,0.44405,0.44045,0.75388
173,0.09858,0.05077,0.06220,0.05323,0.44378,0.44079,0.75402
174,0.09909,0.05132,0.06216,0.05290,0.44411,0.44082,0.75417
175,0.09960,0.04966,0.06213,0.05257,0.44385,0.44146,0.75451
176,0.10011,0.04911,0.06209,0.05254,0.44358,0.44179,0.75465
177,0.10063,0.04855,0.06205,0.05221,0.44332,0.44242,0.75499
178,0.10114,0.05015,0.06202,0.05218,0.44305,0.44275,0.75513
179,0.10165,0.04959,0.06198,0.05215,0.44219,0.44368,0.75547
180,0.10216,0.04690,0.06194,0.05182,0.44193,0.44431,0.75581
181,0.10267,0.04740,0.06190,0.05179,0.44167,0.44464,0.75595
182,0.10317,0.04560,0.06189,0.05177,0.44154,0.44481,0.75605
183,0.10368,0.04820,0.06185,0.05174,0.44127,0.44514,0.75619
184,0.10419,0.04659,0.06181,0.05171,0.44101,0.44547,0.75634
185,0.10470,0.04707,0.06178,0.05168,0.44075,0.44580,0.75648
186,0.10520,0.04236,0.06174,0.05165,0.44049,0.44613,0.75662
187,0.10571,0.04285,0.06170,0.05132,0.44082,0.44616,0.75676
188,0.10621,0.04332,0.06167,0.05129,0.43996,0.44708,0.75710
189,0.10672,0.04378,0.06163,0.05126,0.43911,0.44800,0.75743
190,0.10722,0.04627,0.06159,0.05123,0.43885,0.44833,0.75758
191,0.10773,0.04771,0.06156,0.05120,0.43859,0.44865,0.75772
192,0.10823,0.05015,0.06152,0.05117,0.43833,0.44898,0.75786
193,0.10873,0.04755,0.06148,0.05114,0.43807,0.44931,0.75800
194,0.10923,0.04995,0.06145,0.05111,0.43781,0.44963,0.75814
195,0.10974,0.05232,0.06141,0.05108,0.43756,0.44996,0.75828
196,0.11024,0.05171,0.06108,0.05105,0.43759,0.45028,0.75861
197,0.11074,0.05208,0.06104,0.05102,0.43733,0.45060,0.75875
198,0.11124,0.05049,0.06101,0.05099,0.43708,0.45093,0.75889
199,0.11173,0.05183,0.06097,0.05096,0.43682,0.45125,0.75903
200,0.11223,0.05218,0.06094,0.05093,0.43656,0.45157,0.75917
201,0.11273,0.05059,0.06090,0.05090,0.43630,0.45190,0.75931
202,0.11323,0.05094,0.06086,0.05087,0.43605,0.45222,0.75945
203,0.11373,0.05032,0.06083,0.05084,0.43579,0.45254,0.75959
204,0.11422,0.05256,0.06079,0.05081,0.43554,0.45286,0.75973
205,0.11472,0.05477,0.06076,0.05078,0.43528,0.45318,0.75987
206,0.11521,0.05791,0.06072,0.05075,0.43502,0.45351,0.76001
207,0.11571,0.05913,0.06069,0.05072,0.43477,0.45383,0.76015
208,0.11620,0.06034,0.06036,0.05069,0.43481,0.45415,0.76048
209,0.11669,0.05688,0.06032,0.05066,0.43455,0.45447,0.76061
210,0.11719,0.05622,0.06029,0.05063,0.43430,0.45478,0.76075
211,0.11768,0.05464,0.05967,0.05060,0.43463,0.45510,0.76127
212,0.11817,0.05307,0.05934,0.05057,0.43467,0.45542,0.76160
213,0.11866,0.05151,0.05930,0.05054,0.43441,0.45574,0.76174
214,0.11915,0.04996,0.05927,0.05051,0.43416,0.45606,0.76188
215,0.11964,0.05023,0.05924,0.05048,0.43391,0.45638,0.76201
216,0.12013,0.04597,0.05920,0.05045,0.43249,0.45786,0.76253
217,0.12062,0.04535,0.05917,0.05042,0.43165,0.45876,0.76286
218,0.12111,0.04473,0.05884,0.05039,0.43111,0.45966,0.76338
219,0.12160,0.04769,0.05881,0.05036,0.43086,0.45997,0.76351
220,0.12209,0.04865,0.05879,0.05035,0.43015,0.46071,0.76380
221,0.12257,0.04713,0.05846,0.05003,0.43019,0.46131,0.76431
222,0.12306,0.04649,0.05843,0.05000,0.42994,0.46163,0.76445
223,0.12355,0.04410,0.05840,0.04997,0.42969,0.46194,0.76458
224,0.12403,0.04610,0.05836,0.04994,0.42944,0.46225,0.76472
225,0.12452,0.04634,0.05833,0.04962,0.42977,0.46228,0.76485
226,0.12500,0.04570,0.05800,0.04959,0.42981,0.46259,0.76518
227,0.12548,0.04593,0.05797,0.04957,0.42957,0.46290,0.76531
228,0.12597,0.04615,0.05794,0.04954,0.42932,0.46321,0.76544
229,0.12645,0.04895,0.05790,0.04951,0.42907,0.46352,0.76558
230,0.12693,0.04658,0.05787,0.04948,0.42882,0.46383,0.76571
231,0.12741,0.04849,0.05784,0.04945,0.42857,0.46414,0.76584
232,0.12789,0.04869,0.05780,0.04913,0.42832,0.46474,0.76617
233,0.12837,0.05057,0.05777,0.04910,0.42808,0.46505,0.76630
234,0.12885,0.05244,0.05774,0.04908,0.42783,0.46536,0.76643
235,0.12933,0.05176,0.05770,0.04905,0.42758,0.46567,0.76657
236,0.12981,0.05193,0.05767,0.04902,0.42734,0.46597,0.76670
237,0.13029,0.05125,0.05764,0.04899,0.42709,0.46628,0.76683
238,0.13077,0.05141,0.05760,0.04896,0.42684,0.46659,0.76696
239,0.13125,0.05157,0.05757,0.04865,0.42660,0.46718,0.76728
240,0.13172,0.05089,0.05754,0.04862,0.42578,0.46807,0.76760
241,0.13220,0.05104,0.05722,0.04859,0.42582,0.46837,0.76792
242,0.13268,0.05282,0.05718,0.04856,0.42557,0.46868,0.76806
243,0.13315,0.05295,0.05715,0.04854,0.42533,0.46898,0.76819
244,0.13363,0.05470,0.05712,0.04851,0.42509,0.46929,0.76832
245,0.13410,0.05644,0.05709,0.04848,0.42484,0.46959,0.76845
246,0.13457,0.05735,0.05705,0.04845,0.42460,0.46990,0.76858
247,0.13505,0.05665,0.05702,0.04842,0.42378,0.47077,0.76890
248,0.13552,0.05514,0.05699,0.04840,0.42354,0.47108,0.76903
249,0.13599,0.05444,0.05695,0.04837,0.42330,0.47138,0.76916
250,0.13646,0.05693,0.05692,0.04834,0.42305,0.47168,0.76929
251,0.13693,0.05781,0.05660,0.04831,0.42310,0.47198,0.76961
252,0.13740,0.05552,0.05657,0.04829,0.42286,0.47229,0.76974
253,0.13787,0.05402,0.05654,0.04826,0.42262,0.47259,0.76987
254,0.13834,0.05097,0.05651,0.04823,0.42180,0.47346,0.77018
255,0.13881,0.05184,0.05647,0.04820,0.42156,0.47376,0.77031
256,0.13928,0.05114,0.05644,0.04818,0.42132,0.47406,0.77044
257,0.13975,0.05200,0.05641,0.04815,0.42108,0.47436,0.77057
258,0.14022,0.05208,0.05609,0.04812,0.42113,0.47466,0.77088
259,0.14068,0.05293,0.05606,0.04809,0.42089,0.47496,0.77101
260,0.14115,0.05299,0.05603,0.04807,0.42065,0.47526,0.77114
261,0.14162,0.05382,0.05600,0.04804,0.42041,0.47555,0.77127
262,0.14208,0.05312,0.05597,0.04801,0.41960,0.47642,0.77158
263,0.14255,0.05393,0.05593,0.04798,0.41936,0.47672,0.77171
264,0.14301,0.05246,0.05562,0.04796,0.41941,0.47701,0.77202
265,0.14348,0.05403,0.05559,0.04793,0.41917,0.47731,0.77215
266,0.14394,0.05483,0.05527,0.04790,0.41922,0.47761,0.77247
267,0.14440,0.05486,0.05524,0.04788,0.41898,0.47790,0.77259
268,0.14486,0.05340,0.05521,0.04785,0.41874,0.47820,0.77272
269,0.14533,0.05193,0.05518,0.04782,0.41794,0.47906,0.77303
270,0.14579,0.05123,0.05515,0.04751,0.41770,0.47964,0.77334
271,0.14625,0.05126,0.05512,0.04748,0.41747,0.47993,0.77347
272,0.14671,0.05203,0.05508,0.04746,0.41723,0.48023,0.77360
273,0.14717,0.05280,0.05505,0.04743,0.41700,0.48052,0.77372
274,0.14763,0.05576,0.05502,0.04740,0.41676,0.48081,0.77385
275,0.14809,0.05650,0.05499,0.04738,0.41653,0.48111,0.77397
276,0.14855,0.05650,0.05496,0.04735,0.41573,0.48196,0.77428
277,0.14900,0.05650,0.05493,0.04732,0.41549,0.48225,0.77441
278,0.14946,0.05432,0.05490,0.04702,0.41582,0.48226,0.77453
279,0.14992,0.05577,0.05487,0.04699,0.41559,0.48255,0.77466
280,0.15038,0.05648,0.05456,0.04696,0.41564,0.48285,0.77497
281,0.15083,0.05791,0.05453,0.04694,0.41540,0.48314,0.77509
282,0.15129,0.05646,0.05393,0.04691,0.41573,0.48343,0.77559
283,0.15174,0.05501,0.05390,0.04688,0.41494,0.48428,0.77589
284,0.15220,0.05570,0.05387,0.04686,0.41470,0.48457,0.77602
285,0.15265,0.05622,0.05386,0.04684,0.41459,0.48471,0.77610
286,0.15310,0.05619,0.05383,0.04682,0.41435,0.48500,0.77622
287,0.15356,0.05546,0.05352,0.04679,0.41384,0.48585,0.77672
288,0.15401,0.05331,0.05349,0.04677,0.41361,0.48614,0.77684
289,0.15446,0.05328,0.05346,0.04674,0.41282,0.48699,0.77714
290,0.15491,0.05255,0.05343,0.04671,0.41259,0.48727,0.77727
291,0.15537,0.05532,0.05340,0.04669,0.41236,0.48756,0.77739
292,0.15582,0.05667,0.05337,0.04666,0.41213,0.48785,0.77751
293,0.15627,0.05541,0.05332,0.04662,0.41206,0.48800,0.77768
294,0.15672,0.05398,0.05329,0.04660,0.41183,0.48828,0.77780
295,0.15717,0.05462,0.05326,0.04657,0.41160,0.48857,0.77792
296,0.15761,0.05595,0.05323,0.04654,0.41137,0.48885,0.77804
297,0.15806,0.05452,0.05320,0.04624,0.41114,0.48942,0.77835
298,0.15851,0.05378,0.05290,0.04621,0.41119,0.48970,0.77865
299,0.15896,0.05305,0.05259,0.04619,0.41124,0.48998,0.77896
300,0.15940,0.05367,0.05256,0.04616,0.41101,0.49027,0.77908
301,0.15985,0.05565,0.05253,0.04614,0.41078,0.49055,0.77920
302,0.16030,0.05558,0.05222,0.04611,0.41028,0.49139,0.77968
303,0.16074,0.05552,0.05219,0.04609,0.41005,0.49167,0.77980
304,0.16119,0.05477,0.05216,0.04606,0.40982,0.49195,0.77992
305,0.16163,0.05470,0.05214,0.04603,0.40960,0.49224,0.78004
306,0.16208,0.05663,0.05211,0.04601,0.40937,0.49252,0.78016
307,0.16252,0.05521,0.05208,0.04598,0.40914,0.49280,0.78028
308,0.16296,0.05646,0.05205,0.04596,0.40891,0.49308,0.78040
309,0.16341,0.05837,0.05202,0.04593,0.40869,0.49336,0.78052
310,0.16385,0.05695,0.05199,0.04591,0.40846,0.49364,0.78064
311,0.16429,0.05488,0.05196,0.04588,0.40824,0.49392,0.78076
312,0.16473,0.05413,0.05193,0.04586,0.40801,0.49420,0.78088
313,0.16517,0.05404,0.05163,0.04555,0.40861,0.49420,0.78118
314,0.16561,0.05657,0.05160,0.04553,0.40839,0.49448,0.78130
315,0.16605,0.05712,0.05157,0.04550,0.40816,0.49476,0.78142
316,0.16649,0.05832,0.05154,0.04548,0.40794,0.49504,0.78154
317,0.16693,0.06016,0.05152,0.04545,0.40771,0.49532,0.78166
318,0.16737,0.05874,0.05121,0.04543,0.40776,0.49559,0.78196
319,0.16781,0.05975,0.05120,0.04542,0.40765,0.49573,0.78204
320,0.16824,0.05963,0.05117,0.04539,0.40743,0.49601,0.78215
321,0.16868,0.05886,0.05114,0.04537,0.40665,0.49684,0.78245
322,0.16912,0.05874,0.05084,0.04534,0.40671,0.49711,0.78275
323,0.16955,0.05862,0.05054,0.04504,0.40676,0.49767,0.78323
324,0.16999,0.05977,0.05051,0.04502,0.40653,0.49794,0.78335
325,0.17042,0.06155,0.05048,0.04499,0.40631,0.49822,0.78346
326,0.17086,0.06204,0.05045,0.04497,0.40609,0.49849,0.78358
327,0.17129,0.06317,0.05042,0.04494,0.40586,0.49877,0.78370
328,0.17173,0.06239,0.05040,0.04465,0.40564,0.49932,0.78399
329,0.17216,0.06144,0.05038,0.04463,0.40553,0.49945,0.78407
330,0.17259,0.06255,0.05036,0.04461,0.40531,0.49973,0.78419
331,0.17303,0.06428,0.05033,0.04458,0.40509,0.50000,0.78430
332,0.17346,0.06287,0.05030,0.04456,0.40432,0.50082,0.78460
333,0.17389,0.06334,0.05027,0.04454,0.40410,0.50109,0.78471
334,0.17432,0.06256,0.05025,0.04451,0.40333,0.50191,0.78501
335,0.17475,0.06054,0.05022,0.04449,0.40311,0.50218,0.78513
336,0.17518,0.05976,0.05019,0.04392,0.40289,0.50300,0.78560
337,0.17561,0.05960,0.05016,0.04389,0.40267,0.50327,0.78571
338,0.17604,0.06006,0.05014,0.04387,0.40245,0.50354,0.78583
339,0.17647,0.05973,0.05012,0.04386,0.40207,0.50395,0.78608
340,0.17690,0.05650,0.05010,0.04356,0.40185,0.50449,0.78638
341,0.17733,0.05634,0.05007,0.04354,0.40163,0.50476,0.78649
342,0.17775,0.05557,0.05004,0.04351,0.40087,0.50558,0.78679
343,0.17818,0.05663,0.05001,0.04349,0.40065,0.50584,0.78690
344,0.17861,0.05586,0.04999,0.04347,0.39989,0.50666,0.78719
345,0.17903,0.05509,0.04996,0.04317,0.39967,0.50720,0.78748
346,0.17946,0.05674,0.04993,0.04315,0.39946,0.50746,0.78760
347,0.17989,0.05839,0.04991,0.04312,0.39924,0.50773,0.78771
348,0.18031,0.05761,0.04988,0.04310,0.39848,0.50854,0.78800
349,0.18074,0.05683,0.04985,0.04226,0.39935,0.50853,0.78829
350,0.18116,0.05726,0.04982,0.04224,0.39913,0.50880,0.78841
351,0.18158,0.05768,0.04953,0.04222,0.39919,0.50907,0.78870
352,0.18201,0.05929,0.04950,0.04220,0.39897,0.50933,0.78881
353,0.18243,0.06089,0.04947,0.04217,0.39876,0.50960,0.78892
354,0.18285,0.06129,0.04945,0.04215,0.39854,0.50986,0.78903
355,0.18327,0.05991,0.04942,0.04186,0.39833,0.51040,0.78932
356,0.18369,0.05913,0.04939,0.04184,0.39757,0.51120,0.78961
357,0.18412,0.05893,0.04937,0.04181,0.39736,0.51146,0.78973
358,0.18454,0.05756,0.04907,0.04179,0.39741,0.51173,0.79001
359,0.18496,0.05737,0.04904,0.04177,0.39720,0.51199,0.79013
360,0.18538,0.05776,0.04902,0.04175,0.39644,0.51279,0.79041
361,0.18580,0.05874,0.04899,0.04172,0.39623,0.51306,0.79053
362,0.18621,0.05854,0.04896,0.04170,0.39602,0.51332,0.79064
363,0.18663,0.05717,0.04894,0.04168,0.39581,0.51358,0.79075
364,0.18705,0.05639,0.04891,0.04166,0.39559,0.51384,0.79086
365,0.18747,0.05561,0.04889,0.04136,0.39484,0.51491,0.79132
366,0.18789,0.05484,0.04886,0.04134,0.39409,0.51570,0.79161
367,0.18830,0.05348,0.04883,0.04132,0.39388,0.51596,0.79172
368,0.18872,0.05213,0.04881,0.04103,0.39367,0.51649,0.79200
369,0.18913,0.05309,0.04878,0.04101,0.39346,0.51675,0.79211
370,0.18955,0.05460,0.04875,0.04099,0.39325,0.51701,0.79222
371,0.18996,0.05554,0.04873,0.04096,0.39304,0.51727,0.79233
372,0.19038,0.05476,0.04870,0.04094,0.39283,0.51753,0.79244
373,0.19079,0.05626,0.04868,0.04092,0.39262,0.51779,0.79255
374,0.19121,0.05548,0.04865,0.04090,0.39241,0.51804,0.79266
375,0.19162,0.05639,0.04862,0.04088,0.39220,0.51830,0.79277
376,0.19203,0.05505,0.04860,0.04059,0.39199,0.51883,0.79306
377,0.19245,0.05483,0.04857,0.04057,0.39125,0.51962,0.79334
378,0.19286,0.05293,0.04828,0.04054,0.39077,0.52041,0.79380
379,0.19327,0.05327,0.04825,0.04052,0.39056,0.52066,0.79391
380,0.19368,0.05306,0.04823,0.04050,0.39035,0.52092,0.79401
381,0.19409,0.05340,0.04820,0.04048,0.38961,0.52170,0.79430
382,0.19450,0.05373,0.04818,0.04046,0.38941,0.52196,0.79441
383,0.19491,0.05296,0.04815,0.04044,0.38867,0.52275,0.79469
384,0.19532,0.05107,0.04813,0.04015,0.38899,0.52273,0.79480
385,0.19573,0.04863,0.04810,0.04013,0.38825,0.52352,0.79508
386,0.19614,0.04841,0.04807,0.03984,0.38805,0.52404,0.79536
387,0.19655,0.04930,0.04805,0.03982,0.38784,0.52429,0.79547
388,0.19695,0.04908,0.04802,0.03980,0.38711,0.52507,0.79575
389,0.19736,0.04941,0.04773,0.03978,0.38717,0.52532,0.79603
390,0.19777,0.05066,0.04772,0.03977,0.38706,0.52545,0.79610
391,0.19818,0.05153,0.04769,0.03975,0.38686,0.52570,0.79621
392,0.19858,0.05294,0.04767,0.03972,0.38665,0.52595,0.79631
393,0.19899,0.05161,0.04764,0.03970,0.38645,0.52620,0.79642
394,0.19939,0.05083,0.04762,0.03968,0.38624,0.52646,0.79652
395,0.19980,0.05006,0.04759,0.03966,0.38604,0.52671,0.79663
396,0.20020,0.04874,0.04730,0.03964,0.38610,0.52696,0.79691
397,0.20061,0.04742,0.04728,0.03962,0.38590,0.52721,0.79702
398,0.20101,0.04719,0.04725,0.03960,0.38569,0.52746,0.79712
399,0.20141,0.04804,0.04723,0.03958,0.38549,0.52770,0.79723
400,0.20182,0.04780,0.04720,0.03956,0.38476,0.52848,0.79751
401,0.20222,0.04917,0.04718,0.03954,0.38455,0.52873,0.79761
402,0.20262,0.05000,0.04715,0.03952,0.38435,0.52898,0.79772
403,0.20302,0.05136,0.04713,0.03949,0.38415,0.52923,0.79782
404,0.20342,0.05058,0.04711,0.03947,0.38342,0.53000,0.79810
405,0.20382,0.05193,0.04708,0.03945,0.38322,0.53025,0.79820
406,0.20423,0.05062,0.04706,0.03943,0.38302,0.53049,0.79831
407,0.20463,0.04931,0.04703,0.03941,0.38229,0.53127,0.79858
408,0.20503,0.04906,0.04701,0.03939,0.38209,0.53151,0.79869
409,0.20542,0.04986,0.04698,0.03937,0.38189,0.53176,0.79879
410,0.20582,0.05014,0.04696,0.03935,0.38169,0.53200,0.79890
411,0.20622,0.04936,0.04693,0.03933,0.38149,0.53225,0.79900
412,0.20662,0.05015,0.04691,0.03931,0.38129,0.53249,0.79910
413,0.20702,0.04990,0.04688,0.03929,0.38109,0.53274,0.79921
414,0.20741,0.04911,0.04686,0.03927,0.38089,0.53298,0.79931
415,0.20781,0.04781,0.04683,0.03898,0.38069,0.53349,0.79959
416,0.20821,0.04599,0.04681,0.03896,0.37997,0.53426,0.79986
417,0.20860,0.04730,0.04679,0.03894,0.37977,0.53450,0.79997
418,0.20900,0.04704,0.04624,0.03892,0.38009,0.53474,0.80041
419,0.20940,0.04574,0.04621,0.03890,0.37990,0.53499,0.80051
420,0.20979,0.04755,0.04619,0.03888,0.37970,0.53523,0.80062
421,0.21018,0.04626,0.04617,0.03886,0.37950,0.53547,0.80072
422,0.21058,0.04548,0.04614,0.03858,0.37930,0.53597,0.80099
423,0.21097,0.04419,0.04612,0.03830,0.37858,0.53700,0.80144
424,0.21137,0.04480,0.04611,0.03829,0.37848,0.53712,0.80151
425,0.21176,0.04437,0.04609,0.03828,0.37839,0.53724,0.80157
426,0.21215,0.04513,0.04607,0.03826,0.37819,0.53748,0.80168
427,0.21254,0.04486,0.04605,0.03798,0.37799,0.53798,0.80195
428,0.21294,0.04307,0.04576,0.03770,0.37806,0.53848,0.80239
429,0.21333,0.04382,0.04574,0.03768,0.37786,0.53872,0.80249
430,0.21372,0.04152,0.04571,0.03740,0.37818,0.53870,0.80259
431,0.21411,0.04177,0.04569,0.03738,0.37799,0.53894,0.80269
432,0.21450,0.03948,0.04567,0.03736,0.37779,0.53918,0.80280
433,0.21489,0.04073,0.04564,0.03734,0.37759,0.53942,0.80290
434,0.21528,0.03996,0.04562,0.03733,0.37740,0.53966,0.80300
435,0.21567,0.03919,0.04560,0.03731,0.37720,0.53990,0.80310
436,0.21606,0.03892,0.04557,0.03729,0.37701,0.54013,0.80320
437,0.21644,0.03866,0.04555,0.03727,0.37681,0.54037,0.80330
438,0.21683,0.03889,0.04553,0.03725,0.37662,0.54061,0.80340
439,0.21722,0.03812,0.04550,0.03723,0.37642,0.54085,0.80350
440,0.21761,0.03935,0.04548,0.03721,0.37623,0.54109,0.80360
441,0.21799,0.03842,0.04547,0.03720,0.37613,0.54120,0.80367
442,0.21838,0.03765,0.04544,0.03718,0.37594,0.54144,0.80377
443,0.21877,0.03837,0.04542,0.03716,0.37574,0.54168,0.80387
444,0.21915,0.03809,0.04540,0.03714,0.37555,0.54191,0.80396
445,0.21954,0.03881,0.04537,0.03712,0.37535,0.54215,0.80406
446,0.21992,0.03853,0.04535,0.03710,0.37465,0.54290,0.80433
447,0.22031,0.03825,0.04533,0.03683,0.37394,0.54391,0.80477
448,0.22069,0.03797,0.04530,0.03681,0.37375,0.54414,0.80487
449,0.22107,0.03671,0.04528,0.03679,0.37355,0.54438,0.80497
450,0.22146,0.03546,0.04423,0.03677,0.37490,0.54410,0.80557
451,0.22184,0.03616,0.04420,0.03675,0.37471,0.54433,0.80567
452,0.22222,0.03637,0.04418,0.03673,0.37452,0.54457,0.80577
453,0.22260,0.03608,0.04416,0.03671,0.37433,0.54480,0.80587
454,0.22299,0.03629,0.04414,0.03669,0.37413,0.54503,0.80597
455,0.22337,0.03504,0.04386,0.03668,0.37369,0.54578,0.80640
456,0.22375,0.03524,0.04383,0.03666,0.37349,0.54601,0.80650
457,0.22413,0.03592,0.04381,0.03664,0.37279,0.54676,0.80677
458,0.22451,0.03499,0.04380,0.03663,0.37269,0.54688,0.80683
459,0.22489,0.03519,0.04378,0.03661,0.37250,0.54711,0.80693
460,0.22527,0.03442,0.04376,0.03634,0.37282,0.54708,0.80703
461,0.22565,0.03462,0.04373,0.03632,0.37263,0.54731,0.80712
462,0.22603,0.03289,0.04346,0.03604,0.37219,0.54831,0.80772
463,0.22641,0.03260,0.04343,0.03602,0.37200,0.54854,0.80782
464,0.22678,0.03136,0.04316,0.03601,0.37206,0.54877,0.80809
465,0.22716,0.03060,0.04313,0.03599,0.37187,0.54900,0.80818
466,0.22754,0.03126,0.04311,0.03597,0.37168,0.54923,0.80828
467,0.22792,0.03288,0.04309,0.03595,0.37149,0.54946,0.80838
468,0.22829,0.03402,0.04307,0.03593,0.37130,0.54969,0.80847
469,0.22867,0.03325,0.04254,0.03591,0.37112,0.55043,0.80907
470,0.22904,0.03343,0.04252,0.03590,0.37093,0.55066,0.80917
471,0.22942,0.03219,0.04249,0.03588,0.37023,0.55140,0.80943
472,0.22980,0.03284,0.04247,0.03586,0.37004,0.55163,0.80952
473,0.23017,0.03395,0.04245,0.03584,0.36985,0.55186,0.80962
474,0.23054,0.03412,0.04243,0.03582,0.36966,0.55208,0.80971
475,0.23092,0.03335,0.04241,0.03580,0.36948,0.55231,0.80981
476,0.23129,0.03305,0.04239,0.03579,0.36929,0.55254,0.80990
477,0.23167,0.03369,0.04236,0.03577,0.36910,0.55277,0.81000
478,0.23204,0.03386,0.04234,0.03575,0.36891,0.55299,0.81009
479,0.23241,0.03542,0.04232,0.03573,0.36873,0.55322,0.81019
480,0.23278,0.03604,0.04230,0.03571,0.36854,0.55344,0.81028
481,0.23316,0.03666,0.04228,0.03570,0.36835,0.55367,0.81038
482,0.23353,0.03682,0.04226,0.03568,0.36766,0.55440,0.81064
483,0.23390,0.03697,0.04224,0.03566,0.36748,0.55463,0.81073
484,0.23427,0.03758,0.04221,0.03564,0.36729,0.55485,0.81083
485,0.23464,0.03634,0.04194,0.03562,0.36736,0.55508,0.81109
486,0.23501,0.03741,0.04192,0.03561,0.36717,0.55530,0.81118
487,0.23538,0.03847,0.04190,0.03559,0.36699,0.55553,0.81128
488,0.23575,0.03907,0.04188,0.03557,0.36680,0.55575,0.81137
489,0.23612,0.03967,0.04186,0.03555,0.36611,0.55648,0.81163
490,0.23649,0.03889,0.04183,0.03553,0.36542,0.55721,0.81189
491,0.23685,0.03948,0.04181,0.03552,0.36474,0.55793,0.81215
492,0.23722,0.04053,0.04179,0.03550,0.36455,0.55816,0.81224
493,0.23759,0.04111,0.04177,0.03548,0.36437,0.55838,0.81233
494,0.23796,0.04170,0.04175,0.03546,0.36368,0.55910,0.81259
495,0.23832,0.04273,0.04173,0.03544,0.36350,0.55933,0.81269
496,0.23869,0.04376,0.04171,0.03543,0.36332,0.55955,0.81278
497,0.23906,0.04433,0.04169,0.03541,0.36313,0.55977,0.81287
498,0.23942,0.04444,0.04167,0.03539,0.36295,0.55999,0.81296
499,0.23979,0.04501,0.04165,0.03537,0.36277,0.56021,0.81306
500,0.24015,0.04422,0.04162,0.03536,0.36259,0.56043,0.81315
501,0.24052,0.04523,0.04160,0.03534,0.36241,0.56065,0.81324
502,0.24088,0.04579,0.04158,0.03532,0.36172,0.56137,0.81350
503,0.24125,0.04634,0.04156,0.03530,0.36154,0.56159,0.81359
504,0.24161,0.04465,0.04154,0.03529,0.36086,0.56231,0.81385
505,0.24197,0.04475,0.04152,0.03502,0.36068,0.56278,0.81410
506,0.24234,0.04441,0.04150,0.03500,0.36050,0.56300,0.81419
507,0.24270,0.04451,0.04123,0.03498,0.36057,0.56322,0.81445
508,0.24306,0.04506,0.04121,0.03497,0.36039,0.56344,0.81454
509,0.24342,0.04382,0.04119,0.03495,0.35971,0.56415,0.81480
510,0.24379,0.04303,0.04117,0.03468,0.36003,0.56412,0.81489
511,0.24415,0.04268,0.04115,0.03466,0.35985,0.56434,0.81498
512,0.24451,0.04278,0.04113,0.03465,0.35967,0.56456,0.81507
513,0.24487,0.04066,0.04111,0.03463,0.35899,0.56527,0.81532
514,0.24523,0.04164,0.04109,0.03461,0.35881,0.56549,0.81541
515,0.24559,0.04129,0.04107,0.03459,0.35864,0.56570,0.81551
516,0.24595,0.04226,0.04104,0.03458,0.35846,0.56592,0.81560
517,0.24631,0.04147,0.04102,0.03456,0.35828,0.56614,0.81569
518,0.24667,0.04200,0.04100,0.03454,0.35810,0.56635,0.81578
519,0.24703,0.04253,0.04098,0.03453,0.35792,0.56657,0.81587
520,0.24738,0.04349,0.04096,0.03451,0.35775,0.56678,0.81596
521,0.24774,0.04298,0.04095,0.03450,0.35766,0.56689,0.81602
522,0.24810,0.04306,0.04093,0.03448,0.35748,0.56710,0.81611
523,0.24846,0.04314,0.04091,0.03447,0.35681,0.56782,0.81636
524,0.24881,0.04365,0.04089,0.03445,0.35663,0.56803,0.81645
525,0.24917,0.04373,0.04087,0.03443,0.35596,0.56874,0.81670
526,0.24953,0.04424,0.04085,0.03441,0.35578,0.56895,0.81679
527,0.24988,0.04344,0.04083,0.03440,0.35511,0.56966,0.81704
528,0.25024,0.04352,0.04081,0.03438,0.35493,0.56987,0.81713
529,0.25059,0.04229,0.04079,0.03436,0.35426,0.57058,0.81738
530,0.25095,0.04236,0.04077,0.03435,0.35409,0.57079,0.81747
531,0.25130,0.04200,0.04075,0.03433,0.35391,0.57101,0.81756
532,0.25166,0.04250,0.04073,0.03431,0.35374,0.57122,0.81765
533,0.25201,0.04257,0.04071,0.03430,0.35307,0.57192,0.81790
534,0.25236,0.04349,0.04069,0.03428,0.35290,0.57213,0.81799
535,0.25272,0.04398,0.04067,0.03426,0.35272,0.57234,0.81808
536,0.25307,0.04362,0.04065,0.03424,0.35255,0.57255,0.81817
537,0.25342,0.04410,0.04063,0.03423,0.35238,0.57277,0.81826
538,0.25377,0.04459,0.04061,0.03421,0.35220,0.57298,0.81834
539,0.25413,0.04507,0.04059,0.03419,0.35203,0.57319,0.81843
540,0.25448,0.04427,0.04057,0.03418,0.35186,0.57340,0.81852
541,0.25483,0.04305,0.04055,0.03416,0.35070,0.57459,0.81893
542,0.25518,0.04396,0.04053,0.03414,0.35053,0.57480,0.81902
543,0.25553,0.04316,0.04051,0.03413,0.34986,0.57550,0.81927
544,0.25588,0.04364,0.04049,0.03411,0.34969,0.57571,0.81935
545,0.25623,0.04326,0.04047,0.03409,0.34952,0.57591,0.81944
546,0.25658,0.04247,0.04045,0.03408,0.34935,0.57612,0.81953
547,0.25693,0.04252,0.04043,0.03406,0.34918,0.57633,0.81962
548,0.25728,0.04157,0.04042,0.03405,0.34909,0.57643,0.81967
549,0.25763,0.04161,0.04040,0.03404,0.34892,0.57664,0.81976
550,0.25797,0.04124,0.04038,0.03402,0.34875,0.57685,0.81985
551,0.25832,0.04212,0.04036,0.03400,0.34858,0.57705,0.81994
552,0.25867,0.04301,0.04034,0.03399,0.34841,0.57726,0.82002
553,0.25902,0.04305,0.04032,0.03397,0.34775,0.57796,0.82027
554,0.25936,0.04267,0.04030,0.03395,0.34758,0.57816,0.82036
555,0.25971,0.04187,0.04028,0.03394,0.34741,0.57837,0.82044
556,0.26006,0.04108,0.04002,0.03392,0.34700,0.57906,0.82085
557,0.26040,0.04153,0.04000,0.03390,0.34683,0.57927,0.82094
558,0.26075,0.04157,0.03998,0.03364,0.34666,0.57972,0.82118
559,0.26109,0.04243,0.03996,0.03363,0.34649,0.57992,0.82127
560,0.26144,0.04081,0.03994,0.03361,0.34584,0.58061,0.82151
561,0.26178,0.04084,0.03992,0.03359,0.34567,0.58082,0.82160
562,0.26213,0.04087,0.03990,0.03358,0.34550,0.58102,0.82169
563,0.26247,0.04049,0.03988,0.03356,0.34533,0.58123,0.82177
564,0.26281,0.04011,0.03986,0.03354,0.34468,0.58192,0.82202
565,0.26316,0.04014,0.03984,0.03353,0.34402,0.58260,0.82226
566,0.26350,0.04058,0.03983,0.03351,0.34386,0.58281,0.82235
567,0.26384,0.04143,0.03981,0.03350,0.34369,0.58301,0.82243
568,0.26419,0.04145,0.03979,0.03348,0.34352,0.58321,0.82252
569,0.26453,0.04188,0.03977,0.03346,0.34336,0.58341,0.82260
570,0.26487,0.04232,0.03975,0.03345,0.34319,0.58362,0.82269
571,0.26521,0.04193,0.03973,0.03343,0.34302,0.58382,0.82277
572,0.26555,0.04317,0.03971,0.03341,0.34286,0.58402,0.82286
573,0.26589,0.04319,0.03969,0.03340,0.34269,0.58422,0.82294
574,0.26623,0.04361,0.03967,0.03338,0.34204,0.58491,0.82318
575,0.26657,0.04322,0.03965,0.03337,0.34188,0.58511,0.82327
576,0.26691,0.04161,0.03963,0.03335,0.34123,0.58579,0.82351
577,0.26725,0.03959,0.03961,0.03333,0.34058,0.58647,0.82375
578,0.26759,0.04001,0.03959,0.03332,0.34042,0.58667,0.82384
579,0.26793,0.04003,0.03933,0.03330,0.34049,0.58687,0.82408
580,0.26827,0.04004,0.03932,0.03329,0.34033,0.58707,0.82416
581,0.26861,0.04045,0.03930,0.03327,0.34016,0.58727,0.82425
582,0.26895,0.04087,0.03928,0.03325,0.34000,0.58747,0.82433
583,0.26928,0.04047,0.03926,0.03324,0.33935,0.58815,0.82457
584,0.26962,0.03968,0.03924,0.03322,0.33919,0.58835,0.82466
585,0.26996,0.04009,0.03922,0.03321,0.33903,0.58855,0.82474
586,0.27030,0.04049,0.03920,0.03319,0.33886,0.58874,0.82482
587,0.27063,0.04050,0.03918,0.03317,0.33870,0.58894,0.82491
588,0.27097,0.04090,0.03916,0.03316,0.33854,0.58914,0.82499
589,0.27130,0.04050,0.03915,0.03314,0.33790,0.58982,0.82523
590,0.27164,0.04130,0.03913,0.03313,0.33725,0.59049,0.82547
591,0.27197,0.04170,0.03911,0.03311,0.33709,0.59069,0.82555
592,0.27231,0.04209,0.03909,0.03309,0.33693,0.59089,0.82563
593,0.27264,0.04209,0.03883,0.03308,0.33701,0.59108,0.82587
594,0.27298,0.04209,0.03881,0.03282,0.33733,0.59104,0.82596
595,0.27331,0.04168,0.03879,0.03281,0.33669,0.59171,0.82620
596,0.27365,0.04168,0.03877,0.03279,0.33652,0.59191,0.82628
597,0.27398,0.04048,0.03876,0.03278,0.33636,0.59211,0.82636
598,0.27431,0.04048,0.03874,0.03228,0.33668,0.59230,0.82660
599,0.27464,0.04086,0.03872,0.03227,0.33652,0.59250,0.82668
600,0.27498,0.04164,0.03870,0.03225,0.33636,0.59269,0.82676
601,0.27531,0.04241,0.03868,0.03223,0.33572,0.59336,0.82700
602,0.27564,0.04279,0.03866,0.03222,0.33508,0.59403,0.82724
603,0.27597,0.04356,0.03865,0.03220,0.33492,0.59423,0.82732
604,0.27630,0.04355,0.03863,0.03219,0.33476,0.59442,0.82740
605,0.27663,0.04353,0.03861,0.03217,0.33460,0.59461,0.82748
606,0.27697,0.04273,0.03835,0.03216,0.33421,0.59528,0.82788
607,0.27730,0.04310,0.03833,0.03214,0.33405,0.59548,0.82796
608,0.27763,0.04347,0.03832,0.03213,0.33389,0.59567,0.82804
609,0.27796,0.04267,0.03830,0.03211,0.33373,0.59586,0.82812
610,0.27828,0.04303,0.03828,0.03210,0.33357,0.59605,0.82820
611,0.27861,0.04418,0.03826,0.03208,0.33341,0.59625,0.82828
612,0.27894,0.04298,0.03824,0.03207,0.33325,0.59644,0.82836
613,0.27927,0.04141,0.03822,0.03205,0.33262,0.59710,0.82860
614,0.27960,0.04177,0.03821,0.03204,0.33246,0.59729,0.82868
615,0.27993,0.04213,0.03819,0.03202,0.33231,0.59749,0.82876
616,0.28025,0.04172,0.03817,0.03201,0.33167,0.59815,0.82899
617,0.28058,0.04092,0.03815,0.03199,0.33104,0.59882,0.82923
618,0.28091,0.04128,0.03813,0.03198,0.33041,0.59948,0.82947
619,0.28124,0.04163,0.03812,0.03196,0.32978,0.60014,0.82970
620,0.28156,0.04160,0.03810,0.03195,0.32915,0.60080,0.82994
621,0.28189,0.04234,0.03808,0.03193,0.32900,0.60099,0.83002
622,0.28221,0.04307,0.03806,0.03191,0.32884,0.60118,0.83009
623,0.28254,0.04227,0.03804,0.03166,0.32821,0.60208,0.83048
624,0.28286,0.04262,0.03803,0.03165,0.32806,0.60227,0.83056
625,0.28319,0.04220,0.03801,0.03163,0.32790,0.60246,0.83064
626,0.28351,0.04293,0.03799,0.03162,0.32775,0.60264,0.83072
627,0.28384,0.04212,0.03774,0.03160,0.32736,0.60330,0.83111
628,0.28416,0.04132,0.03772,0.03159,0.32720,0.60349,0.83119
629,0.28449,0.04205,0.03770,0.03157,0.32705,0.60368,0.83127
630,0.28481,0.04201,0.03768,0.03156,0.32690,0.60386,0.83135
631,0.28513,0.04158,0.03766,0.03154,0.32627,0.60452,0.83158
632,0.28546,0.04230,0.03765,0.03153,0.32612,0.60471,0.83166
633,0.28578,0.04226,0.03763,0.03151,0.32596,0.60489,0.83174
634,0.28610,0.04259,0.03761,0.03150,0.32581,0.60508,0.83181
635,0.28642,0.04179,0.03759,0.03148,0.32519,0.60573,0.83205
636,0.28674,0.04212,0.03758,0.03147,0.32504,0.60592,0.83212
637,0.28707,0.04170,0.03756,0.03146,0.32488,0.60610,0.83220
638,0.28739,0.04165,0.03754,0.03144,0.32473,0.60629,0.83228
639,0.28771,0.04123,0.03752,0.03143,0.32411,0.60694,0.83251
640,0.28803,0.04065,0.03751,0.03118,0.32427,0.60703,0.83272
641,0.28835,0.04098,0.03750,0.03117,0.32412,0.60722,0.83279
642,0.28867,0.04018,0.03748,0.03115,0.32396,0.60740,0.83287
643,0.28899,0.03976,0.03746,0.03114,0.32381,0.60759,0.83295
644,0.28931,0.03783,0.03721,0.03113,0.32389,0.60777,0.83318
645,0.28963,0.03629,0.03649,0.03111,0.32444,0.60795,0.83372
646,0.28995,0.03647,0.03648,0.03110,0.32437,0.60804,0.83377
647,0.29026,0.03716,0.03647,0.03109,0.32422,0.60823,0.83385
648,0.29058,0.03748,0.03645,0.03107,0.32407,0.60841,0.83392
649,0.29090,0.03817,0.03643,0.03106,0.32391,0.60859,0.83400
650,0.29122,0.03738,0.03641,0.03105,0.32376,0.60878,0.83408
651,0.29154,0.03769,0.03616,0.03103,0.32385,0.60896,0.83431
652,0.29185,0.03764,0.03615,0.03102,0.32369,0.60914,0.83438
653,0.29217,0.03832,0.03613,0.03100,0.32354,0.60932,0.83446
654,0.29249,0.03716,0.03611,0.03099,0.32339,0.60951,0.83453
655,0.29280,0.03784,0.03610,0.03097,0.32324,0.60969,0.83461
656,0.29312,0.03852,0.03608,0.03096,0.32309,0.60987,0.83469
657,0.29343,0.03919,0.03606,0.03094,0.32294,0.61005,0.83476
658,0.29375,0.03876,0.03605,0.03093,0.32279,0.61023,0.83484
659,0.29407,0.03907,0.03603,0.03092,0.32264,0.61041,0.83491
660,0.29438,0.03960,0.03602,0.03091,0.32257,0.61050,0.83496
661,0.29469,0.03806,0.03600,0.03020,0.32242,0.61138,0.83550
662,0.29501,0.03836,0.03599,0.03018,0.32227,0.61156,0.83557
663,0.29532,0.03866,0.03597,0.03017,0.32165,0.61221,0.83580
664,0.29564,0.03896,0.03595,0.02992,0.32150,0.61262,0.83603
665,0.29595,0.03926,0.03594,0.02991,0.32135,0.61280,0.83610
666,0.29626,0.03992,0.03592,0.02990,0.32121,0.61298,0.83618
667,0.29658,0.03985,0.03590,0.02988,0.32059,0.61362,0.83641
668,0.29689,0.04015,0.03589,0.02987,0.32044,0.61380,0.83648
669,0.29720,0.04080,0.03587,0.02985,0.32030,0.61398,0.83655
670,0.29751,0.03927,0.03585,0.02984,0.31969,0.61462,0.83678
671,0.29783,0.04029,0.03584,0.02983,0.31954,0.61480,0.83686
672,0.29814,0.04094,0.03582,0.02981,0.31939,0.61498,0.83693
673,0.29845,0.03942,0.03581,0.02980,0.31878,0.61562,0.83716
674,0.29876,0.04043,0.03579,0.02979,0.31863,0.61579,0.83723
675,0.29907,0.04107,0.03577,0.02977,0.31849,0.61597,0.83730
676,0.29938,0.04172,0.03576,0.02976,0.31788,0.61661,0.83753
677,0.29969,0.04149,0.03575,0.02975,0.31780,0.61670,0.83758
678,0.30000,0.04177,0.03573,0.02974,0.31720,0.61734,0.83781
679,0.30031,0.04205,0.03571,0.02972,0.31705,0.61751,0.83788
680,0.30062,0.04305,0.03570,0.02971,0.31690,0.61769,0.83795
681,0.30093,0.04188,0.03568,0.02924,0.31722,0.61786,0.83818
682,0.30124,0.04144,0.03566,0.02922,0.31661,0.61850,0.83840
683,0.30155,0.03992,0.03565,0.02921,0.31647,0.61868,0.83848
684,0.30185,0.03876,0.03563,0.02920,0.31586,0.61931,0.83870
685,0.30216,0.03903,0.03562,0.02918,0.31572,0.61949,0.83877
686,0.30247,0.03859,0.03560,0.02917,0.31511,0.62012,0.83900
687,0.30278,0.03872,0.03559,0.02916,0.31527,0.61998,0.83905
688,0.30308,0.03828,0.03557,0.02915,0.31513,0.62015,0.83912
689,0.30339,0.03819,0.03556,0.02914,0.31498,0.62033,0.83919
690,0.30370,0.03846,0.03554,0.02912,0.31484,0.62050,0.83926
691,0.30400,0.03908,0.03553,0.02911,0.31469,0.62067,0.83934
692,0.30431,0.03971,0.03551,0.02910,0.31455,0.62085,0.83941
693,0.30462,0.04033,0.03549,0.02908,0.31440,0.62102,0.83948
694,0.30492,0.03917,0.03548,0.02907,0.31426,0.62119,0.83955
695,0.30523,0.03908,0.03546,0.02906,0.31412,0.62137,0.83963
696,0.30553,0.03863,0.03544,0.02904,0.31351,0.62200,0.83985
697,0.30584,0.03819,0.03543,0.02880,0.31383,0.62194,0.83992
698,0.30614,0.03915,0.03541,0.02879,0.31369,0.62212,0.83999
699,0.30644,0.03977,0.03540,0.02877,0.31354,0.62229,0.84007
700,0.30675,0.03896,0.03538,0.02876,0.31294,0.62292,0.84029
701,0.30705,0.03711,0.03468,0.02875,0.31348,0.62309,0.84081
702,0.30736,0.03666,0.03444,0.02851,0.31357,0.62349,0.84118
703,0.30766,0.03621,0.03442,0.02849,0.31297,0.62412,0.84140
704,0.30796,0.03682,0.03440,0.02848,0.31283,0.62429,0.84147
705,0.30826,0.03602,0.03439,0.02824,0.31269,0.62469,0.84170
706,0.30857,0.03592,0.03437,0.02823,0.31254,0.62486,0.84177
707,0.30887,0.03618,0.03436,0.02821,0.31240,0.62503,0.84184
708,0.30917,0.03608,0.03434,0.02820,0.31226,0.62520,0.84191
709,0.30947,0.03633,0.03433,0.02819,0.31212,0.62537,0.84198
710,0.30977,0.03623,0.03431,0.02818,0.31197,0.62554,0.84205
711,0.31007,0.03508,0.03429,0.02816,0.31183,0.62571,0.84212
712,0.31037,0.03498,0.03428,0.02815,0.31169,0.62588,0.84219
713,0.31068,0.03523,0.03426,0.02814,0.31155,0.62605,0.84226
714,0.31098,0.03429,0.03426,0.02813,0.31148,0.62613,0.84231
715,0.31128,0.03384,0.03424,0.02812,0.31134,0.62630,0.84238
716,0.31158,0.03339,0.03422,0.02788,0.31165,0.62625,0.84245
717,0.31187,0.03364,0.03421,0.02787,0.31151,0.62642,0.84252
718,0.31217,0.03215,0.03419,0.02785,0.31137,0.62659,0.84259
719,0.31247,0.03205,0.03418,0.02784,0.31123,0.62675,0.84266
720,0.31277,0.03056,0.03416,0.02783,0.31109,0.62692,0.84273
721,0.31307,0.03046,0.03415,0.02782,0.31095,0.62709,0.84280
722,0.31337,0.03070,0.03413,0.02780,0.31080,0.62726,0.84287
723,0.31367,0.02991,0.03412,0.02756,0.31112,0.62720,0.84294
724,0.31396,0.02843,0.03410,0.02755,0.31098,0.62737,0.84301
725,0.31426,0.02901,0.03409,0.02754,0.31084,0.62754,0.84308
726,0.31456,0.02994,0.03407,0.02753,0.31069,0.62771,0.84315
727,0.31485,0.03052,0.03406,0.02751,0.31055,0.62788,0.84322
728,0.31515,0.03042,0.03404,0.02750,0.31041,0.62804,0.84329
729,0.31545,0.03065,0.03402,0.02749,0.31027,0.62821,0.84336
730,0.31574,0.03089,0.03401,0.02748,0.31014,0.62838,0.84343
731,0.31604,0.03078,0.03399,0.02747,0.31000,0.62855,0.84350
732,0.31634,0.03067,0.03398,0.02745,0.30941,0.62916,0.84372
733,0.31663,0.03090,0.03396,0.02744,0.30927,0.62933,0.84379
734,0.31693,0.03147,0.03395,0.02743,0.30913,0.62950,0.84386
735,0.31722,0.03034,0.03393,0.02742,0.30899,0.62966,0.84393
736,0.31752,0.03057,0.03392,0.02740,0.30885,0.62983,0.84399
737,0.31781,0.02977,0.03390,0.02739,0.30871,0.63000,0.84406
738,0.31810,0.03034,0.03389,0.02738,0.30857,0.63016,0.84413
739,0.31840,0.03091,0.03387,0.02737,0.30843,0.63033,0.84420
740,0.31869,0.03113,0.03386,0.02735,0.30830,0.63049,0.84427
741,0.31898,0.03102,0.03384,0.02734,0.30771,0.63111,0.84449
742,0.31928,0.03124,0.03383,0.02733,0.30757,0.63127,0.84456
743,0.31957,0.03112,0.03381,0.02732,0.30699,0.63189,0.84477
744,0.31986,0.03033,0.03357,0.02731,0.30707,0.63205,0.84499
745,0.32015,0.03055,0.03356,0.02729,0.30694,0.63221,0.84506
746,0.32045,0.03077,0.03354,0.02728,0.30680,0.63238,0.84512
747,0.32074,0.03031,0.03353,0.02727,0.30666,0.63254,0.84519
748,0.32103,0.03053,0.03351,0.02726,0.30652,0.63271,0.84526
749,0.32132,0.03108,0.03350,0.02724,0.30639,0.63287,0.84533
750,0.32161,0.03130,0.03348,0.02723,0.30625,0.63304,0.84540
751,0.32190,0.03151,0.03347,0.02722,0.30611,0.63320,0.84547
752,0.32219,0.03172,0.03345,0.02721,0.30598,0.63336,0.84553
753,0.32248,0.03160,0.03344,0.02720,0.30584,0.63353,0.84560
754,0.32277,0.03248,0.03342,0.02718,0.30570,0.63369,0.84567
755,0.32306,0.03303,0.03341,0.02717,0.30557,0.63385,0.84574
756,0.32335,0.03257,0.03339,0.02716,0.30543,0.63402,0.84580
757,0.32364,0.03277,0.03338,0.02715,0.30530,0.63418,0.84587
758,0.32393,0.03250,0.03337,0.02714,0.30523,0.63426,0.84592
759,0.32422,0.03237,0.03336,0.02713,0.30509,0.63442,0.84599
760,0.32451,0.03191,0.03334,0.02712,0.30496,0.63459,0.84605
761,0.32480,0.03145,0.03333,0.02711,0.30482,0.63475,0.84612
762,0.32509,0.03165,0.03331,0.02709,0.30469,0.63491,0.84619
763,0.32537,0.03152,0.03330,0.02708,0.30455,0.63507,0.84625
764,0.32566,0.03106,0.03328,0.02707,0.30442,0.63523,0.84632
765,0.32595,0.03126,0.03327,0.02706,0.30428,0.63540,0.84639
766,0.32624,0.03080,0.03325,0.02682,0.30415,0.63578,0.84660
767,0.32652,0.03133,0.03324,0.02681,0.30401,0.63594,0.84667
768,0.32681,0.03120,0.03322,0.02680,0.30388,0.63610,0.84674
769,0.32709,0.03140,0.03321,0.02679,0.30374,0.63626,0.84680
770,0.32738,0.03192,0.03319,0.02678,0.30361,0.63642,0.84687
771,0.32767,0.03278,0.03318,0.02676,0.30347,0.63658,0.84694
772,0.32795,0.03198,0.03316,0.02675,0.30290,0.63719,0.84715
773,0.32824,0.03152,0.03315,0.02674,0.30276,0.63735,0.84722
774,0.32852,0.02973,0.03291,0.02673,0.30285,0.63751,0.84743
775,0.32881,0.02927,0.03290,0.02672,0.30272,0.63767,0.84749
776,0.32909,0.02979,0.03288,0.02670,0.30258,0.63783,0.84756
777,0.32938,0.02965,0.03287,0.02669,0.30201,0.63843,0.84777
778,0.32966,0.02952,0.03286,0.02646,0.30187,0.63881,0.84798
779,0.32994,0.02971,0.03284,0.02645,0.30174,0.63897,0.84805
780,0.33023,0.02990,0.03283,0.02644,0.30161,0.63913,0.84812
781,0.33051,0.03008,0.03281,0.02643,0.30148,0.63929,0.84818
782,0.33080,0.03060,0.03280,0.02641,0.30134,0.63945,0.84825
783,0.33108,0.02980,0.03278,0.02640,0.30077,0.64004,0.84846
784,0.33136,0.02934,0.03277,0.02639,0.30020,0.64064,0.84867
785,0.33164,0.02985,0.03275,0.02638,0.30007,0.64080,0.84873
786,0.33193,0.02938,0.03274,0.02637,0.29993,0.64096,0.84880
787,0.33221,0.02957,0.03273,0.02636,0.29980,0.64112,0.84887
788,0.33249,0.02942,0.03271,0.02634,0.29967,0.64127,0.84893
789,0.33277,0.02830,0.03270,0.02633,0.29954,0.64143,0.84900
790,0.33305,0.02751,0.03246,0.02632,0.29963,0.64159,0.84921
791,0.33333,0.02737,0.03245,0.02631,0.29950,0.64175,0.84927
792,0.33361,0.02690,0.03243,0.02630,0.29936,0.64190,0.84934
793,0.33389,0.02708,0.03242,0.02629,0.29923,0.64206,0.84940
794,0.33418,0.02759,0.03241,0.02628,0.29910,0.64222,0.84947
795,0.33446,0.02730,0.03240,0.02627,0.29904,0.64229,0.84951
796,0.33474,0.02748,0.03239,0.02626,0.29891,0.64245,0.84958
797,0.33501,0.02733,0.03237,0.02625,0.29878,0.64261,0.84964
798,0.33529,0.02654,0.03236,0.02624,0.29864,0.64276,0.84971
799,0.33557,0.02672,0.03234,0.02622,0.29851,0.64292,0.84977
800,0.33585,0.02611,0.03234,0.02622,0.29845,0.64300,0.84981
801,0.33613,0.02564,0.03232,0.02621,0.29832,0.64315,0.84988
802,0.33641,0.02517,0.03231,0.02620,0.29775,0.64375,0.85009
803,0.33669,0.02567,0.03229,0.02618,0.29762,0.64390,0.85015
804,0.33697,0.02520,0.03206,0.02617,0.29771,0.64406,0.85036
805,0.33724,0.02505,0.03205,0.02616,0.29758,0.64421,0.85042
806,0.33752,0.02586,0.03203,0.02615,0.29745,0.64437,0.85049
807,0.33780,0.02635,0.03202,0.02614,0.29732,0.64452,0.85055
808,0.33808,0.02684,0.03201,0.02613,0.29719,0.64468,0.85062
809,0.33835,0.02701,0.03199,0.02612,0.29706,0.64483,0.85068
810,0.33863,0.02717,0.03198,0.02610,0.29693,0.64499,0.85074
811,0.33891,0.02702,0.03196,0.02609,0.29637,0.64558,0.85095
812,0.33918,0.02719,0.03195,0.02608,0.29624,0.64573,0.85102
813,0.33946,0.02767,0.03194,0.02607,0.29611,0.64588,0.85108
814,0.33973,0.02751,0.03192,0.02606,0.29598,0.64604,0.85114
815,0.34001,0.02736,0.03169,0.02605,0.29564,0.64662,0.85149
816,0.34028,0.02784,0.03168,0.02604,0.29551,0.64678,0.85156
817,0.34056,0.02800,0.03166,0.02602,0.29538,0.64693,0.85162
818,0.34083,0.02784,0.03165,0.02601,0.29525,0.64708,0.85168
819,0.34111,0.02863,0.03164,0.02600,0.29512,0.64724,0.85175
820,0.34138,0.02942,0.03162,0.02599,0.29456,0.64782,0.85195
821,0.34166,0.02831,0.03161,0.02598,0.29444,0.64798,0.85202
822,0.34193,0.02847,0.03159,0.02597,0.29431,0.64813,0.85208
823,0.34220,0.02863,0.03158,0.02596,0.29418,0.64828,0.85214
824,0.34248,0.02783,0.03157,0.02595,0.29362,0.64886,0.85235
825,0.34275,0.02830,0.03155,0.02593,0.29349,0.64902,0.85241
826,0.34302,0.02877,0.03154,0.02592,0.29337,0.64917,0.85247
827,0.34330,0.02861,0.03153,0.02591,0.29324,0.64932,0.85254
828,0.34357,0.02908,0.03151,0.02590,0.29311,0.64947,0.85260
829,0.34384,0.02891,0.03150,0.02589,0.29299,0.64962,0.85266
830,0.34411,0.02843,0.03149,0.02588,0.29243,0.65020,0.85287
831,0.34438,0.02952,0.03147,0.02587,0.29230,0.65036,0.85293
832,0.34466,0.02967,0.03146,0.02586,0.29218,0.65051,0.85299
833,0.34493,0.02794,0.03123,0.02585,0.29227,0.65066,0.85320
834,0.34520,0.02746,0.03122,0.02562,0.29214,0.65102,0.85340
835,0.34547,0.02761,0.03120,0.02561,0.29202,0.65117,0.85346
836,0.34574,0.02775,0.03119,0.02538,0.29189,0.65154,0.85367
837,0.34601,0.02852,0.03118,0.02537,0.29177,0.65169,0.85373
838,0.34628,0.02898,0.03116,0.02536,0.29164,0.65184,0.85379
839,0.34655,0.02943,0.03115,0.02535,0.29151,0.65199,0.85385
840,0.34682,0.02926,0.03114,0.02534,0.29139,0.65214,0.85391
841,0.34709,0.02847,0.03112,0.02511,0.29169,0.65207,0.85398
842,0.34736,0.02892,0.03111,0.02510,0.29157,0.65222,0.85404
843,0.34763,0.02906,0.03110,0.02509,0.29144,0.65237,0.85410
844,0.34790,0.02982,0.03108,0.02508,0.29132,0.65252,0.85416
845,0.34817,0.03027,0.03107,0.02507,0.29119,0.65267,0.85422
846,0.34843,0.03010,0.03106,0.02506,0.29107,0.65282,0.85428
847,0.34870,0.03024,0.03104,0.02505,0.29052,0.65339,0.85449
848,0.34897,0.02962,0.03104,0.02504,0.29024,0.65368,0.85467
849,0.34924,0.02975,0.03102,0.02503,0.29012,0.65383,0.85473
850,0.34951,0.03020,0.03101,0.02502,0.28999,0.65398,0.85479
851,0.34977,0.03095,0.03100,0.02501,0.28987,0.65413,0.85485
852,0.35004,0.03077,0.03098,0.02500,0.28932,0.65470,0.85505
853,0.35031,0.03090,0.03097,0.02499,0.28919,0.65485,0.85512
854,0.35057,0.03134,0.03096,0.02498,0.28907,0.65500,0.85518
855,0.35084,0.03178,0.03094,0.02497,0.28895,0.65514,0.85524
856,0.35111,0.03252,0.03093,0.02496,0.28882,0.65529,0.85530
857,0.35137,0.03296,0.03092,0.02495,0.28870,0.65544,0.85536
858,0.35164,0.03216,0.03090,0.02472,0.28815,0.65622,0.85570
859,0.35190,0.03106,0.03089,0.02450,0.28760,0.65701,0.85604
860,0.35217,0.03119,0.03088,0.02449,0.28748,0.65716,0.85610
861,0.35244,0.03162,0.03086,0.02448,0.28736,0.65730,0.85616
862,0.35270,0.03205,0.03085,0.02447,0.28723,0.65745,0.85622
863,0.35297,0.03217,0.03084,0.02446,0.28711,0.65759,0.85628
864,0.35323,0.03291,0.03082,0.02445,0.28699,0.65774,0.85634
865,0.35349,0.03334,0.03081,0.02444,0.28687,0.65788,0.85640
866,0.35376,0.03285,0.03080,0.02421,0.28675,0.65824,0.85660
867,0.35402,0.03266,0.03079,0.02420,0.28662,0.65839,0.85666
868,0.35429,0.03187,0.03077,0.02419,0.28608,0.65896,0.85686
869,0.35455,0.03229,0.03076,0.02418,0.28596,0.65910,0.85692
870,0.35481,0.03271,0.03075,0.02417,0.28584,0.65925,0.85698
871,0.35508,0.03253,0.03073,0.02416,0.28529,0.65981,0.85718
872,0.35534,0.03295,0.03072,0.02415,0.28517,0.65996,0.85724
873,0.35560,0.03307,0.03071,0.02414,0.28505,0.66010,0.85730
874,0.35586,0.03349,0.03069,0.02413,0.28450,0.66067,0.85750
875,0.35613,0.03299,0.03068,0.02412,0.28438,0.66081,0.85756
876,0.35639,0.03250,0.03067,0.02411,0.28426,0.66096,0.85762
877,0.35665,0.03292,0.03066,0.02410,0.28414,0.66110,0.85768
878,0.35691,0.03273,0.03064,0.02409,0.28402,0.66124,0.85774
879,0.35717,0.03314,0.03063,0.02408,0.28390,0.66139,0.85780
880,0.35743,0.03356,0.03062,0.02407,0.28378,0.66153,0.85786
881,0.35769,0.03427,0.03060,0.02406,0.28366,0.66167,0.85792
882,0.35795,0.03378,0.03059,0.02363,0.28354,0.66224,0.85825
883,0.35822,0.03419,0.03058,0.02362,0.28342,0.66238,0.85831
884,0.35848,0.03460,0.03056,0.02361,0.28331,0.66252,0.85837
885,0.35874,0.03410,0.03055,0.02339,0.28319,0.66287,0.85857
886,0.35900,0.03421,0.03054,0.02338,0.28265,0.66344,0.85877
887,0.35925,0.03341,0.03053,0.02337,0.28211,0.66400,0.85896
888,0.35951,0.03382,0.03051,0.02336,0.28157,0.66456,0.85916
889,0.35977,0.03423,0.03050,0.02335,0.28145,0.66470,0.85922
890,0.36003,0.03493,0.03049,0.02334,0.28133,0.66484,0.85928
891,0.36029,0.03503,0.03047,0.02333,0.28121,0.66499,0.85934
892,0.36055,0.03544,0.03046,0.02332,0.28109,0.66513,0.85939
893,0.36081,0.03464,0.03045,0.02331,0.28055,0.66569,0.85959
894,0.36107,0.03474,0.03044,0.02330,0.28044,0.66583,0.85965
895,0.36132,0.03454,0.03042,0.02329,0.28032,0.66597,0.85971
896,0.36158,0.03494,0.03041,0.02328,0.27978,0.66653,0.85990
897,0.36184,0.03534,0.03040,0.02327,0.27966,0.66667,0.85996
898,0.36210,0.03484,0.03039,0.02326,0.27955,0.66681,0.86002
899,0.36235,0.03464,0.03037,0.02325,0.27901,0.66736,0.86022
900,0.36261,0.03355,0.03036,0.02324,0.27889,0.66750,0.86027
901,0.36287,0.03424,0.03035,0.02323,0.27878,0.66764,0.86033
902,0.36312,0.03464,0.03033,0.02322,0.27824,0.66820,0.86053
903,0.36338,0.03473,0.03032,0.02321,0.27813,0.66834,0.86058
904,0.36364,0.03483,0.03031,0.02320,0.27801,0.66848,0.86064
905,0.36389,0.03463,0.03030,0.02319,0.27748,0.66903,0.86084
906,0.36415,0.03413,0.03028,0.02318,0.27694,0.66959,0.86103
907,0.36440,0.03452,0.03027,0.02317,0.27683,0.66973,0.86109
908,0.36466,0.03402,0.03026,0.02295,0.27671,0.67008,0.86128
909,0.36491,0.03381,0.03025,0.02295,0.27660,0.67021,0.86134
910,0.36517,0.03391,0.03023,0.02294,0.27648,0.67035,0.86140
911,0.36542,0.03488,0.03022,0.02293,0.27637,0.67049,0.86145
912,0.36568,0.03527,0.03021,0.02292,0.27625,0.67063,0.86151
913,0.36593,0.03536,0.03020,0.02291,0.27613,0.67076,0.86157
914,0.36619,0.03574,0.03018,0.02290,0.27602,0.67090,0.86162
915,0.36644,0.03554,0.03017,0.02289,0.27591,0.67104,0.86168
916,0.36669,0.03562,0.03016,0.02288,0.27579,0.67117,0.86174
917,0.36695,0.03453,0.03015,0.02266,0.27568,0.67152,0.86193
918,0.36720,0.03492,0.03013,0.02265,0.27515,0.67207,0.86213
919,0.36745,0.03441,0.03012,0.02264,0.27462,0.67262,0.86232
920,0.36771,0.03434,0.03010,0.02263,0.27444,0.67283,0.86239
921,0.36796,0.03442,0.03009,0.02262,0.27433,0.67296,0.86245
922,0.36821,0.03480,0.03008,0.02261,0.27422,0.67310,0.86251
923,0.36846,0.03459,0.03006,0.02260,0.27369,0.67365,0.86270
924,0.36872,0.03438,0.03005,0.02259,0.27316,0.67420,0.86289
925,0.36897,0.03476,0.03004,0.02258,0.27305,0.67433,0.86295
926,0.36922,0.03543,0.03003,0.02257,0.27293,0.67447,0.86300
927,0.36947,0.03463,0.03001,0.02236,0.27282,0.67481,0.86320
928,0.36972,0.03471,0.03000,0.02235,0.27271,0.67494,0.86325
929,0.36997,0.03450,0.02999,0.02234,0.27218,0.67549,0.86344
930,0.37022,0.03487,0.02998,0.02233,0.27166,0.67604,0.86364
931,0.37047,0.03437,0.02996,0.02232,0.27154,0.67617,0.86369
932,0.37072,0.03445,0.02995,0.02231,0.27143,0.67631,0.86375
933,0.37097,0.03482,0.02994,0.02230,0.27132,0.67644,0.86380
934,0.37122,0.03489,0.02993,0.02229,0.27079,0.67699,0.86399
935,0.37147,0.03526,0.02992,0.02228,0.27068,0.67712,0.86405
936,0.37172,0.03534,0.02990,0.02227,0.27016,0.67767,0.86424
937,0.37197,0.03483,0.02989,0.02206,0.27005,0.67800,0.86443
938,0.37222,0.03462,0.02988,0.02205,0.26994,0.67814,0.86449
939,0.37247,0.03527,0.02987,0.02204,0.26982,0.67827,0.86454
940,0.37272,0.03506,0.02985,0.02203,0.26971,0.67840,0.86460
941,0.37297,0.03455,0.02984,0.02202,0.26960,0.67853,0.86465
942,0.37322,0.03492,0.02983,0.02201,0.26949,0.67867,0.86471
943,0.37347,0.03499,0.02982,0.02200,0.26897,0.67921,0.86490
944,0.37371,0.03535,0.02980,0.02199,0.26886,0.67934,0.86495
945,0.37396,0.03571,0.02979,0.02198,0.26875,0.67947,0.86501
946,0.37421,0.03636,0.02978,0.02198,0.26864,0.67961,0.86506
947,0.37446,0.03614,0.02977,0.02197,0.26812,0.68015,0.86525
948,0.37470,0.03592,0.02955,0.02196,0.26821,0.68028,0.86544
949,0.37495,0.03599,0.02954,0.02195,0.26810,0.68041,0.86550
950,0.37520,0.03519,0.02953,0.02173,0.26799,0.68075,0.86569
951,0.37544,0.03526,0.02951,0.02173,0.26788,0.68088,0.86574
952,0.37569,0.03562,0.02950,0.02172,0.26777,0.68101,0.86579
953,0.37594,0.03626,0.02949,0.02171,0.26766,0.68114,0.86585
954,0.37618,0.03604,0.02948,0.02170,0.26755,0.68127,0.86590
955,0.37643,0.03610,0.02947,0.02169,0.26744,0.68140,0.86596
956,0.37667,0.03617,0.02945,0.02168,0.26733,0.68153,0.86601
957,0.37692,0.03623,0.02944,0.02167,0.26723,0.68166,0.86607
958,0.37717,0.03601,0.02943,0.02166,0.26712,0.68179,0.86612
959,0.37741,0.03578,0.02942,0.02165,0.26701,0.68192,0.86617
960,0.37766,0.03499,0.02920,0.02165,0.26669,0.68246,0.86650
961,0.37790,0.03534,0.02919,0.02164,0.26659,0.68259,0.86655
962,0.37814,0.03540,0.02918,0.02163,0.26648,0.68272,0.86660
963,0.37839,0.03575,0.02917,0.02162,0.26637,0.68285,0.86666
964,0.37863,0.03609,0.02915,0.02161,0.26626,0.68298,0.86671
965,0.37888,0.03644,0.02914,0.02160,0.26615,0.68311,0.86677
966,0.37912,0.03650,0.02913,0.02159,0.26604,0.68323,0.86682
967,0.37936,0.03684,0.02912,0.02158,0.26593,0.68336,0.86687
968,0.37961,0.03718,0.02911,0.02158,0.26583,0.68349,0.86693
969,0.37985,0.03696,0.02909,0.02157,0.26572,0.68362,0.86698
970,0.38009,0.03730,0.02908,0.02156,0.26561,0.68375,0.86703
971,0.38034,0.03764,0.02907,0.02155,0.26550,0.68388,0.86709
972,0.38058,0.03798,0.02906,0.02154,0.26539,0.68401,0.86714
973,0.38082,0.03803,0.02905,0.02153,0.26529,0.68414,0.86719
974,0.38106,0.03865,0.02904,0.02152,0.26518,0.68426,0.86725
975,0.38131,0.03871,0.02902,0.02151,0.26507,0.68439,0.86730
976,0.38155,0.03932,0.02901,0.02151,0.26496,0.68452,0.86735
977,0.38179,0.03966,0.02900,0.02150,0.26485,0.68465,0.86741
978,0.38203,0.03999,0.02899,0.02149,0.26475,0.68478,0.86746
979,0.38227,0.04033,0.02877,0.02148,0.26484,0.68490,0.86765
980,0.38251,0.04066,0.02876,0.02147,0.26433,0.68544,0.86783
981,0.38275,0.03986,0.02875,0.02146,0.26422,0.68556,0.86788
982,0.38300,0.03963,0.02874,0.02145,0.26412,0.68569,0.86794
983,0.38324,0.03883,0.02873,0.02144,0.26401,0.68582,0.86799
984,0.38348,0.03916,0.02872,0.02144,0.26390,0.68595,0.86804
985,0.38372,0.03808,0.02850,0.02082,0.26440,0.68627,0.86849
986,0.38396,0.03672,0.02849,0.02081,0.26389,0.68681,0.86868
987,0.38420,0.03705,0.02848,0.02080,0.26379,0.68693,0.86873
988,0.38444,0.03654,0.02847,0.02080,0.26327,0.68746,0.86892
989,0.38468,0.03715,0.02846,0.02079,0.26317,0.68759,0.86897
990,0.38491,0.03748,0.02844,0.02078,0.26306,0.68771,0.86902
991,0.38515,0.03780,0.02843,0.02077,0.26296,0.68784,0.86907
992,0.38539,0.03813,0.02842,0.02076,0.26285,0.68797,0.86913
993,0.38563,0.03817,0.02841,0.02075,0.26274,0.68809,0.86918
994,0.38587,0.03766,0.02840,0.02075,0.26224,0.68862,0.86936
995,0.38611,0.03686,0.02819,0.02074,0.26233,0.68875,0.86955
996,0.38635,0.03719,0.02817,0.02073,0.26223,0.68887,0.86960
997,0.38658,0.03639,0.02816,0.02072,0.26172,0.68940,0.86978
998,0.38682,0.03616,0.02815,0.02071,0.26161,0.68952,0.86984
999,0.38706,0.03620,0.02814,0.02050,0.26191,0.68945,0.86989
1000,0.38730,0.03624,0.02813,0.02049,0.26180,0.68957,0.86994
