0.23548 0.76452
0.17960 0.82040
0.14252 0.85748
0.13200 0.86800
0.11212 0.88788
0.10650 0.89350
0.09847 0.90153
0.09220 0.90780
0.08620 0.91380
0.08356 0.91644
0.07992 0.92008
0.07895 0.92105
0.07056 0.92944
0.06896 0.93104
0.06436 0.93564
0.06000 0.94000
0.05921 0.94079
0.06164 0.93836
0.06565 0.93435
0.07368 0.92632
0.40613 0.59387
0.28299 0.71701
0.20020 0.79980
0.15455 0.84545
0.12211 0.87789
0.10201 0.89799
0.08916 0.91084
0.07923 0.92077
0.07362 0.92638
0.06970 0.93030
0.06549 0.93451
0.06203 0.93797
0.05821 0.94179
0.05465 0.94535
0.05085 0.94915
0.04766 0.95234
0.04539 0.95461
0.04370 0.95630
0.04221 0.95779
0.04055 0.95945
0.03843 0.96157
0.03408 0.96592
0.03013 0.96987
0.02825 0.97175
0.02729 0.97271
0.02658 0.97342
0.02642 0.97358
0.02596 0.97404
0.02581 0.97419
0.02606 0.97394
0.02589 0.97411
0.02551 0.97449
0.02517 0.97483
0.02539 0.97461
0.02550 0.97450
0.02521 0.97479
0.02557 0.97443
0.02497 0.97503
0.02603 0.97397
0.02570 0.97430
0.10833 0.89167
0.08261 0.91739
0.07634 0.92366
0.04889 0.95111
0.04795 0.95205
0.08451 0.91549
0.00000 1.00000
0.19442 0.80558
0.10527 0.89473
0.06878 0.93122
0.05493 0.94507
0.04628 0.95372
0.04113 0.95887
0.03861 0.96139
0.03700 0.96300
0.03449 0.96551
0.03358 0.96642
0.03303 0.96697
0.03377 0.96623
0.03351 0.96649
0.03345 0.96655
0.03401 0.96599
0.03266 0.96734
0.03216 0.96784
0.03084 0.96916
0.02991 0.97009
0.02927 0.97073
0.17373 0.82627
0.08958 0.91042
0.06413 0.93587
0.05524 0.94476
0.05024 0.94976
0.04851 0.95149
0.04482 0.95518
0.04120 0.95880
0.04047 0.95953
0.04061 0.95939
0.03749 0.96251
0.03950 0.96050
0.03824 0.96176
0.03517 0.96483
0.03875 0.96125
0.03959 0.96041
0.03543 0.96457
0.03676 0.96324
0.03738 0.96262
0.03882 0.96118
0.08284 0.91716
0.06533 0.93467
0.05680 0.94320
0.05031 0.94969
0.04961 0.95039
0.04746 0.95254
0.04928 0.95072
0.04614 0.95386
0.05103 0.94897
0.05010 0.94990
0.05074 0.94926
0.04392 0.95608
0.05208 0.94792
0.05079 0.94921
0.02128 0.97872
0.00000 1.00000
0.04261 0.95739
0.04515 0.95485
0.03773 0.96227
0.03491 0.96509
0.03257 0.96743
0.03249 0.96751
0.03139 0.96861
0.03070 0.96930
0.02969 0.97031
0.02926 0.97074
0.02931 0.97069
0.02889 0.97111
0.02867 0.97133
0.02798 0.97202
0.02802 0.97198
0.02777 0.97223
0.02854 0.97146
0.02875 0.97125
0.02861 0.97139
0.02888 0.97112
0.29214 0.70786
0.15467 0.84533
0.10564 0.89436
0.08244 0.91756
0.07249 0.92751
0.06630 0.93370
0.06129 0.93871
0.06097 0.93903
0.05640 0.94360
0.05695 0.94305
0.05679 0.94321
0.05498 0.94502
0.05362 0.94638
0.05167 0.94833
0.05125 0.94875
0.05134 0.94866
0.05142 0.94858
0.05052 0.94948
0.04935 0.95065
0.04867 0.95133
0.28295 0.71705
0.14433 0.85567
0.10140 0.89860
0.08048 0.91952
0.06861 0.93139
0.06115 0.93885
0.06073 0.93927
0.06011 0.93989
0.05826 0.94174
0.05687 0.94313
0.05838 0.94162
0.05747 0.94253
0.05494 0.94506
0.05412 0.94588
0.05462 0.94538
0.05742 0.94258
0.05672 0.94328
0.05582 0.94418
0.05416 0.94584
0.05233 0.94767
0.13798 0.86202
0.07335 0.92665
0.05179 0.94821
0.04432 0.95568
0.03958 0.96042
0.03782 0.96218
0.03670 0.96330
0.03568 0.96432
0.03448 0.96552
0.03378 0.96622
0.03382 0.96618
0.03353 0.96647
0.03320 0.96680
0.03304 0.96696
0.03270 0.96730
0.03257 0.96743
0.03265 0.96735
0.03285 0.96715
0.03249 0.96751
0.03229 0.96771
0.08730 0.91270
0.05641 0.94359
0.04649 0.95351
0.04326 0.95674
0.04094 0.95906
0.03877 0.96123
0.03971 0.96029
0.03867 0.96133
0.03765 0.96235
0.03700 0.96300
0.03624 0.96376
0.03551 0.96449
0.03610 0.96390
0.03536 0.96464
0.03529 0.96471
0.03398 0.96602
0.03417 0.96583
0.03453 0.96547
0.03437 0.96563
0.03411 0.96589
