0.0055983 0.0286914 0.0283415 0.0388384 0.0409377 0.0398880 0.0363891 0.0325402 0.0286914 0.0276417 0.0237929 0.0314906 0.0220434 0.0244926 0.0209937 0.0237929 0.0248425 0.0279916 0.0272918 0.0346396 0.0342897 0.0339398 0.0300910 0.0388384 0.0314905 0.0307908 0.0426872 0.0549335 0.0570329 0.0535339 0.0230931 0.0003499
0.0018187 0.0104577 0.0227342 0.0275841 0.0334950 0.0322825 0.0351622 0.0307669 0.0328887 0.0268263 0.0240982 0.0263716 0.0206123 0.0239466 0.0210670 0.0263716 0.0290997 0.0301607 0.0337981 0.0333434 0.0378903 0.0433465 0.0468324 0.0453168 0.0450136 0.0409215 0.0480449 0.0509245 0.0519855 0.0500151 0.0160655 0.0007578
0.0003583 0.0074353 0.0145122 0.0230225 0.0257995 0.0296515 0.0264266 0.0299203 0.0300099 0.0282182 0.0276807 0.0222162 0.0250829 0.0235600 0.0253516 0.0229329 0.0292036 0.0318911 0.0361910 0.0356535 0.0437159 0.0419242 0.0474783 0.0501657 0.0502553 0.0485533 0.0514199 0.0515990 0.0544657 0.0481949 0.0169309 0.0001792
0.0010005 0.0053777 0.0131316 0.0168835 0.0244497 0.0267634 0.0293272 0.0295148 0.0263882 0.0283892 0.0248249 0.0288269 0.0254502 0.0273887 0.0266383 0.0277639 0.0273262 0.0301401 0.0327664 0.0382691 0.0398949 0.0493372 0.0505878 0.0496498 0.0536518 0.0539020 0.0539020 0.0522136 0.0501501 0.0407079 0.0152576 0.0001251
0.0004843 0.0037294 0.0094929 0.0160798 0.0187921 0.0244103 0.0258149 0.0268804 0.0288177 0.0292052 0.0299317 0.0281397 0.0283334 0.0269773 0.0262508 0.0293021 0.0323534 0.0301254 0.0326924 0.0384560 0.0455272 0.0503705 0.0548264 0.0531312 0.0539546 0.0533734 0.0541967 0.0495471 0.0457209 0.0401511 0.0128348 0.0000969
0.0004046 0.0028730 0.0086594 0.0137984 0.0185328 0.0230648 0.0247643 0.0280824 0.0267471 0.0301865 0.0299438 0.0300651 0.0270303 0.0304293 0.0299438 0.0297414 0.0299033 0.0328167 0.0368227 0.0390078 0.0439040 0.0503379 0.0542629 0.0586331 0.0521993 0.0529681 0.0502974 0.0515113 0.0457249 0.0355279 0.0117347 0.0000809
0.0005391 0.0025874 0.0065763 0.0121824 0.0185791 0.0210227 0.0238617 0.0251914 0.0268085 0.0285334 0.0287131 0.0277069 0.0295397 0.0280303 0.0283178 0.0295397 0.0317677 0.0343910 0.0385956 0.0428361 0.0456032 0.0534014 0.0552701 0.0564919 0.0511733 0.0540842 0.0497359 0.0537248 0.0457110 0.0360082 0.0133324 0.0001437
0.0004616 0.0028358 0.0065948 0.0111782 0.0152999 0.0197184 0.0244007 0.0243677 0.0272035 0.0269397 0.0285884 0.0270056 0.0283905 0.0291489 0.0280938 0.0309295 0.0319847 0.0351832 0.0384476 0.0430639 0.0442510 0.0512085 0.0599466 0.0560886 0.0545059 0.0530880 0.0544399 0.0514723 0.0455370 0.0376232 0.0119366 0.0000660
0.0004305 0.0025525 0.0072577 0.0084879 0.0143617 0.0187287 0.0223575 0.0236492 0.0250023 0.0276471 0.0282929 0.0284159 0.0286927 0.0282621 0.0292770 0.0300766 0.0326598 0.0340437 0.0372113 0.0422548 0.0481902 0.0539718 0.0586462 0.0564320 0.0564320 0.0564935 0.0556939 0.0516038 0.0460067 0.0349048 0.0115324 0.0004305
0.0004106 0.0020530 0.0063937 0.0099132 0.0140779 0.0179200 0.0211168 0.0238151 0.0262787 0.0261321 0.0277745 0.0281265 0.0266600 0.0288890 0.0309420 0.0340802 0.0351654 0.0378050 0.0398874 0.0429083 0.0493900 0.0532321 0.0585993 0.0565462 0.0554610 0.0574261 0.0522642 0.0489207 0.0439054 0.0332004 0.0106464 0.0000587
0.0002021 0.0020782 0.0055419 0.0098427 0.0132198 0.0176072 0.0196854 0.0230336 0.0249675 0.0274210 0.0269014 0.0280560 0.0282580 0.0298744 0.0300765 0.0314042 0.0344638 0.0374369 0.0402655 0.0438159 0.0493866 0.0540915 0.0577284 0.0579593 0.0578727 0.0570068 0.0533699 0.0514937 0.0434983 0.0333093 0.0099582 0.0001732
0.0003460 0.0019031 0.0049883 0.0089675 0.0127447 0.0165508 0.0217699 0.0238459 0.0241919 0.0264122 0.0280845 0.0287189 0.0289784 0.0290072 0.0310545 0.0338226 0.0339956 0.0372250 0.0401372 0.0436839 0.0484415 0.0551887 0.0599175 0.0593120 0.0585912 0.0558231 0.0538623 0.0497102 0.0403391 0.0322943 0.0099767 0.0001153
0.0002639 0.0013489 0.0043987 0.0072139 0.0125509 0.0153075 0.0181226 0.0229612 0.0243981 0.0280051 0.0275652 0.0301751 0.0282983 0.0292953 0.0324917 0.0315240 0.0362453 0.0372130 0.0404973 0.0437231 0.0486789 0.0549544 0.0587959 0.0608193 0.0603208 0.0565086 0.0543972 0.0498519 0.0410838 0.0326970 0.0101757 0.0001173
0.0003074 0.0014449 0.0034740 0.0065177 0.0118056 0.0150951 0.0183540 0.0230885 0.0249639 0.0280075 0.0287761 0.0288376 0.0284072 0.0293602 0.0312048 0.0336336 0.0346789 0.0371691 0.0391367 0.0441479 0.0482983 0.0538015 0.0610262 0.0623482 0.0627171 0.0598580 0.0571525 0.0494051 0.0385833 0.0294832 0.0087620 0.0001537
0.0000995 0.0010942 0.0033156 0.0067308 0.0092175 0.0146883 0.0186671 0.0234417 0.0263926 0.0266910 0.0284483 0.0303713 0.0300398 0.0298409 0.0311008 0.0335212 0.0368037 0.0373011 0.0388926 0.0447281 0.0521552 0.0574271 0.0610743 0.0616711 0.0609416 0.0588196 0.0538793 0.0483753 0.0380637 0.0271552 0.0088859 0.0001658
0.0002214 0.0007379 0.0033577 0.0051657 0.0096672 0.0126190 0.0183381 0.0219541 0.0276732 0.0271198 0.0306988 0.0310678 0.0314368 0.0333555 0.0322485 0.0357538 0.0367501 0.0388163 0.0417312 0.0432071 0.0504022 0.0571544 0.0584090 0.0621725 0.0595528 0.0591469 0.0511770 0.0450520 0.0388163 0.0280422 0.0080437 0.0001107
0.0000864 0.0010372 0.0025499 0.0063100 0.0084277 0.0128360 0.0178494 0.0227332 0.0293889 0.0306422 0.0318091 0.0330193 0.0337972 0.0336676 0.0355692 0.0365632 0.0359582 0.0404097 0.0412309 0.0442562 0.0505662 0.0573515 0.0616302 0.0629700 0.0579566 0.0570058 0.0485781 0.0395453 0.0353099 0.0235543 0.0072608 0.0001297
0.0001065 0.0007452 0.0025550 0.0050035 0.0102198 0.0154362 0.0173524 0.0221430 0.0279449 0.0301272 0.0344387 0.0338532 0.0344387 0.0341193 0.0353968 0.0368340 0.0391228 0.0385373 0.0416778 0.0453505 0.0477990 0.0547719 0.0603077 0.0607335 0.0567414 0.0564220 0.0490765 0.0427956 0.0354500 0.0235269 0.0068132 0.0001597
0.0002727 0.0013634 0.0030677 0.0069534 0.0094758 0.0152703 0.0177244 0.0243370 0.0277456 0.0334038 0.0326539 0.0342218 0.0362670 0.0356534 0.0335401 0.0387211 0.0396755 0.0383803 0.0430841 0.0443111 0.0454700 0.0524235 0.0565819 0.0565819 0.0574681 0.0524235 0.0485377 0.0432886 0.0364715 0.0262458 0.0081124 0.0002727
0.0000000 0.0009897 0.0032389 0.0056680 0.0124157 0.0151147 0.0227620 0.0256410 0.0295996 0.0319388 0.0349978 0.0365272 0.0403059 0.0382366 0.0389564 0.0357175 0.0391363 0.0412956 0.0386865 0.0419253 0.0457940 0.0515519 0.0587494 0.0516419 0.0520918 0.0488529 0.0495726 0.0431849 0.0307692 0.0258210 0.0087270 0.0000900
0.1489996 0.0626781 0.0417526 0.0415889 0.0391329 0.0312080 0.0284245 0.0243639 0.0222681 0.0198448 0.0182402 0.0183384 0.0178472 0.0186659 0.0264925 0.0437502 0.0361529 0.0387399 0.0341553 0.0313390 0.0320267 0.0312408 0.0313718 0.0278678 0.0287848 0.0255428 0.0222026 0.0219078 0.0173887 0.0143433 0.0033402 0.0000000
0.0410307 0.0456727 0.0408583 0.0395648 0.0379121 0.0336725 0.0298497 0.0279670 0.0272772 0.0252364 0.0250352 0.0247047 0.0251933 0.0259262 0.0314162 0.0376678 0.0387313 0.0403696 0.0408439 0.0389181 0.0390331 0.0403409 0.0405421 0.0383145 0.0367480 0.0324078 0.0299072 0.0252077 0.0201920 0.0154207 0.0039665 0.0000719
0.0086621 0.0214582 0.0291308 0.0326276 0.0334661 0.0315710 0.0295753 0.0270177 0.0279317 0.0276131 0.0281581 0.0271854 0.0283510 0.0302796 0.0334158 0.0386147 0.0400067 0.0437634 0.0440149 0.0436376 0.0442581 0.0466479 0.0479393 0.0455914 0.0434699 0.0379355 0.0340950 0.0285858 0.0229844 0.0175087 0.0044694 0.0000335
0.0024009 0.0108209 0.0197200 0.0247134 0.0279090 0.0284331 0.0274355 0.0263647 0.0268832 0.0273623 0.0281964 0.0286022 0.0295321 0.0313243 0.0347340 0.0382452 0.0416267 0.0432442 0.0461580 0.0466991 0.0487731 0.0503060 0.0532705 0.0514839 0.0478319 0.0426356 0.0364924 0.0307495 0.0247980 0.0180123 0.0051737 0.0000676
0.0009231 0.0060746 0.0131548 0.0190110 0.0224068 0.0241831 0.0237751 0.0253164 0.0260706 0.0268742 0.0277644 0.0290296 0.0305421 0.0321452 0.0343171 0.0388586 0.0424729 0.0441790 0.0475667 0.0496685 0.0512386 0.0543748 0.0566909 0.0535382 0.0509336 0.0455225 0.0392954 0.0331054 0.0263014 0.0189451 0.0056460 0.0000742
0.0006948 0.0042933 0.0101419 0.0147093 0.0184193 0.0204337 0.0218297 0.0238122 0.0248863 0.0262409 0.0276369 0.0286377 0.0307541 0.0322585 0.0350027 0.0386075 0.0431685 0.0459224 0.0498555 0.0503208 0.0535814 0.0571225 0.0588500 0.0574507 0.0516977 0.0470283 0.0408354 0.0339509 0.0266457 0.0191651 0.0059889 0.0000574
0.0006073 0.0034998 0.0081551 0.0121568 0.0157106 0.0179264 0.0202501 0.0221364 0.0235158 0.0249672 0.0265524 0.0273347 0.0300291 0.0324996 0.0350343 0.0397849 0.0430557 0.0461129 0.0492164 0.0521990 0.0553540 0.0607015 0.0620757 0.0587354 0.0533956 0.0492138 0.0416943 0.0354641 0.0272781 0.0193211 0.0059600 0.0000618
0.0004898 0.0030137 0.0068674 0.0103515 0.0136316 0.0163146 0.0184841 0.0205420 0.0220155 0.0233817 0.0257360 0.0269002 0.0298237 0.0323950 0.0352884 0.0395266 0.0436852 0.0467312 0.0494936 0.0521314 0.0571558 0.0618622 0.0649854 0.0605432 0.0559614 0.0498931 0.0426370 0.0360402 0.0281289 0.0197880 0.0060962 0.0001053
0.0004326 0.0024868 0.0057651 0.0096876 0.0129180 0.0151637 0.0173836 0.0195243 0.0210797 0.0225467 0.0248531 0.0264214 0.0299390 0.0323263 0.0357427 0.0392750 0.0433208 0.0467224 0.0497743 0.0532459 0.0583502 0.0629961 0.0671634 0.0621696 0.0562315 0.0503449 0.0428091 0.0364201 0.0285953 0.0202017 0.0060136 0.0000957
0.0003409 0.0020663 0.0050443 0.0091286 0.0126035 0.0145363 0.0169660 0.0188908 0.0208863 0.0221068 0.0242921 0.0267973 0.0294763 0.0321391 0.0354998 0.0395986 0.0433421 0.0463667 0.0507099 0.0543746 0.0587532 0.0637396 0.0672595 0.0620351 0.0564811 0.0507903 0.0432954 0.0362958 0.0289489 0.0207416 0.0063902 0.0001029
0.0003459 0.0020552 0.0045892 0.0085082 0.0115939 0.0138949 0.0156672 0.0182384 0.0204622 0.0217314 0.0240053 0.0264107 0.0288061 0.0317788 0.0362623 0.0392651 0.0432927 0.0472774 0.0514121 0.0547008 0.0591486 0.0645639 0.0677325 0.0625430 0.0572062 0.0509848 0.0437029 0.0371299 0.0293477 0.0211883 0.0060514 0.0001029
0.0002304 0.0019202 0.0045353 0.0078942 0.0107333 0.0134990 0.0149687 0.0172016 0.0197124 0.0210470 0.0236274 0.0258525 0.0288267 0.0324817 0.0358059 0.0397028 0.0431828 0.0472843 0.0512765 0.0556071 0.0592042 0.0645425 0.0676775 0.0633881 0.0580060 0.0519470 0.0449343 0.0376244 0.0296735 0.0213636 0.0061375 0.0001120
0.0002239 0.0017385 0.0043211 0.0073281 0.0097465 0.0124264 0.0145178 0.0164052 0.0189550 0.0207404 0.0230346 0.0256348 0.0288071 0.0324025 0.0357014 0.0395290 0.0434070 0.0470329 0.0507679 0.0555825 0.0593949 0.0644205 0.0686901 0.0648953 0.0593984 0.0531582 0.0460927 0.0380612 0.0297297 0.0215868 0.0061581 0.0001114
0.0001873 0.0015804 0.0042357 0.0065218 0.0090320 0.0115899 0.0136953 0.0158905 0.0182416 0.0204531 0.0226278 0.0254075 0.0281721 0.0319791 0.0352698 0.0393323 0.0425905 0.0469734 0.0509298 0.0557197 0.0605583 0.0646586 0.0695275 0.0661221 0.0607639 0.0538654 0.0465902 0.0385973 0.0303587 0.0218073 0.0066236 0.0000974
0.0001941 0.0013296 0.0038575 0.0060679 0.0083045 0.0109284 0.0129619 0.0149114 0.0174109 0.0199509 0.0221390 0.0250572 0.0278348 0.0312444 0.0347268 0.0388502 0.0429514 0.0471729 0.0509132 0.0558738 0.0606515 0.0653230 0.0699460 0.0670864 0.0612885 0.0549021 0.0473266 0.0399534 0.0310826 0.0228913 0.0067747 0.0000930
0.0002001 0.0012691 0.0034262 0.0055871 0.0077290 0.0102052 0.0122089 0.0146728 0.0167537 0.0190718 0.0212280 0.0245055 0.0273515 0.0306738 0.0338628 0.0382894 0.0425645 0.0473475 0.0510491 0.0567715 0.0611543 0.0656495 0.0709898 0.0674855 0.0625777 0.0559282 0.0482850 0.0403083 0.0319887 0.0236833 0.0070992 0.0000829
0.0001989 0.0012712 0.0031293 0.0053381 0.0073734 0.0096826 0.0117088 0.0140288 0.0161391 0.0184267 0.0206084 0.0237042 0.0272648 0.0305197 0.0339899 0.0380794 0.0421462 0.0473216 0.0516182 0.0564228 0.0611109 0.0656136 0.0715466 0.0678188 0.0628532 0.0565313 0.0495531 0.0414473 0.0326779 0.0244673 0.0072983 0.0001094
0.0001771 0.0012318 0.0030562 0.0052614 0.0071022 0.0091702 0.0111984 0.0136896 0.0155572 0.0178480 0.0201146 0.0230377 0.0269162 0.0302436 0.0338491 0.0380818 0.0424881 0.0472045 0.0519753 0.0568048 0.0610029 0.0665097 0.0721244 0.0685422 0.0622278 0.0564627 0.0499324 0.0424483 0.0334587 0.0247213 0.0074547 0.0001071
0.0001884 0.0011714 0.0029122 0.0048605 0.0068679 0.0088146 0.0110070 0.0131172 0.0151295 0.0171900 0.0201470 0.0230135 0.0263905 0.0299561 0.0336328 0.0380102 0.0421352 0.0474084 0.0523801 0.0561664 0.0612561 0.0675835 0.0722781 0.0686893 0.0634253 0.0564529 0.0505322 0.0429396 0.0340753 0.0247460 0.0074240 0.0000988
0.0001859 0.0011332 0.0027352 0.0046161 0.0065138 0.0086280 0.0107317 0.0124595 0.0150160 0.0169514 0.0199975 0.0232601 0.0264898 0.0299879 0.0340206 0.0380509 0.0421445 0.0475484 0.0520026 0.0564520 0.0614817 0.0679170 0.0721404 0.0691864 0.0635533 0.0571845 0.0503773 0.0427760 0.0342033 0.0246072 0.0075453 0.0001026
0.0026773 0.0042318 0.0026773 0.0050954 0.0049227 0.0064772 0.0085500 0.0088954 0.0124363 0.0164090 0.0197772 0.0209863 0.0238362 0.0291044 0.0366180 0.0402453 0.0460316 0.0512134 0.0534589 0.0597634 0.0585543 0.0675361 0.0712497 0.0634770 0.0552725 0.0565679 0.0502634 0.0446498 0.0398998 0.0304862 0.0083772 0.0002591
0.0002690 0.0011143 0.0026128 0.0046108 0.0053024 0.0072236 0.0081841 0.0105664 0.0124107 0.0156382 0.0177515 0.0210559 0.0247829 0.0304311 0.0331207 0.0385768 0.0434950 0.0486437 0.0545608 0.0585184 0.0640129 0.0681242 0.0726581 0.0684700 0.0646661 0.0561746 0.0505648 0.0460309 0.0361946 0.0267041 0.0073388 0.0001921
0.0001616 0.0008543 0.0018933 0.0033941 0.0046410 0.0062110 0.0085200 0.0095128 0.0123066 0.0154006 0.0185869 0.0199030 0.0248672 0.0280997 0.0331101 0.0380743 0.0440776 0.0483953 0.0545602 0.0602401 0.0638421 0.0725929 0.0707920 0.0705380 0.0645117 0.0564535 0.0527823 0.0438005 0.0365504 0.0270145 0.0082198 0.0000924
0.0002268 0.0006641 0.0018142 0.0025756 0.0042278 0.0062202 0.0077915 0.0092980 0.0125701 0.0142709 0.0169437 0.0211715 0.0252373 0.0281692 0.0336281 0.0380665 0.0434445 0.0496485 0.0530178 0.0592866 0.0629151 0.0697023 0.0740111 0.0702854 0.0651181 0.0577802 0.0516085 0.0460362 0.0382609 0.0278777 0.0080021 0.0001296
0.0001240 0.0009051 0.0014011 0.0023930 0.0039305 0.0061376 0.0076750 0.0094729 0.0122503 0.0146061 0.0167388 0.0204585 0.0246370 0.0293611 0.0323245 0.0386604 0.0452567 0.0475258 0.0544817 0.0607680 0.0645373 0.0704269 0.0737499 0.0707617 0.0633594 0.0580898 0.0523118 0.0456783 0.0362178 0.0273400 0.0083322 0.0000868
0.0000803 0.0007629 0.0014757 0.0024896 0.0039753 0.0053808 0.0076696 0.0096272 0.0119160 0.0143655 0.0178489 0.0211918 0.0235308 0.0298954 0.0345333 0.0384886 0.0433072 0.0481860 0.0545807 0.0595699 0.0637762 0.0701508 0.0753709 0.0696589 0.0654627 0.0592889 0.0517196 0.0448029 0.0361897 0.0267934 0.0078101 0.0001004
0.0001273 0.0008144 0.0015609 0.0024856 0.0041484 0.0055142 0.0073720 0.0095438 0.0119276 0.0147441 0.0169412 0.0206824 0.0240164 0.0287416 0.0346290 0.0389301 0.0427476 0.0492798 0.0533687 0.0590865 0.0657629 0.0694616 0.0754339 0.0719388 0.0647364 0.0579752 0.0526646 0.0439692 0.0364190 0.0271128 0.0077707 0.0000933
0.0001478 0.0006132 0.0016106 0.0022607 0.0040856 0.0054893 0.0073585 0.0092129 0.0119317 0.0138747 0.0175244 0.0207234 0.0249198 0.0287542 0.0347755 0.0386246 0.0435377 0.0495959 0.0543538 0.0595549 0.0642094 0.0700386 0.0739025 0.0702602 0.0656944 0.0583876 0.0537775 0.0449414 0.0354700 0.0259542 0.0082820 0.0001330
0.0001446 0.0006704 0.0013998 0.0025105 0.0037789 0.0056257 0.0072161 0.0097595 0.0119545 0.0140970 0.0174882 0.0209845 0.0247240 0.0287329 0.0340628 0.0381966 0.0438749 0.0492902 0.0530560 0.0589577 0.0646688 0.0697424 0.0749869 0.0704982 0.0657860 0.0596806 0.0518402 0.0450775 0.0362579 0.0266101 0.0082347 0.0000920
0.0001251 0.0007329 0.0012156 0.0023776 0.0040401 0.0057801 0.0074366 0.0093494 0.0114767 0.0144085 0.0178646 0.0209513 0.0250390 0.0290017 0.0343944 0.0384524 0.0443814 0.0490114 0.0542552 0.0589925 0.0646653 0.0701057 0.0749085 0.0710949 0.0646474 0.0590640 0.0516989 0.0444768 0.0354074 0.0264036 0.0081457 0.0000953
0.0001428 0.0007303 0.0011861 0.0026029 0.0038768 0.0054418 0.0074132 0.0098568 0.0115097 0.0142992 0.0178356 0.0205647 0.0239473 0.0290926 0.0333648 0.0382850 0.0436554 0.0481802 0.0539185 0.0590364 0.0654502 0.0714027 0.0754497 0.0718200 0.0641982 0.0591627 0.0513651 0.0442265 0.0365278 0.0274398 0.0079019 0.0001153
0.0001179 0.0005636 0.0013425 0.0023315 0.0036945 0.0051599 0.0077015 0.0094027 0.0122004 0.0145114 0.0170683 0.0203580 0.0247339 0.0283362 0.0336857 0.0385792 0.0431653 0.0483764 0.0542640 0.0601772 0.0646556 0.0704612 0.0739046 0.0707020 0.0644148 0.0595982 0.0523168 0.0449945 0.0367448 0.0279775 0.0083369 0.0001230
0.0001160 0.0006478 0.0012472 0.0025620 0.0037367 0.0055639 0.0069271 0.0092232 0.0124040 0.0146856 0.0170059 0.0207474 0.0241119 0.0290909 0.0337025 0.0388072 0.0434768 0.0488715 0.0538167 0.0599945 0.0643837 0.0701700 0.0755744 0.0708951 0.0642001 0.0588730 0.0512982 0.0451252 0.0371104 0.0273216 0.0081888 0.0001208
0.0000872 0.0005688 0.0012799 0.0023580 0.0039315 0.0053399 0.0073813 0.0092485 0.0115744 0.0140975 0.0175519 0.0209880 0.0249057 0.0283510 0.0334110 0.0386821 0.0434118 0.0488114 0.0550779 0.0585645 0.0643172 0.0706710 0.0746208 0.0710930 0.0648356 0.0589590 0.0525640 0.0450909 0.0371820 0.0268508 0.0080649 0.0001285
0.0001408 0.0006864 0.0013376 0.0024991 0.0038939 0.0053370 0.0071806 0.0094421 0.0118797 0.0145416 0.0170715 0.0209522 0.0245337 0.0286388 0.0333599 0.0382173 0.0438844 0.0493534 0.0545057 0.0601331 0.0650698 0.0696413 0.0753919 0.0705300 0.0646694 0.0583996 0.0528777 0.0444828 0.0364618 0.0269977 0.0077878 0.0001012
0.0001361 0.0005401 0.0015182 0.0025176 0.0037084 0.0052351 0.0070808 0.0094496 0.0121543 0.0142211 0.0173426 0.0206300 0.0240832 0.0286039 0.0336051 0.0385212 0.0434119 0.0495528 0.0544690 0.0596318 0.0636209 0.0706847 0.0745121 0.0712375 0.0647563 0.0595425 0.0523511 0.0452193 0.0358548 0.0274599 0.0082461 0.0001021
0.0001199 0.0006243 0.0014305 0.0026254 0.0037996 0.0053666 0.0070700 0.0096086 0.0116469 0.0140903 0.0172987 0.0206476 0.0243356 0.0283336 0.0338615 0.0385293 0.0434989 0.0492831 0.0544967 0.0586105 0.0648701 0.0711090 0.0740693 0.0716052 0.0649734 0.0589909 0.0520863 0.0451982 0.0363504 0.0270809 0.0082896 0.0000992
0.0001413 0.0006703 0.0013931 0.0024188 0.0036544 0.0052010 0.0070302 0.0094167 0.0117709 0.0143310 0.0176180 0.0204729 0.0240506 0.0285126 0.0338872 0.0383493 0.0441358 0.0492883 0.0545902 0.0586646 0.0651013 0.0700196 0.0745301 0.0710251 0.0652224 0.0587858 0.0528256 0.0450645 0.0364231 0.0272325 0.0080640 0.0001090
0.0001388 0.0007215 0.0014549 0.0023310 0.0037423 0.0056887 0.0075400 0.0091138 0.0120117 0.0139978 0.0172049 0.0205150 0.0235120 0.0287805 0.0339539 0.0387427 0.0439438 0.0488912 0.0536681 0.0593885 0.0636184 0.0697432 0.0750593 0.0701515 0.0652556 0.0600149 0.0529982 0.0445147 0.0372165 0.0274921 0.0084914 0.0001031
0.0001448 0.0006027 0.0013659 0.0022465 0.0038511 0.0057492 0.0074243 0.0094907 0.0119681 0.0144299 0.0174082 0.0213571 0.0243002 0.0283353 0.0335288 0.0388710 0.0439627 0.0492032 0.0550933 0.0577781 0.0648071 0.0698989 0.0748419 0.0708890 0.0642005 0.0588426 0.0528742 0.0447063 0.0362644 0.0270359 0.0084066 0.0001213
0.0000000 0.0166667 0.0250000 0.0166667 0.0250000 0.0250000 0.0000000 0.0166667 0.0083333 0.0250000 0.0250000 0.0583333 0.0416667 0.0250000 0.0333333 0.0083333 0.0666667 0.0250000 0.0250000 0.0500000 0.0250000 0.0250000 0.0333333 0.0833333 0.0583333 0.0583333 0.0583333 0.0666667 0.0333333 0.0416667 0.0000000 0.0000000
0.0000000 0.0086957 0.0000000 0.0173913 0.0217391 0.0130435 0.0130435 0.0173913 0.0347826 0.0173913 0.0260869 0.0347826 0.0217391 0.0260869 0.0260869 0.0217391 0.0434783 0.0260870 0.0478261 0.0478261 0.0434783 0.0478261 0.0782609 0.0347826 0.0521739 0.0869565 0.0782609 0.0478261 0.0347826 0.0217391 0.0086956 0.0000000
0.0000000 0.0038168 0.0114504 0.0114504 0.0000000 0.0038168 0.0229008 0.0305343 0.0343512 0.0152672 0.0114504 0.0190840 0.0190840 0.0305343 0.0229008 0.0419847 0.0267176 0.0305344 0.0534351 0.0267176 0.0763359 0.0496183 0.0763359 0.0648855 0.0610687 0.0763359 0.0496183 0.0763359 0.0229008 0.0267176 0.0038168 0.0000000
0.0000000 0.0000000 0.0044444 0.0000000 0.0088889 0.0088889 0.0088889 0.0222222 0.0222222 0.0222222 0.0311111 0.0311111 0.0222222 0.0177778 0.0266667 0.0355556 0.0444444 0.0355555 0.0444444 0.0444444 0.0577778 0.0622222 0.0666667 0.0711111 0.0755556 0.0577778 0.0844445 0.0177778 0.0488889 0.0133333 0.0133333 0.0000000
0.0000000 0.0000000 0.0000000 0.0136986 0.0136986 0.0068493 0.0136986 0.0000000 0.0068493 0.0410959 0.0342466 0.0342466 0.0342466 0.0342466 0.0410959 0.0342466 0.0479452 0.0342466 0.0342466 0.0342466 0.0547945 0.0410959 0.0479452 0.0684932 0.0821918 0.0547945 0.0684932 0.0547945 0.0479452 0.0136986 0.0068493 0.0000000
0.0000000 0.0000000 0.0281690 0.0000000 0.0140845 0.0000000 0.0281690 0.0422535 0.0140845 0.0140845 0.0281690 0.0281690 0.0140845 0.0140845 0.0422535 0.0140845 0.0140845 0.0422535 0.0563380 0.0281690 0.0563380 0.0281690 0.0563380 0.0422535 0.1549296 0.0845070 0.0563380 0.0281690 0.0140845 0.0422535 0.0140845 0.0000000
0.0000000 0.0000000 0.0000000 0.0000000 0.0000000 0.0000000 0.0000000 0.0370370 0.0000000 0.0000000 0.0000000 0.0000000 0.0740741 0.0000000 0.0370370 0.0370370 0.0740741 0.0000000 0.0000000 0.0370370 0.0000000 0.0740741 0.0370370 0.0370370 0.0370370 0.1481482 0.0370370 0.0740741 0.1481482 0.1111111 0.0000000 0.0000000
0.0017274 0.0047504 0.0169287 0.0346347 0.0376576 0.0407670 0.0397305 0.0361030 0.0315253 0.0312662 0.0313526 0.0295388 0.0298843 0.0304889 0.0374849 0.0330800 0.0351529 0.0377440 0.0394714 0.0378304 0.0428399 0.0414579 0.0437036 0.0411125 0.0397305 0.0383486 0.0364484 0.0337710 0.0309207 0.0263431 0.0078597 0.0003455
0.0009004 0.0032883 0.0091603 0.0131533 0.0186729 0.0231356 0.0252887 0.0239577 0.0267763 0.0292425 0.0292034 0.0302995 0.0351145 0.0340575 0.0332355 0.0398121 0.0413388 0.0408691 0.0440399 0.0480720 0.0505383 0.0495596 0.0539440 0.0540615 0.0518301 0.0474457 0.0433353 0.0366412 0.0323351 0.0225876 0.0081034 0.0000000
0.0003359 0.0020631 0.0045340 0.0079645 0.0114430 0.0148015 0.0175603 0.0207989 0.0242773 0.0242773 0.0276119 0.0302507 0.0316421 0.0336572 0.0360082 0.0381432 0.0403263 0.0447643 0.0461557 0.0506177 0.0538803 0.0564711 0.0635480 0.0603574 0.0551037 0.0515773 0.0464915 0.0384551 0.0334893 0.0252849 0.0078925 0.0002159
0.0001696 0.0013397 0.0039344 0.0057659 0.0088185 0.0120067 0.0146014 0.0174674 0.0201299 0.0236573 0.0258789 0.0278122 0.0305425 0.0336290 0.0362576 0.0405312 0.0422100 0.0457035 0.0490953 0.0517069 0.0568454 0.0595418 0.0652568 0.0639849 0.0585921 0.0537589 0.0468906 0.0395984 0.0323062 0.0239795 0.0078010 0.0001866
0.0001173 0.0011856 0.0024233 0.0050680 0.0075304 0.0099536 0.0128850 0.0147220 0.0182396 0.0210016 0.0247668 0.0269295 0.0304341 0.0324535 0.0356454 0.0391500 0.0435275 0.0440487 0.0498332 0.0549143 0.0585883 0.0612981 0.0654542 0.0659102 0.0600865 0.0542759 0.0498332 0.0430585 0.0344599 0.0244280 0.0076476 0.0001303
0.0002007 0.0007921 0.0020068 0.0042353 0.0064111 0.0095057 0.0116181 0.0139628 0.0167512 0.0194867 0.0230566 0.0252746 0.0297423 0.0320342 0.0360055 0.0400296 0.0412231 0.0450359 0.0511724 0.0544043 0.0583122 0.0639311 0.0673110 0.0655894 0.0626954 0.0554499 0.0505598 0.0429869 0.0353929 0.0266688 0.0080693 0.0000845
0.0001336 0.0008105 0.0020664 0.0038121 0.0064931 0.0083368 0.0106259 0.0135830 0.0163085 0.0188825 0.0219465 0.0246097 0.0278696 0.0306485 0.0347724 0.0381748 0.0413991 0.0461910 0.0505019 0.0553650 0.0594800 0.0652339 0.0692865 0.0664274 0.0623213 0.0571108 0.0522120 0.0444898 0.0358947 0.0270680 0.0078024 0.0001425
0.0001239 0.0007357 0.0019436 0.0035621 0.0056761 0.0085413 0.0101519 0.0129319 0.0157119 0.0184841 0.0211711 0.0234555 0.0274125 0.0305177 0.0341108 0.0381065 0.0423733 0.0463071 0.0502021 0.0553516 0.0595332 0.0655888 0.0704982 0.0678576 0.0637922 0.0580852 0.0510229 0.0444486 0.0363332 0.0277068 0.0081541 0.0001084
0.0000962 0.0005913 0.0018838 0.0035339 0.0051221 0.0077622 0.0097491 0.0122998 0.0146581 0.0177657 0.0211758 0.0234240 0.0273154 0.0304368 0.0338607 0.0379927 0.0421385 0.0458511 0.0513788 0.0555177 0.0601998 0.0651981 0.0701483 0.0685051 0.0627230 0.0592235 0.0521420 0.0456517 0.0370645 0.0280717 0.0084222 0.0000962
0.0000933 0.0007528 0.0017856 0.0031730 0.0052883 0.0072418 0.0096247 0.0119142 0.0145210 0.0177064 0.0204998 0.0234613 0.0278288 0.0312755 0.0339507 0.0372046 0.0414041 0.0459395 0.0502946 0.0554522 0.0599939 0.0666820 0.0705829 0.0684240 0.0644983 0.0580590 0.0529201 0.0456596 0.0372543 0.0278972 0.0084923 0.0001244
0.0001084 0.0006616 0.0016256 0.0030516 0.0050194 0.0070215 0.0098449 0.0121834 0.0149555 0.0175679 0.0209446 0.0235797 0.0262834 0.0303559 0.0336128 0.0380219 0.0416267 0.0464351 0.0505133 0.0547114 0.0607404 0.0657540 0.0706423 0.0682409 0.0652293 0.0592345 0.0537474 0.0459160 0.0365332 0.0275211 0.0081907 0.0001255
0.0001219 0.0006519 0.0017968 0.0033868 0.0054486 0.0069856 0.0097894 0.0120367 0.0143105 0.0178722 0.0202626 0.0237024 0.0274231 0.0307516 0.0337833 0.0378804 0.0407266 0.0458306 0.0504471 0.0555988 0.0608937 0.0656745 0.0709429 0.0694111 0.0650862 0.0580157 0.0521325 0.0458783 0.0370323 0.0277941 0.0082524 0.0000795
0.0000893 0.0006152 0.0016174 0.0032944 0.0051996 0.0072189 0.0096897 0.0119025 0.0147554 0.0179704 0.0199004 0.0242119 0.0268067 0.0302301 0.0338321 0.0380692 0.0419193 0.0469105 0.0505175 0.0557270 0.0604900 0.0652728 0.0709785 0.0685871 0.0638191 0.0589668 0.0519464 0.0453030 0.0379650 0.0278437 0.0082062 0.0001439
0.0001218 0.0006842 0.0015418 0.0034537 0.0052016 0.0073432 0.0094894 0.0120668 0.0154643 0.0182478 0.0203894 0.0243211 0.0268704 0.0306989 0.0342745 0.0376251 0.0415005 0.0458258 0.0503948 0.0539188 0.0608168 0.0658497 0.0705312 0.0683006 0.0638534 0.0596406 0.0525973 0.0457789 0.0368518 0.0278919 0.0083929 0.0000609
0.0001160 0.0005843 0.0018198 0.0030106 0.0051649 0.0073281 0.0100667 0.0123771 0.0152227 0.0182066 0.0206240 0.0235276 0.0260030 0.0296425 0.0336166 0.0377199 0.0415959 0.0447492 0.0508731 0.0547936 0.0599095 0.0663009 0.0716576 0.0680092 0.0651145 0.0591423 0.0533574 0.0460650 0.0373676 0.0274347 0.0085279 0.0000714
0.0001243 0.0006343 0.0016328 0.0032570 0.0046883 0.0071139 0.0094152 0.0121408 0.0146821 0.0171719 0.0201118 0.0234544 0.0267971 0.0298655 0.0334053 0.0376437 0.0417235 0.0454518 0.0498359 0.0556984 0.0609524 0.0657093 0.0715161 0.0689320 0.0646551 0.0591568 0.0534228 0.0467889 0.0378408 0.0277228 0.0083096 0.0001457
0.0000954 0.0005435 0.0016055 0.0029290 0.0048706 0.0072188 0.0092682 0.0119358 0.0142964 0.0172628 0.0203328 0.0231000 0.0262364 0.0293272 0.0335547 0.0373384 0.0416074 0.0464614 0.0509420 0.0554516 0.0608325 0.0655413 0.0701588 0.0686694 0.0651181 0.0607371 0.0535681 0.0470795 0.0374919 0.0277424 0.0085463 0.0001369
0.0001049 0.0005609 0.0016626 0.0028410 0.0044875 0.0069452 0.0089064 0.0113076 0.0141042 0.0169412 0.0196814 0.0231842 0.0261907 0.0302827 0.0344071 0.0373692 0.0416186 0.0457752 0.0510335 0.0555614 0.0599964 0.0662677 0.0710175 0.0689917 0.0649319 0.0604404 0.0539552 0.0466307 0.0384830 0.0279502 0.0082527 0.0001170
0.0000909 0.0005374 0.0013989 0.0027187 0.0045602 0.0066704 0.0088399 0.0107881 0.0141747 0.0167749 0.0195213 0.0236113 0.0262510 0.0295665 0.0332415 0.0371734 0.0413108 0.0460173 0.0504234 0.0560348 0.0623535 0.0666806 0.0716558 0.0687592 0.0650012 0.0601011 0.0546043 0.0465033 0.0374777 0.0286457 0.0083736 0.0001383
0.0000702 0.0004952 0.0014935 0.0027219 0.0043245 0.0063250 0.0087583 0.0108523 0.0138978 0.0170564 0.0189828 0.0228004 0.0265205 0.0293593 0.0338945 0.0370219 0.0414751 0.0459400 0.0510484 0.0549167 0.0602941 0.0666854 0.0723943 0.0695593 0.0653790 0.0607971 0.0548036 0.0466381 0.0384803 0.0283728 0.0085009 0.0001404
0.0025126 0.0028715 0.0136396 0.0283561 0.0337401 0.0391242 0.0348169 0.0366116 0.0312276 0.0297918 0.0247667 0.0254846 0.0301508 0.0308686 0.0297918 0.0330223 0.0391242 0.0387653 0.0455851 0.0373295 0.0384063 0.0491744 0.0427136 0.0423546 0.0434314 0.0445082 0.0423546 0.0391242 0.0301507 0.0326633 0.0075377 0.0000000
0.0008325 0.0029970 0.0054945 0.0114885 0.0128205 0.0199800 0.0229770 0.0258075 0.0276390 0.0254745 0.0274725 0.0254745 0.0344655 0.0288045 0.0354645 0.0367965 0.0357975 0.0414585 0.0489510 0.0509490 0.0489510 0.0541126 0.0559441 0.0577756 0.0501165 0.0561106 0.0414585 0.0457875 0.0333000 0.0264735 0.0088245 0.0000000
0.0001046 0.0013600 0.0032430 0.0082645 0.0112983 0.0141228 0.0166335 0.0188304 0.0232242 0.0210273 0.0237473 0.0280364 0.0306517 0.0350455 0.0372424 0.0404854 0.0403808 0.0470761 0.0481222 0.0514698 0.0485406 0.0523067 0.0619312 0.0622450 0.0534575 0.0519929 0.0483314 0.0462391 0.0352547 0.0298148 0.0093106 0.0002092
0.0003064 0.0013024 0.0028346 0.0071248 0.0088868 0.0108787 0.0149391 0.0180035 0.0185398 0.0206849 0.0258944 0.0251283 0.0293419 0.0304911 0.0377691 0.0367732 0.0433617 0.0443576 0.0481116 0.0553129 0.0548533 0.0593733 0.0655022 0.0603693 0.0597564 0.0557726 0.0514058 0.0388417 0.0385352 0.0278097 0.0076611 0.0000766
0.0002454 0.0018404 0.0026992 0.0050917 0.0076682 0.0107969 0.0142323 0.0149071 0.0196307 0.0237409 0.0219618 0.0253359 0.0295074 0.0321453 0.0350285 0.0370529 0.0403656 0.0453346 0.0491994 0.0548433 0.0541071 0.0574811 0.0641065 0.0642905 0.0596282 0.0563769 0.0509785 0.0485860 0.0363781 0.0273603 0.0090792 0.0000000
0.0000521 0.0010422 0.0026055 0.0055758 0.0079729 0.0101094 0.0132882 0.0155289 0.0186555 0.0184992 0.0253257 0.0253778 0.0272538 0.0338718 0.0344450 0.0391871 0.0399166 0.0447629 0.0485148 0.0509119 0.0564356 0.0590412 0.0651381 0.0655550 0.0607608 0.0580511 0.0505472 0.0465868 0.0371027 0.0286086 0.0090672 0.0002084
0.0000460 0.0011964 0.0024849 0.0045557 0.0066265 0.0095716 0.0132990 0.0153237 0.0190051 0.0209378 0.0222263 0.0244812 0.0270581 0.0313377 0.0339607 0.0381023 0.0420137 0.0458792 0.0504809 0.0525056 0.0572454 0.0618011 0.0663568 0.0637799 0.0600985 0.0555428 0.0514933 0.0466154 0.0397589 0.0272422 0.0088353 0.0001380
0.0001677 0.0010060 0.0026407 0.0043593 0.0067485 0.0091797 0.0106468 0.0133294 0.0166408 0.0196588 0.0227606 0.0254433 0.0287127 0.0302217 0.0352517 0.0364673 0.0430482 0.0463595 0.0484554 0.0544075 0.0593956 0.0615333 0.0672758 0.0646770 0.0604854 0.0585572 0.0526051 0.0465272 0.0374314 0.0272038 0.0087605 0.0000419
0.0002748 0.0010598 0.0026299 0.0042393 0.0058094 0.0092636 0.0109907 0.0140524 0.0163291 0.0199403 0.0227665 0.0241404 0.0292039 0.0315199 0.0337965 0.0368975 0.0425891 0.0449050 0.0495368 0.0522060 0.0580546 0.0617444 0.0653949 0.0666117 0.0621762 0.0583687 0.0526770 0.0460041 0.0390564 0.0289684 0.0086748 0.0001178
0.0001497 0.0007486 0.0023208 0.0038929 0.0062512 0.0086094 0.0119783 0.0135130 0.0158712 0.0187909 0.0222721 0.0240689 0.0274752 0.0314056 0.0370204 0.0383305 0.0397530 0.0463784 0.0498596 0.0508703 0.0605652 0.0629609 0.0690623 0.0657309 0.0589931 0.0560359 0.0527045 0.0485121 0.0376193 0.0291222 0.0090586 0.0000749
0.0000365 0.0007658 0.0021516 0.0040845 0.0062726 0.0078407 0.0105394 0.0133110 0.0170307 0.0179424 0.0225375 0.0234127 0.0267678 0.0284454 0.0347909 0.0390941 0.0414281 0.0461325 0.0491229 0.0539732 0.0580942 0.0633821 0.0680136 0.0677218 0.0627986 0.0554320 0.0532803 0.0486853 0.0379271 0.0293935 0.0095183 0.0000729
0.0000361 0.0010109 0.0024190 0.0037549 0.0058129 0.0086652 0.0112286 0.0126728 0.0173665 0.0180525 0.0206882 0.0239376 0.0276564 0.0311586 0.0340831 0.0376214 0.0413763 0.0458172 0.0499693 0.0546269 0.0607286 0.0654222 0.0682023 0.0643030 0.0613424 0.0598621 0.0522800 0.0460339 0.0371882 0.0286313 0.0080153 0.0000361
0.0001087 0.0011235 0.0023558 0.0040954 0.0059800 0.0081183 0.0101479 0.0132285 0.0161279 0.0175776 0.0196796 0.0228689 0.0259858 0.0322920 0.0346477 0.0396129 0.0439258 0.0466440 0.0485648 0.0530226 0.0593288 0.0627356 0.0678820 0.0666135 0.0632430 0.0595825 0.0514280 0.0480212 0.0371847 0.0293201 0.0084445 0.0001087
0.0000000 0.0006267 0.0018800 0.0039074 0.0051976 0.0073725 0.0100265 0.0126069 0.0151135 0.0180257 0.0213433 0.0235181 0.0245134 0.0321070 0.0328811 0.0379313 0.0426497 0.0496904 0.0510911 0.0525287 0.0575420 0.0638086 0.0673105 0.0678635 0.0633294 0.0610071 0.0532291 0.0472943 0.0375995 0.0287895 0.0089944 0.0002212
0.0001530 0.0008415 0.0024096 0.0043221 0.0058902 0.0083381 0.0111302 0.0122012 0.0160643 0.0190094 0.0196978 0.0234844 0.0254351 0.0300631 0.0352649 0.0339644 0.0377892 0.0459361 0.0510231 0.0552687 0.0582903 0.0644483 0.0706827 0.0657105 0.0654810 0.0579843 0.0550392 0.0466246 0.0403901 0.0279977 0.0090266 0.0000383
0.0000407 0.0009367 0.0019956 0.0045207 0.0060275 0.0088784 0.0108333 0.0125845 0.0147837 0.0169015 0.0199153 0.0221553 0.0263908 0.0288344 0.0328256 0.0366946 0.0399935 0.0454509 0.0495642 0.0555918 0.0588091 0.0674839 0.0682170 0.0673617 0.0632891 0.0590535 0.0592164 0.0445956 0.0391382 0.0287937 0.0090006 0.0001222
0.0001334 0.0007113 0.0018226 0.0035563 0.0056012 0.0072461 0.0100911 0.0126695 0.0160035 0.0175150 0.0205823 0.0237386 0.0269393 0.0295621 0.0313403 0.0354301 0.0394754 0.0471660 0.0510336 0.0540565 0.0581018 0.0667704 0.0726384 0.0673038 0.0652590 0.0580573 0.0509891 0.0477884 0.0381418 0.0312069 0.0090242 0.0000445
0.0001478 0.0006406 0.0023655 0.0034496 0.0051252 0.0083284 0.0104475 0.0131086 0.0138478 0.0188744 0.0193672 0.0224719 0.0264636 0.0301104 0.0335107 0.0354820 0.0402129 0.0447960 0.0498719 0.0534201 0.0584960 0.0635226 0.0707175 0.0641632 0.0684506 0.0577567 0.0582003 0.0455845 0.0396215 0.0319338 0.0094619 0.0000493
0.0001114 0.0005571 0.0026742 0.0036771 0.0048471 0.0090256 0.0098056 0.0142626 0.0157669 0.0178840 0.0190540 0.0246253 0.0269653 0.0265196 0.0325923 0.0371051 0.0400022 0.0432336 0.0510335 0.0521477 0.0608948 0.0642933 0.0699760 0.0645718 0.0654075 0.0629004 0.0530392 0.0450721 0.0412836 0.0309767 0.0096941 0.0000000
0.0003825 0.0007012 0.0016573 0.0039521 0.0066930 0.0070755 0.0121112 0.0128123 0.0140872 0.0176568 0.0203340 0.0251147 0.0260071 0.0295767 0.0327001 0.0344212 0.0411780 0.0425803 0.0515681 0.0536078 0.0573687 0.0637430 0.0651453 0.0710734 0.0671214 0.0594085 0.0550739 0.0482535 0.0415604 0.0291305 0.0075854 0.0003187
0.0000000 0.0029586 0.0014793 0.0088757 0.0162722 0.0147929 0.0221894 0.0310651 0.0236686 0.0384615 0.0281065 0.0340237 0.0310651 0.0399408 0.0517751 0.0369823 0.0428994 0.0488166 0.0547337 0.0428994 0.0547337 0.0458580 0.0532544 0.0591716 0.0724852 0.0325444 0.0384615 0.0251479 0.0266272 0.0103550 0.0103550 0.0000000
0.0007179 0.0050251 0.0028715 0.0050251 0.0057430 0.0179469 0.0172290 0.0215363 0.0215363 0.0222541 0.0373295 0.0308686 0.0387653 0.0366116 0.0437904 0.0402010 0.0387653 0.0480976 0.0617373 0.0524049 0.0574300 0.0559943 0.0646088 0.0653266 0.0552764 0.0409189 0.0380474 0.0294329 0.0244078 0.0136396 0.0064609 0.0000000
0.0000000 0.0009311 0.0027933 0.0069832 0.0069832 0.0125698 0.0162942 0.0200186 0.0144320 0.0190875 0.0260708 0.0311918 0.0409684 0.0423650 0.0507449 0.0535382 0.0451583 0.0414339 0.0516760 0.0605214 0.0614525 0.0595903 0.0493482 0.0633147 0.0507449 0.0465549 0.0418994 0.0297952 0.0339851 0.0158287 0.0032588 0.0004656
0.0000000 0.0014373 0.0017966 0.0057492 0.0053899 0.0114984 0.0150916 0.0168883 0.0183256 0.0208408 0.0247934 0.0319799 0.0344952 0.0380884 0.0352138 0.0441969 0.0474308 0.0463529 0.0549766 0.0646784 0.0600072 0.0686310 0.0718649 0.0585699 0.0506648 0.0470715 0.0395257 0.0370104 0.0244341 0.0154509 0.0071865 0.0003593
0.0000000 0.0003101 0.0027907 0.0052713 0.0086822 0.0136434 0.0117829 0.0133333 0.0257364 0.0244961 0.0313178 0.0279070 0.0347287 0.0341085 0.0350388 0.0437209 0.0415504 0.0493023 0.0610853 0.0610853 0.0595349 0.0573643 0.0641860 0.0576744 0.0595349 0.0431008 0.0480620 0.0344186 0.0248062 0.0173643 0.0077519 0.0003101
0.0000000 0.0014209 0.0042626 0.0062518 0.0093777 0.0076726 0.0125036 0.0133561 0.0193237 0.0241546 0.0176186 0.0278488 0.0309747 0.0326797 0.0423416 0.0429099 0.0542768 0.0477408 0.0497300 0.0585394 0.0579710 0.0673487 0.0664962 0.0667803 0.0599602 0.0491617 0.0477408 0.0346689 0.0235862 0.0176186 0.0056834 0.0000000
0.0000000 0.0005568 0.0033408 0.0052895 0.0069599 0.0100223 0.0141982 0.0172606 0.0194877 0.0242205 0.0217149 0.0303452 0.0314588 0.0392539 0.0350779 0.0406459 0.0434298 0.0581849 0.0581849 0.0584633 0.0637528 0.0643096 0.0721047 0.0570713 0.0554009 0.0423163 0.0428730 0.0331292 0.0270044 0.0178174 0.0061247 0.0000000
0.0002902 0.0008706 0.0040627 0.0066744 0.0078352 0.0055136 0.0121880 0.0177017 0.0194428 0.0185723 0.0249565 0.0319211 0.0336622 0.0377249 0.0377249 0.0438189 0.0446895 0.0560070 0.0621010 0.0618108 0.0621010 0.0635519 0.0655833 0.0586187 0.0557168 0.0455601 0.0362739 0.0354034 0.0232153 0.0217644 0.0046431 0.0000000
0.0003230 0.0009690 0.0019380 0.0074289 0.0064599 0.0122739 0.0135659 0.0161499 0.0190569 0.0193799 0.0274548 0.0235788 0.0374677 0.0342377 0.0403747 0.0439276 0.0426357 0.0481266 0.0549096 0.0597545 0.0574935 0.0665375 0.0691215 0.0607235 0.0558785 0.0571705 0.0352067 0.0342377 0.0277778 0.0190569 0.0064599 0.0003230
0.0003883 0.0011650 0.0042718 0.0031068 0.0058252 0.0100971 0.0143689 0.0198058 0.0256311 0.0260194 0.0233010 0.0310680 0.0341748 0.0353398 0.0392233 0.0384466 0.0535922 0.0570874 0.0563107 0.0551456 0.0566990 0.0613592 0.0640777 0.0582524 0.0547573 0.0400000 0.0380583 0.0388350 0.0306796 0.0166990 0.0058252 0.0003883
0.0000000 0.0015856 0.0021142 0.0110994 0.0079281 0.0105708 0.0137421 0.0126850 0.0184989 0.0243129 0.0248414 0.0359408 0.0332981 0.0338266 0.0385835 0.0523256 0.0433404 0.0496829 0.0507400 0.0597252 0.0628964 0.0755814 0.0676533 0.0528541 0.0480973 0.0496829 0.0348837 0.0322410 0.0311839 0.0147992 0.0052854 0.0000000
0.0008446 0.0008446 0.0008446 0.0059122 0.0092905 0.0076013 0.0135135 0.0177365 0.0135135 0.0143581 0.0270270 0.0371622 0.0380068 0.0388513 0.0439189 0.0320946 0.0625000 0.0506757 0.0540540 0.0515203 0.0591216 0.0701014 0.0768581 0.0582770 0.0371622 0.0599662 0.0422297 0.0304054 0.0219595 0.0185811 0.0050676 0.0000000
0.0000000 0.0000000 0.0000000 0.0133929 0.0133929 0.0089286 0.0119048 0.0119048 0.0163690 0.0163690 0.0223214 0.0267857 0.0267857 0.0327381 0.0401786 0.0372024 0.0357143 0.0535714 0.0461310 0.0892857 0.0654762 0.0848214 0.0595238 0.0654762 0.0520833 0.0446428 0.0342262 0.0446429 0.0208333 0.0208333 0.0044643 0.0000000
0.0000000 0.0000000 0.0000000 0.0000000 0.0063492 0.0095238 0.0285714 0.0222222 0.0095238 0.0158730 0.0158730 0.0222222 0.0349206 0.0444444 0.0539683 0.0190476 0.0476191 0.0317460 0.0603175 0.0698413 0.0634921 0.0761905 0.0634921 0.0761905 0.0444444 0.0539683 0.0380952 0.0380952 0.0349206 0.0190476 0.0000000 0.0000000
0.0000000 0.0000000 0.0000000 0.0000000 0.0106383 0.0000000 0.0000000 0.0106383 0.0212766 0.0212766 0.0212766 0.0212766 0.0106383 0.0212766 0.0425532 0.0106383 0.0638298 0.0531915 0.0638298 0.0851064 0.0531915 0.0957447 0.0957447 0.0744681 0.0106383 0.0319149 0.0212766 0.1063830 0.0425532 0.0106383 0.0000000 0.0000000
0.0000000 0.0000000 0.0000000 0.0000000 0.0000000 0.0000000 0.0000000 0.0000000 0.0000000 0.0000000 0.0555556 0.0555556 0.0000000 0.0000000 0.0000000 0.0555556 0.0555556 0.0555556 0.0555556 0.0555556 0.0555556 0.0000000 0.1666667 0.0000000 0.1111111 0.0555556 0.2222222 0.0000000 0.0000000 0.0000000 0.0000000 0.0000000
0.0031662 0.0033641 0.0046834 0.0054749 0.0058707 0.0066623 0.0087071 0.0096306 0.0127968 0.0175462 0.0168866 0.0217678 0.0240765 0.0316623 0.0344327 0.0410290 0.0438654 0.0513193 0.0542876 0.0538918 0.0573879 0.0617414 0.0654354 0.0605541 0.0578496 0.0537599 0.0476253 0.0494723 0.0439974 0.0403034 0.0101583 0.0005937
0.0004414 0.0017658 0.0038848 0.0052091 0.0074752 0.0097413 0.0110362 0.0123606 0.0141558 0.0166279 0.0181877 0.0205421 0.0242208 0.0284587 0.0319021 0.0383766 0.0440272 0.0478236 0.0504429 0.0535625 0.0593602 0.0674240 0.0714559 0.0652462 0.0652756 0.0568292 0.0519438 0.0430266 0.0389358 0.0316078 0.0085641 0.0000883
0.0002301 0.0013980 0.0025659 0.0039285 0.0058751 0.0087772 0.0094851 0.0111131 0.0138560 0.0167581 0.0176783 0.0223854 0.0256415 0.0289152 0.0329676 0.0370908 0.0428066 0.0453194 0.0522562 0.0580959 0.0617590 0.0686250 0.0693860 0.0676517 0.0624845 0.0580074 0.0530880 0.0459211 0.0386834 0.0286675 0.0084941 0.0000885
0.0001857 0.0009782 0.0022165 0.0038634 0.0059313 0.0075534 0.0088536 0.0114664 0.0129027 0.0156022 0.0176205 0.0209886 0.0251492 0.0285049 0.0334456 0.0377424 0.0421506 0.0473390 0.0522301 0.0560935 0.0643528 0.0680799 0.0725377 0.0681790 0.0651948 0.0590654 0.0522425 0.0463112 0.0379529 0.0273162 0.0078754 0.0000743
0.0000855 0.0008548 0.0020041 0.0036282 0.0053759 0.0068956 0.0086337 0.0114546 0.0134587 0.0158142 0.0178563 0.0215605 0.0252553 0.0295009 0.0336800 0.0377262 0.0429786 0.0467588 0.0514698 0.0578810 0.0627440 0.0686992 0.0727264 0.0679109 0.0650520 0.0581469 0.0529895 0.0446407 0.0375932 0.0281902 0.0083678 0.0000665
0.0001234 0.0006631 0.0020277 0.0032613 0.0048342 0.0070161 0.0091286 0.0109559 0.0128063 0.0149651 0.0174091 0.0213721 0.0258516 0.0285501 0.0332609 0.0371158 0.0422584 0.0477556 0.0526052 0.0572697 0.0636305 0.0698293 0.0741238 0.0679404 0.0639003 0.0591587 0.0529907 0.0456662 0.0374011 0.0279718 0.0080338 0.0001234
0.0000977 0.0007487 0.0019270 0.0031965 0.0048371 0.0067186 0.0088214 0.0103122 0.0127796 0.0147067 0.0183459 0.0210216 0.0250449 0.0285800 0.0344197 0.0386579 0.0420757 0.0462944 0.0520690 0.0586703 0.0628825 0.0700633 0.0734291 0.0694188 0.0648030 0.0588591 0.0526093 0.0454285 0.0368480 0.0280852 0.0081052 0.0001432
0.0000959 0.0006484 0.0016633 0.0034507 0.0048603 0.0065631 0.0082659 0.0107243 0.0128162 0.0148178 0.0185110 0.0207438 0.0243919 0.0280569 0.0336446 0.0384429 0.0414933 0.0474926 0.0532100 0.0584199 0.0631787 0.0692570 0.0734858 0.0700238 0.0640922 0.0589386 0.0535990 0.0461676 0.0372532 0.0271153 0.0085141 0.0000620
0.0001297 0.0006535 0.0018157 0.0030827 0.0046490 0.0062552 0.0079911 0.0105750 0.0128198 0.0151393 0.0179277 0.0211251 0.0248164 0.0292809 0.0323936 0.0383694 0.0424199 0.0469243 0.0532094 0.0580580 0.0641885 0.0686131 0.0731474 0.0702143 0.0643980 0.0598737 0.0531745 0.0461162 0.0369129 0.0273355 0.0083104 0.0000798
0.0001303 0.0006963 0.0017070 0.0029783 0.0045955 0.0061049 0.0082431 0.0101972 0.0127713 0.0151656 0.0179238 0.0212840 0.0249765 0.0283951 0.0328154 0.0370875 0.0419480 0.0482191 0.0527742 0.0589958 0.0634206 0.0702218 0.0737751 0.0694851 0.0652085 0.0592114 0.0520419 0.0461122 0.0369617 0.0280132 0.0084094 0.0001303
0.0001065 0.0006431 0.0016957 0.0029531 0.0044440 0.0063896 0.0082614 0.0105592 0.0126768 0.0148476 0.0178458 0.0211962 0.0245917 0.0287900 0.0335822 0.0378133 0.0425768 0.0471355 0.0526117 0.0584402 0.0646537 0.0692165 0.0731936 0.0700807 0.0654319 0.0596813 0.0524725 0.0449852 0.0373505 0.0274507 0.0081877 0.0001352
0.0000755 0.0007441 0.0015601 0.0028822 0.0043063 0.0063876 0.0081592 0.0102973 0.0123484 0.0149775 0.0179503 0.0211007 0.0248063 0.0289464 0.0337588 0.0377175 0.0421296 0.0474519 0.0526459 0.0585840 0.0636117 0.0696254 0.0746720 0.0702940 0.0649792 0.0587502 0.0527781 0.0457370 0.0368941 0.0275601 0.0081668 0.0001020
0.0000917 0.0005605 0.0016958 0.0027393 0.0043328 0.0061449 0.0082038 0.0102803 0.0125719 0.0147154 0.0179200 0.0211388 0.0247454 0.0291981 0.0342501 0.0380470 0.0431343 0.0481123 0.0531854 0.0586253 0.0645587 0.0696882 0.0742573 0.0697870 0.0645058 0.0594397 0.0518846 0.0450345 0.0361292 0.0269312 0.0079852 0.0001058
0.0001258 0.0006690 0.0016295 0.0026926 0.0040141 0.0061073 0.0079388 0.0100651 0.0122179 0.0149635 0.0176330 0.0213358 0.0247240 0.0283108 0.0333517 0.0381342 0.0435923 0.0490306 0.0527334 0.0590195 0.0642061 0.0699093 0.0746388 0.0698497 0.0653984 0.0585989 0.0521770 0.0452715 0.0365279 0.0267244 0.0083098 0.0000994
0.0000847 0.0005679 0.0015500 0.0028113 0.0041072 0.0061655 0.0078002 0.0101597 0.0124690 0.0150136 0.0177747 0.0214207 0.0249536 0.0281321 0.0330299 0.0380125 0.0429480 0.0480216 0.0536975 0.0591947 0.0633364 0.0699631 0.0753378 0.0711020 0.0644785 0.0586456 0.0522699 0.0455774 0.0360954 0.0269492 0.0082394 0.0000910
0.0001017 0.0006732 0.0015678 0.0027766 0.0042366 0.0058703 0.0077672 0.0100141 0.0124047 0.0149269 0.0177573 0.0214434 0.0244564 0.0288187 0.0331002 0.0383511 0.0431651 0.0480301 0.0535114 0.0588401 0.0640341 0.0706045 0.0746107 0.0697368 0.0643244 0.0589508 0.0519825 0.0452506 0.0368940 0.0274663 0.0082249 0.0001077
0.0000776 0.0006209 0.0015263 0.0028427 0.0042827 0.0061626 0.0079159 0.0103964 0.0125177 0.0148459 0.0175477 0.0213160 0.0245525 0.0285679 0.0331323 0.0376738 0.0431005 0.0477023 0.0534365 0.0590558 0.0641348 0.0701910 0.0746864 0.0703778 0.0647211 0.0594841 0.0518269 0.0450838 0.0370270 0.0271652 0.0079130 0.0001150
0.0001029 0.0006870 0.0015714 0.0028202 0.0044778 0.0062410 0.0080210 0.0101848 0.0122485 0.0147766 0.0177887 0.0207423 0.0246972 0.0290442 0.0328378 0.0383641 0.0431422 0.0478202 0.0535050 0.0589451 0.0636537 0.0703008 0.0739915 0.0705316 0.0651722 0.0583861 0.0522118 0.0453672 0.0369735 0.0270668 0.0082324 0.0000946
0.0001324 0.0006404 0.0016456 0.0026211 0.0047288 0.0061123 0.0081362 0.0100655 0.0118408 0.0147321 0.0176396 0.0214875 0.0247976 0.0291238 0.0331094 0.0383246 0.0423183 0.0481280 0.0532999 0.0587771 0.0642030 0.0698451 0.0746738 0.0702531 0.0650083 0.0589338 0.0524325 0.0456150 0.0362034 0.0269999 0.0080551 0.0001162
0.0000922 0.0006030 0.0016301 0.0030047 0.0045084 0.0061779 0.0080161 0.0101728 0.0123717 0.0149182 0.0176859 0.0207275 0.0251121 0.0290858 0.0332887 0.0384528 0.0431324 0.0480015 0.0536028 0.0586299 0.0644576 0.0690871 0.0746620 0.0701694 0.0645261 0.0584298 0.0520596 0.0455235 0.0364988 0.0272820 0.0079871 0.0001027
0.0035376 0.0096999 0.0316102 0.0601392 0.0613945 0.0507817 0.0520370 0.0419947 0.0340066 0.0316102 0.0317243 0.0264749 0.0278443 0.0247632 0.0212256 0.0248773 0.0232797 0.0305831 0.0230515 0.0257903 0.0317243 0.0290996 0.0366313 0.0375442 0.0350337 0.0419947 0.0397124 0.0365172 0.0401689 0.0275020 0.0075317 0.0001141
0.0014725 0.0078359 0.0157244 0.0239285 0.0287142 0.0288194 0.0321325 0.0324481 0.0337102 0.0301867 0.0301341 0.0302393 0.0296608 0.0291349 0.0287668 0.0297660 0.0313437 0.0321851 0.0360768 0.0372338 0.0395477 0.0431764 0.0433868 0.0453326 0.0488036 0.0481199 0.0496450 0.0467000 0.0428609 0.0328162 0.0097818 0.0003155
0.0004586 0.0038653 0.0088771 0.0141182 0.0197524 0.0221436 0.0243056 0.0256486 0.0281709 0.0271882 0.0277123 0.0288588 0.0300380 0.0283019 0.0332482 0.0336085 0.0321672 0.0361308 0.0361963 0.0431407 0.0431407 0.0480870 0.0507403 0.0522144 0.0531643 0.0539177 0.0557521 0.0486111 0.0442217 0.0349515 0.0110390 0.0002293
0.0004707 0.0023299 0.0058365 0.0100727 0.0145678 0.0177214 0.0202396 0.0229225 0.0250877 0.0266409 0.0273705 0.0285002 0.0302182 0.0294415 0.0330894 0.0325951 0.0356781 0.0368549 0.0386670 0.0416559 0.0449978 0.0476807 0.0542703 0.0556588 0.0571180 0.0573298 0.0562707 0.0539408 0.0462686 0.0354899 0.0108494 0.0001647
0.0003482 0.0018696 0.0049122 0.0082298 0.0122805 0.0165329 0.0184757 0.0206569 0.0223249 0.0238095 0.0261190 0.0271271 0.0282452 0.0309029 0.0326075 0.0341655 0.0353752 0.0379779 0.0407090 0.0428352 0.0456578 0.0516148 0.0551157 0.0557388 0.0577734 0.0598262 0.0590747 0.0548224 0.0463910 0.0367865 0.0114190 0.0002749
0.0001653 0.0017737 0.0041337 0.0076211 0.0114391 0.0145507 0.0168055 0.0203680 0.0211797 0.0238253 0.0253886 0.0263506 0.0273277 0.0315816 0.0314463 0.0366774 0.0367375 0.0386466 0.0419084 0.0453206 0.0471395 0.0502360 0.0554069 0.0577819 0.0587890 0.0602772 0.0590446 0.0553317 0.0455912 0.0355500 0.0115143 0.0000902
0.0002825 0.0014769 0.0038785 0.0065241 0.0100173 0.0135362 0.0165029 0.0194953 0.0215630 0.0223977 0.0258011 0.0268156 0.0286522 0.0306042 0.0325435 0.0358184 0.0373210 0.0401079 0.0413151 0.0456688 0.0477622 0.0523727 0.0578694 0.0592307 0.0581905 0.0593720 0.0594747 0.0545303 0.0453477 0.0348552 0.0105054 0.0001670
0.0002256 0.0012972 0.0036209 0.0069823 0.0104339 0.0129494 0.0159498 0.0188713 0.0204054 0.0225486 0.0252107 0.0275907 0.0296437 0.0302189 0.0330728 0.0349678 0.0371561 0.0394910 0.0410364 0.0451761 0.0489549 0.0521584 0.0573359 0.0588023 0.0598288 0.0606635 0.0579901 0.0539406 0.0467779 0.0360732 0.0104791 0.0001466
0.0002130 0.0011970 0.0038140 0.0066036 0.0090685 0.0119899 0.0149924 0.0178530 0.0205918 0.0228133 0.0249434 0.0269519 0.0286053 0.0306848 0.0324498 0.0348843 0.0376333 0.0423907 0.0437094 0.0459308 0.0496232 0.0537212 0.0562369 0.0614102 0.0600509 0.0591786 0.0569774 0.0541473 0.0452106 0.0351988 0.0108031 0.0001217
0.0002796 0.0012860 0.0036809 0.0060292 0.0096355 0.0127480 0.0150870 0.0171557 0.0209578 0.0235857 0.0244337 0.0261297 0.0282543 0.0305188 0.0329789 0.0351222 0.0380856 0.0403966 0.0426797 0.0459692 0.0499296 0.0539553 0.0583537 0.0601709 0.0589222 0.0610003 0.0587731 0.0526973 0.0455499 0.0348427 0.0106420 0.0001491
0.0002252 0.0012385 0.0037500 0.0059931 0.0093621 0.0121508 0.0153465 0.0181092 0.0196681 0.0217900 0.0239811 0.0264407 0.0285192 0.0298356 0.0327283 0.0348241 0.0369113 0.0394748 0.0439264 0.0461608 0.0501100 0.0545702 0.0585800 0.0599830 0.0595933 0.0609097 0.0582336 0.0550985 0.0462907 0.0348587 0.0112068 0.0001299
0.0001546 0.0011964 0.0034019 0.0056889 0.0094896 0.0120126 0.0146332 0.0175387 0.0194513 0.0217057 0.0233334 0.0260598 0.0286805 0.0303570 0.0320336 0.0348496 0.0387398 0.0393502 0.0428580 0.0463494 0.0496944 0.0538776 0.0605513 0.0607385 0.0612268 0.0607711 0.0573203 0.0531859 0.0476028 0.0359076 0.0110685 0.0001709
0.0002011 0.0012377 0.0032257 0.0059873 0.0087876 0.0116575 0.0144965 0.0171575 0.0197102 0.0217756 0.0238101 0.0257285 0.0282426 0.0307179 0.0329612 0.0344001 0.0369141 0.0403797 0.0430562 0.0451835 0.0489661 0.0548297 0.0581096 0.0607784 0.0612115 0.0618149 0.0593318 0.0560055 0.0468621 0.0351195 0.0111624 0.0001779
0.0001927 0.0013340 0.0031868 0.0055510 0.0080560 0.0110946 0.0137848 0.0173200 0.0204549 0.0217593 0.0235824 0.0270434 0.0287628 0.0299709 0.0324462 0.0340100 0.0378341 0.0388198 0.0432221 0.0458012 0.0499441 0.0539757 0.0589412 0.0601122 0.0620169 0.0614092 0.0591487 0.0550948 0.0481357 0.0356775 0.0111242 0.0001927
0.0001935 0.0009676 0.0029457 0.0052894 0.0082997 0.0112740 0.0141266 0.0172730 0.0192655 0.0220392 0.0240245 0.0264542 0.0285184 0.0301740 0.0330122 0.0349116 0.0379146 0.0408388 0.0434621 0.0469023 0.0503713 0.0544852 0.0590651 0.0604412 0.0603265 0.0609644 0.0593446 0.0533958 0.0468593 0.0356569 0.0110375 0.0001648
0.0001682 0.0011351 0.0026835 0.0054511 0.0082187 0.0111894 0.0140271 0.0171730 0.0197794 0.0214750 0.0233317 0.0263586 0.0278790 0.0300510 0.0330498 0.0355932 0.0377932 0.0400283 0.0436647 0.0465163 0.0502859 0.0540834 0.0587848 0.0607116 0.0622250 0.0605925 0.0584695 0.0551904 0.0476724 0.0352428 0.0110213 0.0001541
0.0001792 0.0010889 0.0031150 0.0053686 0.0083320 0.0111851 0.0138797 0.0164296 0.0190760 0.0213984 0.0239414 0.0256299 0.0279386 0.0308606 0.0327627 0.0348922 0.0373181 0.0406536 0.0427693 0.0456362 0.0507705 0.0555946 0.0602051 0.0608253 0.0623415 0.0611561 0.0594194 0.0532997 0.0467665 0.0364084 0.0106269 0.0001309
0.0000886 0.0010910 0.0032865 0.0051547 0.0078480 0.0111344 0.0141550 0.0164460 0.0196233 0.0215189 0.0238644 0.0262645 0.0278395 0.0303760 0.0326806 0.0358307 0.0382376 0.0406649 0.0432218 0.0463924 0.0509130 0.0539813 0.0594564 0.0608338 0.0601792 0.0609838 0.0590064 0.0554268 0.0469379 0.0359193 0.0104867 0.0001568
0.0001762 0.0010841 0.0029678 0.0052784 0.0080971 0.0104551 0.0131586 0.0165804 0.0188571 0.0213167 0.0234781 0.0262020 0.0283974 0.0300913 0.0330795 0.0346650 0.0377006 0.0402550 0.0450455 0.0467463 0.0511912 0.0553041 0.0600878 0.0611990 0.0615649 0.0602504 0.0591460 0.0540235 0.0465498 0.0356407 0.0112546 0.0001558
0.0001689 0.0013514 0.0027840 0.0050882 0.0077573 0.0108048 0.0131630 0.0162579 0.0187715 0.0215420 0.0238394 0.0254747 0.0278735 0.0308872 0.0323197 0.0354078 0.0379147 0.0396108 0.0444625 0.0478478 0.0528955 0.0551321 0.0595716 0.0610176 0.0607473 0.0601122 0.0590175 0.0546186 0.0468951 0.0355429 0.0109602 0.0001622
0.0011389 0.0066710 0.0244061 0.0541816 0.0631305 0.0585747 0.0497885 0.0455581 0.0383990 0.0366092 0.0299382 0.0286365 0.0257078 0.0248942 0.0239180 0.0240807 0.0247315 0.0248942 0.0237553 0.0257078 0.0310771 0.0317279 0.0304263 0.0366092 0.0341686 0.0374227 0.0426293 0.0392125 0.0362838 0.0353075 0.0102506 0.0001627
0.0010416 0.0053568 0.0113831 0.0199390 0.0270813 0.0305781 0.0331821 0.0340005 0.0348932 0.0339260 0.0317685 0.0322149 0.0322149 0.0287181 0.0313221 0.0297597 0.0287181 0.0323637 0.0325869 0.0343724 0.0376460 0.0422588 0.0412916 0.0477643 0.0498475 0.0482851 0.0493267 0.0489547 0.0450115 0.0337773 0.0104159 0.0000000
0.0003204 0.0026093 0.0065461 0.0120394 0.0181735 0.0219272 0.0265507 0.0253147 0.0274205 0.0300298 0.0295720 0.0292973 0.0313573 0.0309453 0.0314031 0.0327306 0.0353399 0.0337835 0.0338750 0.0395972 0.0435798 0.0456855 0.0513619 0.0538796 0.0538796 0.0557565 0.0551614 0.0535592 0.0444038 0.0334173 0.0102083 0.0002747
0.0006530 0.0018610 0.0060402 0.0092726 0.0140721 0.0171412 0.0201123 0.0225284 0.0238017 0.0260219 0.0270341 0.0277197 0.0290584 0.0291890 0.0295481 0.0314745 0.0326172 0.0350333 0.0384289 0.0411062 0.0477994 0.0481586 0.0547212 0.0547538 0.0591942 0.0592268 0.0607940 0.0558966 0.0483218 0.0374820 0.0107418 0.0001959
0.0002767 0.0019617 0.0041748 0.0083245 0.0114179 0.0153916 0.0169257 0.0203461 0.0204718 0.0231628 0.0249233 0.0245460 0.0275389 0.0273628 0.0299532 0.0308586 0.0346310 0.0347065 0.0385293 0.0422514 0.0493687 0.0491424 0.0566370 0.0622454 0.0627735 0.0619436 0.0617927 0.0588502 0.0489663 0.0380514 0.0122982 0.0001760
0.0002262 0.0018304 0.0045041 0.0069310 0.0106330 0.0127514 0.0158570 0.0186130 0.0201966 0.0222327 0.0230554 0.0238781 0.0247008 0.0276418 0.0293694 0.0318169 0.0342643 0.0361359 0.0375344 0.0429641 0.0480235 0.0517667 0.0589239 0.0605076 0.0642713 0.0651146 0.0632019 0.0586566 0.0516639 0.0401876 0.0122990 0.0002468
0.0003504 0.0017518 0.0040116 0.0070772 0.0096172 0.0122274 0.0163616 0.0189542 0.0192170 0.0218446 0.0225629 0.0252606 0.0246825 0.0278182 0.0297977 0.0304984 0.0342121 0.0357362 0.0374704 0.0430936 0.0473154 0.0535517 0.0582815 0.0600858 0.0648331 0.0647280 0.0642901 0.0598056 0.0534116 0.0397477 0.0111938 0.0002102
0.0001688 0.0019489 0.0038211 0.0072125 0.0104197 0.0135809 0.0149313 0.0170490 0.0199494 0.0209929 0.0229878 0.0244456 0.0256886 0.0275148 0.0300621 0.0311824 0.0331159 0.0362311 0.0393156 0.0427837 0.0481393 0.0531727 0.0581447 0.0619811 0.0648968 0.0635157 0.0626410 0.0592803 0.0516382 0.0404051 0.0126295 0.0001535
0.0002066 0.0016252 0.0033882 0.0065147 0.0097238 0.0129881 0.0153020 0.0178362 0.0184973 0.0207837 0.0223952 0.0245851 0.0261828 0.0280697 0.0305489 0.0318160 0.0331795 0.0368707 0.0391571 0.0427519 0.0475312 0.0529853 0.0587976 0.0616486 0.0636595 0.0651608 0.0642105 0.0606157 0.0508367 0.0399008 0.0120240 0.0002066
0.0001254 0.0014923 0.0031978 0.0065962 0.0093174 0.0123146 0.0154622 0.0174561 0.0197008 0.0214690 0.0238015 0.0247921 0.0254819 0.0273504 0.0296452 0.0324166 0.0350877 0.0385990 0.0399659 0.0436277 0.0492206 0.0538856 0.0583750 0.0604567 0.0644947 0.0625635 0.0620368 0.0602435 0.0504872 0.0380723 0.0121014 0.0001630
0.0003135 0.0014515 0.0037738 0.0062586 0.0093589 0.0127843 0.0156756 0.0180328 0.0196700 0.0217485 0.0236179 0.0240708 0.0263583 0.0292844 0.0304572 0.0325821 0.0349741 0.0381672 0.0399670 0.0436247 0.0480719 0.0539009 0.0589055 0.0600899 0.0635501 0.0623425 0.0631205 0.0580578 0.0503826 0.0380047 0.0112284 0.0001742
0.0002612 0.0012949 0.0035147 0.0063983 0.0096737 0.0128511 0.0151688 0.0168119 0.0188468 0.0224050 0.0241787 0.0245705 0.0275085 0.0286945 0.0298153 0.0331124 0.0344073 0.0366380 0.0402181 0.0448645 0.0486839 0.0549734 0.0585861 0.0607297 0.0632216 0.0641574 0.0614914 0.0573347 0.0494238 0.0381723 0.0118391 0.0001523
0.0002169 0.0011051 0.0033773 0.0058354 0.0091405 0.0122390 0.0148417 0.0174547 0.0198302 0.0206255 0.0225878 0.0249633 0.0269360 0.0287745 0.0303340 0.0329987 0.0345169 0.0384004 0.0404557 0.0442565 0.0490281 0.0524777 0.0603272 0.0616389 0.0624238 0.0639731 0.0622482 0.0572391 0.0501126 0.0397430 0.0117432 0.0001549
0.0003291 0.0012066 0.0032608 0.0060628 0.0088350 0.0115872 0.0148579 0.0169520 0.0195646 0.0208610 0.0238724 0.0243611 0.0265449 0.0276916 0.0299552 0.0331761 0.0347417 0.0371249 0.0406450 0.0460297 0.0492406 0.0541368 0.0602295 0.0607381 0.0621940 0.0633308 0.0626028 0.0586640 0.0502378 0.0387005 0.0121257 0.0001396
0.0001653 0.0010208 0.0030915 0.0061149 0.0093328 0.0122493 0.0144853 0.0175768 0.0201530 0.0219904 0.0235556 0.0253638 0.0265013 0.0298844 0.0301372 0.0319551 0.0341619 0.0374187 0.0404130 0.0444475 0.0495902 0.0537317 0.0584953 0.0610423 0.0624131 0.0638519 0.0616743 0.0579703 0.0499694 0.0391297 0.0119771 0.0001361
0.0002105 0.0012821 0.0036645 0.0063339 0.0092234 0.0120267 0.0159878 0.0180258 0.0196714 0.0221495 0.0231733 0.0256226 0.0266464 0.0286843 0.0303778 0.0330186 0.0341954 0.0376302 0.0416296 0.0433805 0.0488437 0.0552829 0.0588708 0.0613967 0.0628319 0.0630041 0.0618368 0.0571390 0.0489394 0.0378886 0.0108882 0.0001435
0.0001421 0.0014497 0.0035342 0.0062156 0.0094467 0.0123460 0.0155107 0.0175858 0.0191207 0.0218780 0.0236214 0.0256301 0.0262270 0.0289748 0.0304908 0.0329543 0.0340724 0.0372371 0.0413493 0.0439359 0.0481239 0.0528615 0.0599962 0.0617112 0.0638526 0.0655202 0.0620523 0.0571916 0.0478302 0.0375782 0.0113701 0.0001895
0.0002275 0.0014406 0.0033930 0.0062742 0.0092122 0.0120650 0.0145576 0.0180359 0.0186993 0.0213151 0.0235518 0.0253241 0.0269827 0.0280726 0.0301198 0.0322712 0.0347638 0.0378346 0.0401376 0.0438813 0.0496436 0.0547047 0.0613200 0.0616044 0.0631871 0.0639738 0.0621446 0.0575954 0.0487243 0.0368110 0.0119797 0.0001516
0.0002407 0.0012519 0.0031970 0.0053252 0.0085222 0.0122200 0.0147430 0.0176993 0.0192208 0.0213297 0.0227837 0.0248348 0.0264719 0.0291586 0.0306704 0.0331164 0.0346667 0.0363230 0.0414075 0.0444023 0.0487549 0.0538586 0.0591742 0.0604742 0.0638831 0.0634208 0.0634208 0.0591260 0.0501223 0.0385475 0.0115074 0.0001252
0.0001484 0.0011771 0.0029972 0.0057570 0.0081903 0.0120184 0.0141847 0.0162520 0.0187447 0.0206440 0.0236906 0.0237005 0.0259954 0.0283496 0.0309214 0.0321084 0.0345418 0.0387556 0.0412384 0.0446016 0.0488451 0.0543449 0.0597062 0.0631386 0.0656610 0.0641674 0.0629705 0.0577477 0.0496859 0.0373609 0.0121767 0.0001780
0.0015410 0.0030331 0.0111296 0.0255858 0.0291082 0.0282765 0.0265887 0.0245829 0.0253657 0.0244117 0.0224793 0.0245585 0.0263441 0.0288146 0.0308204 0.0356392 0.0382564 0.0455457 0.0450810 0.0459126 0.0474536 0.0484076 0.0541070 0.0501932 0.0459615 0.0446896 0.0422435 0.0430507 0.0368133 0.0349053 0.0090015 0.0000978
0.0005409 0.0024395 0.0055303 0.0096036 0.0128931 0.0149794 0.0178715 0.0194611 0.0215695 0.0220883 0.0243954 0.0263161 0.0283913 0.0312614 0.0332925 0.0355444 0.0401695 0.0445960 0.0466161 0.0485920 0.0538023 0.0582950 0.0612975 0.0609994 0.0567496 0.0532724 0.0503582 0.0441766 0.0376196 0.0293296 0.0078264 0.0001214
0.0002362 0.0012956 0.0033673 0.0057562 0.0085702 0.0109523 0.0135031 0.0165331 0.0177882 0.0208519 0.0225322 0.0251910 0.0288282 0.0305828 0.0326680 0.0374727 0.0409547 0.0441196 0.0483507 0.0523254 0.0562394 0.0622115 0.0672389 0.0641212 0.0603625 0.0570896 0.0505777 0.0451116 0.0370948 0.0289970 0.0089481 0.0001282
0.0001528 0.0011745 0.0024111 0.0048605 0.0071618 0.0095920 0.0118886 0.0145766 0.0169496 0.0195517 0.0222588 0.0242737 0.0274869 0.0307384 0.0337941 0.0371124 0.0407792 0.0457590 0.0490773 0.0543341 0.0576524 0.0628279 0.0668529 0.0656449 0.0626322 0.0583351 0.0526964 0.0452291 0.0376805 0.0279644 0.0084270 0.0001241
0.0001830 0.0009701 0.0022696 0.0039572 0.0064245 0.0083683 0.0110406 0.0134237 0.0159532 0.0182850 0.0219530 0.0234136 0.0271475 0.0306179 0.0335940 0.0376793 0.0413034 0.0451580 0.0486247 0.0535593 0.0589331 0.0634504 0.0692782 0.0666242 0.0632051 0.0589185 0.0531896 0.0470872 0.0379941 0.0287399 0.0085367 0.0001171
0.0001511 0.0008027 0.0020735 0.0039337 0.0058177 0.0082792 0.0105186 0.0132467 0.0156224 0.0183002 0.0207025 0.0234691 0.0267985 0.0304212 0.0329302 0.0375660 0.0413190 0.0450039 0.0497670 0.0550337 0.0598946 0.0649273 0.0687692 0.0673118 0.0634284 0.0584254 0.0532594 0.0467723 0.0379984 0.0285492 0.0087887 0.0001185
0.0001044 0.0007133 0.0020033 0.0037257 0.0058731 0.0078267 0.0101978 0.0128349 0.0151762 0.0177487 0.0206989 0.0235895 0.0269846 0.0301635 0.0333574 0.0371303 0.0417706 0.0460158 0.0494333 0.0548491 0.0596361 0.0647935 0.0704901 0.0680593 0.0644132 0.0590023 0.0530198 0.0459761 0.0379977 0.0278943 0.0083810 0.0001392
0.0001219 0.0007660 0.0018614 0.0036415 0.0053895 0.0077944 0.0099425 0.0128031 0.0148571 0.0178739 0.0206018 0.0236592 0.0266931 0.0305829 0.0328979 0.0371042 0.0413448 0.0451768 0.0501705 0.0551258 0.0602414 0.0658492 0.0697282 0.0683247 0.0636540 0.0596916 0.0535318 0.0463108 0.0378659 0.0279726 0.0082822 0.0001391
0.0001109 0.0007089 0.0017864 0.0034130 0.0053235 0.0075837 0.0098120 0.0123788 0.0147368 0.0173468 0.0206526 0.0235522 0.0264894 0.0299738 0.0332551 0.0371758 0.0408445 0.0450998 0.0500303 0.0549476 0.0604872 0.0658351 0.0711511 0.0682966 0.0646674 0.0594587 0.0534827 0.0462920 0.0381743 0.0282758 0.0085371 0.0001203
0.0000841 0.0006896 0.0018551 0.0034109 0.0052525 0.0073162 0.0096574 0.0119700 0.0148797 0.0174564 0.0202988 0.0231092 0.0265201 0.0295458 0.0331114 0.0368839 0.0410786 0.0458333 0.0504854 0.0550450 0.0604725 0.0663036 0.0712887 0.0682495 0.0640263 0.0596853 0.0539434 0.0466490 0.0380142 0.0283012 0.0084481 0.0001345
0.0001006 0.0006219 0.0017590 0.0032955 0.0053838 0.0073593 0.0095679 0.0123498 0.0146774 0.0174348 0.0199301 0.0230655 0.0259876 0.0296520 0.0334749 0.0370783 0.0409317 0.0452119 0.0503914 0.0554307 0.0603161 0.0662120 0.0715409 0.0682454 0.0646755 0.0595844 0.0537342 0.0467606 0.0386681 0.0281246 0.0082891 0.0001448
0.0001159 0.0006575 0.0017059 0.0032847 0.0051511 0.0073567 0.0095302 0.0122454 0.0146171 0.0173379 0.0198660 0.0230906 0.0264340 0.0296935 0.0331779 0.0370740 0.0412689 0.0452571 0.0505534 0.0547916 0.0602023 0.0665219 0.0711299 0.0690402 0.0648034 0.0599231 0.0534487 0.0469602 0.0379618 0.0281538 0.0085140 0.0001312
0.0000594 0.0006105 0.0017204 0.0031737 0.0050825 0.0071359 0.0095545 0.0121668 0.0144628 0.0170905 0.0199234 0.0226660 0.0262992 0.0297748 0.0335241 0.0374489 0.0412614 0.0455592 0.0507837 0.0550866 0.0603240 0.0659395 0.0708581 0.0687905 0.0651574 0.0600246 0.0537934 0.0468021 0.0381884 0.0281267 0.0085001 0.0001110
0.0001011 0.0006556 0.0017671 0.0032552 0.0050476 0.0071900 0.0093794 0.0118286 0.0143367 0.0173176 0.0199990 0.0227345 0.0262327 0.0298716 0.0335983 0.0372059 0.0415799 0.0455809 0.0496805 0.0553175 0.0607681 0.0664436 0.0715019 0.0687171 0.0644695 0.0604745 0.0535684 0.0469318 0.0381178 0.0279336 0.0082594 0.0001347
0.0000948 0.0006092 0.0018084 0.0031102 0.0049818 0.0070350 0.0094796 0.0118983 0.0143384 0.0171294 0.0200794 0.0231976 0.0262818 0.0298512 0.0329829 0.0375292 0.0412542 0.0454565 0.0501269 0.0552757 0.0601537 0.0661947 0.0707140 0.0692000 0.0649391 0.0601954 0.0541938 0.0468678 0.0383877 0.0280079 0.0084835 0.0001421
0.0000904 0.0006287 0.0016436 0.0031978 0.0051190 0.0070338 0.0093019 0.0117422 0.0144581 0.0171729 0.0197260 0.0229919 0.0262513 0.0294938 0.0334192 0.0368734 0.0412169 0.0459263 0.0503634 0.0551388 0.0608950 0.0661778 0.0715160 0.0690086 0.0648119 0.0601535 0.0540260 0.0468997 0.0379818 0.0282236 0.0083912 0.0001255
0.0000989 0.0006788 0.0017188 0.0031613 0.0050334 0.0069973 0.0092800 0.0119127 0.0144415 0.0170328 0.0197846 0.0229801 0.0260930 0.0295851 0.0332073 0.0369122 0.0417933 0.0453237 0.0501877 0.0549558 0.0603815 0.0659092 0.0710939 0.0693065 0.0649832 0.0605450 0.0542285 0.0468539 0.0385271 0.0283575 0.0085144 0.0001210
0.0000865 0.0007247 0.0017347 0.0032119 0.0049890 0.0070985 0.0094339 0.0119424 0.0140462 0.0169688 0.0197117 0.0230438 0.0259741 0.0293446 0.0331735 0.0369428 0.0408900 0.0453580 0.0501336 0.0552120 0.0606075 0.0665354 0.0717627 0.0688218 0.0650255 0.0601961 0.0540885 0.0471793 0.0387996 0.0282758 0.0085632 0.0001240
0.0000947 0.0006354 0.0016680 0.0031732 0.0050416 0.0070019 0.0093798 0.0116776 0.0143836 0.0170465 0.0194271 0.0226140 0.0263003 0.0294882 0.0329023 0.0372183 0.0412384 0.0456437 0.0503101 0.0550363 0.0605450 0.0659525 0.0715219 0.0699220 0.0652592 0.0603592 0.0539154 0.0470588 0.0382840 0.0283314 0.0084373 0.0001324
0.0000952 0.0006641 0.0016520 0.0031628 0.0050997 0.0069783 0.0091709 0.0118213 0.0143553 0.0169571 0.0199162 0.0229318 0.0258106 0.0292936 0.0331778 0.0370277 0.0413601 0.0453573 0.0502029 0.0552250 0.0603626 0.0662648 0.0717085 0.0694356 0.0649842 0.0603767 0.0539337 0.0469422 0.0385183 0.0284036 0.0086770 0.0001332
0.0015748 0.0011640 0.0057515 0.0169805 0.0181102 0.0179391 0.0172886 0.0167408 0.0163985 0.0176309 0.0191030 0.0220472 0.0248545 0.0288942 0.0317699 0.0373160 0.0428278 0.0490243 0.0491613 0.0511126 0.0530983 0.0580623 0.0638480 0.0554262 0.0514208 0.0509757 0.0471414 0.0511811 0.0388908 0.0348511 0.0091407 0.0002739
0.0007139 0.0019244 0.0038333 0.0068286 0.0094203 0.0118569 0.0141538 0.0155661 0.0172887 0.0182820 0.0202685 0.0232482 0.0251571 0.0290525 0.0328859 0.0356328 0.0393885 0.0438581 0.0476759 0.0543028 0.0577171 0.0609141 0.0662839 0.0640490 0.0606503 0.0572515 0.0536665 0.0456895 0.0414681 0.0319392 0.0089237 0.0001086
0.0001916 0.0014563 0.0029605 0.0055570 0.0079235 0.0097822 0.0116122 0.0141895 0.0158183 0.0176195 0.0196890 0.0228124 0.0255526 0.0280916 0.0327671 0.0368199 0.0399816 0.0448679 0.0494093 0.0539986 0.0586071 0.0628802 0.0682744 0.0648923 0.0638479 0.0583868 0.0539124 0.0490932 0.0397421 0.0300269 0.0091786 0.0000575
0.0001643 0.0008627 0.0027249 0.0050733 0.0071958 0.0093867 0.0112079 0.0133577 0.0151857 0.0176916 0.0204234 0.0220187 0.0255583 0.0287557 0.0323502 0.0363007 0.0405182 0.0442838 0.0486040 0.0534103 0.0599899 0.0646045 0.0686645 0.0675006 0.0626806 0.0594216 0.0549987 0.0469266 0.0396623 0.0307549 0.0095510 0.0001712
0.0002021 0.0011169 0.0027337 0.0045101 0.0066322 0.0087862 0.0108816 0.0128176 0.0148280 0.0170298 0.0203167 0.0227951 0.0252044 0.0292092 0.0322354 0.0362988 0.0401334 0.0454093 0.0496960 0.0547912 0.0592055 0.0639071 0.0687735 0.0671141 0.0641517 0.0590938 0.0545571 0.0483239 0.0403036 0.0295443 0.0092329 0.0001649
0.0001829 0.0009929 0.0024779 0.0040891 0.0064059 0.0082653 0.0105080 0.0126418 0.0152199 0.0172710 0.0192437 0.0226360 0.0254884 0.0287414 0.0333618 0.0372811 0.0407518 0.0450674 0.0503236 0.0550572 0.0598126 0.0649730 0.0705862 0.0673550 0.0635794 0.0587456 0.0535243 0.0467744 0.0394105 0.0302220 0.0088750 0.0001350
0.0001515 0.0009942 0.0024946 0.0041503 0.0064454 0.0087885 0.0106696 0.0128353 0.0150934 0.0174439 0.0194728 0.0224590 0.0256115 0.0282761 0.0330768 0.0351612 0.0411927 0.0455869 0.0508053 0.0555617 0.0602627 0.0655032 0.0696868 0.0680681 0.0630308 0.0587918 0.0529747 0.0480002 0.0387831 0.0294144 0.0090509 0.0001626
0.0001384 0.0009300 0.0024713 0.0039933 0.0061042 0.0081926 0.0107604 0.0128133 0.0150433 0.0170962 0.0198282 0.0222898 0.0256524 0.0292081 0.0325643 0.0363452 0.0410368 0.0455642 0.0510377 0.0544518 0.0599607 0.0653763 0.0690253 0.0674518 0.0636194 0.0590791 0.0548058 0.0476623 0.0390643 0.0295041 0.0088136 0.0001158
0.0001428 0.0009368 0.0021365 0.0040987 0.0060753 0.0082232 0.0101912 0.0127390 0.0146698 0.0170434 0.0198853 0.0223103 0.0255293 0.0293396 0.0330670 0.0371115 0.0412845 0.0453233 0.0501818 0.0551717 0.0603787 0.0656856 0.0700415 0.0677650 0.0640404 0.0585192 0.0538093 0.0468942 0.0386510 0.0298080 0.0088087 0.0001371
0.0001338 0.0009395 0.0021827 0.0039149 0.0057758 0.0079920 0.0101618 0.0123342 0.0146636 0.0167999 0.0197857 0.0221691 0.0255203 0.0291933 0.0329589 0.0360836 0.0414451 0.0457590 0.0503431 0.0553108 0.0606027 0.0654442 0.0711429 0.0690760 0.0640466 0.0593003 0.0536789 0.0471412 0.0383950 0.0288407 0.0087204 0.0001441
0.0001245 0.0008272 0.0020773 0.0038844 0.0057033 0.0079286 0.0099825 0.0122031 0.0148985 0.0169241 0.0197793 0.0226908 0.0254990 0.0291155 0.0329060 0.0368891 0.0411988 0.0455344 0.0501379 0.0558976 0.0601416 0.0662208 0.0709371 0.0684039 0.0641693 0.0599089 0.0533338 0.0465496 0.0386844 0.0288077 0.0085232 0.0001175
0.0001410 0.0007766 0.0020261 0.0036920 0.0055489 0.0077376 0.0097962 0.0123646 0.0148636 0.0171326 0.0196272 0.0220914 0.0257835 0.0289267 0.0326448 0.0370765 0.0414995 0.0454085 0.0505192 0.0557492 0.0607146 0.0664370 0.0710401 0.0680097 0.0643155 0.0594499 0.0530312 0.0470571 0.0388835 0.0290850 0.0084361 0.0001345
0.0001332 0.0008858 0.0020360 0.0037330 0.0056661 0.0078434 0.0101195 0.0119820 0.0141935 0.0171839 0.0195186 0.0221297 0.0258001 0.0291760 0.0326063 0.0369608 0.0416805 0.0456517 0.0505651 0.0554422 0.0602649 0.0661751 0.0717262 0.0688245 0.0650371 0.0584912 0.0532387 0.0471348 0.0386417 0.0287240 0.0083054 0.0001291
0.0001569 0.0008014 0.0020527 0.0036045 0.0054190 0.0076872 0.0098174 0.0120440 0.0143556 0.0170566 0.0196480 0.0223925 0.0254753 0.0289154 0.0329282 0.0369201 0.0415207 0.0458435 0.0509072 0.0557157 0.0605412 0.0664063 0.0713245 0.0689939 0.0639945 0.0593353 0.0540524 0.0473197 0.0380656 0.0279628 0.0086323 0.0001096
0.0001445 0.0007580 0.0019689 0.0036097 0.0053772 0.0075459 0.0099910 0.0120741 0.0142785 0.0168199 0.0194238 0.0224825 0.0259977 0.0295414 0.0329639 0.0373780 0.0411322 0.0460154 0.0507059 0.0559404 0.0609127 0.0660883 0.0713853 0.0687939 0.0639232 0.0587297 0.0536718 0.0467537 0.0384053 0.0286515 0.0084251 0.0001106
0.0001454 0.0008387 0.0019512 0.0034189 0.0052873 0.0071928 0.0097071 0.0117074 0.0142690 0.0169287 0.0198538 0.0224831 0.0259916 0.0291569 0.0329342 0.0372492 0.0413140 0.0459503 0.0506424 0.0559702 0.0608364 0.0667239 0.0712520 0.0697201 0.0647439 0.0593823 0.0534796 0.0461160 0.0380422 0.0280815 0.0084914 0.0001387
0.0001368 0.0007338 0.0019889 0.0034677 0.0053408 0.0073490 0.0095166 0.0118853 0.0140576 0.0166001 0.0196382 0.0227905 0.0252638 0.0290148 0.0328381 0.0368691 0.0410272 0.0459979 0.0504585 0.0558524 0.0614973 0.0669700 0.0715561 0.0690443 0.0651356 0.0598012 0.0533228 0.0464887 0.0381274 0.0285916 0.0085012 0.0001368
0.0001001 0.0007795 0.0018979 0.0035986 0.0054009 0.0073759 0.0096280 0.0119311 0.0142819 0.0169330 0.0193331 0.0226082 0.0258386 0.0291568 0.0331220 0.0375063 0.0413174 0.0456647 0.0506928 0.0559474 0.0608185 0.0666631 0.0712614 0.0687242 0.0643354 0.0592564 0.0538662 0.0466259 0.0378652 0.0287902 0.0085682 0.0001109
0.0001495 0.0007238 0.0019759 0.0035804 0.0053461 0.0074612 0.0095615 0.0120495 0.0140225 0.0166423 0.0192280 0.0224339 0.0256798 0.0292986 0.0328923 0.0370662 0.0413925 0.0453503 0.0504108 0.0560840 0.0616714 0.0664196 0.0718975 0.0692333 0.0645147 0.0592485 0.0533089 0.0470436 0.0379025 0.0285645 0.0087296 0.0001169
0.0001127 0.0007520 0.0019122 0.0033806 0.0054426 0.0072692 0.0095466 0.0117799 0.0144398 0.0164676 0.0193402 0.0224981 0.0257089 0.0292764 0.0326969 0.0367995 0.0412746 0.0457597 0.0506757 0.0560983 0.0612626 0.0666153 0.0717768 0.0683619 0.0649771 0.0597543 0.0531687 0.0469969 0.0382822 0.0289125 0.0085378 0.0001227
