25.942
38.047
38.662
30.514
40.290
44.909
28.270
41.845
50.964
51.096
41.789
28.787
30.623
44.058
37.092
40.477
38.187
27.972
41.969
28.767
51.736
46.891
46.310
32.305
31.475
30.170
17.495
43.603
16.159
57.669
48.828
37.871
39.057
57.190
21.468
42.277
20.001
32.982
34.166
40.575
22.698
23.949
30.688
16.306
32.701
47.665
22.951
50.869
39.386
39.928
45.678
54.693
28.852
50.972
34.064
30.973
57.120
21.977
33.687
28.550
3.192
41.037
36.834
37.211
34.516
23.910
32.532
32.455
26.100
40.852
23.777
47.310
50.653
33.340
42.347
43.880
43.687
47.041
48.662
44.559
38.182
33.550
24.333
43.197
17.778
19.543
17.524
45.000
13.875
51.370
44.669
28.614
3.846
46.382
44.534
51.304
35.432
43.533
39.505
29.730
30.391
27.134
42.853
15.706
34.380
44.424
46.035
51.461
39.949
50.882
33.311
50.849
48.276
39.709
48.952
42.048
32.781
48.084
29.268
42.782
25.522
46.566
18.991
32.682
17.758
6.786
6.163
28.875
43.828
44.082
57.549
35.171
49.099
32.851
50.395
59.677
30.319
29.766
23.662
32.757
13.491
26.428
57.103
9.352
21.626
46.993
21.496
43.366
25.932
30.347
29.092
18.778
37.096
22.626
30.942
19.278
35.390
35.184
45.523
36.445
42.347
26.281
46.876
41.570
26.020
43.372
27.829
28.008
30.482
29.574
54.195
30.634
54.008
9.238
20.430
22.997
11.765
26.528
31.805
38.023
33.432
46.675
57.810
20.626
46.594
25.729
28.558
46.116
38.116
43.527
11.722
45.971
30.637
30.483
27.380
32.253
26.498
38.736
31.806
37.949
15.540
47.919
47.491
40.217
43.852
39.070
27.027
38.266
35.675
27.355
12.084
22.355
15.466
24.907
26.758
20.969
33.787
31.937
33.838
27.006
26.588
56.123
13.952
30.194
44.920
43.005
29.867
39.751
30.024
39.463
48.641
38.874
20.996
28.185
57.108
46.873
47.718
51.744
41.706
42.392
46.930
54.978
34.773
56.260
42.203
45.696
52.912
49.691
49.101
60.589
56.300
43.330
48.027
45.693
57.674
48.653
9.534
46.851
38.150
20.601
43.980
35.276
25.476
12.472
19.470
30.798
47.482
35.880
52.816
25.104
27.202
41.571
24.575
52.889
56.321
36.911
45.672
38.773
46.878
54.748
54.267
27.602
56.817
41.138
22.258
19.746
11.668
55.586
57.617
30.801
14.226
46.395
8.940
35.554
43.279
19.992
24.297
27.554
53.892
15.719
56.336
33.161
30.127
19.285
27.707
21.037
51.710
19.803
37.963
28.145
39.131
23.233
44.918
39.334
6.331
24.343
12.203
54.077
26.516
34.754
22.149
23.880
44.484
47.269
49.534
45.774
24.611
43.162
31.547
40.191
52.907
56.191
33.756
24.596
59.467
55.471
39.789
37.270
27.992
50.665
55.237
45.891
40.020
45.892
50.376
41.237
42.605
51.379
44.740
34.648
49.347
47.773
39.501
9.992
34.851
29.988
28.753
54.641
26.739
45.867
23.095
43.152
42.566
45.505
52.930
30.125
38.759
41.797
31.140
6.221
20.877
11.010
30.994
40.633
42.527
51.593
25.498
41.539
22.278
57.371
38.272
45.681
31.367
60.062
47.857
38.413
45.266
53.768
33.244
10.026
25.284
19.982
49.797
24.872
22.964
57.712
50.646
31.895
49.621
38.341
36.627
46.363
58.411
46.660
60.867
36.241
38.136
41.049
48.652
32.827
41.593
54.071
37.875
45.707
17.218
51.595
37.565
51.027
35.896
40.428
40.111
45.471
40.595
44.842
23.697
45.505
42.461
45.099
33.491
40.553
39.350
57.306
22.178
9.044
53.836
47.215
51.813
50.331
56.518
54.455
50.057
49.123
20.606
24.418
43.853
53.995
45.489
24.512
19.608
23.243
29.187
31.738
11.354
31.922
9.186
33.732
7.309
38.034
50.042
13.852
48.493
28.311
49.005
45.313
18.530
49.149
32.262
43.460
17.415
52.810
57.868
48.254
43.293
22.333
39.764
19.462
56.563
24.536
16.875
39.884
10.168
57.395
42.710
38.447
34.335
46.573
50.952
29.349
47.972
50.063
28.505
13.257
28.217
24.206
44.602
45.486
27.275
41.354
39.269
39.345
32.099
39.344
47.675
57.964
42.898
40.228
54.621
24.943
33.769
43.062
39.482
39.630
39.454
42.445
41.456
41.251
48.169
25.513
27.957
40.826
35.362
57.467
36.846
25.183
21.743
41.643
44.292
20.683
42.821
26.338
25.110
18.597
28.956
32.653
7.862
48.487
31.112
31.752
43.773
40.417
32.282
31.028
42.542
40.467
44.749
41.224
26.267
23.324
17.761
6.975
49.831
19.051
33.802
19.273
53.617
21.754
23.509
12.201
32.356
48.440
49.933
25.476
5.846
45.668
46.999
59.000
52.523
44.493
45.379
26.155
25.366
42.212
53.402
39.945
28.182
24.998
29.936
36.398
31.903
10.920
25.235
16.861
43.096
48.687
41.813
34.981
46.792
40.340
45.543
38.814
36.272
38.193
25.495
52.721
31.987
49.332
40.613
47.620
39.440
49.959
32.927
35.513
43.134
46.427
43.425
40.156
45.799
42.919
38.035
43.405
52.030
48.607
37.879
31.437
59.551
45.065
54.433
37.798
37.916
53.087
51.023
52.391
53.129
48.522
50.516
16.566
41.379
36.221
35.753
38.674
42.985
42.224
56.401
38.176
53.101
30.127
42.666
52.607
48.528
39.237
45.468
39.791
36.977
37.940
32.822
39.144
47.269
34.091
47.487
19.930
22.832
30.925
34.379
21.733
19.197
43.214
23.346
31.418
43.072
49.560
34.630
41.777
38.449
48.994
39.365
49.572
15.206
39.163
31.187
19.361
18.021
37.766
50.714
41.650
49.824
47.466
44.067
42.649
43.538
57.550
40.643
17.921
40.924
39.603
26.511
28.393
47.288
46.467
21.599
42.780
21.700
51.575
28.092
24.765
48.254
48.248
29.353
47.986
39.581
20.227
41.257
49.705
43.228
50.859
33.400
37.564
51.525
49.068
44.114
49.652
36.505
55.752
32.123
45.776
34.054
40.239
43.459
54.218
44.536
45.610
52.663
48.498
43.176
25.178
45.342
37.593
54.452
42.339
34.793
43.803
40.381
43.710
22.081
23.367
30.513
51.481
42.046
30.621
48.449
51.851
51.398
43.010
56.896
39.882
55.846
44.947
31.993
44.388
22.446
23.986
46.017
39.686
33.696
40.143
45.155
41.976
43.836
29.707
44.204
61.372
34.967
34.946
20.022
41.573
45.241
20.278
23.938
52.820
24.423
46.256
39.653
23.626
36.031
60.966
54.301
32.634
36.843
45.545
41.039
25.528
46.711
26.152
23.594
25.204
34.448
45.732
31.980
59.864
17.747
22.840
29.511
20.682
30.449
58.677
18.090
34.753
22.359
18.383
33.587
31.707
37.976
35.736
19.054
18.822
40.805
34.061
31.142
40.366
41.184
60.505
41.517
35.247
44.338
34.756
33.022
44.380
42.272
28.964
12.200
40.574
17.749
36.524
53.809
57.071
6.258
45.401
44.480
37.056
16.247
30.275
46.579
22.550
53.536
44.637
44.998
44.574
47.175
36.583
16.169
50.976
52.406
49.468
52.888
42.234
2.025
51.624
47.090
46.208
42.994
45.460
56.143
34.341
39.466
36.455
29.200
35.017
36.620
38.150
32.990
43.530
19.196
32.889
56.098
23.386
49.481
33.382
25.782
31.966
59.686
51.816
29.048
27.180
37.445
51.735
38.690
47.580
12.759
27.920
47.965
55.784
53.157
32.868
6.491
38.075
49.261
13.271
27.863
44.589
18.143
52.957
42.536
41.714
47.214
43.682
37.083
21.164
50.663
44.304
51.094
44.842
39.274
9.208
46.658
41.770
29.876
37.934
33.216
10.379
41.970
34.290
47.062
34.852
32.927
56.119
56.925
34.247
37.146
23.704
42.125
42.040
20.135
11.688
32.899
29.739
46.454
42.286
51.392
45.898
40.771
55.348
56.687
53.810
38.417
55.221
30.206
53.230
60.033
29.225
56.362
16.239
53.393
27.485
29.760
35.551
33.412
55.385
46.103
7.659
19.181
28.802
21.260
14.538
57.687
41.597
35.289
57.461
46.067
52.283
52.649
52.451
37.252
48.776
46.424
25.447
55.282
50.165
34.326
51.325
51.351
16.822
10.454
24.239
47.331
13.740
21.555
34.633
13.576
30.774
59.103
17.478
18.119
24.852
20.695
23.803
36.363
51.890
38.470
39.159
25.875
13.845
37.578
56.272
41.527
49.819
42.986
40.042
51.417
26.347
43.081
34.666
44.161
43.926
36.620
42.792
30.797
25.693
30.263
16.581
22.309
25.599
8.086
39.823
7.294
48.497
15.496
51.393
15.585
49.383
28.227
41.349
7.255
17.600
42.023
23.098
14.724
28.665
50.152
15.175
29.410
57.469
49.795
48.381
32.092
34.737
27.294
48.058
33.753
51.713
35.900
14.896
49.647
48.339
32.582
45.872
25.682
36.327
30.047
50.688
24.782
22.400
25.351
38.085
24.771
57.048
27.887
44.103
20.119
45.089
40.778
54.479
15.963
25.890
12.519
28.743
23.523
39.163
22.049
49.151
60.472
43.398
26.774
10.028
38.146
42.886
45.473
48.327
35.764
35.050
41.727
29.572
22.177
36.119
41.931
6.429
36.237
20.250
27.803
7.742
14.814
55.758
51.749
10.716
46.748
49.744
7.059
29.138
54.786
35.041
44.797
27.110
49.778
33.665
34.112
44.343
28.468
42.204
26.665
24.274
47.667
36.605
37.378
42.293
47.499
52.982
38.913
42.794
42.407
26.747
15.322
44.460
31.236
36.528
27.785
25.149
51.324
52.491
37.817
34.306
27.676
35.818
47.051
41.907
59.091
27.866
41.148
9.792
39.822
9.348
23.467
17.732
53.455
36.798
35.267
41.668
8.204
43.850
32.649
44.781
35.061
35.365
55.167
57.488
36.390
32.682
35.518
23.561
41.609
40.767
43.963
50.749
27.224
28.860
18.784
52.877
38.025
60.558
12.169
11.936
23.298
20.677
44.555
30.731
26.906
42.447
43.684
33.348
57.009
39.483
38.916
27.865
32.116
32.605
31.554
40.463
38.133
37.989
57.685
56.626
48.340
48.851
48.170
41.337
18.540
57.605
34.648
40.130
30.391
30.086
42.658
28.658
33.095
43.559
45.007
41.916
44.171
42.499
21.765
42.740
22.695
44.546
39.144
37.419
30.402
44.009
42.524
26.046
23.202
42.574
42.957
23.991
39.500
41.010
41.466
27.881
53.886
37.584
4.661
36.983
21.219
54.388
55.656
14.915
42.666
36.380
37.606
18.765
41.446
47.833
31.269
38.941
12.702
34.645
51.204
31.827
30.493
43.598
45.967
52.019
6.030
47.874
27.759
15.775
36.469
41.301
50.752
22.216
46.659
48.956
44.430
35.220
35.604
39.583
54.198
10.892
48.579
47.567
41.124
36.706
46.072
51.194
54.230
37.846
51.765
55.812
54.891
30.131
48.642
37.465
30.240
19.218
54.267
21.628
44.885
50.631
26.246
45.923
9.794
12.958
15.513
48.024
19.121
7.913
37.760
48.156
20.605
44.391
59.398
31.637
35.452
54.606
22.276
54.060
38.026
43.880
19.790
43.324
53.447
38.085
54.953
43.563
35.188
34.115
52.356
22.010
7.718
51.781
54.938
35.361
47.817
39.016
48.779
23.788
19.517
58.840
31.438
56.401
40.852
18.622
38.688
34.034
40.676
54.768
15.782
31.814
21.119
50.765
54.115
37.082
59.832
26.717
42.798
56.669
34.836
50.652
41.912
29.640
25.262
48.904
38.942
43.238
16.969
36.614
36.439
56.196
33.191
43.082
31.121
40.906
30.834
35.429
33.189
31.128
44.621
56.347
51.304
45.727
47.062
50.219
49.719
57.430
35.801
42.910
44.287
45.843
38.623
35.904
44.371
43.316
23.931
27.299
52.700
37.315
54.070
38.589
22.183
59.342
45.968
46.016
46.140
55.441
43.632
35.703
28.571
40.544
7.629
42.657
24.839
44.289
35.792
44.277
52.819
58.035
30.456
29.190
23.144
38.244
43.749
51.610
16.606
58.853
55.003
22.717
42.641
30.706
36.725
32.738
54.713
33.184
18.785
33.781
36.538
21.435
28.636
44.552
53.567
32.425
10.445
27.038
35.355
53.984
25.833
37.352
34.505
50.679
32.248
30.751
45.469
34.450
44.555
34.296
26.771
22.445
51.324
39.264
43.488
49.792
26.739
40.026
53.012
51.514
37.004
37.258
42.458
17.490
51.046
39.792
39.561
43.273
46.783
59.951
48.410
44.463
44.206
41.685
54.054
49.788
45.240
38.279
23.564
11.512
48.998
32.139
36.007
51.147
31.590
47.217
34.820
51.670
42.389
29.905
40.936
43.170
40.808
55.436
34.218
17.732
44.259
51.853
44.504
18.331
15.652
50.783
44.829
45.219
41.540
32.162
45.983
29.749
22.380
54.930
37.021
43.308
37.343
52.559
20.393
36.021
54.352
21.144
27.311
50.621
48.082
18.960
40.645
60.450
53.208
52.170
34.518
8.463
30.014
58.384
51.842
44.141
24.058
51.376
59.437
48.708
51.733
36.621
53.911
28.278
48.812
52.081
30.884
31.141
45.473
32.234
28.338
43.542
57.756
54.371
31.498
34.718
58.127
42.621
39.396
53.021
22.461
28.822
42.683
44.147
28.162
41.534
29.599
58.831
28.020
10.099
26.165
38.179
41.587
50.566
27.606
40.709
55.440
24.915
13.798
51.409
54.603
32.093
34.128
36.850
36.525
43.339
21.452
41.127
29.831
12.616
30.477
46.538
4.124
45.967
53.512
25.454
46.587
47.342
42.194
35.333
43.221
37.689
45.728
19.518
45.124
39.095
29.285
35.733
55.834
55.210
50.596
13.588
35.966
30.302
42.939
56.238
46.741
7.473
6.358
57.646
17.987
47.708
47.127
32.825
47.649
32.298
23.509
25.872
50.421
39.749
25.762
53.916
32.116
15.755
54.485
19.834
44.504
50.331
47.112
25.487
22.334
40.365
44.223
43.697
53.427
43.988
46.796
33.543
43.190
46.722
28.131
45.632
48.507
15.264
30.221
28.649
27.254
13.750
14.528
31.291
21.510
34.626
41.711
39.207
57.445
36.501
45.361
40.842
22.761
55.712
39.033
30.958
28.448
28.462
31.323
33.902
41.703
41.406
53.918
33.828
27.875
43.591
36.387
39.623
20.132
42.519
41.316
43.569
19.166
31.729
33.286
53.044
34.843
16.889
42.579
49.156
34.489
47.426
42.784
17.677
53.967
40.491
24.734
43.142
40.449
59.791
32.717
38.284
50.598
46.939
40.141
41.012
44.928
27.844
49.950
52.544
30.693
43.763
35.129
24.885
32.349
39.434
41.114
23.671
36.533
47.308
32.958
40.299
51.213
47.943
45.828
39.780
19.221
43.761
53.431
12.042
41.844
43.662
37.330
38.927
47.761
35.986
41.017
45.953
55.831
58.356
16.147
39.901
41.569
39.443
18.583
47.926
48.087
46.009
41.257
30.318
17.148
42.037
44.340
22.620
51.268
50.821
33.385
40.345
43.966
39.689
50.028
39.851
38.633
56.564
13.242
36.085
30.265
22.884
15.862
45.824
16.305
28.549
34.623
47.945
31.599
37.114
57.798
16.193
54.244
37.067
43.444
38.540
53.680
39.473
33.063
54.996
45.519
40.467
4.380
45.178
33.781
31.484
27.057
40.723
37.883
48.874
42.664
52.965
42.265
41.244
42.103
36.082
36.176
59.299
28.239
10.376
59.143
56.650
13.404
51.836
25.449
10.389
45.203
48.028
37.994
40.288
46.296
20.654
49.961
48.583
28.245
47.966
35.232
50.116
47.259
35.158
31.174
42.541
30.068
42.074
36.456
49.046
21.918
30.749
45.582
39.256
8.750
56.039
41.839
34.729
33.065
51.816
24.671
39.986
58.672
47.487
44.489
47.775
53.483
48.703
18.493
23.505
47.501
38.135
40.223
45.748
46.021
25.680
50.020
44.244
26.943
28.936
51.393
36.153
36.636
35.085
58.181
31.886
40.455
30.350
29.123
20.004
21.246
48.103
36.169
42.753
46.164
18.945
50.339
55.229
47.383
43.843
30.612
37.462
48.939
42.874
49.419
28.833
57.894
42.412
30.557
53.768
25.515
21.463
53.058
17.517
58.078
49.345
33.206
31.443
