49.554
40.091
26.655
22.781
27.096
37.494
53.659
45.173
33.112
39.188
31.893
30.900
33.911
8.897
21.169
22.010
46.076
44.715
38.582
37.998
17.058
29.140
50.233
33.591
47.720
44.433
50.806
6.345
46.792
37.527
11.524
26.593
19.251
41.678
24.056
34.770
43.993
45.773
50.239
40.611
55.146
40.036
60.052
59.442
52.254
38.856
49.163
31.236
23.230
27.047
36.570
33.987
28.523
35.960
49.374
56.638
22.920
46.271
22.306
38.853
33.913
20.824
48.621
17.084
50.521
8.042
33.322
34.541
51.704
46.507
25.734
37.356
43.821
36.791
41.894
42.833
18.537
21.736
18.614
29.421
13.532
40.080
12.998
15.965
45.663
52.896
36.444
24.515
30.594
40.970
61.642
46.273
3.960
32.837
28.413
55.183
41.895
47.931
43.068
29.507
36.717
37.186
44.038
52.612
28.871
36.342
29.292
31.090
32.618
36.475
50.349
58.549
33.210
34.236
49.288
34.114
39.662
32.581
15.778
49.347
49.953
23.833
43.553
12.769
34.238
51.091
15.199
49.366
52.995
29.435
12.828
17.881
19.810
43.888
19.527
48.473
12.085
37.278
47.953
43.567
39.191
45.110
44.863
24.959
45.964
36.044
10.199
31.660
38.166
37.807
22.308
21.548
14.868
38.267
18.554
29.674
42.951
39.830
25.657
26.860
26.668
48.526
42.570
49.360
18.955
21.052
49.692
34.708
11.951
9.476
27.178
18.697
23.203
31.998
34.896
44.689
42.955
60.061
18.044
46.517
41.672
34.751
38.748
46.490
45.920
26.632
40.076
55.459
60.006
46.041
41.970
46.388
24.897
26.132
37.665
46.246
22.295
25.051
41.808
28.681
35.506
35.767
7.644
35.835
29.173
35.686
46.698
38.215
60.361
33.619
31.941
49.214
46.077
37.597
32.950
26.293
46.072
41.034
49.866
28.935
34.263
35.180
19.997
19.533
46.187
34.257
24.397
41.152
12.660
17.163
44.681
24.603
30.925
16.915
36.134
28.308
33.576
26.945
23.150
21.068
49.379
49.943
41.021
33.692
21.363
13.072
50.605
48.049
35.499
52.931
50.830
38.695
16.007
49.823
42.432
42.314
21.657
34.778
54.119
24.433
19.402
38.048
52.306
24.458
43.971
49.729
8.000
55.331
56.474
43.513
35.273
8.527
11.387
48.646
55.718
58.193
9.258
58.531
52.021
35.875
22.141
57.959
12.840
17.859
46.061
18.037
13.594
47.596
25.708
52.626
21.715
57.735
15.301
41.865
50.692
36.220
57.661
14.218
16.504
19.704
46.173
23.260
29.057
26.448
49.551
29.916
47.268
57.159
44.230
19.603
44.399
30.580
34.702
51.168
38.542
32.285
42.970
39.348
41.013
45.432
27.179
25.542
48.748
25.789
17.828
34.578
44.980
30.016
36.702
45.787
21.243
6.944
33.529
35.539
28.351
29.595
28.774
36.276
56.937
48.143
45.167
45.113
29.119
39.916
48.420
53.198
47.346
54.941
51.911
31.936
44.977
18.282
43.030
22.316
34.662
42.630
37.915
52.160
37.978
39.609
32.471
24.983
36.577
41.916
36.560
52.555
55.712
26.200
42.007
28.223
45.154
44.148
39.686
19.856
28.094
40.996
18.442
41.090
37.730
32.127
36.165
41.726
16.486
10.629
33.438
41.532
49.616
47.122
42.502
32.702
46.047
29.708
30.848
41.976
42.124
48.997
28.265
26.714
38.409
23.375
32.043
28.383
53.773
44.992
27.460
43.035
46.281
41.828
26.285
12.135
18.287
42.494
38.363
19.282
31.953
48.840
12.135
21.889
29.850
41.968
40.598
13.511
48.478
29.159
52.089
26.661
16.938
10.590
47.153
33.984
36.742
14.984
40.550
31.440
56.758
34.595
33.057
44.897
52.237
43.531
9.003
55.722
35.687
20.843
42.302
44.393
20.325
40.523
38.003
56.003
34.864
52.157
48.465
50.947
38.699
12.615
6.818
27.713
22.358
46.160
28.272
44.851
31.255
25.268
14.813
45.441
46.514
49.015
38.374
37.694
22.039
33.678
29.315
10.919
54.674
42.598
21.383
15.672
24.418
19.146
16.361
26.779
41.422
55.491
33.181
32.558
28.056
56.903
52.718
31.391
49.059
28.617
27.308
35.336
46.321
25.981
7.628
26.401
49.680
40.036
13.819
19.775
9.768
46.466
16.242
25.137
56.023
59.754
56.576
27.801
50.810
35.267
54.423
49.792
38.976
31.790
14.088
48.787
37.353
52.157
38.157
55.170
54.080
22.280
41.133
31.541
57.231
22.690
44.108
10.319
14.391
22.812
22.482
54.048
52.404
30.760
33.505
49.010
47.295
47.307
21.017
46.809
14.660
40.039
30.995
53.024
43.747
52.405
45.362
9.489
48.177
43.357
47.462
48.832
41.038
29.493
17.053
37.190
43.219
15.074
50.039
9.543
50.460
23.327
56.280
30.529
36.396
27.452
28.500
38.534
54.087
44.108
52.086
33.413
43.257
28.836
50.148
53.754
45.052
49.315
48.610
49.219
53.192
44.407
41.505
15.793
60.392
61.132
14.083
55.205
27.518
44.228
48.848
32.297
2.189
22.798
29.092
45.793
37.928
46.579
24.786
51.600
16.610
42.507
13.413
18.070
47.022
46.287
46.461
57.677
41.879
20.082
38.000
56.598
57.226
6.650
11.848
21.164
18.912
36.721
35.145
34.093
24.953
37.967
39.967
26.602
28.757
58.081
31.662
46.067
35.637
31.491
11.228
49.900
21.737
56.587
52.419
15.528
16.493
19.660
37.493
14.844
15.095
45.987
46.225
53.514
39.060
49.914
15.272
51.847
23.198
50.078
48.982
8.979
49.258
14.556
49.187
41.898
35.059
48.426
51.952
20.100
14.652
42.887
19.042
50.448
36.498
30.825
41.352
26.121
48.513
37.756
58.729
48.260
4.438
44.240
