44.537
48.340
54.839
41.062
29.812
48.670
41.196
29.108
31.878
22.458
43.334
39.347
27.184
39.862
30.467
12.784
36.377
27.663
28.751
28.403
37.309
18.614
29.654
32.717
56.699
32.862
57.728
27.399
20.151
35.251
41.635
46.321
28.899
44.247
39.176
16.581
25.797
15.896
14.669
24.135
12.859
43.357
10.738
45.651
15.181
52.351
12.383
50.159
19.226
40.484
46.052
52.399
38.531
43.878
44.619
35.646
32.647
53.427
46.575
28.393
39.389
34.339
22.666
51.079
44.488
33.705
32.260
40.575
42.280
19.966
27.516
46.811
37.776
35.100
31.241
47.486
36.765
35.496
43.793
25.363
17.324
28.042
21.925
23.747
20.364
35.773
9.896
37.293
24.203
58.882
25.118
56.664
24.144
28.746
28.682
47.216
51.392
46.315
59.901
53.242
45.477
40.903
43.919
48.419
58.943
48.203
39.914
56.278
47.649
55.635
46.210
40.568
30.200
57.430
45.798
36.615
19.929
24.447
51.217
51.253
43.332
10.840
24.338
36.581
15.909
54.101
41.816
53.725
40.090
27.155
40.852
39.940
36.677
42.139
37.196
24.983
33.320
41.646
32.954
34.371
40.184
46.749
13.912
28.773
49.681
45.522
53.496
46.320
30.035
27.316
46.221
28.661
36.238
38.616
41.535
45.357
32.331
55.152
9.615
39.521
45.550
55.006
26.443
36.223
55.604
50.359
46.360
46.417
36.790
43.401
49.586
28.440
26.103
47.504
49.752
35.817
36.300
12.550
45.886
42.808
39.866
21.175
45.363
32.946
51.070
40.286
39.206
50.816
54.208
27.972
25.258
50.688
42.369
39.138
56.159
13.432
50.048
43.620
27.107
55.132
36.639
22.636
23.410
43.003
24.336
46.193
52.550
47.226
29.503
37.429
55.127
32.877
50.946
40.005
49.068
57.548
23.177
30.329
59.987
40.639
45.997
39.762
43.111
41.705
39.092
48.880
59.189
44.192
52.405
37.490
38.739
23.139
39.078
43.280
26.527
35.783
50.524
37.113
40.992
29.331
44.277
50.788
48.817
38.136
41.540
44.622
32.044
49.794
56.592
39.031
39.734
45.964
50.723
26.186
33.149
43.597
42.491
43.162
43.613
32.726
35.349
57.087
47.977
41.219
44.405
48.366
33.457
54.110
39.407
28.706
53.320
39.336
45.462
45.639
12.616
50.624
46.906
56.394
28.189
53.461
42.461
54.673
47.033
12.294
54.550
42.576
17.757
47.938
52.288
12.431
43.385
39.761
26.227
47.753
47.871
15.613
14.194
21.852
27.817
50.013
49.027
37.206
42.553
47.921
33.650
53.476
37.132
48.898
50.000
15.687
57.174
18.642
59.435
43.770
11.825
