39.392
37.588
25.254
42.511
31.012
27.692
25.492
8.898
23.166
49.465
58.337
46.219
32.093
14.196
34.326
42.838
23.522
38.486
42.738
49.188
22.904
43.959
29.438
30.408
40.717
22.097
23.730
20.461
53.732
12.409
45.755
40.173
38.668
13.547
32.617
29.868
29.997
46.504
52.162
46.359
51.245
18.200
38.435
37.122
17.363
42.602
30.679
27.775
48.695
39.588
55.848
34.658
25.359
40.018
50.238
43.781
12.636
39.606
41.722
40.132
25.184
40.090
52.145
41.721
12.291
40.055
41.439
43.825
27.496
15.562
38.018
35.861
11.969
14.371
41.302
46.980
56.884
49.728
12.738
47.713
35.387
46.579
57.752
12.710
49.232
22.962
33.024
34.358
43.712
24.801
53.290
24.849
48.968
15.554
38.506
44.366
41.991
21.903
51.181
18.010
42.978
52.656
51.260
48.345
49.793
49.879
52.987
28.093
40.325
52.116
17.300
57.393
39.376
54.834
52.560
34.296
12.538
60.395
49.045
37.874
48.664
44.609
3.504
31.002
40.837
49.447
23.111
26.068
20.901
32.057
54.183
39.281
43.795
59.471
36.634
43.459
47.465
45.577
21.770
53.282
38.358
36.297
34.972
45.634
19.265
51.529
32.123
24.048
44.063
42.462
1.543
41.730
16.340
15.528
24.395
22.011
47.628
51.408
51.539
39.015
51.944
43.665
21.581
55.593
29.939
35.523
44.175
46.936
46.969
19.376
15.391
37.864
13.968
45.178
33.099
44.878
23.030
16.705
33.223
18.466
43.733
26.084
39.137
47.414
49.445
32.158
24.784
28.905
54.440
56.719
19.691
36.093
35.871
31.204
53.197
53.811
44.106
50.861
39.907
8.637
48.927
29.720
58.246
37.673
37.362
47.874
11.496
40.215
30.369
33.462
15.402
24.073
32.916
55.912
26.407
37.910
36.115
55.410
21.992
44.307
31.196
36.695
47.283
22.981
46.474
56.679
42.050
44.517
37.034
36.130
41.024
45.357
31.946
42.247
46.343
51.461
31.017
47.395
42.538
27.482
33.104
44.459
32.919
43.779
37.168
47.139
7.938
30.341
40.918
51.075
49.335
27.146
29.829
39.679
34.334
42.037
31.132
38.157
51.815
44.705
8.385
37.360
33.423
12.439
43.852
49.740
36.610
31.764
43.033
46.592
38.070
47.807
25.304
44.359
59.499
29.255
24.017
42.446
26.746
58.973
48.947
44.985
52.912
46.742
46.982
43.875
3.747
43.837
35.389
43.133
26.360
26.760
56.524
49.875
48.429
56.655
41.371
26.030
39.035
33.864
54.469
30.857
23.241
41.453
11.344
41.757
34.783
25.199
57.659
41.884
35.852
31.233
26.763
54.667
53.013
46.403
47.450
20.227
40.838
12.383
30.217
39.403
43.977
50.864
25.846
41.473
22.145
23.259
35.048
22.817
41.393
34.233
11.166
41.834
31.194
26.335
40.914
18.244
41.075
20.439
18.928
30.048
45.658
46.016
26.684
38.030
48.464
49.385
24.918
55.702
38.459
40.565
52.412
16.720
34.463
21.271
20.594
19.754
45.750
40.428
51.491
51.970
29.847
55.044
38.109
28.887
36.653
28.588
39.855
29.685
34.819
34.054
49.554
51.154
31.356
48.808
32.983
34.121
45.588
42.354
45.089
29.872
39.290
35.345
40.067
10.106
20.545
23.275
44.718
3.769
30.796
16.819
26.657
17.424
30.096
14.397
49.513
42.204
44.814
58.922
38.281
36.999
37.936
41.168
50.429
29.067
40.679
44.643
21.438
50.160
36.280
52.220
55.572
55.551
35.585
54.877
22.201
54.554
44.875
42.383
14.752
20.903
39.472
35.386
38.609
27.282
25.107
23.899
42.303
42.051
20.790
36.363
38.927
36.560
30.670
33.176
43.984
52.700
41.876
35.131
43.155
29.788
36.688
40.280
52.849
42.424
47.521
48.048
34.779
17.794
50.820
48.600
44.779
12.465
24.768
42.278
49.956
41.347
38.562
31.864
40.187
46.884
53.617
31.768
38.393
55.011
51.853
44.074
44.626
52.885
11.279
25.405
49.002
38.764
48.313
36.841
56.909
53.897
32.282
13.427
25.340
23.314
17.662
36.678
17.062
52.652
31.268
34.007
44.055
21.057
29.361
47.839
44.467
28.080
28.151
51.385
56.405
25.790
8.790
32.632
35.104
32.931
34.137
51.529
36.597
42.863
36.464
26.908
16.232
12.969
44.079
58.774
53.547
46.411
28.201
14.607
27.453
26.777
46.929
43.772
52.334
23.532
30.011
28.308
33.257
39.833
32.369
40.823
30.778
45.162
47.843
51.822
48.639
48.285
20.649
46.413
55.750
45.717
45.218
47.153
43.769
28.609
33.986
26.269
38.503
49.311
34.241
21.127
41.839
51.056
26.314
39.805
19.450
14.457
52.977
44.826
57.178
60.623
32.134
53.549
47.504
41.690
32.146
33.101
47.254
42.798
46.541
21.329
47.317
39.149
54.700
50.606
22.720
22.815
48.773
28.727
31.828
48.270
56.052
53.433
14.495
52.984
55.392
19.228
41.158
38.556
31.902
27.962
55.152
29.517
41.738
36.968
34.305
21.594
16.788
5.428
23.996
44.942
45.936
10.654
38.254
42.297
29.889
57.707
34.765
53.742
43.938
43.991
36.954
2.833
42.133
48.109
19.753
26.909
36.419
30.901
31.857
48.586
32.942
25.258
40.096
32.732
18.186
36.677
22.633
32.232
17.506
60.579
36.264
54.770
40.551
43.394
46.608
48.049
44.607
22.997
29.719
45.107
57.935
53.743
31.931
35.198
26.918
28.355
28.678
36.486
56.655
27.377
14.549
51.633
37.384
46.546
38.840
24.804
47.832
44.312
41.675
36.197
48.366
56.260
10.904
48.945
41.123
14.833
50.010
54.536
20.595
37.745
9.739
14.852
22.879
13.377
24.359
42.940
36.378
61.150
49.049
45.211
11.239
24.821
27.165
21.415
19.865
35.936
41.184
17.033
56.404
10.793
45.378
47.770
47.660
57.528
10.713
39.430
29.538
45.484
47.361
43.888
24.788
58.010
21.161
61.486
58.994
26.504
35.098
42.161
30.390
32.552
17.009
40.965
44.684
25.125
56.521
30.678
15.636
37.138
19.650
21.652
32.493
44.399
56.493
49.247
37.206
21.067
33.395
41.145
49.948
33.569
10.795
39.138
48.917
50.381
42.963
44.294
41.100
45.173
43.142
16.056
38.406
25.309
36.456
26.167
13.967
21.906
42.442
46.041
49.043
56.311
56.823
48.674
50.054
51.253
46.606
37.292
25.798
25.212
20.121
43.217
55.364
36.475
52.605
47.439
12.272
29.921
27.427
48.858
25.883
22.406
55.456
17.766
40.728
43.187
43.908
37.652
46.663
52.305
32.467
36.558
28.252
19.844
47.932
47.134
37.084
37.505
46.626
46.924
36.565
49.028
50.026
35.538
59.205
22.729
16.046
20.080
10.105
48.997
50.913
44.509
21.753
9.619
43.230
34.087
61.255
56.092
46.172
28.415
39.472
30.651
58.585
36.598
47.437
37.644
15.773
30.986
19.302
35.712
14.501
50.837
45.039
16.143
31.835
23.609
26.315
53.504
25.489
36.962
26.307
43.721
44.799
10.905
42.911
46.205
48.999
21.947
41.462
18.593
30.162
33.815
23.399
14.745
37.360
38.996
26.960
43.132
29.329
27.255
23.912
43.476
45.262
43.107
29.609
44.256
32.002
14.678
30.200
48.705
45.537
49.187
25.109
16.529
23.770
28.271
12.176
46.916
36.711
24.668
20.880
45.815
30.358
39.110
39.382
20.366
55.979
38.535
55.159
47.876
36.492
25.280
3.906
32.501
45.089
41.374
57.831
26.130
24.737
46.105
45.212
51.170
20.688
41.243
47.070
35.686
49.214
58.701
50.440
53.873
38.253
21.901
36.288
37.829
20.240
46.095
38.643
56.886
29.521
18.654
20.299
51.544
45.466
60.839
41.813
32.810
42.608
26.184
39.549
4.490
49.392
24.293
24.039
21.936
43.898
20.251
38.988
26.620
28.831
36.693
29.624
46.259
34.464
51.771
39.136
28.636
56.354
25.393
40.508
33.011
42.127
30.659
51.311
19.888
9.094
35.581
41.029
48.146
41.908
46.270
25.101
37.929
24.484
39.128
33.939
34.584
25.543
43.287
29.651
34.008
32.314
20.808
18.720
39.465
57.569
54.409
28.050
29.667
51.782
44.769
20.524
47.457
53.676
26.177
34.790
42.351
59.266
25.215
49.474
36.736
55.633
33.981
44.597
49.326
17.937
10.545
34.487
48.991
38.012
46.835
47.985
26.506
46.416
48.918
44.984
41.832
49.980
6.904
27.419
10.455
35.010
47.634
16.649
54.110
35.354
53.346
48.053
30.975
23.795
20.498
10.678
53.015
25.841
17.514
59.374
29.687
37.236
36.764
12.333
36.177
44.409
53.278
34.600
57.309
32.822
55.125
28.841
37.131
44.303
45.183
49.467
40.555
32.869
17.483
39.642
17.247
32.804
20.885
26.423
30.437
22.108
22.777
48.618
15.238
19.762
43.087
21.257
6.851
26.900
30.100
33.776
48.294
5.727
48.562
44.612
45.924
11.228
45.404
44.147
10.364
23.165
30.496
28.303
44.412
41.558
53.050
34.380
59.379
42.890
53.725
23.224
23.604
28.477
21.928
50.949
28.552
40.535
7.336
36.439
37.182
19.989
35.762
22.650
48.133
55.098
19.861
59.760
29.115
50.790
22.234
32.632
31.636
41.672
40.066
21.712
35.149
27.129
25.845
38.227
46.536
19.607
25.342
31.240
28.322
47.605
18.556
41.620
57.414
25.714
53.048
54.294
46.045
50.260
55.430
46.702
40.852
25.583
35.648
52.145
31.929
14.975
15.397
32.481
35.792
54.210
14.824
19.916
43.998
36.764
37.735
41.394
28.918
41.017
34.589
27.864
46.219
45.939
16.602
11.654
38.179
20.219
36.212
44.896
30.599
15.826
29.751
37.316
36.046
49.325
35.568
52.868
61.415
46.700
22.408
45.274
45.461
29.631
27.274
44.909
19.066
19.330
12.623
40.718
12.814
15.457
35.326
46.072
53.562
43.168
34.876
16.795
51.545
28.288
50.436
15.297
40.963
38.808
48.335
21.183
60.251
52.141
51.126
46.035
31.381
39.469
7.989
51.879
46.934
35.732
46.481
44.987
43.084
51.034
36.609
39.969
37.875
36.125
40.335
44.313
38.705
45.867
42.680
42.424
33.225
47.795
37.057
35.891
26.112
51.412
11.565
45.622
28.734
26.182
19.478
32.561
54.963
20.691
58.337
28.120
29.548
10.737
29.015
13.795
16.881
47.869
6.721
45.765
35.332
30.024
46.297
51.006
56.059
38.490
29.969
36.963
29.057
50.446
44.220
38.678
44.536
26.282
23.000
52.889
45.011
32.107
49.634
48.878
40.767
37.097
49.440
46.488
48.814
45.203
40.287
41.212
36.012
41.417
36.516
30.120
21.846
24.401
55.668
56.664
30.604
49.984
47.821
50.508
38.408
43.875
35.804
37.602
37.658
53.425
32.304
27.857
49.057
50.577
27.088
46.057
40.367
24.656
42.405
24.412
46.183
10.352
48.829
47.462
38.329
55.913
41.131
41.450
53.640
46.255
31.340
56.201
27.538
46.307
36.875
35.639
21.618
54.266
47.150
39.250
52.694
37.603
33.462
38.653
13.781
42.319
20.318
46.677
38.112
15.609
7.906
8.233
44.689
15.151
12.070
34.174
42.280
43.535
34.319
23.231
30.319
45.603
55.115
38.839
36.518
40.572
50.617
52.678
45.981
5.706
44.159
29.702
55.350
44.092
34.662
25.090
25.475
48.039
18.106
37.028
44.784
35.229
39.112
3.549
52.280
41.146
23.517
45.784
53.167
42.268
52.780
29.098
56.560
46.849
58.678
24.036
42.589
17.927
32.543
32.414
49.283
10.964
10.798
31.700
46.162
13.503
40.056
38.426
20.022
47.773
38.345
50.193
57.387
47.416
51.282
15.818
50.961
20.359
37.015
35.571
30.275
54.571
48.623
35.378
2.400
52.585
38.029
16.332
51.726
25.857
59.437
35.408
45.301
37.285
