29.821
43.916
34.822
38.958
41.072
42.955
44.971
35.411
45.886
39.096
38.110
35.365
41.359
27.278
54.117
39.082
15.981
34.464
32.285
35.200
47.042
44.335
13.944
38.967
32.070
39.765
20.370
16.270
40.138
29.678
36.112
46.428
44.557
24.540
15.158
28.835
46.963
47.414
20.709
31.988
54.926
36.675
7.331
49.158
48.391
26.485
44.187
33.042
41.897
27.748
41.702
37.984
7.131
25.732
8.574
30.260
42.324
34.377
8.586
33.582
26.157
39.098
51.475
9.614
48.347
37.348
55.382
26.046
50.480
40.189
34.302
55.336
38.905
41.056
43.359
43.638
39.912
40.103
34.413
46.171
45.252
42.946
54.033
31.071
7.890
44.473
6.675
47.211
47.598
53.345
43.647
23.801
40.810
20.911
49.365
30.580
21.410
37.849
28.083
33.930
37.519
35.170
35.308
47.875
49.123
41.721
27.729
37.701
28.364
28.492
37.725
53.457
47.921
45.371
33.237
40.928
38.183
37.862
26.475
52.682
34.297
52.013
48.742
34.522
40.373
53.861
41.991
33.058
41.855
46.152
42.721
43.492
42.825
40.895
39.706
38.490
41.116
22.248
38.981
31.996
45.347
28.666
10.688
33.428
21.994
30.578
45.700
42.804
16.015
22.301
29.443
43.046
53.324
14.631
38.357
44.872
13.375
29.593
35.285
27.246
34.503
43.358
49.367
39.961
38.411
50.670
43.277
50.868
49.986
42.042
42.651
46.652
56.394
47.403
45.520
56.359
43.306
48.713
49.099
54.022
29.943
39.892
42.008
43.708
45.594
29.720
34.623
57.216
47.226
12.669
34.512
49.052
44.685
26.830
41.281
42.415
19.915
46.792
39.071
36.251
37.350
36.180
27.524
27.975
42.602
54.425
43.777
55.455
38.881
13.703
28.289
36.364
34.112
49.186
18.403
41.699
44.189
54.022
50.334
41.814
18.884
9.965
19.564
38.861
10.893
46.671
39.137
27.825
55.973
9.731
46.307
47.254
28.143
8.882
16.872
21.169
50.777
18.358
8.470
39.256
40.801
43.656
39.143
49.013
36.619
22.348
37.111
43.705
18.113
34.933
39.298
9.387
51.111
21.776
42.119
24.674
38.109
18.552
38.470
41.006
49.746
51.954
12.089
44.402
40.451
49.653
40.290
34.757
31.913
58.016
59.972
52.694
25.404
49.399
38.958
44.118
42.286
58.106
29.740
46.027
45.678
29.052
38.586
54.332
6.931
36.702
39.100
39.905
25.167
39.537
26.399
51.429
60.732
21.250
28.011
55.491
47.707
30.714
37.679
33.915
33.339
39.082
46.389
48.829
27.779
36.445
51.040
28.264
43.908
31.545
42.783
42.686
41.220
51.134
37.298
55.123
15.367
34.651
56.448
59.335
49.277
29.487
52.195
52.889
53.362
43.630
37.611
7.168
21.095
15.427
16.184
53.135
46.230
39.647
29.368
33.290
16.132
36.331
38.864
30.172
57.138
23.365
34.508
39.271
45.399
44.998
51.578
49.425
50.300
32.853
34.180
41.866
46.913
35.267
38.325
31.945
35.875
56.691
50.364
54.631
17.791
53.287
42.483
34.798
48.283
37.863
25.095
34.909
14.286
25.476
22.055
17.087
31.986
47.889
45.255
23.599
55.127
42.615
32.901
39.837
42.266
36.345
43.757
23.942
42.254
24.401
42.013
29.586
45.914
18.751
55.678
39.693
47.620
22.847
27.862
37.474
44.075
58.424
54.290
25.722
52.803
46.616
45.352
59.033
45.084
44.342
35.721
39.988
41.591
49.307
43.780
53.610
46.390
42.116
48.666
38.513
39.034
24.921
24.712
46.778
39.707
48.716
31.774
45.849
19.283
43.648
40.973
33.116
48.460
40.971
47.563
52.705
41.649
51.185
48.810
53.054
33.187
55.640
45.752
30.586
23.245
44.246
46.131
56.692
25.834
34.484
41.387
31.224
29.838
46.469
34.174
33.311
20.721
49.926
48.586
27.491
49.549
42.824
45.732
39.840
42.300
45.813
44.088
33.175
54.827
60.170
22.647
23.814
54.889
54.800
29.633
11.542
37.277
34.666
44.501
54.489
54.214
43.102
33.013
51.737
50.039
20.833
42.998
47.585
47.092
9.794
38.725
43.574
58.060
35.825
27.966
24.982
45.359
28.673
58.368
50.782
32.971
34.289
50.327
47.862
50.657
36.347
56.047
42.236
51.386
51.881
41.225
38.581
39.247
38.685
38.437
53.782
45.960
39.283
30.298
56.021
22.644
30.058
39.028
39.214
45.346
51.113
10.799
7.930
51.312
38.262
47.717
30.460
55.523
37.389
46.390
60.372
50.819
51.197
46.357
52.545
49.942
39.636
25.561
41.057
28.459
31.484
53.862
40.464
32.940
43.602
47.563
55.571
27.068
46.718
41.983
43.111
47.631
46.424
17.258
25.110
42.479
59.075
43.576
41.825
49.830
12.537
50.299
39.459
49.506
35.449
18.661
41.388
39.109
42.375
6.578
47.111
27.508
37.585
53.459
43.551
16.643
14.261
18.170
33.908
49.655
51.131
24.833
43.350
35.902
28.432
34.874
15.205
17.274
22.058
33.844
20.203
22.380
6.028
53.171
22.009
31.787
41.842
46.633
53.911
27.831
20.576
30.156
49.344
55.415
27.071
55.764
25.419
58.881
40.365
24.324
16.343
57.341
29.387
21.490
47.569
38.761
42.091
36.408
40.856
55.415
35.240
59.126
36.966
23.825
45.738
45.503
20.057
44.378
41.622
38.729
39.884
56.102
36.165
51.315
42.892
52.863
22.798
31.539
31.151
48.231
56.173
54.207
12.597
11.306
50.660
39.458
40.394
32.182
30.899
55.381
57.330
31.862
29.287
41.373
42.372
40.894
32.508
47.240
26.019
45.903
49.204
58.808
59.275
38.962
42.385
12.806
11.165
43.367
41.115
56.516
58.488
