46.491
43.671
26.626
8.132
45.797
42.742
42.341
15.496
33.917
10.603
20.963
38.495
32.167
30.317
37.042
32.778
47.910
56.252
27.203
43.081
37.281
39.816
48.456
50.081
38.001
44.284
49.716
55.621
48.633
32.249
21.753
40.363
51.450
40.579
26.167
44.360
35.988
28.268
23.585
24.782
17.017
13.749
40.632
36.257
34.022
40.015
37.548
46.589
23.972
32.707
28.853
35.260
19.849
58.838
32.406
32.351
34.928
28.882
23.368
39.084
56.714
10.946
48.991
16.168
38.447
43.870
6.832
13.629
40.869
25.485
56.985
52.322
53.575
50.570
20.813
15.839
38.012
45.337
13.363
28.549
31.664
33.705
11.789
29.272
43.017
26.956
44.536
36.799
56.447
23.096
26.170
34.101
22.636
45.584
43.272
53.985
37.662
36.115
12.592
36.846
22.583
28.405
33.077
14.313
47.706
15.666
51.822
40.531
50.472
51.377
33.158
39.784
50.071
48.385
53.639
59.089
43.880
46.099
23.003
55.122
48.070
31.366
40.632
18.941
19.920
36.724
43.428
42.089
36.531
14.775
31.237
17.598
25.665
19.458
52.652
52.491
60.498
32.072
47.264
14.884
51.873
18.100
53.528
16.308
38.318
23.941
29.789
54.341
20.964
54.632
4.295
25.242
37.799
32.855
38.866
56.621
28.468
34.457
22.617
46.659
20.527
46.864
17.141
27.262
24.850
18.580
19.043
25.159
48.672
28.734
47.434
46.351
44.941
15.692
37.664
14.422
28.834
37.618
25.244
45.910
19.471
44.473
37.108
35.073
42.085
37.166
28.583
35.620
44.704
49.454
34.274
42.474
25.645
31.454
42.636
31.685
32.708
16.421
35.413
45.794
44.642
23.884
33.712
37.276
20.754
19.827
38.652
24.902
17.319
36.868
49.162
43.107
24.111
13.633
22.254
32.930
54.881
40.009
45.948
38.469
40.189
27.964
33.266
31.692
40.574
51.090
32.624
22.799
48.153
17.017
16.295
46.852
42.409
21.031
21.002
21.295
29.534
41.044
32.000
31.653
17.927
31.695
42.010
41.872
43.398
59.572
46.957
49.651
46.425
49.756
56.421
43.230
44.446
56.147
57.484
28.186
41.764
49.616
42.762
43.759
52.517
46.101
52.617
40.488
48.089
39.958
35.178
45.295
49.404
38.650
51.823
43.946
41.454
54.863
56.622
54.626
49.139
32.982
12.569
48.654
47.423
45.616
15.021
44.485
21.095
54.436
14.565
52.983
34.612
59.888
39.758
50.137
5.977
56.813
45.963
50.216
54.895
36.716
42.885
55.459
52.602
16.193
59.155
23.647
42.678
19.912
16.277
50.469
17.606
49.200
39.188
41.978
26.162
27.422
43.550
21.499
50.077
29.359
42.985
44.193
52.313
21.653
12.650
33.041
24.916
29.472
31.141
31.439
35.359
36.458
29.811
36.367
44.923
16.091
48.226
32.921
39.910
15.913
40.783
20.348
20.332
22.334
16.422
42.051
20.559
34.651
36.296
30.569
27.700
18.008
33.436
54.440
26.930
53.026
46.852
46.267
19.003
57.686
30.416
53.732
55.089
36.293
45.284
32.386
34.472
42.469
47.639
33.641
47.608
46.941
55.515
45.097
57.349
48.588
43.418
59.739
54.747
32.752
52.494
47.863
16.791
48.758
39.999
46.335
55.282
41.793
43.887
49.382
37.045
50.080
49.600
61.502
14.613
36.541
58.053
48.772
52.701
51.435
45.495
46.807
35.804
49.134
19.407
21.875
26.030
26.001
49.786
46.324
26.958
35.226
39.435
38.776
22.319
40.511
30.697
23.118
36.479
15.996
48.298
37.909
38.540
36.900
30.601
23.061
37.232
55.149
46.555
46.420
25.085
48.912
26.261
54.227
40.145
24.647
39.265
4.184
15.433
19.797
41.821
23.928
28.596
49.587
34.310
54.291
35.736
19.062
45.805
45.088
26.813
25.978
32.647
40.216
49.030
42.822
40.586
39.860
26.724
58.077
28.428
41.437
43.832
37.073
51.765
38.863
56.481
34.181
46.027
42.024
45.524
35.953
48.515
46.931
44.853
19.861
39.987
28.398
32.717
45.204
45.336
54.615
38.462
59.682
43.211
59.281
44.197
51.931
35.561
48.604
48.246
57.628
28.832
57.735
36.924
37.013
33.952
43.383
17.709
36.334
19.453
36.170
19.107
46.375
19.763
31.686
24.619
56.239
29.874
13.192
23.599
14.085
56.012
16.824
27.425
47.932
52.037
13.155
41.818
28.872
40.258
26.549
32.733
13.093
34.193
11.615
11.495
55.396
45.309
33.107
37.563
38.083
18.408
34.018
47.448
53.240
49.451
60.927
31.214
49.735
35.443
16.991
34.017
36.040
14.971
19.218
25.891
55.567
53.530
36.253
45.098
43.540
46.738
40.254
25.427
22.898
56.958
38.491
39.250
34.053
52.072
44.063
45.388
36.435
38.225
41.107
30.921
45.763
43.089
48.221
41.482
58.458
45.764
15.568
34.131
28.628
24.891
4.805
42.094
27.930
20.152
25.808
43.180
39.709
39.713
46.937
27.745
53.110
35.544
26.126
30.182
40.802
48.707
57.169
52.785
35.537
17.830
49.233
37.866
16.040
46.871
44.188
27.888
11.643
29.267
19.829
32.648
35.639
37.751
31.007
39.580
4.158
27.636
58.208
35.762
52.232
44.586
45.134
6.432
44.822
30.872
16.651
26.122
14.964
47.572
52.966
45.256
57.048
33.807
60.437
37.402
44.128
40.234
41.430
25.659
37.158
26.311
40.759
26.500
49.365
26.515
34.757
31.016
54.882
31.168
12.511
29.612
14.297
53.689
29.796
43.166
22.300
36.297
35.114
38.203
32.798
28.764
38.562
27.576
9.289
36.521
25.318
42.793
26.387
39.478
24.706
34.861
41.912
40.868
32.434
37.870
45.236
52.333
14.699
51.171
41.582
51.135
32.942
42.211
43.821
38.560
50.982
51.827
34.261
35.581
48.420
37.679
50.220
41.080
48.790
55.475
41.795
42.362
52.664
53.241
53.407
34.452
40.552
40.472
17.916
38.307
10.498
32.335
41.682
31.439
55.333
35.430
22.755
32.983
25.425
43.783
18.661
40.928
33.635
34.337
36.548
32.826
36.282
39.334
25.254
39.338
30.464
28.745
19.828
27.759
13.118
32.676
24.141
34.942
33.680
39.415
39.975
30.989
33.651
39.414
22.634
60.666
35.851
35.501
32.673
40.833
42.405
29.511
25.643
25.398
24.178
24.720
37.165
31.419
45.074
45.671
53.434
35.817
45.024
23.407
43.686
29.317
44.368
28.783
38.919
35.194
36.103
43.091
29.954
48.169
14.532
43.861
38.543
39.926
33.450
28.423
59.670
42.028
45.412
40.922
43.626
43.672
52.562
31.681
42.035
50.598
46.563
46.726
41.317
41.681
37.211
47.476
45.423
54.104
34.211
59.860
54.471
38.397
57.071
35.559
42.027
38.759
40.693
55.722
46.927
35.692
40.132
42.665
45.028
41.037
55.121
42.896
53.448
45.180
36.167
46.452
42.314
40.219
48.687
45.340
39.399
44.670
34.411
34.461
36.512
37.710
30.586
47.008
49.957
25.479
43.820
32.271
33.606
31.937
33.656
44.486
46.414
24.711
49.270
30.722
51.993
32.567
41.323
43.134
29.175
26.965
30.653
47.448
33.444
46.494
39.514
44.703
26.852
28.808
44.347
29.675
35.122
14.555
41.554
13.979
13.422
7.367
15.277
60.986
4.856
30.220
17.910
45.219
39.683
47.710
33.548
61.341
49.746
37.482
45.159
55.576
34.743
10.501
26.034
22.955
52.593
25.900
25.048
56.143
50.906
29.708
47.509
39.817
37.546
55.768
49.100
40.668
32.128
42.188
43.788
35.378
48.134
14.824
14.732
14.900
26.546
34.807
22.766
42.523
38.983
31.269
47.937
35.696
42.214
24.601
32.999
39.552
43.003
33.277
56.408
56.066
19.071
44.164
56.497
48.788
22.745
31.298
33.751
21.671
21.759
31.451
41.440
9.145
33.344
57.589
46.954
52.202
54.249
38.449
42.778
9.001
36.269
54.993
35.427
35.759
28.960
59.286
19.085
18.218
48.291
45.421
42.751
39.740
25.102
50.190
45.597
44.047
35.117
42.854
41.469
53.189
42.279
38.387
48.549
52.669
30.146
41.239
42.092
45.750
29.011
21.821
44.356
44.938
45.621
50.502
43.054
46.241
32.963
48.014
40.536
47.413
38.338
35.354
39.938
36.072
46.278
47.528
26.680
49.523
33.957
31.286
40.756
55.816
43.299
11.970
25.728
40.141
51.267
16.463
28.517
48.090
52.498
11.699
42.535
39.342
32.407
11.686
33.245
54.990
47.528
48.999
49.972
32.469
42.725
16.197
36.812
58.639
42.194
38.569
20.698
56.079
24.008
16.453
33.329
27.501
37.342
49.378
17.951
16.165
46.799
17.178
41.742
50.617
19.053
17.743
18.611
31.912
27.226
30.644
55.075
51.514
48.545
35.810
31.193
22.119
48.063
34.343
22.020
32.723
31.901
55.858
35.872
28.272
41.337
39.613
33.375
34.415
30.111
9.230
47.347
22.561
37.951
47.816
43.629
33.582
45.977
55.236
60.986
22.824
31.155
30.134
57.979
49.422
40.878
56.403
31.120
37.762
23.614
17.160
57.542
43.093
23.249
33.996
34.734
40.520
22.765
37.341
5.584
3.512
45.968
47.301
47.477
31.043
57.975
41.813
39.728
34.666
42.103
53.086
26.376
47.583
56.857
50.062
45.409
54.606
31.957
34.445
41.144
22.251
47.606
10.738
29.189
55.241
48.471
55.228
57.007
57.254
12.001
48.153
21.355
27.565
27.179
27.785
39.242
25.989
38.133
41.589
36.412
29.191
6.184
34.191
37.792
40.649
32.358
9.584
38.267
33.909
50.287
37.906
41.287
15.343
29.753
14.964
29.820
50.147
29.655
9.787
33.342
35.102
36.211
60.385
11.614
51.421
51.403
26.737
38.505
32.353
35.647
13.925
31.862
28.728
47.110
45.502
49.924
48.723
41.855
44.937
24.873
37.176
10.727
37.551
53.929
19.964
49.476
39.874
48.183
29.142
27.562
30.572
51.272
30.999
54.930
13.405
14.215
22.565
25.193
32.633
19.246
39.511
33.350
38.124
45.183
51.182
40.954
36.321
42.511
40.555
44.996
40.800
25.840
34.035
20.677
13.986
35.657
5.130
29.892
28.417
5.633
28.393
59.040
26.423
26.856
33.419
18.151
35.157
43.859
53.268
32.512
29.637
16.314
18.004
33.966
54.645
12.269
37.644
40.946
59.266
14.627
56.244
32.935
22.806
7.105
16.750
42.528
22.470
45.108
42.531
47.353
44.870
55.806
40.959
14.021
46.617
50.792
49.197
50.795
37.552
16.726
40.705
55.414
16.629
46.129
42.519
43.004
36.670
30.673
48.145
18.098
25.329
8.050
31.226
45.514
23.854
52.890
10.174
35.022
53.010
14.721
35.934
24.332
12.425
36.816
26.598
45.095
51.055
51.337
37.300
37.537
52.851
41.800
36.341
40.895
28.691
48.005
41.114
36.053
44.534
35.671
31.156
52.752
47.790
15.806
51.980
54.366
18.161
39.286
49.576
24.868
45.877
23.231
39.665
30.461
33.988
34.892
54.011
29.697
58.914
54.267
20.979
38.075
54.868
44.476
56.858
22.554
54.884
33.367
35.151
36.318
28.151
28.249
34.013
44.821
10.840
19.677
26.753
26.950
43.868
43.298
44.128
31.699
37.460
19.333
45.051
19.312
15.672
26.672
22.087
41.899
17.733
33.422
50.290
40.531
31.544
35.125
46.987
16.589
36.362
45.401
15.840
50.590
22.092
20.934
31.729
30.449
32.927
56.449
31.928
20.296
41.258
25.642
41.705
40.732
23.881
29.993
38.841
53.190
15.365
28.296
42.849
35.372
27.895
44.537
34.732
32.344
45.628
35.381
34.680
40.611
59.134
6.532
34.797
44.324
39.592
46.350
52.706
43.714
24.487
44.844
39.062
36.507
27.249
18.131
47.282
52.726
33.016
38.439
28.332
33.472
46.934
37.200
38.877
25.667
38.818
55.370
33.896
13.608
46.160
19.136
32.534
48.217
39.582
46.919
50.521
21.633
34.476
29.682
22.617
45.187
41.426
48.331
46.353
29.341
52.867
26.563
34.352
34.491
41.620
41.343
39.320
49.410
46.384
43.234
45.733
41.245
33.905
36.334
29.113
36.873
50.630
45.411
41.845
38.939
23.500
21.178
24.330
19.006
18.777
17.942
32.388
3.579
44.371
18.243
52.062
22.697
49.881
23.473
35.196
21.812
53.594
49.636
56.693
16.588
21.916
53.796
42.197
56.618
49.982
22.847
34.194
24.840
24.764
24.087
12.641
18.652
53.345
27.504
9.643
46.450
36.325
47.069
40.361
41.734
35.804
49.662
43.487
41.788
49.632
28.063
8.961
51.201
54.705
55.566
50.758
33.417
56.213
44.670
20.155
45.228
43.300
61.227
35.242
41.774
56.014
56.957
44.983
49.767
55.997
41.174
14.372
33.701
54.309
56.193
36.160
10.670
55.593
48.272
39.983
47.407
26.193
32.774
16.871
49.189
26.783
23.649
28.182
42.544
50.167
42.068
29.887
47.752
14.946
39.464
16.693
14.741
29.913
45.176
29.932
40.961
9.239
19.940
46.955
22.911
57.992
25.132
28.823
17.266
9.304
17.982
50.163
37.046
53.684
35.581
49.590
46.422
28.710
32.735
56.486
42.636
56.823
46.212
32.645
49.003
35.587
22.144
53.433
23.124
53.153
28.067
47.725
43.435
34.652
48.191
59.499
38.469
46.861
49.500
17.831
41.909
41.797
48.113
49.206
27.228
35.829
33.179
58.673
47.001
32.553
31.137
20.368
22.137
45.118
33.296
52.767
39.625
15.648
40.030
12.109
49.074
31.733
46.904
12.838
48.151
9.922
37.681
44.453
38.679
57.089
23.579
47.010
59.507
48.803
36.171
38.572
21.840
32.579
40.997
28.689
51.200
48.339
22.253
49.414
50.175
28.009
42.559
33.080
32.809
45.966
35.959
21.672
40.681
49.157
39.671
51.066
28.256
53.240
30.474
53.536
20.764
55.329
59.661
42.051
54.981
41.748
45.309
20.348
44.719
24.973
49.180
30.626
20.701
36.545
24.187
33.363
42.136
50.729
55.323
34.421
54.707
40.587
42.428
40.401
40.565
54.498
47.476
48.011
30.879
36.527
21.967
40.893
38.824
46.311
27.434
42.098
33.841
26.506
45.174
15.118
31.234
25.431
37.862
10.044
23.474
55.706
52.030
17.395
39.981
55.241
35.340
53.492
50.348
50.528
37.116
56.029
49.722
11.383
48.702
51.024
43.090
50.135
56.623
39.536
31.702
44.241
16.673
47.331
16.002
51.758
26.646
25.783
28.308
30.685
39.765
42.553
55.187
51.628
45.596
34.014
35.486
13.542
51.483
35.370
42.208
17.680
42.170
36.525
22.736
29.045
36.041
31.485
45.374
49.910
13.496
60.258
26.080
16.209
39.818
26.520
50.989
34.878
49.416
15.237
17.542
38.182
52.176
47.175
25.270
54.881
18.936
35.000
50.751
14.657
38.447
47.712
52.371
26.653
57.828
43.493
56.671
47.084
49.824
51.266
51.171
57.237
47.204
36.507
52.155
42.822
33.957
25.325
40.953
50.445
39.124
44.055
35.114
26.353
54.363
41.570
49.703
34.235
36.955
42.263
42.526
53.748
26.957
27.224
21.738
55.754
35.722
59.009
10.934
11.356
22.188
21.249
43.651
27.305
36.476
37.835
45.726
36.752
36.432
42.152
43.784
44.343
33.001
55.577
32.547
46.297
44.440
43.097
48.780
48.958
45.775
47.967
57.353
52.786
44.601
39.987
17.391
54.721
30.818
42.065
48.405
45.918
32.551
44.567
44.334
56.315
35.899
45.523
46.224
29.918
50.234
48.605
41.839
42.566
44.597
33.159
51.302
27.607
40.819
36.158
35.997
50.507
50.421
53.683
39.718
48.762
51.809
39.398
44.432
53.971
45.927
24.523
38.582
39.829
45.099
19.393
47.988
41.150
25.104
25.714
45.800
44.404
16.663
25.310
40.703
25.479
46.990
34.453
47.027
51.639
24.962
43.183
35.891
26.691
34.579
43.131
24.505
32.105
53.109
32.008
41.117
17.967
54.157
24.007
57.386
28.047
36.573
36.119
36.341
47.024
41.608
23.440
28.002
27.344
38.290
34.723
32.993
48.569
48.722
52.008
11.000
43.194
39.499
55.122
49.741
40.316
37.969
41.435
32.559
57.533
56.812
12.439
38.039
47.535
59.063
35.223
45.512
44.903
33.464
52.623
46.857
53.185
16.035
54.477
18.363
45.547
49.223
33.932
58.880
47.871
51.554
32.120
38.154
33.960
30.911
45.277
32.496
58.249
47.810
47.825
19.920
47.909
42.282
50.588
48.895
52.913
47.184
47.380
37.613
47.151
31.313
43.500
24.579
42.839
44.835
18.986
35.876
21.041
21.572
54.235
44.987
47.378
14.491
49.505
31.347
59.527
23.979
48.413
44.005
34.021
46.218
35.999
29.817
25.858
37.385
35.060
39.909
46.195
57.207
35.976
13.799
37.957
39.075
27.510
50.367
40.208
28.250
56.429
44.557
24.549
29.686
49.826
39.973
51.644
39.725
27.154
43.008
28.441
41.303
30.209
52.576
18.257
31.615
54.223
46.557
58.680
52.684
25.744
15.504
38.105
34.719
25.475
42.752
52.448
40.184
29.459
58.135
20.137
38.941
46.214
11.304
41.408
28.397
33.581
17.653
51.391
46.836
43.642
39.931
45.344
36.079
30.529
33.834
44.547
46.079
16.369
31.796
41.618
42.511
36.194
14.605
49.786
34.940
46.605
39.644
24.551
53.498
17.889
33.192
47.243
55.623
47.359
57.314
57.704
33.238
43.258
47.203
59.266
54.373
45.327
55.409
36.285
58.711
38.458
48.409
38.009
39.070
42.108
61.056
12.875
44.950
35.529
44.492
34.401
46.279
39.371
18.925
45.806
47.846
54.184
47.674
35.363
28.803
56.964
20.161
17.672
32.818
30.463
39.404
49.491
11.440
30.526
41.763
20.205
1.704
43.269
31.759
47.416
19.287
48.844
52.073
25.201
38.534
27.701
27.558
42.690
48.282
28.851
40.225
54.414
27.131
12.067
53.392
56.462
42.367
21.878
37.258
24.984
52.863
37.925
36.938
56.910
43.455
39.916
37.937
32.204
46.574
42.831
50.845
25.689
39.513
35.153
33.950
43.984
39.901
2.016
42.182
58.543
45.682
49.079
12.855
50.779
45.682
36.534
41.111
30.528
27.311
36.130
35.095
12.595
49.741
51.849
30.199
54.963
45.900
13.264
45.565
57.871
49.091
31.475
57.993
22.855
38.260
42.001
48.157
19.368
59.381
13.974
45.043
44.616
28.559
50.177
37.676
19.027
20.682
36.569
58.316
47.444
20.360
30.430
40.354
52.337
55.526
6.734
13.635
44.734
54.194
50.539
30.976
39.958
42.791
24.209
45.277
43.935
47.937
51.521
15.985
35.146
28.225
50.065
32.988
19.705
50.552
37.449
11.448
53.666
27.104
39.771
54.873
37.168
27.182
25.548
23.238
44.480
42.292
57.731
21.087
45.732
32.778
22.443
18.398
21.081
36.607
25.201
43.255
20.347
32.760
26.269
51.168
45.769
17.910
47.003
43.691
24.226
44.754
53.075
54.770
46.448
36.023
46.383
38.027
30.036
43.251
57.768
34.345
5.811
49.687
51.421
32.949
42.661
35.862
46.262
53.993
46.997
32.355
54.850
38.650
42.969
55.237
37.715
55.576
48.054
43.817
36.641
51.473
39.938
7.198
36.701
55.901
23.877
32.222
51.652
35.952
35.207
49.237
22.871
41.474
28.042
28.712
59.554
38.268
59.999
19.136
44.834
42.247
41.739
53.019
30.062
53.989
50.841
49.665
54.687
37.112
44.121
27.902
35.403
36.764
21.056
9.599
39.395
33.344
47.056
41.313
30.358
39.724
46.645
33.256
47.331
57.572
29.997
43.624
56.800
59.588
29.230
20.505
31.357
25.415
24.091
43.904
36.317
46.761
30.167
38.924
39.250
49.125
45.379
42.203
44.957
19.157
28.300
34.568
54.087
27.345
48.016
39.345
21.818
22.234
48.331
23.857
34.410
32.141
21.143
34.657
39.132
50.419
32.616
48.328
38.878
17.336
45.603
39.304
49.356
11.196
54.857
43.516
33.423
13.862
41.610
24.808
45.782
28.147
46.846
54.546
49.398
20.291
45.209
31.962
52.682
26.466
56.463
52.901
42.547
40.541
32.029
24.484
37.322
50.202
52.039
21.481
46.906
47.348
55.212
56.974
19.848
42.578
36.385
50.427
23.925
59.600
52.200
15.216
26.651
36.948
58.857
52.706
30.452
31.323
45.672
41.194
47.160
49.001
34.086
19.074
55.674
40.763
35.291
35.327
57.913
22.905
42.418
45.646
59.667
42.153
62.195
50.760
43.323
16.821
53.662
53.154
31.654
25.094
38.484
25.227
28.974
43.164
8.438
48.028
34.370
54.448
26.817
27.157
40.457
31.451
45.484
45.715
57.200
28.466
37.985
23.634
16.853
35.406
25.362
50.592
51.146
54.573
48.576
39.336
40.409
41.571
44.349
23.638
61.477
49.959
36.260
33.906
44.281
34.511
39.252
35.529
41.033
49.016
53.091
57.306
19.778
40.352
29.885
21.917
26.667
37.378
27.434
31.821
40.943
54.932
29.488
36.518
37.573
19.713
59.003
47.207
46.137
50.870
46.838
38.771
45.350
13.193
32.866
35.044
40.644
47.990
56.818
32.946
43.636
18.114
4.282
26.481
43.670
55.360
40.868
52.551
30.626
40.611
50.766
22.039
42.527
26.254
36.045
51.205
55.170
34.456
15.136
42.497
50.771
38.015
46.011
41.972
22.792
28.283
46.324
40.990
31.981
41.829
36.994
36.791
52.918
18.832
17.664
54.205
40.197
47.076
37.104
30.358
22.090
15.043
47.507
23.891
45.998
33.170
45.219
46.939
33.179
56.369
21.231
16.121
45.040
46.923
24.331
41.386
14.359
35.978
36.785
56.772
35.442
33.753
22.537
26.806
60.099
41.564
19.576
57.194
52.643
23.191
61.815
51.446
37.775
26.711
22.511
20.336
52.024
24.149
43.276
55.021
45.740
28.367
29.859
17.912
49.193
52.848
18.085
49.648
22.956
46.761
36.639
35.758
48.405
34.947
51.929
