30.745
25.559
42.753
50.783
39.628
46.286
47.159
44.866
32.627
36.466
36.755
39.161
47.335
37.066
42.607
14.490
34.979
45.270
50.835
20.499
15.403
44.390
17.642
45.679
33.710
33.764
33.746
40.667
40.333
40.909
13.228
42.287
39.521
21.714
16.639
31.729
35.743
43.837
47.913
26.162
31.325
54.434
42.384
13.558
52.909
12.018
34.656
24.274
26.056
22.378
37.724
33.068
40.970
39.915
47.825
40.195
40.577
32.822
36.046
31.724
23.733
35.989
41.253
47.966
28.585
18.991
22.520
29.991
23.693
31.585
20.594
28.084
31.338
28.660
39.340
10.430
38.274
39.016
16.111
19.001
7.387
17.756
44.228
36.849
40.171
55.045
54.328
53.114
32.286
53.581
38.457
45.975
41.860
30.733
38.704
21.190
44.126
8.890
33.620
5.621
45.259
35.473
51.859
32.324
28.415
31.539
30.065
44.692
53.919
15.565
58.428
49.414
26.223
24.168
32.003
13.963
42.413
26.402
42.190
44.131
40.421
43.007
38.258
41.851
31.084
42.884
24.519
42.168
43.890
37.649
41.638
55.545
39.133
44.098
46.602
3.266
41.442
37.761
39.775
30.137
39.740
49.660
21.261
28.092
33.687
29.154
27.772
13.886
34.494
31.408
7.091
20.575
28.671
50.756
39.203
35.840
12.178
39.128
32.726
23.227
30.192
43.693
41.490
35.251
47.255
33.080
38.964
35.995
27.173
25.327
42.795
27.660
42.450
37.265
48.095
44.705
46.386
46.941
42.236
53.136
46.446
53.878
45.521
49.512
38.373
14.835
43.853
45.941
41.340
51.881
45.189
16.276
30.272
27.437
52.755
18.794
7.713
20.466
25.432
29.461
38.639
36.605
27.021
13.851
39.884
35.120
25.740
23.815
42.081
37.345
42.245
48.147
22.635
31.070
51.612
37.615
50.642
33.672
41.782
24.912
27.190
32.510
47.130
39.341
29.703
45.174
36.592
15.851
38.536
32.896
24.468
42.896
51.476
24.601
39.240
49.719
42.488
32.138
27.094
36.406
50.581
57.224
24.348
36.789
53.387
55.728
53.719
55.029
39.674
3.409
39.288
12.973
56.303
51.114
42.975
55.974
41.224
39.049
55.942
47.087
60.954
33.668
42.889
35.661
44.150
40.728
10.864
11.177
25.633
37.261
16.349
19.442
30.006
13.624
44.989
39.284
6.852
50.376
10.922
20.912
40.802
22.580
44.865
32.112
43.558
32.152
30.322
52.069
59.029
16.059
38.756
49.014
56.944
51.483
14.726
51.901
14.657
54.672
46.431
32.325
46.433
46.686
46.561
43.286
32.914
54.130
31.673
43.952
32.767
36.780
47.307
43.583
27.759
26.631
50.315
46.176
33.807
44.476
24.936
45.198
34.477
29.489
49.036
50.392
39.570
42.360
31.171
30.428
34.309
48.809
43.582
50.558
47.217
59.419
46.017
44.778
52.453
45.781
39.923
28.616
43.459
28.588
31.661
55.859
48.609
47.507
51.128
47.957
42.126
40.739
45.914
14.183
48.351
32.675
55.854
36.367
41.376
25.832
29.264
37.762
45.195
24.699
31.892
21.290
23.936
48.552
39.913
49.237
51.516
55.308
35.416
42.408
34.031
54.893
58.312
44.715
49.861
28.327
36.781
53.841
40.254
35.150
13.928
24.415
36.136
46.929
16.987
41.908
56.264
22.742
41.413
57.091
6.094
59.367
42.084
46.495
46.823
27.490
35.554
52.958
53.941
37.071
42.892
39.901
49.794
35.389
34.411
21.840
25.328
49.732
51.302
28.227
42.883
17.651
49.997
42.194
29.733
36.082
47.179
29.524
56.934
22.366
48.785
49.581
52.833
41.144
46.418
44.617
43.165
42.186
55.333
56.206
46.535
32.531
51.168
52.368
32.991
46.260
48.973
36.904
48.411
19.021
39.293
39.131
46.797
43.461
38.216
30.902
42.932
39.774
40.626
44.483
38.425
43.094
59.563
22.399
40.751
51.370
43.424
28.600
32.427
58.141
37.055
30.241
20.218
22.341
22.920
35.811
34.384
58.135
52.894
36.757
49.613
33.755
47.121
54.165
48.551
28.624
53.058
41.364
41.180
28.496
42.341
28.387
53.043
47.013
41.021
43.353
44.232
39.584
25.335
23.582
37.476
27.172
46.189
48.962
44.794
37.187
30.682
52.058
55.480
54.281
47.165
38.493
37.725
35.551
25.335
31.967
25.867
12.840
37.314
40.097
47.223
27.645
30.824
38.942
9.324
49.032
23.422
30.696
20.610
48.686
44.360
38.033
43.863
24.784
56.941
55.061
33.385
41.529
11.701
27.018
36.355
14.998
29.203
26.700
12.821
36.481
51.503
27.303
37.390
23.936
28.570
30.714
27.786
44.017
42.649
27.721
24.930
15.675
49.482
19.751
40.261
43.570
23.229
14.990
18.932
43.796
33.754
49.800
60.082
51.049
45.338
34.337
39.806
50.252
59.364
9.123
49.999
42.479
43.508
28.066
39.149
49.720
42.919
20.528
33.832
43.740
53.799
57.543
20.932
35.153
39.509
31.009
38.851
44.346
25.601
44.953
39.713
50.477
42.714
28.064
40.839
18.583
33.635
7.516
19.426
54.943
49.365
55.736
49.498
35.687
11.396
34.120
38.711
30.498
47.755
44.429
49.527
43.485
32.176
29.729
57.247
30.120
55.424
48.350
58.782
24.921
6.528
43.769
45.916
35.976
54.324
36.237
56.712
53.666
38.929
26.609
54.820
13.183
32.571
26.842
48.870
55.451
45.417
50.142
54.097
55.334
53.398
44.170
41.552
19.993
54.453
57.223
37.839
44.584
30.031
6.050
42.027
26.815
44.813
13.551
15.044
42.293
36.900
10.618
39.333
50.807
48.756
25.647
54.168
44.114
59.123
49.611
36.396
46.163
48.770
27.203
41.674
45.037
43.730
28.894
50.723
33.043
57.901
52.238
34.649
47.150
44.034
32.623
50.306
44.932
18.568
35.585
40.920
17.260
38.363
41.202
27.835
10.311
32.891
29.256
25.728
29.625
31.173
29.984
25.674
40.979
46.581
56.349
23.946
41.510
48.428
51.655
50.502
47.620
52.680
52.103
30.460
22.609
47.686
40.145
43.327
42.154
29.770
34.522
15.998
55.268
50.061
37.159
30.059
17.498
39.742
44.246
51.841
50.213
36.452
36.982
54.106
12.503
24.156
19.237
11.911
45.590
54.039
44.446
49.645
51.863
49.058
49.238
40.101
47.054
41.497
51.057
48.441
23.513
56.318
51.425
41.975
20.974
29.693
18.029
17.243
40.563
6.816
33.161
55.092
42.077
39.987
24.941
35.545
37.062
30.263
23.956
34.150
43.499
54.906
58.412
52.680
46.127
44.342
36.332
34.711
53.646
36.205
41.845
41.152
30.222
39.325
41.088
45.752
26.147
22.104
28.660
26.029
21.332
48.579
44.767
50.814
39.101
47.458
50.563
14.569
34.945
39.127
51.739
39.678
52.502
43.012
45.522
16.755
43.829
34.857
38.257
40.237
38.426
34.287
37.810
52.828
45.514
22.857
34.045
44.550
29.806
25.412
40.691
13.575
52.771
41.654
11.572
33.656
28.107
30.555
35.926
37.010
23.457
42.696
45.810
34.417
49.020
12.452
31.026
55.889
35.096
54.769
44.807
15.574
44.230
44.771
18.367
39.735
24.496
23.146
47.334
47.534
46.531
22.886
31.337
46.181
53.938
20.299
49.053
22.346
60.441
29.894
46.281
21.697
34.461
39.643
39.843
20.557
23.786
24.627
30.632
38.280
40.805
26.044
36.000
51.673
59.510
20.932
31.333
33.707
5.093
30.713
56.465
44.756
33.676
33.593
32.705
45.416
54.019
45.663
27.074
52.581
34.763
38.989
31.081
48.860
11.509
17.994
10.639
31.548
32.112
51.595
31.336
34.693
45.114
50.137
60.678
55.733
37.677
47.279
36.837
26.404
58.818
50.324
50.225
43.018
40.437
53.104
48.897
45.337
17.312
52.069
48.162
44.817
22.886
21.778
25.413
25.161
35.964
55.565
43.286
32.843
17.614
50.317
43.217
44.654
41.575
33.346
44.112
46.151
24.345
33.523
31.263
24.531
41.373
47.088
39.532
21.327
46.870
16.112
12.514
55.985
48.615
24.358
23.061
37.937
44.486
55.202
45.219
51.141
45.559
59.695
42.565
35.459
21.266
48.980
43.407
61.008
29.216
19.528
35.396
30.823
14.130
57.440
33.788
42.497
44.473
45.005
19.853
31.676
31.835
37.031
38.590
30.953
40.401
41.251
46.293
39.953
31.885
46.576
34.605
31.619
30.042
21.476
35.558
29.244
43.973
46.074
52.870
33.996
48.115
49.279
44.788
33.917
55.674
51.292
39.925
43.315
12.361
41.339
43.358
19.851
27.835
53.475
44.026
52.691
49.856
32.484
29.096
49.294
18.400
56.909
29.901
11.160
25.219
28.513
44.201
30.213
54.071
54.185
42.936
42.523
37.040
43.283
57.715
32.270
26.295
44.808
32.924
51.523
15.283
23.255
18.156
45.541
49.672
14.483
17.462
36.147
38.301
55.938
40.818
48.460
57.349
41.728
54.758
46.976
38.289
48.922
47.885
49.957
36.954
33.249
40.220
25.612
52.176
15.020
62.291
45.554
33.147
46.117
40.137
46.520
50.894
58.302
48.382
16.945
58.250
34.473
30.468
36.136
31.476
55.087
19.809
50.056
21.156
17.190
46.970
26.998
32.328
40.952
49.898
35.377
22.902
20.027
36.741
16.153
15.238
31.390
18.778
31.498
23.819
36.747
57.270
58.299
38.056
54.712
32.517
44.154
53.356
36.925
38.724
32.540
31.396
50.956
56.434
54.155
31.139
23.114
24.234
39.218
50.758
27.319
43.612
49.709
35.759
38.621
42.580
44.634
42.621
46.989
39.485
33.621
45.950
44.631
39.694
44.896
36.079
42.925
27.313
25.521
41.916
19.147
51.252
44.288
32.957
38.328
53.093
30.599
16.911
52.463
42.091
43.066
40.693
44.867
43.262
48.155
47.370
40.528
42.322
47.670
43.634
10.412
39.543
45.124
14.348
45.722
57.975
40.678
32.713
43.404
45.761
37.151
39.199
42.829
26.868
35.673
21.807
33.333
34.270
22.656
28.715
14.385
25.153
45.846
33.079
18.508
38.159
60.633
38.232
26.062
23.808
42.818
48.823
41.702
37.561
37.930
39.554
24.705
52.530
25.794
53.038
44.966
35.959
32.910
38.004
24.646
32.814
50.970
51.443
18.861
23.975
38.699
20.758
49.156
36.396
56.095
13.647
48.623
51.682
23.627
46.781
34.218
55.094
49.115
45.047
56.996
20.703
53.377
27.194
57.837
40.270
41.980
30.414
31.098
42.463
48.843
29.814
24.751
56.108
51.041
57.534
53.853
32.341
43.790
44.075
57.283
48.261
42.386
34.460
43.256
38.468
33.664
49.013
27.900
14.983
48.644
37.554
33.361
57.047
46.228
38.898
48.107
51.621
36.994
44.052
45.486
38.480
42.574
44.602
35.864
56.757
42.479
34.165
42.748
25.512
41.732
48.224
38.534
38.909
21.306
24.577
52.117
54.640
39.943
40.963
45.125
50.485
50.558
46.153
48.467
27.996
45.734
50.002
45.311
37.723
43.918
58.914
28.284
41.952
26.176
51.501
27.619
48.680
51.853
28.181
53.139
45.594
34.733
36.433
59.783
22.942
45.426
31.924
32.315
56.293
33.293
58.435
28.963
58.270
36.422
43.926
60.405
57.732
24.859
37.102
38.961
34.330
52.725
40.788
53.900
41.961
41.286
42.850
25.687
6.703
41.875
45.289
44.813
44.015
48.660
24.862
28.495
28.092
33.976
53.387
38.757
52.666
40.161
37.219
32.821
60.583
29.260
23.144
52.403
27.395
38.612
30.726
27.260
52.076
20.618
51.347
43.667
33.447
25.458
46.385
39.354
9.365
50.252
50.655
59.382
19.982
49.508
45.940
43.395
45.793
37.302
52.661
56.154
47.457
39.259
26.372
43.352
44.235
24.829
4.652
12.597
34.015
18.482
50.623
50.833
37.036
56.687
48.878
28.950
55.124
45.264
27.644
36.406
31.076
29.581
38.710
37.924
38.865
36.213
28.429
32.315
35.774
30.572
14.167
35.753
33.947
50.853
35.613
43.786
32.371
19.321
11.692
57.638
47.373
41.495
47.667
35.515
36.777
37.669
33.994
25.136
18.388
44.156
23.781
36.280
39.741
46.071
56.421
23.785
41.140
43.582
49.206
60.153
43.240
49.375
42.719
38.278
58.827
21.446
29.674
34.228
40.300
14.946
37.748
30.848
55.339
43.412
57.351
61.031
12.334
46.566
10.979
43.379
32.769
29.286
37.849
45.337
47.929
44.233
40.281
52.725
47.808
32.002
42.842
51.109
31.339
19.695
43.745
45.062
39.185
50.425
27.265
20.062
44.222
32.642
14.752
31.036
49.505
37.543
53.630
50.334
49.927
50.177
50.529
42.353
54.254
44.804
50.050
48.100
42.941
41.469
47.297
42.276
41.242
46.383
20.320
53.127
39.217
44.040
27.042
24.243
41.642
27.359
39.029
24.160
39.335
48.214
51.681
44.536
35.037
52.880
45.330
53.674
47.432
41.705
33.821
48.175
54.193
50.943
44.875
51.459
35.131
23.894
32.135
9.145
18.236
56.471
23.361
47.936
49.897
55.848
27.401
9.083
56.727
24.478
39.696
28.061
39.690
49.513
36.724
51.091
26.736
53.251
34.515
12.485
59.641
49.604
45.960
10.680
36.691
37.552
43.272
43.014
17.557
30.117
52.535
39.161
19.379
27.374
40.037
34.341
40.458
29.243
32.487
27.157
36.149
35.081
25.043
30.020
25.093
38.363
26.558
13.365
12.783
26.206
37.237
31.451
48.935
35.572
32.581
20.778
51.001
42.904
47.594
47.842
43.168
49.400
26.089
37.980
25.651
31.737
18.779
52.842
41.725
47.882
31.037
56.800
53.058
48.753
54.951
30.472
37.904
10.463
45.397
20.789
43.822
19.824
46.526
46.662
23.680
33.077
19.406
52.061
39.686
35.882
42.975
30.464
57.410
31.399
48.501
35.034
33.220
40.671
36.021
30.940
22.928
39.912
39.190
33.222
50.471
33.069
26.188
52.622
34.267
44.271
45.200
35.088
36.248
26.431
42.266
54.496
41.587
53.886
48.617
60.515
45.685
49.987
50.329
46.526
38.984
44.561
44.448
52.621
20.338
45.092
41.315
43.406
44.374
26.781
24.495
53.219
42.416
48.289
4.675
15.449
33.595
38.164
29.098
19.286
37.116
19.481
27.356
46.536
37.317
48.976
42.304
27.772
14.814
44.133
25.226
39.355
20.921
35.913
54.309
17.743
34.094
20.471
55.369
38.296
27.934
50.103
52.305
41.833
35.867
35.810
49.155
45.562
28.879
28.751
45.631
45.372
48.827
28.681
46.669
3.115
13.053
7.629
54.491
38.025
47.841
45.582
46.723
49.736
41.146
56.169
55.454
36.212
46.314
46.928
34.722
37.995
27.175
54.640
44.652
51.004
36.063
37.441
43.802
22.346
55.997
51.474
23.092
44.778
32.911
41.863
28.764
37.780
17.551
21.491
39.537
23.297
16.220
34.849
49.845
39.779
50.820
29.285
45.892
33.494
40.518
27.603
25.040
24.980
19.373
47.810
26.990
46.204
57.512
22.092
41.437
45.841
35.107
39.296
27.716
50.267
29.459
35.639
35.143
51.054
52.023
14.975
45.382
20.516
45.960
46.965
39.792
41.693
26.360
46.282
22.498
26.087
40.247
48.412
41.411
50.048
47.035
49.754
41.877
45.261
55.407
49.823
46.493
49.897
59.657
28.715
45.443
42.669
60.286
47.478
34.973
52.414
35.172
44.730
49.520
32.184
39.501
19.754
45.051
19.873
48.453
10.980
35.316
43.292
40.631
59.053
54.957
41.690
28.497
18.172
6.051
34.300
54.571
47.951
31.638
16.203
56.565
38.532
34.526
55.846
24.325
45.526
12.419
44.754
35.463
39.966
23.249
43.906
47.676
17.449
17.680
27.474
47.229
50.880
43.648
39.695
58.334
43.112
16.035
59.903
45.602
44.015
11.754
23.902
31.610
46.645
49.654
50.776
41.302
53.404
38.309
39.354
40.285
39.350
42.633
48.124
28.932
47.895
36.793
45.546
15.846
37.114
27.204
32.152
18.138
9.702
42.514
29.810
39.502
41.598
24.154
50.384
34.069
36.331
36.045
27.232
35.991
9.409
10.738
47.282
28.354
45.197
47.908
45.529
26.706
31.084
21.149
48.800
35.781
24.338
53.561
36.981
44.364
47.163
45.555
47.858
50.614
44.421
36.574
31.270
56.642
23.315
55.718
38.925
40.409
31.782
15.314
17.023
46.867
41.076
55.370
20.778
35.684
32.399
20.212
43.369
19.390
41.798
25.499
38.791
33.263
12.930
30.854
58.072
42.568
53.030
49.415
23.480
33.248
40.488
39.251
48.459
51.963
53.513
28.351
39.382
19.809
8.124
26.166
30.590
32.791
25.414
52.900
42.751
56.720
54.216
46.450
42.107
30.494
22.954
49.345
33.244
46.710
37.142
41.281
33.845
57.854
42.353
52.904
39.975
22.026
23.342
51.328
26.630
39.859
38.342
37.430
49.055
8.100
33.625
41.112
39.774
20.536
20.963
30.114
50.095
41.332
42.865
41.551
45.329
46.427
34.532
37.643
24.846
52.533
28.255
42.618
33.568
37.742
36.240
40.945
29.267
32.661
34.404
16.515
15.338
10.579
49.330
25.861
28.910
56.176
54.608
23.086
40.075
45.839
26.308
33.036
37.711
56.234
42.905
51.531
10.424
37.027
13.291
54.094
7.117
51.367
47.472
38.562
44.243
36.054
50.440
23.390
45.603
36.461
39.124
45.198
41.049
29.297
37.751
55.578
56.319
45.590
41.376
43.479
32.283
45.453
37.818
38.356
49.269
41.179
54.400
32.918
20.608
38.340
27.631
37.898
19.319
24.651
37.811
25.514
17.206
55.231
46.455
23.730
21.355
50.118
31.597
20.861
41.042
25.790
44.686
22.030
27.959
24.063
25.977
46.438
21.175
46.204
28.527
52.458
45.873
25.915
41.378
53.364
40.873
39.566
54.620
43.404
20.259
54.271
40.088
20.411
27.867
54.453
19.581
25.955
53.848
47.706
47.641
18.429
45.161
22.819
33.309
30.554
3.796
30.866
56.233
40.241
37.421
47.835
50.151
31.855
51.173
29.451
44.032
29.954
31.558
24.061
14.118
27.189
54.456
16.630
34.658
53.470
27.944
47.449
48.819
53.348
40.654
57.645
24.629
49.730
22.373
50.742
19.089
21.152
13.976
26.743
37.943
56.729
40.399
42.462
52.352
45.077
42.523
38.865
37.843
37.066
45.591
50.556
35.486
44.816
55.817
34.298
14.509
16.020
40.991
34.541
16.328
26.143
32.349
35.634
37.458
43.408
55.253
59.589
50.801
33.812
51.383
29.107
26.326
30.588
58.809
45.750
41.490
56.055
9.418
60.126
51.698
24.500
47.611
47.552
37.926
47.422
51.561
10.957
40.960
25.280
43.914
46.241
36.805
33.134
48.754
19.087
33.042
45.992
24.764
52.705
41.024
39.557
42.955
55.287
41.751
39.747
45.524
14.739
54.286
30.253
38.676
29.765
38.347
32.548
41.113
40.756
44.044
30.116
30.028
55.019
30.717
44.742
23.972
47.017
35.075
35.995
52.550
18.742
38.416
47.176
40.971
16.666
41.028
54.088
32.125
55.134
54.105
47.569
10.364
50.664
19.545
17.457
40.611
40.856
14.376
36.842
46.008
27.660
41.183
60.161
22.793
45.604
34.247
32.090
53.433
43.543
34.931
23.266
30.203
57.306
57.196
57.273
59.854
49.552
55.177
42.104
23.334
10.885
22.667
22.085
43.065
38.535
47.475
43.102
36.346
44.116
42.627
38.217
31.969
38.748
52.068
39.762
17.861
36.804
20.374
43.875
19.507
54.138
28.825
35.606
34.931
36.280
19.560
18.768
49.759
24.331
50.956
16.417
22.331
23.973
53.477
27.984
30.902
41.622
20.075
41.020
30.843
39.118
43.501
39.460
38.985
45.306
57.289
31.419
13.594
25.375
34.208
31.810
40.154
31.601
43.925
33.590
44.085
51.920
37.606
40.580
45.637
33.770
36.436
33.787
42.479
36.096
46.145
36.521
24.000
49.343
47.324
38.300
37.573
31.893
41.642
26.439
38.926
40.815
14.638
44.710
29.317
57.683
23.733
55.495
48.357
23.120
49.763
27.860
18.279
37.367
44.841
38.862
16.551
10.100
51.101
46.144
47.068
23.826
37.702
32.199
44.216
27.276
49.579
54.710
48.846
17.143
50.504
48.717
44.669
42.173
13.811
15.092
21.261
45.235
27.685
48.640
12.328
44.733
48.992
43.580
12.852
39.173
56.304
21.390
42.927
55.422
23.552
37.630
29.266
27.949
31.241
38.180
37.699
39.276
40.040
42.179
17.124
43.280
52.330
38.122
51.155
39.969
39.694
21.868
50.061
20.512
40.075
51.534
51.244
52.860
46.297
29.754
59.145
45.474
60.719
46.082
46.291
19.614
37.430
28.892
19.689
56.237
32.725
37.485
33.351
27.471
42.148
56.136
35.413
22.709
15.057
44.706
24.308
9.278
40.453
32.686
43.232
45.895
34.219
34.434
22.864
42.969
26.585
52.597
37.768
58.603
36.984
59.556
51.880
26.639
43.830
52.368
34.246
34.776
42.028
46.294
43.674
41.595
30.301
33.759
53.194
37.139
50.493
17.691
35.952
32.390
41.797
34.204
60.338
28.981
42.540
39.837
38.128
7.077
34.172
52.296
37.993
31.576
48.536
28.987
38.988
59.978
23.449
14.075
33.224
43.357
12.462
18.252
31.096
36.236
39.544
53.756
46.359
34.464
45.677
43.411
40.757
38.793
52.360
29.819
46.368
14.561
53.843
50.183
24.457
47.608
49.180
46.546
34.932
9.663
41.948
59.492
23.850
42.117
31.382
15.127
30.581
30.677
42.975
55.576
42.796
39.408
54.113
38.935
48.234
27.636
45.759
38.538
45.639
35.207
52.938
26.661
37.707
40.290
45.550
30.353
10.860
42.291
29.619
47.859
47.349
43.800
13.760
22.871
20.077
13.363
32.844
19.456
38.845
24.950
41.089
26.407
38.432
35.201
58.281
29.812
28.927
32.759
52.936
46.823
47.037
60.192
45.226
22.952
43.458
10.900
16.817
24.072
17.319
45.424
30.896
10.200
12.031
10.348
41.709
41.578
16.417
47.941
41.302
16.668
12.475
8.437
36.752
56.670
46.441
15.744
25.883
21.440
50.004
40.695
47.319
23.227
55.911
28.230
43.845
50.917
52.394
58.315
47.175
48.421
42.411
37.253
38.260
47.736
29.175
54.560
45.414
55.336
46.346
33.726
54.191
41.563
47.061
55.725
13.538
56.372
58.424
31.939
20.468
36.966
35.788
42.085
20.199
51.078
27.656
28.467
15.019
7.325
14.393
49.088
26.097
39.735
44.856
17.628
29.606
28.159
47.521
30.510
42.831
35.023
32.760
8.549
24.392
45.460
22.210
23.676
32.979
36.538
56.462
30.794
21.207
23.091
25.118
47.645
47.650
58.005
38.947
53.539
41.399
46.269
43.538
48.261
39.273
27.967
38.015
47.196
42.105
50.896
46.821
42.955
7.278
12.192
16.325
24.754
10.127
26.961
15.990
38.030
36.280
49.272
40.053
42.884
42.263
44.088
52.888
51.877
41.178
39.172
47.819
40.328
20.514
20.280
45.210
42.295
25.071
55.782
45.528
42.515
41.809
27.116
46.924
28.369
50.676
50.241
50.133
42.303
46.693
53.159
52.010
56.045
20.605
44.647
47.417
35.882
31.580
60.092
60.270
43.474
59.685
17.820
28.366
36.238
43.866
53.853
31.173
43.890
45.358
47.051
38.362
13.363
29.467
42.767
33.434
35.163
41.941
20.554
22.528
43.454
37.465
34.373
35.745
49.644
39.451
40.937
37.196
30.660
45.207
34.698
20.972
25.798
40.586
54.199
32.161
51.971
60.449
22.130
34.760
48.444
44.910
49.024
27.495
15.335
26.457
57.596
54.566
51.473
27.744
49.795
32.001
40.937
5.596
37.489
44.166
53.959
26.924
36.049
38.549
52.454
48.839
49.032
53.024
