40.283
41.715
42.160
48.921
49.313
37.502
39.756
5.239
47.913
54.777
39.397
39.877
52.373
38.108
40.942
17.269
44.815
57.064
46.509
24.795
34.071
30.403
39.966
53.080
28.948
48.351
13.791
40.201
40.783
25.244
48.235
22.765
45.694
36.251
26.602
18.863
38.373
43.624
57.193
45.083
53.924
54.805
23.478
51.050
38.870
32.557
24.619
41.310
42.454
13.547
26.810
6.624
36.430
33.475
35.367
43.136
15.701
22.968
53.141
13.608
41.249
30.159
15.737
38.760
39.303
21.871
36.969
33.851
35.148
46.632
41.072
43.575
37.768
16.623
33.647
36.918
45.156
35.115
37.536
29.925
40.593
19.725
47.588
31.888
38.149
29.995
35.610
32.058
19.575
28.937
38.634
36.344
37.885
45.273
13.507
31.952
42.406
30.677
30.218
50.156
39.209
42.406
47.666
30.109
24.863
24.101
34.800
43.249
15.206
29.834
22.495
45.988
29.472
49.315
12.057
13.813
38.533
14.089
15.906
30.022
44.217
43.400
42.810
40.316
32.123
21.014
20.176
25.474
36.237
50.054
48.357
47.492
49.939
51.365
53.316
37.074
46.529
41.115
37.111
35.344
51.529
40.143
50.617
49.823
41.640
18.440
6.224
50.668
56.336
47.096
39.970
38.435
55.010
41.613
44.810
33.987
50.997
22.169
52.692
39.925
25.774
47.953
30.830
32.430
38.871
50.315
30.575
4.181
48.894
19.240
56.182
28.176
12.690
34.680
12.277
57.068
51.979
30.300
32.352
46.310
44.858
32.794
48.933
54.832
37.015
26.547
44.906
55.337
27.226
53.742
43.289
20.220
31.213
47.363
46.341
42.176
40.574
38.915
42.092
48.405
29.139
43.696
32.819
47.742
27.958
51.044
39.708
35.329
42.119
30.098
47.569
36.070
16.179
57.711
51.673
36.445
30.971
31.082
35.498
41.331
36.561
51.651
7.520
26.172
42.893
22.507
22.747
41.467
39.945
43.600
45.173
34.027
28.398
20.533
29.963
36.323
30.911
33.134
14.403
28.513
42.518
26.381
41.451
39.517
44.698
49.322
47.033
28.905
45.283
32.004
49.072
56.692
33.590
23.167
41.337
49.989
47.551
43.739
60.043
28.774
49.492
48.727
48.764
51.360
52.771
48.625
41.240
59.020
25.613
44.967
29.639
45.974
55.082
58.743
44.465
21.855
45.350
41.119
59.918
48.070
48.876
50.332
54.371
55.915
40.771
43.890
46.045
48.044
45.640
39.749
47.108
44.448
24.259
44.214
37.469
39.701
40.289
58.730
43.065
43.902
28.390
42.771
53.803
29.625
49.928
27.885
35.171
37.965
29.572
18.377
26.947
37.500
27.278
41.065
18.222
26.044
22.027
20.534
7.052
21.143
20.533
18.424
51.201
46.516
46.024
26.889
22.227
34.486
23.294
17.664
47.169
24.117
32.535
21.471
27.871
35.428
30.223
35.890
21.310
52.439
47.131
35.818
31.066
33.674
31.460
29.248
26.091
32.417
42.372
36.910
21.599
40.420
48.986
28.438
55.405
47.333
18.143
30.843
21.388
53.805
34.682
50.855
47.159
58.142
33.394
59.348
27.928
40.446
40.293
34.657
44.005
36.143
46.522
36.612
49.125
57.056
55.438
47.197
47.170
45.290
37.969
54.922
25.363
47.029
56.914
36.893
36.860
30.968
53.492
45.869
10.462
45.044
42.898
21.309
50.031
58.042
35.702
60.421
49.620
44.413
43.695
55.210
13.966
41.852
19.200
50.794
37.006
45.362
40.712
49.205
16.061
47.637
31.797
45.532
38.059
40.467
47.573
35.252
44.327
27.528
30.063
23.268
34.486
40.377
38.332
44.853
48.497
32.321
17.023
54.933
55.983
15.591
37.335
16.086
24.458
50.796
37.448
33.788
40.371
45.816
46.978
39.285
39.553
40.106
43.493
23.931
47.563
33.027
38.209
39.313
35.215
34.131
40.287
37.270
45.220
25.362
46.525
37.953
33.642
25.651
35.590
42.806
39.158
60.409
41.773
46.085
49.255
46.600
40.179
25.212
46.787
54.810
39.345
52.768
36.561
50.611
53.493
49.824
19.493
39.499
43.373
49.894
49.908
35.630
51.937
38.585
28.425
38.320
29.963
9.488
15.774
19.260
35.933
54.686
28.343
20.112
37.068
41.796
36.898
31.467
18.600
32.371
42.307
52.578
57.233
57.967
51.848
49.603
50.567
50.238
48.680
42.497
31.586
46.098
58.438
10.787
44.381
52.901
47.262
44.773
10.488
48.280
59.045
51.267
47.635
29.728
7.410
17.105
35.110
29.545
23.346
24.950
47.877
40.684
35.812
8.185
21.344
19.663
56.568
32.891
43.712
47.821
45.416
26.086
56.644
43.313
48.500
38.421
48.681
30.613
34.410
15.712
28.940
44.874
45.899
45.690
40.780
49.851
53.108
30.416
57.539
33.048
27.275
45.940
55.282
48.659
47.970
50.122
44.421
33.218
37.792
39.967
34.686
53.559
57.597
45.295
35.880
40.359
44.768
29.365
16.377
49.868
54.289
43.562
22.436
36.328
19.862
47.612
11.111
17.692
38.803
39.692
44.306
45.592
32.671
43.331
43.447
50.218
45.270
13.531
14.991
54.691
36.232
37.344
32.495
17.692
43.046
16.309
41.511
13.414
51.092
42.808
41.419
21.750
39.459
29.697
19.592
50.705
2.060
18.508
23.651
20.052
53.177
51.017
54.398
51.055
35.534
14.194
49.758
42.095
55.227
43.524
33.641
39.907
37.273
16.548
22.523
26.696
23.905
31.929
56.134
25.644
25.049
32.797
41.818
33.977
39.225
26.083
35.947
15.392
42.162
36.711
8.653
29.360
25.766
25.146
34.296
31.123
34.913
22.619
48.520
30.912
44.506
16.062
57.619
45.744
55.163
44.114
59.743
40.956
50.374
39.836
46.049
34.294
43.531
41.828
55.796
53.691
42.140
45.185
37.290
35.092
37.061
56.777
48.332
39.698
54.671
39.667
11.072
50.275
22.697
39.610
34.694
37.354
49.783
39.467
35.728
43.790
46.519
35.636
38.937
40.436
52.304
33.887
54.006
44.698
18.805
48.954
59.280
34.197
43.437
32.219
37.187
34.744
34.938
37.596
40.641
40.924
39.833
35.690
42.879
39.771
58.577
53.342
34.379
47.461
42.128
39.521
54.063
38.371
30.621
28.632
40.275
38.092
36.917
46.513
37.448
41.911
57.624
32.526
41.264
46.222
53.702
45.149
53.818
44.349
36.212
49.814
29.660
27.569
53.056
25.937
51.781
29.965
56.201
30.875
18.067
53.976
48.316
23.314
28.395
37.759
45.500
27.803
25.666
17.324
45.388
47.672
31.852
52.732
41.142
54.380
53.322
41.550
46.581
30.526
35.855
38.325
38.398
52.980
59.127
41.825
46.027
30.420
38.946
21.196
36.647
28.399
37.362
56.442
48.445
42.919
37.658
47.530
52.696
40.014
52.510
19.924
38.947
32.318
36.817
44.997
43.757
51.350
41.817
35.495
35.619
43.228
11.549
36.848
47.181
38.654
50.987
43.715
27.705
30.734
19.980
43.766
13.977
44.441
59.304
27.640
43.616
37.616
33.778
47.083
24.037
37.446
21.261
40.121
58.564
58.965
46.184
56.690
37.673
36.927
38.829
15.517
35.686
55.039
37.803
47.918
53.715
60.242
34.502
9.236
30.588
52.570
33.234
45.707
44.080
28.488
32.815
49.244
57.260
57.802
26.743
18.009
11.646
9.406
27.390
34.078
34.853
37.618
18.490
25.921
24.372
30.293
19.576
22.769
45.348
38.942
23.368
34.671
25.290
37.260
48.044
34.796
39.270
30.350
41.902
30.646
41.526
42.367
50.922
50.510
41.439
12.135
25.235
14.263
48.060
4.685
58.977
25.607
14.692
53.405
29.613
53.326
41.796
38.841
52.996
53.176
60.216
56.178
14.973
27.082
43.660
47.838
37.537
44.860
43.425
27.138
50.327
34.155
52.654
46.829
30.075
34.747
41.851
50.355
34.581
41.361
20.265
41.540
58.370
26.774
50.396
38.855
51.749
50.100
56.145
38.868
25.391
25.896
41.370
48.324
50.582
46.009
37.509
28.125
30.229
48.123
39.931
22.044
54.350
27.058
29.507
26.284
42.329
34.772
41.086
42.791
37.135
7.971
31.857
43.496
17.519
9.331
57.374
53.078
7.513
45.335
37.517
47.093
57.163
38.586
10.311
51.745
48.052
47.444
18.858
47.819
29.402
27.789
41.841
39.695
14.015
41.413
22.326
26.682
38.129
28.620
29.225
40.767
18.972
31.258
47.411
18.239
47.034
36.552
52.565
55.057
25.032
47.381
26.278
47.422
42.789
23.829
54.447
25.909
23.215
43.631
35.762
40.743
58.926
42.121
54.531
40.047
45.045
30.805
20.626
48.076
38.275
53.660
34.051
50.986
47.474
49.091
37.346
46.656
29.790
39.855
36.484
26.032
16.390
51.252
32.819
34.176
40.880
36.014
35.210
48.149
47.093
22.349
25.214
41.823
38.365
30.518
40.456
49.608
31.261
45.147
46.137
49.947
48.051
40.426
42.488
45.672
37.168
49.497
46.494
47.875
49.932
45.116
47.549
45.664
43.241
53.394
37.365
34.219
36.487
28.809
51.855
18.732
49.420
19.770
49.120
44.472
33.863
31.786
25.189
12.986
7.872
54.042
39.521
40.915
41.826
43.572
15.367
39.615
41.859
38.502
37.481
25.657
35.072
15.430
25.400
23.042
46.651
9.773
57.963
51.716
37.136
43.699
35.354
30.693
38.704
46.634
16.934
28.190
30.239
34.941
46.299
34.933
8.390
44.177
55.358
34.108
41.831
28.764
35.998
40.201
45.610
19.639
38.201
8.920
24.089
30.327
33.122
47.982
16.612
25.789
33.439
28.992
43.611
44.779
46.369
46.473
41.927
34.376
42.446
42.667
49.027
35.185
22.891
30.058
43.390
42.024
24.096
29.820
42.681
39.018
37.762
45.486
40.947
27.455
31.402
32.284
17.948
13.859
36.728
20.389
8.672
26.085
39.564
22.123
33.875
33.934
15.019
49.292
28.462
49.989
58.190
17.164
42.865
19.623
53.257
41.751
42.547
34.637
35.877
57.263
25.304
12.435
38.821
39.533
48.366
50.965
50.855
22.966
44.449
36.032
34.119
45.680
43.704
44.652
28.829
42.519
45.436
50.905
48.578
31.926
23.512
46.106
44.564
39.694
42.747
14.552
37.802
41.305
35.365
31.799
27.442
46.051
7.898
34.576
35.217
43.435
48.935
27.228
32.407
35.814
45.530
25.962
23.135
8.369
42.526
5.245
42.237
52.585
49.041
54.921
39.626
49.240
47.770
36.017
56.604
13.840
46.211
42.046
37.024
47.686
44.998
43.347
53.148
25.726
29.212
39.253
10.869
40.582
22.113
59.572
42.302
44.846
11.530
23.237
24.095
56.757
11.705
52.838
60.122
55.777
40.263
9.023
20.693
28.740
58.836
47.110
42.012
44.556
34.203
34.730
54.123
35.887
34.465
31.240
14.610
44.414
32.162
16.162
43.961
21.381
45.207
6.843
41.561
40.220
33.450
31.225
38.050
30.327
53.041
32.282
37.623
60.555
34.341
22.342
26.574
43.483
17.321
32.579
49.616
20.260
45.193
36.510
55.617
54.964
28.383
51.000
29.927
50.545
42.228
21.314
51.715
10.766
57.269
11.092
19.610
35.674
26.449
42.359
27.736
38.297
35.426
43.925
38.045
27.120
42.082
60.026
31.192
49.571
26.598
26.857
41.380
47.283
40.168
35.718
52.311
23.208
16.790
18.120
43.847
16.858
39.803
55.334
51.803
54.861
51.881
27.015
52.943
12.239
40.361
29.173
52.511
32.282
40.937
43.973
22.849
39.657
21.484
45.526
25.113
42.319
34.789
24.186
36.136
44.419
39.259
26.261
44.794
24.196
32.847
45.721
7.114
49.427
46.801
41.501
22.763
30.978
25.656
41.953
38.586
53.373
43.403
47.552
49.497
18.467
29.757
29.605
22.837
37.511
25.925
43.699
36.392
38.723
25.375
40.967
19.655
12.769
48.332
44.332
32.276
44.533
32.866
52.185
22.102
25.305
45.520
18.652
21.939
33.050
47.746
27.117
21.370
49.617
21.540
24.322
45.214
35.413
8.006
36.755
18.152
46.574
39.950
25.742
16.578
17.459
44.908
23.765
33.229
36.877
52.100
41.404
34.374
50.041
41.665
49.383
31.817
58.607
26.869
31.825
37.084
33.592
45.003
39.106
17.756
44.516
48.306
59.964
21.097
32.454
53.791
30.845
37.104
47.192
57.249
55.078
35.020
40.568
41.445
27.316
25.583
49.295
4.477
53.927
30.331
53.113
54.819
39.680
49.226
26.967
34.298
38.981
42.069
30.544
45.515
21.288
43.858
43.762
9.681
12.512
46.316
47.125
55.216
33.668
37.145
40.094
40.206
13.540
26.770
28.028
38.423
9.980
2.441
48.450
32.415
48.644
23.684
23.529
44.938
15.532
18.787
18.004
27.686
15.383
45.698
32.852
42.490
26.045
30.328
7.622
51.516
32.365
26.487
42.543
23.338
24.054
36.063
19.033
43.700
37.833
38.360
44.006
46.724
53.463
43.166
29.170
26.021
36.898
51.329
27.939
24.237
13.679
40.314
50.676
54.209
40.000
40.213
55.138
26.731
18.670
50.252
59.062
58.134
57.823
28.655
47.406
57.953
24.918
30.103
27.413
26.051
24.712
46.129
44.512
23.103
22.982
31.493
37.923
41.325
23.173
32.288
46.638
36.403
27.828
49.019
41.071
37.635
35.983
44.238
50.160
31.145
52.992
45.591
32.999
59.255
45.315
27.791
51.821
25.877
25.052
12.496
38.773
44.396
17.320
16.482
35.423
43.798
42.120
45.748
48.003
47.408
41.542
39.311
25.651
44.282
42.415
18.661
26.855
35.219
46.267
18.936
52.369
48.102
13.431
31.859
46.735
40.427
45.698
50.088
48.153
35.736
33.450
29.893
22.701
35.440
22.518
53.086
54.112
58.553
32.806
43.135
19.514
54.223
14.016
48.116
16.602
39.313
18.599
25.384
55.832
22.425
55.265
48.995
40.537
34.492
54.472
37.621
47.942
59.107
34.751
34.531
58.174
35.476
49.189
47.505
52.195
54.790
38.916
54.557
40.991
37.979
46.032
51.815
57.083
40.212
50.492
50.076
42.167
20.053
36.163
43.573
52.493
22.152
32.424
33.667
19.596
36.953
37.294
25.958
12.997
17.374
49.672
58.508
55.945
13.248
24.699
50.769
45.092
50.125
26.105
55.471
36.574
39.780
28.763
39.223
53.033
39.420
44.134
46.358
42.617
26.159
34.726
41.670
33.803
43.039
20.609
31.546
20.025
34.631
32.668
16.886
27.834
30.586
22.332
44.306
8.998
33.021
48.756
27.297
35.907
39.693
57.620
55.828
34.951
52.409
36.708
52.751
41.255
16.796
58.198
36.570
43.492
42.855
24.840
48.722
34.864
26.115
42.692
53.125
20.907
26.361
26.622
22.609
50.192
36.210
36.008
50.043
27.843
19.456
54.668
39.550
52.713
49.884
26.487
34.023
46.126
37.193
16.130
43.459
37.626
42.681
32.016
56.687
50.768
44.022
35.021
37.553
29.847
25.496
40.774
53.927
53.336
60.108
24.418
40.037
21.506
37.815
34.049
14.403
11.122
26.179
51.188
19.578
43.378
38.303
39.360
55.869
37.127
29.414
55.511
46.702
42.043
48.045
47.567
41.771
48.617
45.200
35.242
30.036
47.061
38.215
19.990
17.724
41.230
37.044
29.369
44.917
36.762
40.551
60.119
39.695
52.288
27.375
43.111
30.017
25.715
41.072
35.179
34.069
30.410
33.348
36.172
46.555
45.001
39.289
36.163
51.943
38.390
33.779
28.235
34.434
37.863
32.041
45.809
42.801
39.122
38.396
44.225
11.407
31.210
38.642
31.960
58.328
11.768
46.753
25.730
50.614
33.928
48.358
35.022
20.154
41.291
21.500
33.203
57.920
21.874
36.826
49.137
42.883
46.422
43.037
52.075
50.380
44.316
60.488
48.396
56.583
48.399
30.356
49.675
39.499
39.478
34.073
49.242
42.928
44.159
48.913
30.012
53.245
17.954
43.296
39.679
34.257
44.191
45.712
45.007
47.938
25.058
35.044
46.067
26.344
42.680
20.544
41.144
47.385
51.301
52.904
46.293
46.061
45.186
25.476
31.936
47.144
44.391
53.402
8.746
7.534
14.770
53.693
43.715
33.236
31.092
38.962
56.021
45.205
22.454
22.381
45.561
21.260
35.679
31.334
51.878
52.603
47.975
36.249
41.446
45.748
53.258
55.994
49.162
42.917
49.718
32.533
48.805
32.671
55.135
45.186
25.947
30.206
28.659
37.164
31.147
45.965
54.508
33.632
50.774
40.533
41.814
35.996
39.131
57.232
47.089
41.092
38.704
57.068
35.657
32.934
35.982
46.576
33.132
57.339
14.240
12.904
37.850
21.419
49.792
30.294
58.177
56.315
45.524
37.786
44.997
28.811
59.384
31.416
55.599
23.123
45.637
35.083
43.384
44.657
26.353
48.907
51.215
35.756
44.212
44.988
38.401
53.051
57.630
46.345
48.596
57.919
46.335
49.679
45.391
56.017
49.710
58.112
32.538
50.776
18.419
28.755
43.884
53.096
49.152
44.446
46.735
39.047
21.644
32.441
45.022
34.259
28.717
25.994
12.762
47.336
32.655
36.434
30.833
58.377
41.428
43.481
41.056
56.655
53.174
20.137
39.964
17.543
35.255
12.726
39.288
38.340
34.217
42.012
33.063
20.089
28.327
33.476
33.783
32.017
25.081
41.961
44.061
43.483
26.272
30.190
39.722
30.040
39.381
33.515
34.117
35.486
18.069
31.064
44.688
39.012
42.186
27.779
37.783
34.751
23.442
44.976
23.412
50.249
29.199
37.204
44.190
28.690
38.203
35.131
41.801
32.382
43.358
35.624
19.348
40.362
25.537
60.224
53.546
42.999
48.879
50.582
38.048
51.518
41.717
49.157
59.684
55.790
54.596
41.904
40.477
48.553
34.417
42.443
43.608
50.937
8.602
28.172
26.617
44.384
39.913
29.018
53.872
38.963
50.815
53.000
37.036
38.430
50.816
37.857
57.822
41.531
50.046
31.558
44.986
46.204
41.792
45.470
31.444
44.121
53.807
13.289
35.678
14.115
47.624
44.119
52.685
39.105
55.906
53.808
37.132
44.552
60.841
38.513
16.286
27.913
32.447
46.657
29.486
60.474
30.647
50.646
45.820
42.872
51.525
11.659
19.458
43.107
26.265
35.046
52.409
44.167
44.441
16.082
5.384
18.406
46.126
4.919
45.111
37.738
39.402
47.030
22.357
38.924
36.374
39.567
34.352
17.191
45.214
36.223
23.418
35.860
11.105
60.043
49.291
25.730
27.455
38.871
48.191
18.620
58.477
25.474
37.180
49.791
45.907
49.990
26.361
15.655
30.250
56.153
48.191
35.096
47.148
23.353
35.666
59.670
38.047
48.829
50.600
32.546
11.307
14.075
6.362
34.531
51.345
31.486
53.451
32.773
48.614
34.815
51.804
44.340
42.570
54.189
50.151
12.785
40.554
21.668
40.542
33.082
37.046
17.826
29.630
26.563
27.860
48.230
18.289
47.020
34.808
47.139
52.840
30.593
31.746
50.013
42.609
47.492
42.596
42.924
45.283
58.433
43.785
38.201
28.546
39.761
26.230
26.285
27.904
26.228
55.833
53.334
52.994
45.150
37.948
47.968
50.224
43.751
27.546
33.370
39.148
54.924
17.715
39.409
20.934
30.625
28.894
40.041
17.484
19.494
24.491
17.520
39.020
44.049
30.853
18.161
34.754
33.261
29.350
23.911
30.085
22.665
40.306
53.659
41.806
30.826
59.147
25.438
43.957
36.755
44.851
12.079
51.335
26.864
23.666
23.353
24.069
58.516
24.961
29.961
31.540
39.723
20.778
44.046
57.739
22.111
32.710
45.458
27.674
25.711
56.820
52.062
46.232
56.039
30.659
47.854
44.991
30.936
32.388
44.488
55.690
23.321
26.878
52.869
50.613
60.992
8.100
33.698
18.709
48.049
40.846
50.127
37.189
59.148
50.680
37.650
47.277
56.851
38.111
13.048
29.086
25.680
53.393
27.457
28.689
54.808
53.457
26.275
47.067
43.182
37.116
47.792
54.007
52.623
39.477
24.579
39.104
32.206
38.590
41.449
44.743
41.889
30.329
44.380
46.487
24.782
57.400
46.471
39.047
29.068
50.006
32.773
49.043
27.529
8.440
20.820
42.441
50.288
49.262
57.459
14.655
15.134
52.655
45.237
28.571
44.519
40.540
20.968
43.602
52.066
37.906
43.457
15.292
40.138
4.506
48.630
48.323
16.148
28.777
6.652
37.618
42.223
29.999
6.714
15.592
19.689
17.046
32.794
30.829
42.078
21.916
48.085
49.367
31.601
27.883
51.274
45.591
48.408
37.872
50.904
52.714
45.247
57.094
48.465
47.131
57.246
52.712
57.282
41.583
45.674
45.987
37.874
50.338
49.300
45.775
5.096
54.395
51.457
22.958
41.967
55.653
42.894
37.615
41.394
53.899
46.237
15.413
41.215
52.790
22.557
36.554
16.253
26.041
31.575
30.105
37.176
52.841
17.490
35.020
49.466
23.730
43.275
54.319
45.511
32.896
21.437
59.021
6.813
55.252
48.148
37.825
53.269
53.600
53.790
10.925
45.364
44.498
37.200
55.755
37.028
26.893
45.800
54.247
18.596
26.165
27.605
25.037
26.601
33.185
31.293
29.126
34.472
21.040
53.804
9.384
27.135
29.712
35.698
38.399
26.770
35.703
35.741
36.335
45.496
14.924
46.671
30.568
37.267
54.016
55.591
40.560
26.684
52.726
45.790
50.639
16.831
50.659
13.277
16.772
17.946
12.379
55.386
15.735
29.334
17.647
28.830
26.084
34.803
51.240
14.157
20.113
36.311
29.174
10.465
29.843
49.713
43.921
45.016
28.420
44.593
47.217
30.182
20.057
58.416
53.963
19.886
34.504
56.998
50.767
55.193
56.914
49.862
23.334
61.614
20.691
28.467
27.904
36.449
24.598
53.217
44.270
43.043
57.973
45.156
32.270
47.352
49.937
54.008
52.372
59.116
52.044
51.358
43.169
53.638
42.747
49.046
38.729
44.224
37.131
54.185
35.692
39.442
42.198
49.689
56.034
40.353
46.351
29.268
31.686
48.835
42.390
60.235
15.703
29.565
43.397
43.619
48.036
40.885
35.811
57.207
29.934
44.754
52.631
42.609
34.811
25.692
52.661
40.841
59.010
52.824
33.796
34.284
32.165
34.593
30.022
37.015
45.442
29.873
53.704
48.731
40.528
49.068
39.035
46.979
13.179
38.866
39.480
35.750
46.269
40.751
18.249
48.586
46.033
35.377
32.013
22.526
42.328
45.290
45.906
43.390
10.420
34.564
51.282
31.569
45.979
41.097
37.490
10.311
52.355
37.694
11.563
31.526
16.187
47.309
53.799
42.789
57.645
34.135
25.068
52.673
40.408
40.443
49.767
33.398
55.853
50.884
24.070
20.710
39.746
27.866
42.730
46.359
18.576
26.172
14.989
26.065
23.889
48.404
47.257
12.116
40.104
25.443
43.210
37.251
30.720
44.647
44.795
45.402
38.246
38.813
13.910
55.188
44.533
35.510
22.451
27.089
11.663
56.896
44.903
51.551
46.481
52.453
45.862
47.364
6.400
25.553
39.961
40.604
26.178
28.649
39.209
25.601
43.814
36.909
42.883
29.429
38.565
44.108
22.410
28.244
32.966
41.919
24.675
18.849
39.931
50.928
54.458
56.998
50.355
30.183
48.439
8.461
33.172
13.764
35.332
39.309
54.261
44.112
14.658
35.073
46.177
11.040
43.655
45.908
45.267
40.182
31.380
40.151
22.328
11.130
52.248
18.427
38.514
18.447
54.326
17.248
19.103
12.448
31.421
47.383
52.759
11.216
42.152
59.393
48.368
41.756
46.034
49.650
42.234
32.383
22.166
24.154
46.578
53.559
58.852
42.629
43.208
44.976
35.613
40.310
42.744
48.928
42.866
37.977
45.638
35.107
44.094
45.080
32.292
39.752
43.277
45.457
44.781
43.275
49.726
53.982
21.460
32.668
40.101
47.300
49.436
24.481
11.434
22.507
22.923
9.970
40.404
29.393
52.563
52.101
61.018
43.732
32.618
52.222
40.847
38.969
18.230
14.050
31.053
15.044
18.574
15.833
55.022
34.961
35.900
17.001
42.395
44.127
45.758
16.320
44.294
50.345
20.311
41.758
22.211
45.248
43.090
42.156
42.427
35.440
55.068
52.562
48.234
56.561
24.504
47.417
26.703
33.703
48.962
52.126
49.454
34.444
33.994
16.300
42.922
34.760
50.167
49.696
40.472
46.006
11.468
56.226
44.155
30.848
26.296
34.872
23.730
22.816
12.071
38.033
32.362
52.874
43.643
23.366
34.231
50.232
32.567
30.292
37.566
51.193
20.277
22.152
36.991
40.367
46.397
40.069
35.108
32.243
58.175
39.677
43.685
45.819
36.237
28.611
28.060
55.498
56.143
42.473
31.442
26.185
50.016
37.421
38.649
33.201
29.814
27.755
35.734
44.719
30.757
40.453
23.802
40.122
54.685
29.734
40.500
43.266
44.419
44.412
44.754
40.269
45.283
38.089
42.775
43.505
43.712
19.667
44.624
43.531
27.402
36.003
55.931
30.265
32.741
13.792
29.719
47.142
14.478
26.315
46.891
41.405
5.194
32.850
45.039
40.285
37.421
43.478
44.981
35.884
46.917
54.494
45.905
39.269
44.725
48.222
40.332
34.964
40.301
49.234
52.605
12.069
32.361
39.656
42.091
41.565
33.116
11.685
47.742
33.134
53.050
41.589
48.395
33.848
44.052
37.448
35.283
46.520
58.117
37.654
56.034
39.489
38.966
18.706
28.509
29.094
34.902
36.679
35.020
36.786
9.061
19.726
50.466
35.596
32.300
40.209
35.564
41.899
51.591
39.478
46.617
44.871
44.332
51.636
34.828
49.186
41.532
42.465
55.024
24.215
32.201
56.617
20.101
41.989
15.763
26.624
52.463
24.357
30.623
34.024
45.157
41.806
37.042
45.533
43.066
54.880
48.230
46.732
52.225
52.616
42.819
51.385
44.971
47.342
48.704
43.271
29.544
26.351
36.574
45.764
55.420
52.121
17.248
40.800
17.963
51.296
26.110
38.074
44.772
44.529
44.587
41.049
24.653
44.402
47.818
53.159
23.777
45.767
35.191
20.902
36.319
34.894
36.209
36.085
40.004
40.784
48.825
34.505
28.763
28.312
27.267
15.544
33.444
26.116
32.858
23.789
25.058
41.509
35.006
51.352
52.702
56.274
21.301
41.441
29.082
36.973
47.711
17.301
18.452
39.122
40.044
43.240
50.178
50.108
38.678
56.167
36.729
33.686
42.233
36.731
19.042
40.616
22.749
34.057
32.503
31.650
41.786
43.641
29.234
11.684
46.920
29.205
59.874
48.967
38.685
57.348
46.559
35.622
55.925
25.889
24.319
19.296
40.710
28.734
48.384
39.945
47.088
51.293
43.034
43.275
39.741
48.493
38.201
30.517
51.999
48.393
32.847
55.047
52.326
40.937
24.294
38.501
28.013
34.576
35.014
57.383
44.790
48.019
59.380
58.766
41.500
45.708
20.534
56.714
39.145
48.900
33.378
32.617
37.979
47.928
38.186
46.700
47.219
26.473
30.508
34.817
43.017
44.502
27.456
34.095
13.173
56.749
57.275
42.345
26.604
57.915
21.713
47.483
57.521
23.348
20.029
43.701
53.690
51.197
38.313
58.084
15.189
15.733
24.296
16.111
39.088
35.579
45.952
48.527
32.714
49.267
49.487
49.868
37.221
51.669
36.643
17.859
44.045
36.310
43.980
56.180
16.459
47.406
54.988
52.151
28.760
55.116
49.694
48.843
49.226
33.296
33.417
36.602
48.333
48.982
18.830
44.564
28.485
14.442
37.988
50.281
23.197
38.467
11.126
46.983
51.461
23.126
27.654
53.230
14.386
45.050
28.034
33.902
31.759
51.865
32.981
15.989
51.615
25.817
19.205
4.653
32.955
19.699
30.919
21.000
46.816
4.186
44.878
26.365
14.394
34.737
41.607
38.131
21.028
35.485
50.525
41.930
27.504
45.992
48.880
18.571
53.904
49.688
36.303
23.240
23.581
55.345
36.085
37.040
44.850
44.917
31.481
58.597
10.525
47.471
18.814
40.103
39.553
37.909
43.609
56.209
39.337
23.751
33.653
57.051
57.883
43.814
36.026
56.003
40.378
29.990
41.697
43.512
22.499
38.627
39.877
30.442
34.492
35.928
40.694
54.360
22.760
37.817
46.430
37.738
37.889
44.849
47.024
19.375
45.843
50.882
48.437
48.011
43.421
15.361
30.769
41.493
31.709
44.845
35.475
57.119
37.822
40.022
41.766
50.799
37.335
42.892
49.723
32.835
57.249
44.496
24.322
59.779
31.120
34.095
41.192
60.119
61.233
51.004
28.840
27.082
48.547
40.901
40.219
45.704
38.877
38.454
47.859
45.344
31.131
27.556
41.403
24.071
37.506
37.581
34.540
51.406
46.262
36.348
48.028
44.707
41.757
42.428
47.742
42.779
26.817
40.275
54.321
41.909
36.799
57.911
50.850
31.009
29.136
30.992
46.111
27.043
40.527
26.560
10.645
42.542
49.579
57.617
45.117
40.597
47.869
18.556
16.926
42.564
47.224
48.310
31.632
43.257
55.079
26.228
25.944
32.456
51.578
16.894
20.108
30.073
40.450
44.032
12.553
12.194
38.229
32.520
43.486
26.617
34.657
45.735
46.664
34.991
42.355
30.864
43.478
41.281
55.438
24.560
54.637
41.160
57.976
13.924
51.592
14.174
20.322
41.812
38.161
43.887
20.897
49.106
50.226
37.956
37.874
29.828
54.639
32.318
31.769
55.965
18.808
20.176
17.196
21.314
25.010
23.249
23.071
46.543
49.467
41.337
50.325
42.739
47.149
44.696
42.721
37.889
55.495
38.365
37.659
34.686
60.775
36.969
36.765
43.189
13.653
39.216
12.503
45.120
39.314
54.180
37.439
24.417
50.112
51.537
48.674
52.913
47.085
39.050
44.705
49.954
35.391
40.964
17.471
9.893
36.680
32.370
34.283
15.895
17.013
47.339
46.747
41.691
28.383
34.620
27.489
37.529
32.495
18.502
35.436
44.362
19.089
43.493
56.074
55.658
49.153
35.836
32.054
21.254
57.895
35.809
54.837
38.070
52.620
40.812
14.663
32.834
21.992
58.028
33.147
27.328
33.531
49.222
53.676
36.939
31.326
47.461
14.068
22.603
36.378
58.392
14.885
17.269
22.068
34.863
56.865
32.430
14.568
59.361
43.096
44.947
7.047
43.276
11.692
36.966
52.137
46.999
59.687
47.244
55.341
54.168
41.099
46.641
52.301
48.916
39.756
38.062
42.566
42.007
23.269
48.786
37.347
43.828
46.818
50.692
47.190
18.722
13.480
56.051
39.890
39.833
28.303
39.115
49.771
40.972
47.551
26.262
54.216
53.387
55.929
13.280
25.087
22.231
29.775
59.839
52.549
44.292
45.493
59.571
44.013
48.511
48.159
22.041
30.305
44.967
22.951
23.951
43.164
34.407
27.192
53.081
41.804
23.778
27.127
21.744
14.841
24.965
22.802
54.304
40.336
38.210
52.010
