25.712
46.988
27.421
44.134
41.385
30.766
29.361
25.939
46.976
42.529
40.715
24.555
48.763
31.789
58.090
23.893
28.716
33.094
32.752
30.374
16.653
31.084
46.773
30.175
53.138
44.882
27.518
45.947
20.604
36.131
13.605
37.483
29.811
34.628
44.365
29.264
20.248
22.901
39.358
47.521
45.247
17.881
34.043
35.688
43.716
43.104
21.789
19.943
16.701
26.086
51.578
53.673
51.484
10.440
46.036
33.908
34.744
38.255
30.974
30.328
28.353
28.523
35.535
42.995
33.773
33.163
35.936
51.730
40.861
53.142
30.567
16.208
22.514
52.986
19.597
55.653
44.514
18.682
44.762
46.155
45.065
20.307
56.140
59.528
37.287
47.392
52.464
35.433
47.207
45.027
48.567
55.556
45.042
30.581
47.052
56.988
37.874
53.450
38.105
38.208
51.536
19.673
58.443
49.354
28.194
54.893
40.782
32.387
35.130
36.227
15.409
26.595
47.399
43.759
34.922
28.822
29.990
34.746
49.720
53.237
29.293
50.801
60.436
47.209
48.488
54.463
44.864
31.978
28.888
37.728
42.036
18.228
29.978
52.818
41.801
45.300
31.807
43.207
27.233
38.081
35.393
42.460
46.039
2.007
13.823
8.278
55.792
54.701
47.657
46.948
8.372
36.693
57.616
52.081
34.091
33.406
30.144
26.985
43.098
25.343
33.806
31.810
47.290
50.381
47.032
48.128
22.425
54.450
25.188
26.751
31.856
49.631
39.517
53.129
32.810
23.508
49.156
30.548
14.480
22.911
36.568
34.751
44.630
16.595
56.450
53.984
30.761
25.178
31.518
43.001
38.993
53.139
19.177
44.314
32.482
44.986
31.519
34.705
47.959
30.863
30.748
50.472
59.293
31.856
48.931
42.739
41.932
47.114
40.403
25.967
38.874
56.823
45.917
36.419
36.415
43.922
23.615
16.125
53.388
53.142
40.230
37.533
39.978
41.939
43.561
37.206
35.617
47.532
25.733
49.466
43.249
31.155
23.838
28.681
55.135
41.949
28.824
8.250
25.259
52.845
56.260
54.083
35.212
51.700
51.745
49.223
45.933
46.420
45.982
37.372
44.635
51.974
37.839
42.741
40.448
32.342
38.419
49.037
53.343
46.061
40.417
42.176
46.195
39.509
51.525
55.236
50.550
42.982
33.770
33.233
46.948
54.585
47.346
54.320
41.370
15.837
34.064
34.329
46.441
29.876
52.822
21.994
22.614
40.466
40.300
52.384
41.193
50.911
29.840
14.907
31.591
29.622
27.981
33.239
16.416
45.099
17.332
38.202
35.505
40.135
42.546
42.026
31.169
23.983
42.143
54.266
27.745
31.601
15.723
19.711
46.203
40.944
43.017
57.177
29.778
30.231
48.071
9.313
30.887
29.919
59.446
55.344
41.322
54.117
39.035
40.149
39.769
39.531
47.621
36.648
23.522
42.643
39.343
51.037
40.865
10.043
26.042
26.057
60.294
56.680
55.945
20.809
33.612
39.027
54.942
26.921
28.336
38.338
54.590
42.215
21.133
34.712
43.508
23.979
44.393
30.830
58.971
56.261
37.142
48.598
40.423
17.913
9.010
53.405
53.440
12.761
53.413
32.667
38.132
55.808
31.347
34.073
32.807
22.602
25.254
51.336
49.303
32.357
30.679
53.849
31.723
15.703
19.222
43.656
45.524
42.678
25.728
24.627
51.830
39.176
42.381
43.174
34.035
36.993
50.662
38.631
39.224
35.616
48.557
36.503
42.812
16.945
41.861
47.983
44.561
39.459
42.738
40.250
30.143
46.297
39.569
43.257
32.101
51.186
39.902
32.853
33.415
33.823
49.976
56.113
42.890
32.717
42.560
20.544
43.317
55.066
47.415
48.745
30.429
51.568
41.928
45.736
47.505
46.300
50.802
30.392
46.938
18.555
17.765
22.027
50.457
22.779
15.054
9.201
33.499
9.461
52.605
44.065
43.839
19.658
22.051
48.907
22.464
17.469
26.702
49.845
60.073
51.684
51.069
54.087
48.500
42.829
56.809
45.442
51.083
38.497
56.090
45.134
57.360
29.967
9.605
46.904
12.888
25.550
41.467
37.668
49.780
47.486
12.795
37.316
52.545
32.588
48.230
31.775
44.459
19.154
16.167
34.023
25.867
29.715
39.672
34.326
33.773
48.638
36.451
28.181
50.949
39.999
29.821
52.944
36.464
42.437
47.361
49.284
42.079
40.567
48.411
31.917
30.898
55.970
38.439
35.385
59.157
29.349
47.923
42.211
33.882
51.349
36.152
48.379
26.483
38.381
44.745
39.377
42.933
45.954
37.858
18.249
37.536
40.967
47.810
45.290
35.034
44.075
30.388
23.411
38.700
44.819
45.711
28.465
34.056
33.901
19.730
20.048
43.877
32.037
51.769
42.796
34.930
30.958
18.994
26.248
35.186
47.363
26.358
38.008
40.862
24.060
27.829
47.725
25.523
44.030
27.333
42.676
46.310
19.021
37.556
54.346
48.280
21.079
18.495
13.401
22.590
54.611
29.522
19.726
13.188
41.243
9.191
49.978
43.086
47.542
24.913
20.396
52.718
17.730
23.198
51.078
27.288
48.393
49.489
42.530
32.042
42.839
14.586
37.312
52.459
37.465
37.774
39.736
30.342
38.945
33.982
49.832
40.795
52.006
28.946
41.875
50.953
46.349
46.085
39.404
42.188
31.715
59.121
49.894
26.282
46.427
42.770
44.246
23.598
27.530
35.841
37.468
50.003
27.653
30.943
48.164
33.185
45.286
33.913
40.261
24.287
38.157
44.472
44.280
36.972
33.651
36.964
29.627
26.338
30.912
20.003
23.569
54.854
42.797
47.164
27.318
19.212
27.083
33.517
23.747
25.329
32.973
52.364
34.196
34.998
44.117
24.747
41.439
43.938
29.047
37.138
15.841
6.251
18.681
55.393
48.675
54.515
43.942
31.472
13.942
49.976
41.755
40.570
38.327
36.165
22.891
17.605
37.131
27.956
43.328
37.125
53.155
30.408
44.387
53.499
41.002
34.483
38.703
48.265
54.314
53.679
39.186
47.898
45.701
48.441
39.847
53.097
51.443
50.476
31.255
40.822
43.334
32.524
44.823
46.015
48.856
39.092
60.573
30.343
39.399
46.707
45.328
34.112
40.870
42.164
39.463
36.906
41.956
48.889
46.993
41.506
47.865
24.598
56.344
57.402
34.551
34.648
45.416
36.887
46.828
47.935
45.214
59.944
30.058
22.399
50.322
41.110
24.546
45.182
42.015
59.718
43.110
31.037
48.774
16.098
39.393
34.563
45.784
52.604
38.943
32.834
45.807
13.418
17.750
32.873
18.679
45.230
39.918
23.417
29.051
38.379
43.631
35.463
14.567
27.731
16.705
40.829
39.229
37.240
42.247
40.606
43.439
53.169
43.813
45.666
39.208
36.473
54.488
38.737
41.132
57.501
24.654
37.702
40.287
54.638
26.816
24.682
54.231
48.668
57.669
50.301
49.650
52.757
44.447
31.442
49.826
33.390
33.886
31.504
47.549
47.742
46.984
40.214
35.866
24.556
9.456
2.759
50.433
38.727
49.787
55.020
16.603
56.561
44.010
32.387
17.078
60.387
30.103
45.106
48.534
40.268
33.648
42.522
49.025
48.260
29.101
27.992
51.294
30.417
48.285
54.143
41.189
43.428
31.098
34.664
15.742
24.491
5.408
23.716
52.565
22.336
49.125
12.325
39.763
34.582
46.803
35.008
20.103
25.365
31.746
35.129
47.739
31.809
48.570
52.188
56.565
56.949
51.101
48.624
50.552
48.589
41.456
31.144
46.191
49.750
38.360
54.713
46.057
56.912
28.862
48.241
12.345
10.569
41.595
47.707
30.707
42.151
40.965
51.499
35.489
39.813
37.525
46.645
39.866
46.365
41.042
34.709
9.006
11.282
38.320
30.256
29.728
28.526
42.159
21.519
53.655
34.574
48.883
48.951
14.994
16.245
36.986
40.042
56.556
39.531
50.783
26.375
46.168
60.899
38.090
49.732
59.007
16.655
27.800
46.590
34.799
33.591
47.398
24.992
25.137
32.383
47.939
28.945
46.889
46.051
53.875
52.207
39.379
27.921
22.046
41.786
34.339
46.223
38.922
53.622
57.264
47.410
47.687
45.792
40.074
53.100
42.430
54.084
28.072
36.941
50.266
58.226
41.681
53.574
35.834
52.199
32.224
49.190
46.943
24.996
18.165
46.916
36.469
42.614
25.185
22.142
54.872
27.425
55.077
21.423
36.580
44.074
19.690
44.464
31.525
42.832
32.346
53.583
52.892
46.679
47.707
43.418
18.859
32.451
29.695
48.076
55.433
40.321
10.203
31.761
30.842
56.267
42.912
42.875
36.329
22.788
45.528
20.460
28.286
18.584
40.692
35.878
25.504
38.514
46.101
18.092
47.221
40.364
17.971
29.315
39.052
48.339
29.878
34.390
34.459
31.466
31.666
41.607
39.180
27.904
34.174
51.387
42.964
54.430
19.194
36.694
41.056
38.601
32.142
30.393
37.805
49.707
19.055
50.763
28.787
42.851
45.969
26.263
50.801
20.015
44.011
26.586
36.817
43.203
32.030
21.761
17.736
17.432
16.300
46.577
44.469
43.550
47.759
36.011
16.256
41.548
47.187
42.398
22.147
38.144
23.706
16.787
50.275
28.111
19.738
47.586
39.744
48.272
44.110
42.986
50.559
46.694
44.662
48.903
22.657
24.147
54.004
35.771
44.659
27.697
19.118
38.739
3.842
7.743
30.212
19.137
17.322
26.257
26.743
27.960
26.701
48.362
43.027
42.444
24.878
44.885
40.075
41.961
40.224
26.208
14.124
41.894
29.626
29.485
45.457
30.315
43.534
45.620
33.237
44.533
45.778
19.916
39.195
51.244
29.420
48.501
32.212
44.913
45.026
27.494
51.724
38.499
19.157
6.706
7.319
53.384
29.547
44.617
37.091
49.468
34.056
51.145
45.308
43.332
6.471
34.900
40.701
52.651
2.752
56.928
20.599
34.754
51.583
39.385
46.617
40.407
13.218
24.194
31.350
32.065
45.442
22.568
20.334
38.918
29.906
24.044
42.520
45.799
33.976
45.148
40.763
55.056
35.663
42.783
38.832
39.910
46.719
46.312
39.051
33.519
26.627
44.127
38.796
13.967
39.654
24.316
23.087
36.493
45.151
41.077
42.729
48.288
37.436
45.545
28.559
23.633
34.533
47.293
15.032
37.144
36.842
41.463
38.327
46.216
29.411
24.247
41.312
53.049
33.608
51.771
43.059
25.859
33.999
12.215
43.740
7.954
52.795
51.727
27.479
32.435
29.341
32.317
18.983
19.739
31.260
38.990
57.514
43.721
54.251
16.677
36.689
35.566
42.716
51.061
18.179
40.477
35.060
11.557
46.442
32.752
44.606
20.765
33.217
36.827
37.517
42.316
36.793
29.011
19.941
28.742
27.388
41.192
60.382
44.397
38.220
38.511
34.845
24.142
32.491
42.854
20.840
31.937
33.959
29.459
42.743
54.696
19.610
35.077
44.121
16.781
45.391
47.655
34.532
53.745
42.897
29.896
20.208
39.601
19.218
53.241
46.621
35.806
8.241
15.963
28.518
45.032
46.012
50.115
41.052
51.800
40.873
57.242
53.316
11.294
49.541
28.489
40.312
48.873
38.723
44.699
40.199
42.922
38.796
59.761
40.873
47.347
40.860
32.308
43.157
51.544
28.100
57.222
58.245
44.703
42.399
23.472
41.270
30.473
33.051
53.912
43.138
35.676
43.605
51.549
36.429
40.460
39.824
34.394
38.897
42.895
58.111
53.910
19.385
50.463
18.648
41.495
44.280
45.154
40.234
29.685
47.595
20.878
32.021
36.422
29.426
42.115
33.148
19.033
42.714
30.213
43.151
43.058
26.852
13.265
28.440
28.993
34.255
33.290
15.875
18.437
24.537
14.534
39.588
52.768
33.128
52.134
34.907
25.234
42.820
50.293
42.540
21.353
55.336
51.386
26.271
24.307
19.964
28.055
51.390
32.523
35.963
17.183
51.887
31.901
53.752
25.258
27.313
41.138
40.202
43.498
50.595
39.144
38.208
26.764
41.816
42.496
47.398
42.874
55.811
40.783
25.639
38.603
47.018
43.744
18.304
51.977
31.206
42.974
54.457
33.115
43.240
17.157
34.909
34.118
36.444
43.543
30.243
58.198
40.622
44.073
58.300
45.811
49.073
40.208
48.562
58.825
17.032
39.652
33.932
42.320
42.244
47.437
10.375
50.884
44.664
28.740
20.448
38.222
43.112
26.838
60.249
46.698
55.241
59.582
23.933
41.891
7.398
47.393
24.876
46.086
24.070
43.596
49.711
22.587
27.884
24.775
48.837
52.400
59.403
29.657
48.164
48.224
50.967
32.805
39.707
40.174
27.880
47.838
34.860
59.279
23.228
52.352
44.829
39.015
54.724
47.724
31.835
45.745
31.899
28.060
26.220
5.914
9.236
31.731
33.573
41.445
12.318
22.477
18.280
52.399
14.133
6.952
44.652
9.075
26.233
36.266
30.651
41.547
33.235
47.934
31.980
37.242
44.921
17.975
51.812
48.689
51.508
53.463
55.134
43.974
46.206
48.024
48.422
52.682
28.755
38.046
41.739
48.841
25.997
20.657
49.994
45.491
50.865
49.650
45.967
37.371
48.190
39.170
59.520
39.953
46.244
43.857
33.335
41.990
44.610
37.560
31.056
21.178
43.217
41.331
37.790
35.128
50.089
21.718
30.794
55.336
31.831
34.688
15.842
24.859
50.493
30.008
18.235
34.229
29.858
27.692
23.775
42.601
45.208
16.876
18.211
23.730
58.184
13.540
25.870
19.489
18.755
50.100
29.294
21.741
25.964
16.123
28.741
52.820
22.931
40.612
43.653
50.571
33.515
10.181
49.264
21.795
43.499
29.789
53.365
52.123
51.214
48.450
46.027
45.831
32.639
49.059
46.855
33.347
33.942
39.383
53.750
25.121
41.747
4.840
45.041
45.009
39.777
44.448
46.143
50.980
53.166
51.052
43.264
49.982
39.232
43.470
56.544
57.010
39.395
43.448
48.634
46.883
37.105
52.740
59.104
44.249
22.535
45.205
37.637
53.626
39.194
40.255
35.080
43.043
50.218
45.119
40.134
28.500
24.060
28.573
44.967
37.579
26.796
33.729
33.325
26.916
46.902
15.677
43.633
53.455
52.872
41.475
47.844
49.684
42.381
55.410
31.670
48.670
42.098
46.401
47.611
46.680
45.061
33.166
41.406
59.998
41.331
21.263
34.591
33.721
22.587
31.331
45.282
38.351
32.038
57.141
37.138
43.253
26.001
32.312
43.970
50.277
38.618
59.125
25.604
48.653
49.543
15.480
40.121
44.243
55.182
59.351
53.074
50.709
37.203
40.255
53.789
51.419
50.673
25.773
54.795
53.671
31.550
56.699
53.339
33.484
38.937
29.516
30.687
54.558
58.169
52.824
35.052
59.232
45.839
48.798
41.105
49.132
37.852
49.450
38.666
35.726
41.942
23.116
44.113
14.827
19.693
29.383
44.936
43.952
55.477
58.172
49.844
34.447
26.742
36.109
40.369
38.595
19.257
46.952
52.250
51.967
37.251
50.530
12.406
59.872
53.721
35.028
41.164
43.628
52.122
38.947
28.589
44.676
6.227
32.251
27.478
12.000
58.937
26.221
51.481
56.463
34.373
38.625
35.437
46.237
52.178
47.237
39.205
50.761
49.785
37.070
12.630
48.268
54.176
46.922
51.813
34.888
47.569
49.774
45.976
55.098
34.370
41.487
56.952
54.853
53.818
57.841
46.305
45.869
36.733
47.635
44.749
48.529
33.812
54.995
45.565
37.683
40.132
45.233
40.397
54.842
34.905
40.258
28.052
56.105
48.387
24.114
46.089
55.020
58.510
21.864
55.175
36.258
41.838
45.514
23.878
47.828
45.676
49.258
41.349
47.171
43.484
23.669
43.255
36.086
37.899
15.076
42.530
34.553
11.436
35.816
32.164
33.409
32.962
38.871
44.325
44.909
44.462
25.554
29.453
45.539
37.935
36.390
43.915
43.524
30.688
31.129
52.470
42.177
35.978
53.984
54.442
44.264
43.568
41.627
33.503
34.744
19.460
46.127
43.978
33.908
40.331
20.130
29.350
47.508
22.434
16.940
50.147
44.923
53.649
54.782
47.067
45.678
50.881
49.598
39.076
52.466
44.259
41.905
45.492
41.010
49.846
41.166
47.340
51.274
44.205
52.924
42.155
11.845
25.357
39.633
18.734
57.575
27.534
46.569
51.774
46.898
28.022
47.012
41.859
52.516
44.702
45.890
60.546
47.678
42.756
20.024
56.039
51.028
55.497
34.878
30.213
23.579
56.299
38.419
38.634
44.924
30.820
29.524
43.851
48.342
51.634
51.051
33.548
41.883
30.094
33.282
26.173
17.973
13.801
44.856
45.487
43.710
8.098
25.879
35.031
50.577
55.982
49.670
49.602
42.730
43.983
10.398
7.213
39.554
38.201
23.892
23.010
39.762
14.799
25.591
49.337
33.772
9.024
38.441
53.659
53.939
31.911
38.508
46.066
46.613
12.548
14.109
49.338
35.311
25.963
25.030
29.077
53.915
45.282
42.313
50.760
41.045
47.238
36.730
58.632
35.388
38.695
51.811
39.510
54.632
7.839
15.074
18.899
27.893
47.199
52.916
22.295
45.406
36.851
45.612
21.132
51.518
42.233
23.712
41.480
8.340
48.547
46.182
33.228
22.745
33.254
30.708
21.204
34.898
30.831
52.692
50.207
52.854
47.784
27.170
47.776
40.495
44.816
32.914
4.398
47.043
54.832
43.295
48.248
12.483
32.757
22.676
40.137
47.332
30.700
41.306
47.098
44.222
28.460
28.616
30.328
22.010
25.924
42.676
28.300
21.051
18.457
10.670
11.339
39.338
37.817
42.750
22.983
32.408
42.947
22.562
27.577
33.253
33.907
30.816
51.063
36.707
50.033
23.760
38.810
27.288
44.396
52.054
56.831
55.161
32.808
41.423
40.701
27.480
37.226
28.603
46.992
46.298
26.931
33.498
55.331
32.884
53.155
47.093
40.553
53.226
50.852
47.216
46.199
45.107
56.662
21.960
51.421
29.340
58.887
37.988
40.717
40.872
25.461
51.753
42.385
48.150
44.076
49.981
21.676
61.100
39.696
29.235
26.096
54.159
38.964
37.750
42.871
32.541
27.980
42.083
54.567
48.391
46.430
28.087
54.270
40.561
45.856
6.660
19.354
33.753
30.420
39.644
39.763
11.550
25.694
20.414
26.539
31.409
44.466
51.963
18.285
38.856
15.323
50.750
46.234
22.259
17.014
36.239
52.098
56.843
55.186
47.213
4.601
46.476
51.518
38.785
23.597
27.896
13.884
50.976
4.428
34.116
34.844
32.030
6.847
31.543
56.056
33.608
42.991
29.667
19.053
29.757
13.365
16.801
35.477
24.142
55.215
54.418
52.622
41.242
43.037
50.335
43.550
27.544
17.236
44.230
49.646
46.571
59.295
48.702
49.592
48.703
55.634
42.204
57.332
48.996
48.922
40.597
47.182
50.967
48.019
42.327
47.298
50.336
56.223
14.198
29.904
5.516
44.120
47.814
52.106
29.852
52.606
44.323
31.109
33.664
58.990
28.032
10.113
19.324
27.937
40.115
32.091
53.574
22.427
39.920
52.995
34.042
44.574
14.059
11.933
37.797
46.325
49.260
34.009
9.031
13.975
7.037
32.565
48.732
31.247
55.490
30.200
47.118
32.589
53.338
33.638
30.082
31.689
45.627
43.168
24.982
46.905
40.867
17.913
7.576
42.118
27.448
25.640
16.444
29.279
37.437
29.084
46.375
33.757
55.789
21.875
26.191
33.602
46.812
44.686
38.437
17.212
41.159
55.538
30.272
32.138
48.660
26.321
40.888
39.643
12.626
35.641
16.927
27.343
25.020
48.211
39.391
15.068
18.606
47.934
29.630
50.306
24.499
26.485
8.718
46.749
43.027
54.059
47.877
57.487
30.604
26.031
27.405
33.206
16.760
24.963
60.481
44.061
35.476
32.115
48.353
40.710
52.364
45.939
48.798
37.724
30.519
37.782
41.549
23.292
36.429
25.262
45.298
22.558
30.331
56.168
30.385
55.150
44.736
44.786
40.883
58.703
51.525
48.756
47.164
50.471
47.804
51.293
50.278
46.310
29.969
35.401
47.058
41.228
36.170
41.971
43.343
52.169
41.243
53.348
45.413
46.650
43.283
50.878
43.632
59.844
35.404
50.780
50.964
50.014
34.231
39.508
24.460
13.888
35.596
44.903
46.594
44.298
25.950
39.090
45.254
45.359
49.250
38.701
49.207
53.969
12.147
31.879
46.444
52.565
6.392
54.377
46.824
40.823
47.312
49.386
49.637
12.370
48.885
39.407
38.132
34.725
27.855
59.224
28.873
41.603
34.001
44.843
39.673
45.539
45.314
43.109
43.583
53.061
30.921
38.205
41.586
37.193
15.495
25.302
27.673
35.705
13.757
7.768
45.780
31.303
47.339
59.405
48.121
26.222
36.690
34.234
46.807
57.188
41.800
45.682
51.281
59.119
57.318
21.844
57.999
58.278
34.546
54.769
26.982
34.565
46.938
40.852
38.429
38.717
40.821
37.729
36.465
45.043
47.404
29.583
49.822
37.968
51.472
52.064
47.839
47.116
31.810
24.377
9.021
12.782
39.243
39.213
34.961
20.419
28.485
58.564
46.630
60.259
47.044
39.839
44.016
9.673
38.420
52.928
29.517
43.387
22.003
54.060
52.605
48.830
50.136
34.816
49.328
48.262
37.643
47.851
34.547
36.354
36.994
38.360
35.888
47.746
40.176
40.886
41.336
54.482
34.045
56.564
16.256
22.654
57.218
61.036
50.362
33.817
40.832
20.319
58.872
20.981
50.671
14.776
41.803
25.094
34.176
48.827
20.661
56.090
53.067
32.414
58.830
41.200
44.461
38.211
28.534
26.631
17.083
42.433
35.546
48.452
37.528
48.914
34.644
35.765
40.043
44.709
42.681
33.150
38.105
47.001
27.642
44.458
4.791
32.136
53.964
37.336
52.651
46.585
43.875
4.354
50.265
32.181
16.513
29.422
18.791
43.970
44.605
47.721
39.145
54.656
43.979
43.741
38.898
50.909
47.391
58.850
52.067
44.626
52.599
51.638
45.557
48.606
51.848
46.224
41.254
45.197
48.150
48.229
43.989
49.183
32.252
35.817
37.326
49.996
33.120
36.914
42.636
35.668
38.570
50.240
50.047
38.060
43.465
47.007
24.239
44.703
38.428
45.209
55.210
46.268
49.748
14.799
42.823
56.379
60.888
57.249
9.710
22.043
40.502
36.181
23.390
31.920
17.799
11.952
45.565
39.653
58.961
45.980
55.601
23.903
41.478
19.272
23.688
7.688
23.560
46.504
48.914
37.829
10.898
30.416
33.724
40.517
35.894
44.219
56.849
57.501
50.977
48.213
51.724
44.336
47.173
47.383
23.487
48.563
44.229
42.107
42.672
43.113
52.189
47.938
22.943
17.800
48.554
31.257
33.839
31.699
45.128
34.594
36.589
18.213
43.182
60.492
45.105
13.945
46.339
32.935
22.336
13.188
41.041
32.062
48.077
30.166
45.796
2.340
50.796
57.763
55.875
43.814
31.864
26.856
41.771
47.674
46.557
33.252
37.122
28.609
37.731
12.409
34.735
60.390
53.461
33.691
44.737
42.058
37.162
37.451
43.259
38.864
49.180
39.052
44.285
43.339
23.971
36.238
42.441
28.753
44.487
31.180
47.448
36.585
51.236
38.625
24.086
37.581
23.532
30.492
36.747
38.790
5.284
23.544
11.003
43.142
35.475
50.434
45.956
29.597
21.197
36.458
23.638
54.922
26.156
32.346
27.521
33.695
25.361
33.516
53.327
31.776
37.604
37.507
33.073
48.788
44.546
28.796
45.313
38.941
43.492
33.949
56.695
31.734
42.187
34.481
18.911
18.309
48.846
21.982
44.299
34.490
29.220
48.239
16.323
28.873
34.560
24.501
29.952
50.941
25.200
48.633
32.259
51.773
38.991
40.581
48.689
52.296
38.786
27.389
47.870
44.996
40.967
27.387
53.712
33.721
57.285
29.767
20.386
51.451
31.325
37.182
30.306
20.603
38.329
25.516
38.944
49.850
53.109
37.875
4.781
24.706
13.234
52.682
29.963
39.543
39.934
37.960
46.800
15.381
14.891
40.219
33.220
45.074
56.810
45.809
31.778
32.909
51.168
49.955
46.284
48.843
56.267
50.640
13.704
34.093
47.523
37.741
12.185
17.541
34.638
27.871
37.148
50.321
19.260
35.724
16.265
50.480
29.165
15.687
52.073
49.925
39.244
33.372
24.718
16.158
23.335
53.734
41.702
20.518
55.956
33.653
37.836
45.929
48.293
35.541
48.648
41.800
54.133
39.895
14.646
48.348
17.344
28.381
44.643
33.888
32.189
54.017
52.415
47.962
35.297
39.384
40.986
36.246
41.739
39.491
36.863
58.973
36.766
43.836
32.629
26.416
36.255
30.793
48.491
42.169
44.158
16.013
28.215
9.758
41.996
7.686
29.618
57.027
43.971
28.785
46.607
54.448
50.759
27.767
53.635
52.268
58.780
48.491
38.958
37.354
39.521
29.022
23.631
37.572
52.687
50.653
39.685
45.940
45.207
37.070
38.270
29.174
47.390
5.831
11.958
24.406
10.195
48.226
39.511
45.531
49.684
29.530
32.426
51.890
36.437
47.012
60.023
48.946
47.811
45.431
57.735
20.510
26.081
38.945
38.450
31.529
42.409
49.812
45.962
44.626
33.938
25.852
37.024
10.961
42.651
24.069
24.585
53.634
42.735
17.527
28.718
46.839
35.647
48.998
23.052
37.716
35.122
23.204
32.387
38.195
14.883
19.715
34.136
49.374
39.108
40.531
28.869
28.034
33.001
32.675
42.658
12.976
60.599
55.775
31.535
36.984
46.609
48.334
53.874
45.897
31.189
48.352
33.740
59.066
25.720
41.438
33.447
16.060
33.033
8.382
54.739
22.474
17.268
42.271
48.953
8.801
18.947
10.658
22.383
33.835
44.876
47.078
35.874
40.910
40.362
43.527
37.709
24.570
55.400
41.022
37.116
50.167
43.985
35.202
37.110
43.140
29.940
47.399
34.177
33.726
48.107
32.705
56.158
51.760
15.579
33.339
56.343
49.549
47.639
24.696
41.208
33.977
34.500
39.540
52.216
50.407
43.463
49.620
49.136
53.642
53.275
58.538
16.890
39.120
55.698
53.635
44.872
39.843
19.907
8.108
33.934
51.562
35.467
29.308
47.625
50.240
42.238
44.095
33.974
50.834
36.530
23.035
46.485
53.934
55.934
30.538
29.898
40.536
47.981
52.484
52.339
32.019
50.769
52.885
31.635
36.987
45.526
51.809
38.341
58.237
58.595
53.776
53.303
29.620
52.309
36.464
42.534
13.504
48.421
31.747
36.340
43.515
33.866
40.529
46.488
39.940
18.456
44.076
49.178
28.826
18.426
45.567
4.862
37.301
38.620
20.297
27.759
17.259
54.711
8.936
43.479
46.885
8.113
28.770
54.743
37.861
41.566
11.870
21.945
27.003
19.450
18.427
34.799
31.649
31.823
28.429
57.136
23.202
54.953
25.633
20.198
6.022
25.638
14.805
43.933
18.051
13.351
32.638
41.474
18.119
42.925
52.327
33.679
54.812
36.079
45.906
49.121
20.165
48.358
57.728
29.532
11.250
27.731
41.819
28.556
43.312
41.337
40.614
50.567
43.716
43.685
49.672
47.303
39.888
38.838
52.343
32.081
56.731
37.439
36.150
28.446
24.719
21.092
38.130
49.340
32.080
43.906
29.852
55.668
44.643
38.796
43.516
38.665
36.274
41.266
53.897
44.630
28.883
33.025
40.907
31.810
28.941
27.760
42.401
43.928
42.756
35.287
43.449
31.306
40.770
50.955
55.388
49.200
39.442
37.788
41.842
35.256
35.783
60.265
54.651
57.623
55.359
56.223
30.969
60.550
49.047
52.925
41.295
22.289
47.540
26.399
44.497
44.631
51.955
42.624
37.422
17.821
44.410
20.990
13.347
44.591
39.002
4.985
14.187
13.381
13.132
9.654
16.305
27.994
36.178
51.992
44.231
31.452
45.778
19.885
51.463
56.321
56.205
48.618
50.839
28.993
49.557
48.451
48.432
40.927
9.996
37.589
14.023
49.508
39.315
38.360
33.353
33.573
56.483
34.737
48.754
35.376
48.242
39.789
21.320
37.471
48.687
55.774
42.073
33.686
46.502
22.934
31.408
24.001
32.446
28.062
19.810
33.624
28.704
29.048
35.114
55.848
15.359
18.567
37.014
40.376
57.626
40.192
51.775
53.709
42.191
55.174
34.160
48.038
47.259
28.294
33.093
54.842
51.475
18.084
31.626
42.470
45.657
43.198
36.559
53.223
19.215
40.179
19.042
29.117
38.464
6.523
53.618
42.476
36.380
37.403
49.001
41.223
30.786
39.225
49.172
54.897
47.323
52.894
46.732
16.266
24.548
30.404
32.215
56.671
41.857
42.573
44.044
43.872
34.858
15.582
33.819
55.751
36.584
30.853
47.250
22.372
33.137
32.878
43.327
46.708
36.007
39.279
47.473
32.264
49.499
30.056
33.941
50.556
19.219
39.117
28.040
15.088
27.037
37.101
34.913
58.175
9.946
40.905
26.070
58.986
24.651
59.743
51.008
45.540
46.575
44.942
53.624
30.109
48.247
45.594
46.517
37.327
25.693
36.692
50.855
28.699
50.714
57.414
47.182
53.858
48.532
51.755
55.819
22.897
53.995
33.020
43.389
19.426
44.353
18.168
25.382
48.410
51.507
15.733
34.631
46.458
37.872
24.323
54.509
42.627
35.154
33.858
45.232
33.437
20.458
59.956
25.504
28.378
53.875
39.376
40.354
5.884
22.098
22.982
45.674
43.627
45.891
39.640
54.684
32.914
38.001
37.445
29.064
43.552
24.289
35.136
56.132
37.271
52.630
51.099
59.753
34.834
54.574
35.434
59.039
9.731
48.580
22.008
43.153
48.577
40.533
49.863
46.293
53.287
46.820
41.540
53.484
53.390
38.050
55.021
15.818
17.668
26.698
32.797
27.109
30.805
35.818
42.262
24.424
51.638
35.589
43.142
25.330
51.675
32.218
56.268
54.471
42.690
53.972
49.664
34.740
23.402
39.307
27.505
34.462
18.818
56.461
41.294
9.871
32.585
48.060
48.153
47.171
39.307
45.542
52.053
54.439
54.563
46.050
45.944
36.997
31.399
42.355
27.555
57.589
21.534
27.964
43.931
35.926
25.510
36.189
41.417
29.926
35.325
10.565
24.034
46.740
29.662
26.393
25.862
56.523
27.000
47.584
37.455
45.841
43.630
45.401
58.833
53.562
48.484
52.421
53.827
53.376
27.511
35.736
37.808
51.452
51.128
32.418
6.535
34.756
23.851
52.845
59.910
26.015
32.915
57.339
49.602
51.341
16.636
