27.707
55.914
50.904
47.231
50.614
20.987
48.165
47.161
46.358
32.836
38.706
44.120
30.986
34.504
43.428
14.116
27.371
19.804
41.763
49.617
26.182
47.226
43.012
40.847
25.532
51.308
43.703
38.183
48.539
33.391
39.247
54.596
19.280
35.339
28.300
40.025
16.542
24.201
36.841
45.376
40.786
57.415
45.623
24.418
38.578
35.054
36.865
47.793
45.570
46.753
45.512
32.034
43.777
40.758
44.893
45.472
28.270
33.966
54.413
34.617
34.114
28.468
33.789
41.344
32.684
38.638
46.789
53.909
45.196
31.905
44.286
42.249
35.969
32.134
36.270
54.493
38.166
40.669
43.941
42.109
56.024
33.569
42.514
39.057
46.744
53.559
13.239
17.127
59.631
13.850
36.062
48.417
49.686
40.015
48.649
25.765
55.299
45.528
31.785
12.291
28.943
32.584
22.197
22.375
17.797
37.514
31.140
21.343
43.861
37.233
37.424
18.826
27.384
28.507
31.576
35.915
20.834
36.966
52.961
34.614
19.747
52.468
38.643
36.216
52.619
57.440
4.257
59.043
27.431
41.388
46.832
33.997
55.210
48.915
26.620
33.112
12.464
33.084
12.093
30.096
39.641
47.940
56.327
19.382
41.921
40.011
22.735
37.086
26.619
19.774
27.448
58.221
49.874
51.634
58.724
29.372
37.934
11.201
46.889
23.187
42.784
19.599
46.837
48.266
23.561
29.645
21.668
12.665
51.877
44.403
16.330
25.554
31.485
42.113
50.436
13.189
38.262
19.549
43.915
52.674
38.274
43.979
36.578
30.216
29.427
30.250
42.308
27.796
32.538
41.304
42.185
22.893
28.865
30.729
11.782
40.572
43.066
48.689
30.954
36.216
34.796
31.493
41.601
28.680
35.856
55.967
51.594
42.352
41.318
50.575
46.067
20.734
57.981
38.985
37.412
32.908
46.463
58.539
23.463
40.106
32.143
28.329
44.779
47.884
33.031
48.990
47.705
28.333
33.939
52.267
34.068
34.334
12.589
38.894
46.423
12.144
25.835
55.658
21.489
27.343
50.824
46.003
35.166
17.700
30.853
27.302
48.957
17.563
36.721
14.567
42.733
53.268
39.519
25.935
26.556
23.617
27.424
43.238
25.328
24.234
44.064
27.573
45.556
50.035
32.899
31.793
56.342
44.185
44.107
49.649
39.288
58.026
41.245
56.728
36.019
48.381
44.125
45.757
48.838
59.607
54.430
49.432
47.357
42.692
36.037
50.087
58.157
56.160
50.907
54.865
42.529
48.983
41.998
9.890
41.100
56.280
7.800
9.438
51.905
57.328
43.975
51.366
49.525
42.769
46.540
43.967
55.486
52.210
17.890
58.307
3.230
40.836
55.395
10.776
58.221
31.020
44.757
50.000
51.471
24.641
11.744
33.459
45.579
21.408
19.042
38.775
28.058
46.777
31.033
22.938
18.878
16.345
30.221
14.134
14.386
18.617
34.607
10.227
43.954
5.371
45.900
39.829
33.315
33.105
38.216
30.339
47.775
50.636
40.979
33.134
55.727
27.929
45.718
44.426
42.536
38.185
32.640
40.172
21.391
27.793
41.752
37.653
30.049
45.869
33.554
6.859
28.108
28.551
15.635
49.293
43.984
33.941
44.969
48.643
56.723
25.630
34.921
44.201
33.088
48.509
45.923
56.444
44.520
44.097
24.347
45.644
37.011
36.104
46.233
12.617
44.693
14.684
51.577
32.367
46.254
53.997
44.204
39.144
56.250
55.266
54.666
47.994
56.387
58.303
43.625
38.023
55.937
51.810
35.893
58.354
48.429
44.976
37.883
55.586
52.271
29.845
50.983
54.334
25.944
22.776
43.747
43.496
36.202
53.412
34.797
43.555
40.253
49.847
47.828
47.941
30.182
58.155
43.332
23.771
51.449
54.256
36.455
9.646
45.167
40.049
37.602
43.250
17.336
23.568
49.485
30.648
20.526
8.028
17.368
59.252
38.545
3.489
28.010
24.403
39.261
33.634
37.890
15.088
51.450
32.809
49.895
56.001
41.147
28.231
48.216
33.342
28.041
10.315
9.453
37.864
41.451
20.922
26.499
38.998
51.605
24.905
33.911
49.878
16.404
36.535
38.864
38.769
48.508
31.984
26.354
49.380
37.152
43.821
42.064
38.152
52.060
39.200
43.599
50.034
34.347
56.302
45.320
58.677
35.687
59.845
34.957
38.174
41.686
32.456
43.887
45.352
43.665
34.875
37.499
32.653
37.666
31.872
21.904
47.690
24.091
35.521
34.813
50.327
41.992
45.928
49.985
43.767
54.240
25.333
41.574
26.713
42.411
46.601
53.299
22.557
31.891
48.217
26.380
49.720
45.921
42.998
53.747
39.146
41.486
49.533
36.393
53.662
23.903
7.925
46.043
24.355
9.892
50.969
43.119
16.598
17.753
31.612
34.881
25.544
54.422
16.303
56.002
40.701
7.802
50.057
30.618
44.457
40.778
26.541
23.616
52.797
43.316
42.791
49.864
48.298
40.639
43.860
42.356
45.937
34.249
43.487
16.518
55.337
31.936
38.989
41.160
29.262
31.309
25.924
35.648
32.962
10.500
16.941
10.193
32.020
30.449
16.432
46.692
19.701
43.336
47.035
40.842
46.051
41.878
35.615
44.391
48.033
43.007
37.585
41.229
48.047
46.132
46.881
46.982
39.317
38.068
58.766
32.835
45.407
39.812
38.626
42.375
44.809
59.120
34.302
44.305
37.026
51.589
38.888
44.802
42.691
50.310
22.087
44.360
43.417
46.282
38.288
17.879
26.557
15.201
26.768
30.608
30.019
14.535
23.929
20.195
52.814
29.273
34.128
17.302
31.962
43.929
43.101
49.082
42.082
40.958
50.038
30.717
24.612
39.225
34.822
44.657
39.226
47.565
48.328
59.010
31.920
34.801
35.567
41.599
8.589
29.126
23.253
37.717
4.975
7.485
51.580
28.416
50.869
40.453
41.063
48.482
27.163
27.161
51.875
34.363
55.169
43.830
41.344
54.877
45.988
46.495
54.489
37.655
51.469
30.963
13.060
41.473
20.526
12.233
43.443
50.729
21.486
33.366
35.963
44.740
30.855
31.198
24.222
36.049
25.408
52.290
48.313
36.448
55.919
6.143
29.351
15.022
32.405
39.051
42.007
36.070
41.121
33.547
42.524
38.753
44.592
42.765
52.229
51.059
31.827
42.252
53.433
51.216
35.450
46.524
48.330
47.773
41.888
56.513
56.269
51.788
51.344
49.966
43.015
48.118
42.311
23.467
48.863
22.216
49.013
27.850
30.405
49.359
51.410
46.798
37.366
57.843
60.115
60.520
51.788
29.810
48.592
44.613
44.077
28.912
50.792
44.157
35.738
47.103
25.359
21.853
11.679
29.612
39.120
54.269
22.270
30.113
21.327
13.274
31.838
16.516
25.413
16.651
42.139
38.543
51.069
32.513
44.449
56.340
35.945
32.944
40.125
41.848
46.464
36.134
33.880
52.918
27.646
15.120
31.174
42.067
48.865
54.482
37.561
46.338
42.773
37.241
20.737
40.792
20.319
42.337
18.259
39.523
40.053
28.288
44.962
11.183
26.662
47.885
57.350
44.666
57.016
54.535
37.652
31.903
58.114
37.791
41.281
48.556
45.795
41.420
38.092
49.842
38.622
37.558
60.190
47.026
46.453
46.290
43.481
35.343
37.788
46.599
33.747
39.281
29.111
38.136
47.829
29.057
56.210
43.036
45.742
48.208
54.839
44.842
52.876
48.096
45.954
44.198
49.503
50.039
33.454
37.481
39.463
41.946
34.381
45.077
28.262
25.650
39.804
51.831
43.606
54.589
46.099
35.435
24.071
45.814
27.392
54.991
35.431
47.141
46.488
37.775
44.769
53.241
35.079
50.071
43.108
52.940
32.778
50.684
47.236
37.958
36.973
34.125
39.044
42.743
49.487
40.306
51.482
42.253
41.965
21.595
43.485
40.443
42.398
47.214
46.976
47.344
38.001
51.796
39.432
48.590
23.769
43.858
34.212
40.538
24.693
19.718
42.585
37.110
44.197
11.195
42.598
33.511
39.954
49.782
60.282
37.827
26.043
23.698
50.587
38.076
38.268
39.206
30.463
24.637
38.938
56.952
48.174
46.732
26.274
51.693
41.052
42.497
46.213
28.131
42.986
28.644
31.280
35.586
19.815
44.309
25.226
41.630
31.853
30.548
14.035
22.492
40.051
45.631
25.238
32.077
19.532
17.447
28.106
44.430
44.568
51.065
58.445
54.784
48.999
7.723
55.055
45.685
51.175
50.140
15.638
39.854
35.697
28.671
46.559
41.843
29.609
14.418
19.345
39.177
38.938
44.074
27.677
36.306
55.396
53.081
40.265
54.396
51.842
29.354
50.845
37.140
54.164
51.597
31.097
29.675
49.687
27.482
38.818
40.686
60.616
44.103
44.401
43.398
31.567
40.888
34.020
34.158
41.338
30.167
44.500
30.129
33.138
43.151
54.459
52.798
34.643
55.906
47.893
53.540
37.043
49.887
43.145
51.727
19.742
37.609
46.123
59.463
41.557
34.585
13.685
14.070
17.516
30.930
34.078
24.097
16.139
39.742
28.943
29.764
43.784
40.156
26.080
12.393
12.959
44.756
33.276
38.478
19.653
34.208
48.241
52.501
28.140
38.552
13.275
51.191
25.593
41.713
53.134
57.568
44.048
51.861
56.352
26.396
57.601
22.519
38.694
37.112
43.932
23.254
41.720
33.808
51.413
50.505
38.210
45.028
41.521
19.630
54.900
51.207
42.890
45.868
32.850
49.687
33.385
29.024
39.342
32.050
45.856
40.306
41.536
37.705
41.002
39.379
40.704
42.615
45.689
49.342
22.378
45.665
44.225
13.716
36.435
37.854
11.295
27.726
32.613
32.507
44.176
48.233
23.903
31.697
32.617
51.994
38.274
50.174
32.977
43.515
34.856
37.318
51.086
50.096
46.117
40.022
50.205
38.303
50.414
47.231
48.448
44.443
36.459
53.112
54.187
47.251
49.214
38.805
55.084
56.189
55.494
47.897
52.900
44.202
27.058
36.891
29.797
20.047
18.396
44.337
34.525
39.742
39.399
56.081
46.898
47.969
40.136
24.353
36.168
40.659
15.344
30.789
25.517
47.224
9.162
20.600
53.777
32.315
56.817
38.018
22.844
20.285
27.326
17.766
33.767
31.789
11.782
24.381
25.219
38.815
47.811
11.813
31.521
18.130
26.100
42.865
47.040
35.511
27.669
46.451
48.855
28.038
35.952
11.351
50.492
30.949
3.634
27.390
7.189
50.298
50.722
41.371
27.487
34.056
6.274
49.288
28.309
51.648
14.543
34.012
36.300
41.541
39.985
14.103
47.060
43.881
38.265
48.825
34.957
38.231
42.769
45.285
55.490
15.352
31.382
36.750
27.228
17.736
35.377
21.570
27.498
31.352
45.030
43.191
46.132
48.219
20.021
41.866
37.128
27.625
54.323
44.083
41.859
25.027
36.772
45.112
29.247
41.995
15.718
43.362
15.137
22.584
50.172
46.470
56.960
53.992
54.076
20.373
49.518
13.820
26.053
17.574
29.314
36.040
57.568
30.418
53.645
56.969
56.771
11.722
18.406
36.792
12.230
21.413
40.723
31.018
7.164
32.777
56.622
46.138
55.625
53.992
26.999
44.857
20.626
26.448
53.970
35.452
37.230
30.120
43.672
24.150
25.316
37.647
32.969
15.988
42.547
39.906
49.877
44.114
20.270
28.696
17.842
30.260
52.124
55.430
44.590
7.330
53.973
22.104
41.237
42.488
22.055
23.001
42.690
49.278
29.870
36.995
31.538
54.481
45.297
50.879
40.900
60.377
27.864
23.942
35.302
42.474
21.402
53.392
48.004
13.597
51.378
41.787
14.574
42.424
24.642
41.524
39.732
58.213
49.782
30.296
36.768
47.114
21.314
19.796
46.869
48.311
24.599
31.636
19.348
45.544
19.371
44.915
30.835
28.751
21.047
51.471
26.814
37.634
36.114
24.377
32.536
43.585
36.870
33.958
35.539
36.379
36.135
35.040
23.251
24.926
26.757
24.785
27.128
38.629
32.834
28.728
43.852
32.356
8.108
26.722
29.253
28.181
19.749
41.588
22.239
50.193
46.415
34.048
50.677
33.870
26.431
40.396
28.036
55.130
60.549
44.063
54.755
55.725
28.081
57.899
20.256
38.729
35.320
44.465
21.628
43.950
20.154
46.046
52.997
42.201
48.923
25.210
39.917
40.221
13.824
14.924
47.087
42.302
41.173
34.899
40.346
33.394
60.052
8.677
49.005
27.321
52.295
32.932
29.279
46.806
28.442
36.501
28.771
47.797
14.582
21.387
24.841
17.152
53.852
36.308
47.851
42.952
49.010
22.044
28.227
38.261
27.698
29.221
14.112
45.786
51.095
32.446
41.184
41.619
43.085
15.861
24.599
40.398
12.078
34.066
39.011
28.126
37.231
39.821
31.255
7.849
45.188
40.391
38.567
35.808
25.572
17.785
27.171
29.423
40.103
29.526
30.999
15.011
34.728
31.728
42.425
40.486
4.044
34.925
24.679
47.385
34.604
35.548
11.840
28.169
19.165
24.667
42.585
36.840
10.534
28.887
33.697
44.495
58.844
16.174
41.515
51.630
17.854
35.431
32.508
15.424
10.546
21.580
48.621
62.176
26.849
37.340
32.075
43.554
44.821
36.434
43.306
19.306
49.242
9.565
46.153
12.629
33.300
16.890
21.454
51.225
17.963
49.509
7.867
42.501
46.254
39.859
36.619
54.077
20.816
36.198
24.388
28.345
32.161
13.389
50.270
36.781
52.669
56.194
42.924
53.043
32.414
52.140
50.190
41.385
18.753
23.909
40.618
51.474
42.714
41.216
47.895
45.595
46.337
57.759
47.086
43.508
13.139
38.581
42.850
32.933
37.988
52.162
20.537
41.312
59.545
24.767
37.842
24.946
50.251
41.953
51.769
56.073
23.024
25.044
15.023
33.831
51.432
18.739
50.964
9.833
46.308
46.161
45.854
25.515
31.864
43.805
44.064
33.672
22.477
40.614
48.622
17.985
49.146
49.752
11.264
48.949
15.434
42.165
28.941
37.589
28.357
28.869
19.370
20.038
47.676
45.235
23.933
55.656
55.926
37.131
45.970
52.339
28.874
53.327
38.533
49.205
54.480
48.016
41.190
29.974
49.406
31.277
43.897
60.578
52.375
39.773
39.698
44.771
38.646
12.832
53.006
56.375
46.801
27.470
31.938
46.105
35.652
42.832
25.377
51.098
40.764
41.250
17.428
45.779
18.329
25.737
43.117
53.186
37.310
30.214
21.868
59.735
28.353
50.030
28.081
49.114
11.989
14.107
22.511
24.269
26.821
44.572
58.862
50.347
50.586
41.186
21.371
45.019
44.735
54.813
38.526
39.348
33.397
45.964
15.176
20.656
44.210
45.751
30.038
43.105
28.086
44.373
14.782
54.115
37.159
48.573
16.586
43.715
39.578
29.894
42.585
41.010
58.548
45.247
39.279
11.294
23.605
35.484
36.418
22.871
44.913
14.849
23.484
54.149
37.463
38.454
24.133
39.013
49.369
35.384
15.228
52.061
7.537
48.999
48.539
53.937
45.789
52.619
41.723
59.154
26.599
39.769
44.639
30.624
43.088
42.640
38.761
39.331
52.279
28.223
21.680
27.651
45.504
43.537
15.226
45.588
13.453
50.627
37.791
10.926
30.435
27.794
42.166
38.209
20.819
21.712
50.989
25.079
48.617
20.397
44.106
32.624
19.226
14.768
47.314
44.401
41.306
21.904
47.088
34.803
34.478
50.055
52.769
40.062
27.239
58.241
46.708
41.545
42.072
51.720
36.971
40.066
33.514
51.036
6.176
60.403
29.067
41.893
58.247
59.056
50.623
56.231
46.648
31.838
56.190
23.721
36.989
34.919
45.828
15.615
38.849
39.479
6.984
50.516
52.553
47.117
44.613
46.027
20.571
46.176
36.235
54.257
46.672
25.149
60.722
26.980
34.672
13.793
50.464
45.906
41.864
12.139
10.392
43.840
50.082
25.376
33.835
44.486
36.405
24.169
48.431
60.100
15.649
40.026
24.359
32.963
26.943
31.068
47.306
58.716
16.544
34.679
42.737
19.294
32.363
46.015
50.398
32.969
31.086
55.821
47.632
26.732
30.628
46.595
56.906
60.116
27.353
36.617
44.704
44.727
42.211
44.960
54.454
38.081
20.969
40.962
41.366
47.525
47.787
56.751
59.921
33.070
14.227
28.712
42.644
40.374
48.221
52.271
13.769
47.495
51.973
43.444
44.357
34.272
42.499
45.775
47.845
53.421
28.545
36.949
28.325
32.811
43.473
21.635
41.300
55.520
25.676
54.993
56.188
51.661
32.305
47.475
44.731
31.414
48.990
44.769
38.587
27.307
33.299
42.133
55.832
13.943
28.724
46.438
33.091
24.615
41.907
31.550
30.514
38.904
30.221
36.680
44.201
47.129
56.460
43.012
31.626
33.317
35.895
33.015
58.155
20.415
52.095
44.627
52.004
53.871
48.910
41.190
54.626
43.404
40.870
43.441
29.320
48.000
45.551
35.738
17.723
27.236
43.910
28.117
16.533
26.449
41.561
44.044
45.146
45.345
42.822
30.893
39.578
30.576
46.498
5.732
34.422
47.015
16.517
55.981
38.873
26.564
38.720
24.887
37.327
38.650
46.547
34.072
28.258
44.998
40.122
54.874
52.044
54.011
49.775
46.881
60.357
41.765
51.639
59.573
49.851
44.733
60.015
33.975
54.257
47.257
39.512
48.668
44.499
25.597
26.896
42.060
46.499
43.982
36.640
42.284
46.861
44.475
20.087
25.886
42.214
40.595
28.095
34.589
46.509
31.908
42.245
53.208
44.012
47.191
37.353
47.049
55.284
46.798
55.501
23.922
43.150
48.124
32.597
25.450
54.691
40.254
54.260
34.893
25.776
43.640
55.005
46.304
36.099
50.271
48.421
25.334
50.813
22.278
26.156
37.279
32.617
24.904
18.548
34.472
18.697
55.609
40.822
40.575
32.045
49.673
42.538
59.675
38.832
30.054
22.539
36.404
28.764
55.423
50.593
33.916
56.307
39.984
43.102
50.003
46.897
51.704
40.512
33.650
46.859
46.216
36.986
55.861
26.234
13.074
39.336
54.324
57.704
18.569
53.443
44.759
53.968
25.877
50.576
48.956
55.808
34.609
15.001
45.784
45.634
42.135
60.065
54.180
26.194
51.369
45.513
39.268
36.920
50.117
45.033
33.471
30.697
38.973
50.959
36.831
46.049
31.145
14.970
51.790
51.004
49.492
25.805
32.250
53.044
38.108
42.669
34.494
41.392
47.928
47.886
39.858
51.315
42.243
37.535
43.465
38.131
30.262
51.705
60.530
57.053
45.534
50.289
38.519
14.253
38.038
24.386
34.355
43.768
50.690
47.178
58.690
38.866
37.746
31.314
31.041
42.436
50.981
44.101
28.539
29.227
45.585
29.330
50.528
49.586
49.387
38.211
57.201
40.632
53.744
48.600
32.851
47.399
29.303
48.560
52.045
48.959
55.413
34.389
30.632
53.362
10.069
51.265
27.210
40.304
49.779
20.792
43.657
32.847
40.198
48.335
7.973
52.110
39.486
43.556
36.953
36.658
30.091
41.987
41.585
39.734
55.263
52.687
55.589
51.131
48.503
21.115
28.380
42.500
31.032
29.453
24.460
49.600
27.866
34.392
21.137
24.993
34.956
37.409
59.372
25.450
30.511
58.926
50.536
50.033
40.288
54.387
16.470
47.109
39.447
39.175
37.008
47.321
10.168
42.739
40.594
51.087
47.645
29.448
49.763
50.122
44.177
42.139
34.495
43.272
25.212
37.052
35.384
43.929
44.509
21.183
35.325
38.491
47.898
39.021
21.580
50.380
39.656
43.060
23.003
39.389
39.531
49.720
33.833
36.637
33.608
23.701
10.886
44.684
30.108
37.694
22.858
21.296
34.896
37.528
37.502
35.389
59.594
34.282
57.341
34.559
50.531
39.775
28.406
34.266
41.397
35.472
30.862
20.542
14.237
48.222
36.694
36.575
32.331
40.872
38.310
6.151
31.258
9.122
31.224
9.729
51.155
49.490
38.728
45.335
38.684
57.392
44.059
51.479
56.428
29.587
30.581
38.111
19.747
38.137
43.335
43.963
24.398
38.710
52.244
52.902
50.771
38.178
30.514
58.000
17.736
29.683
36.974
49.858
36.338
35.827
46.743
21.957
42.072
41.796
35.259
42.935
29.448
47.893
56.828
51.464
54.947
44.456
9.273
48.630
34.908
27.663
42.826
44.016
35.397
36.604
54.550
49.695
51.504
47.843
52.788
56.383
49.371
30.529
45.579
45.137
35.504
41.471
44.235
49.469
53.064
5.356
31.610
30.533
50.239
28.212
10.531
52.272
49.564
49.254
41.530
16.675
39.481
31.417
34.767
51.294
50.909
51.960
57.392
46.744
44.411
38.374
38.534
50.175
39.909
46.151
54.914
8.631
52.960
26.750
17.789
37.412
32.202
26.513
42.852
52.820
38.626
27.406
59.428
36.678
29.695
33.990
34.893
56.965
20.463
26.284
38.666
45.142
33.345
28.876
34.516
48.421
45.299
18.941
50.580
47.119
39.463
57.462
11.505
38.837
36.852
49.300
38.253
21.756
21.648
54.574
57.789
30.416
34.257
50.088
33.994
43.499
27.056
37.424
37.361
52.986
37.063
27.030
25.711
35.348
15.122
45.925
21.975
48.914
26.438
45.958
51.693
59.571
22.757
24.063
13.933
30.497
35.709
47.710
44.623
42.731
29.411
41.602
51.929
39.285
24.699
13.071
51.999
54.623
48.561
50.089
44.845
19.905
50.172
59.189
33.292
7.529
46.332
48.881
45.854
39.718
11.694
37.489
23.929
39.124
52.360
29.513
58.563
10.906
57.382
51.274
39.218
24.281
26.899
13.221
18.430
32.201
47.351
38.678
22.660
28.807
53.768
48.412
11.406
37.190
42.120
37.627
19.504
34.116
43.038
16.955
43.193
24.798
28.262
38.262
10.194
19.623
25.804
22.049
50.064
19.603
31.516
23.177
48.360
28.663
56.437
32.204
35.935
27.199
37.860
35.422
50.465
17.492
29.433
21.855
34.347
38.916
55.537
44.910
53.394
16.965
48.239
44.379
37.162
45.555
35.917
22.841
30.544
54.851
24.315
48.355
39.632
50.821
51.913
40.607
24.081
39.659
42.516
59.517
14.368
47.439
42.003
26.759
38.737
28.854
45.944
52.820
27.461
33.410
38.204
39.340
17.064
44.100
30.881
24.114
17.701
20.744
37.040
30.081
30.710
28.135
59.279
19.663
57.142
17.070
48.263
54.418
45.168
23.082
52.325
25.046
48.951
40.609
41.491
23.637
52.709
24.833
54.421
42.283
31.731
52.106
29.894
36.543
37.499
19.177
21.305
34.750
6.268
25.590
44.566
22.314
16.496
52.565
47.145
15.469
38.082
46.999
39.370
45.173
42.598
46.759
37.998
52.094
34.116
48.477
15.602
35.991
25.019
46.761
45.810
44.073
39.023
56.936
29.606
43.831
47.067
37.118
41.259
47.795
36.053
22.739
36.600
23.247
27.770
44.202
48.873
36.918
24.443
49.813
12.404
40.077
31.338
26.056
45.870
30.440
48.663
28.924
36.826
28.498
50.307
25.850
58.626
28.393
57.060
9.677
49.306
40.752
49.463
42.658
38.026
50.796
57.951
36.580
51.366
50.561
37.078
43.599
36.045
22.838
30.165
38.678
45.495
57.561
46.660
40.017
40.146
42.797
35.948
43.132
38.143
35.938
44.289
38.169
44.265
57.817
34.280
44.076
55.323
46.053
39.185
45.386
25.263
46.255
45.693
57.657
25.446
53.392
50.110
40.387
47.136
57.688
56.274
49.739
45.786
20.787
39.975
51.123
35.024
42.298
42.592
35.118
49.398
37.367
41.655
46.590
50.873
26.316
57.623
34.336
47.013
45.697
39.890
47.335
52.785
18.252
45.989
51.263
25.124
36.714
36.264
54.381
42.014
24.550
45.699
22.433
59.659
30.807
59.240
44.088
26.481
34.181
49.199
42.102
52.030
38.996
35.662
37.611
33.283
43.671
46.912
39.195
19.144
59.085
40.816
27.908
42.538
32.581
31.113
45.347
46.948
32.604
34.878
42.016
46.088
35.497
31.181
17.829
59.096
36.318
33.614
33.353
6.422
50.058
24.846
42.381
36.725
19.715
18.669
41.342
13.185
26.082
30.975
27.821
49.347
32.929
39.189
31.956
36.275
56.658
20.266
56.054
44.704
47.216
9.427
23.413
52.656
40.866
26.694
13.602
51.556
51.795
37.579
57.447
45.219
41.427
49.034
49.882
44.341
38.189
48.827
20.500
41.529
48.842
16.537
20.597
52.626
32.024
29.612
24.808
25.504
41.820
38.920
58.575
26.473
56.568
40.812
33.729
42.287
58.706
46.886
35.067
31.455
46.415
47.342
40.085
48.617
9.442
40.751
39.146
33.024
46.283
36.499
34.102
31.657
46.078
34.181
19.628
10.933
24.925
21.551
32.448
31.343
33.372
46.552
37.624
45.133
30.220
49.817
47.182
48.954
43.638
57.672
16.658
35.207
46.647
10.018
36.888
38.711
42.198
47.647
31.519
6.446
39.031
27.762
35.287
21.366
46.021
8.897
46.786
28.201
37.153
36.594
35.097
47.357
12.100
13.289
43.660
29.241
45.894
26.183
52.067
52.851
43.967
45.875
52.678
45.318
56.321
45.862
51.664
29.115
53.255
42.842
52.455
57.398
41.560
26.584
59.468
11.959
50.295
18.060
52.157
44.871
56.230
17.711
45.028
46.205
47.107
37.116
33.710
35.947
43.851
54.423
25.418
32.688
48.970
45.953
45.312
52.619
14.531
30.846
41.236
48.844
18.058
49.206
53.826
48.628
32.525
34.204
56.402
19.547
50.676
33.463
47.539
60.055
43.436
42.018
48.651
34.783
20.033
56.932
0.827
52.888
23.564
20.539
45.749
54.448
10.027
55.127
31.594
50.586
35.194
43.394
58.814
26.031
48.434
20.552
48.496
51.556
17.711
51.506
43.439
32.757
41.853
52.062
19.859
31.374
56.138
41.946
31.358
24.663
49.529
33.779
55.471
44.048
45.724
48.819
26.433
54.698
55.377
49.346
45.017
50.032
51.577
38.653
34.869
25.388
40.324
20.946
23.692
13.570
46.454
20.174
49.221
40.876
48.613
46.793
56.307
36.968
40.662
53.921
36.036
19.821
35.818
38.196
26.172
50.919
24.829
36.223
22.845
42.133
54.547
10.652
57.508
50.060
29.594
47.334
24.106
7.581
59.106
21.236
47.053
60.331
40.122
24.219
50.658
47.287
55.212
17.110
36.515
44.987
43.922
54.340
45.490
49.974
57.744
25.775
40.968
21.013
21.055
21.067
52.946
52.098
17.618
49.838
23.136
40.617
29.585
18.646
34.038
51.713
19.618
46.246
27.170
29.662
20.060
48.339
28.002
33.627
48.631
28.918
31.002
31.626
58.560
40.008
35.247
51.979
32.221
42.734
28.534
47.802
25.243
25.153
21.110
55.026
40.808
29.526
25.900
25.736
23.951
38.374
52.161
60.103
29.146
19.896
23.542
23.442
34.213
