21.346
42.699
29.977
50.828
56.869
38.462
55.333
33.690
40.926
55.714
47.203
47.446
43.324
39.533
41.043
29.257
39.574
48.553
21.232
50.645
30.311
39.470
37.457
37.249
25.188
36.870
41.666
40.605
48.365
26.497
44.983
22.925
36.865
32.499
39.548
44.570
42.000
52.170
23.508
18.347
37.893
18.768
9.110
36.451
25.122
22.353
51.512
26.721
47.934
36.836
45.624
19.524
40.917
29.311
41.997
15.550
23.033
15.300
40.227
32.411
10.866
32.210
24.225
15.597
22.821
26.353
35.993
45.676
37.580
29.774
24.579
47.133
35.049
44.205
41.546
8.281
32.634
29.587
44.698
40.496
12.581
21.895
11.849
20.281
43.589
46.170
43.824
32.672
47.310
46.341
31.863
29.840
15.783
39.999
24.279
35.286
34.640
51.010
54.094
58.313
38.547
47.416
49.721
26.923
42.084
27.585
50.031
28.068
38.134
55.846
52.435
27.226
48.442
53.657
22.414
44.445
53.575
48.372
51.657
26.254
9.236
26.938
58.263
45.436
53.434
44.053
42.806
43.768
27.303
44.229
44.934
33.322
33.527
20.232
55.028
38.355
35.787
34.436
57.730
40.663
28.426
44.911
42.714
33.521
52.489
36.190
30.905
32.143
44.697
48.710
50.933
43.140
12.253
25.338
13.761
29.839
21.529
43.526
22.914
48.519
33.394
20.783
46.543
19.242
42.872
36.855
38.117
54.011
43.293
44.048
34.692
41.686
27.284
34.284
44.037
30.476
26.895
33.838
36.790
44.463
6.976
28.313
20.765
44.614
36.494
2.154
28.821
17.766
15.707
30.334
33.825
35.389
40.935
38.677
35.941
22.761
47.731
42.474
43.037
42.944
43.758
29.071
33.279
28.385
45.774
48.854
57.006
31.900
46.251
27.123
30.311
50.221
29.925
41.945
40.619
22.527
52.326
36.310
48.060
51.644
44.560
37.860
42.412
31.749
47.183
16.910
44.732
42.137
54.016
47.020
56.517
52.065
43.669
49.988
31.086
43.138
25.976
28.866
20.312
34.703
43.196
20.046
28.464
50.268
41.161
42.428
44.093
46.517
34.713
11.175
39.364
52.309
44.977
30.875
29.792
30.191
10.407
44.274
57.969
57.814
51.581
19.893
38.007
24.977
33.479
46.456
23.361
14.987
25.761
9.988
28.222
41.068
23.128
23.625
21.549
36.359
35.321
23.124
30.813
46.359
26.354
39.571
33.972
26.888
36.324
36.100
37.884
10.130
50.317
52.616
38.465
19.600
51.851
34.823
56.260
24.969
52.872
43.233
50.096
48.076
28.679
44.526
27.983
40.330
22.824
41.976
55.522
26.751
22.706
40.353
42.600
25.031
51.494
17.810
52.781
25.673
46.557
38.999
34.490
56.680
41.316
46.732
47.148
47.912
50.256
37.241
51.842
56.161
25.914
39.633
42.996
9.715
33.277
45.229
39.594
33.173
48.152
45.951
48.699
23.571
48.672
48.003
31.782
55.095
39.328
37.450
42.496
36.578
56.349
16.994
43.938
39.544
23.886
33.376
59.459
51.577
33.406
36.338
43.678
39.193
25.365
44.818
25.503
22.666
22.607
32.819
42.502
29.493
58.272
15.774
23.019
28.898
20.787
29.927
56.663
59.448
30.429
33.294
44.482
29.181
39.981
28.949
33.388
36.946
36.048
43.826
29.733
25.617
47.705
36.837
39.548
38.631
37.266
46.836
45.903
42.883
46.180
40.511
38.831
60.354
44.793
56.097
16.114
50.045
31.309
48.888
55.129
50.771
60.831
7.892
16.573
46.228
25.083
13.172
50.381
40.612
50.577
41.434
47.926
50.215
41.997
22.124
43.246
56.538
37.283
29.678
47.284
33.271
53.460
43.161
41.831
43.112
37.796
47.644
50.369
33.330
43.013
52.165
43.571
38.426
53.824
40.497
21.608
54.279
57.899
15.453
33.371
35.037
15.364
20.598
40.318
44.072
32.576
44.115
26.123
40.351
34.565
38.052
15.297
47.004
41.857
32.972
37.159
59.023
46.036
44.988
43.523
45.093
39.808
44.976
35.517
36.193
46.819
48.067
48.525
43.870
45.710
44.784
23.429
37.394
55.316
34.517
43.701
17.330
26.925
36.262
45.233
31.535
6.116
36.878
26.535
37.199
56.697
33.144
58.299
8.696
52.873
44.861
42.846
21.738
29.810
12.292
23.068
24.727
13.405
13.271
42.513
25.559
20.019
55.654
43.388
51.449
37.112
47.833
52.947
36.520
29.610
48.616
54.062
41.391
22.991
31.410
34.901
42.504
34.151
28.573
25.590
38.828
51.062
17.508
15.446
43.569
20.759
24.869
47.233
44.904
40.504
32.992
54.663
39.957
32.218
37.813
60.613
43.357
50.790
47.893
28.668
46.591
55.451
53.104
51.901
57.905
23.364
51.873
43.221
43.235
42.571
40.424
30.486
50.832
43.496
45.186
16.068
33.519
44.732
48.148
23.183
23.333
46.033
18.694
34.998
46.473
38.472
41.634
45.523
14.367
48.520
41.977
21.248
39.443
32.774
30.937
19.178
57.821
42.006
15.912
42.721
48.107
58.882
41.873
35.696
51.675
51.311
37.220
41.505
48.145
41.545
23.136
29.885
49.410
42.397
33.304
38.686
45.787
47.307
26.911
39.795
34.610
44.066
41.773
21.706
53.354
42.856
55.448
31.655
41.358
28.288
24.364
30.472
25.971
48.054
50.910
41.095
40.603
48.294
32.003
40.795
36.747
45.700
45.914
47.206
43.783
41.593
41.941
42.739
41.756
26.563
35.011
53.496
30.862
56.514
34.305
36.003
43.106
34.539
53.654
30.763
46.069
33.224
35.103
38.858
47.379
34.352
33.724
22.765
50.573
40.770
42.735
46.813
52.317
35.688
22.460
58.391
39.246
35.697
35.200
46.435
34.023
34.877
25.012
27.636
51.670
61.457
18.365
27.630
53.524
49.594
33.324
36.772
45.358
50.030
39.270
20.262
27.895
46.850
32.534
18.964
35.532
38.912
49.397
37.724
50.153
51.855
35.475
38.196
54.136
48.942
25.996
9.534
33.717
51.769
45.385
46.965
49.593
27.551
54.363
42.837
44.809
34.361
45.094
58.387
44.340
40.872
25.552
33.284
32.711
47.583
44.733
41.997
45.171
33.041
29.073
51.114
43.654
24.745
38.175
10.645
20.141
46.883
32.319
47.364
32.785
34.346
54.368
39.236
33.998
39.381
51.807
36.594
33.414
45.527
32.327
55.254
51.505
11.611
45.819
41.136
47.522
51.814
15.072
48.006
46.668
50.724
28.280
14.755
18.583
58.282
53.223
23.361
59.944
53.615
51.542
57.771
33.793
30.546
32.172
55.977
19.265
29.910
39.731
50.327
51.697
37.183
36.347
21.860
13.215
56.155
27.177
48.888
35.867
33.037
52.471
55.422
57.900
43.185
46.398
30.048
13.942
36.888
27.860
26.911
52.697
34.989
49.778
20.253
41.017
43.900
55.890
25.225
33.816
14.790
32.716
27.513
15.053
44.325
49.634
39.459
29.611
54.663
44.752
14.394
39.126
45.416
55.784
38.217
41.012
32.561
22.533
29.991
44.250
36.119
19.321
32.366
32.653
32.824
35.906
53.953
42.319
21.401
26.564
44.445
22.614
48.384
53.023
53.669
24.419
50.643
29.890
40.544
46.631
42.545
12.718
50.878
36.925
42.567
44.593
46.306
25.327
58.231
7.454
21.132
45.943
30.809
41.306
36.350
28.069
44.577
45.762
31.521
27.099
33.673
35.256
14.454
41.848
39.604
41.235
12.518
50.346
48.331
32.966
34.552
24.179
38.578
51.159
34.468
35.804
52.851
35.171
42.551
29.319
54.301
50.951
9.715
35.621
11.440
7.933
23.553
25.124
53.083
36.426
46.997
50.434
28.261
44.509
43.247
40.832
53.086
47.643
25.645
38.626
44.310
40.471
47.124
39.402
39.064
19.746
30.387
33.097
36.757
36.343
28.162
34.494
27.845
23.211
36.905
42.522
44.991
19.935
46.555
26.962
51.407
54.962
34.654
37.281
29.387
40.038
43.454
54.118
15.854
31.456
44.144
29.791
20.465
16.124
27.162
52.313
46.794
52.248
57.314
56.737
48.488
47.144
16.255
35.557
45.649
12.432
20.870
52.006
41.043
59.755
51.831
26.195
52.162
35.790
44.292
36.164
44.349
49.302
11.253
16.099
41.866
46.431
25.571
44.322
38.976
44.951
17.970
53.958
21.943
26.936
37.427
33.257
40.034
58.969
52.116
23.888
37.631
26.643
32.650
39.468
56.097
30.627
50.092
25.578
40.120
55.867
25.312
40.771
46.356
23.107
25.639
39.536
44.534
49.174
21.271
38.696
18.905
59.087
33.415
54.477
43.343
5.090
57.478
55.073
44.993
23.430
58.494
51.536
36.807
43.717
41.301
52.621
33.866
34.956
38.420
25.680
46.564
45.115
8.381
58.307
52.945
20.557
30.885
16.084
37.607
31.453
20.273
28.711
47.230
51.245
41.844
51.558
42.963
42.915
6.100
60.189
59.204
26.633
41.266
54.220
52.208
41.438
35.018
33.977
23.395
50.986
12.425
53.186
47.467
51.206
26.708
23.905
25.638
55.104
45.433
26.496
50.470
13.625
34.459
51.449
48.475
41.189
33.554
53.753
15.157
51.891
46.688
48.365
34.849
33.707
32.672
30.276
26.555
44.486
48.601
52.872
1.782
45.714
57.882
44.432
44.636
33.074
27.735
33.470
45.313
44.773
52.783
45.663
29.165
48.886
46.651
31.919
35.256
39.132
51.212
9.756
48.261
43.915
28.907
34.983
35.923
33.668
42.001
42.473
44.292
38.460
43.496
31.231
34.519
28.753
54.117
9.921
40.202
44.706
18.572
12.069
17.237
16.162
39.096
41.248
44.446
42.562
32.856
29.600
50.591
53.719
53.467
53.123
27.945
45.464
50.075
23.057
25.760
32.478
37.164
31.697
12.274
46.952
58.793
54.126
51.334
29.195
47.368
42.901
42.661
51.770
23.815
46.401
51.261
21.535
44.299
23.626
24.945
24.165
22.322
6.488
43.291
27.819
39.733
42.507
26.202
27.439
36.710
28.632
51.343
24.795
46.270
42.336
34.339
37.741
29.509
32.660
31.231
30.224
39.668
37.315
58.497
60.548
36.572
52.933
25.890
59.215
45.368
24.509
