35.402
32.660
38.946
29.862
44.312
47.690
47.450
41.091
27.402
34.725
44.300
45.136
41.073
42.252
32.197
48.116
23.735
38.036
31.769
31.037
31.506
29.755
44.802
41.461
48.034
18.289
40.394
5.303
48.396
29.396
10.572
26.668
28.092
18.358
11.379
32.006
41.929
8.455
14.786
17.725
26.735
52.252
4.250
57.058
58.933
52.694
21.322
22.385
52.043
42.971
50.892
21.553
41.666
41.222
45.278
47.539
40.774
58.143
47.686
32.098
21.690
6.925
28.377
31.524
37.826
53.911
54.219
51.852
30.551
39.343
41.057
15.418
41.656
43.724
47.768
39.611
33.771
11.047
23.555
40.172
12.058
30.077
40.922
37.110
28.137
32.459
38.810
36.671
43.292
26.753
45.211
41.901
28.597
28.516
51.096
30.505
15.303
28.429
25.721
58.272
56.757
18.234
39.340
28.900
29.523
28.748
52.511
25.614
42.197
20.008
29.595
27.865
35.113
32.862
52.197
40.355
51.362
50.702
39.686
52.061
44.809
53.595
40.281
50.661
54.246
43.282
37.017
52.433
40.941
39.277
14.661
46.080
33.816
44.613
37.548
40.572
31.840
36.802
28.300
50.721
26.919
52.010
27.383
54.086
25.884
37.460
10.455
35.546
35.028
32.825
14.901
39.367
39.002
49.642
41.087
43.033
39.604
34.250
27.646
36.324
36.212
34.208
11.475
21.148
37.360
36.899
42.648
29.890
26.233
41.888
50.075
46.483
43.342
21.988
34.906
47.196
39.140
43.734
44.304
26.058
43.037
54.536
20.315
58.944
51.087
28.651
25.361
20.971
29.393
37.040
34.984
25.963
47.700
45.698
21.923
47.227
58.081
22.462
52.425
53.318
24.263
36.864
25.203
24.200
52.397
60.052
42.108
38.294
56.045
26.878
48.297
52.591
39.632
45.216
36.669
39.690
53.563
57.126
56.179
55.893
40.647
51.650
57.985
53.085
57.132
49.852
49.702
61.385
8.758
36.266
18.985
41.226
51.101
19.035
38.633
30.660
15.426
15.012
42.108
38.080
49.120
17.990
38.958
43.013
35.365
46.714
22.643
34.095
28.932
41.483
40.087
5.938
24.080
20.890
49.869
18.234
40.947
39.211
46.088
46.549
43.951
30.087
16.310
45.593
53.215
20.527
50.033
47.186
21.055
37.256
20.377
34.058
32.753
44.632
35.372
44.437
46.961
50.886
43.764
47.734
60.832
42.151
48.433
37.907
22.442
17.812
36.265
16.463
58.998
46.208
23.794
32.080
41.068
60.535
7.350
58.400
58.233
47.163
35.261
23.052
26.989
32.891
33.132
24.417
55.599
34.818
14.374
10.289
54.677
44.626
28.956
40.208
53.166
32.597
46.458
19.907
34.708
32.989
40.492
27.344
27.223
14.440
54.608
36.768
41.792
38.054
27.149
58.186
54.064
55.316
32.217
44.080
30.250
41.106
45.551
38.077
57.186
59.875
34.075
54.079
49.029
35.527
51.295
52.712
28.182
57.030
40.466
36.604
36.744
55.803
34.340
45.208
55.430
48.623
19.366
40.715
12.452
21.892
21.647
12.381
20.799
29.091
35.106
21.833
27.262
44.081
17.429
28.929
32.793
20.260
39.838
35.242
20.106
11.247
42.290
16.172
37.641
52.867
32.371
48.119
34.360
35.383
41.752
36.636
38.124
48.005
50.923
19.740
37.718
54.716
32.142
55.974
26.216
44.049
13.276
56.636
36.387
49.127
59.413
6.734
42.075
39.809
42.238
28.027
28.461
27.407
47.998
40.313
19.487
36.768
29.027
25.662
44.845
33.726
40.358
17.811
16.488
16.597
49.954
46.870
49.087
51.439
56.026
36.455
32.065
27.984
48.954
55.772
49.802
27.482
60.677
47.368
42.962
45.749
41.409
23.340
35.233
51.363
36.009
45.794
45.696
45.613
50.960
38.786
37.336
36.960
59.370
38.148
28.623
45.643
52.813
47.297
12.065
52.757
51.295
39.197
14.406
26.967
26.354
57.071
17.254
39.545
31.042
40.084
40.615
25.916
47.678
44.330
24.025
9.464
5.560
48.497
37.555
31.781
11.359
27.540
19.696
28.516
42.833
26.977
30.415
47.420
31.910
21.423
47.125
41.254
23.718
6.473
47.867
14.463
43.237
53.558
25.420
52.270
39.936
18.449
20.547
29.689
38.273
39.675
42.666
41.652
21.285
29.348
18.758
31.876
38.031
46.055
34.874
49.908
38.810
49.011
49.017
42.867
32.580
47.383
39.765
32.633
39.849
52.342
31.716
25.229
31.486
47.689
44.373
48.658
51.207
42.096
42.997
34.555
35.606
35.050
49.540
45.629
56.903
43.658
47.578
24.697
19.176
42.001
41.523
39.198
30.793
27.851
25.865
29.101
43.270
44.310
16.362
37.300
47.622
59.097
38.418
36.263
10.871
58.389
54.399
27.274
32.208
47.726
35.492
40.615
38.824
47.732
43.007
44.565
53.383
57.716
59.099
43.542
16.393
49.373
42.363
39.023
48.157
48.962
51.161
43.691
54.065
45.978
37.188
24.709
14.937
30.217
31.978
34.759
34.071
43.422
43.723
39.703
56.388
34.801
22.264
42.512
45.437
51.860
49.071
43.082
45.713
56.528
42.155
45.728
32.248
30.643
21.046
38.560
48.811
22.692
49.035
30.090
38.857
46.147
30.201
43.058
47.104
12.580
48.579
20.429
23.506
37.571
27.175
39.270
42.076
46.175
27.302
27.687
30.576
30.199
36.640
23.800
25.634
31.110
10.902
24.031
39.929
46.648
18.074
32.898
40.311
40.201
30.571
25.024
17.388
22.641
24.207
31.812
36.585
56.085
53.379
34.691
35.820
20.654
32.690
10.786
34.982
24.949
48.682
57.394
51.406
52.037
52.093
40.419
48.245
54.397
51.609
47.622
27.223
57.451
54.303
28.635
41.224
38.381
48.629
37.391
46.127
36.159
32.396
34.217
34.164
6.025
35.564
42.988
57.263
41.480
27.049
25.058
43.307
30.404
43.227
44.464
56.535
13.936
51.736
35.832
38.299
8.078
48.297
53.276
50.844
37.921
14.226
24.501
54.489
49.828
47.803
25.425
49.272
58.906
51.315
53.086
50.306
19.941
37.079
53.633
45.310
12.264
8.194
44.890
42.170
44.639
57.802
51.438
38.589
48.668
53.514
26.841
25.503
5.422
46.684
29.205
28.447
40.820
15.282
49.854
42.253
46.201
26.068
25.628
53.255
31.356
36.689
37.495
42.214
37.513
53.006
28.363
34.082
40.221
36.227
52.918
43.617
42.552
32.343
56.413
37.447
37.960
33.128
17.532
16.400
36.981
10.455
19.483
25.460
14.755
52.397
49.972
46.584
11.499
20.110
16.717
41.091
8.742
41.452
27.406
46.228
28.466
24.939
33.162
23.320
40.569
55.375
55.895
44.886
45.447
59.826
36.951
36.165
54.993
47.306
37.230
57.014
36.074
53.612
39.619
38.217
59.918
51.965
33.093
57.207
27.223
20.905
39.901
39.416
51.942
53.048
25.335
41.643
56.815
20.396
13.551
37.699
41.073
38.443
13.524
17.475
15.152
36.392
29.491
31.207
36.301
25.551
45.597
44.091
53.585
39.603
36.033
27.957
52.913
41.661
38.170
23.137
47.733
31.853
31.910
27.500
38.227
48.836
22.425
35.121
42.124
40.011
40.538
39.879
37.547
41.424
30.320
34.219
38.356
35.677
35.772
35.205
24.553
41.585
52.627
27.930
30.970
36.992
51.088
45.879
15.172
22.968
51.327
43.655
36.562
7.734
34.879
37.004
35.940
25.061
17.507
56.717
24.661
50.064
10.452
41.777
44.042
11.608
38.741
53.001
51.819
49.629
44.151
42.339
41.366
51.143
39.390
19.588
33.741
43.459
53.008
43.420
41.280
34.734
22.135
20.261
13.397
41.006
44.789
56.316
57.087
39.280
33.917
39.607
56.328
20.949
40.987
39.378
46.643
24.766
12.933
40.926
47.475
37.939
45.583
37.019
50.395
36.482
31.194
22.890
39.960
33.707
45.307
35.364
44.828
48.180
47.741
48.963
18.218
47.336
33.342
49.473
23.153
55.283
15.493
36.176
29.450
14.748
18.281
26.845
20.486
31.985
10.084
18.053
30.286
53.955
40.716
36.376
59.492
49.731
4.370
38.019
22.583
52.809
52.286
37.631
30.193
28.524
33.570
47.548
19.603
30.166
53.068
26.396
16.724
56.511
30.508
23.958
10.434
13.548
39.726
32.930
30.155
31.034
45.517
22.026
48.815
23.770
28.031
52.744
30.125
43.862
50.575
51.156
26.647
30.449
26.902
47.823
19.526
36.358
18.800
46.656
21.990
50.804
43.015
36.465
41.004
30.631
37.937
33.404
59.673
55.482
49.573
55.375
36.251
31.925
46.671
34.701
59.085
37.989
24.444
37.496
31.062
62.009
36.213
54.307
46.938
43.707
14.769
42.855
45.855
24.736
15.711
44.952
45.790
38.123
42.343
42.241
28.650
40.498
32.280
50.284
48.840
39.172
45.792
17.119
41.816
36.072
38.786
51.116
48.398
5.593
35.826
23.395
51.921
40.916
19.650
19.285
37.739
22.363
31.630
47.476
26.864
25.827
9.715
29.127
51.357
43.035
24.698
36.086
43.668
22.069
43.781
52.632
40.673
43.533
35.381
55.452
15.990
42.763
36.801
48.926
37.300
43.304
59.302
39.649
40.740
34.121
40.921
10.751
40.934
49.513
57.406
54.127
41.218
50.593
60.749
35.947
56.102
31.929
37.171
46.486
14.390
32.505
41.130
51.037
41.776
36.195
45.759
36.566
30.644
36.970
48.756
50.153
40.526
36.893
28.828
18.017
42.147
19.833
42.166
13.249
43.542
53.510
20.615
34.207
23.324
47.663
31.378
41.131
24.713
25.355
38.287
30.376
35.337
30.756
17.411
43.243
37.731
38.105
45.511
47.260
49.535
43.963
52.222
30.404
40.246
47.510
6.526
42.603
32.776
56.896
56.197
37.186
28.667
45.344
21.186
46.183
45.099
21.248
32.230
17.785
53.519
53.515
34.869
20.276
53.199
23.127
39.959
22.451
29.923
43.772
57.553
52.245
22.456
16.634
29.362
36.237
31.100
42.007
23.488
38.428
61.108
31.942
45.522
33.253
21.111
57.060
43.951
53.700
41.049
42.658
18.192
58.466
20.729
40.537
28.507
14.920
23.541
16.128
36.190
47.021
41.211
49.160
57.120
52.222
39.261
52.424
43.780
9.199
21.389
32.261
50.408
36.925
47.376
56.570
19.796
52.470
51.959
27.783
39.590
6.543
42.659
18.658
40.345
41.108
32.021
19.601
23.002
24.668
10.454
54.599
54.347
29.022
32.294
40.174
21.269
42.009
47.827
29.060
56.054
46.417
48.774
57.865
47.053
39.183
46.104
33.839
33.149
9.969
44.164
9.295
43.977
49.374
21.925
24.085
47.578
17.621
47.255
18.750
22.113
17.194
39.646
40.497
49.873
49.431
47.663
31.648
53.323
28.338
45.421
51.952
37.421
48.734
50.769
32.868
56.110
26.084
43.836
38.705
57.106
45.511
39.585
48.505
32.965
44.220
36.342
56.052
38.098
22.753
24.941
18.540
45.201
7.266
54.194
44.968
50.213
24.723
29.276
45.612
31.036
46.999
43.595
46.911
39.571
18.173
45.499
45.151
19.957
28.189
47.054
36.860
56.965
49.480
34.724
45.981
60.159
28.272
37.007
28.183
32.852
51.287
28.209
44.949
28.538
28.401
57.699
21.151
52.311
33.219
60.409
42.328
33.839
53.371
15.354
41.733
43.062
48.894
49.179
48.233
42.077
59.127
39.299
55.368
50.543
43.933
17.240
18.943
40.565
17.539
47.313
27.896
34.666
44.980
39.600
49.759
40.407
44.025
51.099
39.584
30.228
54.600
32.721
41.215
60.984
47.167
43.553
51.612
53.079
43.415
29.870
33.177
41.086
35.772
30.733
49.946
36.194
43.181
38.238
49.174
25.693
49.237
22.905
20.310
44.266
21.491
52.302
48.360
37.656
40.972
9.350
44.904
26.808
56.253
48.595
57.716
33.265
41.573
59.416
43.973
22.001
53.079
26.913
37.681
23.099
15.579
37.446
41.505
42.605
42.648
43.296
40.699
54.678
48.696
39.822
44.413
25.794
53.187
41.585
49.910
58.293
41.465
59.951
30.279
43.234
53.312
55.330
46.852
42.362
49.442
45.709
43.370
51.399
50.491
16.093
54.605
54.108
49.203
26.109
49.590
47.848
45.279
49.184
45.995
50.720
56.700
46.656
46.367
49.121
46.043
51.027
51.604
39.852
46.130
41.388
30.047
45.060
20.189
41.045
30.913
45.454
54.602
55.156
45.185
54.465
54.549
38.979
36.527
35.853
31.139
54.896
55.067
38.706
47.127
36.241
48.047
45.012
46.537
23.610
44.260
24.645
26.918
46.828
40.582
30.256
53.503
22.583
59.115
53.825
45.529
60.043
35.574
39.790
53.635
44.836
52.234
45.911
31.847
17.107
45.761
37.143
41.640
54.205
44.491
45.101
13.307
37.434
38.917
39.273
47.002
33.161
59.568
40.641
59.828
46.680
16.055
41.294
37.984
49.520
58.954
20.949
60.374
33.366
39.016
50.194
46.871
45.352
41.835
35.125
29.608
28.858
52.513
57.896
41.453
31.427
49.875
41.975
26.048
48.291
48.877
34.567
30.000
32.746
38.935
36.986
47.023
33.432
21.212
41.905
32.512
32.752
44.670
55.007
12.148
37.568
33.937
36.195
50.578
30.249
29.305
42.338
40.550
24.952
30.062
39.391
37.878
28.966
44.762
4.077
29.779
44.895
37.643
30.592
49.796
56.727
52.176
39.117
60.446
43.428
52.963
48.324
24.057
53.375
26.707
40.065
61.395
44.160
43.084
48.006
48.898
46.444
46.521
42.557
21.824
43.192
31.894
32.092
51.876
44.868
37.204
16.708
43.587
28.488
59.874
43.433
31.427
37.984
19.019
26.408
48.509
32.088
39.252
39.607
45.488
36.630
13.477
52.204
15.394
36.214
36.025
60.842
26.698
32.550
47.005
38.013
24.802
47.660
54.073
22.790
17.748
34.141
15.735
41.090
34.757
19.568
40.593
33.635
18.174
26.401
20.254
52.652
25.112
25.309
18.160
43.753
45.274
9.683
7.772
17.782
26.933
52.377
25.418
25.287
18.567
50.296
10.100
28.931
50.693
49.402
35.260
52.868
24.366
51.343
33.928
9.944
58.305
51.178
47.867
10.308
37.967
37.050
43.859
41.802
16.164
32.063
54.548
39.776
45.889
43.465
42.743
49.091
9.262
43.507
55.967
55.421
60.452
5.980
31.488
34.285
29.226
36.039
48.692
46.715
37.931
52.701
47.690
44.510
46.876
33.462
45.142
16.601
22.657
24.529
32.784
45.471
34.987
43.446
32.674
35.107
34.553
32.091
34.126
39.744
18.356
29.531
41.156
30.269
40.831
47.463
47.334
34.261
25.136
39.428
42.051
60.237
16.826
9.172
57.528
35.012
40.856
36.604
24.972
31.967
44.268
49.994
56.295
49.863
48.570
50.699
38.996
35.171
50.685
35.137
13.276
53.562
42.119
25.316
42.092
47.474
39.757
34.378
42.276
46.254
26.217
54.479
17.474
52.597
55.869
44.790
49.770
44.538
55.363
43.969
35.499
40.770
18.621
54.196
35.331
44.140
49.929
41.570
33.210
44.853
33.798
26.622
13.756
10.943
45.978
44.740
48.825
45.986
40.578
48.859
26.190
31.547
31.894
26.677
55.416
45.582
36.504
28.638
43.228
35.562
25.838
32.253
21.470
32.877
35.026
25.820
48.044
9.711
56.685
49.399
20.925
29.685
32.523
19.120
55.406
20.291
32.598
13.275
51.012
50.049
50.378
12.712
45.808
33.787
27.653
44.311
40.234
13.003
46.129
55.541
50.588
54.191
14.972
21.894
32.094
19.506
23.027
28.238
32.236
30.324
38.913
49.354
35.253
34.595
36.668
34.518
50.134
11.006
28.273
47.388
43.440
35.405
54.402
59.756
56.560
41.119
54.140
46.182
53.353
55.691
30.165
47.718
56.641
26.090
25.484
12.823
46.115
41.951
46.151
35.622
19.723
19.365
33.139
56.900
58.811
49.317
24.991
40.538
31.903
25.005
21.397
20.221
17.315
35.477
51.395
39.726
54.473
8.692
17.186
19.689
26.650
48.045
51.916
24.242
43.183
38.743
43.957
20.422
49.070
39.671
25.273
40.129
10.554
42.777
35.966
35.455
45.316
27.526
21.895
23.376
38.702
21.629
23.766
11.368
35.144
34.139
25.613
17.407
21.864
41.206
19.013
20.324
47.603
24.127
27.868
25.498
35.626
34.960
49.743
34.641
44.641
28.431
17.952
36.775
10.774
34.190
16.726
49.563
46.571
43.542
58.066
32.883
40.493
49.506
28.784
45.895
25.013
18.844
44.926
36.829
23.223
30.634
20.078
52.261
51.395
58.179
33.020
48.228
17.548
50.714
18.916
53.651
19.145
38.673
24.371
29.119
52.032
23.286
53.227
18.958
26.688
34.138
17.708
42.035
16.291
39.138
50.510
20.464
35.895
30.832
57.706
52.740
36.211
45.161
33.128
51.708
32.432
11.758
49.758
43.254
47.387
44.212
48.731
51.507
49.413
48.985
55.054
53.517
33.635
56.734
26.199
45.888
47.281
41.047
32.022
33.302
53.226
44.614
49.676
47.288
45.134
48.652
27.847
49.923
17.867
52.398
44.832
35.311
43.923
35.153
27.391
33.570
28.481
41.871
44.983
38.606
35.969
34.815
45.230
45.056
16.543
13.952
23.638
12.333
39.555
45.994
22.362
41.227
36.372
38.527
40.986
12.107
48.421
41.025
29.853
33.540
16.327
41.520
34.507
55.686
31.622
34.972
38.026
54.597
51.068
21.882
43.258
23.269
40.781
45.952
44.639
41.972
30.695
46.600
20.288
28.737
39.740
19.109
48.839
39.873
54.899
53.615
49.268
40.128
48.831
49.204
25.687
37.921
43.363
43.799
39.318
45.137
17.466
28.873
53.407
51.290
39.599
40.162
20.294
13.205
52.798
49.281
41.491
8.775
23.799
19.235
52.281
38.888
41.814
53.346
49.259
47.063
22.733
37.952
20.802
48.634
50.729
31.673
60.025
49.871
38.718
41.311
40.683
50.887
32.329
54.959
47.469
58.159
36.068
40.399
29.318
23.700
53.575
29.876
13.325
59.490
33.131
42.440
54.777
25.859
45.777
22.795
54.474
39.193
45.504
30.606
45.160
56.328
28.999
14.392
37.610
52.973
31.962
44.803
46.838
19.706
51.466
53.021
47.784
37.424
25.197
37.334
22.006
20.385
44.753
36.532
47.954
46.173
47.671
50.237
27.245
37.683
41.782
43.159
48.720
43.101
59.667
33.816
32.279
39.492
36.525
12.792
24.711
26.104
39.601
7.850
9.390
46.966
31.103
52.349
48.725
52.429
60.437
56.961
45.995
50.648
36.554
45.128
30.093
58.012
46.217
54.441
35.352
26.984
28.434
31.764
36.304
47.292
47.536
21.861
52.656
38.822
46.789
45.849
57.498
43.578
41.916
44.737
35.285
53.293
51.819
57.127
42.170
35.879
50.278
48.670
43.799
38.818
40.259
54.409
51.597
49.052
40.337
45.110
28.457
48.131
31.138
35.685
38.963
37.179
16.152
21.113
47.403
50.679
56.286
25.137
43.438
17.547
51.470
10.821
46.546
6.760
32.692
18.379
24.571
55.678
13.823
52.153
45.150
38.775
41.126
51.242
43.800
52.071
26.132
48.895
55.952
28.937
35.761
49.250
56.227
39.918
42.323
27.293
36.582
56.564
52.303
42.786
22.315
42.758
49.964
49.644
19.287
52.921
59.455
47.887
30.936
38.905
23.773
30.586
18.245
28.669
49.471
25.700
42.174
33.759
38.199
19.172
38.958
41.566
17.191
29.671
3.105
46.352
52.788
50.562
29.461
41.625
36.802
31.201
46.072
31.695
52.116
33.908
21.219
35.896
8.110
33.145
46.079
27.746
47.372
16.663
53.455
33.978
35.843
40.190
44.368
16.480
52.731
52.206
30.788
27.568
33.714
37.901
43.339
53.063
47.439
52.404
36.351
24.616
49.818
19.044
13.665
23.537
37.247
42.729
8.312
13.765
43.830
22.606
31.833
41.212
44.580
13.169
38.509
29.802
17.198
32.845
39.890
35.377
39.456
55.188
31.221
28.202
29.814
17.465
30.933
36.708
39.608
28.014
30.902
27.925
45.178
45.441
59.565
37.938
33.929
45.347
49.923
54.975
41.077
37.803
36.040
6.970
21.154
26.045
26.456
34.597
32.792
49.152
44.801
29.383
48.238
10.830
36.184
46.420
32.539
16.691
38.503
36.401
55.985
44.874
36.651
46.764
36.368
24.515
35.791
47.577
52.210
18.000
7.680
54.572
39.636
35.427
27.309
43.005
38.771
22.100
53.078
45.409
16.537
15.958
22.647
44.320
22.045
39.027
16.296
43.441
20.907
35.607
33.642
40.534
44.539
53.884
36.096
54.638
11.592
27.481
56.211
44.221
40.716
43.932
45.584
50.155
36.725
19.457
24.222
39.923
31.731
54.270
55.745
6.099
20.316
45.367
38.100
43.810
21.748
28.835
39.758
25.044
49.070
17.649
35.322
37.488
18.448
49.060
31.403
32.806
24.658
43.953
14.954
53.855
30.596
38.419
53.563
43.436
46.781
52.148
41.063
59.235
32.011
42.088
49.938
11.723
22.862
24.265
47.128
35.480
47.722
48.370
28.308
46.951
35.146
29.547
44.098
40.179
54.891
50.976
43.181
50.508
58.258
41.035
23.255
60.193
32.274
42.316
50.214
34.159
42.933
45.514
24.834
43.818
31.759
35.499
27.313
40.213
28.687
38.889
46.639
39.206
46.162
52.258
40.123
16.927
34.591
22.954
40.969
56.898
54.762
51.087
51.294
53.817
39.636
57.019
39.777
23.743
38.252
36.735
48.374
29.370
25.072
30.514
25.896
40.170
15.356
17.604
16.098
54.682
53.889
48.038
20.315
25.397
52.049
20.707
34.267
35.486
22.690
30.624
26.295
20.001
55.406
10.520
53.448
22.437
39.151
39.442
11.275
43.596
36.718
47.027
34.723
45.204
53.180
40.234
32.779
24.547
23.469
19.911
55.837
16.590
27.636
45.700
32.241
38.148
54.235
33.070
29.496
48.988
54.210
35.125
46.047
17.736
38.299
15.751
44.953
35.257
30.311
41.790
30.534
25.045
44.014
9.766
44.721
16.151
21.182
47.792
7.584
27.654
54.569
30.090
30.832
13.732
41.805
46.687
51.031
19.150
35.664
45.907
23.801
46.721
46.942
30.319
50.154
48.554
45.889
37.820
35.395
32.751
37.783
23.101
48.670
50.700
42.706
29.119
35.729
36.364
43.674
35.720
44.012
49.920
49.879
40.325
10.679
50.156
26.676
28.060
32.146
52.647
38.754
44.760
23.794
26.502
31.673
37.616
20.079
57.133
47.972
27.350
45.164
51.152
47.799
37.554
18.392
47.563
51.397
30.610
38.809
52.234
37.131
18.681
20.191
46.568
48.659
45.321
54.114
53.795
44.063
56.757
44.712
30.889
44.422
19.102
11.068
21.681
51.036
31.854
37.068
54.353
47.572
36.508
38.547
46.421
49.380
35.189
50.279
46.877
50.007
48.955
39.947
58.425
55.559
49.913
6.960
30.280
39.198
37.026
27.222
13.251
28.675
35.443
47.616
38.606
24.577
40.281
56.050
24.228
38.423
40.713
20.383
37.338
60.301
32.100
52.446
35.328
25.156
43.897
37.111
45.049
58.123
23.415
20.637
8.769
30.410
45.611
21.111
53.842
11.408
50.202
18.435
37.439
20.946
10.119
18.637
19.333
32.330
21.496
19.450
46.595
26.804
47.273
50.450
31.310
27.220
54.070
43.825
49.560
40.259
38.823
36.796
10.709
43.955
32.400
34.545
51.747
38.925
24.300
46.443
37.753
50.110
51.823
27.077
55.086
39.728
51.993
36.876
45.138
11.212
51.157
16.354
16.792
49.181
54.425
39.892
36.484
44.046
32.531
47.554
27.665
26.637
52.354
46.470
44.770
48.831
45.716
37.955
13.068
24.983
41.113
44.960
23.842
55.122
39.897
17.173
14.279
30.124
20.613
42.975
27.339
19.658
34.329
17.462
21.351
55.247
9.842
53.185
34.650
26.109
41.306
48.707
36.466
47.870
55.571
39.101
36.359
16.383
37.796
8.011
52.576
40.451
37.655
48.940
39.541
39.674
44.727
61.559
43.331
45.989
12.213
18.183
28.999
26.487
29.980
29.644
52.792
20.874
39.942
22.882
23.878
47.392
23.884
48.930
48.461
36.832
48.211
33.268
49.644
37.330
31.793
35.618
30.064
14.134
45.855
23.621
53.813
55.378
41.525
21.831
23.600
22.759
9.010
39.357
37.740
14.264
52.117
42.005
21.732
42.935
23.996
24.808
49.427
32.232
24.412
33.239
45.526
11.282
25.505
48.390
25.844
27.160
30.563
28.637
44.056
34.931
36.170
9.382
20.303
42.891
31.779
45.908
57.961
47.176
50.032
38.701
50.998
60.193
54.459
41.624
25.029
35.387
34.756
16.267
48.007
50.021
55.813
55.905
35.648
17.644
31.324
54.304
38.558
29.114
28.651
50.762
58.425
31.246
42.059
39.975
50.276
38.361
49.642
41.046
46.827
44.515
33.301
34.492
41.687
31.101
30.189
49.118
40.809
40.727
38.886
40.134
27.082
48.288
25.831
39.345
47.813
46.381
18.133
25.469
31.062
39.393
26.459
40.590
33.646
38.245
56.950
31.873
10.140
21.099
34.171
15.835
40.379
27.173
54.351
55.503
41.256
47.649
53.405
58.299
38.840
34.839
44.882
26.639
24.874
51.953
48.885
35.823
40.671
39.158
43.037
46.748
36.849
49.075
33.957
40.387
40.774
44.053
31.899
46.324
53.287
45.134
53.934
49.984
53.130
39.390
48.062
39.900
49.296
37.652
41.177
41.687
50.807
44.062
47.499
48.615
43.610
25.985
17.544
25.840
60.316
36.655
27.407
31.911
34.774
42.690
37.707
38.027
45.509
43.798
55.746
14.301
39.931
37.749
43.197
36.872
34.557
42.827
46.020
43.495
48.356
53.132
26.548
52.963
41.411
43.608
40.013
43.375
42.205
41.664
33.856
38.165
37.715
49.419
44.911
39.421
21.257
42.546
54.767
35.072
39.838
15.434
51.635
17.693
42.727
17.073
23.007
24.923
31.540
20.467
29.414
27.324
49.099
45.041
43.114
45.063
47.934
49.588
48.816
30.977
23.057
43.966
32.239
51.555
59.236
27.084
58.597
53.301
57.965
24.384
39.446
49.463
29.708
55.917
22.696
47.988
52.385
27.750
18.022
45.898
14.208
56.389
47.359
41.959
41.457
36.023
58.434
40.408
32.347
32.605
14.587
17.423
26.487
37.355
54.683
47.356
37.270
51.208
41.423
53.417
48.055
60.357
35.776
38.757
44.219
50.805
35.953
24.963
45.170
31.829
58.608
33.993
50.944
17.570
21.363
45.325
45.500
36.456
54.021
52.053
37.324
50.248
53.895
36.874
35.360
25.043
25.324
19.087
50.172
59.136
46.651
55.066
12.718
29.392
27.836
10.434
50.356
10.023
48.235
47.189
34.361
39.142
53.507
45.480
28.506
48.479
43.118
45.935
16.449
10.844
43.518
49.086
37.304
22.265
30.049
29.542
44.249
45.088
39.374
47.302
37.689
21.932
30.476
42.937
45.820
38.957
53.196
37.299
39.511
40.092
48.855
53.931
31.617
21.921
27.423
49.025
34.565
37.544
48.754
32.172
47.913
45.138
48.649
56.570
59.030
47.011
43.731
39.640
43.663
35.967
48.521
47.282
39.452
46.313
57.604
44.577
53.344
49.431
28.776
36.436
35.124
28.838
35.457
42.868
20.880
34.002
37.768
52.661
32.620
45.018
8.407
46.642
57.223
20.208
39.800
20.948
46.767
50.984
17.524
33.830
50.691
44.094
51.639
52.428
48.342
57.175
45.554
23.340
47.520
50.653
17.125
43.978
15.550
37.306
35.245
30.849
38.399
59.803
51.406
50.700
22.035
35.499
