33.696
39.959
37.000
16.018
37.459
52.228
20.021
54.933
18.433
14.936
43.107
33.461
27.327
44.727
46.389
44.178
34.371
56.203
38.373
54.183
43.565
29.171
46.908
28.350
9.411
40.694
45.428
37.800
49.939
47.962
37.112
44.861
39.398
59.384
47.339
56.762
55.255
50.872
56.913
39.279
25.531
43.535
55.454
20.795
42.230
43.477
50.517
18.793
33.030
35.079
54.197
55.120
37.791
42.300
38.216
32.967
54.704
29.647
16.013
54.085
55.832
44.975
32.359
46.885
39.869
39.976
29.362
50.861
31.425
27.183
46.955
22.158
36.837
44.131
34.170
32.310
45.519
43.958
41.648
22.913
44.182
41.591
42.073
41.410
44.131
56.392
43.873
54.237
34.144
41.636
38.733
46.685
35.399
53.022
