45.094
35.242
40.897
58.582
59.778
44.798
30.530
45.878
30.390
36.428
32.953
44.951
30.016
38.341
22.594
35.075
54.849
59.788
42.461
21.085
34.607
38.177
31.745
39.657
49.107
47.526
52.838
59.557
28.828
9.686
22.469
17.201
52.481
38.322
13.228
43.664
41.459
19.759
20.116
34.159
46.861
43.995
23.953
48.176
42.284
15.188
32.059
39.963
13.996
38.013
16.665
30.632
16.418
20.209
46.007
49.051
18.556
53.843
54.703
8.973
32.947
60.207
34.241
51.717
19.924
46.723
35.594
39.325
22.152
50.057
36.652
52.306
47.406
29.980
45.127
38.223
30.905
31.466
35.390
30.291
15.168
37.133
39.150
56.514
26.121
39.439
31.832
60.064
45.997
30.970
36.912
25.457
38.078
33.721
25.826
38.833
14.663
42.120
45.778
53.165
33.737
39.233
34.933
56.273
38.705
40.519
17.267
42.716
38.227
39.916
50.773
58.292
9.545
40.721
18.027
46.776
50.124
35.052
34.339
28.335
7.769
22.380
58.649
46.601
13.827
44.973
13.832
50.170
42.996
30.284
30.323
49.359
19.858
58.879
45.465
45.493
30.384
23.809
23.450
42.651
52.538
20.254
50.900
32.430
50.365
40.156
48.515
41.065
55.568
57.848
53.383
47.781
42.802
19.731
36.226
31.671
54.495
41.647
18.668
52.640
39.180
38.261
15.060
45.027
55.243
47.411
10.637
49.755
27.794
34.680
25.832
28.036
53.804
14.829
49.540
56.628
29.905
37.655
11.373
41.384
23.336
39.124
38.289
34.505
33.840
17.247
24.405
31.907
47.437
33.780
50.602
31.330
13.060
18.447
36.233
22.404
33.404
40.476
50.683
37.748
44.215
48.454
27.688
8.640
24.366
32.455
19.224
43.978
40.533
44.939
42.431
42.418
55.156
44.668
27.261
56.688
54.737
30.005
35.038
42.851
44.517
41.524
36.324
37.920
40.741
29.991
33.781
36.520
33.658
37.977
36.728
22.057
39.483
50.383
35.456
37.185
39.572
38.672
25.102
28.768
41.211
53.197
52.314
36.934
35.570
6.300
53.502
41.152
49.775
40.095
25.098
43.778
26.986
51.552
39.291
27.984
34.248
37.659
42.922
21.029
48.740
32.518
46.255
47.184
51.092
17.892
35.745
20.115
49.809
55.775
48.049
25.800
21.477
21.341
36.791
35.824
35.115
35.382
28.252
27.482
45.461
35.360
38.710
27.369
60.747
44.003
49.357
40.721
25.065
52.337
31.403
45.727
38.322
46.363
59.147
58.884
57.678
55.420
47.739
47.332
53.180
36.542
44.159
44.637
41.047
59.197
50.721
46.813
48.008
57.103
55.068
40.209
54.352
23.619
49.113
25.521
37.073
49.478
53.921
45.976
48.312
48.301
38.845
28.530
52.093
39.530
20.847
20.120
57.206
34.756
50.480
29.469
56.879
6.105
13.644
44.857
41.224
49.282
44.815
45.535
21.485
40.220
37.334
15.996
43.642
6.416
8.792
50.644
7.581
49.009
36.713
41.970
5.936
43.109
40.332
33.259
42.406
1.692
31.081
25.447
24.064
26.154
41.540
45.877
5.399
32.775
12.641
24.786
35.819
32.607
51.127
42.408
18.240
20.714
22.064
46.649
43.106
50.892
50.590
15.147
44.578
52.659
40.635
22.466
12.066
39.589
49.628
33.260
54.996
20.129
41.534
22.048
13.105
18.827
38.797
25.006
23.940
47.635
34.165
43.000
23.725
53.772
39.797
46.669
45.678
49.276
35.189
50.162
33.458
15.452
48.540
46.749
47.372
51.895
35.632
40.383
44.517
56.334
46.006
46.534
48.705
49.427
45.688
55.925
24.132
45.654
31.796
39.608
22.981
20.445
40.277
23.966
38.192
29.484
42.484
55.958
36.738
17.547
37.303
40.588
33.315
20.035
35.091
39.025
47.617
55.624
49.616
43.142
33.352
38.992
26.664
42.734
39.680
14.618
31.678
32.461
26.681
53.565
48.587
48.254
15.320
51.358
58.562
14.160
13.104
42.203
9.052
43.945
14.923
31.836
47.657
42.264
26.408
4.009
45.613
47.512
23.668
57.754
52.883
32.983
35.384
42.924
49.479
52.419
51.912
56.793
34.251
54.284
40.059
31.540
42.876
52.743
57.432
42.043
43.947
48.191
35.430
44.872
39.501
21.463
43.501
54.515
38.337
28.635
34.270
35.382
38.368
21.077
48.323
20.041
50.726
59.003
33.603
47.091
29.334
51.648
49.063
30.371
33.726
51.426
49.952
32.891
50.557
32.053
37.434
35.447
31.683
55.434
52.924
49.194
38.940
41.709
21.430
14.571
22.588
51.454
28.210
39.439
31.701
31.399
30.634
38.699
35.027
37.231
30.408
26.948
23.900
25.560
14.295
21.403
40.401
35.367
49.391
17.186
35.576
41.601
51.270
36.049
7.634
32.218
18.531
10.580
52.426
6.096
44.365
36.073
56.895
39.177
27.109
53.028
59.953
17.954
45.975
49.960
41.536
23.751
33.759
46.528
48.916
32.564
33.616
46.951
48.100
21.729
54.291
34.589
44.850
28.292
13.354
29.932
49.110
32.588
24.852
44.286
37.818
47.748
36.093
40.745
45.271
29.769
44.620
35.508
55.333
35.458
51.009
42.733
36.413
48.605
32.954
53.763
60.208
38.286
28.411
43.941
34.772
46.080
29.761
44.510
49.853
39.331
42.158
51.687
47.057
52.488
44.966
45.552
35.910
46.968
39.002
45.721
37.273
54.461
31.651
22.397
42.687
38.552
45.613
50.257
39.761
22.462
41.199
40.637
36.043
40.676
36.282
34.017
35.119
45.018
37.528
39.430
45.255
26.305
33.856
21.555
19.532
29.768
46.752
39.052
38.930
50.254
29.052
40.832
38.803
55.606
55.632
15.511
48.093
15.201
43.526
41.846
43.456
37.266
29.625
49.082
19.410
26.657
35.211
37.354
42.984
27.525
17.722
15.598
58.376
35.989
43.692
38.924
25.640
35.832
40.411
42.012
43.249
37.718
32.553
30.004
31.738
20.931
22.260
43.515
36.962
38.107
35.980
17.215
33.631
43.740
34.449
46.566
22.242
43.489
44.000
36.519
32.663
43.302
34.508
40.897
44.996
9.017
44.769
5.896
33.531
38.783
32.536
32.436
40.442
31.901
48.174
18.225
45.824
50.637
40.807
41.170
46.134
33.220
52.046
40.050
56.732
52.285
41.542
59.725
30.122
46.092
38.990
55.535
54.765
21.193
31.055
21.189
46.225
22.736
44.961
33.084
36.134
54.580
47.075
45.523
38.200
45.328
36.001
19.836
38.962
47.937
25.160
44.491
27.872
38.331
43.405
47.971
38.311
38.678
30.690
45.375
43.652
44.648
38.336
36.633
45.265
31.511
40.705
32.919
41.290
47.296
25.228
33.898
20.273
20.500
31.379
42.081
42.365
60.427
21.583
42.683
43.897
35.646
26.771
21.605
41.303
28.593
46.549
48.661
50.965
37.009
27.620
34.846
38.377
49.271
39.597
46.482
48.636
12.527
25.016
53.063
39.219
34.664
41.700
29.086
50.031
49.482
58.771
45.184
35.911
35.950
41.286
40.345
29.514
38.971
14.162
48.863
38.619
50.420
43.343
36.358
47.213
49.444
52.670
35.036
51.900
43.795
12.032
48.393
50.501
41.729
49.597
41.311
56.068
34.181
45.775
48.380
48.509
44.786
44.043
29.033
21.572
50.611
31.809
56.184
48.488
46.233
40.657
46.622
35.488
59.320
49.413
38.843
45.604
52.149
60.925
40.009
43.924
23.312
31.910
40.415
45.390
24.458
24.945
35.604
29.655
41.778
27.121
25.255
25.418
38.647
42.519
54.312
36.404
58.121
30.284
45.897
52.772
46.462
54.289
49.543
33.632
57.584
19.299
36.641
33.295
53.900
35.274
45.133
40.330
25.279
45.904
25.711
40.667
33.297
38.243
15.616
53.432
32.820
47.037
53.048
33.534
40.114
47.047
47.802
31.562
29.779
46.465
17.786
6.798
45.456
4.026
23.568
16.180
55.276
30.042
25.050
50.148
28.349
57.771
34.558
31.191
44.391
34.867
35.953
36.610
36.957
43.920
58.185
56.491
31.903
34.816
36.325
31.056
29.943
50.453
25.346
37.847
51.975
51.794
52.216
11.483
47.860
20.982
18.417
53.861
52.869
46.584
41.962
41.293
35.100
49.594
40.694
24.452
9.677
38.781
51.337
48.217
51.630
53.724
36.849
48.305
39.556
31.989
41.413
37.314
35.623
27.876
48.875
18.640
59.351
39.852
30.914
46.022
40.035
43.338
47.553
35.443
46.899
40.119
4.059
57.599
43.667
43.879
46.610
28.743
45.046
46.298
45.243
41.018
32.966
46.400
59.392
52.818
19.463
37.336
9.785
38.904
34.151
16.294
35.217
53.259
54.761
50.636
8.688
48.917
26.408
50.514
23.410
51.791
42.358
42.268
57.638
26.460
48.936
51.965
47.142
41.325
44.537
59.276
46.400
49.114
42.376
41.052
52.193
12.538
14.137
21.883
37.777
41.472
39.494
48.539
46.924
42.143
37.242
46.339
19.179
45.881
38.024
30.717
34.711
35.471
42.904
26.245
35.946
53.942
41.611
51.644
46.121
42.564
21.604
38.753
52.047
34.592
59.647
36.975
47.428
46.521
57.203
50.023
15.734
52.648
27.457
41.952
30.810
40.066
38.281
32.533
38.200
45.838
17.837
42.270
41.256
40.057
46.398
34.609
51.825
55.633
27.629
27.453
49.887
56.794
34.289
51.088
48.858
26.676
31.422
46.262
38.871
20.261
55.563
38.686
57.220
19.670
48.016
44.276
51.405
25.411
34.723
58.714
56.038
40.175
45.663
53.574
28.545
39.855
32.662
41.278
55.035
52.049
49.934
31.470
37.058
14.255
21.144
26.474
25.593
7.498
35.000
34.112
32.745
40.615
37.830
27.011
41.992
32.052
46.941
55.454
4.915
50.209
20.020
55.985
41.166
34.318
42.032
24.631
50.456
29.388
23.377
42.721
12.347
24.704
21.354
23.047
45.387
21.867
48.140
41.113
40.009
38.782
33.239
56.683
28.284
8.194
55.046
44.665
31.424
34.858
30.824
47.698
19.546
34.252
43.362
37.034
40.102
31.647
17.532
6.291
34.733
22.059
57.649
43.379
19.976
52.699
47.464
47.703
55.635
41.046
41.465
26.817
48.036
38.266
30.844
16.782
39.048
48.825
27.875
25.345
28.135
31.732
48.586
30.019
53.682
42.040
35.500
40.437
38.353
38.539
30.100
14.221
6.176
36.428
27.922
34.372
21.393
36.975
31.940
54.880
21.647
43.644
26.243
43.951
37.562
44.055
53.495
23.417
35.031
28.119
13.666
6.490
47.920
23.465
45.917
30.217
54.452
54.361
50.458
32.747
33.655
27.109
48.840
14.357
40.288
15.957
40.607
16.217
25.641
59.014
22.643
60.424
48.852
54.525
22.184
47.080
41.475
40.575
46.464
22.633
25.552
27.238
33.394
40.436
41.444
28.421
27.311
27.250
52.655
27.188
50.712
30.387
45.251
47.376
50.836
33.563
32.178
17.243
15.197
17.762
54.224
15.683
57.635
58.016
51.135
33.801
18.418
50.055
36.738
59.073
42.157
15.789
58.676
45.029
26.858
44.435
18.399
53.105
35.285
28.448
51.670
29.852
40.163
50.094
31.188
23.637
36.940
27.952
29.599
47.589
45.238
37.724
40.424
34.091
52.714
42.934
24.340
52.776
47.933
37.897
43.496
51.054
51.822
46.754
21.077
26.705
49.779
56.136
31.058
37.278
42.316
39.772
43.609
34.779
18.852
26.097
33.294
51.473
51.358
58.365
24.874
41.892
43.930
32.157
35.675
39.129
36.918
37.049
31.294
29.217
46.957
5.908
25.743
43.875
31.266
29.038
19.357
31.408
40.698
41.960
7.994
22.803
11.067
24.343
26.914
41.771
9.880
54.932
39.025
43.237
46.402
49.421
45.000
37.559
48.660
22.720
43.874
41.063
30.699
37.784
33.811
45.946
27.351
37.158
56.967
39.753
53.602
42.671
39.691
36.409
34.697
36.500
40.925
43.947
51.204
48.223
32.353
36.385
42.200
36.583
30.712
31.744
25.027
33.254
23.475
36.407
29.611
34.667
47.787
45.261
29.543
37.800
39.694
37.179
49.380
50.021
49.807
36.217
45.905
34.095
51.361
17.681
41.787
28.587
40.269
18.490
17.198
47.665
32.628
48.239
23.220
29.187
41.859
36.556
50.191
35.971
35.703
34.873
33.964
43.979
18.739
24.008
50.869
33.946
41.280
24.673
32.521
21.892
33.534
35.646
27.467
24.305
37.642
36.511
17.905
47.788
39.440
5.758
28.148
14.161
17.467
51.825
34.869
37.907
36.668
31.553
35.529
35.071
37.154
38.898
16.949
20.114
27.006
34.167
45.725
20.041
24.993
55.581
55.126
13.225
54.769
24.652
46.792
22.811
17.826
12.346
46.864
4.822
41.700
29.827
41.812
21.782
43.786
44.474
16.166
25.521
22.207
12.013
46.164
34.345
36.607
24.608
33.402
36.713
52.667
35.093
25.832
54.942
53.618
39.183
36.249
18.856
37.171
24.967
27.630
40.425
49.374
49.381
34.360
40.983
52.595
59.065
27.596
30.137
28.136
32.299
39.436
23.642
38.253
29.973
41.049
34.323
36.837
50.862
46.601
43.391
57.052
29.365
56.836
34.860
59.084
36.082
41.608
37.639
42.227
58.214
39.569
48.224
28.365
45.144
36.058
31.903
6.039
54.160
33.463
48.632
41.464
42.579
55.115
24.268
39.865
8.032
45.530
36.915
16.605
31.020
12.989
45.852
40.640
52.005
29.102
20.039
36.145
43.791
43.999
16.275
45.347
33.243
28.236
36.297
41.476
21.888
20.777
7.884
50.442
56.965
53.127
33.254
11.725
51.229
30.443
55.266
12.603
41.989
33.724
38.496
48.330
58.245
59.648
45.335
40.376
47.783
42.156
50.813
44.633
43.457
43.549
39.038
59.246
40.169
51.091
25.318
57.039
40.350
45.710
43.631
43.426
34.089
42.804
40.235
52.896
29.148
44.331
31.612
35.783
45.341
47.178
35.567
36.775
52.925
31.087
45.631
26.244
38.594
34.240
60.532
40.084
54.651
46.704
33.329
42.097
36.151
38.610
16.837
44.032
43.247
44.604
56.510
44.223
41.751
10.958
57.189
41.182
26.000
41.947
27.413
44.375
55.307
47.912
57.562
57.591
32.904
24.026
48.020
49.950
37.130
32.742
45.176
47.774
45.791
39.321
27.300
35.011
38.431
41.338
40.141
55.440
52.923
21.380
39.892
31.455
47.725
35.145
45.409
18.375
22.976
13.994
52.320
9.758
20.755
10.626
14.257
48.166
43.469
56.677
49.468
57.365
25.042
31.422
22.163
30.006
15.107
23.726
54.080
45.830
45.287
51.086
49.085
26.913
56.781
44.164
53.900
44.241
41.889
51.376
49.373
48.353
32.761
58.291
49.750
36.704
35.634
50.570
56.025
32.316
26.058
51.230
54.363
55.418
43.476
52.073
51.949
29.545
45.112
39.634
30.045
16.723
24.175
42.984
41.625
15.406
52.434
53.035
26.454
58.200
17.545
38.389
40.946
18.536
28.153
32.942
35.385
34.023
25.971
27.107
48.140
43.107
42.541
43.380
46.490
39.044
40.904
48.193
33.992
39.405
57.622
40.104
42.228
50.661
42.610
23.223
31.815
52.063
12.196
14.036
19.940
37.087
37.337
50.518
46.334
50.040
46.285
44.874
44.932
31.529
43.861
43.160
32.592
41.126
32.759
49.765
31.464
39.436
58.661
37.332
54.954
29.317
35.778
34.725
48.100
42.619
37.506
49.321
27.058
39.809
37.666
30.645
37.673
42.410
49.758
41.249
15.546
42.141
21.310
49.728
31.679
46.111
45.044
10.859
48.400
59.526
42.108
41.656
29.136
54.392
31.858
19.220
18.621
33.547
43.114
21.527
55.869
23.441
44.537
46.164
32.908
48.240
12.877
12.459
15.507
41.413
33.843
31.080
56.461
37.907
50.911
49.998
58.926
41.800
46.573
53.809
53.251
51.676
27.588
41.048
36.836
57.958
28.447
45.281
41.127
59.579
31.704
51.237
56.909
17.850
31.863
51.554
17.669
51.949
25.167
47.208
37.230
42.409
27.073
43.775
48.460
39.436
42.029
35.712
36.183
28.443
46.393
28.334
45.648
49.692
27.991
33.111
45.740
45.228
50.177
39.866
50.967
28.638
43.501
37.195
12.941
45.789
38.712
44.941
41.961
38.244
43.927
56.635
9.760
38.487
42.036
47.651
50.540
46.980
23.202
44.428
36.005
22.261
31.188
19.818
44.391
52.823
52.345
54.204
60.913
38.065
58.909
42.207
51.163
58.767
45.592
45.145
45.093
58.534
42.050
35.632
55.008
48.975
54.708
47.253
31.572
29.447
36.062
46.041
42.758
58.139
15.477
16.087
26.401
25.002
31.336
28.271
44.877
37.926
34.941
45.935
43.804
34.925
38.243
57.792
38.040
44.777
37.268
38.930
39.505
52.746
31.487
48.848
46.849
47.167
42.328
34.847
55.654
25.201
33.173
48.860
33.156
60.323
18.993
43.532
58.701
31.191
36.031
40.508
37.232
38.604
48.472
50.280
54.419
34.700
47.235
35.507
45.306
43.215
38.961
34.998
23.092
16.393
45.395
36.173
40.182
41.523
49.120
33.924
35.036
44.249
43.827
28.527
57.578
22.865
46.395
44.736
33.748
29.381
44.889
47.400
50.286
49.407
28.759
45.656
48.200
46.264
38.387
50.865
54.855
31.518
27.684
22.853
27.682
41.540
30.793
46.320
40.952
26.413
38.764
33.298
40.297
40.100
49.288
35.302
14.530
51.908
33.310
30.569
38.830
46.252
45.793
48.538
38.519
38.646
54.570
15.585
38.893
23.207
44.850
30.819
49.085
58.302
55.933
45.462
52.768
52.528
55.595
48.989
46.954
39.716
44.950
37.270
58.500
43.734
52.522
44.286
42.589
42.131
35.069
50.287
32.067
31.040
47.926
29.599
58.110
45.572
50.559
46.781
59.230
45.553
18.614
27.002
16.918
21.844
35.049
57.894
47.856
47.134
48.878
41.381
45.521
53.689
30.054
29.108
22.268
37.987
29.363
45.723
36.562
37.332
35.238
17.565
42.359
28.104
28.670
40.754
48.512
15.421
52.069
43.994
45.539
34.190
38.037
46.249
28.225
35.660
38.314
37.458
24.964
35.355
40.793
53.224
37.206
51.838
43.478
28.147
45.274
37.054
39.758
41.103
36.305
42.749
25.376
50.495
53.784
49.101
54.058
44.646
31.537
49.998
26.632
45.887
57.091
26.039
47.150
33.329
32.363
37.598
48.875
50.447
48.763
45.179
6.461
28.284
24.170
56.797
43.116
41.515
42.349
38.914
36.014
42.982
23.023
48.518
58.737
31.560
42.966
32.758
40.092
31.261
52.838
42.699
23.028
45.359
58.255
48.454
31.096
38.238
51.047
45.820
26.799
51.912
54.267
27.594
28.048
27.130
33.357
38.054
38.343
42.080
55.336
23.587
27.387
42.431
30.573
44.374
47.495
55.478
25.671
32.660
53.294
52.279
29.838
33.165
48.371
50.344
19.083
55.693
15.371
45.553
45.422
43.490
42.624
33.830
35.070
29.554
59.490
27.317
42.511
28.284
54.417
35.844
55.174
46.006
22.966
54.850
46.929
47.919
19.058
50.757
22.980
52.089
42.824
24.365
48.948
41.424
22.239
38.864
27.681
54.739
41.750
39.122
27.936
37.121
56.150
56.319
50.458
37.282
55.531
54.683
56.070
9.330
43.538
42.740
39.627
53.971
35.549
27.456
51.005
49.873
48.110
52.622
5.565
44.366
42.226
28.022
30.966
40.679
46.153
34.459
31.095
37.519
36.383
9.693
42.353
37.233
35.420
14.302
26.458
42.067
28.256
38.466
37.649
53.455
30.871
55.733
45.545
50.253
20.794
41.535
19.930
40.444
31.123
37.194
10.040
25.523
26.707
29.169
41.633
27.470
43.895
33.326
48.061
56.576
23.678
36.073
47.934
38.129
40.687
48.818
31.657
39.525
27.793
36.479
38.256
38.962
43.273
42.119
51.444
16.626
18.393
39.093
32.256
52.608
11.915
9.163
31.900
19.270
46.287
50.597
21.933
46.750
35.110
30.895
56.458
54.991
23.051
44.371
13.188
41.691
35.748
48.700
12.705
40.263
14.146
42.764
19.185
43.871
29.681
47.992
47.991
60.211
39.761
45.913
26.768
25.388
23.097
54.260
16.867
30.719
18.590
37.241
40.393
40.908
42.142
20.702
48.235
55.669
44.489
60.413
60.520
51.339
28.130
38.354
23.477
40.897
42.215
41.551
45.202
32.974
37.155
48.148
38.297
25.275
37.897
59.446
55.299
32.373
37.965
47.004
43.219
28.033
49.918
28.898
26.568
28.319
37.743
48.477
35.690
58.638
21.336
20.899
32.351
18.855
32.977
59.635
32.119
46.780
29.876
43.758
42.346
53.625
36.632
41.203
48.668
21.797
44.356
52.745
16.596
32.922
35.242
32.387
20.406
36.814
26.053
16.311
20.320
39.829
36.964
50.387
37.401
36.901
41.496
39.618
41.842
56.561
35.634
46.723
34.284
52.336
39.359
47.267
50.579
26.999
31.240
12.367
39.099
46.030
57.411
25.236
39.404
34.549
27.975
18.834
46.991
19.206
25.001
25.906
11.092
27.000
39.335
27.839
22.426
48.994
22.578
46.743
59.704
43.190
58.880
42.877
36.585
52.593
33.096
38.947
59.322
32.503
48.708
39.414
38.162
45.275
50.090
51.340
46.612
48.704
4.884
45.125
44.486
59.003
24.507
26.837
51.554
10.290
46.477
16.082
31.494
30.936
57.577
47.986
48.889
42.053
55.925
18.101
45.063
41.341
36.803
37.962
46.177
9.720
40.911
38.655
45.190
27.074
48.310
48.132
34.807
44.643
41.588
34.229
38.803
26.933
44.910
28.124
43.833
25.902
22.642
27.762
32.886
44.218
49.749
32.701
12.846
22.033
48.718
47.701
49.062
35.023
47.710
42.211
40.150
21.262
22.063
49.504
32.242
14.977
5.998
18.757
38.797
32.866
11.461
14.097
3.711
34.607
9.227
28.589
38.521
50.397
48.655
49.628
46.259
47.136
23.955
43.372
19.925
47.697
23.888
40.185
29.912
35.989
53.279
31.509
22.641
42.007
7.995
40.471
7.259
54.374
22.001
21.837
21.700
36.215
43.125
56.129
26.310
22.504
55.772
57.090
47.092
53.995
40.538
41.914
26.017
38.099
18.115
54.137
59.283
50.111
55.084
51.770
51.165
34.048
46.870
35.758
26.215
46.747
42.360
34.612
33.734
35.307
45.287
36.701
42.413
38.108
54.104
36.872
39.143
41.521
42.625
54.108
38.651
40.213
44.746
34.559
43.166
32.990
47.572
43.113
30.160
45.729
34.980
51.857
36.514
14.179
29.853
29.767
17.427
44.822
57.566
33.676
23.839
52.600
23.684
42.786
27.169
16.078
54.557
22.805
41.094
22.911
48.232
21.543
23.556
11.111
37.423
53.961
47.071
14.944
45.435
20.311
41.791
51.718
45.212
24.074
26.051
26.740
58.947
39.003
28.389
25.719
47.613
39.581
49.585
50.290
51.881
24.085
57.495
40.731
23.313
36.902
30.107
26.603
15.792
38.503
40.789
15.465
52.065
51.520
38.167
40.261
37.965
38.564
32.526
46.726
46.972
48.060
47.807
29.363
53.732
60.370
55.257
44.740
29.190
13.787
34.529
39.190
27.604
31.153
44.951
42.621
35.536
58.825
55.759
36.949
31.000
29.678
31.937
24.138
21.715
26.236
13.852
23.157
14.363
55.413
36.434
36.646
25.665
42.084
43.581
51.433
25.321
37.245
56.831
41.216
8.457
53.728
48.896
38.005
27.318
25.417
27.837
29.765
44.182
36.054
7.392
36.966
22.553
34.365
51.272
30.688
59.127
11.854
51.110
49.918
44.879
23.605
28.653
10.667
22.944
35.245
43.900
35.199
35.740
52.134
59.325
30.258
41.710
48.414
28.011
44.767
39.422
47.903
48.870
36.636
42.217
47.893
13.357
37.987
42.159
30.903
16.765
23.232
20.635
17.395
43.412
22.200
44.878
26.094
45.312
44.650
36.536
23.477
54.858
55.264
40.232
39.573
17.039
24.157
24.628
44.121
36.043
55.311
31.086
46.269
16.557
38.275
33.121
46.837
10.116
25.867
16.848
25.523
53.745
44.114
40.818
51.553
48.200
50.786
20.640
52.370
46.366
27.753
49.697
37.829
38.420
57.474
33.364
24.171
30.058
51.250
27.010
44.460
40.693
42.283
45.094
37.249
42.902
26.258
23.667
32.659
34.220
37.922
28.766
40.011
31.305
41.497
50.835
32.400
48.601
48.446
40.869
49.997
45.699
39.464
29.102
16.929
16.263
42.266
41.849
40.107
47.159
39.197
39.962
41.276
55.688
23.519
37.634
49.323
26.877
46.254
45.702
13.294
30.385
30.415
35.531
18.144
34.030
43.326
46.098
47.808
28.792
35.258
34.337
26.580
28.704
29.948
30.000
28.252
38.999
30.315
37.228
27.620
35.335
28.787
30.908
50.159
8.915
39.762
46.908
23.662
9.010
45.688
38.224
43.811
52.067
43.699
42.134
23.160
24.470
38.466
37.116
39.767
30.561
20.953
46.552
26.021
39.468
26.394
9.717
46.048
29.144
16.676
19.981
17.277
7.273
44.850
26.243
47.487
16.469
35.951
55.849
28.842
48.275
37.272
43.407
56.178
14.012
49.771
40.073
50.433
39.886
54.317
21.278
55.477
26.226
25.201
25.508
43.425
46.214
46.388
24.047
48.380
52.175
52.643
35.588
47.064
29.134
35.895
33.927
47.524
59.194
25.476
44.307
43.447
37.050
53.424
36.779
55.345
35.932
45.009
21.334
38.716
47.026
47.460
36.341
49.273
49.948
33.013
54.503
32.413
14.612
31.000
27.254
41.366
31.729
54.547
12.383
52.814
36.748
24.165
37.074
36.101
25.520
44.507
28.164
27.526
41.267
42.991
49.692
27.112
56.433
59.748
29.117
38.554
45.216
41.796
31.795
54.473
42.689
44.328
44.260
20.078
35.614
32.859
43.392
24.901
28.283
27.718
38.710
22.401
38.883
57.826
29.402
23.796
59.747
51.019
19.115
43.491
21.705
48.434
54.858
19.081
25.205
41.849
36.183
15.698
57.373
39.693
33.226
52.368
53.493
37.308
46.663
31.420
35.330
26.203
38.040
32.809
39.377
50.259
28.352
48.926
44.324
36.736
47.035
9.354
43.260
14.723
50.080
49.610
43.697
54.566
44.467
47.921
13.433
33.189
55.067
17.948
51.165
38.654
23.344
46.249
58.346
29.982
37.954
18.583
36.190
45.575
39.099
53.550
38.542
46.961
15.427
44.301
18.712
57.110
36.585
20.635
37.007
32.211
40.075
19.037
29.250
29.493
24.269
48.137
33.145
24.367
33.177
33.169
28.214
50.592
3.730
31.660
27.866
39.522
46.002
43.249
32.564
28.544
40.397
28.913
22.112
6.469
27.953
25.116
44.156
27.488
41.309
41.651
47.730
50.919
12.838
33.102
24.890
9.289
33.772
50.899
24.272
38.936
13.758
57.169
25.820
53.914
38.026
14.424
53.489
49.947
22.987
58.353
25.661
17.722
58.151
39.230
31.021
38.148
4.076
54.099
23.460
49.487
35.810
55.107
6.413
39.963
42.005
46.136
29.936
42.944
47.259
34.401
32.710
42.657
12.402
45.578
44.498
33.601
47.329
33.920
29.956
30.316
26.142
45.653
11.222
25.873
40.269
46.166
46.061
15.179
35.332
25.688
24.898
14.093
21.223
17.911
17.883
17.037
20.095
27.503
21.752
45.332
21.939
51.351
34.486
19.338
42.793
44.977
37.756
25.684
45.517
28.353
24.488
58.578
52.402
57.624
42.726
56.672
50.728
55.693
35.501
37.009
38.103
47.490
48.242
46.970
56.043
55.695
21.039
50.973
18.038
29.439
28.979
46.048
52.891
45.909
28.696
49.474
28.211
34.845
44.372
56.098
37.674
46.004
45.613
31.483
37.655
42.949
17.260
15.026
30.958
39.033
37.508
36.706
27.233
44.024
37.487
18.422
32.507
50.675
36.346
37.035
32.576
41.228
50.341
42.897
51.477
49.916
35.431
34.312
27.439
54.240
30.705
24.505
32.765
60.214
24.318
24.694
16.299
22.680
26.888
34.384
39.173
48.946
37.913
49.328
42.542
45.570
50.684
32.946
48.042
44.467
36.817
25.865
26.980
47.213
34.258
44.481
39.351
48.972
30.191
54.606
52.929
34.865
35.433
9.259
32.964
58.100
48.877
47.679
20.810
35.532
36.559
45.156
37.740
35.784
44.355
54.652
23.337
48.995
47.515
59.811
23.515
41.457
52.960
22.116
51.557
25.741
43.455
14.713
23.630
45.357
43.612
58.650
43.791
53.836
21.623
36.381
51.438
44.234
23.624
23.660
41.974
36.754
12.627
55.427
24.603
24.331
45.040
35.446
57.773
36.593
32.293
55.810
52.226
41.425
48.567
32.491
47.047
46.306
49.957
43.988
33.304
53.865
26.000
46.995
40.670
61.298
30.345
45.192
40.931
55.552
44.324
48.118
44.341
30.870
44.989
48.140
21.477
57.741
48.165
34.886
49.733
55.082
53.487
16.768
50.891
43.261
22.884
24.251
52.677
33.360
40.875
37.145
49.638
53.370
21.830
12.723
42.749
24.510
41.104
36.633
36.726
47.702
45.780
42.406
34.283
17.031
15.615
3.961
46.514
21.365
44.346
6.270
55.414
48.747
47.120
36.798
16.901
39.740
34.395
41.715
50.239
45.715
27.625
33.655
28.189
36.036
31.599
53.487
31.584
40.084
19.588
42.656
42.699
21.406
34.606
22.079
35.798
51.568
56.869
13.451
36.395
37.342
35.947
37.498
31.481
55.559
16.018
38.157
40.999
36.577
50.827
14.272
36.018
42.581
25.842
38.169
38.956
17.410
47.962
32.212
