27.903
21.517
54.699
51.805
40.933
56.795
40.109
46.010
52.108
55.654
24.154
26.364
13.741
27.529
14.719
10.058
42.773
14.630
20.116
28.398
21.885
27.891
46.447
44.032
38.322
48.093
33.561
37.638
22.518
33.598
16.139
40.727
43.571
25.085
26.477
43.044
32.929
28.372
34.662
25.575
34.696
42.116
43.772
38.655
37.776
28.825
18.272
30.569
20.630
19.933
18.607
30.311
38.576
28.164
40.315
32.813
48.210
25.948
19.011
47.503
47.541
39.668
45.001
33.754
43.486
30.935
41.990
36.746
36.691
38.449
37.898
25.913
19.137
21.643
41.182
41.682
42.312
51.710
17.036
22.626
16.329
26.668
19.430
49.331
41.597
44.213
28.123
32.565
41.906
49.209
35.230
37.058
50.576
43.250
15.701
32.413
27.138
30.744
20.799
24.679
28.631
24.675
30.307
40.281
26.926
29.319
35.465
46.501
48.081
26.392
44.401
48.170
23.214
43.992
17.172
38.508
41.612
54.772
53.252
56.454
43.303
26.470
50.584
29.181
15.320
38.327
31.189
36.326
25.747
24.368
30.498
53.476
21.218
22.175
49.020
35.786
29.369
36.299
29.735
27.141
36.724
18.398
30.299
24.972
13.883
24.565
46.775
49.760
44.796
34.230
55.208
51.072
41.988
26.570
29.340
26.802
30.193
40.389
31.513
36.684
40.628
50.555
49.553
14.634
42.414
38.880
53.818
36.515
58.702
38.293
56.349
49.099
25.793
56.617
54.266
49.908
43.803
50.608
57.530
37.169
39.020
27.727
37.635
40.673
47.562
33.593
45.303
29.044
29.688
44.900
55.682
48.072
53.638
9.955
7.888
40.997
49.540
26.689
31.734
48.907
49.937
37.868
46.345
44.228
30.714
26.512
34.870
51.808
47.485
52.864
23.707
34.531
33.127
35.688
52.863
46.718
56.806
48.022
47.831
43.247
36.914
45.054
51.234
48.607
49.114
17.849
22.710
24.434
49.541
24.016
6.473
41.755
20.600
40.035
44.655
27.086
52.510
40.983
40.696
9.539
51.406
44.025
26.970
50.307
49.182
54.101
48.508
50.025
61.632
47.451
22.630
31.309
32.998
36.882
35.761
33.764
30.805
41.069
28.660
29.883
34.147
47.701
37.809
37.167
30.775
43.473
52.753
46.435
46.723
40.488
43.453
43.257
23.296
28.997
46.393
38.937
20.069
50.003
37.086
33.338
46.940
37.702
54.367
36.106
35.086
47.072
36.796
30.401
17.926
20.475
24.814
40.772
36.752
47.004
36.465
45.472
52.199
47.724
40.334
28.304
32.376
47.149
30.330
13.275
47.875
51.409
23.438
39.798
47.821
20.981
57.142
57.554
21.868
41.849
28.581
36.654
38.278
23.204
51.239
26.015
28.224
29.837
49.894
34.440
38.177
56.053
37.414
46.912
38.194
50.745
30.696
50.587
45.720
32.735
46.663
39.563
33.520
36.480
45.563
41.318
43.591
22.712
48.345
45.099
40.022
39.202
25.839
32.671
47.355
37.609
24.388
45.189
41.913
22.242
46.798
22.363
15.609
47.375
54.445
40.140
21.007
48.709
15.906
50.494
20.591
43.781
58.226
42.016
29.478
18.021
29.003
40.940
17.462
47.459
49.495
42.793
16.045
34.303
50.888
47.974
38.063
49.995
53.266
47.607
47.868
31.161
44.616
21.986
54.281
42.472
56.877
39.606
27.137
22.337
12.171
30.379
51.854
31.702
47.042
53.184
25.396
10.646
25.525
37.718
51.258
48.169
17.530
10.238
44.309
38.595
3.726
56.177
38.721
44.729
14.362
25.108
29.164
51.027
62.049
23.345
39.711
43.106
42.563
16.598
51.213
47.977
52.968
57.798
53.632
35.492
55.120
48.543
49.839
59.584
37.729
41.351
15.832
51.706
38.612
22.714
46.027
56.255
25.915
57.306
37.816
41.188
41.347
55.684
39.499
43.829
24.184
14.191
42.221
42.610
52.583
20.260
54.585
45.121
41.475
48.361
30.681
33.629
46.685
60.305
45.120
40.548
28.791
26.727
56.613
47.561
46.800
36.136
52.030
45.163
43.616
42.117
37.188
33.998
41.241
22.533
37.326
53.289
55.057
43.500
28.749
47.601
12.016
47.033
61.217
41.030
41.145
54.612
31.934
42.071
41.404
40.029
43.488
42.255
51.258
34.244
37.440
35.112
28.242
30.843
20.165
53.324
40.088
58.967
47.610
48.719
48.713
35.870
42.694
55.602
18.650
42.226
39.630
40.052
48.495
38.524
36.427
19.067
25.976
20.662
33.692
48.666
42.693
59.256
39.008
47.778
38.567
39.099
40.186
36.814
37.003
41.716
52.455
53.126
52.391
40.313
48.156
25.195
42.863
40.519
36.456
29.435
34.263
46.937
30.105
27.919
43.160
45.366
24.520
34.809
52.526
31.003
31.500
56.281
41.696
22.397
46.421
45.200
39.957
31.106
39.742
44.827
57.833
20.094
32.464
40.648
51.246
51.905
49.195
36.898
49.965
30.408
27.880
43.643
35.401
33.344
20.993
43.298
42.552
37.788
40.652
49.732
22.367
32.081
34.986
51.074
41.461
56.612
55.705
7.180
12.552
19.338
38.052
24.298
31.489
42.933
23.734
43.283
29.583
42.338
33.434
35.438
54.101
33.254
23.270
42.557
53.212
33.877
56.562
54.375
41.441
55.585
24.480
55.800
53.705
25.443
29.594
43.826
39.336
27.855
35.806
24.352
48.844
45.396
29.147
40.542
47.173
23.717
28.021
43.567
45.250
47.977
54.627
39.341
39.372
46.211
37.164
36.028
34.018
33.969
17.912
28.435
31.942
31.436
31.053
6.432
28.460
48.774
41.202
50.783
47.642
40.780
11.621
48.276
54.616
34.457
52.603
34.715
50.478
31.945
46.322
39.116
54.608
32.876
46.413
53.011
37.119
46.311
37.654
54.395
56.595
42.507
15.918
38.294
47.736
54.495
39.411
11.599
31.186
38.088
24.343
56.055
53.566
58.844
42.612
53.116
44.620
32.385
45.846
37.316
29.056
29.071
7.932
7.803
39.852
48.437
34.908
39.946
55.405
31.865
38.443
24.247
31.978
14.567
27.929
17.364
36.862
49.128
43.593
41.276
55.362
27.723
45.652
28.120
52.581
53.871
45.371
9.197
28.386
35.157
33.624
56.682
25.846
29.901
47.020
47.929
25.166
40.774
50.038
28.799
14.566
12.732
20.919
44.167
42.340
54.857
54.188
11.974
25.031
36.224
34.772
46.811
24.134
48.632
52.449
52.433
54.482
44.843
7.222
35.563
51.114
6.919
30.583
29.054
25.224
43.478
10.187
40.448
47.428
34.833
23.027
33.135
53.641
19.224
51.967
55.368
29.722
53.014
34.870
39.138
35.309
43.056
21.802
29.193
42.094
46.968
36.451
44.092
41.419
39.725
42.038
56.026
20.833
29.063
43.056
48.386
32.562
52.210
45.580
56.808
47.704
37.649
11.578
51.655
9.410
23.745
38.620
59.492
18.421
32.344
39.489
43.074
49.392
31.154
26.666
38.759
36.633
54.962
56.504
38.072
36.862
58.139
17.747
44.951
31.643
26.474
39.064
30.906
56.851
45.529
32.904
27.143
18.317
50.544
42.304
45.739
27.868
50.089
24.210
57.460
48.555
43.162
46.755
43.895
47.206
40.028
24.706
38.178
28.354
40.479
47.341
51.615
30.187
33.841
29.907
44.421
20.299
39.034
37.811
20.701
38.717
28.117
46.998
44.843
28.843
42.181
25.073
44.293
32.890
31.167
29.877
43.313
50.590
25.480
14.103
45.474
55.002
33.721
18.948
45.431
49.226
45.893
31.540
57.288
50.188
30.136
40.755
21.807
54.812
51.425
36.192
27.075
40.401
45.606
43.178
35.225
48.686
52.682
29.433
49.964
40.507
36.837
25.658
24.260
32.563
37.894
9.871
32.610
55.043
39.550
28.281
40.451
18.938
34.248
46.503
58.482
22.868
55.209
60.823
35.433
38.192
38.337
34.483
35.979
38.097
51.749
39.241
36.190
23.135
46.593
26.124
29.125
44.378
50.986
36.685
53.889
50.330
33.372
40.798
36.843
58.129
44.142
57.840
45.370
31.484
25.518
53.277
28.749
47.808
34.723
28.842
41.930
40.602
38.639
42.137
45.272
45.647
46.747
19.639
30.376
36.518
26.970
26.388
34.958
25.876
47.138
31.343
16.515
56.241
30.533
46.509
6.809
32.230
54.593
43.297
36.634
48.346
46.725
29.168
42.290
58.614
22.574
39.678
27.463
51.750
5.796
32.440
50.211
45.645
12.721
44.351
49.848
55.646
54.751
55.537
52.641
10.908
59.578
28.003
41.506
49.213
28.142
33.230
12.645
12.234
9.928
39.712
37.811
30.146
43.076
34.434
45.527
53.355
11.475
8.850
12.330
17.243
37.290
33.120
42.927
27.267
44.495
27.225
26.843
39.226
16.941
38.634
31.197
28.494
29.850
38.400
21.600
26.180
29.071
33.487
22.475
51.464
49.177
37.043
36.375
39.579
18.194
29.007
5.354
37.061
28.013
18.597
24.805
27.258
30.326
49.718
36.083
35.206
42.215
58.248
31.924
27.650
48.781
58.125
18.067
37.776
40.560
36.407
33.942
25.747
39.014
42.086
46.549
33.527
13.565
38.534
27.928
45.264
40.305
41.822
17.061
27.389
34.812
28.532
30.834
49.366
33.520
11.943
39.039
28.920
23.939
34.397
26.721
36.446
58.776
43.752
26.336
41.005
15.642
11.625
15.002
14.935
9.101
30.697
22.529
24.920
50.720
51.169
41.802
59.590
59.319
46.547
38.050
54.766
25.856
46.718
30.911
31.726
45.955
46.752
26.503
51.714
28.224
45.309
24.007
22.223
55.996
28.808
49.479
21.771
56.295
30.037
44.195
21.326
33.671
45.032
24.724
22.954
51.480
29.006
40.474
28.330
27.491
50.146
20.378
49.142
46.359
33.527
22.972
45.103
37.343
28.250
47.458
58.126
39.645
30.804
21.839
24.368
29.730
50.151
54.508
31.119
26.188
38.703
31.100
23.446
25.549
27.436
27.236
15.892
30.209
53.089
10.196
45.967
22.575
57.196
48.920
54.739
30.179
35.388
10.456
41.742
21.562
40.160
41.861
33.582
20.089
26.317
37.040
33.601
44.113
23.240
27.234
47.986
34.639
14.641
52.783
31.631
42.905
22.984
52.998
39.898
31.899
52.622
56.232
42.670
38.884
37.103
37.987
59.889
52.296
37.035
45.250
36.112
53.584
35.597
43.831
45.026
43.892
30.560
24.040
40.038
26.532
44.332
45.625
28.479
11.021
43.843
13.591
44.472
28.323
22.628
38.759
32.414
39.821
56.646
52.715
40.623
36.310
34.625
31.178
33.046
22.691
40.459
40.853
56.267
40.777
46.057
21.432
58.891
35.688
35.365
57.945
39.751
49.908
51.971
48.335
30.623
41.672
11.616
49.155
34.019
37.108
46.037
39.998
49.093
52.021
28.762
52.412
43.970
45.061
46.253
56.359
32.195
45.367
12.568
50.086
15.015
46.427
33.660
42.976
34.721
18.329
48.294
48.548
21.407
39.463
43.208
28.570
26.272
40.750
42.760
42.536
50.231
55.422
40.368
28.637
18.947
47.202
21.491
43.343
17.981
38.001
52.683
22.986
32.832
20.937
41.967
44.171
46.723
40.339
39.525
29.937
45.972
44.924
47.570
25.368
45.358
40.664
39.386
56.395
39.794
43.555
56.829
38.117
20.518
25.568
19.658
28.480
51.844
35.454
50.430
48.133
18.786
51.917
40.191
14.623
36.039
24.214
47.132
33.499
26.940
12.298
13.255
30.760
52.136
46.945
57.641
48.539
35.616
37.890
38.575
46.222
10.357
25.872
25.263
37.224
48.809
51.167
56.189
46.243
28.863
53.959
16.736
31.938
40.725
48.118
33.530
40.753
37.354
15.772
36.709
27.130
41.494
11.066
33.213
56.723
3.862
49.612
23.651
31.484
37.501
11.497
26.314
39.203
47.571
33.349
42.568
30.754
53.448
41.572
14.009
22.318
21.521
20.078
46.096
50.634
43.445
30.264
32.895
39.985
40.208
49.956
50.088
44.848
12.025
37.856
13.596
34.718
34.102
39.541
18.755
42.653
52.615
35.653
37.987
52.727
32.268
32.013
47.052
39.741
57.998
36.253
39.434
47.609
56.279
19.210
40.230
41.219
45.058
19.672
15.645
51.358
17.363
26.595
38.060
47.488
48.649
47.684
31.627
47.768
26.058
32.108
38.829
28.929
40.678
5.826
25.217
31.228
45.029
34.836
27.219
14.757
33.071
49.450
17.960
31.661
12.369
41.854
34.636
25.648
19.386
42.124
32.321
29.886
33.041
30.434
38.494
10.154
26.085
28.330
38.711
26.159
47.883
26.123
30.163
14.534
50.483
39.934
53.599
51.720
42.315
26.683
47.670
29.493
34.761
49.726
47.947
48.709
54.542
52.092
46.339
55.430
35.177
41.532
49.870
43.868
38.939
47.929
17.153
46.641
29.875
36.536
26.114
28.227
13.963
53.299
32.114
53.429
25.252
48.655
42.167
30.115
43.119
31.928
35.060
34.929
30.088
12.282
16.004
43.623
46.837
57.464
27.909
56.774
34.089
48.941
30.531
12.049
14.586
25.797
22.804
29.441
19.423
30.151
21.656
36.205
22.030
40.050
53.355
29.359
40.118
49.755
37.171
15.994
49.146
12.734
32.063
56.335
23.023
37.343
19.869
47.362
44.466
55.356
25.441
40.171
40.763
51.122
13.359
42.451
10.737
33.382
18.740
24.960
54.201
57.906
16.309
42.694
50.691
39.887
46.979
51.596
48.791
46.725
30.112
56.822
60.534
35.489
17.847
38.380
45.036
22.997
41.659
52.374
28.866
41.227
45.557
55.509
56.452
51.119
13.426
58.979
5.851
53.421
42.372
38.673
57.777
45.135
36.524
18.220
27.873
30.288
12.189
49.164
44.102
58.042
57.802
59.645
37.744
57.356
31.862
31.417
8.699
29.565
58.975
46.898
39.153
26.950
31.977
30.692
47.147
51.005
60.019
57.910
51.181
41.393
35.077
24.779
48.168
8.406
58.558
54.555
34.313
34.065
15.368
48.160
33.103
57.590
32.052
54.991
59.331
31.093
53.925
56.917
56.254
24.271
34.897
25.378
50.603
53.255
39.515
28.262
11.501
50.784
21.582
38.700
39.418
25.924
44.598
31.225
54.051
8.155
10.573
45.114
40.252
39.411
39.319
21.315
37.287
56.155
9.468
54.527
14.752
22.998
41.896
26.783
43.629
8.374
46.947
17.671
53.334
39.274
57.152
46.754
52.443
50.088
57.522
14.163
34.877
34.475
38.186
37.754
43.967
20.325
23.117
21.150
42.895
47.409
42.156
41.176
45.104
26.482
37.105
33.097
15.042
32.628
30.554
25.402
34.595
19.339
18.481
8.158
38.916
13.612
24.765
30.452
55.059
38.653
58.408
25.013
48.202
48.798
24.129
45.741
49.912
35.030
38.463
44.495
49.194
49.540
35.149
25.722
28.394
5.082
29.557
51.904
51.770
43.133
15.516
25.190
13.842
24.502
48.759
21.806
29.044
22.685
50.830
11.759
43.817
21.958
36.955
45.544
23.529
52.941
39.136
39.901
45.932
47.582
45.624
36.178
42.105
38.135
36.351
7.711
46.287
42.571
38.117
36.667
23.271
12.462
27.116
43.484
35.721
12.839
29.541
50.892
28.692
53.852
52.862
56.114
49.016
53.933
56.796
54.936
46.939
25.797
33.133
30.425
29.311
27.871
8.095
23.507
43.721
29.649
17.023
19.365
32.089
20.130
39.446
28.194
50.696
32.089
51.853
14.332
31.553
43.078
22.207
59.747
34.727
41.231
50.005
41.672
48.241
46.692
40.007
29.617
31.348
23.568
32.900
40.738
28.129
44.356
16.518
57.166
50.787
36.425
52.940
49.213
38.985
54.280
49.845
54.427
50.635
49.362
24.068
27.732
26.692
25.309
16.477
47.982
37.070
51.682
40.515
41.794
27.345
42.017
32.608
57.096
31.997
29.470
58.265
36.917
43.513
50.873
50.177
47.350
54.234
57.405
41.995
38.829
14.266
17.982
40.240
17.052
20.501
56.058
45.769
43.685
43.746
23.300
53.884
48.777
33.451
44.732
31.277
35.931
34.647
28.541
32.244
43.804
36.929
51.339
57.087
45.279
41.103
11.140
39.589
10.072
27.500
38.541
15.612
25.505
39.261
40.915
12.756
36.368
18.944
55.709
18.991
53.415
56.893
51.400
25.936
51.831
33.661
51.005
27.618
53.409
27.861
32.565
38.996
40.708
29.034
34.074
33.789
30.091
26.712
42.017
23.602
51.700
46.359
23.744
55.006
22.667
38.349
46.141
7.035
42.489
28.229
39.658
55.710
43.052
24.150
37.146
41.818
32.854
58.270
42.583
48.616
15.274
36.489
56.769
41.082
31.478
13.808
52.098
13.538
27.939
15.736
52.020
30.447
40.010
45.081
19.315
20.378
46.781
47.379
42.845
52.688
47.629
26.659
47.315
52.711
47.023
36.921
52.990
31.002
45.979
51.577
22.248
45.515
46.120
57.153
26.765
19.657
35.143
30.824
31.374
32.979
38.601
41.931
14.638
26.600
53.056
12.066
21.448
20.502
48.876
35.009
23.332
52.833
44.647
22.733
43.264
43.844
22.983
23.202
38.531
21.685
23.690
27.774
49.014
4.742
7.191
48.604
43.027
41.715
58.797
42.290
38.209
46.572
39.224
29.854
24.467
29.094
46.164
40.954
40.713
30.012
30.797
57.696
44.351
46.228
46.919
49.501
28.955
30.702
43.572
12.870
14.205
51.369
40.699
34.586
58.018
28.496
47.274
33.473
48.283
56.373
41.914
33.373
31.993
43.804
23.494
52.409
53.006
38.833
6.497
10.309
33.981
52.001
20.300
32.995
45.340
38.330
51.746
31.552
35.836
25.846
34.783
37.038
21.785
31.327
33.338
56.705
34.417
27.408
42.995
43.078
46.210
42.545
28.323
52.600
27.482
44.349
59.779
30.823
32.936
33.960
44.003
14.479
37.544
29.180
34.755
35.960
60.047
35.630
48.859
43.252
30.532
33.674
27.868
52.847
42.089
27.496
23.003
32.213
25.940
27.213
31.205
50.043
27.597
44.446
47.603
50.585
53.484
45.740
25.446
44.921
33.483
42.190
40.490
38.213
52.324
49.397
48.485
32.544
43.800
25.906
53.689
49.145
40.792
18.647
44.949
21.359
25.061
19.253
39.800
30.878
46.315
50.290
46.356
45.804
47.976
31.852
28.812
47.022
7.142
24.150
52.321
46.530
40.984
50.758
22.861
27.227
37.484
49.461
7.771
15.619
54.696
50.486
51.409
47.077
58.033
15.670
51.298
48.337
38.936
