0 2 -1
0 3 1
0 9 -1
0 1028 1
1 8 -1
1 9 1
1 15 -1
1 1034 1
2 14 -1
2 15 1
2 19 1
2 333 1
3 1 -1
3 2 1
3 19 -1
3 322 -1
4 3 -1
4 4 1
4 10 1
4 1031 -1
5 8 1
5 12 -1
5 16 1
5 1033 -1
6 10 -1
6 11 1
6 22 -1
6 1045 1
7 11 -1
7 12 1
7 29 -1
7 1046 -1
8 0 -1
8 1 1
8 20 1
8 323 1
9 0 1
9 7 -1
9 31 -1
9 2478 -1
10 26 -1
10 27 1
10 31 1
10 2484 1
11 20 -1
11 21 1
11 32 1
11 344 1
12 13 -1
12 14 1
12 21 -1
12 338 1
13 13 1
13 18 -1
13 32 -1
13 3034 -1
14 16 -1
14 17 1
14 25 1
14 2511 -1
15 17 -1
15 18 1
15 33 1
15 2991 -1
16 25 -1
16 26 1
16 33 -1
16 2512 1
17 22 1
17 24 -1
17 30 -1
17 1167 -1
18 27 -1
18 28 1
18 34 1
18 1173 1
19 28 -1
19 29 1
19 30 1
19 1168 1
20 4 -1
20 5 1
20 23 1
20 2088 -1
21 34 -1
21 35 1
21 37 -1
21 1164 -1
22 23 -1
22 24 1
22 37 1
22 1161 1
23 5 -1
23 6 1
23 38 1
23 3051 -1
24 6 -1
24 7 1
24 36 -1
24 2479 1
25 35 -1
25 36 1
25 38 -1
25 2490 -1
26 39 1
26 44 -1
26 45 1
26 2387 1
27 39 -1
27 40 1
27 49 -1
27 2386 -1
28 45 -1
28 46 1
28 49 1
28 2402 -1
29 46 -1
29 47 1
29 51 -1
29 3113 1
30 40 -1
30 41 1
30 50 1
30 3105 -1
31 41 -1
31 42 1
31 52 1
31 3417 -1
32 50 -1
32 51 1
32 52 -1
32 3106 1
33 42 -1
33 43 1
33 53 -1
33 3372 1
34 43 -1
34 44 1
34 48 -1
34 3371 -1
35 47 -1
35 48 1
35 53 1
35 3384 1
36 60 -1
36 61 1
36 67 -1
36 3075 -1
37 66 -1
37 67 1
37 70 1
37 2529 1
38 66 1
38 69 -1
38 73 1
38 2239 1
39 61 -1
39 62 1
39 68 1
39 3526 -1
40 62 -1
40 63 1
40 75 -1
40 2227 1
41 68 -1
41 69 1
41 75 1
41 2226 -1
42 54 -1
42 55 1
42 59 1
42 2636 -1
43 54 1
43 58 -1
43 72 1
43 2522 -1
44 70 -1
44 71 1
44 72 -1
44 2530 1
45 59 -1
45 60 1
45 71 -1
45 2640 1
46 63 -1
46 64 1
46 76 1
46 2240 -1
47 55 -1
47 56 1
47 65 -1
47 2649 1
48 76 -1
48 77 1
48 79 -1
48 2241 1
49 64 -1
49 65 1
49 79 1
49 2652 1
50 57 -1
50 58 1
50 74 -1
50 2523 1
51 56 -1
51 57 1
51 80 1
51 2648 -1
52 77 -1
52 78 1
52 80 -1
52 2236 -1
53 73 -1
53 74 1
53 78 -1
53 2237 1
54 81 -1
54 82 1
54 89 -1
54 1946 1
55 81 1
55 86 -1
55 96 1
55 2019 1
56 87 1
56 91 -1
56 92 -1
56 1918 1
57 96 -1
57 97 1
57 99 1
57 1927 1
58 87 -1
58 88 1
58 103 1
58 1467 1
59 88 -1
59 89 1
59 98 -1
59 1462 1
60 97 -1
60 98 1
60 103 -1
60 1461 -1
61 82 -1
61 83 1
61 90 1
61 1948 -1
62 90 -1
62 91 1
62 93 1
62 1950 -1
63 99 -1
63 100 1
63 104 1
63 1914 1
64 92 1
64 95 -1
64 105 -1
64 1917 -1
65 104 -1
65 105 1
65 107 -1
65 1913 -1
66 100 -1
66 101 1
66 107 1
66 1938 1
67 83 -1
67 84 1
67 106 -1
67 2025 1
68 93 -1
68 94 1
68 106 1
68 2051 1
69 94 -1
69 95 1
69 109 -1
69 2034 1
70 84 -1
70 85 1
70 110 -1
70 1654 1
71 85 -1
71 86 1
71 102 -1
71 1653 -1
72 101 -1
72 102 1
72 108 1
72 1685 1
73 108 -1
73 109 1
73 110 1
73 1675 1
74 112 -1
74 113 1
74 119 -1
74 902 1
75 113 -1
75 114 1
75 124 1
75 492 -1
76 124 -1
76 125 1
76 127 -1
76 489 1
77 118 -1
77 119 1
77 125 -1
77 892 -1
78 117 -1
78 118 1
78 132 1
78 2071 1
79 111 -1
79 112 1
79 120 1
79 1567 1
80 111 1
80 116 -1
80 146 1
80 1571 1
81 126 -1
81 127 1
81 133 -1
81 501 -1
82 137 -1
82 138 1
82 148 -1
82 2085 -1
83 132 -1
83 133 1
83 148 1
83 2075 -1
84 136 -1
84 137 1
84 149 1
84 2078 1
85 117 1
85 123 -1
85 150 -1
85 241 1
86 149 -1
86 150 1
86 156 1
86 240 -1
87 114 -1
87 115 1
87 128 1
87 306 -1
88 115 -1
88 116 1
88 145 -1
88 298 1
89 128 -1
89 129 1
89 145 1
89 304 -1
90 120 -1
90 121 1
90 151 1
90 2894 1
91 134 -1
91 135 1
91 152 -1
91 1044 -1
92 135 -1
92 136 1
92 157 -1
92 1043 1
93 156 -1
93 157 1
93 158 -1
93 252 1
94 122 -1
94 123 1
94 158 1
94 253 -1
95 121 -1
95 122 1
95 159 -1
95 1036 1
96 151 -1
96 152 1
96 159 1
96 1035 -1
97 126 1
97 131 -1
97 155 1
97 503 1
98 138 -1
98 139 1
98 155 -1
98 1009 1
99 134 1
99 143 -1
99 153 1
99 3293 1
100 140 -1
100 141 1
100 144 1
100 1207 -1
101 129 -1
101 130 1
101 144 -1
101 502 -1
102 130 -1
102 131 1
102 160 1
102 504 -1
103 139 -1
103 140 1
103 160 -1
103 1006 1
104 141 -1
104 142 1
104 147 -1
104 2634 -1
105 146 -1
105 147 1
105 154 -1
105 2633 -1
106 153 -1
106 154 1
106 161 -1
106 3155 -1
107 142 -1
107 143 1
107 161 1
107 3156 1
108 171 -1
108 172 1
108 177 1
108 1568 -1
109 165 -1
109 166 1
109 184 1
109 1792 1
110 164 -1
110 165 1
110 187 -1
110 1796 -1
111 184 -1
111 185 1
111 188 1
111 1791 -1
112 185 -1
112 186 1
112 193 1
112 1924 1
113 166 -1
113 167 1
113 186 -1
113 1923 -1
114 162 -1
114 163 1
114 170 1
114 900 1
115 170 -1
115 171 1
115 181 1
115 902 -1
116 181 -1
116 182 1
116 191 -1
116 883 1
117 163 -1
117 164 1
117 191 1
117 882 -1
118 176 1
118 180 -1
118 194 -1
118 2756 1
119 172 -1
119 173 1
119 176 -1
119 1570 -1
120 173 -1
120 174 1
120 196 1
120 1576 1
121 193 -1
121 194 1
121 196 -1
121 1929 1
122 174 -1
122 175 1
122 198 -1
122 1575 -1
123 162 1
123 169 -1
123 175 -1
123 1573 1
124 182 -1
124 183 1
124 192 1
124 2900 -1
125 177 -1
125 178 1
125 183 -1
125 2891 -1
126 187 1
126 190 -1
126 192 -1
126 1811 1
127 179 -1
127 180 1
127 195 1
127 2206 -1
128 178 -1
128 179 1
128 200 1
128 2207 -1
129 189 -1
129 190 1
129 200 -1
129 1786 1
130 188 -1
130 189 1
130 195 -1
130 1785 -1
131 167 -1
131 168 1
131 197 1
131 1911 1
132 168 -1
132 169 1
132 199 1
132 1939 1
133 197 -1
133 198 1
133 199 -1
133 1910 -1
134 201 1
134 205 -1
134 208 -1
134 2719 -1
135 207 -1
135 208 1
135 215 -1
135 2720 1
136 206 -1
136 207 1
136 211 1
136 2722 -1
137 206 1
137 210 -1
137 219 1
137 2724 -1
138 211 -1
138 212 1
138 218 -1
138 3048 -1
139 201 -1
139 202 1
139 216 1
139 3253 -1
140 202 -1
140 203 1
140 227 -1
140 1593 1
141 212 -1
141 213 1
141 228 1
141 3493 1
142 219 -1
142 220 1
142 224 -1
142 924 1
143 203 -1
143 204 1
143 225 1
143 914 1
144 204 -1
144 205 1
144 209 1
144 916 -1
145 209 -1
145 210 1
145 224 1
145 926 1
146 226 -1
146 227 1
146 231 1
146 1457 1
147 225 -1
147 226 1
147 234 -1
147 918 -1
148 220 -1
148 221 1
148 234 1
148 921 -1
149 213 -1
149 214 1
149 230 1
149 3324 1
150 214 -1
150 215 1
150 217 -1
150 3256 -1
151 216 -1
151 217 1
151 230 -1
151 3259 1
152 218 1
152 223 -1
152 229 -1
152 2871 -1
153 228 -1
153 229 1
153 233 -1
153 2872 1
154 221 -1
154 222 1
154 235 1
154 1448 1
155 222 -1
155 223 1
155 236 -1
155 2329 1
156 232 -1
156 233 1
156 236 1
156 2332 -1
157 231 -1
157 232 1
157 235 -1
157 1447 -1
158 242 1
158 245 -1
158 247 1
158 2092 1
159 237 -1
159 238 1
159 246 1
159 2068 1
160 238 -1
160 239 1
160 243 -1
160 2067 -1
161 242 -1
161 243 1
161 246 -1
161 2960 1
162 244 -1
162 245 1
162 250 1
162 2094 -1
163 239 -1
163 240 1
163 244 1
163 2077 -1
164 247 -1
164 248 1
164 251 -1
164 1045 -1
165 250 -1
165 251 1
165 252 -1
165 1042 -1
166 237 1
166 241 -1
166 249 -1
166 2084 -1
167 248 -1
167 249 1
167 253 1
167 1047 1
168 255 -1
168 256 1
168 262 1
168 2769 1
169 262 -1
169 263 1
169 266 1
169 2774 1
170 263 -1
170 264 1
170 271 -1
170 1218 1
171 264 -1
171 265 1
171 269 1
171 1212 1
172 256 -1
172 257 1
172 265 -1
172 2451 1
173 257 -1
173 258 1
173 269 -1
173 1208 1
174 254 -1
174 255 1
174 268 -1
174 2847 1
175 254 1
175 261 -1
175 278 1
175 2993 1
176 270 -1
176 271 1
176 272 1
176 555 1
177 258 -1
177 259 1
177 270 1
177 539 1
178 272 -1
178 273 1
178 275 1
178 550 -1
179 278 -1
179 279 1
179 280 1
179 2995 1
180 267 -1
180 268 1
180 279 -1
180 2853 -1
181 266 -1
181 267 1
181 274 -1
181 2861 -1
182 273 -1
182 274 1
182 277 -1
182 3244 -1
183 275 -1
183 276 1
183 284 -1
183 551 1
184 276 -1
184 277 1
184 285 1
184 3159 -1
185 280 -1
185 281 1
185 285 -1
185 3160 1
186 281 -1
186 282 1
186 286 1
186 2365 1
187 260 -1
187 261 1
187 282 -1
187 2355 -1
188 259 -1
188 260 1
188 283 1
188 543 -1
189 283 -1
189 284 1
189 286 -1
189 557 1
190 287 1
190 294 -1
190 308 -1
190 486 -1
191 287 -1
191 288 1
191 295 -1
191 1894 -1
192 295 1
192 297 -1
192 309 1
192 1895 1
193 288 -1
193 289 1
193 296 1
193 1527 -1
194 301 -1
194 302 1
194 311 -1
194 1519 -1
195 296 -1
195 297 1
195 311 1
195 1520 1
196 289 -1
196 290 1
196 313 1
196 1518 -1
197 290 -1
197 291 1
197 300 1
197 1940 -1
198 300 -1
198 301 1
198 313 -1
198 1515 1
199 291 -1
199 292 1
199 299 -1
199 2631 -1
200 292 -1
200 293 1
200 314 1
200 901 1
201 293 -1
201 294 1
201 305 1
201 491 -1
202 298 -1
202 299 1
202 315 -1
202 1573 -1
203 314 -1
203 315 1
203 316 -1
203 900 -1
204 305 -1
204 306 1
204 316 1
204 492 1
205 302 -1
205 303 1
205 312 1
205 1198 -1
206 303 -1
206 304 1
206 307 1
206 502 1
207 307 -1
207 308 1
207 310 -1
207 487 1
208 309 -1
208 310 1
208 312 -1
208 1199 1
209 327 -1
209 328 1
209 337 -1
209 2657 1
210 326 -1
210 327 1
210 333 -1
210 2797 1
211 328 -1
211 329 1
211 334 1
211 2654 1
212 320 -1
212 321 1
212 325 1
212 2884 -1
213 325 -1
213 326 1
213 332 1
213 2799 1
214 321 -1
214 322 1
214 332 -1
214 2796 1
215 329 -1
215 330 1
215 339 1
215 1966 -1
216 330 -1
216 331 1
216 341 1
216 992 -1
217 319 -1
217 320 1
217 331 -1
217 970 -1
218 318 -1
218 319 1
218 341 -1
218 971 1
219 334 -1
219 335 1
219 340 -1
219 1500 -1
220 339 -1
220 340 1
220 342 -1
220 1503 1
221 317 -1
221 318 1
221 342 1
221 1497 -1
222 335 -1
222 336 1
222 343 -1
222 1501 1
223 336 -1
223 337 1
223 338 -1
223 2665 1
224 317 1
224 324 -1
224 343 1
224 1498 1
225 323 -1
225 324 1
225 344 -1
225 3029 1
226 351 1
226 356 -1
226 358 1
226 645 -1
227 346 -1
227 347 1
227 357 1
227 2974 -1
228 351 -1
228 352 1
228 357 -1
228 2972 -1
229 347 -1
229 348 1
229 359 -1
229 2971 1
230 358 -1
230 359 1
230 361 -1
230 641 1
231 345 -1
231 346 1
231 362 -1
231 3431 1
232 352 -1
232 353 1
232 362 1
232 3430 -1
233 345 1
233 350 -1
233 364 -1
233 2997 1
234 353 -1
234 354 1
234 364 1
234 2998 -1
235 355 -1
235 356 1
235 360 1
235 654 -1
236 354 -1
236 355 1
236 365 -1
236 1885 -1
237 349 -1
237 350 1
237 365 1
237 1886 1
238 348 -1
238 349 1
238 363 -1
238 1893 -1
239 360 -1
239 361 1
239 363 1
239 648 1
240 367 -1
240 368 1
240 375 1
240 996 1
241 377 -1
241 378 1
241 384 -1
241 636 -1
242 370 -1
242 371 1
242 385 1
242 1972 -1
243 383 -1
243 384 1
243 385 -1
243 631 -1
244 376 -1
244 377 1
244 383 1
244 632 1
245 375 -1
245 376 1
245 380 1
245 998 -1
246 368 -1
246 369 1
246 379 -1
246 997 -1
247 369 -1
247 370 1
247 386 -1
247 1973 1
248 378 -1
248 379 1
248 386 1
248 1008 1
249 366 -1
249 367 1
249 382 -1
249 2809 1
250 366 1
250 374 -1
250 390 1
250 3495 -1
251 381 -1
251 382 1
251 390 -1
251 2820 -1
252 380 -1
252 381 1
252 387 1
252 2216 1
253 371 -1
253 372 1
253 389 -1
253 2210 -1
254 387 -1
254 388 1
254 391 1
254 2221 -1
255 388 -1
255 389 1
255 394 -1
255 2213 1
256 372 -1
256 373 1
256 393 1
256 533 1
257 373 -1
257 374 1
257 392 -1
257 532 -1
258 391 -1
258 392 1
258 395 -1
258 553 -1
259 393 -1
259 394 1
259 395 1
259 554 1
260 400 -1
260 401 1
260 405 1
260 601 -1
261 400 1
261 404 -1
261 411 1
261 596 1
262 401 -1
262 402 1
262 407 -1
262 602 1
263 405 -1
263 406 1
263 410 -1
263 2092 -1
264 406 -1
264 407 1
264 416 1
264 2961 -1
265 396 -1
265 397 1
265 408 1
265 2088 1
266 416 -1
266 417 1
266 420 1
266 2680 1
267 417 -1
267 418 1
267 423 -1
267 2675 1
268 408 -1
268 409 1
268 422 1
268 1161 -1
269 409 -1
269 410 1
269 421 -1
269 1167 1
270 420 -1
270 421 1
270 426 -1
270 1153 -1
271 422 -1
271 423 1
271 426 1
271 1154 1
272 403 -1
272 404 1
272 413 -1
272 600 -1
273 402 -1
273 403 1
273 419 -1
273 605 -1
274 418 -1
274 419 1
274 424 1
274 3053 -1
275 396 1
275 399 -1
275 425 -1
275 3052 1
276 424 -1
276 425 1
276 427 1
276 3054 1
277 413 1
277 415 -1
277 427 -1
277 3398 -1
278 411 -1
278 412 1
278 414 1
278 2096 1
279 397 -1
279 398 1
279 412 -1
279 2091 -1
280 398 -1
280 399 1
280 428 -1
280 3173 -1
281 414 -1
281 415 1
281 428 1
281 3177 -1
282 438 -1
282 439 1
282 443 -1
282 1992 1
283 439 -1
283 440 1
283 447 1
283 1996 -1
284 431 -1
284 432 1
284 447 -1
284 2002 -1
285 438 1
285 442 -1
285 444 1
285 3402 1
286 429 -1
286 430 1
286 461 -1
286 1636 1
287 430 -1
287 431 1
287 451 1
287 2233 1
288 440 -1
288 441 1
288 452 -1
288 2225 -1
289 441 -1
289 442 1
289 456 -1
289 3080 1
290 451 -1
290 452 1
290 462 1
290 2229 1
291 460 -1
291 461 1
291 464 -1
291 1635 -1
292 429 1
292 437 -1
292 460 1
292 1639 1
293 453 -1
293 454 1
293 470 -1
293 485 -1
294 454 -1
294 455 1
294 471 1
294 1901 1
295 455 -1
295 456 1
295 469 1
295 2214 -1
296 462 -1
296 463 1
296 469 -1
296 2211 1
297 463 -1
297 464 1
297 471 -1
297 1903 -1
298 432 -1
298 433 1
298 448 1
298 525 1
299 433 -1
299 434 1
299 465 1
299 516 -1
300 465 -1
300 466 1
300 475 -1
300 517 1
301 448 -1
301 449 1
301 475 1
301 523 1
302 434 -1
302 435 1
302 468 -1
302 2694 -1
303 453 1
303 459 -1
303 474 -1
303 493 -1
304 470 1
304 473 -1
304 474 1
304 486 1
305 443 1
305 446 -1
305 450 -1
305 1995 -1
306 467 -1
306 468 1
306 477 1
306 2697 -1
307 466 -1
307 467 1
307 476 -1
307 1851 1
308 449 -1
308 450 1
308 476 1
308 1848 1
309 444 -1
309 445 1
309 457 1
309 3403 -1
310 445 -1
310 446 1
310 481 1
310 3510 -1
311 477 -1
311 478 1
311 481 -1
311 3022 1
312 478 -1
312 479 1
312 482 1
312 2374 -1
313 458 -1
313 459 1
313 479 -1
313 2385 1
314 457 -1
314 458 1
314 482 -1
314 2375 1
315 436 -1
315 437 1
315 472 1
315 1900 -1
316 435 -1
316 436 1
316 480 -1
316 2594 1
317 472 -1
317 473 1
317 480 1
317 1894 1
318 483 -1
318 484 1
318 496 -1
318 630 1
319 484 -1
319 485 1
319 497 1
319 1901 -1
320 490 -1
320 491 1
320 493 1
320 899 -1
321 489 -1
321 490 1
321 500 -1
321 889 1
322 497 -1
322 498 1
322 500 1
322 2219 -1
323 483 1
323 488 -1
323 494 1
323 637 1
324 498 -1
324 499 1
324 501 1
324 2223 -1
325 495 -1
325 496 1
325 499 -1
325 633 -1
326 494 -1
326 495 1
326 503 -1
326 640 1
327 487 -1
327 488 1
327 504 1
327 1005 -1
328 508 -1
328 509 1
328 521 1
328 1240 -1
329 513 1
329 517 -1
329 521 -1
329 1247 -1
330 515 -1
330 516 1
330 518 1
330 2689 -1
331 505 1
331 512 -1
331 518 -1
331 2791 -1
332 513 -1
332 514 1
332 522 1
332 1253 -1
333 507 -1
333 508 1
333 522 -1
333 1241 1
334 514 -1
334 515 1
334 520 -1
334 2690 1
335 505 -1
335 506 1
335 519 1
335 3342 1
336 506 -1
336 507 1
336 528 1
336 3341 -1
337 519 -1
337 520 1
337 528 -1
337 3347 1
338 509 -1
338 510 1
338 524 -1
338 1716 1
339 523 -1
339 524 1
339 529 -1
339 1725 -1
340 525 -1
340 526 1
340 529 1
340 1731 -1
341 510 -1
341 511 1
341 530 1
341 1721 -1
342 511 -1
342 512 1
342 527 -1
342 2528 -1
343 526 -1
343 527 1
343 530 -1
343 1737 -1
344 544 1
344 551 -1
344 552 -1
344 2295 -1
345 534 -1
345 535 1
345 542 1
345 2650 -1
346 549 -1
346 550 1
346 555 -1
346 1217 -1
347 544 -1
347 545 1
347 553 1
347 2296 1
348 548 -1
348 549 1
348 561 -1
348 1211 -1
349 539 -1
349 540 1
349 561 1
349 1208 -1
350 533 -1
350 534 1
350 559 1
350 2647 1
351 552 1
351 554 -1
351 556 -1
351 2304 -1
352 556 1
352 558 -1
352 559 -1
352 2651 1
353 531 -1
353 532 1
353 562 1
353 1601 -1
354 545 -1
354 546 1
354 562 -1
354 1617 -1
355 531 1
355 538 -1
355 565 -1
355 1602 1
356 546 -1
356 547 1
356 565 1
356 1620 1
357 547 -1
357 548 1
357 564 -1
357 2460 1
358 535 -1
358 536 1
358 541 -1
358 3295 1
359 566 -1
359 567 1
359 569 1
359 2618 -1
360 563 -1
360 564 1
360 566 1
360 2459 -1
361 540 -1
361 541 1
361 563 1
361 2454 -1
362 557 -1
362 558 1
362 560 1
362 2367 1
363 542 -1
363 543 1
363 560 -1
363 2356 1
364 537 -1
364 538 1
364 568 -1
364 3357 -1
365 536 -1
365 537 1
365 571 1
365 3294 -1
366 569 -1
366 570 1
366 571 -1
366 2619 1
367 567 -1
367 568 1
367 570 -1
367 2623 1
368 572 -1
368 573 1
368 577 1
368 3051 1
369 573 -1
369 574 1
369 585 -1
369 2469 1
370 577 -1
370 578 1
370 586 -1
370 3013 -1
371 578 -1
371 579 1
371 590 -1
371 3008 -1
372 572 1
372 576 -1
372 579 -1
372 3409 -1
373 574 -1
373 575 1
373 580 1
373 2468 -1
374 575 -1
374 576 1
374 592 1
374 3408 1
375 589 -1
375 590 1
375 592 -1
375 3009 1
376 580 -1
376 581 1
376 589 1
376 2475 1
377 581 -1
377 582 1
377 591 -1
377 1119 -1
378 586 1
378 588 -1
378 591 1
378 1120 1
379 582 -1
379 583 1
379 593 1
379 1102 1
380 583 -1
380 584 1
380 594 -1
380 2472 1
381 593 -1
381 594 1
381 595 -1
381 1105 -1
382 587 -1
382 588 1
382 595 1
382 1125 1
383 584 -1
383 585 1
383 587 1
383 2474 -1
384 596 -1
384 597 1
384 601 1
384 2093 1
385 597 -1
385 598 1
385 603 -1
385 3237 -1
386 598 -1
386 599 1
386 604 1
386 3235 1
387 602 -1
387 603 1
387 604 -1
387 3234 -1
388 599 -1
388 600 1
388 605 1
388 3427 -1
389 607 -1
389 608 1
389 614 1
389 2993 -1
390 614 -1
390 615 1
390 617 1
390 1879 -1
391 608 -1
391 609 1
391 616 -1
391 2355 1
392 609 -1
392 610 1
392 621 1
392 1870 1
393 615 -1
393 616 1
393 621 -1
393 1877 1
394 610 -1
394 611 1
394 623 -1
394 1130 1
395 617 -1
395 618 1
395 622 1
395 733 -1
396 622 -1
396 623 1
396 625 -1
396 732 1
397 606 -1
397 607 1
397 620 -1
397 2994 1
398 606 1
398 613 -1
398 628 -1
398 2928 -1
399 619 -1
399 620 1
399 628 1
399 2935 1
400 618 -1
400 619 1
400 627 -1
400 719 1
401 611 -1
401 612 1
401 624 1
401 1134 -1
402 612 -1
402 613 1
402 629 -1
402 2058 -1
403 626 -1
403 627 1
403 629 1
403 718 -1
404 624 -1
404 625 1
404 626 1
404 725 -1
405 630 -1
405 631 1
405 634 1
405 1902 1
406 634 -1
406 635 1
406 638 -1
406 1204 1
407 635 -1
407 636 1
407 639 1
407 1004 -1
408 637 -1
408 638 1
408 639 -1
408 1005 1
409 632 -1
409 633 1
409 640 -1
409 1007 1
410 641 -1
410 642 1
410 647 -1
410 2964 1
411 646 -1
411 647 1
411 655 1
411 3301 1
412 642 -1
412 643 1
412 656 -1
412 2967 -1
413 657 -1
413 658 1
413 663 1
413 1850 1
414 655 -1
414 656 1
414 663 -1
414 3510 1
415 657 1
415 662 -1
415 664 -1
415 1847 -1
416 646 1
416 649 -1
416 664 1
416 1994 -1
417 644 -1
417 645 1
417 650 1
417 2877 -1
418 643 -1
418 644 1
418 665 1
418 2874 1
419 658 -1
419 659 1
419 665 -1
419 1849 -1
420 659 -1
420 660 1
420 668 1
420 1853 -1
421 651 -1
421 652 1
421 660 -1
421 1852 1
422 650 -1
422 651 1
422 668 -1
422 2870 1
423 652 -1
423 653 1
423 661 1
423 1724 -1
424 661 -1
424 662 1
424 667 -1
424 1725 1
425 653 -1
425 654 1
425 669 -1
425 1736 -1
426 666 -1
426 667 1
426 669 1
426 1728 1
427 648 -1
427 649 1
427 666 1
427 1892 -1
428 676 -1
428 677 1
428 684 -1
428 2953 1
429 683 -1
429 684 1
429 686 -1
429 2664 1
430 682 -1
430 683 1
430 687 1
430 2656 -1
431 671 -1
431 672 1
431 680 -1
431 1496 -1
432 687 -1
432 688 1
432 693 -1
432 1500 1
433 670 1
433 674 -1
433 681 1
433 1959 1
434 670 -1
434 671 1
434 694 1
434 1493 1
435 692 -1
435 693 1
435 694 -1
435 1503 -1
436 681 -1
436 682 1
436 692 1
436 1963 -1
437 677 -1
437 678 1
437 691 1
437 2952 -1
438 686 1
438 690 -1
438 691 -1
438 2667 -1
439 672 -1
439 673 1
439 675 1
439 1056 1
440 675 -1
440 676 1
440 685 1
440 1070 1
441 673 -1
441 674 1
441 685 -1
441 1055 -1
442 678 -1
442 679 1
442 696 -1
442 2718 -1
443 679 -1
443 680 1
443 695 -1
443 1504 -1
444 688 -1
444 689 1
444 695 1
444 1502 -1
445 689 -1
445 690 1
445 696 1
445 2668 1
446 704 -1
446 705 1
446 709 -1
446 3506 1
447 708 -1
447 709 1
447 715 -1
447 2933 1
448 703 -1
448 704 1
448 714 1
448 3531 -1
449 714 -1
449 715 1
449 716 1
449 2930 -1
450 702 -1
450 703 1
450 721 1
450 3254 1
451 697 1
451 699 -1
451 700 1
451 2059 1
452 716 -1
452 717 1
452 722 -1
452 2723 1
453 717 -1
453 718 1
453 724 1
453 2063 -1
454 700 -1
454 701 1
454 724 -1
454 2064 1
455 701 -1
455 702 1
455 723 1
455 2721 1
456 721 -1
456 722 1
456 723 -1
456 2720 -1
457 705 -1
457 706 1
457 710 1
457 1726 1
458 708 1
458 713 -1
458 720 -1
458 2934 1
459 726 1
459 728 -1
459 731 -1
459 1735 -1
460 710 -1
460 711 1
460 726 -1
460 1736 1
461 730 -1
461 731 1
461 732 -1
461 1143 -1
462 727 -1
462 728 1
462 730 1
462 1144 1
463 706 -1
463 707 1
463 727 1
463 1149 1
464 698 -1
464 699 1
464 707 -1
464 1139 -1
465 697 -1
465 698 1
465 725 1
465 1140 1
466 719 -1
466 720 1
466 729 -1
466 2935 -1
467 712 -1
467 713 1
467 729 1
467 2998 1
468 711 -1
468 712 1
468 733 1
468 1885 1
469 734 -1
469 735 1
469 738 -1
470 734 1
470 737 -1
470 739 1
470 2913 -1
471 738 1
471 741 -1
471 742 1
471 3529 -1
472 735 -1
472 736 1
472 744 -1
472 3260 1
473 736 -1
473 737 1
473 746 -1
473 2914 1
474 745 1
474 748 -1
474 749 1
474 1429 -1
475 745 -1
475 746 1
475 751 1
475 1430 1
476 743 -1
476 744 1
476 751 -1
476 1420 -1
477 742 -1
477 743 1
477 749 -1
477 1417 1
478 739 -1
478 740 1
478 747 1
478 1272 1
479 740 -1
479 741 1
479 750 1
479 1271 -1
480 747 -1
480 748 1
480 750 -1
480 1284 -1
481 759 -1
481 760 1
481 776 -1
481 1696 1
482 771 -1
482 772 1
482 776 1
482 1699 -1
483 758 -1
483 759 1
483 777 1
483 3405 -1
484 753 -1
484 754 1
484 758 1
484 2744 -1
485 754 -1
485 755 1
485 764 1
485 2743 1
486 764 -1
486 765 1
486 777 -1
486 3338 1
487 752 -1
487 753 1
487 761 -1
487 2747 -1
488 760 -1
488 761 1
488 780 -1
488 1694 -1
489 770 -1
489 771 1
489 780 1
489 1695 1
490 769 -1
490 770 1
490 781 -1
490 2838 -1
491 752 1
491 757 -1
491 781 1
491 2748 1
492 755 -1
492 756 1
492 763 -1
492 2198 -1
493 756 -1
493 757 1
493 782 -1
493 2201 -1
494 769 1
494 775 -1
494 782 1
494 2202 1
495 772 -1
495 773 1
495 779 -1
495 2281 1
496 762 1
496 768 -1
496 784 1
496 2271 1
497 762 -1
497 763 1
497 783 -1
497 2191 1
498 774 -1
498 775 1
498 783 1
498 2196 -1
499 773 -1
499 774 1
499 784 -1
499 2270 -1
500 765 -1
500 766 1
500 778 1
500 2158 1
501 778 -1
501 779 1
501 785 1
501 2161 -1
502 766 -1
502 767 1
502 787 1
502 2156 -1
503 767 -1
503 768 1
503 786 -1
503 2259 1
504 785 -1
504 786 1
504 787 -1
504 2157 1
505 788 1
505 793 -1
505 794 1
505 856 1
506 794 -1
506 795 1
506 802 -1
506 2748 -1
507 790 -1
507 791 1
507 797 1
507 862 -1
508 788 -1
508 789 1
508 803 1
508 873 -1
509 789 -1
509 790 1
509 813 -1
509 874 1
510 803 -1
510 804 1
510 813 1
510 1803 -1
511 804 -1
511 805 1
511 816 -1
511 2742 -1
512 792 -1
512 793 1
512 796 -1
512 861 -1
513 795 -1
513 796 1
513 809 -1
513 2339 1
514 791 -1
514 792 1
514 801 -1
514 863 1
515 797 -1
515 798 1
515 814 1
515 1250 1
516 798 -1
516 799 1
516 820 1
516 1252 1
517 799 -1
517 800 1
517 825 -1
517 2882 1
518 800 -1
518 801 1
518 819 -1
518 2332 1
519 802 1
519 807 -1
519 810 1
519 2749 -1
520 815 -1
520 816 1
520 817 1
520 3516 1
521 814 -1
521 815 1
521 821 -1
521 1249 -1
522 820 -1
522 821 1
522 822 1
522 1251 -1
523 822 -1
523 823 1
523 828 -1
523 3220 -1
524 806 -1
524 807 1
524 828 1
524 2750 -1
525 805 -1
525 806 1
525 817 -1
525 2736 1
526 808 1
526 812 -1
526 826 -1
526 2842 -1
527 808 -1
527 809 1
527 818 1
527 2340 -1
528 818 -1
528 819 1
528 826 1
528 2341 1
529 811 -1
529 812 1
529 827 1
529 853 -1
530 810 -1
530 811 1
530 829 -1
530 850 1
531 823 -1
531 824 1
531 829 1
531 849 -1
532 824 -1
532 825 1
532 827 -1
532 854 1
533 830 1
533 834 -1
533 839 -1
533 3446 1
534 830 -1
534 831 1
534 840 1
534 2776 1
535 831 -1
535 832 1
535 843 -1
535 2775 -1
536 843 1
536 846 -1
536 847 1
536 2783 -1
537 840 -1
537 841 1
537 847 -1
537 2779 1
538 832 -1
538 833 1
538 844 1
538 2284 1
539 833 -1
539 834 1
539 835 1
539 2287 -1
540 835 -1
540 836 1
540 851 1
540 2288 -1
541 851 -1
541 852 1
541 853 1
541 2290 1
542 844 -1
542 845 1
542 852 -1
542 2289 -1
543 845 -1
543 846 1
543 850 -1
543 2837 -1
544 836 -1
544 837 1
544 854 -1
544 3323 1
545 841 -1
545 842 1
545 848 1
545 3204 -1
546 838 -1
546 839 1
546 842 -1
546 3447 1
547 837 -1
547 838 1
547 855 -1
547 3322 -1
548 848 -1
548 849 1
548 855 1
548 3220 1
549 868 -1
549 869 1
549 872 1
549 1787 -1
550 857 -1
550 858 1
550 872 -1
550 1780 1
551 862 1
551 864 -1
551 871 -1
551 2867 -1
552 856 -1
552 857 1
552 873 1
552 1801 1
553 863 -1
553 864 1
553 865 1
553 2328 -1
554 867 -1
554 868 1
554 876 -1
554 1316 1
555 858 -1
555 859 1
555 876 1
555 1321 1
556 865 -1
556 866 1
556 878 -1
556 2310 1
557 866 -1
557 867 1
557 879 1
557 1307 1
558 859 -1
558 860 1
558 879 -1
558 1306 -1
559 860 -1
559 861 1
559 878 1
559 2316 -1
560 869 -1
560 870 1
560 875 -1
560 1810 -1
561 870 -1
561 871 1
561 877 1
561 2927 -1
562 874 -1
562 875 1
562 877 -1
562 1809 1
563 885 1
563 888 -1
563 893 -1
563 1823 -1
564 880 1
564 884 -1
564 885 -1
564 2992 -1
565 890 -1
565 891 1
565 893 1
565 1816 1
566 880 -1
566 881 1
566 886 1
566 2376 -1
567 887 -1
567 888 1
567 894 1
567 1820 1
568 886 -1
568 887 1
568 896 1
568 2381 -1
569 889 -1
569 890 1
569 894 -1
569 1815 -1
570 881 -1
570 882 1
570 898 -1
570 2377 1
571 891 -1
571 892 1
571 895 -1
571 2901 -1
572 883 -1
572 884 1
572 895 1
572 2900 1
573 896 -1
573 897 1
573 899 1
573 2385 -1
574 897 -1
574 898 1
574 901 -1
574 2383 1
575 903 1
575 908 -1
575 911 -1
576 903 -1
576 904 1
576 914 -1
576 1590 1
577 904 -1
577 905 1
577 917 1
577 1589 -1
578 905 -1
578 906 1
578 919 -1
578 1436 1
579 917 -1
579 918 1
579 919 1
579 1441 -1
580 910 -1
580 911 1
580 915 1
580 2056 -1
581 915 -1
581 916 1
581 927 -1
581 2061 -1
582 926 -1
582 927 1
582 929 -1
582 2063 1
583 909 -1
583 910 1
583 930 -1
583 2057 1
584 928 -1
584 929 1
584 930 1
584 2062 -1
585 924 -1
585 925 1
585 928 1
585 2911 -1
586 920 -1
586 921 1
586 925 -1
586 1453 1
587 909 1
587 913 -1
587 931 -1
587 2904 1
588 920 1
588 923 -1
588 931 1
588 1458 1
589 906 -1
589 907 1
589 922 1
589 1439 -1
590 907 -1
590 908 1
590 912 1
590 3374 -1
591 912 -1
591 913 1
591 932 -1
591 3376 -1
592 922 -1
592 923 1
592 932 1
592 1455 1
593 934 -1
593 935 1
593 942 -1
593 2709 1
594 933 -1
594 934 1
594 940 1
594 3064 1
595 935 -1
595 936 1
595 943 1
595 2711 1
596 933 1
596 939 -1
596 949 -1
596 3067 -1
597 949 1
597 951 -1
597 954 -1
597 1079 -1
598 943 -1
598 944 1
598 952 -1
598 2712 1
599 936 -1
599 937 1
599 952 1
599 3039 -1
600 956 -1
600 957 1
600 961 1
600 3038 1
601 938 -1
601 939 1
601 957 -1
601 3416 1
602 937 -1
602 938 1
602 961 -1
602 3037 -1
603 941 -1
603 942 1
603 948 -1
603 1757 1
604 940 -1
604 941 1
604 950 1
604 1756 1
605 950 -1
605 951 1
605 953 1
605 1080 -1
606 953 -1
606 954 1
606 958 1
606 1076 1
607 944 -1
607 945 1
607 962 1
607 2714 -1
608 955 -1
608 956 1
608 962 -1
608 2984 1
609 955 1
609 960 -1
609 964 -1
609 2978 -1
610 945 -1
610 946 1
610 964 1
610 2716 1
611 958 -1
611 959 1
611 963 1
611 1754 -1
612 959 -1
612 960 1
612 965 -1
612 3415 -1
613 946 -1
613 947 1
613 965 1
613 2717 -1
614 947 -1
614 948 1
614 963 -1
614 1759 -1
615 973 -1
615 974 1
615 981 -1
615 3163 1
616 968 -1
616 969 1
616 983 1
616 3132 1
617 969 -1
617 970 1
617 982 -1
617 2884 1
618 978 -1
618 979 1
618 982 1
618 2885 1
619 972 1
619 976 -1
619 994 1
619 1965 -1
620 972 -1
620 973 1
620 977 1
620 3162 -1
621 977 -1
621 978 1
621 991 1
621 2887 -1
622 991 -1
622 992 1
622 994 -1
622 1966 1
623 979 -1
623 980 1
623 984 -1
623 3103 1
624 983 -1
624 984 1
624 989 1
624 3092 1
625 985 -1
625 986 1
625 989 -1
625 3091 -1
626 980 -1
626 981 1
626 986 -1
626 3095 -1
627 967 -1
627 968 1
627 990 -1
627 3541 1
628 985 1
628 988 -1
628 990 1
628 3503 -1
629 974 -1
629 975 1
629 987 1
629 3144 1
630 975 -1
630 976 1
630 993 -1
630 1967 -1
631 966 1
631 971 -1
631 993 1
631 1961 -1
632 966 -1
632 967 1
632 995 -1
632 3142 -1
633 987 -1
633 988 1
633 995 1
633 3143 1
634 996 -1
634 997 1
634 999 1
634 2811 -1
635 1003 -1
635 1004 1
635 1008 -1
635 1185 1
636 999 -1
636 1000 1
636 1003 1
636 1184 -1
637 998 1
637 1002 -1
637 1007 -1
637 2217 -1
638 1000 -1
638 1001 1
638 1006 -1
638 1195 1
639 1001 -1
639 1002 1
639 1009 -1
639 2817 1
640 1019 1
640 1022 -1
640 1024 1
640 3089 -1
641 1015 1
641 1018 -1
641 1019 -1
641 3085 -1
642 1010 1
642 1014 -1
642 1016 -1
642 3542 1
643 1015 -1
643 1016 1
643 1020 1
643 3541 -1
644 1010 -1
644 1011 1
644 1027 1
644 3501 1
645 1011 -1
645 1012 1
645 1023 1
645 3199 1
646 1021 -1
646 1022 1
646 1023 -1
646 3202 1
647 1020 -1
647 1021 1
647 1027 -1
647 3503 1
648 1012 -1
648 1013 1
648 1025 -1
648 3201 -1
649 1013 -1
649 1014 1
649 1017 1
649 3505 -1
650 1017 -1
650 1018 1
650 1026 1
650 3086 1
651 1024 -1
651 1025 1
651 1026 -1
651 3090 1
652 1034 -1
652 1035 1
652 1040 -1
652 2798 -1
653 1028 -1
653 1029 1
653 1037 1
653 2796 -1
654 1029 -1
654 1030 1
654 1041 -1
654 3133 -1
655 1037 -1
655 1038 1
655 1041 1
655 2804 -1
656 1030 -1
656 1031 1
656 1042 1
656 2089 1
657 1032 -1
657 1033 1
657 1046 1
657 2498 1
658 1038 -1
658 1039 1
658 1043 -1
658 2808 1
659 1039 -1
659 1040 1
659 1044 1
659 2807 -1
660 1032 1
660 1036 -1
660 1047 -1
660 2898 1
661 1048 1
661 1051 -1
661 1052 -1
661 3451 1
662 1048 -1
662 1049 1
662 1057 1
662 3452 -1
663 1057 -1
663 1058 1
663 1064 1
663 1180 -1
664 1058 -1
664 1059 1
664 1061 -1
664 1187 1
665 1061 1
665 1063 -1
665 1067 1
665 1191 -1
666 1064 -1
666 1065 1
666 1067 -1
666 1181 1
667 1050 -1
667 1051 1
667 1053 1
667 3139 -1
668 1065 -1
668 1066 1
668 1068 1
668 3147 -1
669 1049 -1
669 1050 1
669 1066 -1
669 3140 1
670 1053 -1
670 1054 1
670 1071 1
670 1960 1
671 1054 -1
671 1055 1
671 1069 -1
671 1959 -1
672 1068 -1
672 1069 1
672 1071 -1
672 1964 1
673 1059 -1
673 1060 1
673 1062 1
673 1268 1
674 1052 1
674 1056 -1
674 1060 -1
674 3453 1
675 1062 -1
675 1063 1
675 1070 -1
675 1266 -1
676 1072 1
676 1075 -1
676 1084 1
676 1554 -1
677 1072 -1
677 1073 1
677 1076 -1
677 1745 1
678 1080 1
678 1083 -1
678 1084 -1
678 1557 1
679 1073 -1
679 1074 1
679 1077 1
679 3221 -1
680 1074 -1
680 1075 1
680 1087 -1
680 1555 1
681 1077 -1
681 1078 1
681 1089 -1
681 3222 1
682 1078 -1
682 1079 1
682 1081 1
682 3071 -1
683 1082 -1
683 1083 1
683 1085 1
683 1559 -1
684 1081 -1
684 1082 1
684 1090 1
684 1776 -1
685 1090 -1
685 1091 1
685 1092 1
685 1778 -1
686 1088 -1
686 1089 1
686 1091 -1
686 3225 1
687 1086 -1
687 1087 1
687 1088 1
687 1562 1
688 1085 -1
688 1086 1
688 1092 -1
688 1565 -1
689 1094 -1
689 1095 1
689 1099 1
689 3519 -1
690 1095 -1
690 1096 1
690 1109 -1
690 3509 1
691 1099 -1
691 1100 1
691 1111 -1
691 3521 -1
692 1100 -1
692 1101 1
692 1113 -1
692 3486 -1
693 1093 -1
693 1094 1
693 1101 -1
693 3485 -1
694 1093 1
694 1098 -1
694 1104 1
694 3317 -1
695 1096 -1
695 1097 1
695 1106 1
695 3508 -1
696 1097 -1
696 1098 1
696 1103 -1
696 3313 1
697 1106 -1
697 1107 1
697 1118 1
697 3014 1
698 1102 -1
698 1103 1
698 1123 1
698 2471 -1
699 1118 -1
699 1119 1
699 1123 -1
699 2475 -1
700 1108 -1
700 1109 1
700 1110 1
700 2190 -1
701 1107 -1
701 1108 1
701 1122 -1
701 2184 -1
702 1112 -1
702 1113 1
702 1114 -1
702 2187 -1
703 1110 -1
703 1111 1
703 1112 1
703 2189 -1
704 1104 -1
704 1105 1
704 1115 1
704 3320 -1
705 1114 1
705 1117 -1
705 1124 -1
705 2182 1
706 1125 -1
706 1126 1
706 1128 -1
706 2676 -1
707 1120 -1
707 1121 1
707 1128 1
707 2677 1
708 1121 -1
708 1122 1
708 1124 1
708 2181 -1
709 1115 -1
709 1116 1
709 1127 -1
709 3489 1
710 1116 -1
710 1117 1
710 1129 1
710 2682 -1
711 1126 -1
711 1127 1
711 1129 -1
711 2681 1
712 1136 -1
712 1137 1
712 1141 1
712 3072 -1
713 1130 -1
713 1131 1
713 1147 1
713 1870 -1
714 1142 -1
714 1143 1
714 1147 -1
714 1873 -1
715 1141 -1
715 1142 1
715 1146 -1
715 2358 -1
716 1131 -1
716 1132 1
716 1148 -1
716 2354 -1
717 1132 -1
717 1133 1
717 1135 1
717 2638 -1
718 1135 -1
718 1136 1
718 1145 1
718 2639 -1
719 1145 -1
719 1146 1
719 1148 1
719 2359 1
720 1137 -1
720 1138 1
720 1144 -1
720 1719 1
721 1138 -1
721 1139 1
721 1149 -1
721 1718 -1
722 1133 -1
722 1134 1
722 1140 -1
722 2056 1
723 1151 -1
723 1152 1
723 1157 1
723 2674 1
724 1152 -1
724 1153 1
724 1165 1
724 2678 -1
725 1157 -1
725 1158 1
725 1166 -1
725 2494 1
726 1165 -1
726 1166 1
726 1168 -1
726 2493 -1
727 1150 -1
727 1151 1
727 1156 -1
727 2673 -1
728 1150 1
728 1154 -1
728 1162 1
728 2677 -1
729 1162 -1
729 1163 1
729 1169 1
729 3013 1
730 1169 -1
730 1170 1
730 1175 1
730 3008 1
731 1155 1
731 1160 -1
731 1176 1
731 3411 -1
732 1155 -1
732 1156 1
732 1175 -1
732 3007 -1
733 1158 -1
733 1159 1
733 1174 -1
733 2504 1
734 1159 -1
734 1160 1
734 1177 -1
734 2547 -1
735 1176 -1
735 1177 1
735 1178 -1
735 2548 1
736 1170 -1
736 1171 1
736 1178 1
736 2550 1
737 1173 -1
737 1174 1
737 1179 -1
737 2488 1
738 1171 -1
738 1172 1
738 1179 1
738 2489 -1
739 1163 -1
739 1164 1
739 1172 -1
739 2490 1
740 1183 -1
740 1184 1
740 1194 -1
740 2821 1
741 1182 -1
741 1183 1
741 1192 1
741 3166 -1
742 1181 -1
742 1182 1
742 1201 -1
742 3152 1
743 1187 -1
743 1188 1
743 1197 -1
743 1257 -1
744 1180 1
744 1186 -1
744 1203 1
744 2606 1
745 1196 -1
745 1197 1
745 1203 -1
745 2593 -1
746 1196 1
746 1199 -1
746 1205 -1
746 1895 -1
747 1185 -1
747 1186 1
747 1206 -1
747 1984 1
748 1204 -1
748 1205 1
748 1206 1
748 1896 1
749 1188 -1
749 1189 1
749 1198 1
749 1254 1
750 1189 -1
750 1190 1
750 1207 1
750 1263 -1
751 1190 -1
751 1191 1
751 1202 -1
751 1267 1
752 1200 -1
752 1201 1
752 1202 1
752 3154 -1
753 1192 -1
753 1193 1
753 1200 1
753 3165 1
754 1193 -1
754 1194 1
754 1195 -1
754 2822 -1
755 1209 -1
755 1210 1
755 1216 -1
755 1332 -1
756 1210 -1
756 1211 1
756 1217 1
756 2461 -1
757 1209 1
757 1214 -1
757 1222 -1
757 1345 -1
758 1213 -1
758 1214 1
758 1226 -1
758 2462 1
759 1212 -1
759 1213 1
759 1227 -1
759 2467 -1
760 1227 1
760 1229 -1
760 1231 -1
760 2773 1
761 1218 -1
761 1219 1
761 1228 1
761 2774 -1
762 1230 -1
762 1231 1
762 1234 1
762 2851 1
763 1228 -1
763 1229 1
763 1230 1
763 2772 -1
764 1222 1
764 1224 -1
764 1225 1
764 1340 1
765 1225 -1
765 1226 1
765 1233 -1
765 3240 -1
766 1215 1
766 1221 -1
766 1232 1
766 3444 -1
767 1215 -1
767 1216 1
767 1223 1
767 1333 1
768 1223 -1
768 1224 1
768 1237 -1
768 1359 1
769 1232 -1
769 1233 1
769 1237 1
769 3236 -1
770 1219 -1
770 1220 1
770 1236 1
770 2857 -1
771 1220 -1
771 1221 1
771 1235 -1
771 3443 1
772 1234 -1
772 1235 1
772 1236 -1
772 2858 1
773 1239 -1
773 1240 1
773 1242 1
773 1841 1
774 1238 -1
774 1239 1
774 1244 -1
774 2008 1
775 1238 1
775 1241 -1
775 1251 1
775 3322 1
776 1243 -1
776 1244 1
776 1252 -1
776 2017 1
777 1242 -1
777 1243 1
777 1245 1
777 1844 -1
778 1245 -1
778 1246 1
778 1250 -1
778 1849 1
779 1248 -1
779 1249 1
779 1253 1
779 2698 1
780 1246 -1
780 1247 1
780 1248 1
780 1851 -1
781 1254 -1
781 1255 1
781 1258 -1
781 2625 1
782 1255 -1
782 1256 1
782 1259 1
782 2955 1
783 1258 1
783 1261 -1
783 1262 1
783 2629 -1
784 1256 -1
784 1257 1
784 1264 1
784 3333 -1
785 1259 -1
785 1260 1
785 1265 -1
785 2954 1
786 1260 -1
786 1261 1
786 1266 1
786 2953 -1
787 1264 -1
787 1265 1
787 1268 -1
787 3334 1
788 1262 -1
788 1263 1
788 1267 -1
788 2634 1
789 1274 -1
789 1275 1
789 1279 -1
789 3003 1
790 1269 1
790 1272 -1
790 1273 1
790 2917 -1
791 1273 -1
791 1274 1
791 1277 1
791 2920 -1
792 1277 -1
792 1278 1
792 1283 1
792 1434 -1
793 1278 -1
793 1279 1
793 1280 1
793 1427 -1
794 1269 -1
794 1270 1
794 1276 -1
794 1652 1
795 1275 -1
795 1276 1
795 1282 -1
795 1658 1
796 1270 -1
796 1271 1
796 1286 1
796 1651 -1
797 1281 -1
797 1282 1
797 1286 -1
797 1657 -1
798 1280 -1
798 1281 1
798 1285 1
798 1428 1
799 1283 -1
799 1284 1
799 1285 -1
799 1429 1
800 1289 -1
800 1290 1
800 1304 -1
800 2392 1
801 1298 -1
801 1299 1
801 1304 1
801 2405 -1
802 1288 -1
802 1289 1
802 1305 1
802 1410 -1
803 1290 -1
803 1291 1
803 1308 -1
803 2395 -1
804 1291 -1
804 1292 1
804 1310 1
804 1378 -1
805 1297 1
805 1302 -1
805 1310 -1
805 1370 1
806 1297 -1
806 1298 1
806 1308 1
806 2400 1
807 1303 1
807 1307 -1
807 1315 -1
807 2310 -1
808 1299 -1
808 1300 1
808 1303 -1
808 2311 1
809 1287 -1
809 1288 1
809 1319 1
809 1406 -1
810 1305 -1
810 1306 1
810 1319 -1
810 1407 1
811 1301 -1
811 1302 1
811 1311 1
811 1375 -1
812 1315 1
812 1318 -1
812 1320 1
812 2319 1
813 1300 -1
813 1301 1
813 1320 -1
813 2318 -1
814 1287 1
814 1296 -1
814 1321 -1
814 2203 -1
815 1311 -1
815 1312 1
815 1322 1
815 1393 1
816 1317 -1
816 1318 1
816 1322 -1
816 2925 -1
817 1316 -1
817 1317 1
817 1323 1
817 2208 -1
818 1292 -1
818 1293 1
818 1309 -1
818 1383 1
819 1293 -1
819 1294 1
819 1328 1
819 3116 -1
820 1309 1
820 1314 -1
820 1328 -1
820 1385 -1
821 1295 -1
821 1296 1
821 1324 -1
821 2204 1
822 1294 -1
822 1295 1
822 1329 -1
822 3117 1
823 1325 -1
823 1326 1
823 1329 1
823 3118 -1
824 1323 -1
824 1324 1
824 1325 1
824 2207 1
825 1312 -1
825 1313 1
825 1327 -1
825 1395 1
826 1313 -1
826 1314 1
826 1330 1
826 1392 1
827 1326 -1
827 1327 1
827 1330 -1
827 3119 -1
828 1331 1
828 1335 -1
828 1336 1
828 2293 1
829 1336 -1
829 1337 1
829 1346 1
829 2296 -1
830 1341 -1
830 1342 1
830 1354 1
830 1813 -1
831 1342 -1
831 1343 1
831 1351 1
831 3429 -1
832 1346 -1
832 1347 1
832 1351 -1
832 2306 -1
833 1347 -1
833 1348 1
833 1354 -1
833 1814 1
834 1331 -1
834 1332 1
834 1339 -1
834 2461 1
835 1340 -1
835 1341 1
835 1353 -1
835 1835 -1
836 1337 -1
836 1338 1
836 1352 1
836 3426 1
837 1338 -1
837 1339 1
837 1358 -1
837 2460 -1
838 1344 -1
838 1345 1
838 1358 1
838 2455 1
839 1343 -1
839 1344 1
839 1352 -1
839 3424 -1
840 1353 1
840 1357 -1
840 1359 -1
840 1836 1
841 1348 -1
841 1349 1
841 1355 1
841 1831 1
842 1333 -1
842 1334 1
842 1360 1
842 3445 1
843 1334 -1
843 1335 1
843 1350 -1
843 2303 -1
844 1349 -1
844 1350 1
844 1361 -1
844 2309 1
845 1355 -1
845 1356 1
845 1361 1
845 1833 -1
846 1356 -1
846 1357 1
846 1360 -1
846 1840 1
847 1370 -1
847 1371 1
847 1376 1
847 3107 -1
848 1364 -1
848 1365 1
848 1379 -1
848 2172 -1
849 1376 -1
849 1377 1
849 1379 1
849 3108 1
850 1365 -1
850 1366 1
850 1382 -1
850 2169 1
851 1377 -1
851 1378 1
851 1381 1
851 3111 -1
852 1381 -1
852 1382 1
852 1383 -1
852 3401 -1
853 1363 -1
853 1364 1
853 1380 1
853 2177 1
854 1371 -1
854 1372 1
854 1380 -1
854 3418 -1
855 1366 -1
855 1367 1
855 1384 1
855 2175 -1
856 1362 1
856 1369 -1
856 1389 -1
856 2187 1
857 1362 -1
857 1363 1
857 1386 -1
857 2185 1
858 1372 -1
858 1373 1
858 1386 1
858 3469 -1
859 1373 -1
859 1374 1
859 1389 1
859 3487 1
860 1384 -1
860 1385 1
860 1387 1
860 2674 -1
861 1374 -1
861 1375 1
861 1391 -1
861 3436 1
862 1390 -1
862 1391 1
862 1394 -1
862 3442 1
863 1368 -1
863 1369 1
863 1390 1
863 2188 -1
864 1367 -1
864 1368 1
864 1388 -1
864 2183 -1
865 1387 -1
865 1388 1
865 1392 -1
865 2679 1
866 1393 -1
866 1394 1
866 1395 -1
866 3363 1
867 1402 1
867 1404 -1
867 1409 1
867 2393 1
868 1397 -1
868 1398 1
868 1402 -1
868 2397 1
869 1409 -1
869 1410 1
869 1413 -1
869 2392 -1
870 1396 1
870 1401 -1
870 1405 1
870 2202 -1
871 1405 -1
871 1406 1
871 1411 1
871 2203 1
872 1403 -1
872 1404 1
872 1411 -1
872 2199 -1
873 1396 -1
873 1397 1
873 1403 1
873 2200 1
874 1398 -1
874 1399 1
874 1412 1
874 2406 -1
875 1412 -1
875 1413 1
875 1415 -1
875 2404 1
876 1407 -1
876 1408 1
876 1414 1
876 2839 -1
877 1400 -1
877 1401 1
877 1408 -1
877 2838 1
878 1399 -1
878 1400 1
878 1416 1
878 2841 -1
879 1414 -1
879 1415 1
879 1416 -1
879 2845 1
880 1417 -1
880 1418 1
880 1421 1
880 3530 -1
881 1421 -1
881 1422 1
881 1428 -1
881 3514 1
882 1426 -1
882 1427 1
882 1431 -1
882 3250 -1
883 1425 -1
883 1426 1
883 1432 1
883 3262 1
884 1422 -1
884 1423 1
884 1425 1
884 3507 -1
885 1430 -1
885 1431 1
885 1434 1
885 2918 1
886 1418 -1
886 1419 1
886 1424 -1
886 3479 1
887 1419 -1
887 1420 1
887 1433 -1
887 3261 1
888 1432 -1
888 1433 1
888 1435 -1
888 3263 1
889 1423 -1
889 1424 1
889 1435 1
889 3481 -1
890 1436 -1
890 1437 1
890 1440 1
890 2368 -1
891 1440 -1
891 1441 1
891 1442 1
891 1597 1
892 1448 -1
892 1449 1
892 1454 -1
892 2327 -1
893 1449 -1
893 1450 1
893 1455 -1
893 2323 1
894 1453 -1
894 1454 1
894 1458 -1
894 2909 1
895 1444 -1
895 1445 1
895 1452 -1
895 2314 1
896 1442 -1
896 1443 1
896 1457 -1
896 1596 -1
897 1443 -1
897 1444 1
897 1447 1
897 2341 -1
898 1437 -1
898 1438 1
898 1446 -1
898 3540 -1
899 1438 -1
899 1439 1
899 1456 -1
899 3371 1
900 1450 -1
900 1451 1
900 1456 1
900 2334 1
901 1451 -1
901 1452 1
901 1459 -1
901 2313 -1
902 1445 -1
902 1446 1
902 1459 1
902 3058 1
903 1462 -1
903 1463 1
903 1469 -1
903 1953 1
904 1463 -1
904 1464 1
904 1471 -1
904 1749 1
905 1460 -1
905 1461 1
905 1477 -1
905 1927 -1
906 1476 -1
906 1477 1
906 1486 1
906 1914 -1
907 1474 1
907 1479 -1
907 1480 1
907 1929 -1
908 1460 1
908 1466 -1
908 1487 -1
908 2022 -1
909 1486 -1
909 1487 1
909 1488 1
909 1937 -1
910 1475 -1
910 1476 1
910 1488 -1
910 1915 1
911 1474 -1
911 1475 1
911 1483 -1
911 1930 1
912 1470 -1
912 1471 1
912 1484 1
912 1752 1
913 1470 1
913 1473 -1
913 1481 -1
913 1755 1
914 1480 -1
914 1481 1
914 1490 -1
914 2758 -1
915 1467 -1
915 1468 1
915 1478 1
915 1926 -1
916 1468 -1
916 1469 1
916 1485 -1
916 1956 -1
917 1484 -1
917 1485 1
917 1492 -1
917 3127 -1
918 1489 -1
918 1490 1
918 1492 1
918 2763 -1
919 1478 -1
919 1479 1
919 1489 1
919 1933 1
920 1464 -1
920 1465 1
920 1472 1
920 1750 -1
921 1465 -1
921 1466 1
921 1491 -1
921 2023 1
922 1482 -1
922 1483 1
922 1491 1
922 2952 1
923 1472 -1
923 1473 1
923 1482 1
923 1758 1
924 1493 -1
924 1494 1
924 1497 1
924 1958 -1
925 1494 -1
925 1495 1
925 1499 -1
925 2703 1
926 1495 -1
926 1496 1
926 1504 1
926 2706 -1
927 1501 -1
927 1502 1
927 1505 1
927 2671 1
928 1498 -1
928 1499 1
928 1505 -1
928 2708 1
929 1510 -1
929 1511 1
929 1516 1
929 1936 -1
930 1506 1
930 1508 -1
930 1511 -1
930 2553 1
931 1509 1
931 1514 -1
931 1519 1
931 2630 1
932 1509 -1
932 1510 1
932 1515 -1
932 1934 1
933 1507 -1
933 1508 1
933 1512 1
933 3002 -1
934 1520 -1
934 1521 1
934 1525 1
934 2592 1
935 1506 -1
935 1507 1
935 1523 1
935 2555 -1
936 1512 -1
936 1513 1
936 1529 1
936 3004 -1
937 1513 -1
937 1514 1
937 1522 -1
937 3333 1
938 1521 -1
938 1522 1
938 1529 -1
938 3005 1
939 1516 -1
939 1517 1
939 1524 -1
939 1684 -1
940 1517 -1
940 1518 1
940 1528 -1
940 1682 1
941 1526 -1
941 1527 1
941 1528 1
941 1680 1
942 1525 -1
942 1526 1
942 1530 1
942 1671 1
943 1523 -1
943 1524 1
943 1530 -1
943 1672 -1
944 1534 -1
944 1535 1
944 1540 1
944 3198 -1
945 1546 -1
945 1547 1
945 1550 -1
945 2643 1
946 1540 -1
946 1541 1
946 1550 1
946 2641 1
947 1547 -1
947 1548 1
947 1553 -1
947 2644 1
948 1532 -1
948 1533 1
948 1545 1
948 2344 1
949 1533 -1
949 1534 1
949 1551 -1
949 2343 -1
950 1545 -1
950 1546 1
950 1551 1
950 2348 -1
951 1531 -1
951 1532 1
951 1549 -1
951 2261 -1
952 1548 -1
952 1549 1
952 1556 -1
952 2273 -1
953 1552 -1
953 1553 1
953 1554 1
953 1748 -1
954 1541 -1
954 1542 1
954 1552 1
954 1740 1
955 1542 -1
955 1543 1
955 1557 -1
955 1739 -1
956 1555 -1
956 1556 1
956 1561 -1
956 2276 1
957 1535 -1
957 1536 1
957 1544 -1
957 3285 1
958 1543 -1
958 1544 1
958 1558 1
958 3062 -1
959 1558 -1
959 1559 1
959 1564 -1
959 1772 -1
960 1536 -1
960 1537 1
960 1564 1
960 1761 1
961 1531 1
961 1539 -1
961 1560 1
961 2262 1
962 1560 -1
962 1561 1
962 1563 -1
962 2279 -1
963 1537 -1
963 1538 1
963 1565 1
963 1764 -1
964 1538 -1
964 1539 1
964 1566 1
964 3279 -1
965 1562 -1
965 1563 1
965 1566 -1
965 3223 1
966 1567 -1
966 1568 1
966 1569 1
966 2892 1
967 1571 -1
967 1572 1
967 1574 1
967 2632 1
968 1569 -1
968 1570 1
968 1572 -1
968 3289 1
969 1574 -1
969 1575 1
969 1576 -1
969 1931 -1
970 1577 1
970 1580 -1
970 1581 1
970 2101 -1
971 1577 -1
971 1578 1
971 1586 -1
971 2413 -1
972 1581 -1
972 1582 1
972 1585 1
972 2040 -1
973 1582 -1
973 1583 1
973 1587 -1
973 2029 1
974 1585 -1
974 1586 1
974 1587 1
974 2028 -1
975 1578 -1
975 1579 1
975 1588 -1
975 3480 1
976 1579 -1
976 1580 1
976 1584 -1
976 2102 1
977 1583 -1
977 1584 1
977 1588 1
977 2106 -1
978 1589 1
978 1592 -1
978 1597 -1
978 2368 1
979 1593 -1
979 1594 1
979 1595 1
979 2288 1
980 1595 -1
980 1596 1
980 1598 1
980 2292 -1
981 1591 -1
981 1592 1
981 1598 -1
981 2286 -1
982 1590 -1
982 1591 1
982 1594 -1
982 2287 1
983 1599 -1
983 1600 1
983 1605 1
983 3504 -1
984 1605 -1
984 1606 1
984 1611 1
984 2828 -1
985 1600 -1
985 1601 1
985 1613 -1
985 3495 1
986 1606 -1
986 1607 1
986 1614 1
986 2118 1
987 1612 -1
987 1613 1
987 1615 1
987 2121 1
988 1611 -1
988 1612 1
988 1614 -1
988 2117 -1
989 1615 -1
989 1616 1
989 1618 -1
989 2128 1
990 1607 -1
990 1608 1
990 1618 1
990 2132 -1
991 1599 1
991 1604 -1
991 1610 -1
991 1856 -1
992 1616 -1
992 1617 1
992 1620 -1
992 3426 -1
993 1602 -1
993 1603 1
993 1619 -1
993 3357 1
994 1603 -1
994 1604 1
994 1623 1
994 1854 1
995 1619 1
995 1622 -1
995 1623 -1
995 1865 -1
996 1608 -1
996 1609 1
996 1621 1
996 3180 1
997 1609 -1
997 1610 1
997 1624 -1
997 1869 -1
998 1621 -1
998 1622 1
998 1624 1
998 1868 -1
999 1625 1
999 1629 -1
999 1633 1
999 2950 1
1000 1636 -1
1000 1637 1
1000 1642 -1
1000 2233 -1
1001 1626 -1
1001 1627 1
1001 1630 1
1001 3260 -1
1002 1630 -1
1002 1631 1
1002 1640 -1
1002 2790 1
1003 1625 -1
1003 1626 1
1003 1643 1
1003 2949 -1
1004 1633 -1
1004 1634 1
1004 1645 -1
1004 1978 -1
1005 1639 -1
1005 1640 1
1005 1647 1
1005 1906 1
1006 1634 -1
1006 1635 1
1006 1648 1
1006 1904 1
1007 1644 -1
1007 1645 1
1007 1648 -1
1007 1905 -1
1008 1643 -1
1008 1644 1
1008 1647 -1
1008 1908 -1
1009 1627 -1
1009 1628 1
1009 1632 -1
1009 2521 1
1010 1631 -1
1010 1632 1
1010 1641 1
1010 2528 1
1011 1641 -1
1011 1642 1
1011 1646 1
1011 2238 1
1012 1637 -1
1012 1638 1
1012 1646 -1
1012 2234 1
1013 1628 -1
1013 1629 1
1013 1638 -1
1013 2524 -1
1014 1655 -1
1014 1656 1
1014 1662 1
1014 3507 1
1015 1656 -1
1015 1657 1
1015 1665 -1
1015 3514 -1
1016 1666 1
1016 1669 -1
1016 1673 1
1016 2042 -1
1017 1662 -1
1017 1663 1
1017 1666 -1
1017 2108 -1
1018 1655 1
1018 1661 -1
1018 1667 1
1018 2684 1
1019 1658 -1
1019 1659 1
1019 1671 -1
1019 2597 1
1020 1650 -1
1020 1651 1
1020 1670 -1
1020 3025 -1
1021 1664 -1
1021 1665 1
1021 1670 1
1021 3028 1
1022 1663 -1
1022 1664 1
1022 1676 1
1022 2105 1
1023 1660 -1
1023 1661 1
1023 1679 -1
1023 2696 1
1024 1659 -1
1024 1660 1
1024 1680 -1
1024 2596 -1
1025 1652 -1
1025 1653 1
1025 1672 1
1025 2555 1
1026 1667 -1
1026 1668 1
1026 1678 1
1026 2683 -1
1027 1668 -1
1027 1669 1
1027 1675 -1
1027 2039 -1
1028 1684 1
1028 1685 -1
1028 1686 1
1028 1938 -1
1029 1682 -1
1029 1683 1
1029 1686 -1
1029 1944 1
1030 1678 -1
1030 1679 1
1030 1683 -1
1030 2700 1
1031 1649 1
1031 1654 -1
1031 1674 -1
1031 2024 -1
1032 1649 -1
1032 1650 1
1032 1681 -1
1032 2412 -1
1033 1676 -1
1033 1677 1
1033 1681 1
1033 2104 -1
1034 1673 -1
1034 1674 1
1034 1677 -1
1034 2040 1
1035 1687 1
1035 1691 -1
1035 1692 1
1035 2833 -1
1036 1687 -1
1036 1688 1
1036 1700 1
1036 2775 1
1037 1688 -1
1037 1689 1
1037 1698 -1
1037 2778 -1
1038 1696 -1
1038 1697 1
1038 1698 1
1038 2787 -1
1039 1693 -1
1039 1694 1
1039 1697 -1
1039 2788 1
1040 1692 -1
1040 1693 1
1040 1700 -1
1040 2785 -1
1041 1690 -1
1041 1691 1
1041 1695 -1
1041 2834 1
1042 1689 -1
1042 1690 1
1042 1699 1
1042 3404 -1
1043 1701 -1
1043 1702 1
1043 1705 1
1043 3513 -1
1044 1701 1
1044 1704 -1
1044 1709 -1
1044 3313 -1
1045 1708 -1
1045 1709 1
1045 1712 1
1045 2471 1
1046 1705 -1
1046 1706 1
1046 1712 -1
1046 2468 1
1047 1708 1
1047 1711 -1
1047 1714 -1
1047 2472 -1
1048 1702 -1
1048 1703 1
1048 1707 -1
1048 3394 1
1049 1703 -1
1049 1704 1
1049 1710 1
1049 3314 1
1050 1710 -1
1050 1711 1
1050 1715 -1
1050 3318 1
1051 1713 -1
1051 1714 1
1051 1715 1
1051 2476 -1
1052 1706 -1
1052 1707 1
1052 1713 1
1052 2470 -1
1053 1716 -1
1053 1717 1
1053 1722 1
1053 1841 -1
1054 1717 -1
1054 1718 1
1054 1727 -1
1054 2010 -1
1055 1722 -1
1055 1723 1
1055 1727 1
1055 1842 1
1056 1719 -1
1056 1720 1
1056 1732 1
1056 3538 -1
1057 1723 -1
1057 1724 1
1057 1726 -1
1057 1846 -1
1058 1732 -1
1058 1733 1
1058 1735 1
1058 1871 1
1059 1728 -1
1059 1729 1
1059 1733 -1
1059 1888 1
1060 1720 -1
1060 1721 1
1060 1734 -1
1060 2525 1
1061 1730 -1
1061 1731 1
1061 1737 1
1061 2004 -1
1062 1729 -1
1062 1730 1
1062 1734 1
1062 2006 1
1063 1741 -1
1063 1742 1
1063 1749 -1
1063 2018 1
1064 1740 -1
1064 1741 1
1064 1751 -1
1064 2642 -1
1065 1747 -1
1065 1748 1
1065 1751 1
1065 2646 -1
1066 1745 -1
1066 1746 1
1066 1753 1
1066 3122 1
1067 1746 -1
1067 1747 1
1067 1752 -1
1067 3125 -1
1068 1738 -1
1068 1739 1
1068 1756 -1
1068 3063 1
1069 1753 -1
1069 1754 1
1069 1755 -1
1069 3130 1
1070 1738 1
1070 1744 -1
1070 1757 -1
1070 2705 -1
1071 1742 -1
1071 1743 1
1071 1750 1
1071 2020 -1
1072 1743 -1
1072 1744 1
1072 1760 1
1072 2706 1
1073 1758 -1
1073 1759 1
1073 1760 -1
1073 2718 1
1074 1762 -1
1074 1763 1
1074 1767 -1
1075 1761 -1
1075 1762 1
1075 1765 1
1075 3285 -1
1076 1765 -1
1076 1766 1
1076 1771 1
1076 3229 1
1077 1766 -1
1077 1767 1
1077 1768 1
1077 3228 -1
1078 1771 -1
1078 1772 1
1078 1773 -1
1078 3069 -1
1079 1773 1
1079 1775 -1
1079 1776 1
1079 3070 1
1080 1774 -1
1080 1775 1
1080 1777 1
1080 3233 -1
1081 1768 -1
1081 1769 1
1081 1774 1
1081 3230 -1
1082 1763 -1
1082 1764 1
1082 1770 -1
1082 3277 1
1083 1777 -1
1083 1778 1
1083 1779 -1
1083 3284 1
1084 1769 -1
1084 1770 1
1084 1779 1
1084 3281 1
1085 1782 -1
1085 1783 1
1085 1789 -1
1085 2197 1
1086 1783 -1
1086 1784 1
1086 1790 1
1086 2192 -1
1087 1781 -1
1087 1782 1
1087 1799 1
1087 2198 1
1088 1788 -1
1088 1789 1
1088 1799 -1
1088 2745 1
1089 1780 -1
1089 1781 1
1089 1801 -1
1089 2201 1
1090 1790 -1
1090 1791 1
1090 1800 1
1090 2764 1
1091 1784 -1
1091 1785 1
1091 1800 -1
1091 2193 1
1092 1788 1
1092 1794 -1
1092 1802 1
1092 2741 -1
1093 1795 1
1093 1798 -1
1093 1804 -1
1093 2373 1
1094 1795 -1
1094 1796 1
1094 1805 1
1094 2377 -1
1095 1792 -1
1095 1793 1
1095 1797 1
1095 2938 -1
1096 1797 -1
1096 1798 1
1096 1809 -1
1096 3528 1
1097 1802 -1
1097 1803 1
1097 1808 -1
1097 2742 1
1098 1793 -1
1098 1794 1
1098 1808 1
1098 2948 -1
1099 1804 1
1099 1807 -1
1099 1810 1
1099 2372 -1
1100 1805 -1
1100 1806 1
1100 1811 -1
1100 2378 1
1101 1806 -1
1101 1807 1
1101 1812 1
1101 2382 1
1102 1786 -1
1102 1787 1
1102 1812 -1
1102 2208 1
1103 1820 -1
1103 1821 1
1103 1832 -1
1103 3304 -1
1104 1813 1
1104 1819 -1
1104 1824 -1
1104 2073 1
1105 1824 1
1105 1826 -1
1105 1835 1
1105 2069 1
1106 1814 -1
1106 1815 1
1106 1834 -1
1106 2308 -1
1107 1831 -1
1107 1832 1
1107 1834 1
1107 2307 1
1108 1816 -1
1108 1817 1
1108 1827 1
1108 2901 1
1109 1817 -1
1109 1818 1
1109 1838 1
1109 2897 1
1110 1818 -1
1110 1819 1
1110 1825 1
1110 2072 -1
1111 1825 -1
1111 1826 1
1111 1837 -1
1111 2068 -1
1112 1836 -1
1112 1837 1
1112 1839 -1
1112 2962 1
1113 1828 -1
1113 1829 1
1113 1839 1
1113 2963 -1
1114 1827 -1
1114 1828 1
1114 1838 -1
1114 2896 -1
1115 1821 -1
1115 1822 1
1115 1833 1
1115 3306 -1
1116 1822 -1
1116 1823 1
1116 1830 -1
1116 3360 -1
1117 1829 -1
1117 1830 1
1117 1840 -1
1117 3361 1
1118 1842 -1
1118 1843 1
1118 1845 1
1118 2011 1
1119 1845 -1
1119 1846 1
1119 1852 -1
1119 3506 -1
1120 1843 -1
1120 1844 1
1120 1853 1
1120 2015 -1
1121 1847 1
1121 1848 -1
1121 1850 -1
1121 1995 1
1122 1854 -1
1122 1855 1
1122 1857 1
1122 3356 -1
1123 1857 -1
1123 1858 1
1123 1863 -1
1123 2727 1
1124 1862 -1
1124 1863 1
1124 1864 1
1124 2620 -1
1125 1858 -1
1125 1859 1
1125 1862 1
1125 2613 1
1126 1864 -1
1126 1865 1
1126 1867 -1
1126 2623 -1
1127 1859 -1
1127 1860 1
1127 1866 1
1127 2616 -1
1128 1866 -1
1128 1867 1
1128 1868 1
1128 2624 -1
1129 1855 -1
1129 1856 1
1129 1861 -1
1129 3505 1
1130 1860 -1
1130 1861 1
1130 1869 1
1130 3174 -1
1131 1872 -1
1131 1873 1
1131 1874 -1
1131 2358 1
1132 1874 1
1132 1876 -1
1132 1880 -1
1132 2357 -1
1133 1875 -1
1133 1876 1
1133 1881 1
1133 3075 1
1134 1871 -1
1134 1872 1
1134 1875 1
1134 3074 -1
1135 1880 1
1135 1883 -1
1135 1884 1
1135 2361 1
1136 1878 -1
1136 1879 1
1136 1887 -1
1136 2995 -1
1137 1877 -1
1137 1878 1
1137 1884 -1
1137 2364 -1
1138 1881 -1
1138 1882 1
1138 1888 -1
1138 2005 -1
1139 1882 -1
1139 1883 1
1139 1889 1
1139 2007 1
1140 1889 -1
1140 1890 1
1140 1892 1
1140 2003 -1
1141 1886 -1
1141 1887 1
1141 1891 -1
1141 2996 -1
1142 1890 -1
1142 1891 1
1142 1893 1
1142 3248 1
1143 1902 -1
1143 1903 1
1143 1904 -1
1143 1976 1
1144 1896 -1
1144 1897 1
1144 1905 1
1144 1979 1
1145 1897 -1
1145 1898 1
1145 1907 1
1145 2602 1
1146 1898 -1
1146 1899 1
1146 1909 -1
1146 2601 -1
1147 1899 -1
1147 1900 1
1147 1906 -1
1147 2607 -1
1148 1907 -1
1148 1908 1
1148 1909 1
1148 2951 1
1149 1911 -1
1149 1912 1
1149 1928 -1
1149 1943 1
1150 1922 -1
1150 1923 1
1150 1928 1
1150 2936 1
1151 1910 1
1151 1916 -1
1151 1931 1
1151 1942 -1
1152 1917 1
1152 1920 -1
1152 1921 1
1152 2939 -1
1153 1912 -1
1153 1913 1
1153 1932 1
1153 1944 -1
1154 1921 -1
1154 1922 1
1154 1932 -1
1154 2943 1
1155 1915 -1
1155 1916 1
1155 1930 -1
1155 1945 -1
1156 1918 -1
1156 1919 1
1156 1926 1
1156 1951 1
1157 1919 -1
1157 1920 1
1157 1925 -1
1157 2940 1
1158 1924 -1
1158 1925 1
1158 1933 -1
1158 2764 -1
1159 1935 -1
1159 1936 1
1159 1937 1
1159 2557 -1
1160 1934 -1
1160 1935 1
1160 1941 1
1160 2626 -1
1161 1939 -1
1161 1940 1
1161 1943 -1
1161 2631 1
1162 1941 -1
1162 1942 1
1162 1945 1
1162 2627 1
1163 1946 -1
1163 1947 1
1163 1953 -1
1163 2018 -1
1164 1947 -1
1164 1948 1
1164 1954 1
1164 2582 1
1165 1949 -1
1165 1950 1
1165 1954 -1
1165 2586 1
1166 1949 1
1166 1952 -1
1166 1955 1
1166 3169 1
1167 1955 -1
1167 1956 1
1167 1957 1
1167 3339 1
1168 1951 -1
1168 1952 1
1168 1957 -1
1168 3171 1
1169 1962 -1
1169 1963 1
1169 1965 1
1169 3149 -1
1170 1962 1
1170 1964 -1
1170 1967 1
1170 3148 1
1171 1958 1
1171 1960 -1
1171 1961 1
1171 3141 -1
1172 1971 -1
1172 1972 1
1172 1977 -1
1172 2209 1
1173 1976 -1
1173 1977 1
1173 1982 1
1173 2215 -1
1174 1970 -1
1174 1971 1
1174 1982 -1
1174 3121 1
1175 1969 -1
1175 1970 1
1175 1978 1
1175 2950 -1
1176 1979 -1
1176 1980 1
1176 1983 -1
1176 2602 -1
1177 1968 -1
1177 1969 1
1177 1981 -1
1177 2915 -1
1178 1980 -1
1178 1981 1
1178 1989 -1
1178 2919 -1
1179 1983 1
1179 1986 -1
1179 1988 1
1179 2598 -1
1180 1988 -1
1180 1989 1
1180 1990 1
1180 2920 1
1181 1968 1
1181 1975 -1
1181 1990 -1
1181 2916 1
1182 1984 -1
1182 1985 1
1182 1987 -1
1182 2606 -1
1183 1985 -1
1183 1986 1
1183 1991 -1
1183 2599 1
1184 1974 -1
1184 1975 1
1184 1991 1
1184 3000 1
1185 1973 -1
1185 1974 1
1185 1987 1
1185 3452 1
1186 1996 1
1186 1999 -1
1186 2000 1
1186 2226 1
1187 1992 -1
1187 1993 1
1187 1997 1
1187 3243 1
1188 1993 -1
1188 1994 1
1188 2003 1
1188 3247 1
1189 1998 -1
1189 1999 1
1189 2005 1
1189 3526 1
1190 1997 -1
1190 1998 1
1190 2007 -1
1190 3242 -1
1191 2001 -1
1191 2002 1
1191 2004 1
1191 2238 -1
1192 2000 -1
1192 2001 1
1192 2006 -1
1192 2239 -1
1193 2011 -1
1193 2012 1
1193 2013 1
1193 3257 1
1194 2009 -1
1194 2010 1
1194 2012 -1
1194 3251 -1
1195 2008 -1
1195 2009 1
1195 2016 -1
1195 3252 1
1196 2013 -1
1196 2014 1
1196 2016 1
1196 3258 -1
1197 2014 -1
1197 2015 1
1197 2017 -1
1197 2873 -1
1198 2021 -1
1198 2022 1
1198 2023 -1
1198 2558 -1
1199 2019 -1
1199 2020 1
1199 2021 1
1199 2554 -1
1200 2024 1
1200 2027 -1
1200 2028 1
1200 2410 1
1201 2031 -1
1201 2032 1
1201 2044 -1
1201 3348 1
1202 2035 -1
1202 2036 1
1202 2044 1
1202 3353 -1
1203 2034 -1
1203 2035 1
1203 2043 -1
1203 3168 -1
1204 2036 -1
1204 2037 1
1204 2048 1
1204 3344 1
1205 2029 -1
1205 2030 1
1205 2041 1
1205 2106 1
1206 2030 -1
1206 2031 1
1206 2047 -1
1206 3350 -1
1207 2047 1
1207 2050 -1
1207 2052 -1
1207 3354 -1
1208 2041 -1
1208 2042 1
1208 2052 1
1208 2109 1
1209 2037 -1
1209 2038 1
1209 2054 1
1209 2701 -1
1210 2038 -1
1210 2039 1
1210 2053 -1
1210 2683 1
1211 2049 -1
1211 2050 1
1211 2053 1
1211 2688 -1
1212 2048 -1
1212 2049 1
1212 2054 -1
1212 2702 1
1213 2043 1
1213 2046 -1
1213 2051 -1
1213 2589 1
1214 2026 -1
1214 2027 1
1214 2033 -1
1214 3269 -1
1215 2025 -1
1215 2026 1
1215 2055 1
1215 2584 -1
1216 2045 -1
1216 2046 1
1216 2055 -1
1216 2591 1
1217 2032 -1
1217 2033 1
1217 2045 1
1217 3276 -1
1218 2060 -1
1218 2061 1
1218 2065 -1
1218 2719 1
1219 2057 -1
1219 2058 1
1219 2062 1
1219 2903 -1
1220 2064 -1
1220 2065 1
1220 2066 1
1220 2721 -1
1221 2059 -1
1221 2060 1
1221 2066 -1
1221 3251 1
1222 2067 1
1222 2070 -1
1222 2082 -1
1222 3237 1
1223 2076 -1
1223 2077 1
1223 2082 1
1223 3286 1
1224 2069 -1
1224 2070 1
1224 2083 -1
1224 3239 -1
1225 2076 1
1225 2081 -1
1225 2083 1
1225 3329 -1
1226 2078 -1
1226 2079 1
1226 2085 1
1226 3327 -1
1227 2071 -1
1227 2072 1
1227 2084 1
1227 2897 -1
1228 2079 -1
1228 2080 1
1228 2086 -1
1228 3328 -1
1229 2080 -1
1229 2081 1
1229 2087 1
1229 3330 1
1230 2073 -1
1230 2074 1
1230 2087 -1
1230 3429 1
1231 2074 -1
1231 2075 1
1231 2086 1
1231 3450 1
1232 2093 -1
1232 2094 1
1232 2095 -1
1232 3286 -1
1233 2089 -1
1233 2090 1
1233 2098 -1
1233 2110 1
1234 2095 1
1234 2097 -1
1234 2098 1
1234 2140 -1
1235 2090 -1
1235 2091 1
1235 2099 1
1235 2113 -1
1236 2096 -1
1236 2097 1
1236 2099 -1
1236 2144 -1
1237 2100 -1
1237 2101 1
1237 2104 1
1237 2414 1
1238 2100 1
1238 2103 -1
1238 2105 -1
1238 3026 1
1239 2102 -1
1239 2103 1
1239 2107 1
1239 3479 -1
1240 2107 -1
1240 2108 1
1240 2109 -1
1240 3481 1
1241 2119 1
1241 2121 -1
1241 2124 1
1241 3449 -1
1242 2111 -1
1242 2112 1
1242 2130 -1
1242 3086 -1
1243 2114 1
1243 2118 -1
1243 2130 1
1243 2830 -1
1244 2122 1
1244 2126 -1
1244 2135 1
1244 3097 1
1245 2116 -1
1245 2117 1
1245 2120 -1
1245 2827 1
1246 2122 -1
1246 2123 1
1246 2134 -1
1246 3101 -1
1247 2119 -1
1247 2120 1
1247 2123 -1
1247 3367 1
1248 2114 -1
1248 2115 1
1248 2133 1
1248 2832 1
1249 2115 -1
1249 2116 1
1249 2138 1
1249 2831 1
1250 2133 -1
1250 2134 1
1250 2138 -1
1250 3087 1
1251 2110 -1
1251 2111 1
1251 2136 -1
1251 3083 1
1252 2135 -1
1252 2136 1
1252 2137 -1
1252 3096 -1
1253 2125 -1
1253 2126 1
1253 2137 1
1253 3327 1
1254 2124 -1
1254 2125 1
1254 2127 -1
1254 3328 1
1255 2127 1
1255 2129 -1
1255 2139 1
1255 3330 -1
1256 2139 -1
1256 2140 1
1256 2142 -1
1256 3329 1
1257 2141 -1
1257 2142 1
1257 2143 1
1257 3423 -1
1258 2128 -1
1258 2129 1
1258 2141 1
1258 3424 1
1259 2112 -1
1259 2113 1
1259 2131 1
1259 3174 1
1260 2143 -1
1260 2144 1
1260 2145 -1
1260 3179 1
1261 2131 -1
1261 2132 1
1261 2145 1
1261 3180 -1
1262 2147 -1
1262 2148 1
1262 2151 -1
1262 2242 1
1263 2151 1
1263 2153 -1
1263 2154 1
1263 2246 1
1264 2154 -1
1264 2155 1
1264 2162 -1
1264 2257 -1
1265 2162 1
1265 2165 -1
1265 2166 -1
1265 2587 -1
1266 2155 -1
1266 2156 1
1266 2166 1
1266 2258 -1
1267 2146 1
1267 2150 -1
1267 2160 -1
1267 3267 1
1268 2146 -1
1268 2147 1
1268 2152 1
1268 3266 -1
1269 2152 -1
1269 2153 1
1269 2163 1
1269 2584 1
1270 2164 -1
1270 2165 1
1270 2167 -1
1270 2590 1
1271 2163 -1
1271 2164 1
1271 2168 1
1271 2591 -1
1272 2159 -1
1272 2160 1
1272 2168 -1
1272 3274 -1
1273 2158 -1
1273 2159 1
1273 2167 1
1273 3338 -1
1274 2148 -1
1274 2149 1
1274 2157 -1
1274 2244 -1
1275 2149 -1
1275 2150 1
1275 2161 1
1275 2265 -1
1276 2169 -1
1276 2170 1
1276 2173 1
1276 3524 -1
1277 2170 -1
1277 2171 1
1277 2180 1
1277 3017 1
1278 2171 -1
1278 2172 1
1278 2176 -1
1278 3018 -1
1279 2174 -1
1279 2175 1
1279 2181 1
1279 2673 1
1280 2173 -1
1280 2174 1
1280 2180 -1
1280 3016 -1
1281 2176 1
1281 2179 -1
1281 2184 1
1281 3015 -1
1282 2185 -1
1282 2186 1
1282 2189 1
1282 3465 1
1283 2177 -1
1283 2178 1
1283 2186 -1
1283 3419 1
1284 2178 -1
1284 2179 1
1284 2190 1
1284 3420 -1
1285 2182 -1
1285 2183 1
1285 2188 1
1285 2682 1
1286 2191 -1
1286 2192 1
1286 2197 -1
1286 2946 -1
1287 2194 -1
1287 2195 1
1287 2199 1
1287 2730 1
1288 2193 -1
1288 2194 1
1288 2205 -1
1288 2766 -1
1289 2195 -1
1289 2196 1
1289 2200 -1
1289 2733 1
1290 2204 -1
1290 2205 1
1290 2206 1
1290 2759 1
1291 2209 -1
1291 2210 1
1291 2212 -1
1291 3076 1
1292 2211 -1
1292 2212 1
1292 2215 1
1292 3077 -1
1293 2213 -1
1293 2214 1
1293 2218 1
1293 2305 -1
1294 2216 -1
1294 2217 1
1294 2222 1
1294 2819 -1
1295 2218 -1
1295 2219 1
1295 2220 1
1295 2308 1
1296 2222 -1
1296 2223 1
1296 2224 -1
1296 3450 -1
1297 2220 -1
1297 2221 1
1297 2224 1
1297 2306 1
1298 2229 -1
1298 2230 1
1298 2235 -1
1298 3077 1
1299 2225 1
1299 2228 -1
1299 2232 -1
1299 3079 -1
1300 2227 -1
1300 2228 1
1300 2240 1
1300 3161 -1
1301 2230 -1
1301 2231 1
1301 2236 1
1301 2653 1
1302 2231 -1
1302 2232 1
1302 2241 -1
1302 2651 -1
1303 2234 -1
1303 2235 1
1303 2237 -1
1303 2531 1
1304 2242 -1
1304 2243 1
1304 2245 -1
1304 2342 1
1305 2245 1
1305 2247 -1
1305 2248 1
1305 2345 1
1306 2248 -1
1306 2249 1
1306 2251 1
1306 2347 1
1307 2246 -1
1307 2247 1
1307 2255 1
1307 2583 -1
1308 2255 -1
1308 2256 1
1308 2257 1
1308 2585 1
1309 2251 -1
1309 2252 1
1309 2256 -1
1309 2645 -1
1310 2243 -1
1310 2244 1
1310 2250 -1
1310 2260 1
1311 2249 -1
1311 2250 1
1311 2254 -1
1311 2274 -1
1312 2252 -1
1312 2253 1
1312 2258 1
1312 3045 1
1313 2253 -1
1313 2254 1
1313 2259 -1
1313 2275 1
1314 2267 -1
1314 2268 1
1314 2277 -1
1314 3126 -1
1315 2266 1
1315 2272 -1
1315 2273 1
1315 3044 -1
1316 2266 -1
1316 2267 1
1316 2282 -1
1316 3124 1
1317 2276 -1
1317 2277 1
1317 2282 1
1317 3123 -1
1318 2263 -1
1318 2264 1
1318 2280 1
1318 2728 -1
1319 2269 -1
1319 2270 1
1319 2280 -1
1319 2733 -1
1320 2268 -1
1320 2269 1
1320 2278 1
1320 2734 -1
1321 2260 -1
1321 2261 1
1321 2274 1
1321 2344 -1
1322 2262 -1
1322 2263 1
1322 2283 -1
1322 2729 1
1323 2278 -1
1323 2279 1
1323 2283 1
1323 2735 1
1324 2271 -1
1324 2272 1
1324 2275 -1
1324 3047 -1
1325 2264 -1
1325 2265 1
1325 2281 -1
1325 3404 1
1326 2284 -1
1326 2285 1
1326 2289 1
1326 2833 1
1327 2285 -1
1327 2286 1
1327 2291 -1
1327 2836 -1
1328 2290 -1
1328 2291 1
1328 2292 1
1328 2842 1
1329 2293 -1
1329 2294 1
1329 2300 1
1329 3244 1
1330 2294 -1
1330 2295 1
1330 2299 -1
1330 3159 1
1331 2298 -1
1331 2299 1
1331 2304 1
1331 3081 1
1332 2297 -1
1332 2298 1
1332 2305 1
1332 3082 -1
1333 2297 1
1333 2302 -1
1333 2307 -1
1333 3245 1
1334 2300 -1
1334 2301 1
1334 2303 1
1334 3249 1
1335 2301 -1
1335 2302 1
1335 2309 -1
1335 3248 -1
1336 2319 -1
1336 2320 1
1336 2328 1
1336 2868 1
1337 2311 -1
1337 2312 1
1337 2333 1
1337 3060 1
1338 2323 -1
1338 2324 1
1338 2333 -1
1338 3377 1
1339 2317 -1
1339 2318 1
1339 2324 -1
1339 3438 -1
1340 2312 -1
1340 2313 1
1340 2334 -1
1340 3057 -1
1341 2317 1
1341 2322 -1
1341 2325 1
1341 3433 -1
1342 2329 -1
1342 2330 1
1342 2335 1
1342 2883 1
1343 2325 -1
1343 2326 1
1343 2337 1
1343 2907 -1
1344 2326 -1
1344 2327 1
1344 2336 -1
1344 2909 -1
1345 2335 -1
1345 2336 1
1345 2337 -1
1345 2908 1
1346 2314 -1
1346 2315 1
1346 2340 1
1346 2843 1
1347 2315 -1
1347 2316 1
1347 2339 -1
1347 2839 1
1348 2320 -1
1348 2321 1
1348 2331 -1
1348 2879 1
1349 2321 -1
1349 2322 1
1349 2338 -1
1349 3430 1
1350 2330 -1
1350 2331 1
1350 2338 1
1350 2881 -1
1351 2342 -1
1351 2343 1
1351 2346 -1
1351 3198 1
1352 2345 -1
1352 2346 1
1352 2349 -1
1352 2641 -1
1353 2347 -1
1353 2348 1
1353 2349 1
1353 2643 -1
1354 2350 -1
1354 2351 1
1354 2354 1
1354 2635 -1
1355 2350 1
1355 2353 -1
1355 2360 1
1355 2636 1
1356 2357 1
1356 2359 -1
1356 2360 -1
1356 2640 -1
1357 2361 -1
1357 2362 1
1357 2366 -1
1357 3157 1
1358 2364 1
1358 2365 -1
1358 2366 1
1358 3160 -1
1359 2351 -1
1359 2352 1
1359 2356 -1
1359 2650 1
1360 2352 -1
1360 2353 1
1360 2363 -1
1360 2649 -1
1361 2362 -1
1361 2363 1
1361 2367 -1
1361 2652 -1
1362 2370 -1
1362 2371 1
1362 2379 -1
1362 3359 1
1363 2376 1
1363 2378 -1
1363 2379 1
1363 2992 1
1364 2371 -1
1364 2372 1
1364 2382 -1
1364 2926 -1
1365 2369 -1
1365 2370 1
1365 2380 1
1365 3305 1
1366 2380 -1
1366 2381 1
1366 2384 -1
1366 3304 1
1367 2369 1
1367 2375 -1
1367 2384 1
1367 3303 -1
1368 2373 -1
1368 2374 1
1368 2383 -1
1368 3021 -1
1369 2401 -1
1369 2402 1
1369 2404 -1
1369 3055 1
1370 2400 -1
1370 2401 1
1370 2405 1
1370 3059 -1
1371 2388 -1
1371 2389 1
1371 2397 -1
1371 2728 1
1372 2387 -1
1372 2388 1
1372 2406 1
1372 3543 1
1373 2393 -1
1373 2394 1
1373 2396 -1
1373 2732 -1
1374 2394 -1
1374 2395 1
1374 2403 -1
1374 3114 -1
1375 2386 1
1375 2391 -1
1375 2403 1
1375 3104 1
1376 2396 1
1376 2399 -1
1376 2408 -1
1376 2425 1
1377 2389 -1
1377 2390 1
1377 2398 1
1377 2729 -1
1378 2398 -1
1378 2399 1
1378 2409 -1
1378 2421 1
1379 2407 -1
1379 2408 1
1379 2409 1
1379 2420 -1
1380 2390 -1
1380 2391 1
1380 2407 1
1380 3537 -1
1381 2410 -1
1381 2411 1
1381 2413 1
1381 3532 -1
1382 2411 -1
1382 2412 1
1382 2414 -1
1382 3024 1
1383 2415 -1
1383 2416 1
1383 2420 1
1383 3537 1
1384 2415 1
1384 2418 -1
1384 2424 -1
1384 3388 -1
1385 2416 -1
1385 2417 1
1385 2419 -1
1385 3279 1
1386 2417 -1
1386 2418 1
1386 2429 1
1386 3278 -1
1387 2419 1
1387 2422 -1
1387 2433 -1
1387 3223 -1
1388 2423 -1
1388 2424 1
1388 2431 -1
1388 2542 -1
1389 2423 1
1389 2428 -1
1389 2441 -1
1389 2546 -1
1390 2421 -1
1390 2422 1
1390 2435 -1
1390 2735 -1
1391 2425 -1
1391 2426 1
1391 2446 -1
1391 2732 1
1392 2434 -1
1392 2435 1
1392 2446 1
1392 2731 -1
1393 2429 -1
1393 2430 1
1393 2432 1
1393 3282 1
1394 2430 -1
1394 2431 1
1394 2442 -1
1394 2543 1
1395 2432 -1
1395 2433 1
1395 2436 1
1395 3225 -1
1396 2436 -1
1396 2437 1
1396 2448 -1
1396 2987 -1
1397 2442 1
1397 2445 -1
1397 2448 1
1397 2552 1
1398 2427 -1
1398 2428 1
1398 2440 1
1398 3525 -1
1399 2426 -1
1399 2427 1
1399 2447 -1
1399 3399 1
1400 2434 1
1400 2439 -1
1400 2447 1
1400 3226 1
1401 2440 -1
1401 2441 1
1401 2443 1
1401 2547 1
1402 2437 -1
1402 2438 1
1402 2449 -1
1402 2515 1
1403 2438 -1
1403 2439 1
1403 2450 1
1403 2505 1
1404 2443 -1
1404 2444 1
1404 2450 -1
1404 2504 -1
1405 2444 -1
1405 2445 1
1405 2449 1
1405 2514 -1
1406 2458 -1
1406 2459 1
1406 2463 1
1406 3300 -1
1407 2453 -1
1407 2454 1
1407 2463 -1
1407 3296 1
1408 2455 -1
1408 2456 1
1408 2462 -1
1408 3422 1
1409 2452 -1
1409 2453 1
1409 2464 1
1409 3308 1
1410 2456 -1
1410 2457 1
1410 2466 1
1410 3396 1
1411 2457 -1
1411 2458 1
1411 2465 -1
1411 3311 -1
1412 2464 -1
1412 2465 1
1412 2466 -1
1412 3312 1
1413 2451 -1
1413 2452 1
1413 2467 1
1413 2771 -1
1414 2469 -1
1414 2470 1
1414 2473 1
1414 3052 -1
1415 2473 -1
1415 2474 1
1415 2476 1
1415 3054 -1
1416 2477 -1
1416 2478 1
1416 2481 -1
1416 3392 1
1417 2481 1
1417 2483 -1
1417 2485 -1
1417 3393 -1
1418 2482 -1
1418 2483 1
1418 2486 1
1418 2551 1
1419 2477 1
1419 2480 -1
1419 2482 1
1419 2537 -1
1420 2484 -1
1420 2485 1
1420 2487 -1
1420 2518 -1
1421 2486 -1
1421 2487 1
1421 2488 -1
1421 2519 1
1422 2479 -1
1422 2480 1
1422 2489 1
1422 2538 1
1423 2491 -1
1423 2492 1
1423 2500 1
1423 2890 1
1424 2492 -1
1424 2493 1
1424 2499 -1
1424 2895 1
1425 2507 -1
1425 2508 1
1425 2511 1
1425 2980 -1
1426 2501 -1
1426 2502 1
1426 2507 1
1426 3421 1
1427 2500 -1
1427 2501 1
1427 2506 1
1427 2893 -1
1428 2498 -1
1428 2499 1
1428 2506 -1
1428 2898 -1
1429 2491 1
1429 2497 -1
1429 2503 -1
1429 2760 -1
1430 2502 -1
1430 2503 1
1430 2510 -1
1430 2754 -1
1431 2494 -1
1431 2495 1
1431 2505 -1
1431 3115 1
1432 2509 -1
1432 2510 1
1432 2516 1
1432 2755 1
1433 2508 -1
1433 2509 1
1433 2515 -1
1433 2976 1
1434 2512 -1
1434 2513 1
1434 2518 1
1434 2985 1
1435 2513 -1
1435 2514 1
1435 2519 -1
1435 2552 -1
1436 2495 -1
1436 2496 1
1436 2520 1
1436 3120 -1
1437 2496 -1
1437 2497 1
1437 2517 -1
1437 2768 1
1438 2516 -1
1438 2517 1
1438 2520 -1
1438 2767 1
1439 2525 -1
1439 2526 1
1439 2529 -1
1439 3073 1
1440 2521 -1
1440 2522 1
1440 2527 -1
1440 2637 1
1441 2526 -1
1441 2527 1
1441 2530 -1
1441 2639 1
1442 2523 -1
1442 2524 1
1442 2531 -1
1442 3121 -1
1443 2532 1
1443 2535 -1
1443 2536 1
1443 3387 -1
1444 2532 -1
1444 2533 1
1444 2539 -1
1444 3406 1
1445 2536 -1
1445 2537 1
1445 2544 -1
1445 3389 -1
1446 2541 -1
1446 2542 1
1446 2546 1
1446 3390 1
1447 2534 -1
1447 2535 1
1447 2540 1
1447 2562 -1
1448 2533 -1
1448 2534 1
1448 2549 1
1448 2563 1
1449 2545 1
1449 2548 -1
1449 2549 -1
1449 2575 1
1450 2540 -1
1450 2541 1
1450 2545 -1
1450 2574 -1
1451 2538 -1
1451 2539 1
1451 2550 -1
1451 3409 1
1452 2543 -1
1452 2544 1
1452 2551 -1
1452 3391 1
1453 2553 -1
1453 2554 1
1453 2556 1
1453 3331 -1
1454 2556 -1
1454 2557 1
1454 2558 1
1454 2954 -1
1455 2566 1
1455 2569 -1
1455 2571 1
1455 3523 1
1456 2559 -1
1456 2560 1
1456 2576 -1
1456 3105 1
1457 2560 -1
1457 2561 1
1457 2567 -1
1457 3104 -1
1458 2566 -1
1458 2567 1
1458 2570 -1
1458 3112 1
1459 2570 1
1459 2573 -1
1459 2576 1
1459 3108 -1
1460 2559 1
1460 2565 -1
1460 2577 1
1460 3417 1
1461 2572 -1
1461 2573 1
1461 2579 -1
1461 3412 -1
1462 2571 -1
1462 2572 1
1462 2575 -1
1462 3410 1
1463 2561 -1
1463 2562 1
1463 2568 1
1463 3388 1
1464 2568 -1
1464 2569 1
1464 2574 1
1464 3390 -1
1465 2563 -1
1465 2564 1
1465 2581 1
1465 3185 1
1466 2564 -1
1466 2565 1
1466 2580 -1
1466 3184 -1
1467 2577 -1
1467 2578 1
1467 2580 1
1467 3195 -1
1468 2578 -1
1468 2579 1
1468 2581 -1
1468 3197 1
1469 2582 -1
1469 2583 1
1469 2585 -1
1469 2642 1
1470 2586 -1
1470 2587 1
1470 2588 -1
1470 3169 -1
1471 2588 1
1471 2589 -1
1471 2590 -1
1471 3170 -1
1472 2597 -1
1472 2598 1
1472 2600 1
1472 3003 -1
1473 2592 -1
1473 2593 1
1473 2599 -1
1473 3005 -1
1474 2600 -1
1474 2601 1
1474 2603 -1
1474 3250 1
1475 2603 1
1475 2605 -1
1475 2607 1
1475 2794 -1
1476 2595 -1
1476 2596 1
1476 2604 1
1476 2696 -1
1477 2594 -1
1477 2595 1
1477 2608 -1
1477 2694 1
1478 2604 -1
1478 2605 1
1478 2608 1
1478 2693 -1
1479 2609 1
1479 2612 -1
1479 2614 1
1479 3297 -1
1480 2609 -1
1480 2610 1
1480 2613 -1
1480 2726 1
1481 2614 -1
1481 2615 1
1481 2617 1
1481 3299 -1
1482 2610 -1
1482 2611 1
1482 2620 1
1482 2725 -1
1483 2611 -1
1483 2612 1
1483 2619 -1
1483 3298 1
1484 2617 -1
1484 2618 1
1484 2622 -1
1484 3300 1
1485 2615 -1
1485 2616 1
1485 2621 1
1485 3172 1
1486 2621 -1
1486 2622 1
1486 2624 1
1486 3178 1
1487 2625 -1
1487 2626 1
1487 2630 -1
1487 2955 -1
1488 2627 -1
1488 2628 1
1488 2632 -1
1488 2957 -1
1489 2628 -1
1489 2629 1
1489 2633 1
1489 2956 1
1490 2635 1
1490 2637 -1
1490 2638 1
1491 2644 -1
1491 2645 1
1491 2646 1
1491 3043 1
1492 2647 -1
1492 2648 1
1492 2653 -1
1492 3076 -1
1493 2654 -1
1493 2655 1
1493 2658 -1
1493 2888 -1
1494 2655 -1
1494 2656 1
1494 2659 1
1494 3150 1
1495 2657 -1
1495 2658 1
1495 2663 -1
1495 2889 -1
1496 2659 -1
1496 2660 1
1496 2664 -1
1496 2956 -1
1497 2660 -1
1497 2661 1
1497 2667 1
1497 2957 1
1498 2668 -1
1498 2669 1
1498 2671 -1
1498 2715 1
1499 2661 -1
1499 2662 1
1499 2670 -1
1499 3290 -1
1500 2662 -1
1500 2663 1
1500 2666 -1
1500 3287 1
1501 2665 -1
1501 2666 1
1501 2672 -1
1501 3041 1
1502 2669 -1
1502 2670 1
1502 2672 1
1502 3042 -1
1503 2678 1
1503 2679 -1
1503 2680 -1
1503 2958 1
1504 2675 -1
1504 2676 1
1504 2681 -1
1504 3053 1
1505 2686 -1
1505 2687 1
1505 2689 1
1505 2795 -1
1506 2685 -1
1506 2686 1
1506 2692 1
1506 2793 -1
1507 2684 -1
1507 2685 1
1507 2695 -1
1507 3262 -1
1508 2692 -1
1508 2693 1
1508 2695 1
1508 2794 1
1509 2697 1
1509 2699 -1
1509 2700 -1
1509 3023 -1
1510 2698 -1
1510 2699 1
1510 2701 1
1510 3500 -1
1511 2690 -1
1511 2691 1
1511 2702 -1
1511 3347 -1
1512 2687 -1
1512 2688 1
1512 2691 -1
1512 3354 1
1513 2703 -1
1513 2704 1
1513 2707 -1
1513 3228 1
1514 2704 -1
1514 2705 1
1514 2710 -1
1514 3227 -1
1515 2709 -1
1515 2710 1
1515 2711 -1
1515 3231 -1
1516 2707 1
1516 2708 -1
1516 2712 -1
1516 3031 -1
1517 2713 -1
1517 2714 1
1517 2716 -1
1517 2979 1
1518 2713 1
1518 2715 -1
1518 2717 1
1518 3042 1
1519 2722 1
1519 2723 -1
1519 2724 1
1519 2929 1
1520 2725 1
1520 2726 -1
1520 2727 -1
1520 3358 1
1521 2730 -1
1521 2731 1
1521 2734 1
1521 3224 -1
1522 2739 -1
1522 2740 1
1522 2743 -1
1522 3335 1
1523 2738 -1
1523 2739 1
1523 2744 1
1523 3515 -1
1524 2740 -1
1524 2741 1
1524 2745 -1
1524 2947 1
1525 2746 -1
1525 2747 1
1525 2749 1
1525 2840 -1
1526 2737 -1
1526 2738 1
1526 2746 1
1526 3208 1
1527 2736 -1
1527 2737 1
1527 2750 1
1527 3214 1
1528 2753 -1
1528 2754 1
1528 2756 -1
1528 3462 -1
1529 2751 -1
1529 2752 1
1529 2761 -1
1529 3128 1
1530 2752 -1
1530 2753 1
1530 2757 1
1530 3415 1
1531 2757 -1
1531 2758 1
1531 2761 1
1531 3130 -1
1532 2751 1
1532 2755 -1
1532 2762 1
1532 3131 1
1533 2762 -1
1533 2763 1
1533 2765 1
1533 3126 1
1534 2765 -1
1534 2766 1
1534 2767 -1
1534 3224 1
1535 2759 -1
1535 2760 1
1535 2768 -1
1535 3117 -1
1536 2769 -1
1536 2770 1
1536 2772 1
1536 2846 -1
1537 2770 -1
1537 2771 1
1537 2773 -1
1537 3477 -1
1538 2776 -1
1538 2777 1
1538 2784 1
1538 3264 1
1539 2777 -1
1539 2778 1
1539 2789 -1
1539 3267 -1
1540 2786 -1
1540 2787 1
1540 2789 1
1540 3273 1
1541 2780 -1
1541 2781 1
1541 2786 1
1541 3210 -1
1542 2779 -1
1542 2780 1
1542 2784 -1
1542 3205 1
1543 2782 -1
1543 2783 1
1543 2785 1
1543 2837 1
1544 2781 -1
1544 2782 1
1544 2788 -1
1544 2840 1
1545 2790 -1
1545 2791 1
1545 2792 1
1545 3261 -1
1546 2792 -1
1546 2793 1
1546 2795 1
1546 3263 -1
1547 2799 -1
1547 2800 1
1547 2802 1
1547 2885 -1
1548 2797 -1
1548 2798 1
1548 2801 -1
1548 2889 1
1549 2800 -1
1549 2801 1
1549 2806 -1
1549 2886 1
1550 2805 -1
1550 2806 1
1550 2807 1
1550 3293 -1
1551 2802 -1
1551 2803 1
1551 2805 1
1551 3134 -1
1552 2803 -1
1552 2804 1
1552 2808 -1
1552 3135 1
1553 2809 -1
1553 2810 1
1553 2813 1
1553 3364 1
1554 2813 -1
1554 2814 1
1554 2818 1
1554 3367 -1
1555 2810 -1
1555 2811 1
1555 2812 -1
1555 3366 -1
1556 2812 1
1556 2816 -1
1556 2821 -1
1556 3369 1
1557 2814 -1
1557 2815 1
1557 2817 -1
1557 3370 1
1558 2815 -1
1558 2816 1
1558 2822 1
1558 3368 -1
1559 2818 -1
1559 2819 1
1559 2820 1
1559 3449 1
1560 2823 -1
1560 2824 1
1560 2828 1
1560 3504 1
1561 2823 1
1561 2826 -1
1561 2827 -1
1561 3364 -1
1562 2824 -1
1562 2825 1
1562 2829 1
1562 3201 1
1563 2825 -1
1563 2826 1
1563 2831 -1
1563 3200 -1
1564 2829 -1
1564 2830 1
1564 2832 -1
1564 3090 -1
1565 2834 -1
1565 2835 1
1565 2841 1
1565 3543 -1
1566 2835 -1
1566 2836 1
1566 2844 -1
1566 3540 1
1567 2843 -1
1567 2844 1
1567 2845 -1
1567 3058 -1
1568 2846 1
1568 2850 -1
1568 2852 -1
1568 3476 1
1569 2851 -1
1569 2852 1
1569 2862 1
1569 3478 1
1570 2858 -1
1570 2859 1
1570 2862 -1
1570 3490 -1
1571 2853 1
1571 2855 -1
1571 2856 1
1571 2996 1
1572 2856 -1
1572 2857 1
1572 2861 1
1572 3249 -1
1573 2847 -1
1573 2848 1
1573 2854 1
1573 2994 -1
1574 2859 -1
1574 2860 1
1574 2863 1
1574 3475 -1
1575 2854 -1
1575 2855 1
1575 2860 -1
1575 2997 -1
1576 2848 -1
1576 2849 1
1576 2865 1
1576 3473 -1
1577 2849 -1
1577 2850 1
1577 2864 -1
1577 3483 1
1578 2863 -1
1578 2864 1
1578 2865 -1
1578 3474 1
1579 2866 1
1579 2869 -1
1579 2875 -1
1579 2923 1
1580 2866 -1
1580 2867 1
1580 2878 1
1580 2927 1
1581 2874 -1
1581 2875 1
1581 2878 -1
1581 2967 1
1582 2868 -1
1582 2869 1
1582 2876 1
1582 2922 -1
1583 2876 -1
1583 2877 1
1583 2879 -1
1583 2972 1
1584 2870 -1
1584 2871 1
1584 2880 1
1584 3050 1
1585 2872 -1
1585 2873 1
1585 2882 -1
1585 3325 -1
1586 2880 -1
1586 2881 1
1586 2883 -1
1586 3049 -1
1587 2886 -1
1587 2887 1
1587 2888 1
1587 3292 -1
1588 2890 -1
1588 2891 1
1588 2899 -1
1588 3118 1
1589 2895 -1
1589 2896 1
1589 2899 1
1589 2959 -1
1590 2892 -1
1590 2893 1
1590 2894 -1
1590 3288 -1
1591 2902 -1
1591 2903 1
1591 2906 -1
1591 2928 1
1592 2902 1
1592 2904 -1
1592 2907 1
1592 3455 -1
1593 2905 1
1593 2908 -1
1593 2910 1
1593 3049 1
1594 2910 -1
1594 2911 1
1594 2912 1
1594 2932 -1
1595 2905 -1
1595 2906 1
1595 2912 -1
1595 2934 -1
1596 2914 -1
1596 2915 1
1596 2921 1
1596 2949 1
1597 2918 -1
1597 2919 1
1597 2921 -1
1597 2951 -1
1598 2913 1
1598 2916 -1
1598 2917 1
1598 2999 -1
1599 2922 1
1599 2924 -1
1599 2925 1
1599 2975 -1
1600 2923 -1
1600 2924 1
1600 2926 1
1600 2966 -1
1601 2929 -1
1601 2930 1
1601 2931 1
1601 3048 1
1602 2931 -1
1602 2932 1
1602 2933 -1
1602 3050 -1
1603 2939 1
1603 2941 -1
1603 2942 -1
1603 3167 1
1604 2942 1
1604 2945 -1
1604 2947 -1
1604 3336 -1
1605 2936 -1
1605 2937 1
1605 2943 -1
1605 3019 1
1606 2940 -1
1606 2941 1
1606 2946 1
1606 3171 -1
1607 2944 -1
1607 2945 1
1607 2948 1
1607 3498 -1
1608 2937 -1
1608 2938 1
1608 2944 1
1608 3499 1
1609 2960 -1
1609 2961 1
1609 2962 -1
1609 3234 1
1610 2958 -1
1610 2959 1
1610 2963 1
1610 3119 1
1611 2964 -1
1611 2965 1
1611 2968 1
1611 3305 -1
1612 2968 -1
1612 2969 1
1612 2971 -1
1612 3306 1
1613 2965 -1
1613 2966 1
1613 2970 -1
1613 3359 -1
1614 2969 -1
1614 2970 1
1614 2973 1
1614 3360 1
1615 2973 -1
1615 2974 1
1615 2975 1
1615 3362 -1
1616 2977 -1
1616 2978 1
1616 2983 -1
1616 3128 -1
1617 2981 -1
1617 2982 1
1617 2987 1
1617 3222 -1
1618 2982 -1
1618 2983 1
1618 2988 -1
1618 3129 1
1619 2976 -1
1619 2977 1
1619 2988 1
1619 3131 -1
1620 2981 1
1620 2984 -1
1620 2986 -1
1620 3038 -1
1621 2985 -1
1621 2986 1
1621 2989 1
1621 3033 -1
1622 2989 -1
1622 2990 1
1622 2991 1
1622 3034 1
1623 2979 -1
1623 2980 1
1623 2990 -1
1623 3041 -1
1624 2999 1
1624 3000 -1
1624 3001 1
1624 3451 -1
1625 3001 -1
1625 3002 1
1625 3004 1
1625 3332 1
1626 3009 -1
1626 3010 1
1626 3014 -1
1626 3413 1
1627 3006 -1
1627 3007 1
1627 3016 1
1627 3411 1
1628 3006 1
1628 3012 -1
1628 3017 -1
1628 3410 -1
1629 3010 -1
1629 3011 1
1629 3015 1
1629 3414 -1
1630 3011 -1
1630 3012 1
1630 3018 1
1630 3412 1
1631 3019 -1
1631 3020 1
1631 3023 1
1631 3499 -1
1632 3020 -1
1632 3021 1
1632 3022 -1
1632 3528 -1
1633 3024 -1
1633 3025 1
1633 3027 -1
1633 3529 1
1634 3026 -1
1634 3027 1
1634 3028 -1
1634 3530 1
1635 3029 -1
1635 3030 1
1635 3032 1
1635 3392 -1
1636 3032 -1
1636 3033 1
1636 3035 1
1636 3393 1
1637 3030 -1
1637 3031 1
1637 3040 1
1637 3230 1
1638 3035 -1
1638 3036 1
1638 3040 -1
1638 3233 1
1639 3036 -1
1639 3037 1
1639 3039 1
1639 3232 1
1640 3043 -1
1640 3044 1
1640 3046 -1
1640 3492 -1
1641 3045 -1
1641 3046 1
1641 3047 1
1641 3339 -1
1642 3055 -1
1642 3056 1
1642 3059 1
1642 3110 -1
1643 3056 -1
1643 3057 1
1643 3060 -1
1643 3385 -1
1644 3064 -1
1644 3065 1
1644 3068 -1
1644 3231 1
1645 3061 1
1645 3063 -1
1645 3068 1
1645 3227 1
1646 3061 -1
1646 3062 1
1646 3069 1
1646 3229 -1
1647 3065 -1
1647 3066 1
1647 3070 -1
1647 3232 -1
1648 3066 -1
1648 3067 1
1648 3071 1
1648 3416 -1
1649 3072 1
1649 3073 -1
1649 3074 1
1649 3538 1
1650 3078 1
1650 3080 -1
1650 3082 1
1650 3241 -1
1651 3078 -1
1651 3079 1
1651 3081 -1
1651 3158 -1
1652 3088 -1
1652 3089 1
1652 3091 1
1652 3202 -1
1653 3087 -1
1653 3088 1
1653 3093 1
1653 3203 -1
1654 3093 -1
1654 3094 1
1654 3098 -1
1654 3368 1
1655 3097 -1
1655 3098 1
1655 3101 1
1655 3370 -1
1656 3084 -1
1656 3085 1
1656 3092 -1
1656 3132 -1
1657 3083 -1
1657 3084 1
1657 3102 -1
1657 3133 1
1658 3096 1
1658 3100 -1
1658 3102 1
1658 3135 -1
1659 3094 -1
1659 3095 1
1659 3099 1
1659 3482 1
1660 3099 -1
1660 3100 1
1660 3103 -1
1660 3134 1
1661 3106 -1
1661 3107 1
1661 3109 1
1661 3418 1
1662 3109 -1
1662 3110 1
1662 3113 -1
1662 3468 1
1663 3111 1
1663 3112 -1
1663 3114 1
1663 3400 -1
1664 3115 -1
1664 3116 1
1664 3120 1
1664 3226 -1
1665 3122 -1
1665 3123 1
1665 3129 -1
1665 3221 1
1666 3124 -1
1666 3125 1
1666 3127 1
1666 3492 1
1667 3138 -1
1667 3139 1
1667 3141 1
1668 3137 -1
1668 3138 1
1668 3142 1
1668 3542 -1
1669 3136 -1
1669 3137 1
1669 3143 -1
1669 3501 -1
1670 3136 1
1670 3140 -1
1670 3145 -1
1670 3502 1
1671 3144 -1
1671 3145 1
1671 3146 1
1671 3166 1
1672 3146 -1
1672 3147 1
1672 3148 -1
1672 3152 -1
1673 3149 1
1673 3151 -1
1673 3153 1
1673 3162 1
1674 3150 -1
1674 3151 1
1674 3155 1
1674 3292 1
1675 3153 -1
1675 3154 1
1675 3156 -1
1675 3164 -1
1676 3157 -1
1676 3158 1
1676 3161 1
1676 3242 1
1677 3163 -1
1677 3164 1
1677 3165 -1
1677 3482 -1
1678 3167 -1
1678 3168 1
1678 3170 1
1678 3337 1
1679 3172 -1
1679 3173 1
1679 3175 1
1679 3310 -1
1680 3175 -1
1680 3176 1
1680 3178 -1
1680 3311 1
1681 3176 -1
1681 3177 1
1681 3179 -1
1681 3397 -1
1682 3182 -1
1682 3183 1
1682 3186 -1
1682 3536 1
1683 3186 1
1683 3188 -1
1683 3189 -1
1683 3509 -1
1684 3183 -1
1684 3184 1
1684 3193 1
1684 3463 1
1685 3181 -1
1685 3182 1
1685 3187 1
1685 3512 -1
1686 3187 -1
1686 3188 1
1686 3190 1
1686 3508 1
1687 3189 1
1687 3192 -1
1687 3194 -1
1687 3420 1
1688 3193 -1
1688 3194 1
1688 3195 1
1688 3419 -1
1689 3181 1
1689 3185 -1
1689 3196 -1
1689 3407 -1
1690 3191 -1
1690 3192 1
1690 3197 -1
1690 3414 1
1691 3190 -1
1691 3191 1
1691 3196 1
1691 3413 -1
1692 3199 -1
1692 3200 1
1692 3203 1
1692 3365 1
1693 3208 -1
1693 3209 1
1693 3213 -1
1693 3515 1
1694 3209 -1
1694 3210 1
1694 3212 -1
1694 3275 -1
1695 3213 1
1695 3215 -1
1695 3217 -1
1695 3351 1
1696 3204 1
1696 3207 -1
1696 3218 -1
1696 3346 1
1697 3214 -1
1697 3215 1
1697 3218 1
1697 3345 -1
1698 3205 -1
1698 3206 1
1698 3211 1
1698 3272 -1
1699 3206 -1
1699 3207 1
1699 3219 1
1699 3349 1
1700 3216 -1
1700 3217 1
1700 3219 -1
1700 3348 -1
1701 3211 -1
1701 3212 1
1701 3216 1
1701 3276 1
1702 3235 -1
1702 3236 1
1702 3238 1
1702 3427 1
1703 3238 -1
1703 3239 1
1703 3240 1
1703 3428 -1
1704 3241 1
1704 3243 -1
1704 3246 -1
1704 3402 -1
1705 3245 -1
1705 3246 1
1705 3247 -1
1705 3302 -1
1706 3254 -1
1706 3255 1
1706 3257 -1
1706 3531 1
1707 3252 -1
1707 3253 1
1707 3259 -1
1707 3323 -1
1708 3255 -1
1708 3256 1
1708 3258 1
1708 3326 -1
1709 3265 -1
1709 3266 1
1709 3268 1
1710 3264 -1
1710 3265 1
1710 3270 1
1710 3446 -1
1711 3273 -1
1711 3274 1
1711 3275 1
1711 3405 1
1712 3270 -1
1712 3271 1
1712 3272 1
1712 3448 -1
1713 3268 -1
1713 3269 1
1713 3271 -1
1713 3532 1
1714 3277 -1
1714 3278 1
1714 3280 -1
1714 3387 1
1715 3280 1
1715 3281 -1
1715 3283 -1
1715 3389 1
1716 3282 -1
1716 3283 1
1716 3284 -1
1716 3391 -1
1717 3287 -1
1717 3288 1
1717 3291 -1
1717 3421 -1
1718 3289 -1
1718 3290 1
1718 3291 1
1718 3462 1
1719 3296 -1
1719 3297 1
1719 3299 1
1719 3307 -1
1720 3294 1
1720 3295 -1
1720 3298 -1
1720 3355 1
1721 3301 -1
1721 3302 1
1721 3303 1
1721 3403 1
1722 3307 1
1722 3309 -1
1722 3310 1
1722 3394 -1
1723 3308 -1
1723 3309 1
1723 3312 -1
1723 3395 1
1724 3314 -1
1724 3315 1
1724 3318 -1
1724 3395 -1
1725 3315 -1
1725 3316 1
1725 3319 1
1725 3477 1
1726 3316 -1
1726 3317 1
1726 3321 -1
1726 3476 -1
1727 3319 -1
1727 3320 1
1727 3321 1
1727 3478 -1
1728 3324 -1
1728 3325 1
1728 3326 1
1728 3493 -1
1729 3331 1
1729 3332 -1
1729 3334 -1
1729 3453 -1
1730 3335 -1
1730 3336 1
1730 3337 -1
1730 3496 -1
1731 3340 1
1731 3343 -1
1731 3349 -1
1731 3448 1
1732 3340 -1
1732 3341 1
1732 3346 -1
1732 3447 -1
1733 3344 -1
1733 3345 1
1733 3352 -1
1733 3497 1
1734 3351 -1
1734 3352 1
1734 3353 1
1734 3496 1
1735 3342 -1
1735 3343 1
1735 3350 1
1735 3480 -1
1736 3355 -1
1736 3356 1
1736 3358 -1
1737 3361 -1
1737 3362 1
1737 3363 -1
1737 3434 1
1738 3365 -1
1738 3366 1
1738 3369 -1
1738 3502 -1
1739 3373 -1
1739 3374 1
1739 3375 1
1739 3533 -1
1740 3375 -1
1740 3376 1
1740 3379 -1
1740 3454 1
1741 3378 -1
1741 3379 1
1741 3380 1
1741 3458 -1
1742 3377 -1
1742 3378 1
1742 3382 1
1742 3461 1
1743 3372 -1
1743 3373 1
1743 3381 -1
1743 3464 -1
1744 3384 -1
1744 3385 1
1744 3386 1
1744 3468 -1
1745 3382 -1
1745 3383 1
1745 3386 -1
1745 3469 1
1746 3380 -1
1746 3381 1
1746 3383 -1
1746 3471 -1
1747 3396 -1
1747 3397 1
1747 3398 1
1747 3425 1
1748 3399 -1
1748 3400 1
1748 3401 1
1748 3539 -1
1749 3406 -1
1749 3407 1
1749 3408 -1
1749 3511 1
1750 3422 -1
1750 3423 1
1750 3425 -1
1750 3428 1
1751 3431 -1
1751 3432 1
1751 3435 -1
1751 3475 1
1752 3432 -1
1752 3433 1
1752 3439 1
1752 3459 -1
1753 3439 -1
1753 3440 1
1753 3441 1
1753 3460 1
1754 3437 -1
1754 3438 1
1754 3440 -1
1754 3461 -1
1755 3436 -1
1755 3437 1
1755 3441 -1
1755 3487 -1
1756 3434 -1
1756 3435 1
1756 3442 -1
1756 3491 1
1757 3443 -1
1757 3444 1
1757 3445 -1
1757 3494 -1
1758 3454 -1
1758 3455 1
1758 3456 1
1758 3473 1
1759 3456 -1
1759 3457 1
1759 3459 1
1759 3474 -1
1760 3457 -1
1760 3458 1
1760 3460 -1
1760 3488 1
1761 3465 -1
1761 3466 1
1761 3470 1
1761 3521 1
1762 3463 -1
1762 3464 1
1762 3467 -1
1762 3534 1
1763 3470 -1
1763 3471 1
1763 3472 -1
1763 3520 -1
1764 3466 -1
1764 3467 1
1764 3472 1
1764 3522 1
1765 3484 -1
1765 3485 1
1765 3486 1
1765 3517 1
1766 3483 -1
1766 3484 1
1766 3488 -1
1766 3527 1
1767 3489 -1
1767 3490 1
1767 3491 -1
1767 3494 1
1768 3497 -1
1768 3498 1
1768 3500 1
1768 3516 -1
1769 3511 -1
1769 3512 1
1769 3513 1
1770 3517 -1
1770 3518 1
1770 3520 1
1770 3527 -1
1771 3518 -1
1771 3519 1
1771 3522 -1
1771 3535 -1
1772 3523 -1
1772 3524 1
1772 3525 1
1772 3539 1
1773 3533 1
1773 3534 -1
1773 3535 1
1773 3536 -1
