0 0 1
1 0 -1
1 36 1
2 0 -1
2 215 1
3 0 -1
3 132 1
4 0 1
4 10 -1
5 0 -1
5 85 1
6 0 1
6 108 -1
7 0 1
7 147 -1
8 0 -1
8 207 1
9 0 -1
9 107 1
10 0 -1
10 156 1
11 0 1
11 149 -1
12 0 -1
12 41 1
13 0 -1
13 159 1
14 0 -1
14 268 1
15 1 1
16 1 -1
16 298 1
17 1 -1
17 165 1
18 1 -1
18 102 1
19 1 1
19 230 -1
20 1 -1
20 214 1
21 1 -1
21 205 1
22 2 1
23 2 1
23 281 -1
24 2 -1
24 287 1
25 2 -1
25 162 1
26 2 -1
26 109 1
27 2 -1
27 92 1
28 2 -1
28 259 1
29 2 1
29 117 -1
30 2 -1
30 172 1
31 2 -1
31 119 1
32 2 1
32 167 -1
33 3 1
34 3 -1
34 76 1
35 3 -1
35 174 1
36 3 1
36 81 -1
37 3 -1
37 111 1
38 3 1
38 74 -1
39 3 1
39 53 -1
40 3 1
40 113 -1
41 3 1
41 75 -1
42 3 1
42 242 -1
43 3 1
43 82 -1
44 3 -1
44 62 1
45 4 1
45 57 -1
46 4 1
46 139 -1
47 4 -1
47 30 1
48 4 -1
48 15 1
49 4 1
49 239 -1
50 4 -1
50 234 1
51 4 -1
51 116 1
52 4 -1
52 84 1
53 4 -1
53 192 1
54 4 -1
54 226 1
55 4 1
55 198 -1
56 4 1
56 7 -1
57 4 -1
57 9 1
58 4 1
58 215 -1
59 4 1
59 36 -1
60 4 -1
60 34 1
61 4 -1
61 254 1
62 4 1
62 42 -1
63 4 -1
63 171 1
64 5 -1
64 273 1
65 5 1
65 57 -1
66 5 1
66 265 -1
67 5 1
67 139 -1
68 5 -1
68 144 1
69 5 1
69 68 -1
70 5 -1
70 150 1
71 5 1
71 128 -1
72 5 1
72 74 -1
73 5 -1
73 30 1
74 5 -1
74 229 1
75 5 -1
75 116 1
76 5 -1
76 203 1
77 5 1
77 90 -1
78 5 1
78 75 -1
79 6 1
80 6 1
80 124 -1
81 6 1
81 266 -1
82 6 -1
82 185 1
83 6 1
83 158 -1
84 6 1
84 143 -1
85 6 -1
85 59 1
86 6 -1
86 295 1
87 6 -1
87 237 1
88 6 -1
88 31 1
89 6 -1
89 52 1
90 6 -1
90 197 1
91 6 -1
91 137 1
92 6 -1
92 97 1
93 7 1
93 84 -1
94 7 -1
94 191 1
95 7 -1
95 147 1
96 7 -1
96 85 1
97 7 -1
97 182 1
98 7 -1
98 198 1
99 7 1
99 36 -1
100 7 1
100 139 -1
101 8 1
102 8 1
102 129 -1
103 8 -1
103 136 1
104 8 -1
104 43 1
105 8 -1
105 222 1
106 8 -1
106 105 1
107 8 -1
107 267 1
108 8 1
108 151 -1
109 8 -1
109 264 1
110 8 -1
110 17 1
111 8 -1
111 183 1
112 8 1
112 172 -1
113 8 1
113 99 -1
114 9 1
114 154 -1
115 9 -1
115 114 1
116 9 1
116 116 -1
117 9 1
117 15 -1
118 9 -1
118 73 1
119 9 -1
119 250 1
120 9 -1
120 55 1
121 9 -1
121 75 1
122 9 -1
122 273 1
123 9 -1
123 30 1
124 9 -1
124 57 1
125 9 -1
125 42 1
126 10 1
127 10 -1
127 138 1
128 10 -1
128 132 1
129 10 1
129 120 -1
130 10 -1
130 215 1
131 10 1
131 219 -1
132 10 1
132 169 -1
133 10 1
133 77 -1
134 10 1
134 33 -1
135 10 1
135 54 -1
136 10 -1
136 156 1
137 10 -1
137 207 1
138 11 1
138 269 -1
139 11 1
139 245 -1
140 11 1
140 148 -1
141 11 1
141 22 -1
142 11 -1
142 220 1
143 11 1
143 194 -1
144 11 -1
144 231 1
145 11 1
145 151 -1
146 11 1
146 72 -1
147 12 1
148 12 1
148 34 -1
149 12 -1
149 133 1
150 12 1
150 21 -1
151 12 -1
151 78 1
152 12 1
152 91 -1
153 12 -1
153 255 1
154 12 1
154 286 -1
155 12 -1
155 240 1
156 12 -1
156 163 1
157 12 -1
157 96 1
158 12 -1
158 17 1
159 13 1
160 13 1
160 19 -1
161 13 1
161 191 -1
162 13 1
162 85 -1
163 13 -1
163 217 1
164 13 1
164 238 -1
165 13 -1
165 147 1
166 13 -1
166 159 1
167 13 -1
167 121 1
168 13 -1
168 41 1
169 13 1
169 293 -1
170 13 -1
170 208 1
171 13 -1
171 175 1
172 14 -1
172 131 1
173 14 -1
173 259 1
174 14 -1
174 248 1
175 14 1
175 79 -1
176 14 -1
176 92 1
177 14 1
177 210 -1
178 14 -1
178 61 1
179 14 1
179 186 -1
180 14 -1
180 122 1
181 14 1
181 163 -1
182 14 -1
182 73 1
183 14 -1
183 15 1
184 14 -1
184 91 1
185 14 -1
185 16 1
186 14 -1
186 70 1
187 14 -1
187 154 1
188 14 -1
188 262 1
189 14 1
189 294 -1
190 14 1
190 101 -1
191 14 -1
191 114 1
192 15 -1
192 73 1
193 15 1
193 30 -1
194 15 1
194 154 -1
195 15 -1
195 21 1
196 15 1
196 91 -1
197 15 -1
197 210 1
198 15 -1
198 239 1
199 15 1
199 116 -1
200 15 -1
200 34 1
201 15 1
201 57 -1
202 15 -1
202 226 1
203 15 1
203 42 -1
204 16 1
205 16 1
205 122 -1
206 16 -1
206 233 1
207 16 -1
207 44 1
208 16 1
208 70 -1
209 16 -1
209 131 1
210 16 1
210 290 -1
211 16 -1
211 201 1
212 16 -1
212 65 1
213 16 -1
213 79 1
214 16 -1
214 109 1
215 17 1
216 17 1
217 17 1
217 267 -1
218 17 -1
218 96 1
219 17 -1
219 222 1
220 17 1
220 172 -1
221 17 1
221 119 -1
222 17 -1
222 43 1
223 17 1
223 240 -1
224 17 -1
224 105 1
225 17 1
225 163 -1
226 17 -1
226 60 1
227 17 -1
227 216 1
228 17 -1
228 115 1
229 17 -1
229 193 1
230 17 1
230 99 -1
231 17 1
231 202 -1
232 18 1
233 18 -1
233 268 1
234 18 -1
234 106 1
235 18 -1
235 159 1
236 18 -1
236 153 1
237 18 1
237 212 -1
238 18 -1
238 249 1
239 18 -1
239 196 1
240 18 -1
240 39 1
241 18 -1
241 293 1
242 19 1
242 217 -1
243 19 1
243 191 -1
244 19 1
244 85 -1
245 19 -1
245 182 1
246 19 -1
246 238 1
247 19 -1
247 293 1
248 20 1
249 20 1
249 264 -1
250 20 -1
250 151 1
251 20 1
251 72 -1
252 20 -1
252 99 1
253 20 -1
253 40 1
254 20 -1
254 24 1
255 20 -1
255 231 1
256 20 -1
256 143 1
257 20 -1
257 83 1
258 21 -1
258 91 1
259 21 -1
259 78 1
260 21 -1
260 73 1
261 21 -1
261 34 1
262 21 1
262 42 -1
263 21 -1
263 226 1
264 22 -1
264 148 1
265 22 -1
265 194 1
266 22 -1
266 245 1
267 22 -1
267 294 1
268 22 1
268 70 -1
269 22 -1
269 248 1
270 22 1
270 262 -1
271 22 -1
271 79 1
272 22 -1
272 137 1
273 22 -1
273 295 1
274 22 -1
274 65 1
275 22 -1
275 72 1
276 23 1
277 23 -1
277 253 1
278 23 -1
278 171 1
279 23 -1
279 120 1
280 23 1
280 146 -1
281 23 -1
281 219 1
282 23 1
282 54 -1
283 23 -1
283 77 1
284 23 -1
284 229 1
285 23 1
285 37 -1
286 23 1
286 123 -1
287 24 1
288 24 -1
288 275 1
289 24 1
289 245 -1
290 24 -1
290 295 1
291 24 -1
291 143 1
292 24 -1
292 266 1
293 24 -1
293 185 1
294 24 -1
294 83 1
295 24 1
295 124 -1
296 24 1
296 65 -1
297 24 1
297 231 -1
298 24 1
298 278 -1
299 24 -1
299 72 1
300 24 1
300 40 -1
301 24 1
301 151 -1
302 25 1
303 25 1
304 25 1
305 25 -1
305 141 1
306 25 1
306 263 -1
307 25 -1
307 187 1
308 25 1
308 51 -1
309 25 -1
309 46 1
310 26 -1
310 127 1
311 26 1
311 260 -1
312 26 -1
312 200 1
313 26 1
313 297 -1
314 26 1
314 211 -1
315 26 1
315 63 -1
316 26 1
316 283 -1
317 26 1
317 296 -1
318 26 1
318 135 -1
319 26 1
319 90 -1
320 26 1
320 94 -1
321 26 1
321 241 -1
322 26 1
322 88 -1
323 26 1
323 93 -1
324 27 1
324 29 -1
325 27 -1
325 296 1
326 27 1
326 137 -1
327 27 -1
327 127 1
328 27 -1
328 135 1
329 27 -1
329 262 1
330 27 -1
330 68 1
331 27 -1
331 256 1
332 27 -1
332 97 1
333 27 -1
333 44 1
334 27 1
334 197 -1
335 27 -1
335 237 1
336 27 -1
336 179 1
337 27 -1
337 290 1
338 27 1
338 280 -1
339 27 -1
339 28 1
340 28 1
341 28 1
342 28 -1
342 223 1
343 28 -1
343 291 1
344 28 -1
344 130 1
345 28 1
345 179 -1
346 28 -1
346 95 1
347 28 1
347 237 -1
348 28 1
348 135 -1
349 28 1
349 197 -1
350 28 1
350 290 -1
351 29 1
351 296 -1
352 29 1
352 137 -1
353 29 1
353 142 -1
354 29 1
354 68 -1
355 29 -1
355 90 1
356 29 1
356 262 -1
357 29 1
357 127 -1
358 29 1
358 97 -1
359 29 1
359 47 -1
360 29 -1
360 160 1
361 29 -1
361 294 1
362 30 1
362 150 -1
363 30 -1
363 276 1
364 30 1
364 239 -1
365 30 -1
365 69 1
366 30 1
366 203 -1
367 30 1
367 101 -1
368 30 -1
368 210 1
369 30 -1
369 273 1
370 30 -1
370 139 1
371 30 -1
371 57 1
372 30 -1
372 154 1
373 31 1
374 31 1
375 31 1
376 31 -1
376 59 1
377 31 1
377 100 -1
378 31 -1
378 52 1
379 31 1
379 158 -1
380 31 -1
380 124 1
381 31 -1
381 143 1
382 31 -1
382 83 1
383 31 -1
383 140 1
384 31 -1
384 228 1
385 31 -1
385 205 1
386 32 1
386 225 -1
387 32 1
387 224 -1
388 32 -1
388 123 1
389 32 -1
389 161 1
390 32 -1
390 181 1
391 32 -1
391 38 1
392 32 -1
392 213 1
393 32 1
393 156 -1
394 32 1
394 288 -1
395 32 1
395 66 -1
396 32 1
396 149 -1
397 32 1
397 252 -1
398 32 1
398 229 -1
399 33 1
400 33 1
400 173 -1
401 33 1
401 254 -1
402 33 1
402 169 -1
403 33 -1
403 243 1
404 33 -1
404 282 1
405 33 1
405 138 -1
406 33 -1
406 77 1
407 33 -1
407 219 1
408 33 1
408 164 -1
409 33 -1
409 284 1
410 33 -1
410 170 1
411 34 1
412 34 -1
412 133 1
413 34 -1
413 42 1
414 34 1
414 91 -1
415 34 1
415 78 -1
416 34 -1
416 255 1
417 34 1
417 73 -1
418 34 1
418 226 -1
419 34 -1
419 234 1
420 35 1
421 35 1
422 35 -1
422 282 1
423 35 1
423 178 -1
424 35 1
424 164 -1
425 35 -1
425 284 1
426 35 -1
426 243 1
427 35 -1
427 244 1
428 36 1
429 36 -1
429 215 1
430 36 -1
430 132 1
431 36 -1
431 198 1
432 36 -1
432 192 1
433 36 -1
433 169 1
434 36 -1
434 85 1
435 36 1
435 147 -1
436 36 1
436 108 -1
437 36 -1
437 234 1
438 36 1
438 139 -1
439 37 1
440 37 1
441 37 -1
441 227 1
442 37 1
442 45 -1
443 37 1
443 255 -1
444 37 1
444 42 -1
445 37 -1
445 171 1
446 37 -1
446 170 1
447 37 -1
447 77 1
448 37 1
448 253 -1
449 38 -1
449 277 1
450 38 1
450 213 -1
451 38 1
451 161 -1
452 38 1
452 56 -1
453 38 1
453 66 -1
454 38 1
454 180 -1
455 38 -1
455 288 1
456 38 1
456 67 -1
457 38 1
457 189 -1
458 39 1
459 39 -1
459 257 1
460 39 -1
460 196 1
461 39 -1
461 247 1
462 39 -1
462 272 1
463 39 -1
463 261 1
464 39 1
464 235 -1
465 39 -1
465 153 1
466 39 -1
466 249 1
467 39 1
467 106 -1
468 39 -1
468 89 1
469 39 1
469 293 -1
470 39 1
470 159 -1
471 39 1
471 121 -1
472 39 -1
472 238 1
473 40 1
474 40 1
475 40 1
475 278 -1
476 40 1
476 162 -1
477 40 -1
477 72 1
478 40 1
478 99 -1
479 40 -1
479 117 1
480 40 1
480 65 -1
481 40 -1
481 275 1
482 40 -1
482 83 1
483 41 -1
483 121 1
484 41 1
484 299 -1
485 41 1
485 159 -1
486 41 1
486 166 -1
487 41 1
487 147 -1
488 41 1
488 268 -1
489 41 1
489 108 -1
490 41 -1
490 153 1
491 41 -1
491 258 1
492 41 -1
492 212 1
493 41 1
493 85 -1
494 41 -1
494 110 1
495 41 -1
495 107 1
496 42 -1
496 255 1
497 42 -1
497 45 1
498 42 -1
498 243 1
499 42 1
499 133 -1
500 42 1
500 250 -1
501 42 1
501 173 -1
502 42 1
502 171 -1
503 42 -1
503 227 1
504 42 1
504 73 -1
505 42 1
505 114 -1
506 42 1
506 78 -1
507 42 1
507 116 -1
508 42 1
508 234 -1
509 43 1
510 43 1
510 105 -1
511 43 -1
511 222 1
512 43 -1
512 48 1
513 43 -1
513 267 1
514 43 -1
514 218 1
515 43 1
515 129 -1
516 43 1
516 232 -1
517 43 1
517 293 -1
518 43 1
518 136 -1
519 43 1
519 182 -1
520 43 1
520 238 -1
521 43 1
521 269 -1
522 44 1
523 44 -1
523 80 1
524 44 1
524 70 -1
525 44 -1
525 262 1
526 44 1
526 197 -1
527 44 -1
527 290 1
528 44 -1
528 137 1
529 44 -1
529 122 1
530 45 -1
530 250 1
531 45 1
531 146 -1
532 45 1
532 116 -1
533 45 1
533 199 -1
534 45 1
534 171 -1
535 45 1
535 227 -1
536 45 -1
536 253 1
537 45 1
537 234 -1
538 46 1
539 46 1
539 152 -1
540 46 1
540 184 -1
541 46 1
541 251 -1
542 46 -1
542 141 1
543 46 -1
543 51 1
544 46 -1
544 62 1
545 46 1
545 263 -1
546 47 -1
546 209 1
547 47 -1
547 285 1
548 47 -1
548 160 1
549 47 -1
549 102 1
550 47 -1
550 49 1
551 47 -1
551 142 1
552 47 -1
552 50 1
553 47 1
553 165 -1
554 47 -1
554 97 1
555 47 1
555 296 -1
556 47 1
556 220 -1
557 47 1
557 90 -1
558 47 -1
558 203 1
559 47 1
559 299 -1
560 47 -1
560 166 1
561 47 -1
561 265 1
562 47 1
562 238 -1
563 48 -1
563 222 1
564 48 -1
564 267 1
565 48 1
565 218 -1
566 48 1
566 96 -1
567 48 1
567 240 -1
568 48 -1
568 69 1
569 48 -1
569 239 1
570 48 1
570 105 -1
571 48 1
571 182 -1
572 48 1
572 216 -1
573 48 1
573 238 -1
574 48 1
574 194 -1
575 48 1
575 269 -1
576 49 1
576 89 -1
577 49 1
577 285 -1
578 49 -1
578 165 1
579 49 1
579 214 -1
580 49 1
580 279 -1
581 49 -1
581 299 1
582 49 1
582 209 -1
583 49 -1
583 230 1
584 49 1
584 121 -1
585 49 1
585 235 -1
586 49 -1
586 261 1
587 49 1
587 166 -1
588 49 -1
588 220 1
589 49 1
589 238 -1
590 49 -1
590 203 1
591 50 1
591 297 -1
592 50 1
592 126 -1
593 50 -1
593 296 1
594 50 -1
594 209 1
595 50 -1
595 102 1
596 50 1
596 160 -1
597 50 1
597 90 -1
598 50 -1
598 298 1
599 50 1
599 135 -1
600 51 1
601 51 1
601 292 -1
602 51 -1
602 251 1
603 51 -1
603 263 1
604 51 -1
604 187 1
605 51 -1
605 184 1
606 51 -1
606 246 1
607 51 -1
607 141 1
608 51 -1
608 233 1
609 52 1
610 52 -1
610 100 1
611 52 1
611 280 -1
612 52 1
612 97 -1
613 52 1
613 158 -1
614 52 -1
614 205 1
615 52 1
615 59 -1
616 52 -1
616 228 1
617 52 1
617 140 -1
618 52 -1
618 160 1
619 52 -1
619 237 1
620 52 -1
620 298 1
621 53 -1
621 81 1
622 53 -1
622 76 1
623 53 1
623 66 -1
624 53 1
624 74 -1
625 53 1
625 229 -1
626 53 1
626 236 -1
627 53 1
627 111 -1
628 53 -1
628 75 1
629 53 1
629 128 -1
630 53 1
630 146 -1
631 53 1
631 168 -1
632 53 1
632 241 -1
633 53 1
633 253 -1
634 54 1
635 54 1
636 54 -1
636 120 1
637 54 1
637 219 -1
638 54 1
638 253 -1
639 54 1
639 77 -1
640 54 -1
640 123 1
641 54 1
641 156 -1
642 55 1
643 55 1
643 199 -1
644 55 -1
644 75 1
645 55 -1
645 250 1
646 55 -1
646 111 1
647 55 -1
647 116 1
648 55 1
648 114 -1
649 55 1
649 154 -1
650 55 -1
650 152 1
651 55 -1
651 227 1
652 55 1
652 62 -1
653 56 1
654 56 1
655 56 -1
655 157 1
656 56 -1
656 177 1
657 56 -1
657 118 1
658 56 -1
658 277 1
659 56 -1
659 98 1
660 56 -1
660 161 1
661 56 1
661 94 -1
662 56 -1
662 66 1
663 56 -1
663 180 1
664 56 -1
664 190 1
665 56 -1
665 67 1
666 56 1
666 274 -1
667 56 -1
667 189 1
668 57 -1
668 139 1
669 57 -1
669 265 1
670 57 -1
670 192 1
671 57 1
671 116 -1
672 57 1
672 229 -1
673 57 -1
673 273 1
674 57 1
674 74 -1
675 58 1
676 58 -1
676 86 1
677 58 1
677 103 -1
678 58 1
678 270 -1
679 58 1
679 82 -1
680 58 -1
680 233 1
681 59 1
682 59 1
683 59 -1
683 237 1
684 59 -1
684 100 1
685 59 -1
685 280 1
686 59 1
686 95 -1
687 60 1
688 60 -1
688 244 1
689 60 1
689 286 -1
690 60 1
690 134 -1
691 60 1
691 240 -1
692 60 1
692 87 -1
693 60 1
693 216 -1
694 60 1
694 71 -1
695 60 -1
695 267 1
696 60 -1
696 202 1
697 60 1
697 175 -1
698 61 1
699 61 1
700 61 -1
700 186 1
701 61 -1
701 131 1
702 61 -1
702 145 1
703 61 -1
703 92 1
704 61 -1
704 187 1
705 61 1
705 78 -1
706 61 -1
706 73 1
707 61 1
707 109 -1
708 62 1
709 62 -1
709 251 1
710 62 -1
710 292 1
711 62 -1
711 246 1
712 62 -1
712 263 1
713 62 -1
713 152 1
714 62 1
714 82 -1
715 62 1
715 86 -1
716 62 1
716 122 -1
717 62 -1
717 114 1
718 62 -1
718 155 1
719 62 -1
719 154 1
720 62 -1
720 111 1
721 62 -1
721 75 1
722 62 1
722 242 -1
723 62 -1
723 103 1
724 63 1
725 63 -1
725 135 1
726 63 1
726 260 -1
727 63 -1
727 211 1
728 63 -1
728 291 1
729 63 -1
729 130 1
730 63 1
730 297 -1
731 64 1
732 64 1
733 64 1
733 196 -1
734 64 -1
734 106 1
735 64 1
735 249 -1
736 64 -1
736 293 1
737 64 -1
737 208 1
738 65 1
739 65 -1
739 70 1
740 65 -1
740 275 1
741 65 -1
741 80 1
742 65 -1
742 79 1
743 65 1
743 287 -1
744 65 -1
744 278 1
745 65 -1
745 245 1
746 65 -1
746 72 1
747 65 -1
747 131 1
748 65 -1
748 109 1
749 66 1
750 66 1
750 277 -1
751 66 -1
751 81 1
752 66 -1
752 236 1
753 66 -1
753 213 1
754 66 -1
754 118 1
755 66 -1
755 168 1
756 66 -1
756 161 1
757 66 -1
757 224 1
758 66 -1
758 229 1
759 66 1
759 123 -1
760 66 -1
760 253 1
761 67 1
762 67 1
763 67 1
764 67 -1
764 190 1
765 67 -1
765 181 1
766 67 -1
766 161 1
767 67 -1
767 288 1
768 67 -1
768 221 1
769 67 -1
769 189 1
770 68 1
770 90 -1
771 68 -1
771 144 1
772 68 1
772 273 -1
773 68 1
773 200 -1
774 68 1
774 241 -1
775 68 -1
775 127 1
776 68 -1
776 296 1
777 68 1
777 128 -1
778 68 -1
778 101 1
779 68 -1
779 256 1
780 68 -1
780 294 1
781 68 -1
781 150 1
782 68 -1
782 262 1
783 68 -1
783 142 1
784 68 1
784 203 -1
785 69 -1
785 239 1
786 69 -1
786 276 1
787 69 -1
787 84 1
788 69 1
788 203 -1
789 69 1
789 194 -1
790 69 1
790 210 -1
791 69 1
791 182 -1
792 69 1
792 218 -1
793 69 1
793 96 -1
794 69 1
794 139 -1
795 69 1
795 238 -1
796 69 1
796 147 -1
797 69 1
797 269 -1
798 70 1
799 70 -1
799 80 1
800 70 1
800 275 -1
801 70 -1
801 79 1
802 70 -1
802 262 1
803 70 1
803 295 -1
804 70 -1
804 245 1
805 70 1
805 137 -1
806 70 1
806 248 -1
807 70 -1
807 122 1
808 71 1
809 71 1
810 71 -1
810 125 1
811 71 -1
811 202 1
812 71 -1
812 115 1
813 71 -1
813 216 1
814 71 -1
814 175 1
815 71 -1
815 244 1
816 72 1
817 72 -1
817 278 1
818 72 -1
818 162 1
819 72 -1
819 264 1
820 72 -1
820 281 1
821 72 -1
821 99 1
822 72 1
822 151 -1
823 72 -1
823 287 1
824 72 -1
824 183 1
825 72 1
825 79 -1
826 72 -1
826 245 1
827 72 1
827 194 -1
828 72 1
828 269 -1
829 73 -1
829 114 1
830 73 1
830 91 -1
831 73 1
831 78 -1
832 73 1
832 154 -1
833 73 -1
833 210 1
834 73 1
834 250 -1
835 73 1
835 131 -1
836 73 1
836 186 -1
837 73 1
837 145 -1
838 73 -1
838 184 1
839 73 1
839 187 -1
840 74 -1
840 75 1
841 74 1
841 174 -1
842 74 -1
842 144 1
843 74 -1
843 76 1
844 74 -1
844 111 1
845 74 -1
845 273 1
846 74 -1
846 81 1
847 74 1
847 229 -1
848 74 1
848 154 -1
849 74 1
849 116 -1
850 74 -1
850 242 1
851 74 -1
851 128 1
852 74 1
852 146 -1
853 74 -1
853 241 1
854 75 1
854 199 -1
855 75 1
855 111 -1
856 75 -1
856 116 1
857 75 1
857 154 -1
858 75 1
858 146 -1
859 75 1
859 273 -1
860 75 1
860 229 -1
861 75 1
861 242 -1
862 76 1
863 76 -1
863 174 1
864 76 -1
864 236 1
865 76 -1
865 81 1
866 76 -1
866 113 1
867 76 1
867 200 -1
868 76 1
868 241 -1
869 77 1
870 77 1
871 77 -1
871 171 1
872 77 -1
872 219 1
873 77 -1
873 173 1
874 77 -1
874 138 1
875 77 -1
875 170 1
876 78 1
877 78 -1
877 91 1
878 78 -1
878 145 1
879 78 -1
879 167 1
880 78 1
880 186 -1
881 78 -1
881 114 1
882 78 -1
882 255 1
883 78 -1
883 184 1
884 78 -1
884 141 1
885 78 1
885 152 -1
886 78 1
886 227 -1
887 79 1
887 248 -1
888 79 -1
888 259 1
889 79 -1
889 92 1
890 79 1
890 194 -1
891 79 -1
891 131 1
892 79 -1
892 287 1
893 79 -1
893 183 1
894 79 -1
894 281 1
895 79 -1
895 262 1
896 79 -1
896 109 1
897 80 1
898 80 -1
898 275 1
899 80 1
899 295 -1
900 80 1
900 197 -1
901 80 1
901 185 -1
902 80 -1
902 137 1
903 81 1
904 81 -1
904 111 1
905 81 -1
905 236 1
906 81 1
906 146 -1
907 81 -1
907 253 1
908 82 1
909 82 -1
909 270 1
910 82 -1
910 242 1
911 82 -1
911 103 1
912 82 1
912 86 -1
913 82 1
913 283 -1
914 82 1
914 201 -1
915 82 -1
915 174 1
916 82 1
916 246 -1
917 82 1
917 290 -1
918 82 1
918 233 -1
919 82 1
919 122 -1
920 82 -1
920 113 1
921 82 1
921 188 -1
922 83 1
923 83 1
924 83 1
924 143 -1
925 83 -1
925 124 1
926 83 -1
926 185 1
927 83 -1
927 140 1
928 83 1
928 275 -1
929 84 -1
929 182 1
930 84 1
930 239 -1
931 84 1
931 198 -1
932 84 1
932 191 -1
933 84 1
933 217 -1
934 84 1
934 147 -1
935 84 1
935 226 -1
936 84 1
936 218 -1
937 84 1
937 234 -1
938 84 -1
938 139 1
939 84 -1
939 240 1
940 85 1
941 85 1
941 191 -1
942 85 1
942 217 -1
943 85 1
943 147 -1
944 85 1
944 198 -1
945 85 1
945 159 -1
946 85 -1
946 87 1
947 85 1
947 175 -1
948 86 1
949 86 1
949 103 -1
950 86 -1
950 155 1
951 86 1
951 270 -1
952 86 1
952 292 -1
953 86 1
953 233 -1
954 86 -1
954 246 1
955 87 1
956 87 1
956 134 -1
957 87 -1
957 286 1
958 87 -1
958 226 1
959 87 -1
959 240 1
960 87 -1
960 244 1
961 87 -1
961 164 1
962 87 -1
962 234 1
963 87 1
963 204 -1
964 87 -1
964 178 1
965 87 -1
965 198 1
966 87 -1
966 218 1
967 87 -1
967 217 1
968 87 -1
968 216 1
969 87 -1
969 175 1
970 88 1
971 88 1
972 88 1
972 93 -1
973 88 1
973 211 -1
974 88 1
974 113 -1
975 88 -1
975 236 1
976 88 -1
976 200 1
977 88 -1
977 188 1
978 88 1
978 283 -1
979 88 -1
979 94 1
980 89 1
980 279 -1
981 89 -1
981 299 1
982 89 -1
982 214 1
983 89 -1
983 258 1
984 89 -1
984 121 1
985 89 -1
985 153 1
986 89 -1
986 230 1
987 89 1
987 235 -1
988 89 1
988 261 -1
989 89 -1
989 247 1
990 89 1
990 272 -1
991 89 1
991 238 -1
992 90 1
992 241 -1
993 90 -1
993 144 1
994 90 -1
994 200 1
995 90 1
995 126 -1
996 90 1
996 296 -1
997 90 1
997 127 -1
998 90 -1
998 209 1
999 90 -1
999 128 1
1000 90 -1
1000 297 1
1001 90 -1
1001 265 1
1002 90 -1
1002 142 1
1003 90 -1
1003 203 1
1004 91 1
1005 91 -1
1005 163 1
1006 91 -1
1006 167 1
1007 91 1
1007 133 -1
1008 91 1
1008 186 -1
1009 91 -1
1009 210 1
1010 91 1
1010 96 -1
1011 91 1
1011 226 -1
1012 91 1
1012 240 -1
1013 91 1
1013 239 -1
1014 92 -1
1014 259 1
1015 92 1
1015 163 -1
1016 92 1
1016 186 -1
1017 92 -1
1017 167 1
1018 92 -1
1018 131 1
1019 92 1
1019 287 -1
1020 92 -1
1020 172 1
1021 92 1
1021 281 -1
1022 92 -1
1022 119 1
1023 92 1
1023 109 -1
1024 93 1
1025 93 1
1026 93 1
1026 98 -1
1027 93 1
1027 157 -1
1028 93 1
1028 118 -1
1029 93 -1
1029 113 1
1030 93 -1
1030 236 1
1031 93 -1
1031 94 1
1032 93 -1
1032 200 1
1033 94 1
1034 94 -1
1034 241 1
1035 94 1
1035 157 -1
1036 94 1
1036 180 -1
1037 94 1
1037 297 -1
1038 94 1
1038 168 -1
1039 94 1
1039 277 -1
1040 94 -1
1040 126 1
1041 94 -1
1041 98 1
1042 94 -1
1042 274 1
1043 94 -1
1043 200 1
1044 94 -1
1044 211 1
1045 95 1
1046 95 1
1047 95 -1
1047 291 1
1048 95 1
1048 135 -1
1049 95 1
1049 280 -1
1050 95 -1
1050 237 1
1051 96 -1
1051 267 1
1052 96 -1
1052 183 1
1053 96 1
1053 222 -1
1054 96 -1
1054 172 1
1055 96 -1
1055 163 1
1056 96 -1
1056 240 1
1057 96 1
1057 210 -1
1058 96 1
1058 239 -1
1059 96 1
1059 194 -1
1060 96 1
1060 269 -1
1061 97 1
1061 160 -1
1062 97 1
1062 220 -1
1063 97 1
1063 228 -1
1064 97 -1
1064 142 1
1065 97 1
1065 137 -1
1066 97 1
1066 205 -1
1067 97 -1
1067 285 1
1068 97 -1
1068 158 1
1069 97 -1
1069 298 1
1070 97 -1
1070 231 1
1071 97 -1
1071 296 1
1072 97 -1
1072 140 1
1073 97 -1
1073 280 1
1074 97 -1
1074 135 1
1075 97 -1
1075 245 1
1076 97 -1
1076 237 1
1077 98 1
1078 98 1
1079 98 -1
1079 157 1
1080 98 -1
1080 177 1
1081 98 -1
1081 118 1
1082 99 1
1083 99 1
1084 99 1
1084 162 -1
1085 99 1
1085 117 -1
1086 99 -1
1086 281 1
1087 99 1
1087 278 -1
1088 99 -1
1088 264 1
1089 99 -1
1089 183 1
1090 99 -1
1090 172 1
1091 99 -1
1091 119 1
1092 100 1
1093 100 -1
1093 280 1
1094 101 -1
1094 294 1
1095 101 -1
1095 150 1
1096 101 -1
1096 276 1
1097 101 -1
1097 203 1
1098 101 -1
1098 273 1
1099 101 1
1099 142 -1
1100 101 -1
1100 194 1
1101 101 -1
1101 210 1
1102 101 -1
1102 154 1
1103 102 1
1104 102 -1
1104 209 1
1105 102 -1
1105 126 1
1106 102 1
1106 165 -1
1107 102 1
1107 160 -1
1108 102 -1
1108 298 1
1109 102 -1
1109 285 1
1110 102 1
1110 297 -1
1111 102 1
1111 289 -1
1112 102 1
1112 104 -1
1113 102 1
1113 274 -1
1114 103 1
1115 103 1
1116 103 -1
1116 270 1
1117 103 1
1117 155 -1
1118 104 1
1119 104 1
1119 274 -1
1120 104 -1
1120 289 1
1121 104 1
1121 206 -1
1122 104 -1
1122 189 1
1123 104 -1
1123 180 1
1124 104 -1
1124 258 1
1125 104 -1
1125 110 1
1126 104 -1
1126 126 1
1127 104 -1
1127 209 1
1128 104 -1
1128 288 1
1129 104 -1
1129 149 1
1130 104 -1
1130 299 1
1131 104 1
1131 108 -1
1132 105 1
1133 105 -1
1133 216 1
1134 105 -1
1134 222 1
1135 105 -1
1135 218 1
1136 105 -1
1136 193 1
1137 105 1
1137 267 -1
1138 105 1
1138 195 -1
1139 105 1
1139 293 -1
1140 105 1
1140 208 -1
1141 105 1
1141 129 -1
1142 106 1
1143 106 -1
1143 196 1
1144 106 -1
1144 159 1
1145 106 1
1145 153 -1
1146 106 1
1146 249 -1
1147 106 -1
1147 293 1
1148 106 -1
1148 208 1
1149 107 1
1150 107 1
1150 221 -1
1151 107 -1
1151 207 1
1152 107 1
1152 288 -1
1153 107 1
1153 110 -1
1154 107 -1
1154 108 1
1155 107 -1
1155 268 1
1156 107 -1
1156 159 1
1157 108 -1
1157 166 1
1158 108 1
1158 147 -1
1159 108 1
1159 265 -1
1160 108 -1
1160 299 1
1161 108 -1
1161 139 1
1162 108 1
1162 252 -1
1163 108 1
1163 149 -1
1164 108 1
1164 215 -1
1165 108 1
1165 128 -1
1166 108 1
1166 288 -1
1167 108 1
1167 180 -1
1168 108 -1
1168 207 1
1169 108 -1
1169 110 1
1170 108 1
1170 209 -1
1171 109 1
1172 109 1
1173 109 1
1173 287 -1
1174 109 1
1174 162 -1
1175 109 -1
1175 117 1
1176 109 -1
1176 186 1
1177 109 -1
1177 167 1
1178 109 -1
1178 131 1
1179 110 1
1180 110 1
1181 110 1
1181 206 -1
1182 110 -1
1182 258 1
1183 110 -1
1183 212 1
1184 110 -1
1184 221 1
1185 110 -1
1185 289 1
1186 110 -1
1186 299 1
1187 110 1
1187 112 -1
1188 110 -1
1188 268 1
1189 110 1
1189 288 -1
1190 110 1
1190 149 -1
1191 111 1
1192 111 -1
1192 199 1
1193 111 -1
1193 146 1
1194 111 -1
1194 253 1
1195 111 1
1195 242 -1
1196 111 -1
1196 152 1
1197 112 1
1198 112 -1
1198 289 1
1199 112 -1
1199 279 1
1200 112 -1
1200 258 1
1201 112 1
1201 214 -1
1202 112 -1
1202 165 1
1203 112 -1
1203 230 1
1204 112 -1
1204 212 1
1205 112 -1
1205 206 1
1206 112 -1
1206 176 1
1207 113 1
1208 113 1
1208 236 -1
1209 113 1
1209 174 -1
1210 113 -1
1210 118 1
1211 113 -1
1211 200 1
1212 113 1
1212 283 -1
1213 113 -1
1213 188 1
1214 114 1
1214 250 -1
1215 114 1
1215 154 -1
1216 114 1
1216 152 -1
1217 114 1
1217 184 -1
1218 114 1
1218 251 -1
1219 114 -1
1219 227 1
1220 114 1
1220 187 -1
1221 114 -1
1221 255 1
1222 114 1
1222 145 -1
1223 114 1
1223 131 -1
1224 114 1
1224 122 -1
1225 115 1
1226 115 1
1227 115 -1
1227 193 1
1228 115 -1
1228 125 1
1229 115 -1
1229 195 1
1230 115 -1
1230 202 1
1231 115 -1
1231 216 1
1232 115 -1
1232 175 1
1233 116 -1
1233 146 1
1234 116 -1
1234 250 1
1235 116 1
1235 199 -1
1236 116 1
1236 154 -1
1237 116 1
1237 192 -1
1238 116 1
1238 273 -1
1239 116 1
1239 229 -1
1240 116 1
1240 171 -1
1241 116 -1
1241 234 1
1242 117 1
1243 117 1
1244 117 1
1245 117 1
1245 162 -1
1246 117 -1
1246 281 1
1247 118 1
1248 118 1
1248 177 -1
1249 118 1
1249 157 -1
1250 118 1
1250 236 -1
1251 118 -1
1251 277 1
1252 119 1
1253 119 1
1254 119 -1
1254 172 1
1255 119 1
1255 163 -1
1256 119 1
1256 281 -1
1257 119 -1
1257 167 1
1258 120 -1
1258 219 1
1259 120 -1
1259 138 1
1260 120 1
1260 192 -1
1261 120 1
1261 171 -1
1262 120 -1
1262 215 1
1263 120 -1
1263 146 1
1264 120 1
1264 229 -1
1265 120 -1
1265 156 1
1266 120 -1
1266 123 1
1267 120 -1
1267 252 1
1268 121 -1
1268 299 1
1269 121 1
1269 159 -1
1270 121 1
1270 166 -1
1271 121 -1
1271 147 1
1272 121 1
1272 238 -1
1273 121 1
1273 153 -1
1274 121 1
1274 293 -1
1275 121 -1
1275 235 1
1276 122 -1
1276 246 1
1277 122 -1
1277 233 1
1278 122 -1
1278 131 1
1279 122 -1
1279 251 1
1280 122 -1
1280 187 1
1281 122 1
1281 262 -1
1282 122 -1
1282 154 1
1283 122 1
1283 242 -1
1284 122 -1
1284 290 1
1285 122 1
1285 201 -1
1286 123 1
1287 123 1
1288 123 -1
1288 224 1
1289 123 -1
1289 225 1
1290 123 -1
1290 181 1
1291 123 1
1291 156 -1
1292 123 -1
1292 149 1
1293 123 1
1293 252 -1
1294 123 -1
1294 229 1
1295 123 -1
1295 253 1
1296 124 1
1297 124 -1
1297 185 1
1298 124 1
1298 266 -1
1299 124 -1
1299 143 1
1300 124 -1
1300 158 1
1301 124 -1
1301 275 1
1302 125 1
1303 125 1
1304 125 1
1304 202 -1
1305 126 1
1306 126 -1
1306 209 1
1307 126 1
1307 297 -1
1308 126 1
1308 241 -1
1309 126 -1
1309 180 1
1310 126 1
1310 289 -1
1311 126 -1
1311 274 1
1312 127 -1
1312 256 1
1313 127 -1
1313 283 1
1314 127 -1
1314 200 1
1315 127 -1
1315 260 1
1316 127 -1
1316 296 1
1317 127 -1
1317 135 1
1318 127 1
1318 144 -1
1319 127 -1
1319 179 1
1320 127 1
1320 290 -1
1321 127 1
1321 262 -1
1322 128 1
1322 252 -1
1323 128 1
1323 229 -1
1324 128 1
1324 265 -1
1325 128 1
1325 168 -1
1326 128 1
1326 241 -1
1327 128 -1
1327 213 1
1328 128 1
1328 180 -1
1329 128 1
1329 144 -1
1330 128 -1
1330 166 1
1331 128 1
1331 209 -1
1332 129 1
1333 129 1
1333 232 -1
1334 129 1
1334 136 -1
1335 129 1
1335 222 -1
1336 129 1
1336 293 -1
1337 130 1
1338 130 -1
1338 179 1
1339 130 -1
1339 223 1
1340 130 -1
1340 291 1
1341 130 -1
1341 260 1
1342 130 -1
1342 211 1
1343 130 -1
1343 188 1
1344 130 1
1344 135 -1
1345 131 1
1346 131 -1
1346 186 1
1347 131 -1
1347 187 1
1348 131 -1
1348 246 1
1349 131 -1
1349 251 1
1350 131 -1
1350 233 1
1351 131 -1
1351 154 1
1352 132 1
1353 132 -1
1353 215 1
1354 132 -1
1354 138 1
1355 132 1
1355 169 -1
1356 132 -1
1356 254 1
1357 132 -1
1357 192 1
1358 132 -1
1358 198 1
1359 132 -1
1359 234 1
1360 133 1
1361 133 1
1361 204 -1
1362 133 1
1362 226 -1
1363 133 -1
1363 286 1
1364 133 1
1364 243 -1
1365 133 1
1365 255 -1
1366 133 -1
1366 234 1
1367 133 -1
1367 240 1
1368 134 1
1369 134 -1
1369 286 1
1370 134 -1
1370 244 1
1371 134 -1
1371 204 1
1372 134 -1
1372 178 1
1373 134 1
1373 164 -1
1374 135 1
1375 135 -1
1375 291 1
1376 135 1
1376 296 -1
1377 135 1
1377 260 -1
1378 135 -1
1378 297 1
1379 135 -1
1379 280 1
1380 135 -1
1380 179 1
1381 135 -1
1381 237 1
1382 135 -1
1382 160 1
1383 135 -1
1383 298 1
1384 136 1
1385 136 -1
1385 232 1
1386 136 -1
1386 151 1
1387 136 1
1387 269 -1
1388 136 1
1388 222 -1
1389 136 1
1389 293 -1
1390 136 -1
1390 235 1
1391 136 -1
1391 183 1
1392 136 -1
1392 231 1
1393 136 -1
1393 271 1
1394 137 -1
1394 142 1
1395 137 -1
1395 295 1
1396 137 -1
1396 148 1
1397 137 -1
1397 262 1
1398 137 1
1398 245 -1
1399 137 1
1399 294 -1
1400 137 -1
1400 220 1
1401 137 1
1401 197 -1
1402 137 1
1402 158 -1
1403 137 1
1403 237 -1
1404 137 1
1404 231 -1
1405 138 1
1406 138 -1
1406 254 1
1407 138 -1
1407 219 1
1408 138 1
1408 169 -1
1409 138 1
1409 215 -1
1410 138 -1
1410 192 1
1411 139 1
1411 265 -1
1412 139 1
1412 192 -1
1413 139 -1
1413 147 1
1414 139 1
1414 166 -1
1415 139 -1
1415 150 1
1416 139 -1
1416 239 1
1417 139 -1
1417 203 1
1418 139 -1
1418 215 1
1419 140 1
1420 140 1
1420 231 -1
1421 140 -1
1421 158 1
1422 140 -1
1422 143 1
1423 140 1
1423 228 -1
1424 140 1
1424 245 -1
1425 141 1
1426 141 1
1427 141 -1
1427 184 1
1428 141 -1
1428 187 1
1429 141 -1
1429 145 1
1430 141 -1
1430 152 1
1431 141 -1
1431 263 1
1432 142 -1
1432 148 1
1433 142 -1
1433 220 1
1434 142 -1
1434 203 1
1435 142 -1
1435 294 1
1436 142 -1
1436 262 1
1437 142 -1
1437 160 1
1438 143 1
1439 143 -1
1439 266 1
1440 143 1
1440 158 -1
1441 143 1
1441 295 -1
1442 143 -1
1442 231 1
1443 143 1
1443 245 -1
1444 143 1
1444 151 -1
1445 144 1
1445 273 -1
1446 144 1
1446 174 -1
1447 144 -1
1447 242 1
1448 144 1
1448 200 -1
1449 144 -1
1449 256 1
1450 144 -1
1450 154 1
1451 144 -1
1451 241 1
1452 144 -1
1452 262 1
1453 145 1
1454 145 -1
1454 187 1
1455 145 -1
1455 186 1
1456 145 -1
1456 184 1
1457 146 -1
1457 253 1
1458 146 -1
1458 199 1
1459 146 1
1459 250 -1
1460 146 -1
1460 192 1
1461 146 -1
1461 171 1
1462 146 -1
1462 229 1
1463 147 1
1463 166 -1
1464 147 1
1464 191 -1
1465 147 -1
1465 238 1
1466 147 -1
1466 182 1
1467 147 -1
1467 215 1
1468 147 -1
1468 239 1
1469 147 -1
1469 203 1
1470 148 1
1470 294 -1
1471 148 1
1471 276 -1
1472 148 1
1472 194 -1
1473 148 1
1473 245 -1
1474 148 -1
1474 269 1
1475 148 1
1475 203 -1
1476 148 -1
1476 220 1
1477 148 1
1477 262 -1
1478 149 -1
1478 252 1
1479 149 1
1479 213 -1
1480 149 -1
1480 288 1
1481 149 -1
1481 168 1
1482 149 -1
1482 180 1
1483 149 -1
1483 156 1
1484 149 1
1484 207 -1
1485 149 1
1485 215 -1
1486 150 -1
1486 203 1
1487 150 -1
1487 276 1
1488 150 -1
1488 273 1
1489 151 1
1490 151 1
1490 264 -1
1491 151 -1
1491 269 1
1492 151 -1
1492 245 1
1493 151 1
1493 183 -1
1494 151 -1
1494 231 1
1495 152 1
1496 152 1
1497 152 1
1497 184 -1
1498 152 -1
1498 251 1
1499 152 -1
1499 227 1
1500 152 -1
1500 199 1
1501 152 -1
1501 250 1
1502 153 1
1502 212 -1
1503 153 1
1503 268 -1
1504 153 -1
1504 247 1
1505 153 -1
1505 258 1
1506 153 -1
1506 159 1
1507 153 1
1507 249 -1
1508 153 -1
1508 299 1
1509 153 1
1509 279 -1
1510 153 1
1510 214 -1
1511 154 -1
1511 273 1
1512 154 1
1512 294 -1
1513 154 1
1513 242 -1
1514 154 1
1514 262 -1
1515 154 -1
1515 251 1
1516 154 1
1516 210 -1
1517 155 1
1518 155 1
1519 155 -1
1519 263 1
1520 155 -1
1520 292 1
1521 156 1
1522 156 -1
1522 207 1
1523 156 -1
1523 288 1
1524 156 -1
1524 225 1
1525 156 -1
1525 221 1
1526 156 1
1526 181 -1
1527 156 -1
1527 213 1
1528 156 -1
1528 252 1
1529 156 1
1529 215 -1
1530 156 -1
1530 229 1
1531 157 1
1532 157 -1
1532 177 1
1533 157 1
1533 277 -1
1534 157 1
1534 236 -1
1535 157 1
1535 241 -1
1536 157 1
1536 200 -1
1537 158 1
1537 266 -1
1538 158 -1
1538 231 1
1539 158 -1
1539 295 1
1540 158 1
1540 228 -1
1541 158 1
1541 245 -1
1542 159 1
1543 159 1
1543 268 -1
1544 159 1
1544 238 -1
1545 159 -1
1545 293 1
1546 159 -1
1546 208 1
1547 160 1
1547 298 -1
1548 160 1
1548 285 -1
1549 160 1
1549 209 -1
1550 160 -1
1550 165 1
1551 160 -1
1551 296 1
1552 160 -1
1552 205 1
1553 160 -1
1553 280 1
1554 161 1
1555 161 -1
1555 225 1
1556 161 -1
1556 224 1
1557 161 -1
1557 181 1
1558 161 -1
1558 213 1
1559 161 -1
1559 190 1
1560 161 1
1560 288 -1
1561 162 1
1562 162 1
1562 278 -1
1563 162 -1
1563 287 1
1564 162 -1
1564 281 1
1565 163 1
1566 163 -1
1566 167 1
1567 163 1
1567 259 -1
1568 163 -1
1568 172 1
1569 163 -1
1569 210 1
1570 163 -1
1570 186 1
1571 163 -1
1571 183 1
1572 164 1
1573 164 -1
1573 178 1
1574 164 -1
1574 282 1
1575 164 -1
1575 243 1
1576 164 1
1576 234 -1
1577 164 1
1577 204 -1
1578 164 1
1578 226 -1
1579 164 -1
1579 169 1
1580 164 -1
1580 198 1
1581 164 -1
1581 254 1
1582 164 -1
1582 244 1
1583 165 1
1584 165 -1
1584 214 1
1585 165 -1
1585 285 1
1586 165 1
1586 279 -1
1587 165 -1
1587 230 1
1588 165 -1
1588 298 1
1589 165 1
1589 209 -1
1590 165 1
1590 289 -1
1591 166 -1
1591 299 1
1592 166 -1
1592 265 1
1593 166 1
1593 238 -1
1594 166 -1
1594 209 1
1595 166 1
1595 203 -1
1596 166 1
1596 180 -1
1597 167 1
1598 167 1
1598 186 -1
1599 168 1
1599 277 -1
1600 168 -1
1600 241 1
1601 168 1
1601 213 -1
1602 168 -1
1602 180 1
1603 168 -1
1603 252 1
1604 168 -1
1604 229 1
1605 168 -1
1605 236 1
1606 169 1
1607 169 -1
1607 254 1
1608 169 1
1608 282 -1
1609 169 1
1609 234 -1
1610 169 1
1610 198 -1
1611 170 1
1612 170 1
1613 170 1
1614 170 -1
1614 284 1
1615 170 -1
1615 243 1
1616 170 -1
1616 255 1
1617 170 -1
1617 173 1
1618 170 1
1618 171 -1
1619 171 1
1620 171 -1
1620 219 1
1621 171 -1
1621 173 1
1622 171 -1
1622 254 1
1623 171 -1
1623 253 1
1624 171 1
1624 192 -1
1625 171 1
1625 255 -1
1626 171 1
1626 234 -1
1627 172 1
1627 183 -1
1628 172 -1
1628 281 1
1629 172 -1
1629 267 1
1630 172 -1
1630 259 1
1631 172 1
1631 264 -1
1632 173 1
1632 254 -1
1633 173 -1
1633 219 1
1634 173 1
1634 243 -1
1635 173 1
1635 234 -1
1636 173 -1
1636 255 1
1637 174 -1
1637 242 1
1638 174 1
1638 236 -1
1639 174 1
1639 200 -1
1640 174 -1
1640 283 1
1641 174 -1
1641 241 1
1642 175 1
1643 175 1
1643 208 -1
1644 175 1
1644 195 -1
1645 175 1
1645 216 -1
1646 175 1
1646 217 -1
1647 175 1
1647 244 -1
1648 176 1
1649 176 1
1650 176 1
1650 247 -1
1651 176 -1
1651 272 1
1652 176 1
1652 230 -1
1653 176 -1
1653 249 1
1654 176 -1
1654 214 1
1655 176 1
1655 212 -1
1656 177 1
1657 177 1
1658 178 1
1659 178 -1
1659 282 1
1660 178 1
1660 204 -1
1661 178 -1
1661 243 1
1662 178 -1
1662 244 1
1663 179 -1
1663 223 1
1664 179 -1
1664 260 1
1665 179 -1
1665 291 1
1666 179 1
1666 188 -1
1667 179 -1
1667 256 1
1668 179 1
1668 283 -1
1669 179 -1
1669 201 1
1670 179 1
1670 290 -1
1671 179 1
1671 197 -1
1672 179 1
1672 270 -1
1673 180 1
1673 277 -1
1674 180 -1
1674 213 1
1675 180 1
1675 274 -1
1676 180 -1
1676 241 1
1677 180 1
1677 252 -1
1678 180 -1
1678 288 1
1679 180 1
1679 209 -1
1680 180 -1
1680 189 1
1681 180 -1
1681 299 1
1682 181 1
1683 181 1
1684 181 -1
1684 225 1
1685 181 -1
1685 224 1
1686 181 -1
1686 190 1
1687 181 -1
1687 288 1
1688 181 -1
1688 221 1
1689 182 1
1689 238 -1
1690 182 -1
1690 217 1
1691 182 -1
1691 191 1
1692 182 -1
1692 218 1
1693 182 -1
1693 293 1
1694 183 -1
1694 259 1
1695 183 1
1695 281 -1
1696 183 -1
1696 267 1
1697 183 1
1697 210 -1
1698 183 -1
1698 248 1
1699 183 -1
1699 194 1
1700 183 -1
1700 222 1
1701 183 -1
1701 269 1
1702 183 -1
1702 264 1
1703 184 1
1703 251 -1
1704 184 1
1704 187 -1
1705 185 1
1706 185 -1
1706 266 1
1707 185 1
1707 295 -1
1708 185 1
1708 275 -1
1709 185 -1
1709 237 1
1710 185 -1
1710 197 1
1711 186 1
1712 187 1
1713 187 1
1714 187 -1
1714 251 1
1715 187 -1
1715 246 1
1716 187 -1
1716 233 1
1717 188 1
1718 188 1
1719 188 1
1720 188 -1
1720 223 1
1721 188 -1
1721 211 1
1722 188 1
1722 260 -1
1723 188 -1
1723 283 1
1724 188 -1
1724 270 1
1725 189 1
1726 189 1
1727 189 -1
1727 206 1
1728 189 1
1728 274 -1
1729 189 1
1729 221 -1
1730 189 -1
1730 288 1
1731 190 1
1732 190 1
1733 191 -1
1733 217 1
1734 191 1
1734 238 -1
1735 191 1
1735 198 -1
1736 192 -1
1736 215 1
1737 192 -1
1737 229 1
1738 192 1
1738 265 -1
1739 192 1
1739 219 -1
1740 192 1
1740 252 -1
1741 192 1
1741 254 -1
1742 192 1
1742 234 -1
1743 193 1
1744 193 1
1745 193 1
1746 193 -1
1746 195 1
1747 193 1
1747 216 -1
1748 193 -1
1748 202 1
1749 194 -1
1749 248 1
1750 194 -1
1750 210 1
1751 194 -1
1751 276 1
1752 194 -1
1752 269 1
1753 194 1
1753 294 -1
1754 195 1
1755 195 1
1756 195 -1
1756 208 1
1757 195 -1
1757 216 1
1758 195 -1
1758 293 1
1759 196 1
1760 196 -1
1760 293 1
1761 196 -1
1761 249 1
1762 196 -1
1762 235 1
1763 196 -1
1763 208 1
1764 196 -1
1764 232 1
1765 197 1
1766 197 -1
1766 237 1
1767 197 1
1767 290 -1
1768 197 -1
1768 295 1
1769 197 -1
1769 266 1
1770 198 1
1771 198 -1
1771 234 1
1772 198 -1
1772 226 1
1773 198 1
1773 217 -1
1774 198 1
1774 240 -1
1775 198 1
1775 218 -1
1776 199 1
1777 199 -1
1777 250 1
1778 199 -1
1778 253 1
1779 199 -1
1779 227 1
1780 200 -1
1780 256 1
1781 200 -1
1781 283 1
1782 200 -1
1782 241 1
1783 200 -1
1783 236 1
1784 200 1
1784 242 -1
1785 200 -1
1785 211 1
1786 201 1
1787 201 -1
1787 290 1
1788 201 1
1788 270 -1
1789 201 -1
1789 223 1
1790 201 1
1790 256 -1
1791 201 1
1791 242 -1
1792 201 1
1792 283 -1
1793 201 1
1793 233 -1
1794 201 -1
1794 246 1
1795 202 1
1796 202 1
1797 202 1
1798 202 -1
1798 216 1
1799 203 1
1799 276 -1
1800 203 -1
1800 294 1
1801 203 -1
1801 239 1
1802 203 -1
1802 269 1
1803 203 1
1803 220 -1
1804 203 1
1804 265 -1
1805 203 -1
1805 238 1
1806 204 1
1807 204 -1
1807 286 1
1808 204 1
1808 243 -1
1809 204 1
1809 226 -1
1810 204 1
1810 234 -1
1811 204 -1
1811 255 1
1812 205 1
1813 205 1
1814 205 -1
1814 228 1
1815 205 -1
1815 271 1
1816 205 -1
1816 261 1
1817 205 -1
1817 298 1
1818 205 -1
1818 285 1
1819 205 1
1819 230 -1
1820 206 1
1821 206 1
1822 206 -1
1822 289 1
1823 206 -1
1823 221 1
1824 206 -1
1824 258 1
1825 206 -1
1825 288 1
1826 207 1
1827 207 -1
1827 221 1
1828 207 -1
1828 288 1
1829 207 -1
1829 215 1
1830 208 1
1831 208 1
1832 208 -1
1832 216 1
1833 208 1
1833 293 -1
1834 208 -1
1834 217 1
1835 209 -1
1835 296 1
1836 209 1
1836 289 -1
1837 209 1
1837 279 -1
1838 209 -1
1838 241 1
1839 209 1
1839 299 -1
1840 209 1
1840 265 -1
1841 210 -1
1841 248 1
1842 210 1
1842 259 -1
1843 210 1
1843 276 -1
1844 210 1
1844 239 -1
1845 210 1
1845 294 -1
1846 211 1
1847 211 -1
1847 260 1
1848 211 -1
1848 283 1
1849 211 1
1849 297 -1
1850 212 1
1851 212 1
1852 212 1
1852 258 -1
1853 212 1
1853 268 -1
1854 212 -1
1854 279 1
1855 212 -1
1855 247 1
1856 212 1
1856 249 -1
1857 212 -1
1857 299 1
1858 212 -1
1858 214 1
1859 213 -1
1859 277 1
1860 213 -1
1860 252 1
1861 213 1
1861 225 -1
1862 213 -1
1862 288 1
1863 213 -1
1863 229 1
1864 214 1
1865 214 -1
1865 230 1
1866 214 -1
1866 279 1
1867 214 1
1867 285 -1
1868 214 -1
1868 247 1
1869 214 1
1869 272 -1
1870 215 -1
1870 265 1
1871 215 1
1871 252 -1
1872 216 1
1873 216 -1
1873 218 1
1874 216 1
1874 217 -1
1875 216 1
1875 240 -1
1876 216 -1
1876 267 1
1877 216 1
1877 293 -1
1878 216 1
1878 244 -1
1879 217 -1
1879 238 1
1880 217 -1
1880 218 1
1881 217 -1
1881 293 1
1882 218 1
1882 240 -1
1883 218 -1
1883 239 1
1884 218 1
1884 293 -1
1885 219 1
1885 254 -1
1886 220 -1
1886 231 1
1887 220 -1
1887 269 1
1888 220 -1
1888 245 1
1889 220 1
1889 285 -1
1890 220 -1
1890 228 1
1891 220 1
1891 235 -1
1892 220 1
1892 261 -1
1893 220 -1
1893 238 1
1894 221 1
1895 221 1
1895 288 -1
1896 222 -1
1896 267 1
1897 222 1
1897 293 -1
1898 222 1
1898 269 -1
1899 222 -1
1899 238 1
1900 223 1
1901 223 1
1902 223 -1
1902 290 1
1903 223 -1
1903 270 1
1904 224 1
1905 224 1
1905 225 -1
1906 225 -1
1906 288 1
1907 226 1
1907 234 -1
1908 226 -1
1908 240 1
1909 226 1
1909 286 -1
1910 226 1
1910 239 -1
1911 227 1
1912 227 1
1913 227 -1
1913 250 1
1914 227 1
1914 255 -1
1915 227 -1
1915 253 1
1916 228 1
1917 228 -1
1917 271 1
1918 228 1
1918 231 -1
1919 228 1
1919 261 -1
1920 228 1
1920 235 -1
1921 228 -1
1921 285 1
1922 229 1
1922 252 -1
1923 229 -1
1923 265 1
1924 229 1
1924 253 -1
1925 230 1
1926 230 1
1926 272 -1
1927 230 -1
1927 298 1
1928 230 1
1928 285 -1
1929 230 -1
1929 261 1
1930 230 -1
1930 257 1
1931 230 -1
1931 271 1
1932 231 1
1933 231 1
1933 245 -1
1934 231 -1
1934 271 1
1935 231 -1
1935 269 1
1936 231 1
1936 235 -1
1937 232 1
1938 232 -1
1938 293 1
1939 232 -1
1939 235 1
1940 233 1
1941 233 1
1941 246 -1
1942 233 -1
1942 292 1
1943 233 -1
1943 270 1
1944 233 -1
1944 290 1
1945 234 1
1945 243 -1
1946 234 1
1946 254 -1
1947 235 1
1948 235 -1
1948 261 1
1949 235 -1
1949 257 1
1950 235 -1
1950 271 1
1951 235 -1
1951 285 1
1952 235 1
1952 293 -1
1953 235 -1
1953 269 1
1954 235 1
1954 238 -1
1955 236 1
1956 236 -1
1956 241 1
1957 236 1
1957 277 -1
1958 237 1
1959 237 1
1959 280 -1
1960 237 1
1960 266 -1
1961 237 1
1961 295 -1
1962 238 -1
1962 293 1
1963 238 1
1963 269 -1
1964 239 1
1964 240 -1
1965 240 1
1966 240 -1
1966 286 1
1967 240 1
1967 267 -1
1968 241 -1
1968 277 1
1969 241 1
1969 297 -1
1970 242 -1
1970 283 1
1971 242 -1
1971 256 1
1972 242 -1
1972 273 1
1973 242 -1
1973 262 1
1974 242 1
1974 290 -1
1975 242 1
1975 246 -1
1976 243 1
1977 243 -1
1977 282 1
1978 243 -1
1978 284 1
1979 243 1
1979 255 -1
1980 243 1
1980 254 -1
1981 244 1
1982 244 1
1983 244 1
1983 286 -1
1984 245 1
1984 295 -1
1985 245 1
1985 275 -1
1986 246 -1
1986 292 1
1987 246 -1
1987 251 1
1988 247 1
1989 247 -1
1989 272 1
1990 247 -1
1990 249 1
1991 248 -1
1991 259 1
1992 248 1
1992 294 -1
1993 248 1
1993 262 -1
1994 249 1
1995 249 1
1996 249 1
1997 251 1
1997 292 -1
1998 251 -1
1998 263 1
1999 252 -1
1999 265 1
2000 253 1
2001 255 1
2002 256 -1
2002 283 1
2003 256 -1
2003 260 1
2004 256 1
2004 290 -1
2005 256 1
2005 262 -1
2006 257 1
2007 257 -1
2007 261 1
2008 257 -1
2008 272 1
2009 257 -1
2009 271 1
2010 258 -1
2010 279 1
2011 258 1
2011 289 -1
2012 258 -1
2012 299 1
2013 259 1
2013 287 -1
2014 259 1
2014 281 -1
2015 260 1
2015 283 -1
2016 261 1
2017 261 -1
2017 271 1
2018 261 -1
2018 272 1
2019 261 1
2019 285 -1
2020 262 1
2020 294 -1
2021 262 -1
2021 273 1
2022 262 1
2022 290 -1
2023 263 1
2024 263 1
2025 263 1
2025 292 -1
2026 264 1
2027 266 1
2027 295 -1
2028 266 1
2028 275 -1
2029 268 1
2030 269 -1
2030 276 1
2031 269 -1
2031 293 1
2032 270 1
2033 270 1
2034 270 -1
2034 283 1
2035 271 1
2036 271 1
2037 271 1
2037 272 -1
2038 272 1
2039 272 1
2040 273 -1
2040 294 1
2041 274 1
2042 274 -1
2042 289 1
2043 275 1
2044 275 1
2044 295 -1
2045 276 -1
2045 294 1
2046 278 1
2047 278 -1
2047 287 1
2048 279 -1
2048 289 1
2049 279 -1
2049 299 1
2050 280 1
2051 280 -1
2051 298 1
2052 281 1
2053 281 1
2053 287 -1
2054 282 1
2055 282 1
2055 284 -1
2056 284 1
2057 284 1
2058 285 -1
2058 298 1
2059 286 1
2060 287 1
2061 289 1
2062 289 -1
2062 299 1
2063 290 1
2064 291 1
2065 292 1
2066 293 1
2067 296 1
2067 297 -1
2068 297 1
2069 297 1
2069 298 -1
2070 298 1
