0 0 5
9 0 1
10 0 -1
11 0 -1
12 0 -1
39 0 1
68 0 1
89 0 -1
1 1 5
16 1 -1
17 1 -1
18 1 -1
21 1 -1
2 2 4
5 2 -1
6 2 -1
7 2 -1
19 2 -1
88 2 -1
3 3 5
4 3 1
5 3 1
6 3 1
10 3 -1
11 3 -1
12 3 -1
13 3 -1
3 4 1
4 4 5
6 4 1
7 4 1
13 4 1
17 4 -1
24 4 1
25 4 -1
26 4 -1
2 5 -1
3 5 1
5 5 5
7 5 1
11 5 1
15 5 1
102 5 1
103 5 1
2 6 -1
3 6 1
4 6 1
6 6 5
10 6 1
77 6 1
2 7 -1
4 7 1
5 7 1
7 7 4
81 7 -1
90 7 -1
8 8 5
14 8 -1
59 8 1
72 8 1
76 8 1
83 8 1
0 9 1
9 9 5
11 9 -1
12 9 -1
13 9 -1
71 9 1
89 9 1
0 10 -1
3 10 -1
6 10 1
10 10 5
12 10 1
13 10 1
75 10 1
0 11 -1
3 11 -1
5 11 1
9 11 -1
11 11 5
13 11 1
16 11 1
74 11 -1
0 12 -1
3 12 -1
9 12 -1
10 12 1
12 12 5
39 12 1
50 12 -1
3 13 -1
4 13 1
9 13 -1
10 13 1
11 13 1
13 13 5
16 13 -1
8 14 -1
14 14 5
15 14 1
16 14 1
64 14 -1
73 14 -1
78 14 -1
86 14 1
5 15 1
14 15 1
15 15 5
48 15 1
49 15 1
51 15 -1
1 16 -1
11 16 1
13 16 -1
14 16 1
16 16 5
32 16 1
34 16 -1
1 17 -1
4 17 -1
17 17 5
21 17 -1
29 17 -1
33 17 1
1 18 -1
18 18 4
20 18 1
22 18 1
28 18 -1
30 18 -1
38 18 -1
2 19 -1
19 19 4
20 19 1
21 19 1
24 19 1
26 19 -1
27 19 -1
18 20 1
19 20 1
20 20 5
68 20 1
88 20 -1
89 20 -1
1 21 -1
17 21 -1
19 21 1
21 21 5
33 21 -1
35 21 -1
37 21 -1
40 21 -1
18 22 1
22 22 4
29 22 -1
30 22 -1
99 22 -1
23 23 5
31 23 -1
34 23 -1
79 23 1
92 23 1
100 23 -1
101 23 -1
4 24 1
19 24 1
24 24 4
27 24 -1
98 24 -1
4 25 -1
25 25 4
26 25 1
27 25 1
28 25 -1
29 25 -1
30 25 -1
4 26 -1
19 26 -1
25 26 1
26 26 5
28 26 1
31 26 -1
19 27 -1
24 27 -1
25 27 1
27 27 5
32 27 -1
35 27 1
82 27 1
103 27 1
18 28 -1
25 28 -1
26 28 1
28 28 5
29 28 1
34 28 -1
17 29 -1
22 29 -1
25 29 -1
28 29 1
29 29 5
35 29 -1
36 29 -1
44 29 1
18 30 -1
22 30 -1
25 30 -1
30 30 5
32 30 1
93 30 1
95 30 1
23 31 -1
26 31 -1
31 31 5
33 31 1
66 31 -1
92 31 1
94 31 1
16 32 1
27 32 -1
30 32 1
32 32 5
62 32 1
17 33 1
21 33 -1
31 33 1
33 33 5
36 33 1
43 33 -1
47 33 1
16 34 -1
23 34 -1
28 34 -1
34 34 5
35 34 1
63 34 -1
86 34 -1
101 34 -1
21 35 -1
27 35 1
29 35 -1
34 35 1
35 35 5
36 35 1
48 35 1
49 35 1
52 35 -1
29 36 -1
33 36 1
35 36 1
36 36 5
50 36 1
52 36 1
21 37 -1
37 37 4
39 37 1
42 37 -1
43 37 -1
67 37 -1
18 38 -1
38 38 4
39 38 1
40 38 1
45 38 -1
0 39 1
12 39 1
37 39 1
38 39 1
39 39 5
52 39 -1
88 39 -1
89 39 -1
21 40 -1
38 40 1
40 40 5
46 40 -1
49 40 1
69 40 -1
41 41 5
43 41 1
44 41 1
49 41 1
50 41 1
70 41 -1
37 42 -1
42 42 5
44 42 1
48 42 1
54 42 -1
55 42 -1
56 42 -1
33 43 -1
37 43 -1
41 43 1
43 43 5
51 43 -1
91 43 1
94 43 -1
29 44 1
41 44 1
42 44 1
44 44 4
95 44 -1
38 45 -1
45 45 5
47 45 -1
51 45 -1
93 45 1
96 45 -1
40 46 -1
46 46 5
47 46 1
50 46 -1
58 46 1
60 46 1
33 47 1
45 47 -1
46 47 1
47 47 5
66 47 -1
15 48 1
35 48 1
42 48 1
48 48 5
52 48 -1
63 48 -1
64 48 -1
15 49 1
35 49 1
40 49 1
41 49 1
49 49 5
51 49 -1
73 49 -1
12 50 -1
36 50 1
41 50 1
46 50 -1
50 50 5
71 50 1
75 50 -1
15 51 -1
43 51 -1
45 51 -1
49 51 -1
51 51 5
52 51 1
97 51 -1
35 52 -1
36 52 1
39 52 -1
48 52 -1
51 52 1
52 52 5
87 52 -1
53 53 5
55 53 1
56 53 1
57 53 1
60 53 1
61 53 1
67 53 1
42 54 -1
54 54 4
56 54 1
57 54 1
70 54 -1
83 54 -1
42 55 -1
53 55 1
55 55 5
57 55 1
60 55 -1
64 55 1
80 55 1
42 56 -1
53 56 1
54 56 1
56 56 5
63 56 1
100 56 1
53 57 1
54 57 1
55 57 1
57 57 5
62 57 1
91 57 1
95 57 -1
46 58 1
58 58 5
61 58 1
69 58 1
71 58 -1
8 59 1
59 59 5
64 59 1
65 59 1
76 59 1
81 59 1
85 59 -1
46 60 1
53 60 1
55 60 -1
60 60 5
65 60 -1
75 60 1
53 61 1
58 61 1
61 61 5
62 61 1
63 61 1
74 61 -1
32 62 1
57 62 1
61 62 1
62 62 5
64 62 1
34 63 -1
48 63 -1
56 63 1
61 63 1
63 63 5
101 63 1
102 63 1
14 64 -1
48 64 -1
55 64 1
59 64 1
62 64 1
64 64 5
78 64 1
82 64 1
87 64 -1
59 65 1
60 65 -1
65 65 5
66 65 -1
79 65 1
31 66 -1
47 66 -1
65 66 -1
66 66 5
92 66 -1
96 66 -1
37 67 -1
53 67 1
67 67 4
68 67 1
0 68 1
20 68 1
67 68 1
68 68 5
74 68 1
75 68 -1
88 68 -1
40 69 -1
58 69 1
69 69 4
72 69 -1
89 69 -1
41 70 -1
54 70 -1
70 70 4
71 70 -1
72 70 -1
9 71 1
50 71 1
58 71 -1
70 71 -1
71 71 5
74 71 1
90 71 1
8 72 1
69 72 -1
70 72 -1
72 72 5
73 72 1
76 72 1
81 72 1
83 72 1
14 73 -1
49 73 -1
72 73 1
73 73 5
78 73 1
82 73 1
86 73 -1
11 74 -1
61 74 -1
68 74 1
71 74 1
74 74 5
10 75 1
50 75 -1
60 75 1
68 75 -1
75 75 5
8 76 1
59 76 1
72 76 1
76 76 4
78 76 1
79 76 1
85 76 -1
6 77 1
77 77 4
79 77 1
80 77 1
103 77 -1
14 78 -1
64 78 1
73 78 1
76 78 1
78 78 5
80 78 1
87 78 -1
23 79 1
65 79 1
76 79 1
77 79 1
79 79 5
92 79 1
98 79 -1
99 79 -1
55 80 1
77 80 1
78 80 1
80 80 4
100 80 -1
7 81 -1
59 81 1
72 81 1
81 81 4
82 81 1
83 81 1
85 81 -1
27 82 1
64 82 1
73 82 1
81 82 1
82 82 5
86 82 -1
87 82 -1
102 82 1
8 83 1
54 83 -1
72 83 1
81 83 1
83 83 4
84 83 1
85 83 -1
83 84 1
84 84 5
86 84 1
94 84 1
59 85 -1
76 85 -1
81 85 -1
83 85 -1
85 85 5
87 85 1
89 85 1
90 85 1
14 86 1
34 86 -1
73 86 -1
82 86 -1
84 86 1
86 86 5
87 86 1
97 86 -1
102 86 1
52 87 -1
64 87 -1
78 87 -1
82 87 -1
85 87 1
86 87 1
87 87 5
2 88 -1
20 88 -1
39 88 -1
68 88 -1
88 88 4
0 89 -1
9 89 1
20 89 -1
39 89 -1
69 89 -1
85 89 1
89 89 4
7 90 -1
71 90 1
85 90 1
90 90 4
43 91 1
57 91 1
91 91 4
100 91 -1
23 92 1
31 92 1
66 92 -1
79 92 1
92 92 5
97 92 -1
98 92 -1
101 92 -1
30 93 1
45 93 1
93 93 4
99 93 -1
31 94 1
43 94 -1
84 94 1
94 94 5
95 94 1
96 94 1
97 94 -1
30 95 1
44 95 -1
57 95 -1
94 95 1
95 95 4
96 95 -1
45 96 -1
66 96 -1
94 96 1
95 96 -1
96 96 5
97 96 -1
51 97 -1
86 97 -1
92 97 -1
94 97 -1
96 97 -1
97 97 5
101 97 -1
102 97 -1
24 98 -1
79 98 -1
92 98 -1
98 98 4
99 98 1
100 98 1
103 98 -1
22 99 -1
79 99 -1
93 99 -1
98 99 1
99 99 4
100 99 1
101 99 1
23 100 -1
56 100 1
80 100 -1
91 100 -1
98 100 1
99 100 1
100 100 4
101 100 1
23 101 -1
34 101 -1
63 101 1
92 101 -1
97 101 -1
99 101 1
100 101 1
101 101 5
5 102 1
63 102 1
82 102 1
86 102 1
97 102 -1
102 102 5
5 103 1
27 103 1
77 103 -1
98 103 -1
103 103 4
